sim_id,date,mean_infected_true,mean_infected_abc,mean_infected_lstm,q025_true,q025_abc,q025_lstm,q975_true,q975_abc,q975_lstm,bias_abc,bias_lstm,abs_bias_abc,abs_bias_lstm,coverage_abc,coverage_lstm
1,0,77,77,77,77,77,77,77,77,77,0,0,0,0,TRUE,TRUE
1,1,107,97,98,107,97,98,107,97,98,-10,-9,10,9,FALSE,FALSE
1,2,140,124,128,140,124,128,140,124,128,-16,-12,16,12,FALSE,FALSE
1,3,186,158,174,186,158,174,186,158,174,-28,-12,28,12,FALSE,FALSE
1,4,243,201,235,243,201,235,243,201,235,-42,-8,42,8,FALSE,FALSE
1,5,321,267,288,321,267,288,321,267,288,-54,-33,54,33,FALSE,FALSE
1,6,399,347,367,399,347,367,399,347,367,-52,-32,52,32,FALSE,FALSE
1,7,525,425,483,525,425,483,525,425,483,-100,-42,100,42,FALSE,FALSE
1,8,638,524,612,638,524,612,638,524,612,-114,-26,114,26,FALSE,FALSE
1,9,785,630,755,785,630,755,785,630,755,-155,-30,155,30,FALSE,FALSE
1,10,975,754,961,975,754,961,975,754,961,-221,-14,221,14,FALSE,FALSE
1,11,1199,883,1159,1199,883,1159,1199,883,1159,-316,-40,316,40,FALSE,FALSE
1,12,1442,1061,1397,1442,1061,1397,1442,1061,1397,-381,-45,381,45,FALSE,FALSE
1,13,1699,1262,1643,1699,1262,1643,1699,1262,1643,-437,-56,437,56,FALSE,FALSE
1,14,1961,1474,1829,1961,1474,1829,1961,1474,1829,-487,-132,487,132,FALSE,FALSE
1,15,2189,1669,2079,2189,1669,2079,2189,1669,2079,-520,-110,520,110,FALSE,FALSE
1,16,2402,1893,2301,2402,1893,2301,2402,1893,2301,-509,-101,509,101,FALSE,FALSE
1,17,2565,2076,2488,2565,2076,2488,2565,2076,2488,-489,-77,489,77,FALSE,FALSE
1,18,2712,2243,2645,2712,2243,2645,2712,2243,2645,-469,-67,469,67,FALSE,FALSE
1,19,2780,2354,2777,2780,2354,2777,2780,2354,2777,-426,-3,426,3,FALSE,FALSE
1,20,2824,2432,2840,2824,2432,2840,2824,2432,2840,-392,16,392,16,FALSE,FALSE
1,21,2816,2500,2847,2816,2500,2847,2816,2500,2847,-316,31,316,31,FALSE,FALSE
1,22,2751,2577,2800,2751,2577,2800,2751,2577,2800,-174,49,174,49,FALSE,FALSE
1,23,2751,2539,2731,2751,2539,2731,2751,2539,2731,-212,-20,212,20,FALSE,FALSE
1,24,2637,2527,2662,2637,2527,2662,2637,2527,2662,-110,25,110,25,FALSE,FALSE
1,25,2506,2490,2579,2506,2490,2579,2506,2490,2579,-16,73,16,73,FALSE,FALSE
1,26,2402,2410,2470,2402,2410,2470,2402,2410,2470,8,68,8,68,FALSE,FALSE
1,27,2264,2306,2345,2264,2306,2345,2264,2306,2345,42,81,42,81,FALSE,FALSE
1,28,2125,2200,2220,2125,2200,2220,2125,2200,2220,75,95,75,95,FALSE,FALSE
1,29,1959,2080,2070,1959,2080,2070,1959,2080,2070,121,111,121,111,FALSE,FALSE
1,30,1822,1955,1904,1822,1955,1904,1822,1955,1904,133,82,133,82,FALSE,FALSE
1,31,1731,1848,1763,1731,1848,1763,1731,1848,1763,117,32,117,32,FALSE,FALSE
1,32,1576,1737,1641,1576,1737,1641,1576,1737,1641,161,65,161,65,FALSE,FALSE
1,33,1458,1624,1509,1458,1624,1509,1458,1624,1509,166,51,166,51,FALSE,FALSE
1,34,1343,1487,1396,1343,1487,1396,1343,1487,1396,144,53,144,53,FALSE,FALSE
1,35,1252,1362,1312,1252,1362,1312,1252,1362,1312,110,60,110,60,FALSE,FALSE
1,36,1149,1256,1205,1149,1256,1205,1149,1256,1205,107,56,107,56,FALSE,FALSE
1,37,1042,1157,1103,1042,1157,1103,1042,1157,1103,115,61,115,61,FALSE,FALSE
1,38,949,1062,1017,949,1062,1017,949,1062,1017,113,68,113,68,FALSE,FALSE
1,39,877,970,923,877,970,923,877,970,923,93,46,93,46,FALSE,FALSE
1,40,810,889,853,810,889,853,810,889,853,79,43,79,43,FALSE,FALSE
1,41,751,811,775,751,811,775,751,811,775,60,24,60,24,FALSE,FALSE
1,42,701,746,709,701,746,709,701,746,709,45,8,45,8,FALSE,FALSE
1,43,630,683,651,630,683,651,630,683,651,53,21,53,21,FALSE,FALSE
1,44,573,632,590,573,632,590,573,632,590,59,17,59,17,FALSE,FALSE
1,45,527,570,539,527,570,539,527,570,539,43,12,43,12,FALSE,FALSE
1,46,489,528,490,489,528,490,489,528,490,39,1,39,1,FALSE,FALSE
1,47,454,471,438,454,471,438,454,471,438,17,-16,17,16,FALSE,FALSE
1,48,417,426,397,417,426,397,417,426,397,9,-20,9,20,FALSE,FALSE
1,49,371,388,367,371,388,367,371,388,367,17,-4,17,4,FALSE,FALSE
1,50,349,352,343,349,352,343,349,352,343,3,-6,3,6,FALSE,FALSE
1,51,321,308,313,321,308,313,321,308,313,-13,-8,13,8,FALSE,FALSE
1,52,285,281,292,285,281,292,285,281,292,-4,7,4,7,FALSE,FALSE
1,53,259,257,270,259,257,270,259,257,270,-2,11,2,11,FALSE,FALSE
1,54,235,239,246,235,239,246,235,239,246,4,11,4,11,FALSE,FALSE
1,55,214,221,224,214,221,224,214,221,224,7,10,7,10,FALSE,FALSE
1,56,195,210,198,195,210,198,195,210,198,15,3,15,3,FALSE,FALSE
1,57,175,175,183,175,175,183,175,175,183,0,8,0,8,TRUE,FALSE
1,58,155,156,165,155,156,165,155,156,165,1,10,1,10,FALSE,FALSE
1,59,142,143,150,142,143,150,142,143,150,1,8,1,8,FALSE,FALSE
1,60,126,121,137,126,121,137,126,121,137,-5,11,5,11,FALSE,FALSE
2,0,103,103,103,103,103,103,103,103,103,0,0,0,0,TRUE,TRUE
2,1,120,130,139,120,130,139,120,130,139,10,19,10,19,FALSE,FALSE
2,2,151,166,171,151,166,171,151,166,171,15,20,15,20,FALSE,FALSE
2,3,182,224,214,182,224,214,182,224,214,42,32,42,32,FALSE,FALSE
2,4,233,276,279,233,276,279,233,276,279,43,46,43,46,FALSE,FALSE
2,5,302,346,352,302,346,352,302,346,352,44,50,44,50,FALSE,FALSE
2,6,406,425,430,406,425,430,406,425,430,19,24,19,24,FALSE,FALSE
2,7,511,547,559,511,547,559,511,547,559,36,48,36,48,FALSE,FALSE
2,8,643,700,706,643,700,706,643,700,706,57,63,57,63,FALSE,FALSE
2,9,807,852,886,807,852,886,807,852,886,45,79,45,79,FALSE,FALSE
2,10,1013,1075,1099,1013,1075,1099,1013,1075,1099,62,86,62,86,FALSE,FALSE
2,11,1230,1318,1326,1230,1318,1326,1230,1318,1326,88,96,88,96,FALSE,FALSE
2,12,1521,1591,1595,1521,1591,1595,1521,1591,1595,70,74,70,74,FALSE,FALSE
2,13,1805,1861,1876,1805,1861,1876,1805,1861,1876,56,71,56,71,FALSE,FALSE
2,14,2082,2188,2149,2082,2188,2149,2082,2188,2149,106,67,106,67,FALSE,FALSE
2,15,2353,2458,2439,2353,2458,2439,2353,2458,2439,105,86,105,86,FALSE,FALSE
2,16,2594,2746,2715,2594,2746,2715,2594,2746,2715,152,121,152,121,FALSE,FALSE
2,17,2760,2914,2937,2760,2914,2937,2760,2914,2937,154,177,154,177,FALSE,FALSE
2,18,2954,3020,3098,2954,3020,3098,2954,3020,3098,66,144,66,144,FALSE,FALSE
2,19,3102,3135,3209,3102,3135,3209,3102,3135,3209,33,107,33,107,FALSE,FALSE
2,20,3155,3178,3236,3155,3178,3236,3155,3178,3236,23,81,23,81,FALSE,FALSE
2,21,3189,3156,3222,3189,3156,3222,3189,3156,3222,-33,33,33,33,FALSE,FALSE
2,22,3148,3094,3145,3148,3094,3145,3148,3094,3145,-54,-3,54,3,FALSE,FALSE
2,23,3074,3019,3076,3074,3019,3076,3074,3019,3076,-55,2,55,2,FALSE,FALSE
2,24,2973,2885,2970,2973,2885,2970,2973,2885,2970,-88,-3,88,3,FALSE,FALSE
2,25,2898,2755,2846,2898,2755,2846,2898,2755,2846,-143,-52,143,52,FALSE,FALSE
2,26,2783,2621,2690,2783,2621,2690,2783,2621,2690,-162,-93,162,93,FALSE,FALSE
2,27,2639,2509,2552,2639,2509,2552,2639,2509,2552,-130,-87,130,87,FALSE,FALSE
2,28,2486,2386,2385,2486,2386,2385,2486,2386,2385,-100,-101,100,101,FALSE,FALSE
2,29,2337,2229,2267,2337,2229,2267,2337,2229,2267,-108,-70,108,70,FALSE,FALSE
2,30,2212,2076,2100,2212,2076,2100,2212,2076,2100,-136,-112,136,112,FALSE,FALSE
2,31,2063,1963,1986,2063,1963,1986,2063,1963,1986,-100,-77,100,77,FALSE,FALSE
2,32,1935,1819,1851,1935,1819,1851,1935,1819,1851,-116,-84,116,84,FALSE,FALSE
2,33,1786,1698,1723,1786,1698,1723,1786,1698,1723,-88,-63,88,63,FALSE,FALSE
2,34,1681,1577,1594,1681,1577,1594,1681,1577,1594,-104,-87,104,87,FALSE,FALSE
2,35,1557,1476,1459,1557,1476,1459,1557,1476,1459,-81,-98,81,98,FALSE,FALSE
2,36,1442,1357,1362,1442,1357,1362,1442,1357,1362,-85,-80,85,80,FALSE,FALSE
2,37,1337,1251,1267,1337,1251,1267,1337,1251,1267,-86,-70,86,70,FALSE,FALSE
2,38,1241,1166,1181,1241,1166,1181,1241,1166,1181,-75,-60,75,60,FALSE,FALSE
2,39,1133,1092,1084,1133,1092,1084,1133,1092,1084,-41,-49,41,49,FALSE,FALSE
2,40,1052,1027,1002,1052,1027,1002,1052,1027,1002,-25,-50,25,50,FALSE,FALSE
2,41,980,946,914,980,946,914,980,946,914,-34,-66,34,66,FALSE,FALSE
2,42,913,858,857,913,858,857,913,858,857,-55,-56,55,56,FALSE,FALSE
2,43,833,787,783,833,787,783,833,787,783,-46,-50,46,50,FALSE,FALSE
2,44,780,716,714,780,716,714,780,716,714,-64,-66,64,66,FALSE,FALSE
2,45,712,664,659,712,664,659,712,664,659,-48,-53,48,53,FALSE,FALSE
2,46,670,617,594,670,617,594,670,617,594,-53,-76,53,76,FALSE,FALSE
2,47,616,566,540,616,566,540,616,566,540,-50,-76,50,76,FALSE,FALSE
2,48,570,518,501,570,518,501,570,518,501,-52,-69,52,69,FALSE,FALSE
2,49,519,480,465,519,480,465,519,480,465,-39,-54,39,54,FALSE,FALSE
2,50,473,432,429,473,432,429,473,432,429,-41,-44,41,44,FALSE,FALSE
2,51,436,405,388,436,405,388,436,405,388,-31,-48,31,48,FALSE,FALSE
2,52,405,366,360,405,366,360,405,366,360,-39,-45,39,45,FALSE,FALSE
2,53,374,340,325,374,340,325,374,340,325,-34,-49,34,49,FALSE,FALSE
2,54,343,308,302,343,308,302,343,308,302,-35,-41,35,41,FALSE,FALSE
2,55,332,274,271,332,274,271,332,274,271,-58,-61,58,61,FALSE,FALSE
2,56,309,256,258,309,256,258,309,256,258,-53,-51,53,51,FALSE,FALSE
2,57,284,238,240,284,238,240,284,238,240,-46,-44,46,44,FALSE,FALSE
2,58,271,214,223,271,214,223,271,214,223,-57,-48,57,48,FALSE,FALSE
2,59,253,196,203,253,196,203,253,196,203,-57,-50,57,50,FALSE,FALSE
2,60,233,179,185,233,179,185,233,179,185,-54,-48,54,48,FALSE,FALSE
3,0,89,89,89,89,89,89,89,89,89,0,0,0,0,TRUE,TRUE
3,1,127,123,111,127,123,111,127,123,111,-4,-16,4,16,FALSE,FALSE
3,2,166,164,148,166,164,148,166,164,148,-2,-18,2,18,FALSE,FALSE
3,3,235,202,211,235,202,211,235,202,211,-33,-24,33,24,FALSE,FALSE
3,4,318,284,285,318,284,285,318,284,285,-34,-33,34,33,FALSE,FALSE
3,5,421,375,386,421,375,386,421,375,386,-46,-35,46,35,FALSE,FALSE
3,6,553,513,507,553,513,507,553,513,507,-40,-46,40,46,FALSE,FALSE
3,7,725,695,651,725,695,651,725,695,651,-30,-74,30,74,FALSE,FALSE
3,8,951,918,810,951,918,810,951,918,810,-33,-141,33,141,FALSE,FALSE
3,9,1221,1195,1043,1221,1195,1043,1221,1195,1043,-26,-178,26,178,FALSE,FALSE
3,10,1596,1545,1346,1596,1545,1346,1596,1545,1346,-51,-250,51,250,FALSE,FALSE
3,11,1994,1972,1702,1994,1972,1702,1994,1972,1702,-22,-292,22,292,FALSE,FALSE
3,12,2404,2410,2103,2404,2410,2103,2404,2410,2103,6,-301,6,301,FALSE,FALSE
3,13,2777,2787,2491,2777,2787,2491,2777,2787,2491,10,-286,10,286,FALSE,FALSE
3,14,3160,3157,2885,3160,3157,2885,3160,3157,2885,-3,-275,3,275,FALSE,FALSE
3,15,3535,3540,3263,3535,3540,3263,3535,3540,3263,5,-272,5,272,FALSE,FALSE
3,16,3853,3831,3616,3853,3831,3616,3853,3831,3616,-22,-237,22,237,FALSE,FALSE
3,17,4090,4008,3886,4090,4008,3886,4090,4008,3886,-82,-204,82,204,FALSE,FALSE
3,18,4199,4212,4037,4199,4212,4037,4199,4212,4037,13,-162,13,162,FALSE,FALSE
3,19,4223,4242,4119,4223,4242,4119,4223,4242,4119,19,-104,19,104,FALSE,FALSE
3,20,4220,4191,4161,4220,4191,4161,4220,4191,4161,-29,-59,29,59,FALSE,FALSE
3,21,4077,4084,4150,4077,4084,4150,4077,4084,4150,7,73,7,73,FALSE,FALSE
3,22,3965,3971,4024,3965,3971,4024,3965,3971,4024,6,59,6,59,FALSE,FALSE
3,23,3789,3757,3877,3789,3757,3877,3789,3757,3877,-32,88,32,88,FALSE,FALSE
3,24,3629,3552,3697,3629,3552,3697,3629,3552,3697,-77,68,77,68,FALSE,FALSE
3,25,3415,3331,3560,3415,3331,3560,3415,3331,3560,-84,145,84,145,FALSE,FALSE
3,26,3202,3105,3393,3202,3105,3393,3202,3105,3393,-97,191,97,191,FALSE,FALSE
3,27,2983,2885,3181,2983,2885,3181,2983,2885,3181,-98,198,98,198,FALSE,FALSE
3,28,2794,2680,3010,2794,2680,3010,2794,2680,3010,-114,216,114,216,FALSE,FALSE
3,29,2591,2481,2792,2591,2481,2792,2591,2481,2792,-110,201,110,201,FALSE,FALSE
3,30,2404,2284,2590,2404,2284,2590,2404,2284,2590,-120,186,120,186,FALSE,FALSE
3,31,2224,2089,2369,2224,2089,2369,2224,2089,2369,-135,145,135,145,FALSE,FALSE
3,32,2042,1925,2216,2042,1925,2216,2042,1925,2216,-117,174,117,174,FALSE,FALSE
3,33,1874,1788,2057,1874,1788,2057,1874,1788,2057,-86,183,86,183,FALSE,FALSE
3,34,1740,1643,1906,1740,1643,1906,1740,1643,1906,-97,166,97,166,FALSE,FALSE
3,35,1592,1491,1740,1592,1491,1740,1592,1491,1740,-101,148,101,148,FALSE,FALSE
3,36,1451,1383,1591,1451,1383,1591,1451,1383,1591,-68,140,68,140,FALSE,FALSE
3,37,1321,1271,1446,1321,1271,1446,1321,1271,1446,-50,125,50,125,FALSE,FALSE
3,38,1216,1174,1325,1216,1174,1325,1216,1174,1325,-42,109,42,109,FALSE,FALSE
3,39,1124,1071,1209,1124,1071,1209,1124,1071,1209,-53,85,53,85,FALSE,FALSE
3,40,1023,982,1112,1023,982,1112,1023,982,1112,-41,89,41,89,FALSE,FALSE
3,41,951,890,1012,951,890,1012,951,890,1012,-61,61,61,61,FALSE,FALSE
3,42,891,816,922,891,816,922,891,816,922,-75,31,75,31,FALSE,FALSE
3,43,818,746,845,818,746,845,818,746,845,-72,27,72,27,FALSE,FALSE
3,44,753,678,747,753,678,747,753,678,747,-75,-6,75,6,FALSE,FALSE
3,45,682,637,680,682,637,680,682,637,680,-45,-2,45,2,FALSE,FALSE
3,46,615,574,620,615,574,620,615,574,620,-41,5,41,5,FALSE,FALSE
3,47,569,525,576,569,525,576,569,525,576,-44,7,44,7,FALSE,FALSE
3,48,518,478,524,518,478,524,518,478,524,-40,6,40,6,FALSE,FALSE
3,49,481,435,478,481,435,478,481,435,478,-46,-3,46,3,FALSE,FALSE
3,50,439,394,439,439,394,439,439,394,439,-45,0,45,0,FALSE,TRUE
3,51,394,353,411,394,353,411,394,353,411,-41,17,41,17,FALSE,FALSE
3,52,372,305,382,372,305,382,372,305,382,-67,10,67,10,FALSE,FALSE
3,53,343,290,364,343,290,364,343,290,364,-53,21,53,21,FALSE,FALSE
3,54,305,269,340,305,269,340,305,269,340,-36,35,36,35,FALSE,FALSE
3,55,278,246,311,278,246,311,278,246,311,-32,33,32,33,FALSE,FALSE
3,56,261,221,291,261,221,291,261,221,291,-40,30,40,30,FALSE,FALSE
3,57,240,208,265,240,208,265,240,208,265,-32,25,32,25,FALSE,FALSE
3,58,220,192,245,220,192,245,220,192,245,-28,25,28,25,FALSE,FALSE
3,59,210,176,226,210,176,226,210,176,226,-34,16,34,16,FALSE,FALSE
3,60,191,160,210,191,160,210,191,160,210,-31,19,31,19,FALSE,FALSE
4,0,120,120,120,120,120,120,120,120,120,0,0,0,0,TRUE,TRUE
4,1,130,140,137,130,140,137,130,140,137,10,7,10,7,FALSE,FALSE
4,2,134,163,155,134,163,155,134,163,155,29,21,29,21,FALSE,FALSE
4,3,143,182,175,143,182,175,143,182,175,39,32,39,32,FALSE,FALSE
4,4,158,195,178,158,195,178,158,195,178,37,20,37,20,FALSE,FALSE
4,5,166,214,188,166,214,188,166,214,188,48,22,48,22,FALSE,FALSE
4,6,187,238,195,187,238,195,187,238,195,51,8,51,8,FALSE,FALSE
4,7,197,266,201,197,266,201,197,266,201,69,4,69,4,FALSE,FALSE
4,8,209,291,208,209,291,208,209,291,208,82,-1,82,1,FALSE,FALSE
4,9,223,302,223,223,302,223,223,302,223,79,0,79,0,FALSE,TRUE
4,10,241,335,238,241,335,238,241,335,238,94,-3,94,3,FALSE,FALSE
4,11,261,369,259,261,369,259,261,369,259,108,-2,108,2,FALSE,FALSE
4,12,270,419,283,270,419,283,270,419,283,149,13,149,13,FALSE,FALSE
4,13,284,452,305,284,452,305,284,452,305,168,21,168,21,FALSE,FALSE
4,14,316,486,331,316,486,331,316,486,331,170,15,170,15,FALSE,FALSE
4,15,341,500,352,341,500,352,341,500,352,159,11,159,11,FALSE,FALSE
4,16,365,535,387,365,535,387,365,535,387,170,22,170,22,FALSE,FALSE
4,17,388,554,432,388,554,432,388,554,432,166,44,166,44,FALSE,FALSE
4,18,431,619,472,431,619,472,431,619,472,188,41,188,41,FALSE,FALSE
4,19,480,654,534,480,654,534,480,654,534,174,54,174,54,FALSE,FALSE
4,20,498,699,555,498,699,555,498,699,555,201,57,201,57,FALSE,FALSE
4,21,528,736,613,528,736,613,528,736,613,208,85,208,85,FALSE,FALSE
4,22,550,798,647,550,798,647,550,798,647,248,97,248,97,FALSE,FALSE
4,23,565,825,659,565,825,659,565,825,659,260,94,260,94,FALSE,FALSE
4,24,592,854,688,592,854,688,592,854,688,262,96,262,96,FALSE,FALSE
4,25,608,870,726,608,870,726,608,870,726,262,118,262,118,FALSE,FALSE
4,26,643,901,741,643,901,741,643,901,741,258,98,258,98,FALSE,FALSE
4,27,646,924,771,646,924,771,646,924,771,278,125,278,125,FALSE,FALSE
4,28,685,950,811,685,950,811,685,950,811,265,126,265,126,FALSE,FALSE
4,29,709,956,804,709,956,804,709,956,804,247,95,247,95,FALSE,FALSE
4,30,734,981,847,734,981,847,734,981,847,247,113,247,113,FALSE,FALSE
4,31,759,982,843,759,982,843,759,982,843,223,84,223,84,FALSE,FALSE
4,32,772,1013,851,772,1013,851,772,1013,851,241,79,241,79,FALSE,FALSE
4,33,799,1027,906,799,1027,906,799,1027,906,228,107,228,107,FALSE,FALSE
4,34,828,1019,932,828,1019,932,828,1019,932,191,104,191,104,FALSE,FALSE
4,35,821,1016,936,821,1016,936,821,1016,936,195,115,195,115,FALSE,FALSE
4,36,826,1000,967,826,1000,967,826,1000,967,174,141,174,141,FALSE,FALSE
4,37,845,960,946,845,960,946,845,960,946,115,101,115,101,FALSE,FALSE
4,38,842,961,941,842,961,941,842,961,941,119,99,119,99,FALSE,FALSE
4,39,836,946,920,836,946,920,836,946,920,110,84,110,84,FALSE,FALSE
4,40,813,906,920,813,906,920,813,906,920,93,107,93,107,FALSE,FALSE
4,41,806,864,912,806,864,912,806,864,912,58,106,58,106,FALSE,FALSE
4,42,805,845,912,805,845,912,805,845,912,40,107,40,107,FALSE,FALSE
4,43,774,814,892,774,814,892,774,814,892,40,118,40,118,FALSE,FALSE
4,44,717,773,880,717,773,880,717,773,880,56,163,56,163,FALSE,FALSE
4,45,717,734,841,717,734,841,717,734,841,17,124,17,124,FALSE,FALSE
4,46,690,723,828,690,723,828,690,723,828,33,138,33,138,FALSE,FALSE
4,47,666,703,796,666,703,796,666,703,796,37,130,37,130,FALSE,FALSE
4,48,651,661,767,651,661,767,651,661,767,10,116,10,116,FALSE,FALSE
4,49,638,619,743,638,619,743,638,619,743,-19,105,19,105,FALSE,FALSE
4,50,629,598,720,629,598,720,629,598,720,-31,91,31,91,FALSE,FALSE
4,51,610,574,702,610,574,702,610,574,702,-36,92,36,92,FALSE,FALSE
4,52,591,557,667,591,557,667,591,557,667,-34,76,34,76,FALSE,FALSE
4,53,594,529,640,594,529,640,594,529,640,-65,46,65,46,FALSE,FALSE
4,54,580,482,601,580,482,601,580,482,601,-98,21,98,21,FALSE,FALSE
4,55,547,447,562,547,447,562,547,447,562,-100,15,100,15,FALSE,FALSE
4,56,546,421,516,546,421,516,546,421,516,-125,-30,125,30,FALSE,FALSE
4,57,538,407,484,538,407,484,538,407,484,-131,-54,131,54,FALSE,FALSE
4,58,507,393,461,507,393,461,507,393,461,-114,-46,114,46,FALSE,FALSE
4,59,472,359,443,472,359,443,472,359,443,-113,-29,113,29,FALSE,FALSE
4,60,437,345,415,437,345,415,437,345,415,-92,-22,92,22,FALSE,FALSE
5,0,72,72,72,72,72,72,72,72,72,0,0,0,0,TRUE,TRUE
5,1,118,100,98,118,100,98,118,100,98,-18,-20,18,20,FALSE,FALSE
5,2,163,127,142,163,127,142,163,127,142,-36,-21,36,21,FALSE,FALSE
5,3,222,166,183,222,166,183,222,166,183,-56,-39,56,39,FALSE,FALSE
5,4,296,226,253,296,226,253,296,226,253,-70,-43,70,43,FALSE,FALSE
5,5,419,303,335,419,303,335,419,303,335,-116,-84,116,84,FALSE,FALSE
5,6,566,407,431,566,407,431,566,407,431,-159,-135,159,135,FALSE,FALSE
5,7,729,536,575,729,536,575,729,536,575,-193,-154,193,154,FALSE,FALSE
5,8,923,666,765,923,666,765,923,666,765,-257,-158,257,158,FALSE,FALSE
5,9,1125,875,953,1125,875,953,1125,875,953,-250,-172,250,172,FALSE,FALSE
5,10,1316,1070,1144,1316,1070,1144,1316,1070,1144,-246,-172,246,172,FALSE,FALSE
5,11,1474,1267,1391,1474,1267,1391,1474,1267,1391,-207,-83,207,83,FALSE,FALSE
5,12,1597,1471,1553,1597,1471,1553,1597,1471,1553,-126,-44,126,44,FALSE,FALSE
5,13,1691,1642,1731,1691,1642,1731,1691,1642,1731,-49,40,49,40,FALSE,FALSE
5,14,1710,1747,1801,1710,1747,1801,1710,1747,1801,37,91,37,91,FALSE,FALSE
5,15,1718,1752,1844,1718,1752,1844,1718,1752,1844,34,126,34,126,FALSE,FALSE
5,16,1683,1737,1850,1683,1737,1850,1683,1737,1850,54,167,54,167,FALSE,FALSE
5,17,1603,1649,1792,1603,1649,1792,1603,1649,1792,46,189,46,189,FALSE,FALSE
5,18,1522,1612,1670,1522,1612,1670,1522,1612,1670,90,148,90,148,FALSE,FALSE
5,19,1393,1484,1569,1393,1484,1569,1393,1484,1569,91,176,91,176,FALSE,FALSE
5,20,1283,1357,1469,1283,1357,1469,1283,1357,1469,74,186,74,186,FALSE,FALSE
5,21,1158,1250,1340,1158,1250,1340,1158,1250,1340,92,182,92,182,FALSE,FALSE
5,22,1023,1123,1185,1023,1123,1185,1023,1123,1185,100,162,100,162,FALSE,FALSE
5,23,920,1008,1063,920,1008,1063,920,1008,1063,88,143,88,143,FALSE,FALSE
5,24,837,882,937,837,882,937,837,882,937,45,100,45,100,FALSE,FALSE
5,25,733,787,822,733,787,822,733,787,822,54,89,54,89,FALSE,FALSE
5,26,640,694,713,640,694,713,640,694,713,54,73,54,73,FALSE,FALSE
5,27,573,606,633,573,606,633,573,606,633,33,60,33,60,FALSE,FALSE
5,28,490,520,561,490,520,561,490,520,561,30,71,30,71,FALSE,FALSE
5,29,423,450,501,423,450,501,423,450,501,27,78,27,78,FALSE,FALSE
5,30,378,385,431,378,385,431,378,385,431,7,53,7,53,FALSE,FALSE
5,31,328,330,359,328,330,359,328,330,359,2,31,2,31,FALSE,FALSE
5,32,275,289,305,275,289,305,275,289,305,14,30,14,30,FALSE,FALSE
5,33,231,246,263,231,246,263,231,246,263,15,32,15,32,FALSE,FALSE
5,34,209,211,235,209,211,235,209,211,235,2,26,2,26,FALSE,FALSE
5,35,189,179,194,189,179,194,189,179,194,-10,5,10,5,FALSE,FALSE
5,36,157,160,174,157,160,174,157,160,174,3,17,3,17,FALSE,FALSE
5,37,145,136,145,145,136,145,145,136,145,-9,0,9,0,FALSE,TRUE
5,38,126,112,131,126,112,131,126,112,131,-14,5,14,5,FALSE,FALSE
5,39,111,96,110,111,96,110,111,96,110,-15,-1,15,1,FALSE,FALSE
5,40,98,86,94,98,86,94,98,86,94,-12,-4,12,4,FALSE,FALSE
5,41,85,72,88,85,72,88,85,72,88,-13,3,13,3,FALSE,FALSE
5,42,76,59,74,76,59,74,76,59,74,-17,-2,17,2,FALSE,FALSE
5,43,64,49,63,64,49,63,64,49,63,-15,-1,15,1,FALSE,FALSE
5,44,62,46,58,62,46,58,62,46,58,-16,-4,16,4,FALSE,FALSE
5,45,52,36,50,52,36,50,52,36,50,-16,-2,16,2,FALSE,FALSE
5,46,47,32,38,47,32,38,47,32,38,-15,-9,15,9,FALSE,FALSE
5,47,39,27,31,39,27,31,39,27,31,-12,-8,12,8,FALSE,FALSE
5,48,29,23,26,29,23,26,29,23,26,-6,-3,6,3,FALSE,FALSE
5,49,26,22,22,26,22,22,26,22,22,-4,-4,4,4,FALSE,FALSE
5,50,22,20,17,22,20,17,22,20,17,-2,-5,2,5,FALSE,FALSE
5,51,17,17,17,17,17,17,17,17,17,0,0,0,0,TRUE,TRUE
5,52,15,16,17,15,16,17,15,16,17,1,2,1,2,FALSE,FALSE
5,53,14,13,14,14,13,14,14,13,14,-1,0,1,0,FALSE,TRUE
5,54,13,10,10,13,10,10,13,10,10,-3,-3,3,3,FALSE,FALSE
5,55,12,10,9,12,10,9,12,10,9,-2,-3,2,3,FALSE,FALSE
5,56,11,10,9,11,10,9,11,10,9,-1,-2,1,2,FALSE,FALSE
5,57,9,10,6,9,10,6,9,10,6,1,-3,1,3,FALSE,FALSE
5,58,7,8,4,7,8,4,7,8,4,1,-3,1,3,FALSE,FALSE
5,59,5,7,3,5,7,3,5,7,3,2,-2,2,2,FALSE,FALSE
5,60,4,8,1,4,8,1,4,8,1,4,-3,4,3,FALSE,FALSE
6,0,166,166,166,166,166,166,166,166,166,0,0,0,0,TRUE,TRUE
6,1,162,170,176,162,170,176,162,170,176,8,14,8,14,FALSE,FALSE
6,2,147,173,177,147,173,177,147,173,177,26,30,26,30,FALSE,FALSE
6,3,147,189,181,147,189,181,147,189,181,42,34,42,34,FALSE,FALSE
6,4,163,197,167,163,197,167,163,197,167,34,4,34,4,FALSE,FALSE
6,5,168,202,153,168,202,153,168,202,153,34,-15,34,15,FALSE,FALSE
6,6,166,218,167,166,218,167,166,218,167,52,1,52,1,FALSE,FALSE
6,7,175,234,176,175,234,176,175,234,176,59,1,59,1,FALSE,FALSE
6,8,181,252,194,181,252,194,181,252,194,71,13,71,13,FALSE,FALSE
6,9,167,264,192,167,264,192,167,264,192,97,25,97,25,FALSE,FALSE
6,10,181,264,199,181,264,199,181,264,199,83,18,83,18,FALSE,FALSE
6,11,196,268,221,196,268,221,196,268,221,72,25,72,25,FALSE,FALSE
6,12,211,274,215,211,274,215,211,274,215,63,4,63,4,FALSE,FALSE
6,13,201,273,215,201,273,215,201,273,215,72,14,72,14,FALSE,FALSE
6,14,219,278,226,219,278,226,219,278,226,59,7,59,7,FALSE,FALSE
6,15,212,287,218,212,287,218,212,287,218,75,6,75,6,FALSE,FALSE
6,16,216,295,228,216,295,228,216,295,228,79,12,79,12,FALSE,FALSE
6,17,230,312,229,230,312,229,230,312,229,82,-1,82,1,FALSE,FALSE
6,18,239,306,233,239,306,233,239,306,233,67,-6,67,6,FALSE,FALSE
6,19,237,318,225,237,318,225,237,318,225,81,-12,81,12,FALSE,FALSE
6,20,238,305,237,238,305,237,238,305,237,67,-1,67,1,FALSE,FALSE
6,21,232,300,235,232,300,235,232,300,235,68,3,68,3,FALSE,FALSE
6,22,231,307,247,231,307,247,231,307,247,76,16,76,16,FALSE,FALSE
6,23,226,317,231,226,317,231,226,317,231,91,5,91,5,FALSE,FALSE
6,24,225,315,246,225,315,246,225,315,246,90,21,90,21,FALSE,FALSE
6,25,216,326,247,216,326,247,216,326,247,110,31,110,31,FALSE,FALSE
6,26,222,330,248,222,330,248,222,330,248,108,26,108,26,FALSE,FALSE
6,27,214,344,256,214,344,256,214,344,256,130,42,130,42,FALSE,FALSE
6,28,207,338,233,207,338,233,207,338,233,131,26,131,26,FALSE,FALSE
6,29,217,339,229,217,339,229,217,339,229,122,12,122,12,FALSE,FALSE
6,30,236,326,209,236,326,209,236,326,209,90,-27,90,27,FALSE,FALSE
6,31,256,324,221,256,324,221,256,324,221,68,-35,68,35,FALSE,FALSE
6,32,250,311,234,250,311,234,250,311,234,61,-16,61,16,FALSE,FALSE
6,33,227,290,245,227,290,245,227,290,245,63,18,63,18,FALSE,FALSE
6,34,239,280,238,239,280,238,239,280,238,41,-1,41,1,FALSE,FALSE
6,35,227,264,244,227,264,244,227,264,244,37,17,37,17,FALSE,FALSE
6,36,230,273,241,230,273,241,230,273,241,43,11,43,11,FALSE,FALSE
6,37,229,257,245,229,257,245,229,257,245,28,16,28,16,FALSE,FALSE
6,38,237,251,229,237,251,229,237,251,229,14,-8,14,8,FALSE,FALSE
6,39,232,238,237,232,238,237,232,238,237,6,5,6,5,FALSE,FALSE
6,40,233,240,224,233,240,224,233,240,224,7,-9,7,9,FALSE,FALSE
6,41,226,245,222,226,245,222,226,245,222,19,-4,19,4,FALSE,FALSE
6,42,226,249,227,226,249,227,226,249,227,23,1,23,1,FALSE,FALSE
6,43,211,257,219,211,257,219,211,257,219,46,8,46,8,FALSE,FALSE
6,44,220,236,207,220,236,207,220,236,207,16,-13,16,13,FALSE,FALSE
6,45,215,233,198,215,233,198,215,233,198,18,-17,18,17,FALSE,FALSE
6,46,213,228,184,213,228,184,213,228,184,15,-29,15,29,FALSE,FALSE
6,47,207,217,160,207,217,160,207,217,160,10,-47,10,47,FALSE,FALSE
6,48,209,230,168,209,230,168,209,230,168,21,-41,21,41,FALSE,FALSE
6,49,204,212,159,204,212,159,204,212,159,8,-45,8,45,FALSE,FALSE
6,50,200,194,150,200,194,150,200,194,150,-6,-50,6,50,FALSE,FALSE
6,51,207,196,152,207,196,152,207,196,152,-11,-55,11,55,FALSE,FALSE
6,52,206,181,139,206,181,139,206,181,139,-25,-67,25,67,FALSE,FALSE
6,53,200,169,139,200,169,139,200,169,139,-31,-61,31,61,FALSE,FALSE
6,54,197,159,137,197,159,137,197,159,137,-38,-60,38,60,FALSE,FALSE
6,55,184,132,134,184,132,134,184,132,134,-52,-50,52,50,FALSE,FALSE
6,56,172,115,125,172,115,125,172,115,125,-57,-47,57,47,FALSE,FALSE
6,57,163,115,111,163,115,111,163,115,111,-48,-52,48,52,FALSE,FALSE
6,58,169,103,104,169,103,104,169,103,104,-66,-65,66,65,FALSE,FALSE
6,59,166,93,95,166,93,95,166,93,95,-73,-71,73,71,FALSE,FALSE
6,60,152,85,86,152,85,86,152,85,86,-67,-66,67,66,FALSE,FALSE
7,0,100,100,100,100,100,100,100,100,100,0,0,0,0,TRUE,TRUE
7,1,135,110,129,135,110,129,135,110,129,-25,-6,25,6,FALSE,FALSE
7,2,185,149,176,185,149,176,185,149,176,-36,-9,36,9,FALSE,FALSE
7,3,265,204,225,265,204,225,265,204,225,-61,-40,61,40,FALSE,FALSE
7,4,328,240,305,328,240,305,328,240,305,-88,-23,88,23,FALSE,FALSE
7,5,419,315,364,419,315,364,419,315,364,-104,-55,104,55,FALSE,FALSE
7,6,551,351,469,551,351,469,551,351,469,-200,-82,200,82,FALSE,FALSE
7,7,673,430,601,673,430,601,673,430,601,-243,-72,243,72,FALSE,FALSE
7,8,797,531,739,797,531,739,797,531,739,-266,-58,266,58,FALSE,FALSE
7,9,943,648,895,943,648,895,943,648,895,-295,-48,295,48,FALSE,FALSE
7,10,1060,750,1063,1060,750,1063,1060,750,1063,-310,3,310,3,FALSE,FALSE
7,11,1119,849,1236,1119,849,1236,1119,849,1236,-270,117,270,117,FALSE,FALSE
7,12,1196,902,1352,1196,902,1352,1196,902,1352,-294,156,294,156,FALSE,FALSE
7,13,1250,971,1412,1250,971,1412,1250,971,1412,-279,162,279,162,FALSE,FALSE
7,14,1231,1042,1432,1231,1042,1432,1231,1042,1432,-189,201,189,201,FALSE,FALSE
7,15,1199,1061,1360,1199,1061,1360,1199,1061,1360,-138,161,138,161,FALSE,FALSE
7,16,1161,1077,1274,1161,1077,1274,1161,1077,1274,-84,113,84,113,FALSE,FALSE
7,17,1077,1070,1158,1077,1070,1158,1077,1070,1158,-7,81,7,81,FALSE,FALSE
7,18,989,1042,1046,989,1042,1046,989,1042,1046,53,57,53,57,FALSE,FALSE
7,19,882,1008,937,882,1008,937,882,1008,937,126,55,126,55,FALSE,FALSE
7,20,762,925,826,762,925,826,762,925,826,163,64,163,64,FALSE,FALSE
7,21,654,867,700,654,867,700,654,867,700,213,46,213,46,FALSE,FALSE
7,22,568,784,592,568,784,592,568,784,592,216,24,216,24,FALSE,FALSE
7,23,505,703,513,505,703,513,505,703,513,198,8,198,8,FALSE,FALSE
7,24,439,649,447,439,649,447,439,649,447,210,8,210,8,FALSE,FALSE
7,25,367,565,396,367,565,396,367,565,396,198,29,198,29,FALSE,FALSE
7,26,298,480,352,298,480,352,298,480,352,182,54,182,54,FALSE,FALSE
7,27,247,432,299,247,432,299,247,432,299,185,52,185,52,FALSE,FALSE
7,28,224,375,252,224,375,252,224,375,252,151,28,151,28,FALSE,FALSE
7,29,179,319,200,179,319,200,179,319,200,140,21,140,21,FALSE,FALSE
7,30,145,280,157,145,280,157,145,280,157,135,12,135,12,FALSE,FALSE
7,31,123,227,139,123,227,139,123,227,139,104,16,104,16,FALSE,FALSE
7,32,103,192,121,103,192,121,103,192,121,89,18,89,18,FALSE,FALSE
7,33,83,160,103,83,160,103,83,160,103,77,20,77,20,FALSE,FALSE
7,34,69,144,90,69,144,90,69,144,90,75,21,75,21,FALSE,FALSE
7,35,64,115,79,64,115,79,64,115,79,51,15,51,15,FALSE,FALSE
7,36,58,100,70,58,100,70,58,100,70,42,12,42,12,FALSE,FALSE
7,37,49,92,57,49,92,57,49,92,57,43,8,43,8,FALSE,FALSE
7,38,38,80,54,38,80,54,38,80,54,42,16,42,16,FALSE,FALSE
7,39,34,64,47,34,64,47,34,64,47,30,13,30,13,FALSE,FALSE
7,40,28,54,44,28,54,44,28,54,44,26,16,26,16,FALSE,FALSE
7,41,20,47,35,20,47,35,20,47,35,27,15,27,15,FALSE,FALSE
7,42,20,38,32,20,38,32,20,38,32,18,12,18,12,FALSE,FALSE
7,43,14,34,32,14,34,32,14,34,32,20,18,20,18,FALSE,FALSE
7,44,13,24,25,13,24,25,13,24,25,11,12,11,12,FALSE,FALSE
7,45,11,22,17,11,22,17,11,22,17,11,6,11,6,FALSE,FALSE
7,46,9,17,15,9,17,15,9,17,15,8,6,8,6,FALSE,FALSE
7,47,9,14,14,9,14,14,9,14,14,5,5,5,5,FALSE,FALSE
7,48,8,10,10,8,10,10,8,10,10,2,2,2,2,FALSE,FALSE
7,49,7,5,8,7,5,8,7,5,8,-2,1,2,1,FALSE,FALSE
7,50,6,5,4,6,5,4,6,5,4,-1,-2,1,2,FALSE,FALSE
7,51,5,4,4,5,4,4,5,4,4,-1,-1,1,1,FALSE,FALSE
7,52,5,1,4,5,1,4,5,1,4,-4,-1,4,1,FALSE,FALSE
7,53,4,1,4,4,1,4,4,1,4,-3,0,3,0,FALSE,TRUE
7,54,3,1,4,3,1,4,3,1,4,-2,1,2,1,FALSE,FALSE
7,55,3,0,2,3,0,2,3,0,2,-3,-1,3,1,FALSE,FALSE
7,56,2,0,2,2,0,2,2,0,2,-2,0,2,0,FALSE,TRUE
7,57,2,0,2,2,0,2,2,0,2,-2,0,2,0,FALSE,TRUE
7,58,1,0,2,1,0,2,1,0,2,-1,1,1,1,FALSE,FALSE
7,59,0,0,2,0,0,2,0,0,2,0,2,0,2,TRUE,FALSE
7,60,0,0,1,0,0,1,0,0,1,0,1,0,1,TRUE,FALSE
8,0,107,107,107,107,107,107,107,107,107,0,0,0,0,TRUE,TRUE
8,1,120,123,120,120,123,120,120,123,120,3,0,3,0,FALSE,TRUE
8,2,136,136,133,136,136,133,136,136,133,0,-3,0,3,TRUE,FALSE
8,3,142,155,143,142,155,143,142,155,143,13,1,13,1,FALSE,FALSE
8,4,161,176,151,161,176,151,161,176,151,15,-10,15,10,FALSE,FALSE
8,5,177,201,167,177,201,167,177,201,167,24,-10,24,10,FALSE,FALSE
8,6,199,221,195,199,221,195,199,221,195,22,-4,22,4,FALSE,FALSE
8,7,222,241,214,222,241,214,222,241,214,19,-8,19,8,FALSE,FALSE
8,8,230,267,234,230,267,234,230,267,234,37,4,37,4,FALSE,FALSE
8,9,257,290,248,257,290,248,257,290,248,33,-9,33,9,FALSE,FALSE
8,10,278,322,258,278,322,258,278,322,258,44,-20,44,20,FALSE,FALSE
8,11,316,337,275,316,337,275,316,337,275,21,-41,21,41,FALSE,FALSE
8,12,343,368,305,343,368,305,343,368,305,25,-38,25,38,FALSE,FALSE
8,13,379,422,343,379,422,343,379,422,343,43,-36,43,36,FALSE,FALSE
8,14,404,458,374,404,458,374,404,458,374,54,-30,54,30,FALSE,FALSE
8,15,445,507,405,445,507,405,445,507,405,62,-40,62,40,FALSE,FALSE
8,16,483,542,438,483,542,438,483,542,438,59,-45,59,45,FALSE,FALSE
8,17,515,585,473,515,585,473,515,585,473,70,-42,70,42,FALSE,FALSE
8,18,567,626,518,567,626,518,567,626,518,59,-49,59,49,FALSE,FALSE
8,19,614,667,552,614,667,552,614,667,552,53,-62,53,62,FALSE,FALSE
8,20,652,698,577,652,698,577,652,698,577,46,-75,46,75,FALSE,FALSE
8,21,714,743,606,714,743,606,714,743,606,29,-108,29,108,FALSE,FALSE
8,22,770,788,634,770,788,634,770,788,634,18,-136,18,136,FALSE,FALSE
8,23,826,847,680,826,847,680,826,847,680,21,-146,21,146,FALSE,FALSE
8,24,907,892,725,907,892,725,907,892,725,-15,-182,15,182,FALSE,FALSE
8,25,943,920,767,943,920,767,943,920,767,-23,-176,23,176,FALSE,FALSE
8,26,991,968,806,991,968,806,991,968,806,-23,-185,23,185,FALSE,FALSE
8,27,1059,1018,871,1059,1018,871,1059,1018,871,-41,-188,41,188,FALSE,FALSE
8,28,1124,1069,905,1124,1069,905,1124,1069,905,-55,-219,55,219,FALSE,FALSE
8,29,1165,1123,965,1165,1123,965,1165,1123,965,-42,-200,42,200,FALSE,FALSE
8,30,1192,1202,1035,1192,1202,1035,1192,1202,1035,10,-157,10,157,FALSE,FALSE
8,31,1217,1236,1044,1217,1236,1044,1217,1236,1044,19,-173,19,173,FALSE,FALSE
8,32,1237,1259,1096,1237,1259,1096,1237,1259,1096,22,-141,22,141,FALSE,FALSE
8,33,1272,1311,1117,1272,1311,1117,1272,1311,1117,39,-155,39,155,FALSE,FALSE
8,34,1309,1330,1157,1309,1330,1157,1309,1330,1157,21,-152,21,152,FALSE,FALSE
8,35,1361,1354,1188,1361,1354,1188,1361,1354,1188,-7,-173,7,173,FALSE,FALSE
8,36,1366,1367,1225,1366,1367,1225,1366,1367,1225,1,-141,1,141,FALSE,FALSE
8,37,1380,1377,1261,1380,1377,1261,1380,1377,1261,-3,-119,3,119,FALSE,FALSE
8,38,1398,1398,1260,1398,1398,1260,1398,1398,1260,0,-138,0,138,TRUE,FALSE
8,39,1389,1376,1293,1389,1376,1293,1389,1376,1293,-13,-96,13,96,FALSE,FALSE
8,40,1364,1388,1317,1364,1388,1317,1364,1388,1317,24,-47,24,47,FALSE,FALSE
8,41,1343,1376,1313,1343,1376,1313,1343,1376,1313,33,-30,33,30,FALSE,FALSE
8,42,1326,1346,1282,1326,1346,1282,1326,1346,1282,20,-44,20,44,FALSE,FALSE
8,43,1309,1329,1307,1309,1329,1307,1309,1329,1307,20,-2,20,2,FALSE,FALSE
8,44,1271,1328,1316,1271,1328,1316,1271,1328,1316,57,45,57,45,FALSE,FALSE
8,45,1229,1295,1318,1229,1295,1318,1229,1295,1318,66,89,66,89,FALSE,FALSE
8,46,1202,1262,1292,1202,1262,1292,1202,1262,1292,60,90,60,90,FALSE,FALSE
8,47,1177,1262,1272,1177,1262,1272,1177,1262,1272,85,95,85,95,FALSE,FALSE
8,48,1153,1223,1232,1153,1223,1232,1153,1223,1232,70,79,70,79,FALSE,FALSE
8,49,1135,1188,1198,1135,1188,1198,1135,1188,1198,53,63,53,63,FALSE,FALSE
8,50,1107,1173,1183,1107,1173,1183,1107,1173,1183,66,76,66,76,FALSE,FALSE
8,51,1066,1128,1153,1066,1128,1153,1066,1128,1153,62,87,62,87,FALSE,FALSE
8,52,1034,1091,1139,1034,1091,1139,1034,1091,1139,57,105,57,105,FALSE,FALSE
8,53,995,1062,1123,995,1062,1123,995,1062,1123,67,128,67,128,FALSE,FALSE
8,54,974,1022,1091,974,1022,1091,974,1022,1091,48,117,48,117,FALSE,FALSE
8,55,941,991,1055,941,991,1055,941,991,1055,50,114,50,114,FALSE,FALSE
8,56,895,963,1022,895,963,1022,895,963,1022,68,127,68,127,FALSE,FALSE
8,57,856,942,984,856,942,984,856,942,984,86,128,86,128,FALSE,FALSE
8,58,820,911,950,820,911,950,820,911,950,91,130,91,130,FALSE,FALSE
8,59,779,877,919,779,877,919,779,877,919,98,140,98,140,FALSE,FALSE
8,60,731,838,873,731,838,873,731,838,873,107,142,107,142,FALSE,FALSE
9,0,158,158,158,158,158,158,158,158,158,0,0,0,0,TRUE,TRUE
9,1,223,216,225,223,216,225,223,216,225,-7,2,7,2,FALSE,FALSE
9,2,316,289,320,316,289,320,316,289,320,-27,4,27,4,FALSE,FALSE
9,3,450,401,439,450,401,439,450,401,439,-49,-11,49,11,FALSE,FALSE
9,4,646,537,614,646,537,614,646,537,614,-109,-32,109,32,FALSE,FALSE
9,5,854,707,892,854,707,892,854,707,892,-147,38,147,38,FALSE,FALSE
9,6,1153,931,1197,1153,931,1197,1153,931,1197,-222,44,222,44,FALSE,FALSE
9,7,1460,1198,1586,1460,1198,1586,1460,1198,1586,-262,126,262,126,FALSE,FALSE
9,8,1841,1496,1990,1841,1496,1990,1841,1496,1990,-345,149,345,149,FALSE,FALSE
9,9,2244,1804,2435,2244,1804,2435,2244,1804,2435,-440,191,440,191,FALSE,FALSE
9,10,2574,2123,2749,2574,2123,2749,2574,2123,2749,-451,175,451,175,FALSE,FALSE
9,11,2848,2412,3029,2848,2412,3029,2848,2412,3029,-436,181,436,181,FALSE,FALSE
9,12,3028,2580,3151,3028,2580,3151,3028,2580,3151,-448,123,448,123,FALSE,FALSE
9,13,3118,2735,3136,3118,2735,3136,3118,2735,3136,-383,18,383,18,FALSE,FALSE
9,14,3026,2766,3060,3026,2766,3060,3026,2766,3060,-260,34,260,34,FALSE,FALSE
9,15,2839,2749,2861,2839,2749,2861,2839,2749,2861,-90,22,90,22,FALSE,FALSE
9,16,2632,2629,2590,2632,2629,2590,2632,2629,2590,-3,-42,3,42,FALSE,FALSE
9,17,2389,2519,2360,2389,2519,2360,2389,2519,2360,130,-29,130,29,FALSE,FALSE
9,18,2164,2345,2092,2164,2345,2092,2164,2345,2092,181,-72,181,72,FALSE,FALSE
9,19,1922,2159,1850,1922,2159,1850,1922,2159,1850,237,-72,237,72,FALSE,FALSE
9,20,1646,1941,1620,1646,1941,1620,1646,1941,1620,295,-26,295,26,FALSE,FALSE
9,21,1457,1724,1404,1457,1724,1404,1457,1724,1404,267,-53,267,53,FALSE,FALSE
9,22,1286,1523,1190,1286,1523,1190,1286,1523,1190,237,-96,237,96,FALSE,FALSE
9,23,1105,1348,1038,1105,1348,1038,1105,1348,1038,243,-67,243,67,FALSE,FALSE
9,24,970,1210,881,970,1210,881,970,1210,881,240,-89,240,89,FALSE,FALSE
9,25,829,1049,769,829,1049,769,829,1049,769,220,-60,220,60,FALSE,FALSE
9,26,708,934,665,708,934,665,708,934,665,226,-43,226,43,FALSE,FALSE
9,27,601,827,575,601,827,575,601,827,575,226,-26,226,26,FALSE,FALSE
9,28,528,710,488,528,710,488,528,710,488,182,-40,182,40,FALSE,FALSE
9,29,446,623,412,446,623,412,446,623,412,177,-34,177,34,FALSE,FALSE
9,30,374,533,343,374,533,343,374,533,343,159,-31,159,31,FALSE,FALSE
9,31,327,474,289,327,474,289,327,474,289,147,-38,147,38,FALSE,FALSE
9,32,282,412,254,282,412,254,282,412,254,130,-28,130,28,FALSE,FALSE
9,33,235,353,217,235,353,217,235,353,217,118,-18,118,18,FALSE,FALSE
9,34,195,303,188,195,303,188,195,303,188,108,-7,108,7,FALSE,FALSE
9,35,177,262,161,177,262,161,177,262,161,85,-16,85,16,FALSE,FALSE
9,36,154,227,142,154,227,142,154,227,142,73,-12,73,12,FALSE,FALSE
9,37,136,203,112,136,203,112,136,203,112,67,-24,67,24,FALSE,FALSE
9,38,118,176,85,118,176,85,118,176,85,58,-33,58,33,FALSE,FALSE
9,39,94,147,71,94,147,71,94,147,71,53,-23,53,23,FALSE,FALSE
9,40,80,125,62,80,125,62,80,125,62,45,-18,45,18,FALSE,FALSE
9,41,66,112,54,66,112,54,66,112,54,46,-12,46,12,FALSE,FALSE
9,42,56,97,47,56,97,47,56,97,47,41,-9,41,9,FALSE,FALSE
9,43,55,84,38,55,84,38,55,84,38,29,-17,29,17,FALSE,FALSE
9,44,46,78,30,46,78,30,46,78,30,32,-16,32,16,FALSE,FALSE
9,45,36,70,23,36,70,23,36,70,23,34,-13,34,13,FALSE,FALSE
9,46,31,60,21,31,60,21,31,60,21,29,-10,29,10,FALSE,FALSE
9,47,28,49,17,28,49,17,28,49,17,21,-11,21,11,FALSE,FALSE
9,48,27,41,15,27,41,15,27,41,15,14,-12,14,12,FALSE,FALSE
9,49,21,36,13,21,36,13,21,36,13,15,-8,15,8,FALSE,FALSE
9,50,20,27,12,20,27,12,20,27,12,7,-8,7,8,FALSE,FALSE
9,51,18,24,10,18,24,10,18,24,10,6,-8,6,8,FALSE,FALSE
9,52,15,21,8,15,21,8,15,21,8,6,-7,6,7,FALSE,FALSE
9,53,12,18,6,12,18,6,12,18,6,6,-6,6,6,FALSE,FALSE
9,54,10,16,6,10,16,6,10,16,6,6,-4,6,4,FALSE,FALSE
9,55,9,16,6,9,16,6,9,16,6,7,-3,7,3,FALSE,FALSE
9,56,8,15,7,8,15,7,8,15,7,7,-1,7,1,FALSE,FALSE
9,57,8,14,5,8,14,5,8,14,5,6,-3,6,3,FALSE,FALSE
9,58,7,13,3,7,13,3,7,13,3,6,-4,6,4,FALSE,FALSE
9,59,6,11,3,6,11,3,6,11,3,5,-3,5,3,FALSE,FALSE
9,60,6,9,3,6,9,3,6,9,3,3,-3,3,3,FALSE,FALSE
10,0,53,53,53,53,53,53,53,53,53,0,0,0,0,TRUE,TRUE
10,1,52,57,51,52,57,51,52,57,51,5,-1,5,1,FALSE,FALSE
10,2,60,62,51,60,62,51,60,62,51,2,-9,2,9,FALSE,FALSE
10,3,56,67,59,56,67,59,56,67,59,11,3,11,3,FALSE,FALSE
10,4,67,78,63,67,78,63,67,78,63,11,-4,11,4,FALSE,FALSE
10,5,76,81,76,76,81,76,76,81,76,5,0,5,0,FALSE,TRUE
10,6,91,96,87,91,96,87,91,96,87,5,-4,5,4,FALSE,FALSE
10,7,108,111,96,108,111,96,108,111,96,3,-12,3,12,FALSE,FALSE
10,8,127,124,109,127,124,109,127,124,109,-3,-18,3,18,FALSE,FALSE
10,9,136,140,124,136,140,124,136,140,124,4,-12,4,12,FALSE,FALSE
10,10,148,144,148,148,144,148,148,144,148,-4,0,4,0,FALSE,TRUE
10,11,163,143,161,163,143,161,163,143,161,-20,-2,20,2,FALSE,FALSE
10,12,170,150,193,170,150,193,170,150,193,-20,23,20,23,FALSE,FALSE
10,13,161,155,215,161,155,215,161,155,215,-6,54,6,54,FALSE,FALSE
10,14,194,164,239,194,164,239,194,164,239,-30,45,30,45,FALSE,FALSE
10,15,221,190,250,221,190,250,221,190,250,-31,29,31,29,FALSE,FALSE
10,16,253,207,277,253,207,277,253,207,277,-46,24,46,24,FALSE,FALSE
10,17,269,232,302,269,232,302,269,232,302,-37,33,37,33,FALSE,FALSE
10,18,280,258,334,280,258,334,280,258,334,-22,54,22,54,FALSE,FALSE
10,19,299,264,364,299,264,364,299,264,364,-35,65,35,65,FALSE,FALSE
10,20,303,282,394,303,282,394,303,282,394,-21,91,21,91,FALSE,FALSE
10,21,324,304,419,324,304,419,324,304,419,-20,95,20,95,FALSE,FALSE
10,22,335,324,434,335,324,434,335,324,434,-11,99,11,99,FALSE,FALSE
10,23,338,342,447,338,342,447,338,342,447,4,109,4,109,FALSE,FALSE
10,24,364,384,461,364,384,461,364,384,461,20,97,20,97,FALSE,FALSE
10,25,382,420,487,382,420,487,382,420,487,38,105,38,105,FALSE,FALSE
10,26,416,447,512,416,447,512,416,447,512,31,96,31,96,FALSE,FALSE
10,27,435,480,540,435,480,540,435,480,540,45,105,45,105,FALSE,FALSE
10,28,455,499,566,455,499,566,455,499,566,44,111,44,111,FALSE,FALSE
10,29,465,537,606,465,537,606,465,537,606,72,141,72,141,FALSE,FALSE
10,30,459,557,603,459,557,603,459,557,603,98,144,98,144,FALSE,FALSE
10,31,474,579,613,474,579,613,474,579,613,105,139,105,139,FALSE,FALSE
10,32,501,608,626,501,608,626,501,608,626,107,125,107,125,FALSE,FALSE
10,33,533,635,643,533,635,643,533,635,643,102,110,102,110,FALSE,FALSE
10,34,536,655,649,536,655,649,536,655,649,119,113,119,113,FALSE,FALSE
10,35,551,652,651,551,652,651,551,652,651,101,100,101,100,FALSE,FALSE
10,36,563,652,636,563,652,636,563,652,636,89,73,89,73,FALSE,FALSE
10,37,554,655,631,554,655,631,554,655,631,101,77,101,77,FALSE,FALSE
10,38,549,634,642,549,634,642,549,634,642,85,93,85,93,FALSE,FALSE
10,39,541,615,607,541,615,607,541,615,607,74,66,74,66,FALSE,FALSE
10,40,538,605,606,538,605,606,538,605,606,67,68,67,68,FALSE,FALSE
10,41,564,576,589,564,576,589,564,576,589,12,25,12,25,FALSE,FALSE
10,42,545,563,585,545,563,585,545,563,585,18,40,18,40,FALSE,FALSE
10,43,532,557,582,532,557,582,532,557,582,25,50,25,50,FALSE,FALSE
10,44,504,527,567,504,527,567,504,527,567,23,63,23,63,FALSE,FALSE
10,45,490,472,529,490,472,529,490,472,529,-18,39,18,39,FALSE,FALSE
10,46,478,452,497,478,452,497,478,452,497,-26,19,26,19,FALSE,FALSE
10,47,463,439,478,463,439,478,463,439,478,-24,15,24,15,FALSE,FALSE
10,48,430,433,463,430,433,463,430,433,463,3,33,3,33,FALSE,FALSE
10,49,417,402,435,417,402,435,417,402,435,-15,18,15,18,FALSE,FALSE
10,50,406,360,400,406,360,400,406,360,400,-46,-6,46,6,FALSE,FALSE
10,51,379,348,369,379,348,369,379,348,369,-31,-10,31,10,FALSE,FALSE
10,52,382,325,350,382,325,350,382,325,350,-57,-32,57,32,FALSE,FALSE
10,53,343,313,320,343,313,320,343,313,320,-30,-23,30,23,FALSE,FALSE
10,54,331,292,300,331,292,300,331,292,300,-39,-31,39,31,FALSE,FALSE
10,55,297,257,287,297,257,287,297,257,287,-40,-10,40,10,FALSE,FALSE
10,56,286,244,262,286,244,262,286,244,262,-42,-24,42,24,FALSE,FALSE
10,57,275,223,251,275,223,251,275,223,251,-52,-24,52,24,FALSE,FALSE
10,58,257,209,233,257,209,233,257,209,233,-48,-24,48,24,FALSE,FALSE
10,59,234,210,217,234,210,217,234,210,217,-24,-17,24,17,FALSE,FALSE
10,60,227,194,191,227,194,191,227,194,191,-33,-36,33,36,FALSE,FALSE
11,0,76,76,76,76,76,76,76,76,76,0,0,0,0,TRUE,TRUE
11,1,109,92,97,109,92,97,109,92,97,-17,-12,17,12,FALSE,FALSE
11,2,149,119,130,149,119,130,149,119,130,-30,-19,30,19,FALSE,FALSE
11,3,206,165,158,206,165,158,206,165,158,-41,-48,41,48,FALSE,FALSE
11,4,246,224,208,246,224,208,246,224,208,-22,-38,22,38,FALSE,FALSE
11,5,311,268,273,311,268,273,311,268,273,-43,-38,43,38,FALSE,FALSE
11,6,420,330,357,420,330,357,420,330,357,-90,-63,90,63,FALSE,FALSE
11,7,534,422,469,534,422,469,534,422,469,-112,-65,112,65,FALSE,FALSE
11,8,677,528,584,677,528,584,677,528,584,-149,-93,149,93,FALSE,FALSE
11,9,859,680,722,859,680,722,859,680,722,-179,-137,179,137,FALSE,FALSE
11,10,1029,832,911,1029,832,911,1029,832,911,-197,-118,197,118,FALSE,FALSE
11,11,1247,1010,1092,1247,1010,1092,1247,1010,1092,-237,-155,237,155,FALSE,FALSE
11,12,1448,1213,1298,1448,1213,1298,1448,1213,1298,-235,-150,235,150,FALSE,FALSE
11,13,1620,1413,1498,1620,1413,1498,1620,1413,1498,-207,-122,207,122,FALSE,FALSE
11,14,1746,1550,1700,1746,1550,1700,1746,1550,1700,-196,-46,196,46,FALSE,FALSE
11,15,1866,1714,1874,1866,1714,1874,1866,1714,1874,-152,8,152,8,FALSE,FALSE
11,16,1979,1840,1987,1979,1840,1987,1979,1840,1987,-139,8,139,8,FALSE,FALSE
11,17,2059,1923,2085,2059,1923,2085,2059,1923,2085,-136,26,136,26,FALSE,FALSE
11,18,2042,1956,2110,2042,1956,2110,2042,1956,2110,-86,68,86,68,FALSE,FALSE
11,19,2010,1980,2128,2010,1980,2128,2010,1980,2128,-30,118,30,118,FALSE,FALSE
11,20,1929,1960,2065,1929,1960,2065,1929,1960,2065,31,136,31,136,FALSE,FALSE
11,21,1833,1878,1973,1833,1878,1973,1833,1878,1973,45,140,45,140,FALSE,FALSE
11,22,1725,1794,1901,1725,1794,1901,1725,1794,1901,69,176,69,176,FALSE,FALSE
11,23,1585,1689,1782,1585,1689,1782,1585,1689,1782,104,197,104,197,FALSE,FALSE
11,24,1464,1591,1649,1464,1591,1649,1464,1591,1649,127,185,127,185,FALSE,FALSE
11,25,1361,1467,1505,1361,1467,1505,1361,1467,1505,106,144,106,144,FALSE,FALSE
11,26,1259,1344,1377,1259,1344,1377,1259,1344,1377,85,118,85,118,FALSE,FALSE
11,27,1123,1243,1240,1123,1243,1240,1123,1243,1240,120,117,120,117,FALSE,FALSE
11,28,1020,1130,1148,1020,1130,1148,1020,1130,1148,110,128,110,128,FALSE,FALSE
11,29,930,1014,1028,930,1014,1028,930,1014,1028,84,98,84,98,FALSE,FALSE
11,30,820,908,933,820,908,933,820,908,933,88,113,88,113,FALSE,FALSE
11,31,743,827,818,743,827,818,743,827,818,84,75,84,75,FALSE,FALSE
11,32,666,746,761,666,746,761,666,746,761,80,95,80,95,FALSE,FALSE
11,33,594,655,677,594,655,677,594,655,677,61,83,61,83,FALSE,FALSE
11,34,530,581,607,530,581,607,530,581,607,51,77,51,77,FALSE,FALSE
11,35,462,518,539,462,518,539,462,518,539,56,77,56,77,FALSE,FALSE
11,36,414,454,488,414,454,488,414,454,488,40,74,40,74,FALSE,FALSE
11,37,363,417,447,363,417,447,363,417,447,54,84,54,84,FALSE,FALSE
11,38,323,357,405,323,357,405,323,357,405,34,82,34,82,FALSE,FALSE
11,39,280,320,372,280,320,372,280,320,372,40,92,40,92,FALSE,FALSE
11,40,242,291,326,242,291,326,242,291,326,49,84,49,84,FALSE,FALSE
11,41,203,255,300,203,255,300,203,255,300,52,97,52,97,FALSE,FALSE
11,42,167,215,276,167,215,276,167,215,276,48,109,48,109,FALSE,FALSE
11,43,145,203,247,145,203,247,145,203,247,58,102,58,102,FALSE,FALSE
11,44,125,185,223,125,185,223,125,185,223,60,98,60,98,FALSE,FALSE
11,45,102,162,191,102,162,191,102,162,191,60,89,60,89,FALSE,FALSE
11,46,92,139,157,92,139,157,92,139,157,47,65,47,65,FALSE,FALSE
11,47,75,118,136,75,118,136,75,118,136,43,61,43,61,FALSE,FALSE
11,48,69,106,118,69,106,118,69,106,118,37,49,37,49,FALSE,FALSE
11,49,54,87,108,54,87,108,54,87,108,33,54,33,54,FALSE,FALSE
11,50,44,77,92,44,77,92,44,77,92,33,48,33,48,FALSE,FALSE
11,51,42,63,74,42,63,74,42,63,74,21,32,21,32,FALSE,FALSE
11,52,38,58,65,38,58,65,38,58,65,20,27,20,27,FALSE,FALSE
11,53,31,55,59,31,55,59,31,55,59,24,28,24,28,FALSE,FALSE
11,54,23,41,54,23,41,54,23,41,54,18,31,18,31,FALSE,FALSE
11,55,19,34,50,19,34,50,19,34,50,15,31,15,31,FALSE,FALSE
11,56,15,27,44,15,27,44,15,27,44,12,29,12,29,FALSE,FALSE
11,57,14,20,41,14,20,41,14,20,41,6,27,6,27,FALSE,FALSE
11,58,12,16,41,12,16,41,12,16,41,4,29,4,29,FALSE,FALSE
11,59,8,14,37,8,14,37,8,14,37,6,29,6,29,FALSE,FALSE
11,60,7,12,31,7,12,31,7,12,31,5,24,5,24,FALSE,FALSE
12,0,68,68,68,68,68,68,68,68,68,0,0,0,0,TRUE,TRUE
12,1,98,92,110,98,92,110,98,92,110,-6,12,6,12,FALSE,FALSE
12,2,148,120,166,148,120,166,148,120,166,-28,18,28,18,FALSE,FALSE
12,3,232,162,241,232,162,241,232,162,241,-70,9,70,9,FALSE,FALSE
12,4,347,230,354,347,230,354,347,230,354,-117,7,117,7,FALSE,FALSE
12,5,538,318,527,538,318,527,538,318,527,-220,-11,220,11,FALSE,FALSE
12,6,786,433,740,786,433,740,786,433,740,-353,-46,353,46,FALSE,FALSE
12,7,1122,605,1062,1122,605,1062,1122,605,1062,-517,-60,517,60,FALSE,FALSE
12,8,1489,857,1390,1489,857,1390,1489,857,1390,-632,-99,632,99,FALSE,FALSE
12,9,1893,1120,1785,1893,1120,1785,1893,1120,1785,-773,-108,773,108,FALSE,FALSE
12,10,2248,1402,2167,2248,1402,2167,2248,1402,2167,-846,-81,846,81,FALSE,FALSE
12,11,2508,1662,2418,2508,1662,2418,2508,1662,2418,-846,-90,846,90,FALSE,FALSE
12,12,2643,1963,2578,2643,1963,2578,2643,1963,2578,-680,-65,680,65,FALSE,FALSE
12,13,2636,2225,2590,2636,2225,2590,2636,2225,2590,-411,-46,411,46,FALSE,FALSE
12,14,2514,2338,2480,2514,2338,2480,2514,2338,2480,-176,-34,176,34,FALSE,FALSE
12,15,2343,2321,2297,2343,2321,2297,2343,2321,2297,-22,-46,22,46,FALSE,FALSE
12,16,2092,2240,2119,2092,2240,2119,2092,2240,2119,148,27,148,27,FALSE,FALSE
12,17,1833,2123,1863,1833,2123,1863,1833,2123,1863,290,30,290,30,FALSE,FALSE
12,18,1605,1965,1635,1605,1965,1635,1605,1965,1635,360,30,360,30,FALSE,FALSE
12,19,1403,1745,1411,1403,1745,1411,1403,1745,1411,342,8,342,8,FALSE,FALSE
12,20,1198,1546,1191,1198,1546,1191,1198,1546,1191,348,-7,348,7,FALSE,FALSE
12,21,1029,1378,1023,1029,1378,1023,1029,1378,1023,349,-6,349,6,FALSE,FALSE
12,22,881,1209,875,881,1209,875,881,1209,875,328,-6,328,6,FALSE,FALSE
12,23,741,1064,754,741,1064,754,741,1064,754,323,13,323,13,FALSE,FALSE
12,24,631,935,663,631,935,663,631,935,663,304,32,304,32,FALSE,FALSE
12,25,520,823,555,520,823,555,520,823,555,303,35,303,35,FALSE,FALSE
12,26,450,725,474,450,725,474,450,725,474,275,24,275,24,FALSE,FALSE
12,27,362,614,402,362,614,402,362,614,402,252,40,252,40,FALSE,FALSE
12,28,296,537,347,296,537,347,296,537,347,241,51,241,51,FALSE,FALSE
12,29,252,435,291,252,435,291,252,435,291,183,39,183,39,FALSE,FALSE
12,30,214,366,234,214,366,234,214,366,234,152,20,152,20,FALSE,FALSE
12,31,180,314,195,180,314,195,180,314,195,134,15,134,15,FALSE,FALSE
12,32,150,268,168,150,268,168,150,268,168,118,18,118,18,FALSE,FALSE
12,33,124,227,135,124,227,135,124,227,135,103,11,103,11,FALSE,FALSE
12,34,106,205,110,106,205,110,106,205,110,99,4,99,4,FALSE,FALSE
12,35,88,182,93,88,182,93,88,182,93,94,5,94,5,FALSE,FALSE
12,36,73,152,72,73,152,72,73,152,72,79,-1,79,1,FALSE,FALSE
12,37,64,131,61,64,131,61,64,131,61,67,-3,67,3,FALSE,FALSE
12,38,59,114,48,59,114,48,59,114,48,55,-11,55,11,FALSE,FALSE
12,39,50,99,37,50,99,37,50,99,37,49,-13,49,13,FALSE,FALSE
12,40,42,82,28,42,82,28,42,82,28,40,-14,40,14,FALSE,FALSE
12,41,36,74,27,36,74,27,36,74,27,38,-9,38,9,FALSE,FALSE
12,42,27,61,24,27,61,24,27,61,24,34,-3,34,3,FALSE,FALSE
12,43,22,51,19,22,51,19,22,51,19,29,-3,29,3,FALSE,FALSE
12,44,17,42,14,17,42,14,17,42,14,25,-3,25,3,FALSE,FALSE
12,45,16,39,11,16,39,11,16,39,11,23,-5,23,5,FALSE,FALSE
12,46,13,29,10,13,29,10,13,29,10,16,-3,16,3,FALSE,FALSE
12,47,11,24,9,11,24,9,11,24,9,13,-2,13,2,FALSE,FALSE
12,48,8,21,7,8,21,7,8,21,7,13,-1,13,1,FALSE,FALSE
12,49,8,16,6,8,16,6,8,16,6,8,-2,8,2,FALSE,FALSE
12,50,8,14,3,8,14,3,8,14,3,6,-5,6,5,FALSE,FALSE
12,51,8,12,3,8,12,3,8,12,3,4,-5,4,5,FALSE,FALSE
12,52,6,10,3,6,10,3,6,10,3,4,-3,4,3,FALSE,FALSE
12,53,2,10,2,2,10,2,2,10,2,8,0,8,0,FALSE,TRUE
12,54,1,8,2,1,8,2,1,8,2,7,1,7,1,FALSE,FALSE
12,55,1,9,2,1,9,2,1,9,2,8,1,8,1,FALSE,FALSE
12,56,1,8,2,1,8,2,1,8,2,7,1,7,1,FALSE,FALSE
12,57,1,7,2,1,7,2,1,7,2,6,1,6,1,FALSE,FALSE
12,58,1,5,2,1,5,2,1,5,2,4,1,4,1,FALSE,FALSE
12,59,1,3,2,1,3,2,1,3,2,2,1,2,1,FALSE,FALSE
12,60,0,3,1,0,3,1,0,3,1,3,1,3,1,FALSE,FALSE
13,0,93,93,93,93,93,93,93,93,93,0,0,0,0,TRUE,TRUE
13,1,107,103,108,107,103,108,107,103,108,-4,1,4,1,FALSE,FALSE
13,2,124,110,120,124,110,120,124,110,120,-14,-4,14,4,FALSE,FALSE
13,3,145,123,137,145,123,137,145,123,137,-22,-8,22,8,FALSE,FALSE
13,4,159,142,161,159,142,161,159,142,161,-17,2,17,2,FALSE,FALSE
13,5,177,147,178,177,147,178,177,147,178,-30,1,30,1,FALSE,FALSE
13,6,192,154,205,192,154,205,192,154,205,-38,13,38,13,FALSE,FALSE
13,7,204,163,233,204,163,233,204,163,233,-41,29,41,29,FALSE,FALSE
13,8,228,177,256,228,177,256,228,177,256,-51,28,51,28,FALSE,FALSE
13,9,243,191,278,243,191,278,243,191,278,-52,35,52,35,FALSE,FALSE
13,10,263,208,310,263,208,310,263,208,310,-55,47,55,47,FALSE,FALSE
13,11,276,220,328,276,220,328,276,220,328,-56,52,56,52,FALSE,FALSE
13,12,297,237,357,297,237,357,297,237,357,-60,60,60,60,FALSE,FALSE
13,13,324,259,404,324,259,404,324,259,404,-65,80,65,80,FALSE,FALSE
13,14,364,277,440,364,277,440,364,277,440,-87,76,87,76,FALSE,FALSE
13,15,396,309,459,396,309,459,396,309,459,-87,63,87,63,FALSE,FALSE
13,16,428,346,502,428,346,502,428,346,502,-82,74,82,74,FALSE,FALSE
13,17,452,357,533,452,357,533,452,357,533,-95,81,95,81,FALSE,FALSE
13,18,489,390,567,489,390,567,489,390,567,-99,78,99,78,FALSE,FALSE
13,19,538,397,599,538,397,599,538,397,599,-141,61,141,61,FALSE,FALSE
13,20,572,429,656,572,429,656,572,429,656,-143,84,143,84,FALSE,FALSE
13,21,599,437,651,599,437,651,599,437,651,-162,52,162,52,FALSE,FALSE
13,22,643,455,670,643,455,670,643,455,670,-188,27,188,27,FALSE,FALSE
13,23,673,497,693,673,497,693,673,497,693,-176,20,176,20,FALSE,FALSE
13,24,701,510,733,701,510,733,701,510,733,-191,32,191,32,FALSE,FALSE
13,25,730,548,779,730,548,779,730,548,779,-182,49,182,49,FALSE,FALSE
13,26,758,594,804,758,594,804,758,594,804,-164,46,164,46,FALSE,FALSE
13,27,776,602,824,776,602,824,776,602,824,-174,48,174,48,FALSE,FALSE
13,28,791,644,864,791,644,864,791,644,864,-147,73,147,73,FALSE,FALSE
13,29,807,681,886,807,681,886,807,681,886,-126,79,126,79,FALSE,FALSE
13,30,788,718,862,788,718,862,788,718,862,-70,74,70,74,FALSE,FALSE
13,31,782,741,862,782,741,862,782,741,862,-41,80,41,80,FALSE,FALSE
13,32,765,760,867,765,760,867,765,760,867,-5,102,5,102,FALSE,FALSE
13,33,783,765,855,783,765,855,783,765,855,-18,72,18,72,FALSE,FALSE
13,34,793,797,846,793,797,846,793,797,846,4,53,4,53,FALSE,FALSE
13,35,803,822,838,803,822,838,803,822,838,19,35,19,35,FALSE,FALSE
13,36,812,839,859,812,839,859,812,839,859,27,47,27,47,FALSE,FALSE
13,37,774,862,822,774,862,822,774,862,822,88,48,88,48,FALSE,FALSE
13,38,740,862,817,740,862,817,740,862,817,122,77,122,77,FALSE,FALSE
13,39,748,850,795,748,850,795,748,850,795,102,47,102,47,FALSE,FALSE
13,40,740,849,762,740,849,762,740,849,762,109,22,109,22,FALSE,FALSE
13,41,709,838,708,709,838,708,709,838,708,129,-1,129,1,FALSE,FALSE
13,42,673,857,677,673,857,677,673,857,677,184,4,184,4,FALSE,FALSE
13,43,641,818,643,641,818,643,641,818,643,177,2,177,2,FALSE,FALSE
13,44,616,781,600,616,781,600,616,781,600,165,-16,165,16,FALSE,FALSE
13,45,602,756,584,602,756,584,602,756,584,154,-18,154,18,FALSE,FALSE
13,46,587,746,549,587,746,549,587,746,549,159,-38,159,38,FALSE,FALSE
13,47,567,736,502,567,736,502,567,736,502,169,-65,169,65,FALSE,FALSE
13,48,528,726,478,528,726,478,528,726,478,198,-50,198,50,FALSE,FALSE
13,49,494,696,468,494,696,468,494,696,468,202,-26,202,26,FALSE,FALSE
13,50,458,688,455,458,688,455,458,688,455,230,-3,230,3,FALSE,FALSE
13,51,424,659,432,424,659,432,424,659,432,235,8,235,8,FALSE,FALSE
13,52,383,632,411,383,632,411,383,632,411,249,28,249,28,FALSE,FALSE
13,53,360,598,400,360,598,400,360,598,400,238,40,238,40,FALSE,FALSE
13,54,340,559,381,340,559,381,340,559,381,219,41,219,41,FALSE,FALSE
13,55,318,521,361,318,521,361,318,521,361,203,43,203,43,FALSE,FALSE
13,56,306,486,341,306,486,341,306,486,341,180,35,180,35,FALSE,FALSE
13,57,272,456,314,272,456,314,272,456,314,184,42,184,42,FALSE,FALSE
13,58,255,449,295,255,449,295,255,449,295,194,40,194,40,FALSE,FALSE
13,59,230,426,275,230,426,275,230,426,275,196,45,196,45,FALSE,FALSE
13,60,217,398,252,217,398,252,217,398,252,181,35,181,35,FALSE,FALSE
14,0,115,115,115,115,115,115,115,115,115,0,0,0,0,TRUE,TRUE
14,1,150,155,181,150,155,181,150,155,181,5,31,5,31,FALSE,FALSE
14,2,206,210,243,206,210,243,206,210,243,4,37,4,37,FALSE,FALSE
14,3,295,294,312,295,294,312,295,294,312,-1,17,1,17,FALSE,FALSE
14,4,384,388,427,384,388,427,384,388,427,4,43,4,43,FALSE,FALSE
14,5,501,532,562,501,532,562,501,532,562,31,61,31,61,FALSE,FALSE
14,6,695,704,758,695,704,758,695,704,758,9,63,9,63,FALSE,FALSE
14,7,933,880,1005,933,880,1005,933,880,1005,-53,72,53,72,FALSE,FALSE
14,8,1210,1102,1248,1210,1102,1248,1210,1102,1248,-108,38,108,38,FALSE,FALSE
14,9,1485,1392,1594,1485,1392,1594,1485,1392,1594,-93,109,93,109,FALSE,FALSE
14,10,1739,1646,1891,1739,1646,1891,1739,1646,1891,-93,152,93,152,FALSE,FALSE
14,11,2035,1867,2178,2035,1867,2178,2035,1867,2178,-168,143,168,143,FALSE,FALSE
14,12,2307,2084,2432,2307,2084,2432,2307,2084,2432,-223,125,223,125,FALSE,FALSE
14,13,2500,2311,2617,2500,2311,2617,2500,2311,2617,-189,117,189,117,FALSE,FALSE
14,14,2632,2452,2753,2632,2452,2753,2632,2452,2753,-180,121,180,121,FALSE,FALSE
14,15,2692,2553,2781,2692,2553,2781,2692,2553,2781,-139,89,139,89,FALSE,FALSE
14,16,2684,2607,2743,2684,2607,2743,2684,2607,2743,-77,59,77,59,FALSE,FALSE
14,17,2631,2613,2606,2631,2613,2606,2631,2613,2606,-18,-25,18,25,FALSE,FALSE
14,18,2509,2519,2488,2509,2519,2488,2509,2519,2488,10,-21,10,21,FALSE,FALSE
14,19,2347,2393,2331,2347,2393,2331,2347,2393,2331,46,-16,46,16,FALSE,FALSE
14,20,2158,2292,2145,2158,2292,2145,2158,2292,2145,134,-13,134,13,FALSE,FALSE
14,21,2001,2135,1957,2001,2135,1957,2001,2135,1957,134,-44,134,44,FALSE,FALSE
14,22,1834,1978,1820,1834,1978,1820,1834,1978,1820,144,-14,144,14,FALSE,FALSE
14,23,1673,1833,1659,1673,1833,1659,1673,1833,1659,160,-14,160,14,FALSE,FALSE
14,24,1512,1687,1506,1512,1687,1506,1512,1687,1506,175,-6,175,6,FALSE,FALSE
14,25,1358,1523,1363,1358,1523,1363,1358,1523,1363,165,5,165,5,FALSE,FALSE
14,26,1214,1361,1221,1214,1361,1221,1214,1361,1221,147,7,147,7,FALSE,FALSE
14,27,1099,1237,1105,1099,1237,1105,1099,1237,1105,138,6,138,6,FALSE,FALSE
14,28,976,1116,1000,976,1116,1000,976,1116,1000,140,24,140,24,FALSE,FALSE
14,29,900,974,892,900,974,892,900,974,892,74,-8,74,8,FALSE,FALSE
14,30,805,880,803,805,880,803,805,880,803,75,-2,75,2,FALSE,FALSE
14,31,707,794,733,707,794,733,707,794,733,87,26,87,26,FALSE,FALSE
14,32,633,717,664,633,717,664,633,717,664,84,31,84,31,FALSE,FALSE
14,33,567,644,604,567,644,604,567,644,604,77,37,77,37,FALSE,FALSE
14,34,501,576,545,501,576,545,501,576,545,75,44,75,44,FALSE,FALSE
14,35,446,520,482,446,520,482,446,520,482,74,36,74,36,FALSE,FALSE
14,36,394,465,440,394,465,440,394,465,440,71,46,71,46,FALSE,FALSE
14,37,355,409,381,355,409,381,355,409,381,54,26,54,26,FALSE,FALSE
14,38,317,364,327,317,364,327,317,364,327,47,10,47,10,FALSE,FALSE
14,39,276,326,296,276,326,296,276,326,296,50,20,50,20,FALSE,FALSE
14,40,250,293,264,250,293,264,250,293,264,43,14,43,14,FALSE,FALSE
14,41,226,258,232,226,258,232,226,258,232,32,6,32,6,FALSE,FALSE
14,42,202,217,205,202,217,205,202,217,205,15,3,15,3,FALSE,FALSE
14,43,184,197,181,184,197,181,184,197,181,13,-3,13,3,FALSE,FALSE
14,44,168,176,155,168,176,155,168,176,155,8,-13,8,13,FALSE,FALSE
14,45,146,159,135,146,159,135,146,159,135,13,-11,13,11,FALSE,FALSE
14,46,129,142,121,129,142,121,129,142,121,13,-8,13,8,FALSE,FALSE
14,47,119,128,107,119,128,107,119,128,107,9,-12,9,12,FALSE,FALSE
14,48,106,114,103,106,114,103,106,114,103,8,-3,8,3,FALSE,FALSE
14,49,93,100,91,93,100,91,93,100,91,7,-2,7,2,FALSE,FALSE
14,50,88,85,81,88,85,81,88,85,81,-3,-7,3,7,FALSE,FALSE
14,51,76,78,73,76,78,73,76,78,73,2,-3,2,3,FALSE,FALSE
14,52,71,61,67,71,61,67,71,61,67,-10,-4,10,4,FALSE,FALSE
14,53,59,62,61,59,62,61,59,62,61,3,2,3,2,FALSE,FALSE
14,54,52,53,56,52,53,56,52,53,56,1,4,1,4,FALSE,FALSE
14,55,49,51,48,49,51,48,49,51,48,2,-1,2,1,FALSE,FALSE
14,56,44,45,44,44,45,44,44,45,44,1,0,1,0,FALSE,TRUE
14,57,40,43,38,40,43,38,40,43,38,3,-2,3,2,FALSE,FALSE
14,58,35,37,39,35,37,39,35,37,39,2,4,2,4,FALSE,FALSE
14,59,33,33,35,33,33,35,33,33,35,0,2,0,2,TRUE,FALSE
14,60,29,27,31,29,27,31,29,27,31,-2,2,2,2,FALSE,FALSE
15,0,106,106,106,106,106,106,106,106,106,0,0,0,0,TRUE,TRUE
15,1,167,162,168,167,162,168,167,162,168,-5,1,5,1,FALSE,FALSE
15,2,253,243,260,253,243,260,253,243,260,-10,7,10,7,FALSE,FALSE
15,3,382,376,406,382,376,406,382,376,406,-6,24,6,24,FALSE,FALSE
15,4,593,616,628,593,616,628,593,616,628,23,35,23,35,FALSE,FALSE
15,5,871,906,958,871,906,958,871,906,958,35,87,35,87,FALSE,FALSE
15,6,1240,1294,1413,1240,1294,1413,1240,1294,1413,54,173,54,173,FALSE,FALSE
15,7,1748,1739,1940,1748,1739,1940,1748,1739,1940,-9,192,9,192,FALSE,FALSE
15,8,2326,2262,2509,2326,2262,2509,2326,2262,2509,-64,183,64,183,FALSE,FALSE
15,9,2838,2720,2980,2838,2720,2980,2838,2720,2980,-118,142,118,142,FALSE,FALSE
15,10,3203,2977,3292,3203,2977,3292,3203,2977,3292,-226,89,226,89,FALSE,FALSE
15,11,3316,3031,3384,3316,3031,3384,3316,3031,3384,-285,68,285,68,FALSE,FALSE
15,12,3168,2988,3221,3168,2988,3221,3168,2988,3221,-180,53,180,53,FALSE,FALSE
15,13,2897,2770,2924,2897,2770,2924,2897,2770,2924,-127,27,127,27,FALSE,FALSE
15,14,2585,2522,2587,2585,2522,2587,2585,2522,2587,-63,2,63,2,FALSE,FALSE
15,15,2272,2222,2194,2272,2222,2194,2272,2222,2194,-50,-78,50,78,FALSE,FALSE
15,16,1926,1905,1879,1926,1905,1879,1926,1905,1879,-21,-47,21,47,FALSE,FALSE
15,17,1646,1648,1587,1646,1648,1587,1646,1648,1587,2,-59,2,59,FALSE,FALSE
15,18,1374,1379,1332,1374,1379,1332,1374,1379,1332,5,-42,5,42,FALSE,FALSE
15,19,1119,1168,1086,1119,1168,1086,1119,1168,1086,49,-33,49,33,FALSE,FALSE
15,20,935,998,872,935,998,872,935,998,872,63,-63,63,63,FALSE,FALSE
15,21,746,816,713,746,816,713,746,816,713,70,-33,70,33,FALSE,FALSE
15,22,615,671,584,615,671,584,615,671,584,56,-31,56,31,FALSE,FALSE
15,23,487,546,467,487,546,467,487,546,467,59,-20,59,20,FALSE,FALSE
15,24,395,452,373,395,452,373,395,452,373,57,-22,57,22,FALSE,FALSE
15,25,333,370,302,333,370,302,333,370,302,37,-31,37,31,FALSE,FALSE
15,26,272,306,234,272,306,234,272,306,234,34,-38,34,38,FALSE,FALSE
15,27,214,241,176,214,241,176,214,241,176,27,-38,27,38,FALSE,FALSE
15,28,166,199,140,166,199,140,166,199,140,33,-26,33,26,FALSE,FALSE
15,29,126,163,113,126,163,113,126,163,113,37,-13,37,13,FALSE,FALSE
15,30,102,125,90,102,125,90,102,125,90,23,-12,23,12,FALSE,FALSE
15,31,83,98,77,83,98,77,83,98,77,15,-6,15,6,FALSE,FALSE
15,32,76,82,64,76,82,64,76,82,64,6,-12,6,12,FALSE,FALSE
15,33,51,69,50,51,69,50,51,69,50,18,-1,18,1,FALSE,FALSE
15,34,46,56,31,46,56,31,46,56,31,10,-15,10,15,FALSE,FALSE
15,35,37,52,22,37,52,22,37,52,22,15,-15,15,15,FALSE,FALSE
15,36,27,39,16,27,39,16,27,39,16,12,-11,12,11,FALSE,FALSE
15,37,22,33,15,22,33,15,22,33,15,11,-7,11,7,FALSE,FALSE
15,38,19,28,8,19,28,8,19,28,8,9,-11,9,11,FALSE,FALSE
15,39,18,25,5,18,25,5,18,25,5,7,-13,7,13,FALSE,FALSE
15,40,14,20,3,14,20,3,14,20,3,6,-11,6,11,FALSE,FALSE
15,41,13,18,1,13,18,1,13,18,1,5,-12,5,12,FALSE,FALSE
15,42,7,14,1,7,14,1,7,14,1,7,-6,7,6,FALSE,FALSE
15,43,4,12,1,4,12,1,4,12,1,8,-3,8,3,FALSE,FALSE
15,44,3,13,1,3,13,1,3,13,1,10,-2,10,2,FALSE,FALSE
15,45,3,11,1,3,11,1,3,11,1,8,-2,8,2,FALSE,FALSE
15,46,3,7,1,3,7,1,3,7,1,4,-2,4,2,FALSE,FALSE
15,47,3,5,1,3,5,1,3,5,1,2,-2,2,2,FALSE,FALSE
15,48,3,3,1,3,3,1,3,3,1,0,-2,0,2,TRUE,FALSE
15,49,3,3,0,3,3,0,3,3,0,0,-3,0,3,TRUE,FALSE
15,50,2,3,0,2,3,0,2,3,0,1,-2,1,2,FALSE,FALSE
15,51,2,3,0,2,3,0,2,3,0,1,-2,1,2,FALSE,FALSE
15,52,0,2,0,0,2,0,0,2,0,2,0,2,0,FALSE,TRUE
15,53,0,2,0,0,2,0,0,2,0,2,0,2,0,FALSE,TRUE
15,54,0,1,0,0,1,0,0,1,0,1,0,1,0,FALSE,TRUE
15,55,0,1,0,0,1,0,0,1,0,1,0,1,0,FALSE,TRUE
15,56,0,1,0,0,1,0,0,1,0,1,0,1,0,FALSE,TRUE
15,57,0,1,0,0,1,0,0,1,0,1,0,1,0,FALSE,TRUE
15,58,0,1,0,0,1,0,0,1,0,1,0,1,0,FALSE,TRUE
15,59,0,1,0,0,1,0,0,1,0,1,0,1,0,FALSE,TRUE
15,60,0,1,0,0,1,0,0,1,0,1,0,1,0,FALSE,TRUE
16,0,83,83,83,83,83,83,83,83,83,0,0,0,0,TRUE,TRUE
16,1,90,96,94,90,96,94,90,96,94,6,4,6,4,FALSE,FALSE
16,2,102,108,99,102,108,99,102,108,99,6,-3,6,3,FALSE,FALSE
16,3,113,126,108,113,126,108,113,126,108,13,-5,13,5,FALSE,FALSE
16,4,129,137,130,129,137,130,129,137,130,8,1,8,1,FALSE,FALSE
16,5,149,161,148,149,161,148,149,161,148,12,-1,12,1,FALSE,FALSE
16,6,175,182,174,175,182,174,175,182,174,7,-1,7,1,FALSE,FALSE
16,7,203,202,197,203,202,197,203,202,197,-1,-6,1,6,FALSE,FALSE
16,8,243,221,206,243,221,206,243,221,206,-22,-37,22,37,FALSE,FALSE
16,9,278,242,229,278,242,229,278,242,229,-36,-49,36,49,FALSE,FALSE
16,10,322,265,268,322,265,268,322,265,268,-57,-54,57,54,FALSE,FALSE
16,11,360,296,296,360,296,296,360,296,296,-64,-64,64,64,FALSE,FALSE
16,12,401,334,323,401,334,323,401,334,323,-67,-78,67,78,FALSE,FALSE
16,13,439,363,355,439,363,355,439,363,355,-76,-84,76,84,FALSE,FALSE
16,14,501,395,411,501,395,411,501,395,411,-106,-90,106,90,FALSE,FALSE
16,15,589,425,471,589,425,471,589,425,471,-164,-118,164,118,FALSE,FALSE
16,16,657,491,527,657,491,527,657,491,527,-166,-130,166,130,FALSE,FALSE
16,17,729,532,574,729,532,574,729,532,574,-197,-155,197,155,FALSE,FALSE
16,18,821,581,620,821,581,620,821,581,620,-240,-201,240,201,FALSE,FALSE
16,19,896,629,703,896,629,703,896,629,703,-267,-193,267,193,FALSE,FALSE
16,20,983,687,767,983,687,767,983,687,767,-296,-216,296,216,FALSE,FALSE
16,21,1083,753,863,1083,753,863,1083,753,863,-330,-220,330,220,FALSE,FALSE
16,22,1191,819,925,1191,819,925,1191,819,925,-372,-266,372,266,FALSE,FALSE
16,23,1287,843,1021,1287,843,1021,1287,843,1021,-444,-266,444,266,FALSE,FALSE
16,24,1352,910,1119,1352,910,1119,1352,910,1119,-442,-233,442,233,FALSE,FALSE
16,25,1462,965,1200,1462,965,1200,1462,965,1200,-497,-262,497,262,FALSE,FALSE
16,26,1567,1062,1282,1567,1062,1282,1567,1062,1282,-505,-285,505,285,FALSE,FALSE
16,27,1627,1126,1386,1627,1126,1386,1627,1126,1386,-501,-241,501,241,FALSE,FALSE
16,28,1734,1226,1470,1734,1226,1470,1734,1226,1470,-508,-264,508,264,FALSE,FALSE
16,29,1827,1315,1582,1827,1315,1582,1827,1315,1582,-512,-245,512,245,FALSE,FALSE
16,30,1922,1412,1661,1922,1412,1661,1922,1412,1661,-510,-261,510,261,FALSE,FALSE
16,31,2033,1548,1754,2033,1548,1754,2033,1548,1754,-485,-279,485,279,FALSE,FALSE
16,32,2123,1633,1865,2123,1633,1865,2123,1633,1865,-490,-258,490,258,FALSE,FALSE
16,33,2192,1699,1951,2192,1699,1951,2192,1699,1951,-493,-241,493,241,FALSE,FALSE
16,34,2269,1786,2023,2269,1786,2023,2269,1786,2023,-483,-246,483,246,FALSE,FALSE
16,35,2342,1829,2052,2342,1829,2052,2342,1829,2052,-513,-290,513,290,FALSE,FALSE
16,36,2365,1872,2124,2365,1872,2124,2365,1872,2124,-493,-241,493,241,FALSE,FALSE
16,37,2369,1958,2191,2369,1958,2191,2369,1958,2191,-411,-178,411,178,FALSE,FALSE
16,38,2392,1998,2205,2392,1998,2205,2392,1998,2205,-394,-187,394,187,FALSE,FALSE
16,39,2385,2004,2197,2385,2004,2197,2385,2004,2197,-381,-188,381,188,FALSE,FALSE
16,40,2395,2047,2189,2395,2047,2189,2395,2047,2189,-348,-206,348,206,FALSE,FALSE
16,41,2362,2085,2187,2362,2085,2187,2362,2085,2187,-277,-175,277,175,FALSE,FALSE
16,42,2341,2106,2201,2341,2106,2201,2341,2106,2201,-235,-140,235,140,FALSE,FALSE
16,43,2297,2104,2221,2297,2104,2221,2297,2104,2221,-193,-76,193,76,FALSE,FALSE
16,44,2231,2114,2209,2231,2114,2209,2231,2114,2209,-117,-22,117,22,FALSE,FALSE
16,45,2164,2092,2205,2164,2092,2205,2164,2092,2205,-72,41,72,41,FALSE,FALSE
16,46,2126,2070,2162,2126,2070,2162,2126,2070,2162,-56,36,56,36,FALSE,FALSE
16,47,2074,2052,2118,2074,2052,2118,2074,2052,2118,-22,44,22,44,FALSE,FALSE
16,48,1988,2055,2081,1988,2055,2081,1988,2055,2081,67,93,67,93,FALSE,FALSE
16,49,1908,1975,2040,1908,1975,2040,1908,1975,2040,67,132,67,132,FALSE,FALSE
16,50,1844,1941,1986,1844,1941,1986,1844,1941,1986,97,142,97,142,FALSE,FALSE
16,51,1808,1884,1944,1808,1884,1944,1808,1884,1944,76,136,76,136,FALSE,FALSE
16,52,1763,1817,1885,1763,1817,1885,1763,1817,1885,54,122,54,122,FALSE,FALSE
16,53,1690,1765,1848,1690,1765,1848,1690,1765,1848,75,158,75,158,FALSE,FALSE
16,54,1612,1718,1778,1612,1718,1778,1612,1718,1778,106,166,106,166,FALSE,FALSE
16,55,1539,1666,1725,1539,1666,1725,1539,1666,1725,127,186,127,186,FALSE,FALSE
16,56,1482,1601,1652,1482,1601,1652,1482,1601,1652,119,170,119,170,FALSE,FALSE
16,57,1412,1528,1571,1412,1528,1571,1412,1528,1571,116,159,116,159,FALSE,FALSE
16,58,1383,1460,1505,1383,1460,1505,1383,1460,1505,77,122,77,122,FALSE,FALSE
16,59,1331,1400,1444,1331,1400,1444,1331,1400,1444,69,113,69,113,FALSE,FALSE
16,60,1278,1341,1395,1278,1341,1395,1278,1341,1395,63,117,63,117,FALSE,FALSE
17,0,116,116,116,116,116,116,116,116,116,0,0,0,0,TRUE,TRUE
17,1,177,212,188,177,212,188,177,212,188,35,11,35,11,FALSE,FALSE
17,2,270,330,329,270,330,329,270,330,329,60,59,60,59,FALSE,FALSE
17,3,429,522,545,429,522,545,429,522,545,93,116,93,116,FALSE,FALSE
17,4,659,794,837,659,794,837,659,794,837,135,178,135,178,FALSE,FALSE
17,5,981,1132,1229,981,1132,1229,981,1132,1229,151,248,151,248,FALSE,FALSE
17,6,1398,1571,1685,1398,1571,1685,1398,1571,1685,173,287,173,287,FALSE,FALSE
17,7,1858,2058,2188,1858,2058,2188,1858,2058,2188,200,330,200,330,FALSE,FALSE
17,8,2295,2479,2548,2295,2479,2548,2295,2479,2548,184,253,184,253,FALSE,FALSE
17,9,2690,2675,2693,2690,2675,2693,2690,2675,2693,-15,3,15,3,FALSE,FALSE
17,10,2827,2715,2699,2827,2715,2699,2827,2715,2699,-112,-128,112,128,FALSE,FALSE
17,11,2740,2561,2542,2740,2561,2542,2740,2561,2542,-179,-198,179,198,FALSE,FALSE
17,12,2484,2347,2318,2484,2347,2318,2484,2347,2318,-137,-166,137,166,FALSE,FALSE
17,13,2188,2057,2012,2188,2057,2012,2188,2057,2012,-131,-176,131,176,FALSE,FALSE
17,14,1863,1761,1708,1863,1761,1708,1863,1761,1708,-102,-155,102,155,FALSE,FALSE
17,15,1572,1509,1434,1572,1509,1434,1572,1509,1434,-63,-138,63,138,FALSE,FALSE
17,16,1307,1267,1158,1307,1267,1158,1307,1267,1158,-40,-149,40,149,FALSE,FALSE
17,17,1077,1044,962,1077,1044,962,1077,1044,962,-33,-115,33,115,FALSE,FALSE
17,18,892,836,768,892,836,768,892,836,768,-56,-124,56,124,FALSE,FALSE
17,19,725,668,615,725,668,615,725,668,615,-57,-110,57,110,FALSE,FALSE
17,20,592,522,512,592,522,512,592,522,512,-70,-80,70,80,FALSE,FALSE
17,21,486,404,410,486,404,410,486,404,410,-82,-76,82,76,FALSE,FALSE
17,22,403,323,346,403,323,346,403,323,346,-80,-57,80,57,FALSE,FALSE
17,23,308,260,274,308,260,274,308,260,274,-48,-34,48,34,FALSE,FALSE
17,24,238,210,236,238,210,236,238,210,236,-28,-2,28,2,FALSE,FALSE
17,25,192,170,178,192,170,178,192,170,178,-22,-14,22,14,FALSE,FALSE
17,26,150,140,131,150,140,131,150,140,131,-10,-19,10,19,FALSE,FALSE
17,27,135,116,112,135,116,112,135,116,112,-19,-23,19,23,FALSE,FALSE
17,28,110,88,86,110,88,86,110,88,86,-22,-24,22,24,FALSE,FALSE
17,29,94,71,68,94,71,68,94,71,68,-23,-26,23,26,FALSE,FALSE
17,30,72,58,59,72,58,59,72,58,59,-14,-13,14,13,FALSE,FALSE
17,31,55,45,41,55,45,41,55,45,41,-10,-14,10,14,FALSE,FALSE
17,32,45,40,31,45,40,31,45,40,31,-5,-14,5,14,FALSE,FALSE
17,33,36,33,23,36,33,23,36,33,23,-3,-13,3,13,FALSE,FALSE
17,34,24,27,13,24,27,13,24,27,13,3,-11,3,11,FALSE,FALSE
17,35,16,23,10,16,23,10,16,23,10,7,-6,7,6,FALSE,FALSE
17,36,16,19,10,16,19,10,16,19,10,3,-6,3,6,FALSE,FALSE
17,37,12,16,9,12,16,9,12,16,9,4,-3,4,3,FALSE,FALSE
17,38,11,15,7,11,15,7,11,15,7,4,-4,4,4,FALSE,FALSE
17,39,11,13,6,11,13,6,11,13,6,2,-5,2,5,FALSE,FALSE
17,40,9,11,4,9,11,4,9,11,4,2,-5,2,5,FALSE,FALSE
17,41,7,9,3,7,9,3,7,9,3,2,-4,2,4,FALSE,FALSE
17,42,5,8,3,5,8,3,5,8,3,3,-2,3,2,FALSE,FALSE
17,43,4,8,2,4,8,2,4,8,2,4,-2,4,2,FALSE,FALSE
17,44,3,6,2,3,6,2,3,6,2,3,-1,3,1,FALSE,FALSE
17,45,3,5,2,3,5,2,3,5,2,2,-1,2,1,FALSE,FALSE
17,46,2,4,2,2,4,2,2,4,2,2,0,2,0,FALSE,TRUE
17,47,2,4,0,2,4,0,2,4,0,2,-2,2,2,FALSE,FALSE
17,48,1,3,0,1,3,0,1,3,0,2,-1,2,1,FALSE,FALSE
17,49,1,2,0,1,2,0,1,2,0,1,-1,1,1,FALSE,FALSE
17,50,1,2,0,1,2,0,1,2,0,1,-1,1,1,FALSE,FALSE
17,51,1,1,0,1,1,0,1,1,0,0,-1,0,1,TRUE,FALSE
17,52,1,1,0,1,1,0,1,1,0,0,-1,0,1,TRUE,FALSE
17,53,1,1,0,1,1,0,1,1,0,0,-1,0,1,TRUE,FALSE
17,54,1,1,0,1,1,0,1,1,0,0,-1,0,1,TRUE,FALSE
17,55,1,1,0,1,1,0,1,1,0,0,-1,0,1,TRUE,FALSE
17,56,0,1,0,0,1,0,0,1,0,1,0,1,0,FALSE,TRUE
17,57,0,1,0,0,1,0,0,1,0,1,0,1,0,FALSE,TRUE
17,58,0,1,0,0,1,0,0,1,0,1,0,1,0,FALSE,TRUE
17,59,0,0,0,0,0,0,0,0,0,0,0,0,0,TRUE,TRUE
17,60,0,0,0,0,0,0,0,0,0,0,0,0,0,TRUE,TRUE
18,0,145,145,145,145,145,145,145,145,145,0,0,0,0,TRUE,TRUE
18,1,148,154,154,148,154,154,148,154,154,6,6,6,6,FALSE,FALSE
18,2,155,165,170,155,165,170,155,165,170,10,15,10,15,FALSE,FALSE
18,3,168,164,173,168,164,173,168,164,173,-4,5,4,5,FALSE,FALSE
18,4,174,164,180,174,164,180,174,164,180,-10,6,10,6,FALSE,FALSE
18,5,181,186,195,181,186,195,181,186,195,5,14,5,14,FALSE,FALSE
18,6,183,202,190,183,202,190,183,202,190,19,7,19,7,FALSE,FALSE
18,7,183,214,199,183,214,199,183,214,199,31,16,31,16,FALSE,FALSE
18,8,186,238,210,186,238,210,186,238,210,52,24,52,24,FALSE,FALSE
18,9,184,266,215,184,266,215,184,266,215,82,31,82,31,FALSE,FALSE
18,10,195,277,204,195,277,204,195,277,204,82,9,82,9,FALSE,FALSE
18,11,187,283,221,187,283,221,187,283,221,96,34,96,34,FALSE,FALSE
18,12,187,313,223,187,313,223,187,313,223,126,36,126,36,FALSE,FALSE
18,13,181,306,218,181,306,218,181,306,218,125,37,125,37,FALSE,FALSE
18,14,188,327,216,188,327,216,188,327,216,139,28,139,28,FALSE,FALSE
18,15,183,329,221,183,329,221,183,329,221,146,38,146,38,FALSE,FALSE
18,16,189,330,223,189,330,223,189,330,223,141,34,141,34,FALSE,FALSE
18,17,168,340,225,168,340,225,168,340,225,172,57,172,57,FALSE,FALSE
18,18,175,335,243,175,335,243,175,335,243,160,68,160,68,FALSE,FALSE
18,19,172,344,256,172,344,256,172,344,256,172,84,172,84,FALSE,FALSE
18,20,170,344,259,170,344,259,170,344,259,174,89,174,89,FALSE,FALSE
18,21,170,330,261,170,330,261,170,330,261,160,91,160,91,FALSE,FALSE
18,22,164,341,260,164,341,260,164,341,260,177,96,177,96,FALSE,FALSE
18,23,155,355,264,155,355,264,155,355,264,200,109,200,109,FALSE,FALSE
18,24,159,359,289,159,359,289,159,359,289,200,130,200,130,FALSE,FALSE
18,25,163,361,292,163,361,292,163,361,292,198,129,198,129,FALSE,FALSE
18,26,164,331,297,164,331,297,164,331,297,167,133,167,133,FALSE,FALSE
18,27,177,321,299,177,321,299,177,321,299,144,122,144,122,FALSE,FALSE
18,28,190,321,304,190,321,304,190,321,304,131,114,131,114,FALSE,FALSE
18,29,194,305,309,194,305,309,194,305,309,111,115,111,115,FALSE,FALSE
18,30,192,299,307,192,299,307,192,299,307,107,115,107,115,FALSE,FALSE
18,31,199,298,308,199,298,308,199,298,308,99,109,99,109,FALSE,FALSE
18,32,199,297,295,199,297,295,199,297,295,98,96,98,96,FALSE,FALSE
18,33,215,299,291,215,299,291,215,299,291,84,76,84,76,FALSE,FALSE
18,34,218,282,265,218,282,265,218,282,265,64,47,64,47,FALSE,FALSE
18,35,225,260,271,225,260,271,225,260,271,35,46,35,46,FALSE,FALSE
18,36,226,255,267,226,255,267,226,255,267,29,41,29,41,FALSE,FALSE
18,37,257,258,254,257,258,254,257,258,254,1,-3,1,3,FALSE,FALSE
18,38,253,256,253,253,256,253,253,256,253,3,0,3,0,FALSE,TRUE
18,39,257,235,241,257,235,241,257,235,241,-22,-16,22,16,FALSE,FALSE
18,40,239,242,230,239,242,230,239,242,230,3,-9,3,9,FALSE,FALSE
18,41,230,242,242,230,242,242,230,242,242,12,12,12,12,FALSE,FALSE
18,42,215,238,243,215,238,243,215,238,243,23,28,23,28,FALSE,FALSE
18,43,212,234,230,212,234,230,212,234,230,22,18,22,18,FALSE,FALSE
18,44,216,222,225,216,222,225,216,222,225,6,9,6,9,FALSE,FALSE
18,45,202,210,226,202,210,226,202,210,226,8,24,8,24,FALSE,FALSE
18,46,209,212,223,209,212,223,209,212,223,3,14,3,14,FALSE,FALSE
18,47,198,214,222,198,214,222,198,214,222,16,24,16,24,FALSE,FALSE
18,48,202,207,204,202,207,204,202,207,204,5,2,5,2,FALSE,FALSE
18,49,193,196,209,193,196,209,193,196,209,3,16,3,16,FALSE,FALSE
18,50,183,194,196,183,194,196,183,194,196,11,13,11,13,FALSE,FALSE
18,51,181,186,185,181,186,185,181,186,185,5,4,5,4,FALSE,FALSE
18,52,178,187,179,178,187,179,178,187,179,9,1,9,1,FALSE,FALSE
18,53,164,179,154,164,179,154,164,179,154,15,-10,15,10,FALSE,FALSE
18,54,145,190,144,145,190,144,145,190,144,45,-1,45,1,FALSE,FALSE
18,55,139,173,138,139,173,138,139,173,138,34,-1,34,1,FALSE,FALSE
18,56,131,179,149,131,179,149,131,179,149,48,18,48,18,FALSE,FALSE
18,57,134,162,133,134,162,133,134,162,133,28,-1,28,1,FALSE,FALSE
18,58,132,156,126,132,156,126,132,156,126,24,-6,24,6,FALSE,FALSE
18,59,129,153,134,129,153,134,129,153,134,24,5,24,5,FALSE,FALSE
18,60,138,140,117,138,140,117,138,140,117,2,-21,2,21,FALSE,FALSE
19,0,96,96,96,96,96,96,96,96,96,0,0,0,0,TRUE,TRUE
19,1,115,129,120,115,129,120,115,129,120,14,5,14,5,FALSE,FALSE
19,2,154,160,153,154,160,153,154,160,153,6,-1,6,1,FALSE,FALSE
19,3,203,189,197,203,189,197,203,189,197,-14,-6,14,6,FALSE,FALSE
19,4,238,244,246,238,244,246,238,244,246,6,8,6,8,FALSE,FALSE
19,5,303,284,315,303,284,315,303,284,315,-19,12,19,12,FALSE,FALSE
19,6,392,362,417,392,362,417,392,362,417,-30,25,30,25,FALSE,FALSE
19,7,513,451,524,513,451,524,513,451,524,-62,11,62,11,FALSE,FALSE
19,8,643,562,654,643,562,654,643,562,654,-81,11,81,11,FALSE,FALSE
19,9,754,688,768,754,688,768,754,688,768,-66,14,66,14,FALSE,FALSE
19,10,908,807,910,908,807,910,908,807,910,-101,2,101,2,FALSE,FALSE
19,11,1032,918,1043,1032,918,1043,1032,918,1043,-114,11,114,11,FALSE,FALSE
19,12,1118,1023,1181,1118,1023,1181,1118,1023,1181,-95,63,95,63,FALSE,FALSE
19,13,1243,1114,1267,1243,1114,1267,1243,1114,1267,-129,24,129,24,FALSE,FALSE
19,14,1310,1214,1369,1310,1214,1369,1310,1214,1369,-96,59,96,59,FALSE,FALSE
19,15,1351,1283,1373,1351,1283,1373,1351,1283,1373,-68,22,68,22,FALSE,FALSE
19,16,1365,1281,1365,1365,1281,1365,1365,1281,1365,-84,0,84,0,FALSE,TRUE
19,17,1349,1246,1370,1349,1246,1370,1349,1246,1370,-103,21,103,21,FALSE,FALSE
19,18,1317,1195,1318,1317,1195,1318,1317,1195,1318,-122,1,122,1,FALSE,FALSE
19,19,1254,1183,1269,1254,1183,1269,1254,1183,1269,-71,15,71,15,FALSE,FALSE
19,20,1157,1140,1157,1157,1140,1157,1157,1140,1157,-17,0,17,0,FALSE,TRUE
19,21,1030,1059,1026,1030,1059,1026,1030,1059,1026,29,-4,29,4,FALSE,FALSE
19,22,943,958,913,943,958,913,943,958,913,15,-30,15,30,FALSE,FALSE
19,23,803,866,803,803,866,803,803,866,803,63,0,63,0,FALSE,TRUE
19,24,736,761,727,736,761,727,736,761,727,25,-9,25,9,FALSE,FALSE
19,25,669,682,645,669,682,645,669,682,645,13,-24,13,24,FALSE,FALSE
19,26,605,590,570,605,590,570,605,590,570,-15,-35,15,35,FALSE,FALSE
19,27,514,519,493,514,519,493,514,519,493,5,-21,5,21,FALSE,FALSE
19,28,444,424,433,444,424,433,444,424,433,-20,-11,20,11,FALSE,FALSE
19,29,400,377,374,400,377,374,400,377,374,-23,-26,23,26,FALSE,FALSE
19,30,352,332,332,352,332,332,352,332,332,-20,-20,20,20,FALSE,FALSE
19,31,315,295,295,315,295,295,315,295,295,-20,-20,20,20,FALSE,FALSE
19,32,270,252,265,270,252,265,270,252,265,-18,-5,18,5,FALSE,FALSE
19,33,236,221,224,236,221,224,236,221,224,-15,-12,15,12,FALSE,FALSE
19,34,190,176,197,190,176,197,190,176,197,-14,7,14,7,FALSE,FALSE
19,35,161,166,160,161,166,160,161,166,160,5,-1,5,1,FALSE,FALSE
19,36,138,143,127,138,143,127,138,143,127,5,-11,5,11,FALSE,FALSE
19,37,121,131,110,121,131,110,121,131,110,10,-11,10,11,FALSE,FALSE
19,38,110,111,96,110,111,96,110,111,96,1,-14,1,14,FALSE,FALSE
19,39,91,94,84,91,94,84,91,94,84,3,-7,3,7,FALSE,FALSE
19,40,73,84,68,73,84,68,73,84,68,11,-5,11,5,FALSE,FALSE
19,41,63,73,57,63,73,57,63,73,57,10,-6,10,6,FALSE,FALSE
19,42,58,71,50,58,71,50,58,71,50,13,-8,13,8,FALSE,FALSE
19,43,53,62,40,53,62,40,53,62,40,9,-13,9,13,FALSE,FALSE
19,44,47,68,34,47,68,34,47,68,34,21,-13,21,13,FALSE,FALSE
19,45,40,57,32,40,57,32,40,57,32,17,-8,17,8,FALSE,FALSE
19,46,30,50,25,30,50,25,30,50,25,20,-5,20,5,FALSE,FALSE
19,47,32,44,19,32,44,19,32,44,19,12,-13,12,13,FALSE,FALSE
19,48,27,40,17,27,40,17,27,40,17,13,-10,13,10,FALSE,FALSE
19,49,21,39,13,21,39,13,21,39,13,18,-8,18,8,FALSE,FALSE
19,50,22,39,11,22,39,11,22,39,11,17,-11,17,11,FALSE,FALSE
19,51,17,35,10,17,35,10,17,35,10,18,-7,18,7,FALSE,FALSE
19,52,13,34,8,13,34,8,13,34,8,21,-5,21,5,FALSE,FALSE
19,53,12,28,8,12,28,8,12,28,8,16,-4,16,4,FALSE,FALSE
19,54,11,22,8,11,22,8,11,22,8,11,-3,11,3,FALSE,FALSE
19,55,10,24,9,10,24,9,10,24,9,14,-1,14,1,FALSE,FALSE
19,56,7,24,5,7,24,5,7,24,5,17,-2,17,2,FALSE,FALSE
19,57,7,22,5,7,22,5,7,22,5,15,-2,15,2,FALSE,FALSE
19,58,9,17,6,9,17,6,9,17,6,8,-3,8,3,FALSE,FALSE
19,59,11,13,5,11,13,5,11,13,5,2,-6,2,6,FALSE,FALSE
19,60,10,10,5,10,10,5,10,10,5,0,-5,0,5,TRUE,FALSE
20,0,76,76,76,76,76,76,76,76,76,0,0,0,0,TRUE,TRUE
20,1,98,99,99,98,99,99,98,99,99,1,1,1,1,FALSE,FALSE
20,2,123,116,124,123,116,124,123,116,124,-7,1,7,1,FALSE,FALSE
20,3,155,158,157,155,158,157,155,158,157,3,2,3,2,FALSE,FALSE
20,4,200,202,202,200,202,202,200,202,202,2,2,2,2,FALSE,FALSE
20,5,263,256,260,263,256,260,263,256,260,-7,-3,7,3,FALSE,FALSE
20,6,349,349,335,349,349,335,349,349,335,0,-14,0,14,TRUE,FALSE
20,7,444,449,420,444,449,420,444,449,420,5,-24,5,24,FALSE,FALSE
20,8,585,583,546,585,583,546,585,583,546,-2,-39,2,39,FALSE,FALSE
20,9,745,699,687,745,699,687,745,699,687,-46,-58,46,58,FALSE,FALSE
20,10,902,861,878,902,861,878,902,861,878,-41,-24,41,24,FALSE,FALSE
20,11,1078,1028,1065,1078,1028,1065,1078,1028,1065,-50,-13,50,13,FALSE,FALSE
20,12,1291,1247,1247,1291,1247,1247,1291,1247,1247,-44,-44,44,44,FALSE,FALSE
20,13,1484,1403,1416,1484,1403,1416,1484,1403,1416,-81,-68,81,68,FALSE,FALSE
20,14,1642,1573,1599,1642,1573,1599,1642,1573,1599,-69,-43,69,43,FALSE,FALSE
20,15,1780,1703,1698,1780,1703,1698,1780,1703,1698,-77,-82,77,82,FALSE,FALSE
20,16,1827,1764,1759,1827,1764,1759,1827,1764,1759,-63,-68,63,68,FALSE,FALSE
20,17,1850,1803,1778,1850,1803,1778,1850,1803,1778,-47,-72,47,72,FALSE,FALSE
20,18,1802,1833,1772,1802,1833,1772,1802,1833,1772,31,-30,31,30,FALSE,FALSE
20,19,1746,1758,1655,1746,1758,1655,1746,1758,1655,12,-91,12,91,FALSE,FALSE
20,20,1686,1682,1564,1686,1682,1564,1686,1682,1564,-4,-122,4,122,FALSE,FALSE
20,21,1507,1615,1472,1507,1615,1472,1507,1615,1472,108,-35,108,35,FALSE,FALSE
20,22,1343,1518,1326,1343,1518,1326,1343,1518,1326,175,-17,175,17,FALSE,FALSE
20,23,1217,1317,1224,1217,1317,1224,1217,1317,1224,100,7,100,7,FALSE,FALSE
20,24,1058,1190,1088,1058,1190,1088,1058,1190,1088,132,30,132,30,FALSE,FALSE
20,25,920,1051,983,920,1051,983,920,1051,983,131,63,131,63,FALSE,FALSE
20,26,797,937,861,797,937,861,797,937,861,140,64,140,64,FALSE,FALSE
20,27,687,844,730,687,844,730,687,844,730,157,43,157,43,FALSE,FALSE
20,28,601,735,655,601,735,655,601,735,655,134,54,134,54,FALSE,FALSE
20,29,522,662,571,522,662,571,522,662,571,140,49,140,49,FALSE,FALSE
20,30,470,565,487,470,565,487,470,565,487,95,17,95,17,FALSE,FALSE
20,31,390,480,419,390,480,419,390,480,419,90,29,90,29,FALSE,FALSE
20,32,337,392,373,337,392,373,337,392,373,55,36,55,36,FALSE,FALSE
20,33,299,332,314,299,332,314,299,332,314,33,15,33,15,FALSE,FALSE
20,34,256,299,277,256,299,277,256,299,277,43,21,43,21,FALSE,FALSE
20,35,199,249,238,199,249,238,199,249,238,50,39,50,39,FALSE,FALSE
20,36,183,203,204,183,203,204,183,203,204,20,21,20,21,FALSE,FALSE
20,37,162,158,177,162,158,177,162,158,177,-4,15,4,15,FALSE,FALSE
20,38,131,139,151,131,139,151,131,139,151,8,20,8,20,FALSE,FALSE
20,39,102,113,123,102,113,123,102,113,123,11,21,11,21,FALSE,FALSE
20,40,89,91,102,89,91,102,89,91,102,2,13,2,13,FALSE,FALSE
20,41,78,80,86,78,80,86,78,80,86,2,8,2,8,FALSE,FALSE
20,42,68,71,76,68,71,76,68,71,76,3,8,3,8,FALSE,FALSE
20,43,64,57,71,64,57,71,64,57,71,-7,7,7,7,FALSE,FALSE
20,44,53,54,59,53,54,59,53,54,59,1,6,1,6,FALSE,FALSE
20,45,49,44,48,49,44,48,49,44,48,-5,-1,5,1,FALSE,FALSE
20,46,43,39,39,43,39,39,43,39,39,-4,-4,4,4,FALSE,FALSE
20,47,36,35,35,36,35,35,36,35,35,-1,-1,1,1,FALSE,FALSE
20,48,31,28,33,31,28,33,31,28,33,-3,2,3,2,FALSE,FALSE
20,49,26,28,27,26,28,27,26,28,27,2,1,2,1,FALSE,FALSE
20,50,21,23,22,21,23,22,21,23,22,2,1,2,1,FALSE,FALSE
20,51,17,17,18,17,17,18,17,17,18,0,1,0,1,TRUE,FALSE
20,52,13,15,12,13,15,12,13,15,12,2,-1,2,1,FALSE,FALSE
20,53,11,14,12,11,14,12,11,14,12,3,1,3,1,FALSE,FALSE
20,54,11,12,7,11,12,7,11,12,7,1,-4,1,4,FALSE,FALSE
20,55,8,7,7,8,7,7,8,7,7,-1,-1,1,1,FALSE,FALSE
20,56,6,7,4,6,7,4,6,7,4,1,-2,1,2,FALSE,FALSE
20,57,4,4,4,4,4,4,4,4,4,0,0,0,0,TRUE,TRUE
20,58,4,3,4,4,3,4,4,3,4,-1,0,1,0,FALSE,TRUE
20,59,4,2,4,4,2,4,4,2,4,-2,0,2,0,FALSE,TRUE
20,60,6,2,3,6,2,3,6,2,3,-4,-3,4,3,FALSE,FALSE
21,0,57,57,57,57,57,57,57,57,57,0,0,0,0,TRUE,TRUE
21,1,66,67,85,66,67,85,66,67,85,1,19,1,19,FALSE,FALSE
21,2,89,84,108,89,84,108,89,84,108,-5,19,5,19,FALSE,FALSE
21,3,121,111,140,121,111,140,121,111,140,-10,19,10,19,FALSE,FALSE
21,4,174,154,216,174,154,216,174,154,216,-20,42,20,42,FALSE,FALSE
21,5,225,212,288,225,212,288,225,212,288,-13,63,13,63,FALSE,FALSE
21,6,299,290,370,299,290,370,299,290,370,-9,71,9,71,FALSE,FALSE
21,7,408,375,503,408,375,503,408,375,503,-33,95,33,95,FALSE,FALSE
21,8,531,507,648,531,507,648,531,507,648,-24,117,24,117,FALSE,FALSE
21,9,662,684,810,662,684,810,662,684,810,22,148,22,148,FALSE,FALSE
21,10,821,840,971,821,840,971,821,840,971,19,150,19,150,FALSE,FALSE
21,11,963,988,1109,963,988,1109,963,988,1109,25,146,25,146,FALSE,FALSE
21,12,1105,1159,1247,1105,1159,1247,1105,1159,1247,54,142,54,142,FALSE,FALSE
21,13,1220,1283,1316,1220,1283,1316,1220,1283,1316,63,96,63,96,FALSE,FALSE
21,14,1289,1368,1308,1289,1368,1308,1289,1368,1308,79,19,79,19,FALSE,FALSE
21,15,1285,1373,1244,1285,1373,1244,1285,1373,1244,88,-41,88,41,FALSE,FALSE
21,16,1244,1334,1183,1244,1334,1183,1244,1334,1183,90,-61,90,61,FALSE,FALSE
21,17,1202,1263,1100,1202,1263,1100,1202,1263,1100,61,-102,61,102,FALSE,FALSE
21,18,1086,1183,1012,1086,1183,1012,1086,1183,1012,97,-74,97,74,FALSE,FALSE
21,19,939,1046,911,939,1046,911,939,1046,911,107,-28,107,28,FALSE,FALSE
21,20,818,934,814,818,934,814,818,934,814,116,-4,116,4,FALSE,FALSE
21,21,712,799,705,712,799,705,712,799,705,87,-7,87,7,FALSE,FALSE
21,22,627,682,632,627,682,632,627,682,632,55,5,55,5,FALSE,FALSE
21,23,520,582,511,520,582,511,520,582,511,62,-9,62,9,FALSE,FALSE
21,24,449,483,436,449,483,436,449,483,436,34,-13,34,13,FALSE,FALSE
21,25,392,387,383,392,387,383,392,387,383,-5,-9,5,9,FALSE,FALSE
21,26,315,316,337,315,316,337,315,316,337,1,22,1,22,FALSE,FALSE
21,27,267,253,288,267,253,288,267,253,288,-14,21,14,21,FALSE,FALSE
21,28,219,198,248,219,198,248,219,198,248,-21,29,21,29,FALSE,FALSE
21,29,191,161,202,191,161,202,191,161,202,-30,11,30,11,FALSE,FALSE
21,30,161,136,159,161,136,159,161,136,159,-25,-2,25,2,FALSE,FALSE
21,31,142,113,123,142,113,123,142,113,123,-29,-19,29,19,FALSE,FALSE
21,32,102,83,105,102,83,105,102,83,105,-19,3,19,3,FALSE,FALSE
21,33,80,69,89,80,69,89,80,69,89,-11,9,11,9,FALSE,FALSE
21,34,70,55,73,70,55,73,70,55,73,-15,3,15,3,FALSE,FALSE
21,35,57,43,63,57,43,63,57,43,63,-14,6,14,6,FALSE,FALSE
21,36,43,31,53,43,31,53,43,31,53,-12,10,12,10,FALSE,FALSE
21,37,38,24,45,38,24,45,38,24,45,-14,7,14,7,FALSE,FALSE
21,38,30,18,36,30,18,36,30,18,36,-12,6,12,6,FALSE,FALSE
21,39,18,18,26,18,18,26,18,18,26,0,8,0,8,TRUE,FALSE
21,40,15,17,17,15,17,17,15,17,17,2,2,2,2,FALSE,FALSE
21,41,10,10,17,10,10,17,10,10,17,0,7,0,7,TRUE,FALSE
21,42,8,8,15,8,8,15,8,8,15,0,7,0,7,TRUE,FALSE
21,43,4,4,12,4,4,12,4,4,12,0,8,0,8,TRUE,FALSE
21,44,5,5,10,5,5,10,5,5,10,0,5,0,5,TRUE,FALSE
21,45,2,2,7,2,2,7,2,2,7,0,5,0,5,TRUE,FALSE
21,46,2,2,6,2,2,6,2,2,6,0,4,0,4,TRUE,FALSE
21,47,0,2,6,0,2,6,0,2,6,2,6,2,6,FALSE,FALSE
21,48,0,3,5,0,3,5,0,3,5,3,5,3,5,FALSE,FALSE
21,49,0,2,5,0,2,5,0,2,5,2,5,2,5,FALSE,FALSE
21,50,0,1,4,0,1,4,0,1,4,1,4,1,4,FALSE,FALSE
21,51,0,0,1,0,0,1,0,0,1,0,1,0,1,TRUE,FALSE
21,52,0,0,1,0,0,1,0,0,1,0,1,0,1,TRUE,FALSE
21,53,0,0,1,0,0,1,0,0,1,0,1,0,1,TRUE,FALSE
21,54,0,0,2,0,0,2,0,0,2,0,2,0,2,TRUE,FALSE
21,55,0,0,1,0,0,1,0,0,1,0,1,0,1,TRUE,FALSE
21,56,0,0,2,0,0,2,0,0,2,0,2,0,2,TRUE,FALSE
21,57,0,0,0,0,0,0,0,0,0,0,0,0,0,TRUE,TRUE
21,58,0,0,0,0,0,0,0,0,0,0,0,0,0,TRUE,TRUE
21,59,0,0,0,0,0,0,0,0,0,0,0,0,0,TRUE,TRUE
21,60,0,0,0,0,0,0,0,0,0,0,0,0,0,TRUE,TRUE
22,0,64,64,64,64,64,64,64,64,64,0,0,0,0,TRUE,TRUE
22,1,87,81,81,87,81,81,87,81,81,-6,-6,6,6,FALSE,FALSE
22,2,114,115,100,114,115,100,114,115,100,1,-14,1,14,FALSE,FALSE
22,3,155,149,156,155,149,156,155,149,156,-6,1,6,1,FALSE,FALSE
22,4,198,186,199,198,186,199,198,186,199,-12,1,12,1,FALSE,FALSE
22,5,265,247,233,265,247,233,265,247,233,-18,-32,18,32,FALSE,FALSE
22,6,339,330,291,339,330,291,339,330,291,-9,-48,9,48,FALSE,FALSE
22,7,436,406,350,436,406,350,436,406,350,-30,-86,30,86,FALSE,FALSE
22,8,550,508,443,550,508,443,550,508,443,-42,-107,42,107,FALSE,FALSE
22,9,667,661,574,667,661,574,667,661,574,-6,-93,6,93,FALSE,FALSE
22,10,832,848,725,832,848,725,832,848,725,16,-107,16,107,FALSE,FALSE
22,11,1011,1082,897,1011,1082,897,1011,1082,897,71,-114,71,114,FALSE,FALSE
22,12,1237,1309,1093,1237,1309,1093,1237,1309,1093,72,-144,72,144,FALSE,FALSE
22,13,1527,1571,1346,1527,1571,1346,1527,1571,1346,44,-181,44,181,FALSE,FALSE
22,14,1804,1860,1577,1804,1860,1577,1804,1860,1577,56,-227,56,227,FALSE,FALSE
22,15,2077,2153,1823,2077,2153,1823,2077,2153,1823,76,-254,76,254,FALSE,FALSE
22,16,2360,2478,2106,2360,2478,2106,2360,2478,2106,118,-254,118,254,FALSE,FALSE
22,17,2645,2781,2378,2645,2781,2378,2645,2781,2378,136,-267,136,267,FALSE,FALSE
22,18,2907,3091,2617,2907,3091,2617,2907,3091,2617,184,-290,184,290,FALSE,FALSE
22,19,3160,3342,2850,3160,3342,2850,3160,3342,2850,182,-310,182,310,FALSE,FALSE
22,20,3316,3503,3064,3316,3503,3064,3316,3503,3064,187,-252,187,252,FALSE,FALSE
22,21,3460,3650,3278,3460,3650,3278,3460,3650,3278,190,-182,190,182,FALSE,FALSE
22,22,3561,3726,3427,3561,3726,3427,3561,3726,3427,165,-134,165,134,FALSE,FALSE
22,23,3632,3749,3505,3632,3749,3505,3632,3749,3505,117,-127,117,127,FALSE,FALSE
22,24,3641,3762,3567,3641,3762,3567,3641,3762,3567,121,-74,121,74,FALSE,FALSE
22,25,3582,3690,3560,3582,3690,3560,3582,3690,3560,108,-22,108,22,FALSE,FALSE
22,26,3527,3609,3501,3527,3609,3501,3527,3609,3501,82,-26,82,26,FALSE,FALSE
22,27,3407,3509,3440,3407,3509,3440,3407,3509,3440,102,33,102,33,FALSE,FALSE
22,28,3285,3352,3359,3285,3352,3359,3285,3352,3359,67,74,67,74,FALSE,FALSE
22,29,3172,3193,3254,3172,3193,3254,3172,3193,3254,21,82,21,82,FALSE,FALSE
22,30,3032,3040,3117,3032,3040,3117,3032,3040,3117,8,85,8,85,FALSE,FALSE
22,31,2904,2870,2953,2904,2870,2953,2904,2870,2953,-34,49,34,49,FALSE,FALSE
22,32,2738,2673,2825,2738,2673,2825,2738,2673,2825,-65,87,65,87,FALSE,FALSE
22,33,2567,2501,2648,2567,2501,2648,2567,2501,2648,-66,81,66,81,FALSE,FALSE
22,34,2383,2313,2501,2383,2313,2501,2383,2313,2501,-70,118,70,118,FALSE,FALSE
22,35,2206,2179,2371,2206,2179,2371,2206,2179,2371,-27,165,27,165,FALSE,FALSE
22,36,2037,2037,2225,2037,2037,2225,2037,2037,2225,0,188,0,188,TRUE,FALSE
22,37,1897,1899,2100,1897,1899,2100,1897,1899,2100,2,203,2,203,FALSE,FALSE
22,38,1771,1788,1974,1771,1788,1974,1771,1788,1974,17,203,17,203,FALSE,FALSE
22,39,1652,1659,1844,1652,1659,1844,1652,1659,1844,7,192,7,192,FALSE,FALSE
22,40,1542,1550,1730,1542,1550,1730,1542,1550,1730,8,188,8,188,FALSE,FALSE
22,41,1436,1427,1617,1436,1427,1617,1436,1427,1617,-9,181,9,181,FALSE,FALSE
22,42,1319,1319,1496,1319,1319,1496,1319,1319,1496,0,177,0,177,TRUE,FALSE
22,43,1226,1230,1381,1226,1230,1381,1226,1230,1381,4,155,4,155,FALSE,FALSE
22,44,1136,1153,1276,1136,1153,1276,1136,1153,1276,17,140,17,140,FALSE,FALSE
22,45,1058,1059,1170,1058,1059,1170,1058,1059,1170,1,112,1,112,FALSE,FALSE
22,46,994,967,1056,994,967,1056,994,967,1056,-27,62,27,62,FALSE,FALSE
22,47,928,889,977,928,889,977,928,889,977,-39,49,39,49,FALSE,FALSE
22,48,851,814,898,851,814,898,851,814,898,-37,47,37,47,FALSE,FALSE
22,49,777,754,834,777,754,834,777,754,834,-23,57,23,57,FALSE,FALSE
22,50,700,697,771,700,697,771,700,697,771,-3,71,3,71,FALSE,FALSE
22,51,647,634,721,647,634,721,647,634,721,-13,74,13,74,FALSE,FALSE
22,52,602,585,676,602,585,676,602,585,676,-17,74,17,74,FALSE,FALSE
22,53,555,546,629,555,546,629,555,546,629,-9,74,9,74,FALSE,FALSE
22,54,515,522,594,515,522,594,515,522,594,7,79,7,79,FALSE,FALSE
22,55,487,487,537,487,487,537,487,487,537,0,50,0,50,TRUE,FALSE
22,56,460,442,498,460,442,498,460,442,498,-18,38,18,38,FALSE,FALSE
22,57,428,408,466,428,408,466,428,408,466,-20,38,20,38,FALSE,FALSE
22,58,395,376,430,395,376,430,395,376,430,-19,35,19,35,FALSE,FALSE
22,59,370,345,396,370,345,396,370,345,396,-25,26,25,26,FALSE,FALSE
22,60,348,314,374,348,314,374,348,314,374,-34,26,34,26,FALSE,FALSE
23,0,55,55,55,55,55,55,55,55,55,0,0,0,0,TRUE,TRUE
23,1,59,65,69,59,65,69,59,65,69,6,10,6,10,FALSE,FALSE
23,2,69,83,80,69,83,80,69,83,80,14,11,14,11,FALSE,FALSE
23,3,80,95,93,80,95,93,80,95,93,15,13,15,13,FALSE,FALSE
23,4,93,108,100,93,108,100,93,108,100,15,7,15,7,FALSE,FALSE
23,5,96,125,115,96,125,115,96,125,115,29,19,29,19,FALSE,FALSE
23,6,102,145,134,102,145,134,102,145,134,43,32,43,32,FALSE,FALSE
23,7,114,168,153,114,168,153,114,168,153,54,39,54,39,FALSE,FALSE
23,8,134,194,175,134,194,175,134,194,175,60,41,60,41,FALSE,FALSE
23,9,152,219,193,152,219,193,152,219,193,67,41,67,41,FALSE,FALSE
23,10,177,265,228,177,265,228,177,265,228,88,51,88,51,FALSE,FALSE
23,11,201,296,256,201,296,256,201,296,256,95,55,95,55,FALSE,FALSE
23,12,226,316,274,226,316,274,226,316,274,90,48,90,48,FALSE,FALSE
23,13,262,360,301,262,360,301,262,360,301,98,39,98,39,FALSE,FALSE
23,14,305,412,331,305,412,331,305,412,331,107,26,107,26,FALSE,FALSE
23,15,357,467,372,357,467,372,357,467,372,110,15,110,15,FALSE,FALSE
23,16,388,515,406,388,515,406,388,515,406,127,18,127,18,FALSE,FALSE
23,17,436,614,437,436,614,437,436,614,437,178,1,178,1,FALSE,FALSE
23,18,491,671,496,491,671,496,491,671,496,180,5,180,5,FALSE,FALSE
23,19,550,762,560,550,762,560,550,762,560,212,10,212,10,FALSE,FALSE
23,20,607,840,628,607,840,628,607,840,628,233,21,233,21,FALSE,FALSE
23,21,659,890,688,659,890,688,659,890,688,231,29,231,29,FALSE,FALSE
23,22,731,932,760,731,932,760,731,932,760,201,29,201,29,FALSE,FALSE
23,23,813,988,802,813,988,802,813,988,802,175,-11,175,11,FALSE,FALSE
23,24,879,1041,861,879,1041,861,879,1041,861,162,-18,162,18,FALSE,FALSE
23,25,987,1087,905,987,1087,905,987,1087,905,100,-82,100,82,FALSE,FALSE
23,26,1044,1150,950,1044,1150,950,1044,1150,950,106,-94,106,94,FALSE,FALSE
23,27,1085,1198,993,1085,1198,993,1085,1198,993,113,-92,113,92,FALSE,FALSE
23,28,1118,1237,1067,1118,1237,1067,1118,1237,1067,119,-51,119,51,FALSE,FALSE
23,29,1172,1275,1108,1172,1275,1108,1172,1275,1108,103,-64,103,64,FALSE,FALSE
23,30,1216,1273,1151,1216,1273,1151,1216,1273,1151,57,-65,57,65,FALSE,FALSE
23,31,1237,1253,1195,1237,1253,1195,1237,1253,1195,16,-42,16,42,FALSE,FALSE
23,32,1266,1250,1194,1266,1250,1194,1266,1250,1194,-16,-72,16,72,FALSE,FALSE
23,33,1264,1211,1201,1264,1211,1201,1264,1211,1201,-53,-63,53,63,FALSE,FALSE
23,34,1268,1208,1233,1268,1208,1233,1268,1208,1233,-60,-35,60,35,FALSE,FALSE
23,35,1257,1206,1250,1257,1206,1250,1257,1206,1250,-51,-7,51,7,FALSE,FALSE
23,36,1214,1190,1231,1214,1190,1231,1214,1190,1231,-24,17,24,17,FALSE,FALSE
23,37,1151,1110,1226,1151,1110,1226,1151,1110,1226,-41,75,41,75,FALSE,FALSE
23,38,1098,1073,1209,1098,1073,1209,1098,1073,1209,-25,111,25,111,FALSE,FALSE
23,39,1080,1029,1187,1080,1029,1187,1080,1029,1187,-51,107,51,107,FALSE,FALSE
23,40,1045,986,1155,1045,986,1155,1045,986,1155,-59,110,59,110,FALSE,FALSE
23,41,1019,940,1095,1019,940,1095,1019,940,1095,-79,76,79,76,FALSE,FALSE
23,42,957,891,1067,957,891,1067,957,891,1067,-66,110,66,110,FALSE,FALSE
23,43,911,845,1036,911,845,1036,911,845,1036,-66,125,66,125,FALSE,FALSE
23,44,839,803,1000,839,803,1000,839,803,1000,-36,161,36,161,FALSE,FALSE
23,45,802,743,968,802,743,968,802,743,968,-59,166,59,166,FALSE,FALSE
23,46,761,704,904,761,704,904,761,704,904,-57,143,57,143,FALSE,FALSE
23,47,741,685,865,741,685,865,741,685,865,-56,124,56,124,FALSE,FALSE
23,48,722,664,821,722,664,821,722,664,821,-58,99,58,99,FALSE,FALSE
23,49,683,638,771,683,638,771,683,638,771,-45,88,45,88,FALSE,FALSE
23,50,617,609,724,617,609,724,617,609,724,-8,107,8,107,FALSE,FALSE
23,51,561,570,674,561,570,674,561,570,674,9,113,9,113,FALSE,FALSE
23,52,516,523,625,516,523,625,516,523,625,7,109,7,109,FALSE,FALSE
23,53,487,504,574,487,504,574,487,504,574,17,87,17,87,FALSE,FALSE
23,54,460,476,540,460,476,540,460,476,540,16,80,16,80,FALSE,FALSE
23,55,439,446,491,439,446,491,439,446,491,7,52,7,52,FALSE,FALSE
23,56,415,419,452,415,419,452,415,419,452,4,37,4,37,FALSE,FALSE
23,57,391,383,432,391,383,432,391,383,432,-8,41,8,41,FALSE,FALSE
23,58,358,346,409,358,346,409,358,346,409,-12,51,12,51,FALSE,FALSE
23,59,321,323,382,321,323,382,321,323,382,2,61,2,61,FALSE,FALSE
23,60,298,296,359,298,296,359,298,296,359,-2,61,2,61,FALSE,FALSE
24,0,123,123,123,123,123,123,123,123,123,0,0,0,0,TRUE,TRUE
24,1,146,151,141,146,151,141,146,151,141,5,-5,5,5,FALSE,FALSE
24,2,175,183,177,175,183,177,175,183,177,8,2,8,2,FALSE,FALSE
24,3,224,226,213,224,226,213,224,226,213,2,-11,2,11,FALSE,FALSE
24,4,269,274,247,269,274,247,269,274,247,5,-22,5,22,FALSE,FALSE
24,5,315,341,286,315,341,286,315,341,286,26,-29,26,29,FALSE,FALSE
24,6,386,428,340,386,428,340,386,428,340,42,-46,42,46,FALSE,FALSE
24,7,464,508,402,464,508,402,464,508,402,44,-62,44,62,FALSE,FALSE
24,8,553,609,478,553,609,478,553,609,478,56,-75,56,75,FALSE,FALSE
24,9,654,744,580,654,744,580,654,744,580,90,-74,90,74,FALSE,FALSE
24,10,788,926,692,788,926,692,788,926,692,138,-96,138,96,FALSE,FALSE
24,11,937,1131,824,937,1131,824,937,1131,824,194,-113,194,113,FALSE,FALSE
24,12,1116,1288,978,1116,1288,978,1116,1288,978,172,-138,172,138,FALSE,FALSE
24,13,1287,1465,1154,1287,1465,1154,1287,1465,1154,178,-133,178,133,FALSE,FALSE
24,14,1509,1642,1346,1509,1642,1346,1509,1642,1346,133,-163,133,163,FALSE,FALSE
24,15,1741,1876,1542,1741,1876,1542,1741,1876,1542,135,-199,135,199,FALSE,FALSE
24,16,1976,2091,1742,1976,2091,1742,1976,2091,1742,115,-234,115,234,FALSE,FALSE
24,17,2215,2328,1946,2215,2328,1946,2215,2328,1946,113,-269,113,269,FALSE,FALSE
24,18,2449,2546,2185,2449,2546,2185,2449,2546,2185,97,-264,97,264,FALSE,FALSE
24,19,2666,2758,2414,2666,2758,2414,2666,2758,2414,92,-252,92,252,FALSE,FALSE
24,20,2942,2953,2617,2942,2953,2617,2942,2953,2617,11,-325,11,325,FALSE,FALSE
24,21,3136,3098,2828,3136,3098,2828,3136,3098,2828,-38,-308,38,308,FALSE,FALSE
24,22,3256,3272,2995,3256,3272,2995,3256,3272,2995,16,-261,16,261,FALSE,FALSE
24,23,3427,3426,3148,3427,3426,3148,3427,3426,3148,-1,-279,1,279,FALSE,FALSE
24,24,3534,3528,3269,3534,3528,3269,3534,3528,3269,-6,-265,6,265,FALSE,FALSE
24,25,3612,3602,3413,3612,3602,3413,3612,3602,3413,-10,-199,10,199,FALSE,FALSE
24,26,3659,3600,3502,3659,3600,3502,3659,3600,3502,-59,-157,59,157,FALSE,FALSE
24,27,3720,3591,3531,3720,3591,3531,3720,3591,3531,-129,-189,129,189,FALSE,FALSE
24,28,3680,3557,3524,3680,3557,3524,3680,3557,3524,-123,-156,123,156,FALSE,FALSE
24,29,3582,3468,3496,3582,3468,3496,3582,3468,3496,-114,-86,114,86,FALSE,FALSE
24,30,3485,3385,3435,3485,3385,3435,3485,3385,3435,-100,-50,100,50,FALSE,FALSE
24,31,3394,3268,3359,3394,3268,3359,3394,3268,3359,-126,-35,126,35,FALSE,FALSE
24,32,3272,3139,3249,3272,3139,3249,3272,3139,3249,-133,-23,133,23,FALSE,FALSE
24,33,3126,3020,3109,3126,3020,3109,3126,3020,3109,-106,-17,106,17,FALSE,FALSE
24,34,2993,2887,3000,2993,2887,3000,2993,2887,3000,-106,7,106,7,FALSE,FALSE
24,35,2850,2747,2877,2850,2747,2877,2850,2747,2877,-103,27,103,27,FALSE,FALSE
24,36,2732,2634,2752,2732,2634,2752,2732,2634,2752,-98,20,98,20,FALSE,FALSE
24,37,2617,2501,2636,2617,2501,2636,2617,2501,2636,-116,19,116,19,FALSE,FALSE
24,38,2502,2354,2524,2502,2354,2524,2502,2354,2524,-148,22,148,22,FALSE,FALSE
24,39,2344,2232,2421,2344,2232,2421,2344,2232,2421,-112,77,112,77,FALSE,FALSE
24,40,2212,2110,2280,2212,2110,2280,2212,2110,2280,-102,68,102,68,FALSE,FALSE
24,41,2076,1997,2151,2076,1997,2151,2076,1997,2151,-79,75,79,75,FALSE,FALSE
24,42,1964,1883,1997,1964,1883,1997,1964,1883,1997,-81,33,81,33,FALSE,FALSE
24,43,1839,1793,1862,1839,1793,1862,1839,1793,1862,-46,23,46,23,FALSE,FALSE
24,44,1703,1661,1737,1703,1661,1737,1703,1661,1737,-42,34,42,34,FALSE,FALSE
24,45,1597,1566,1653,1597,1566,1653,1597,1566,1653,-31,56,31,56,FALSE,FALSE
24,46,1491,1447,1546,1491,1447,1546,1491,1447,1546,-44,55,44,55,FALSE,FALSE
24,47,1380,1355,1456,1380,1355,1456,1380,1355,1456,-25,76,25,76,FALSE,FALSE
24,48,1300,1252,1358,1300,1252,1358,1300,1252,1358,-48,58,48,58,FALSE,FALSE
24,49,1228,1182,1264,1228,1182,1264,1228,1182,1264,-46,36,46,36,FALSE,FALSE
24,50,1133,1095,1159,1133,1095,1159,1133,1095,1159,-38,26,38,26,FALSE,FALSE
24,51,1055,1015,1079,1055,1015,1079,1055,1015,1079,-40,24,40,24,FALSE,FALSE
24,52,986,957,1008,986,957,1008,986,957,1008,-29,22,29,22,FALSE,FALSE
24,53,930,881,941,930,881,941,930,881,941,-49,11,49,11,FALSE,FALSE
24,54,857,825,892,857,825,892,857,825,892,-32,35,32,35,FALSE,FALSE
24,55,799,752,820,799,752,820,799,752,820,-47,21,47,21,FALSE,FALSE
24,56,731,704,750,731,704,750,731,704,750,-27,19,27,19,FALSE,FALSE
24,57,684,653,701,684,653,701,684,653,701,-31,17,31,17,FALSE,FALSE
24,58,635,607,651,635,607,651,635,607,651,-28,16,28,16,FALSE,FALSE
24,59,592,563,608,592,563,608,592,563,608,-29,16,29,16,FALSE,FALSE
24,60,561,526,558,561,526,558,561,526,558,-35,-3,35,3,FALSE,FALSE
25,0,57,57,57,57,57,57,57,57,57,0,0,0,0,TRUE,TRUE
25,1,76,70,77,76,70,77,76,70,77,-6,1,6,1,FALSE,FALSE
25,2,94,97,106,94,97,106,94,97,106,3,12,3,12,FALSE,FALSE
25,3,125,117,143,125,117,143,125,117,143,-8,18,8,18,FALSE,FALSE
25,4,163,161,200,163,161,200,163,161,200,-2,37,2,37,FALSE,FALSE
25,5,216,204,249,216,204,249,216,204,249,-12,33,12,33,FALSE,FALSE
25,6,289,260,310,289,260,310,289,260,310,-29,21,29,21,FALSE,FALSE
25,7,349,329,397,349,329,397,349,329,397,-20,48,20,48,FALSE,FALSE
25,8,426,418,506,426,418,506,426,418,506,-8,80,8,80,FALSE,FALSE
25,9,517,517,615,517,517,615,517,517,615,0,98,0,98,TRUE,FALSE
25,10,631,672,714,631,672,714,631,672,714,41,83,41,83,FALSE,FALSE
25,11,769,808,835,769,808,835,769,808,835,39,66,39,66,FALSE,FALSE
25,12,899,954,969,899,954,969,899,954,969,55,70,55,70,FALSE,FALSE
25,13,1026,1107,1106,1026,1107,1106,1026,1107,1106,81,80,81,80,FALSE,FALSE
25,14,1172,1267,1215,1172,1267,1215,1172,1267,1215,95,43,95,43,FALSE,FALSE
25,15,1313,1414,1366,1313,1414,1366,1313,1414,1366,101,53,101,53,FALSE,FALSE
25,16,1402,1535,1432,1402,1535,1432,1402,1535,1432,133,30,133,30,FALSE,FALSE
25,17,1508,1642,1490,1508,1642,1490,1508,1642,1490,134,-18,134,18,FALSE,FALSE
25,18,1564,1647,1498,1564,1647,1498,1564,1647,1498,83,-66,83,66,FALSE,FALSE
25,19,1563,1661,1497,1563,1661,1497,1563,1661,1497,98,-66,98,66,FALSE,FALSE
25,20,1518,1607,1440,1518,1607,1440,1518,1607,1440,89,-78,89,78,FALSE,FALSE
25,21,1482,1552,1382,1482,1552,1382,1482,1552,1382,70,-100,70,100,FALSE,FALSE
25,22,1416,1443,1313,1416,1443,1313,1416,1443,1313,27,-103,27,103,FALSE,FALSE
25,23,1326,1336,1252,1326,1336,1252,1326,1336,1252,10,-74,10,74,FALSE,FALSE
25,24,1234,1241,1160,1234,1241,1160,1234,1241,1160,7,-74,7,74,FALSE,FALSE
25,25,1176,1128,1064,1176,1128,1064,1176,1128,1064,-48,-112,48,112,FALSE,FALSE
25,26,1091,1024,972,1091,1024,972,1091,1024,972,-67,-119,67,119,FALSE,FALSE
25,27,984,942,885,984,942,885,984,942,885,-42,-99,42,99,FALSE,FALSE
25,28,890,846,788,890,846,788,890,846,788,-44,-102,44,102,FALSE,FALSE
25,29,806,762,703,806,762,703,806,762,703,-44,-103,44,103,FALSE,FALSE
25,30,713,661,648,713,661,648,713,661,648,-52,-65,52,65,FALSE,FALSE
25,31,609,578,591,609,578,591,609,578,591,-31,-18,31,18,FALSE,FALSE
25,32,540,518,518,540,518,518,540,518,518,-22,-22,22,22,FALSE,FALSE
25,33,474,461,463,474,461,463,474,461,463,-13,-11,13,11,FALSE,FALSE
25,34,426,421,418,426,421,418,426,421,418,-5,-8,5,8,FALSE,FALSE
25,35,385,370,381,385,370,381,385,370,381,-15,-4,15,4,FALSE,FALSE
25,36,355,328,322,355,328,322,355,328,322,-27,-33,27,33,FALSE,FALSE
25,37,312,295,280,312,295,280,312,295,280,-17,-32,17,32,FALSE,FALSE
25,38,273,262,248,273,262,248,273,262,248,-11,-25,11,25,FALSE,FALSE
25,39,252,233,232,252,233,232,252,233,232,-19,-20,19,20,FALSE,FALSE
25,40,220,209,209,220,209,209,220,209,209,-11,-11,11,11,FALSE,FALSE
25,41,190,180,198,190,180,198,190,180,198,-10,8,10,8,FALSE,FALSE
25,42,162,164,183,162,164,183,162,164,183,2,21,2,21,FALSE,FALSE
25,43,140,144,170,140,144,170,140,144,170,4,30,4,30,FALSE,FALSE
25,44,127,130,158,127,130,158,127,130,158,3,31,3,31,FALSE,FALSE
25,45,115,107,134,115,107,134,115,107,134,-8,19,8,19,FALSE,FALSE
25,46,103,96,123,103,96,123,103,96,123,-7,20,7,20,FALSE,FALSE
25,47,91,87,118,91,87,118,91,87,118,-4,27,4,27,FALSE,FALSE
25,48,79,81,96,79,81,96,79,81,96,2,17,2,17,FALSE,FALSE
25,49,77,69,84,77,69,84,77,69,84,-8,7,8,7,FALSE,FALSE
25,50,63,57,72,63,57,72,63,57,72,-6,9,6,9,FALSE,FALSE
25,51,59,48,61,59,48,61,59,48,61,-11,2,11,2,FALSE,FALSE
25,52,50,42,55,50,42,55,50,42,55,-8,5,8,5,FALSE,FALSE
25,53,45,38,51,45,38,51,45,38,51,-7,6,7,6,FALSE,FALSE
25,54,38,33,44,38,33,44,38,33,44,-5,6,5,6,FALSE,FALSE
25,55,37,29,36,37,29,36,37,29,36,-8,-1,8,1,FALSE,FALSE
25,56,30,27,28,30,27,28,30,27,28,-3,-2,3,2,FALSE,FALSE
25,57,27,21,22,27,21,22,27,21,22,-6,-5,6,5,FALSE,FALSE
25,58,25,15,19,25,15,19,25,15,19,-10,-6,10,6,FALSE,FALSE
25,59,21,12,17,21,12,17,21,12,17,-9,-4,9,4,FALSE,FALSE
25,60,19,12,12,19,12,12,19,12,12,-7,-7,7,7,FALSE,FALSE
26,0,79,79,79,79,79,79,79,79,79,0,0,0,0,TRUE,TRUE
26,1,89,82,93,89,82,93,89,82,93,-7,4,7,4,FALSE,FALSE
26,2,88,90,104,88,90,104,88,90,104,2,16,2,16,FALSE,FALSE
26,3,90,95,115,90,95,115,90,95,115,5,25,5,25,FALSE,FALSE
26,4,93,98,127,93,98,127,93,98,127,5,34,5,34,FALSE,FALSE
26,5,100,112,142,100,112,142,100,112,142,12,42,12,42,FALSE,FALSE
26,6,111,120,164,111,120,164,111,120,164,9,53,9,53,FALSE,FALSE
26,7,114,129,185,114,129,185,114,129,185,15,71,15,71,FALSE,FALSE
26,8,118,146,204,118,146,204,118,146,204,28,86,28,86,FALSE,FALSE
26,9,127,151,216,127,151,216,127,151,216,24,89,24,89,FALSE,FALSE
26,10,132,166,247,132,166,247,132,166,247,34,115,34,115,FALSE,FALSE
26,11,149,191,267,149,191,267,149,191,267,42,118,42,118,FALSE,FALSE
26,12,155,203,290,155,203,290,155,203,290,48,135,48,135,FALSE,FALSE
26,13,173,219,311,173,219,311,173,219,311,46,138,46,138,FALSE,FALSE
26,14,191,256,326,191,256,326,191,256,326,65,135,65,135,FALSE,FALSE
26,15,203,266,346,203,266,346,203,266,346,63,143,63,143,FALSE,FALSE
26,16,218,290,364,218,290,364,218,290,364,72,146,72,146,FALSE,FALSE
26,17,228,313,389,228,313,389,228,313,389,85,161,85,161,FALSE,FALSE
26,18,231,343,422,231,343,422,231,343,422,112,191,112,191,FALSE,FALSE
26,19,242,383,442,242,383,442,242,383,442,141,200,141,200,FALSE,FALSE
26,20,270,413,480,270,413,480,270,413,480,143,210,143,210,FALSE,FALSE
26,21,299,456,502,299,456,502,299,456,502,157,203,157,203,FALSE,FALSE
26,22,313,485,512,313,485,512,313,485,512,172,199,172,199,FALSE,FALSE
26,23,335,530,554,335,530,554,335,530,554,195,219,195,219,FALSE,FALSE
26,24,376,569,586,376,569,586,376,569,586,193,210,193,210,FALSE,FALSE
26,25,419,603,636,419,603,636,419,603,636,184,217,184,217,FALSE,FALSE
26,26,456,658,673,456,658,673,456,658,673,202,217,202,217,FALSE,FALSE
26,27,467,693,710,467,693,710,467,693,710,226,243,226,243,FALSE,FALSE
26,28,503,740,738,503,740,738,503,740,738,237,235,237,235,FALSE,FALSE
26,29,560,783,769,560,783,769,560,783,769,223,209,223,209,FALSE,FALSE
26,30,618,810,782,618,810,782,618,810,782,192,164,192,164,FALSE,FALSE
26,31,651,858,805,651,858,805,651,858,805,207,154,207,154,FALSE,FALSE
26,32,688,909,843,688,909,843,688,909,843,221,155,221,155,FALSE,FALSE
26,33,719,983,865,719,983,865,719,983,865,264,146,264,146,FALSE,FALSE
26,34,733,1024,895,733,1024,895,733,1024,895,291,162,291,162,FALSE,FALSE
26,35,782,1034,886,782,1034,886,782,1034,886,252,104,252,104,FALSE,FALSE
26,36,821,1067,881,821,1067,881,821,1067,881,246,60,246,60,FALSE,FALSE
26,37,853,1098,895,853,1098,895,853,1098,895,245,42,245,42,FALSE,FALSE
26,38,872,1124,905,872,1124,905,872,1124,905,252,33,252,33,FALSE,FALSE
26,39,896,1154,909,896,1154,909,896,1154,909,258,13,258,13,FALSE,FALSE
26,40,937,1171,919,937,1171,919,937,1171,919,234,-18,234,18,FALSE,FALSE
26,41,959,1175,905,959,1175,905,959,1175,905,216,-54,216,54,FALSE,FALSE
26,42,1007,1195,923,1007,1195,923,1007,1195,923,188,-84,188,84,FALSE,FALSE
26,43,1054,1220,948,1054,1220,948,1054,1220,948,166,-106,166,106,FALSE,FALSE
26,44,1082,1186,930,1082,1186,930,1082,1186,930,104,-152,104,152,FALSE,FALSE
26,45,1070,1200,920,1070,1200,920,1070,1200,920,130,-150,130,150,FALSE,FALSE
26,46,1053,1210,904,1053,1210,904,1053,1210,904,157,-149,157,149,FALSE,FALSE
26,47,1076,1196,874,1076,1196,874,1076,1196,874,120,-202,120,202,FALSE,FALSE
26,48,1063,1188,857,1063,1188,857,1063,1188,857,125,-206,125,206,FALSE,FALSE
26,49,1064,1165,838,1064,1165,838,1064,1165,838,101,-226,101,226,FALSE,FALSE
26,50,1055,1108,812,1055,1108,812,1055,1108,812,53,-243,53,243,FALSE,FALSE
26,51,1046,1082,804,1046,1082,804,1046,1082,804,36,-242,36,242,FALSE,FALSE
26,52,1047,1039,781,1047,1039,781,1047,1039,781,-8,-266,8,266,FALSE,FALSE
26,53,1027,1002,765,1027,1002,765,1027,1002,765,-25,-262,25,262,FALSE,FALSE
26,54,998,967,751,998,967,751,998,967,751,-31,-247,31,247,FALSE,FALSE
26,55,990,915,760,990,915,760,990,915,760,-75,-230,75,230,FALSE,FALSE
26,56,948,885,734,948,885,734,948,885,734,-63,-214,63,214,FALSE,FALSE
26,57,928,856,734,928,856,734,928,856,734,-72,-194,72,194,FALSE,FALSE
26,58,904,827,724,904,827,724,904,827,724,-77,-180,77,180,FALSE,FALSE
26,59,891,791,705,891,791,705,891,791,705,-100,-186,100,186,FALSE,FALSE
26,60,868,738,682,868,738,682,868,738,682,-130,-186,130,186,FALSE,FALSE
27,0,56,56,56,56,56,56,56,56,56,0,0,0,0,TRUE,TRUE
27,1,71,73,75,71,73,75,71,73,75,2,4,2,4,FALSE,FALSE
27,2,99,85,91,99,85,91,99,85,91,-14,-8,14,8,FALSE,FALSE
27,3,118,107,106,118,107,106,118,107,106,-11,-12,11,12,FALSE,FALSE
27,4,152,131,126,152,131,126,152,131,126,-21,-26,21,26,FALSE,FALSE
27,5,177,174,158,177,174,158,177,174,158,-3,-19,3,19,FALSE,FALSE
27,6,219,222,200,219,222,200,219,222,200,3,-19,3,19,FALSE,FALSE
27,7,261,274,263,261,274,263,261,274,263,13,2,13,2,FALSE,FALSE
27,8,337,335,315,337,335,315,337,335,315,-2,-22,2,22,FALSE,FALSE
27,9,434,403,392,434,403,392,434,403,392,-31,-42,31,42,FALSE,FALSE
27,10,533,486,465,533,486,465,533,486,465,-47,-68,47,68,FALSE,FALSE
27,11,627,576,573,627,576,573,627,576,573,-51,-54,51,54,FALSE,FALSE
27,12,767,688,693,767,688,693,767,688,693,-79,-74,79,74,FALSE,FALSE
27,13,937,814,862,937,814,862,937,814,862,-123,-75,123,75,FALSE,FALSE
27,14,1078,980,1047,1078,980,1047,1078,980,1047,-98,-31,98,31,FALSE,FALSE
27,15,1242,1156,1184,1242,1156,1184,1242,1156,1184,-86,-58,86,58,FALSE,FALSE
27,16,1435,1320,1336,1435,1320,1336,1435,1320,1336,-115,-99,115,99,FALSE,FALSE
27,17,1644,1509,1522,1644,1509,1522,1644,1509,1522,-135,-122,135,122,FALSE,FALSE
27,18,1819,1659,1695,1819,1659,1695,1819,1659,1695,-160,-124,160,124,FALSE,FALSE
27,19,1958,1808,1849,1958,1808,1849,1958,1808,1849,-150,-109,150,109,FALSE,FALSE
27,20,2094,1946,1971,2094,1946,1971,2094,1946,1971,-148,-123,148,123,FALSE,FALSE
27,21,2217,2052,2105,2217,2052,2105,2217,2052,2105,-165,-112,165,112,FALSE,FALSE
27,22,2285,2145,2199,2285,2145,2199,2285,2145,2199,-140,-86,140,86,FALSE,FALSE
27,23,2322,2258,2230,2322,2258,2230,2322,2258,2230,-64,-92,64,92,FALSE,FALSE
27,24,2347,2283,2241,2347,2283,2241,2347,2283,2241,-64,-106,64,106,FALSE,FALSE
27,25,2352,2257,2263,2352,2257,2263,2352,2257,2263,-95,-89,95,89,FALSE,FALSE
27,26,2288,2232,2219,2288,2232,2219,2288,2232,2219,-56,-69,56,69,FALSE,FALSE
27,27,2263,2213,2193,2263,2213,2193,2263,2213,2193,-50,-70,50,70,FALSE,FALSE
27,28,2215,2125,2163,2215,2125,2163,2215,2125,2163,-90,-52,90,52,FALSE,FALSE
27,29,2128,2086,2100,2128,2086,2100,2128,2086,2100,-42,-28,42,28,FALSE,FALSE
27,30,2044,2017,2042,2044,2017,2042,2044,2017,2042,-27,-2,27,2,FALSE,FALSE
27,31,1992,1950,1972,1992,1950,1972,1992,1950,1972,-42,-20,42,20,FALSE,FALSE
27,32,1889,1885,1878,1889,1885,1878,1889,1885,1878,-4,-11,4,11,FALSE,FALSE
27,33,1784,1795,1790,1784,1795,1790,1784,1795,1790,11,6,11,6,FALSE,FALSE
27,34,1693,1719,1691,1693,1719,1691,1693,1719,1691,26,-2,26,2,FALSE,FALSE
27,35,1605,1625,1605,1605,1625,1605,1605,1625,1605,20,0,20,0,FALSE,TRUE
27,36,1538,1558,1513,1538,1558,1513,1538,1558,1513,20,-25,20,25,FALSE,FALSE
27,37,1464,1493,1407,1464,1493,1407,1464,1493,1407,29,-57,29,57,FALSE,FALSE
27,38,1363,1434,1339,1363,1434,1339,1363,1434,1339,71,-24,71,24,FALSE,FALSE
27,39,1292,1355,1268,1292,1355,1268,1292,1355,1268,63,-24,63,24,FALSE,FALSE
27,40,1202,1285,1186,1202,1285,1186,1202,1285,1186,83,-16,83,16,FALSE,FALSE
27,41,1117,1223,1101,1117,1223,1101,1117,1223,1101,106,-16,106,16,FALSE,FALSE
27,42,1056,1156,1012,1056,1156,1012,1056,1156,1012,100,-44,100,44,FALSE,FALSE
27,43,998,1073,946,998,1073,946,998,1073,946,75,-52,75,52,FALSE,FALSE
27,44,943,1007,883,943,1007,883,943,1007,883,64,-60,64,60,FALSE,FALSE
27,45,868,931,830,868,931,830,868,931,830,63,-38,63,38,FALSE,FALSE
27,46,795,880,772,795,880,772,795,880,772,85,-23,85,23,FALSE,FALSE
27,47,756,822,720,756,822,720,756,822,720,66,-36,66,36,FALSE,FALSE
27,48,708,788,679,708,788,679,708,788,679,80,-29,80,29,FALSE,FALSE
27,49,657,723,641,657,723,641,657,723,641,66,-16,66,16,FALSE,FALSE
27,50,602,670,595,602,670,595,602,670,595,68,-7,68,7,FALSE,FALSE
27,51,554,632,559,554,632,559,554,632,559,78,5,78,5,FALSE,FALSE
27,52,514,591,520,514,591,520,514,591,520,77,6,77,6,FALSE,FALSE
27,53,480,564,480,480,564,480,480,564,480,84,0,84,0,FALSE,TRUE
27,54,450,524,440,450,524,440,450,524,440,74,-10,74,10,FALSE,FALSE
27,55,420,483,406,420,483,406,420,483,406,63,-14,63,14,FALSE,FALSE
27,56,388,454,385,388,454,385,388,454,385,66,-3,66,3,FALSE,FALSE
27,57,352,429,360,352,429,360,352,429,360,77,8,77,8,FALSE,FALSE
27,58,324,396,332,324,396,332,324,396,332,72,8,72,8,FALSE,FALSE
27,59,303,364,302,303,364,302,303,364,302,61,-1,61,1,FALSE,FALSE
27,60,281,342,269,281,342,269,281,342,269,61,-12,61,12,FALSE,FALSE
28,0,150,150,150,150,150,150,150,150,150,0,0,0,0,TRUE,TRUE
28,1,161,173,173,161,173,173,161,173,173,12,12,12,12,FALSE,FALSE
28,2,176,196,204,176,196,204,176,196,204,20,28,20,28,FALSE,FALSE
28,3,192,209,234,192,209,234,192,209,234,17,42,17,42,FALSE,FALSE
28,4,220,232,262,220,232,262,220,232,262,12,42,12,42,FALSE,FALSE
28,5,243,258,299,243,258,299,243,258,299,15,56,15,56,FALSE,FALSE
28,6,289,296,354,289,296,354,289,296,354,7,65,7,65,FALSE,FALSE
28,7,334,316,395,334,316,395,334,316,395,-18,61,18,61,FALSE,FALSE
28,8,369,351,445,369,351,445,369,351,445,-18,76,18,76,FALSE,FALSE
28,9,421,380,492,421,380,492,421,380,492,-41,71,41,71,FALSE,FALSE
28,10,479,423,563,479,423,563,479,423,563,-56,84,56,84,FALSE,FALSE
28,11,557,462,619,557,462,619,557,462,619,-95,62,95,62,FALSE,FALSE
28,12,612,497,674,612,497,674,612,497,674,-115,62,115,62,FALSE,FALSE
28,13,666,536,756,666,536,756,666,536,756,-130,90,130,90,FALSE,FALSE
28,14,741,573,829,741,573,829,741,573,829,-168,88,168,88,FALSE,FALSE
28,15,810,607,902,810,607,902,810,607,902,-203,92,203,92,FALSE,FALSE
28,16,866,652,980,866,652,980,866,652,980,-214,114,214,114,FALSE,FALSE
28,17,916,689,1048,916,689,1048,916,689,1048,-227,132,227,132,FALSE,FALSE
28,18,990,733,1142,990,733,1142,990,733,1142,-257,152,257,152,FALSE,FALSE
28,19,1027,795,1200,1027,795,1200,1027,795,1200,-232,173,232,173,FALSE,FALSE
28,20,1108,836,1273,1108,836,1273,1108,836,1273,-272,165,272,165,FALSE,FALSE
28,21,1131,914,1297,1131,914,1297,1131,914,1297,-217,166,217,166,FALSE,FALSE
28,22,1179,955,1298,1179,955,1298,1179,955,1298,-224,119,224,119,FALSE,FALSE
28,23,1195,1017,1328,1195,1017,1328,1195,1017,1328,-178,133,178,133,FALSE,FALSE
28,24,1242,1061,1339,1242,1061,1339,1242,1061,1339,-181,97,181,97,FALSE,FALSE
28,25,1291,1091,1335,1291,1091,1335,1291,1091,1335,-200,44,200,44,FALSE,FALSE
28,26,1320,1088,1341,1320,1088,1341,1320,1088,1341,-232,21,232,21,FALSE,FALSE
28,27,1348,1079,1345,1348,1079,1345,1348,1079,1345,-269,-3,269,3,FALSE,FALSE
28,28,1333,1119,1360,1333,1119,1360,1333,1119,1360,-214,27,214,27,FALSE,FALSE
28,29,1371,1114,1366,1371,1114,1366,1371,1114,1366,-257,-5,257,5,FALSE,FALSE
28,30,1388,1123,1364,1388,1123,1364,1388,1123,1364,-265,-24,265,24,FALSE,FALSE
28,31,1403,1114,1365,1403,1114,1365,1403,1114,1365,-289,-38,289,38,FALSE,FALSE
28,32,1390,1109,1341,1390,1109,1341,1390,1109,1341,-281,-49,281,49,FALSE,FALSE
28,33,1309,1126,1293,1309,1126,1293,1309,1126,1293,-183,-16,183,16,FALSE,FALSE
28,34,1302,1117,1268,1302,1117,1268,1302,1117,1268,-185,-34,185,34,FALSE,FALSE
28,35,1252,1079,1229,1252,1079,1229,1252,1079,1229,-173,-23,173,23,FALSE,FALSE
28,36,1197,1061,1172,1197,1061,1172,1197,1061,1172,-136,-25,136,25,FALSE,FALSE
28,37,1154,1037,1110,1154,1037,1110,1154,1037,1110,-117,-44,117,44,FALSE,FALSE
28,38,1098,1012,1035,1098,1012,1035,1098,1012,1035,-86,-63,86,63,FALSE,FALSE
28,39,1056,978,975,1056,978,975,1056,978,975,-78,-81,78,81,FALSE,FALSE
28,40,995,955,916,995,955,916,995,955,916,-40,-79,40,79,FALSE,FALSE
28,41,951,926,841,951,926,841,951,926,841,-25,-110,25,110,FALSE,FALSE
28,42,895,892,813,895,892,813,895,892,813,-3,-82,3,82,FALSE,FALSE
28,43,852,871,770,852,871,770,852,871,770,19,-82,19,82,FALSE,FALSE
28,44,820,831,720,820,831,720,820,831,720,11,-100,11,100,FALSE,FALSE
28,45,758,763,666,758,763,666,758,763,666,5,-92,5,92,FALSE,FALSE
28,46,713,736,634,713,736,634,713,736,634,23,-79,23,79,FALSE,FALSE
28,47,669,684,586,669,684,586,669,684,586,15,-83,15,83,FALSE,FALSE
28,48,592,641,547,592,641,547,592,641,547,49,-45,49,45,FALSE,FALSE
28,49,553,603,509,553,603,509,553,603,509,50,-44,50,44,FALSE,FALSE
28,50,526,560,469,526,560,469,526,560,469,34,-57,34,57,FALSE,FALSE
28,51,500,531,443,500,531,443,500,531,443,31,-57,31,57,FALSE,FALSE
28,52,458,498,401,458,498,401,458,498,401,40,-57,40,57,FALSE,FALSE
28,53,433,472,369,433,472,369,433,472,369,39,-64,39,64,FALSE,FALSE
28,54,400,445,340,400,445,340,400,445,340,45,-60,45,60,FALSE,FALSE
28,55,372,433,323,372,433,323,372,433,323,61,-49,61,49,FALSE,FALSE
28,56,338,403,298,338,403,298,338,403,298,65,-40,65,40,FALSE,FALSE
28,57,302,377,267,302,377,267,302,377,267,75,-35,75,35,FALSE,FALSE
28,58,280,352,245,280,352,245,280,352,245,72,-35,72,35,FALSE,FALSE
28,59,250,308,224,250,308,224,250,308,224,58,-26,58,26,FALSE,FALSE
28,60,227,285,200,227,285,200,227,285,200,58,-27,58,27,FALSE,FALSE
29,0,113,113,113,113,113,113,113,113,113,0,0,0,0,TRUE,TRUE
29,1,124,122,122,124,122,122,124,122,122,-2,-2,2,2,FALSE,FALSE
29,2,134,127,126,134,127,126,134,127,126,-7,-8,7,8,FALSE,FALSE
29,3,148,146,138,148,146,138,148,146,138,-2,-10,2,10,FALSE,FALSE
29,4,166,165,159,166,165,159,166,165,159,-1,-7,1,7,FALSE,FALSE
29,5,181,173,173,181,173,173,181,173,173,-8,-8,8,8,FALSE,FALSE
29,6,204,195,187,204,195,187,204,195,187,-9,-17,9,17,FALSE,FALSE
29,7,216,214,201,216,214,201,216,214,201,-2,-15,2,15,FALSE,FALSE
29,8,243,236,217,243,236,217,243,236,217,-7,-26,7,26,FALSE,FALSE
29,9,257,263,256,257,263,256,257,263,256,6,-1,6,1,FALSE,FALSE
29,10,287,304,284,287,304,284,287,304,284,17,-3,17,3,FALSE,FALSE
29,11,305,331,313,305,331,313,305,331,313,26,8,26,8,FALSE,FALSE
29,12,319,352,346,319,352,346,319,352,346,33,27,33,27,FALSE,FALSE
29,13,343,383,393,343,383,393,343,383,393,40,50,40,50,FALSE,FALSE
29,14,371,418,449,371,418,449,371,418,449,47,78,47,78,FALSE,FALSE
29,15,411,439,484,411,439,484,411,439,484,28,73,28,73,FALSE,FALSE
29,16,448,487,521,448,487,521,448,487,521,39,73,39,73,FALSE,FALSE
29,17,475,506,549,475,506,549,475,506,549,31,74,31,74,FALSE,FALSE
29,18,499,531,624,499,531,624,499,531,624,32,125,32,125,FALSE,FALSE
29,19,529,566,688,529,566,688,529,566,688,37,159,37,159,FALSE,FALSE
29,20,578,610,762,578,610,762,578,610,762,32,184,32,184,FALSE,FALSE
29,21,630,658,812,630,658,812,630,658,812,28,182,28,182,FALSE,FALSE
29,22,655,696,842,655,696,842,655,696,842,41,187,41,187,FALSE,FALSE
29,23,708,758,900,708,758,900,708,758,900,50,192,50,192,FALSE,FALSE
29,24,744,798,944,744,798,944,744,798,944,54,200,54,200,FALSE,FALSE
29,25,778,842,993,778,842,993,778,842,993,64,215,64,215,FALSE,FALSE
29,26,811,900,1040,811,900,1040,811,900,1040,89,229,89,229,FALSE,FALSE
29,27,827,955,1063,827,955,1063,827,955,1063,128,236,128,236,FALSE,FALSE
29,28,887,989,1115,887,989,1115,887,989,1115,102,228,102,228,FALSE,FALSE
29,29,910,1047,1167,910,1047,1167,910,1047,1167,137,257,137,257,FALSE,FALSE
29,30,961,1077,1176,961,1077,1176,961,1077,1176,116,215,116,215,FALSE,FALSE
29,31,999,1139,1231,999,1139,1231,999,1139,1231,140,232,140,232,FALSE,FALSE
29,32,1078,1215,1267,1078,1215,1267,1078,1215,1267,137,189,137,189,FALSE,FALSE
29,33,1105,1242,1313,1105,1242,1313,1105,1242,1313,137,208,137,208,FALSE,FALSE
29,34,1162,1311,1367,1162,1311,1367,1162,1311,1367,149,205,149,205,FALSE,FALSE
29,35,1195,1333,1383,1195,1333,1383,1195,1333,1383,138,188,138,188,FALSE,FALSE
29,36,1225,1368,1422,1225,1368,1422,1225,1368,1422,143,197,143,197,FALSE,FALSE
29,37,1238,1393,1406,1238,1393,1406,1238,1393,1406,155,168,155,168,FALSE,FALSE
29,38,1230,1419,1422,1230,1419,1422,1230,1419,1422,189,192,189,192,FALSE,FALSE
29,39,1254,1414,1418,1254,1414,1418,1254,1414,1418,160,164,160,164,FALSE,FALSE
29,40,1272,1421,1424,1272,1421,1424,1272,1421,1424,149,152,149,152,FALSE,FALSE
29,41,1279,1405,1369,1279,1405,1369,1279,1405,1369,126,90,126,90,FALSE,FALSE
29,42,1275,1389,1346,1275,1389,1346,1275,1389,1346,114,71,114,71,FALSE,FALSE
29,43,1289,1366,1354,1289,1366,1354,1289,1366,1354,77,65,77,65,FALSE,FALSE
29,44,1280,1344,1335,1280,1344,1335,1280,1344,1335,64,55,64,55,FALSE,FALSE
29,45,1299,1323,1324,1299,1323,1324,1299,1323,1324,24,25,24,25,FALSE,FALSE
29,46,1300,1336,1284,1300,1336,1284,1300,1336,1284,36,-16,36,16,FALSE,FALSE
29,47,1284,1315,1268,1284,1315,1268,1284,1315,1268,31,-16,31,16,FALSE,FALSE
29,48,1239,1286,1247,1239,1286,1247,1239,1286,1247,47,8,47,8,FALSE,FALSE
29,49,1241,1287,1208,1241,1287,1208,1241,1287,1208,46,-33,46,33,FALSE,FALSE
29,50,1236,1248,1155,1236,1248,1155,1236,1248,1155,12,-81,12,81,FALSE,FALSE
29,51,1223,1189,1100,1223,1189,1100,1223,1189,1100,-34,-123,34,123,FALSE,FALSE
29,52,1165,1139,1055,1165,1139,1055,1165,1139,1055,-26,-110,26,110,FALSE,FALSE
29,53,1121,1090,1001,1121,1090,1001,1121,1090,1001,-31,-120,31,120,FALSE,FALSE
29,54,1091,1065,973,1091,1065,973,1091,1065,973,-26,-118,26,118,FALSE,FALSE
29,55,1044,995,936,1044,995,936,1044,995,936,-49,-108,49,108,FALSE,FALSE
29,56,1024,963,910,1024,963,910,1024,963,910,-61,-114,61,114,FALSE,FALSE
29,57,997,956,880,997,956,880,997,956,880,-41,-117,41,117,FALSE,FALSE
29,58,970,921,830,970,921,830,970,921,830,-49,-140,49,140,FALSE,FALSE
29,59,907,881,782,907,881,782,907,881,782,-26,-125,26,125,FALSE,FALSE
29,60,896,839,758,896,839,758,896,839,758,-57,-138,57,138,FALSE,FALSE
30,0,65,65,65,65,65,65,65,65,65,0,0,0,0,TRUE,TRUE
30,1,115,112,129,115,112,129,115,112,129,-3,14,3,14,FALSE,FALSE
30,2,197,198,212,197,198,212,197,198,212,1,15,1,15,FALSE,FALSE
30,3,323,348,382,323,348,382,323,348,382,25,59,25,59,FALSE,FALSE
30,4,571,562,635,571,562,635,571,562,635,-9,64,9,64,FALSE,FALSE
30,5,921,865,1059,921,865,1059,921,865,1059,-56,138,56,138,FALSE,FALSE
30,6,1378,1263,1597,1378,1263,1597,1378,1263,1597,-115,219,115,219,FALSE,FALSE
30,7,1955,1742,2210,1955,1742,2210,1955,1742,2210,-213,255,213,255,FALSE,FALSE
30,8,2567,2227,2750,2567,2227,2750,2567,2227,2750,-340,183,340,183,FALSE,FALSE
30,9,3025,2715,3122,3025,2715,3122,3025,2715,3122,-310,97,310,97,FALSE,FALSE
30,10,3245,2994,3215,3245,2994,3215,3245,2994,3215,-251,-30,251,30,FALSE,FALSE
30,11,3197,3055,3141,3197,3055,3141,3197,3055,3141,-142,-56,142,56,FALSE,FALSE
30,12,2963,2916,2850,2963,2916,2850,2963,2916,2850,-47,-113,47,113,FALSE,FALSE
30,13,2646,2616,2552,2646,2616,2552,2646,2616,2552,-30,-94,30,94,FALSE,FALSE
30,14,2280,2259,2168,2280,2259,2168,2280,2259,2168,-21,-112,21,112,FALSE,FALSE
30,15,1940,1965,1809,1940,1965,1809,1940,1965,1809,25,-131,25,131,FALSE,FALSE
30,16,1628,1658,1521,1628,1658,1521,1628,1658,1521,30,-107,30,107,FALSE,FALSE
30,17,1317,1385,1265,1317,1385,1265,1317,1385,1265,68,-52,68,52,FALSE,FALSE
30,18,1071,1144,1035,1071,1144,1035,1071,1144,1035,73,-36,73,36,FALSE,FALSE
30,19,876,945,838,876,945,838,876,945,838,69,-38,69,38,FALSE,FALSE
30,20,705,756,660,705,756,660,705,756,660,51,-45,51,45,FALSE,FALSE
30,21,599,626,542,599,626,542,599,626,542,27,-57,27,57,FALSE,FALSE
30,22,485,496,414,485,496,414,485,496,414,11,-71,11,71,FALSE,FALSE
30,23,377,389,335,377,389,335,377,389,335,12,-42,12,42,FALSE,FALSE
30,24,315,319,280,315,319,280,315,319,280,4,-35,4,35,FALSE,FALSE
30,25,253,249,234,253,249,234,253,249,234,-4,-19,4,19,FALSE,FALSE
30,26,211,203,179,211,203,179,211,203,179,-8,-32,8,32,FALSE,FALSE
30,27,161,167,143,161,167,143,161,167,143,6,-18,6,18,FALSE,FALSE
30,28,132,126,118,132,126,118,132,126,118,-6,-14,6,14,FALSE,FALSE
30,29,103,102,94,103,102,94,103,102,94,-1,-9,1,9,FALSE,FALSE
30,30,94,83,79,94,83,79,94,83,79,-11,-15,11,15,FALSE,FALSE
30,31,74,64,66,74,64,66,74,64,66,-10,-8,10,8,FALSE,FALSE
30,32,59,55,57,59,55,57,59,55,57,-4,-2,4,2,FALSE,FALSE
30,33,46,41,49,46,41,49,46,41,49,-5,3,5,3,FALSE,FALSE
30,34,34,32,40,34,32,40,34,32,40,-2,6,2,6,FALSE,FALSE
30,35,26,28,35,26,28,35,26,28,35,2,9,2,9,FALSE,FALSE
30,36,20,21,27,20,21,27,20,21,27,1,7,1,7,FALSE,FALSE
30,37,12,18,17,12,18,17,12,18,17,6,5,6,5,FALSE,FALSE
30,38,10,17,16,10,17,16,10,17,16,7,6,7,6,FALSE,FALSE
30,39,6,13,15,6,13,15,6,13,15,7,9,7,9,FALSE,FALSE
30,40,3,10,9,3,10,9,3,10,9,7,6,7,6,FALSE,FALSE
30,41,3,9,6,3,9,6,3,9,6,6,3,6,3,FALSE,FALSE
30,42,2,8,6,2,8,6,2,8,6,6,4,6,4,FALSE,FALSE
30,43,2,8,5,2,8,5,2,8,5,6,3,6,3,FALSE,FALSE
30,44,2,7,3,2,7,3,2,7,3,5,1,5,1,FALSE,FALSE
30,45,1,5,3,1,5,3,1,5,3,4,2,4,2,FALSE,FALSE
30,46,1,3,2,1,3,2,1,3,2,2,1,2,1,FALSE,FALSE
30,47,1,3,2,1,3,2,1,3,2,2,1,2,1,FALSE,FALSE
30,48,2,3,2,2,3,2,2,3,2,1,0,1,0,FALSE,TRUE
30,49,2,3,2,2,3,2,2,3,2,1,0,1,0,FALSE,TRUE
30,50,1,3,2,1,3,2,1,3,2,2,1,2,1,FALSE,FALSE
30,51,0,3,1,0,3,1,0,3,1,3,1,3,1,FALSE,FALSE
30,52,0,2,1,0,2,1,0,2,1,2,1,2,1,FALSE,FALSE
30,53,0,2,1,0,2,1,0,2,1,2,1,2,1,FALSE,FALSE
30,54,0,2,1,0,2,1,0,2,1,2,1,2,1,FALSE,FALSE
30,55,0,2,0,0,2,0,0,2,0,2,0,2,0,FALSE,TRUE
30,56,0,2,0,0,2,0,0,2,0,2,0,2,0,FALSE,TRUE
30,57,0,2,0,0,2,0,0,2,0,2,0,2,0,FALSE,TRUE
30,58,0,2,0,0,2,0,0,2,0,2,0,2,0,FALSE,TRUE
30,59,0,2,0,0,2,0,0,2,0,2,0,2,0,FALSE,TRUE
30,60,0,2,0,0,2,0,0,2,0,2,0,2,0,FALSE,TRUE
31,0,68,68,68,68,68,68,68,68,68,0,0,0,0,TRUE,TRUE
31,1,90,94,96,90,94,96,90,94,96,4,6,4,6,FALSE,FALSE
31,2,115,135,132,115,135,132,115,135,132,20,17,20,17,FALSE,FALSE
31,3,161,189,192,161,189,192,161,189,192,28,31,28,31,FALSE,FALSE
31,4,227,259,262,227,259,262,227,259,262,32,35,32,35,FALSE,FALSE
31,5,290,341,353,290,341,353,290,341,353,51,63,51,63,FALSE,FALSE
31,6,364,444,480,364,444,480,364,444,480,80,116,80,116,FALSE,FALSE
31,7,474,566,647,474,566,647,474,566,647,92,173,92,173,FALSE,FALSE
31,8,648,728,839,648,728,839,648,728,839,80,191,80,191,FALSE,FALSE
31,9,863,913,1079,863,913,1079,863,913,1079,50,216,50,216,FALSE,FALSE
31,10,1066,1125,1398,1066,1125,1398,1066,1125,1398,59,332,59,332,FALSE,FALSE
31,11,1319,1381,1753,1319,1381,1753,1319,1381,1753,62,434,62,434,FALSE,FALSE
31,12,1604,1663,2092,1604,1663,2092,1604,1663,2092,59,488,59,488,FALSE,FALSE
31,13,1931,1974,2428,1931,1974,2428,1931,1974,2428,43,497,43,497,FALSE,FALSE
31,14,2278,2255,2787,2278,2255,2787,2278,2255,2787,-23,509,23,509,FALSE,FALSE
31,15,2592,2521,3000,2592,2521,3000,2592,2521,3000,-71,408,71,408,FALSE,FALSE
31,16,2892,2731,3150,2892,2731,3150,2892,2731,3150,-161,258,161,258,FALSE,FALSE
31,17,3090,2888,3242,3090,2888,3242,3090,2888,3242,-202,152,202,152,FALSE,FALSE
31,18,3126,2977,3249,3126,2977,3249,3126,2977,3249,-149,123,149,123,FALSE,FALSE
31,19,3157,3048,3178,3157,3048,3178,3157,3048,3178,-109,21,109,21,FALSE,FALSE
31,20,3135,2962,3060,3135,2962,3060,3135,2962,3060,-173,-75,173,75,FALSE,FALSE
31,21,3002,2888,2858,3002,2888,2858,3002,2888,2858,-114,-144,114,144,FALSE,FALSE
31,22,2817,2763,2652,2817,2763,2652,2817,2763,2652,-54,-165,54,165,FALSE,FALSE
31,23,2635,2619,2455,2635,2619,2455,2635,2619,2455,-16,-180,16,180,FALSE,FALSE
31,24,2433,2462,2248,2433,2462,2248,2433,2462,2248,29,-185,29,185,FALSE,FALSE
31,25,2266,2288,2061,2266,2288,2061,2266,2288,2061,22,-205,22,205,FALSE,FALSE
31,26,2086,2127,1845,2086,2127,1845,2086,2127,1845,41,-241,41,241,FALSE,FALSE
31,27,1875,1946,1654,1875,1946,1654,1875,1946,1654,71,-221,71,221,FALSE,FALSE
31,28,1678,1759,1466,1678,1759,1466,1678,1759,1466,81,-212,81,212,FALSE,FALSE
31,29,1519,1586,1299,1519,1586,1299,1519,1586,1299,67,-220,67,220,FALSE,FALSE
31,30,1349,1432,1180,1349,1432,1180,1349,1432,1180,83,-169,83,169,FALSE,FALSE
31,31,1217,1302,1071,1217,1302,1071,1217,1302,1071,85,-146,85,146,FALSE,FALSE
31,32,1093,1186,957,1093,1186,957,1093,1186,957,93,-136,93,136,FALSE,FALSE
31,33,997,1071,848,997,1071,848,997,1071,848,74,-149,74,149,FALSE,FALSE
31,34,878,963,747,878,963,747,878,963,747,85,-131,85,131,FALSE,FALSE
31,35,775,871,654,775,871,654,775,871,654,96,-121,96,121,FALSE,FALSE
31,36,700,780,578,700,780,578,700,780,578,80,-122,80,122,FALSE,FALSE
31,37,622,716,517,622,716,517,622,716,517,94,-105,94,105,FALSE,FALSE
31,38,538,622,453,538,622,453,538,622,453,84,-85,84,85,FALSE,FALSE
31,39,476,554,414,476,554,414,476,554,414,78,-62,78,62,FALSE,FALSE
31,40,424,493,369,424,493,369,424,493,369,69,-55,69,55,FALSE,FALSE
31,41,375,445,332,375,445,332,375,445,332,70,-43,70,43,FALSE,FALSE
31,42,326,403,277,326,403,277,326,403,277,77,-49,77,49,FALSE,FALSE
31,43,288,370,248,288,370,248,288,370,248,82,-40,82,40,FALSE,FALSE
31,44,249,327,217,249,327,217,249,327,217,78,-32,78,32,FALSE,FALSE
31,45,226,290,190,226,290,190,226,290,190,64,-36,64,36,FALSE,FALSE
31,46,195,255,166,195,255,166,195,255,166,60,-29,60,29,FALSE,FALSE
31,47,174,230,158,174,230,158,174,230,158,56,-16,56,16,FALSE,FALSE
31,48,158,203,146,158,203,146,158,203,146,45,-12,45,12,FALSE,FALSE
31,49,143,177,132,143,177,132,143,177,132,34,-11,34,11,FALSE,FALSE
31,50,127,145,115,127,145,115,127,145,115,18,-12,18,12,FALSE,FALSE
31,51,113,125,96,113,125,96,113,125,96,12,-17,12,17,FALSE,FALSE
31,52,95,113,91,95,113,91,95,113,91,18,-4,18,4,FALSE,FALSE
31,53,84,100,81,84,100,81,84,100,81,16,-3,16,3,FALSE,FALSE
31,54,76,86,71,76,86,71,76,86,71,10,-5,10,5,FALSE,FALSE
31,55,66,71,61,66,71,61,66,71,61,5,-5,5,5,FALSE,FALSE
31,56,58,60,50,58,60,50,58,60,50,2,-8,2,8,FALSE,FALSE
31,57,52,46,46,52,46,46,52,46,46,-6,-6,6,6,FALSE,FALSE
31,58,47,41,44,47,41,44,47,41,44,-6,-3,6,3,FALSE,FALSE
31,59,45,34,41,45,34,41,45,34,41,-11,-4,11,4,FALSE,FALSE
31,60,42,27,36,42,27,36,42,27,36,-15,-6,15,6,FALSE,FALSE
32,0,80,80,80,80,80,80,80,80,80,0,0,0,0,TRUE,TRUE
32,1,125,118,125,125,118,125,125,118,125,-7,0,7,0,FALSE,TRUE
32,2,172,174,193,172,174,193,172,174,193,2,21,2,21,FALSE,FALSE
32,3,249,256,288,249,256,288,249,256,288,7,39,7,39,FALSE,FALSE
32,4,399,378,426,399,378,426,399,378,426,-21,27,21,27,FALSE,FALSE
32,5,589,541,651,589,541,651,589,541,651,-48,62,48,62,FALSE,FALSE
32,6,900,769,958,900,769,958,900,769,958,-131,58,131,58,FALSE,FALSE
32,7,1248,1090,1345,1248,1090,1345,1248,1090,1345,-158,97,158,97,FALSE,FALSE
32,8,1579,1453,1772,1579,1453,1772,1579,1453,1772,-126,193,126,193,FALSE,FALSE
32,9,1928,1808,2175,1928,1808,2175,1928,1808,2175,-120,247,120,247,FALSE,FALSE
32,10,2189,2113,2382,2189,2113,2382,2189,2113,2382,-76,193,76,193,FALSE,FALSE
32,11,2286,2306,2432,2286,2306,2432,2286,2306,2432,20,146,20,146,FALSE,FALSE
32,12,2220,2278,2335,2220,2278,2335,2220,2278,2335,58,115,58,115,FALSE,FALSE
32,13,2081,2129,2124,2081,2129,2124,2081,2129,2124,48,43,48,43,FALSE,FALSE
32,14,1858,1860,1882,1858,1860,1882,1858,1860,1882,2,24,2,24,FALSE,FALSE
32,15,1626,1639,1582,1626,1639,1582,1626,1639,1582,13,-44,13,44,FALSE,FALSE
32,16,1372,1399,1342,1372,1399,1342,1372,1399,1342,27,-30,27,30,FALSE,FALSE
32,17,1125,1174,1102,1125,1174,1102,1125,1174,1102,49,-23,49,23,FALSE,FALSE
32,18,944,974,890,944,974,890,944,974,890,30,-54,30,54,FALSE,FALSE
32,19,749,824,729,749,824,729,749,824,729,75,-20,75,20,FALSE,FALSE
32,20,611,688,592,611,688,592,611,688,592,77,-19,77,19,FALSE,FALSE
32,21,493,563,476,493,563,476,493,563,476,70,-17,70,17,FALSE,FALSE
32,22,402,452,375,402,452,375,402,452,375,50,-27,50,27,FALSE,FALSE
32,23,323,380,292,323,380,292,323,380,292,57,-31,57,31,FALSE,FALSE
32,24,258,315,236,258,315,236,258,315,236,57,-22,57,22,FALSE,FALSE
32,25,196,260,193,196,260,193,196,260,193,64,-3,64,3,FALSE,FALSE
32,26,161,210,157,161,210,157,161,210,157,49,-4,49,4,FALSE,FALSE
32,27,132,165,112,132,165,112,132,165,112,33,-20,33,20,FALSE,FALSE
32,28,97,134,95,97,134,95,97,134,95,37,-2,37,2,FALSE,FALSE
32,29,83,105,76,83,105,76,83,105,76,22,-7,22,7,FALSE,FALSE
32,30,70,82,60,70,82,60,70,82,60,12,-10,12,10,FALSE,FALSE
32,31,60,60,45,60,60,45,60,60,45,0,-15,0,15,TRUE,FALSE
32,32,42,47,31,42,47,31,42,47,31,5,-11,5,11,FALSE,FALSE
32,33,31,38,25,31,38,25,31,38,25,7,-6,7,6,FALSE,FALSE
32,34,23,31,21,23,31,21,23,31,21,8,-2,8,2,FALSE,FALSE
32,35,21,30,15,21,30,15,21,30,15,9,-6,9,6,FALSE,FALSE
32,36,15,26,14,15,26,14,15,26,14,11,-1,11,1,FALSE,FALSE
32,37,14,21,11,14,21,11,14,21,11,7,-3,7,3,FALSE,FALSE
32,38,12,18,9,12,18,9,12,18,9,6,-3,6,3,FALSE,FALSE
32,39,10,12,9,10,12,9,10,12,9,2,-1,2,1,FALSE,FALSE
32,40,8,8,9,8,8,9,8,8,9,0,1,0,1,TRUE,FALSE
32,41,7,7,6,7,7,6,7,7,6,0,-1,0,1,TRUE,FALSE
32,42,5,6,4,5,6,4,5,6,4,1,-1,1,1,FALSE,FALSE
32,43,5,6,2,5,6,2,5,6,2,1,-3,1,3,FALSE,FALSE
32,44,4,4,2,4,4,2,4,4,2,0,-2,0,2,TRUE,FALSE
32,45,3,4,2,3,4,2,3,4,2,1,-1,1,1,FALSE,FALSE
32,46,2,4,1,2,4,1,2,4,1,2,-1,2,1,FALSE,FALSE
32,47,2,4,1,2,4,1,2,4,1,2,-1,2,1,FALSE,FALSE
32,48,1,4,1,1,4,1,1,4,1,3,0,3,0,FALSE,TRUE
32,49,1,3,1,1,3,1,1,3,1,2,0,2,0,FALSE,TRUE
32,50,1,2,1,1,2,1,1,2,1,1,0,1,0,FALSE,TRUE
32,51,1,1,1,1,1,1,1,1,1,0,0,0,0,TRUE,TRUE
32,52,1,1,1,1,1,1,1,1,1,0,0,0,0,TRUE,TRUE
32,53,1,0,1,1,0,1,1,0,1,-1,0,1,0,FALSE,TRUE
32,54,1,0,1,1,0,1,1,0,1,-1,0,1,0,FALSE,TRUE
32,55,0,0,1,0,0,1,0,0,1,0,1,0,1,TRUE,FALSE
32,56,0,0,1,0,0,1,0,0,1,0,1,0,1,TRUE,FALSE
32,57,0,0,0,0,0,0,0,0,0,0,0,0,0,TRUE,TRUE
32,58,0,0,0,0,0,0,0,0,0,0,0,0,0,TRUE,TRUE
32,59,0,0,0,0,0,0,0,0,0,0,0,0,0,TRUE,TRUE
32,60,0,0,0,0,0,0,0,0,0,0,0,0,0,TRUE,TRUE
33,0,89,89,89,89,89,89,89,89,89,0,0,0,0,TRUE,TRUE
33,1,124,127,127,124,127,127,124,127,127,3,3,3,3,FALSE,FALSE
33,2,166,175,171,166,175,171,166,175,171,9,5,9,5,FALSE,FALSE
33,3,240,241,241,240,241,241,240,241,241,1,1,1,1,FALSE,FALSE
33,4,332,335,331,332,335,331,332,335,331,3,-1,3,1,FALSE,FALSE
33,5,444,438,467,444,438,467,444,438,467,-6,23,6,23,FALSE,FALSE
33,6,614,565,682,614,565,682,614,565,682,-49,68,49,68,FALSE,FALSE
33,7,792,708,884,792,708,884,792,708,884,-84,92,84,92,FALSE,FALSE
33,8,1034,927,1165,1034,927,1165,1034,927,1165,-107,131,107,131,FALSE,FALSE
33,9,1290,1146,1440,1290,1146,1440,1290,1146,1440,-144,150,144,150,FALSE,FALSE
33,10,1572,1441,1767,1572,1441,1767,1572,1441,1767,-131,195,131,195,FALSE,FALSE
33,11,1876,1742,2094,1876,1742,2094,1876,1742,2094,-134,218,134,218,FALSE,FALSE
33,12,2113,1991,2341,2113,1991,2341,2113,1991,2341,-122,228,122,228,FALSE,FALSE
33,13,2361,2236,2548,2361,2236,2548,2361,2236,2548,-125,187,125,187,FALSE,FALSE
33,14,2500,2403,2692,2500,2403,2692,2500,2403,2692,-97,192,97,192,FALSE,FALSE
33,15,2630,2554,2793,2630,2554,2793,2630,2554,2793,-76,163,76,163,FALSE,FALSE
33,16,2686,2613,2811,2686,2613,2811,2686,2613,2811,-73,125,73,125,FALSE,FALSE
33,17,2649,2597,2745,2649,2597,2745,2649,2597,2745,-52,96,52,96,FALSE,FALSE
33,18,2576,2535,2640,2576,2535,2640,2576,2535,2640,-41,64,41,64,FALSE,FALSE
33,19,2480,2464,2524,2480,2464,2524,2480,2464,2524,-16,44,16,44,FALSE,FALSE
33,20,2366,2326,2355,2366,2326,2355,2366,2326,2355,-40,-11,40,11,FALSE,FALSE
33,21,2227,2183,2210,2227,2183,2210,2227,2183,2210,-44,-17,44,17,FALSE,FALSE
33,22,2082,2018,2036,2082,2018,2036,2082,2018,2036,-64,-46,64,46,FALSE,FALSE
33,23,1920,1832,1873,1920,1832,1873,1920,1832,1873,-88,-47,88,47,FALSE,FALSE
33,24,1801,1644,1748,1801,1644,1748,1801,1644,1748,-157,-53,157,53,FALSE,FALSE
33,25,1661,1501,1619,1661,1501,1619,1661,1501,1619,-160,-42,160,42,FALSE,FALSE
33,26,1545,1398,1493,1545,1398,1493,1545,1398,1493,-147,-52,147,52,FALSE,FALSE
33,27,1405,1273,1387,1405,1273,1387,1405,1273,1387,-132,-18,132,18,FALSE,FALSE
33,28,1275,1152,1272,1275,1152,1272,1275,1152,1272,-123,-3,123,3,FALSE,FALSE
33,29,1169,1045,1166,1169,1045,1166,1169,1045,1166,-124,-3,124,3,FALSE,FALSE
33,30,1062,941,1048,1062,941,1048,1062,941,1048,-121,-14,121,14,FALSE,FALSE
33,31,971,863,919,971,863,919,971,863,919,-108,-52,108,52,FALSE,FALSE
33,32,891,763,839,891,763,839,891,763,839,-128,-52,128,52,FALSE,FALSE
33,33,819,690,770,819,690,770,819,690,770,-129,-49,129,49,FALSE,FALSE
33,34,752,630,674,752,630,674,752,630,674,-122,-78,122,78,FALSE,FALSE
33,35,676,558,603,676,558,603,676,558,603,-118,-73,118,73,FALSE,FALSE
33,36,609,506,557,609,506,557,609,506,557,-103,-52,103,52,FALSE,FALSE
33,37,559,456,506,559,456,506,559,456,506,-103,-53,103,53,FALSE,FALSE
33,38,507,413,452,507,413,452,507,413,452,-94,-55,94,55,FALSE,FALSE
33,39,468,375,410,468,375,410,468,375,410,-93,-58,93,58,FALSE,FALSE
33,40,422,349,382,422,349,382,422,349,382,-73,-40,73,40,FALSE,FALSE
33,41,385,308,336,385,308,336,385,308,336,-77,-49,77,49,FALSE,FALSE
33,42,343,276,310,343,276,310,343,276,310,-67,-33,67,33,FALSE,FALSE
33,43,309,258,284,309,258,284,309,258,284,-51,-25,51,25,FALSE,FALSE
33,44,289,229,260,289,229,260,289,229,260,-60,-29,60,29,FALSE,FALSE
33,45,268,211,236,268,211,236,268,211,236,-57,-32,57,32,FALSE,FALSE
33,46,251,191,205,251,191,205,251,191,205,-60,-46,60,46,FALSE,FALSE
33,47,231,180,188,231,180,188,231,180,188,-51,-43,51,43,FALSE,FALSE
33,48,201,166,172,201,166,172,201,166,172,-35,-29,35,29,FALSE,FALSE
33,49,183,151,160,183,151,160,183,151,160,-32,-23,32,23,FALSE,FALSE
33,50,171,134,142,171,134,142,171,134,142,-37,-29,37,29,FALSE,FALSE
33,51,157,116,130,157,116,130,157,116,130,-41,-27,41,27,FALSE,FALSE
33,52,139,104,115,139,104,115,139,104,115,-35,-24,35,24,FALSE,FALSE
33,53,128,90,102,128,90,102,128,90,102,-38,-26,38,26,FALSE,FALSE
33,54,123,82,92,123,82,92,123,82,92,-41,-31,41,31,FALSE,FALSE
33,55,119,72,80,119,72,80,119,72,80,-47,-39,47,39,FALSE,FALSE
33,56,109,63,68,109,63,68,109,63,68,-46,-41,46,41,FALSE,FALSE
33,57,99,59,62,99,59,62,99,59,62,-40,-37,40,37,FALSE,FALSE
33,58,91,57,56,91,57,56,91,57,56,-34,-35,34,35,FALSE,FALSE
33,59,80,53,48,80,53,48,80,53,48,-27,-32,27,32,FALSE,FALSE
33,60,72,45,44,72,45,44,72,45,44,-27,-28,27,28,FALSE,FALSE
34,0,39,39,39,39,39,39,39,39,39,0,0,0,0,TRUE,TRUE
34,1,43,46,48,43,46,48,43,46,48,3,5,3,5,FALSE,FALSE
34,2,57,57,59,57,57,59,57,57,59,0,2,0,2,TRUE,FALSE
34,3,61,70,66,61,70,66,61,70,66,9,5,9,5,FALSE,FALSE
34,4,72,77,85,72,77,85,72,77,85,5,13,5,13,FALSE,FALSE
34,5,77,86,109,77,86,109,77,86,109,9,32,9,32,FALSE,FALSE
34,6,94,107,129,94,107,129,94,107,129,13,35,13,35,FALSE,FALSE
34,7,110,121,154,110,121,154,110,121,154,11,44,11,44,FALSE,FALSE
34,8,134,139,193,134,139,193,134,139,193,5,59,5,59,FALSE,FALSE
34,9,176,178,231,176,178,231,176,178,231,2,55,2,55,FALSE,FALSE
34,10,209,205,270,209,205,270,209,205,270,-4,61,4,61,FALSE,FALSE
34,11,250,256,317,250,256,317,250,256,317,6,67,6,67,FALSE,FALSE
34,12,294,310,365,294,310,365,294,310,365,16,71,16,71,FALSE,FALSE
34,13,353,342,402,353,342,402,353,342,402,-11,49,11,49,FALSE,FALSE
34,14,416,388,448,416,388,448,416,388,448,-28,32,28,32,FALSE,FALSE
34,15,475,478,505,475,478,505,475,478,505,3,30,3,30,FALSE,FALSE
34,16,556,552,571,556,552,571,556,552,571,-4,15,4,15,FALSE,FALSE
34,17,634,636,644,634,636,644,634,636,644,2,10,2,10,FALSE,FALSE
34,18,724,710,719,724,710,719,724,710,719,-14,-5,14,5,FALSE,FALSE
34,19,832,815,787,832,815,787,832,815,787,-17,-45,17,45,FALSE,FALSE
34,20,881,902,850,881,902,850,881,902,850,21,-31,21,31,FALSE,FALSE
34,21,947,969,942,947,969,942,947,969,942,22,-5,22,5,FALSE,FALSE
34,22,1045,1010,1004,1045,1010,1004,1045,1010,1004,-35,-41,35,41,FALSE,FALSE
34,23,1115,1063,1073,1115,1063,1073,1115,1063,1073,-52,-42,52,42,FALSE,FALSE
34,24,1160,1133,1123,1160,1133,1123,1160,1133,1123,-27,-37,27,37,FALSE,FALSE
34,25,1238,1138,1182,1238,1138,1182,1238,1138,1182,-100,-56,100,56,FALSE,FALSE
34,26,1269,1178,1195,1269,1178,1195,1269,1178,1195,-91,-74,91,74,FALSE,FALSE
34,27,1284,1196,1217,1284,1196,1217,1284,1196,1217,-88,-67,88,67,FALSE,FALSE
34,28,1267,1183,1200,1267,1183,1200,1267,1183,1200,-84,-67,84,67,FALSE,FALSE
34,29,1247,1123,1184,1247,1123,1184,1247,1123,1184,-124,-63,124,63,FALSE,FALSE
34,30,1222,1097,1146,1222,1097,1146,1222,1097,1146,-125,-76,125,76,FALSE,FALSE
34,31,1176,1073,1117,1176,1073,1117,1176,1073,1117,-103,-59,103,59,FALSE,FALSE
34,32,1133,1059,1074,1133,1059,1074,1133,1059,1074,-74,-59,74,59,FALSE,FALSE
34,33,1084,997,1031,1084,997,1031,1084,997,1031,-87,-53,87,53,FALSE,FALSE
34,34,1020,962,973,1020,962,973,1020,962,973,-58,-47,58,47,FALSE,FALSE
34,35,972,910,916,972,910,916,972,910,916,-62,-56,62,56,FALSE,FALSE
34,36,921,846,874,921,846,874,921,846,874,-75,-47,75,47,FALSE,FALSE
34,37,874,794,809,874,794,809,874,794,809,-80,-65,80,65,FALSE,FALSE
34,38,826,750,768,826,750,768,826,750,768,-76,-58,76,58,FALSE,FALSE
34,39,747,706,734,747,706,734,747,706,734,-41,-13,41,13,FALSE,FALSE
34,40,677,641,684,677,641,684,677,641,684,-36,7,36,7,FALSE,FALSE
34,41,630,613,621,630,613,621,630,613,621,-17,-9,17,9,FALSE,FALSE
34,42,576,563,577,576,563,577,576,563,577,-13,1,13,1,FALSE,FALSE
34,43,534,518,546,534,518,546,534,518,546,-16,12,16,12,FALSE,FALSE
34,44,480,466,503,480,466,503,480,466,503,-14,23,14,23,FALSE,FALSE
34,45,430,425,480,430,425,480,430,425,480,-5,50,5,50,FALSE,FALSE
34,46,387,384,434,387,384,434,387,384,434,-3,47,3,47,FALSE,FALSE
34,47,352,347,395,352,347,395,352,347,395,-5,43,5,43,FALSE,FALSE
34,48,308,319,364,308,319,364,308,319,364,11,56,11,56,FALSE,FALSE
34,49,282,292,319,282,292,319,282,292,319,10,37,10,37,FALSE,FALSE
34,50,257,248,287,257,248,287,257,248,287,-9,30,9,30,FALSE,FALSE
34,51,240,219,268,240,219,268,240,219,268,-21,28,21,28,FALSE,FALSE
34,52,219,211,241,219,211,241,219,211,241,-8,22,8,22,FALSE,FALSE
34,53,194,182,225,194,182,225,194,182,225,-12,31,12,31,FALSE,FALSE
34,54,176,170,200,176,170,200,176,170,200,-6,24,6,24,FALSE,FALSE
34,55,159,151,178,159,151,178,159,151,178,-8,19,8,19,FALSE,FALSE
34,56,141,136,163,141,136,163,141,136,163,-5,22,5,22,FALSE,FALSE
34,57,128,125,147,128,125,147,128,125,147,-3,19,3,19,FALSE,FALSE
34,58,124,115,140,124,115,140,124,115,140,-9,16,9,16,FALSE,FALSE
34,59,110,108,124,110,108,124,110,108,124,-2,14,2,14,FALSE,FALSE
34,60,92,98,115,92,98,115,92,98,115,6,23,6,23,FALSE,FALSE
35,0,146,146,146,146,146,146,146,146,146,0,0,0,0,TRUE,TRUE
35,1,170,174,171,170,174,171,170,174,171,4,1,4,1,FALSE,FALSE
35,2,206,215,196,206,215,196,206,215,196,9,-10,9,10,FALSE,FALSE
35,3,251,246,224,251,246,224,251,246,224,-5,-27,5,27,FALSE,FALSE
35,4,292,283,250,292,283,250,292,283,250,-9,-42,9,42,FALSE,FALSE
35,5,344,305,274,344,305,274,344,305,274,-39,-70,39,70,FALSE,FALSE
35,6,419,353,306,419,353,306,419,353,306,-66,-113,66,113,FALSE,FALSE
35,7,489,408,348,489,408,348,489,408,348,-81,-141,81,141,FALSE,FALSE
35,8,556,470,411,556,470,411,556,470,411,-86,-145,86,145,FALSE,FALSE
35,9,640,540,466,640,540,466,640,540,466,-100,-174,100,174,FALSE,FALSE
35,10,731,646,515,731,646,515,731,646,515,-85,-216,85,216,FALSE,FALSE
35,11,860,730,589,860,730,589,860,730,589,-130,-271,130,271,FALSE,FALSE
35,12,997,822,685,997,822,685,997,822,685,-175,-312,175,312,FALSE,FALSE
35,13,1165,965,803,1165,965,803,1165,965,803,-200,-362,200,362,FALSE,FALSE
35,14,1286,1076,884,1286,1076,884,1286,1076,884,-210,-402,210,402,FALSE,FALSE
35,15,1413,1208,991,1413,1208,991,1413,1208,991,-205,-422,205,422,FALSE,FALSE
35,16,1559,1329,1110,1559,1329,1110,1559,1329,1110,-230,-449,230,449,FALSE,FALSE
35,17,1701,1447,1203,1701,1447,1203,1701,1447,1203,-254,-498,254,498,FALSE,FALSE
35,18,1776,1574,1313,1776,1574,1313,1776,1574,1313,-202,-463,202,463,FALSE,FALSE
35,19,1910,1661,1378,1910,1661,1378,1910,1661,1378,-249,-532,249,532,FALSE,FALSE
35,20,1990,1725,1478,1990,1725,1478,1990,1725,1478,-265,-512,265,512,FALSE,FALSE
35,21,2078,1811,1601,2078,1811,1601,2078,1811,1601,-267,-477,267,477,FALSE,FALSE
35,22,2146,1881,1690,2146,1881,1690,2146,1881,1690,-265,-456,265,456,FALSE,FALSE
35,23,2159,1954,1802,2159,1954,1802,2159,1954,1802,-205,-357,205,357,FALSE,FALSE
35,24,2130,2015,1854,2130,2015,1854,2130,2015,1854,-115,-276,115,276,FALSE,FALSE
35,25,2113,2033,1905,2113,2033,1905,2113,2033,1905,-80,-208,80,208,FALSE,FALSE
35,26,2095,2040,1979,2095,2040,1979,2095,2040,1979,-55,-116,55,116,FALSE,FALSE
35,27,2047,2040,2032,2047,2040,2032,2047,2040,2032,-7,-15,7,15,FALSE,FALSE
35,28,1978,2016,2038,1978,2016,2038,1978,2016,2038,38,60,38,60,FALSE,FALSE
35,29,1885,1987,2013,1885,1987,2013,1885,1987,2013,102,128,102,128,FALSE,FALSE
35,30,1790,1933,1964,1790,1933,1964,1790,1933,1964,143,174,143,174,FALSE,FALSE
35,31,1675,1854,1903,1675,1854,1903,1675,1854,1903,179,228,179,228,FALSE,FALSE
35,32,1593,1763,1879,1593,1763,1879,1593,1763,1879,170,286,170,286,FALSE,FALSE
35,33,1493,1677,1802,1493,1677,1802,1493,1677,1802,184,309,184,309,FALSE,FALSE
35,34,1415,1627,1704,1415,1627,1704,1415,1627,1704,212,289,212,289,FALSE,FALSE
35,35,1317,1548,1653,1317,1548,1653,1317,1548,1653,231,336,231,336,FALSE,FALSE
35,36,1220,1483,1573,1220,1483,1573,1220,1483,1573,263,353,263,353,FALSE,FALSE
35,37,1145,1411,1516,1145,1411,1516,1145,1411,1516,266,371,266,371,FALSE,FALSE
35,38,1081,1328,1430,1081,1328,1430,1081,1328,1430,247,349,247,349,FALSE,FALSE
35,39,988,1222,1350,988,1222,1350,988,1222,1350,234,362,234,362,FALSE,FALSE
35,40,907,1163,1273,907,1163,1273,907,1163,1273,256,366,256,366,FALSE,FALSE
35,41,837,1100,1193,837,1100,1193,837,1100,1193,263,356,263,356,FALSE,FALSE
35,42,780,1019,1075,780,1019,1075,780,1019,1075,239,295,239,295,FALSE,FALSE
35,43,712,942,1014,712,942,1014,712,942,1014,230,302,230,302,FALSE,FALSE
35,44,664,867,934,664,867,934,664,867,934,203,270,203,270,FALSE,FALSE
35,45,613,816,864,613,816,864,613,816,864,203,251,203,251,FALSE,FALSE
35,46,557,760,800,557,760,800,557,760,800,203,243,203,243,FALSE,FALSE
35,47,511,704,746,511,704,746,511,704,746,193,235,193,235,FALSE,FALSE
35,48,471,635,689,471,635,689,471,635,689,164,218,164,218,FALSE,FALSE
35,49,434,588,655,434,588,655,434,588,655,154,221,154,221,FALSE,FALSE
35,50,396,541,602,396,541,602,396,541,602,145,206,145,206,FALSE,FALSE
35,51,367,489,568,367,489,568,367,489,568,122,201,122,201,FALSE,FALSE
35,52,337,445,534,337,445,534,337,445,534,108,197,108,197,FALSE,FALSE
35,53,304,411,500,304,411,500,304,411,500,107,196,107,196,FALSE,FALSE
35,54,276,363,457,276,363,457,276,363,457,87,181,87,181,FALSE,FALSE
35,55,255,330,438,255,330,438,255,330,438,75,183,75,183,FALSE,FALSE
35,56,241,295,397,241,295,397,241,295,397,54,156,54,156,FALSE,FALSE
35,57,208,265,364,208,265,364,208,265,364,57,156,57,156,FALSE,FALSE
35,58,187,240,333,187,240,333,187,240,333,53,146,53,146,FALSE,FALSE
35,59,172,222,302,172,222,302,172,222,302,50,130,50,130,FALSE,FALSE
35,60,160,201,277,160,201,277,160,201,277,41,117,41,117,FALSE,FALSE
36,0,86,86,86,86,86,86,86,86,86,0,0,0,0,TRUE,TRUE
36,1,157,143,137,157,143,137,157,143,137,-14,-20,14,20,FALSE,FALSE
36,2,264,241,221,264,241,221,264,241,221,-23,-43,23,43,FALSE,FALSE
36,3,440,417,356,440,417,356,440,417,356,-23,-84,23,84,FALSE,FALSE
36,4,730,659,560,730,659,560,730,659,560,-71,-170,71,170,FALSE,FALSE
36,5,1154,1054,900,1154,1054,900,1154,1054,900,-100,-254,100,254,FALSE,FALSE
36,6,1688,1576,1413,1688,1576,1413,1688,1576,1413,-112,-275,112,275,FALSE,FALSE
36,7,2328,2169,2024,2328,2169,2024,2328,2169,2024,-159,-304,159,304,FALSE,FALSE
36,8,2981,2793,2688,2981,2793,2688,2981,2793,2688,-188,-293,188,293,FALSE,FALSE
36,9,3419,3314,3289,3419,3314,3289,3419,3314,3289,-105,-130,105,130,FALSE,FALSE
36,10,3636,3523,3639,3636,3523,3639,3636,3523,3639,-113,3,113,3,FALSE,FALSE
36,11,3560,3521,3740,3560,3521,3740,3560,3521,3740,-39,180,39,180,FALSE,FALSE
36,12,3302,3258,3556,3302,3258,3556,3302,3258,3556,-44,254,44,254,FALSE,FALSE
36,13,2950,2924,3232,2950,2924,3232,2950,2924,3232,-26,282,26,282,FALSE,FALSE
36,14,2602,2604,2819,2602,2604,2819,2602,2604,2819,2,217,2,217,FALSE,FALSE
36,15,2262,2294,2442,2262,2294,2442,2262,2294,2442,32,180,32,180,FALSE,FALSE
36,16,1927,1947,2097,1927,1947,2097,1927,1947,2097,20,170,20,170,FALSE,FALSE
36,17,1634,1644,1784,1634,1644,1784,1634,1644,1784,10,150,10,150,FALSE,FALSE
36,18,1359,1413,1508,1359,1413,1508,1359,1413,1508,54,149,54,149,FALSE,FALSE
36,19,1113,1176,1234,1113,1176,1234,1113,1176,1234,63,121,63,121,FALSE,FALSE
36,20,911,990,971,911,990,971,911,990,971,79,60,79,60,FALSE,FALSE
36,21,739,811,800,739,811,800,739,811,800,72,61,72,61,FALSE,FALSE
36,22,595,664,652,595,664,652,595,664,652,69,57,69,57,FALSE,FALSE
36,23,496,539,540,496,539,540,496,539,540,43,44,43,44,FALSE,FALSE
36,24,412,439,442,412,439,442,412,439,442,27,30,27,30,FALSE,FALSE
36,25,347,356,361,347,356,361,347,356,361,9,14,9,14,FALSE,FALSE
36,26,292,302,306,292,302,306,292,302,306,10,14,10,14,FALSE,FALSE
36,27,244,251,252,244,251,252,244,251,252,7,8,7,8,FALSE,FALSE
36,28,191,206,202,191,206,202,191,206,202,15,11,15,11,FALSE,FALSE
36,29,147,161,170,147,161,170,147,161,170,14,23,14,23,FALSE,FALSE
36,30,128,129,138,128,129,138,128,129,138,1,10,1,10,FALSE,FALSE
36,31,103,98,115,103,98,115,103,98,115,-5,12,5,12,FALSE,FALSE
36,32,86,86,95,86,86,95,86,86,95,0,9,0,9,TRUE,FALSE
36,33,68,68,84,68,68,84,68,68,84,0,16,0,16,TRUE,FALSE
36,34,54,58,65,54,58,65,54,58,65,4,11,4,11,FALSE,FALSE
36,35,37,45,59,37,45,59,37,45,59,8,22,8,22,FALSE,FALSE
36,36,28,32,52,28,32,52,28,32,52,4,24,4,24,FALSE,FALSE
36,37,26,25,45,26,25,45,26,25,45,-1,19,1,19,FALSE,FALSE
36,38,21,16,34,21,16,34,21,16,34,-5,13,5,13,FALSE,FALSE
36,39,14,14,26,14,14,26,14,14,26,0,12,0,12,TRUE,FALSE
36,40,12,10,23,12,10,23,12,10,23,-2,11,2,11,FALSE,FALSE
36,41,11,8,16,11,8,16,11,8,16,-3,5,3,5,FALSE,FALSE
36,42,11,7,10,11,7,10,11,7,10,-4,-1,4,1,FALSE,FALSE
36,43,10,7,8,10,7,8,10,7,8,-3,-2,3,2,FALSE,FALSE
36,44,8,6,5,8,6,5,8,6,5,-2,-3,2,3,FALSE,FALSE
36,45,5,5,4,5,5,4,5,5,4,0,-1,0,1,TRUE,FALSE
36,46,5,4,4,5,4,4,5,4,4,-1,-1,1,1,FALSE,FALSE
36,47,3,3,2,3,3,2,3,3,2,0,-1,0,1,TRUE,FALSE
36,48,2,3,2,2,3,2,2,3,2,1,0,1,0,FALSE,TRUE
36,49,2,3,2,2,3,2,2,3,2,1,0,1,0,FALSE,TRUE
36,50,2,3,1,2,3,1,2,3,1,1,-1,1,1,FALSE,FALSE
36,51,1,3,1,1,3,1,1,3,1,2,0,2,0,FALSE,TRUE
36,52,1,3,1,1,3,1,1,3,1,2,0,2,0,FALSE,TRUE
36,53,0,2,0,0,2,0,0,2,0,2,0,2,0,FALSE,TRUE
36,54,0,1,0,0,1,0,0,1,0,1,0,1,0,FALSE,TRUE
36,55,0,1,0,0,1,0,0,1,0,1,0,1,0,FALSE,TRUE
36,56,0,1,0,0,1,0,0,1,0,1,0,1,0,FALSE,TRUE
36,57,0,1,0,0,1,0,0,1,0,1,0,1,0,FALSE,TRUE
36,58,0,0,0,0,0,0,0,0,0,0,0,0,0,TRUE,TRUE
36,59,0,0,0,0,0,0,0,0,0,0,0,0,0,TRUE,TRUE
36,60,0,0,0,0,0,0,0,0,0,0,0,0,0,TRUE,TRUE
37,0,95,95,95,95,95,95,95,95,95,0,0,0,0,TRUE,TRUE
37,1,118,123,119,118,123,119,118,123,119,5,1,5,1,FALSE,FALSE
37,2,153,154,151,153,154,151,153,154,151,1,-2,1,2,FALSE,FALSE
37,3,193,187,182,193,187,182,193,187,182,-6,-11,6,11,FALSE,FALSE
37,4,218,228,221,218,228,221,218,228,221,10,3,10,3,FALSE,FALSE
37,5,261,276,292,261,276,292,261,276,292,15,31,15,31,FALSE,FALSE
37,6,330,336,375,330,336,375,330,336,375,6,45,6,45,FALSE,FALSE
37,7,423,388,442,423,388,442,423,388,442,-35,19,35,19,FALSE,FALSE
37,8,494,463,567,494,463,567,494,463,567,-31,73,31,73,FALSE,FALSE
37,9,583,540,662,583,540,662,583,540,662,-43,79,43,79,FALSE,FALSE
37,10,712,649,821,712,649,821,712,649,821,-63,109,63,109,FALSE,FALSE
37,11,842,784,953,842,784,953,842,784,953,-58,111,58,111,FALSE,FALSE
37,12,971,917,1135,971,917,1135,971,917,1135,-54,164,54,164,FALSE,FALSE
37,13,1137,1063,1315,1137,1063,1315,1137,1063,1315,-74,178,74,178,FALSE,FALSE
37,14,1325,1235,1528,1325,1235,1528,1325,1235,1528,-90,203,90,203,FALSE,FALSE
37,15,1537,1386,1742,1537,1386,1742,1537,1386,1742,-151,205,151,205,FALSE,FALSE
37,16,1702,1524,1942,1702,1524,1942,1702,1524,1942,-178,240,178,240,FALSE,FALSE
37,17,1861,1675,2125,1861,1675,2125,1861,1675,2125,-186,264,186,264,FALSE,FALSE
37,18,2026,1795,2269,2026,1795,2269,2026,1795,2269,-231,243,231,243,FALSE,FALSE
37,19,2154,1921,2369,2154,1921,2369,2154,1921,2369,-233,215,233,215,FALSE,FALSE
37,20,2214,2054,2420,2214,2054,2420,2214,2054,2420,-160,206,160,206,FALSE,FALSE
37,21,2250,2068,2439,2250,2068,2439,2250,2068,2439,-182,189,182,189,FALSE,FALSE
37,22,2335,2107,2413,2335,2107,2413,2335,2107,2413,-228,78,228,78,FALSE,FALSE
37,23,2298,2110,2367,2298,2110,2367,2298,2110,2367,-188,69,188,69,FALSE,FALSE
37,24,2297,2097,2286,2297,2097,2286,2297,2097,2286,-200,-11,200,11,FALSE,FALSE
37,25,2194,2056,2179,2194,2056,2179,2194,2056,2179,-138,-15,138,15,FALSE,FALSE
37,26,2079,1964,2089,2079,1964,2089,2079,1964,2089,-115,10,115,10,FALSE,FALSE
37,27,1978,1908,1997,1978,1908,1997,1978,1908,1997,-70,19,70,19,FALSE,FALSE
37,28,1867,1826,1878,1867,1826,1878,1867,1826,1878,-41,11,41,11,FALSE,FALSE
37,29,1752,1765,1766,1752,1765,1766,1752,1765,1766,13,14,13,14,FALSE,FALSE
37,30,1627,1664,1612,1627,1664,1612,1627,1664,1612,37,-15,37,15,FALSE,FALSE
37,31,1516,1537,1459,1516,1537,1459,1516,1537,1459,21,-57,21,57,FALSE,FALSE
37,32,1378,1420,1311,1378,1420,1311,1378,1420,1311,42,-67,42,67,FALSE,FALSE
37,33,1249,1301,1202,1249,1301,1202,1249,1301,1202,52,-47,52,47,FALSE,FALSE
37,34,1143,1207,1103,1143,1207,1103,1143,1207,1103,64,-40,64,40,FALSE,FALSE
37,35,1040,1121,980,1040,1121,980,1040,1121,980,81,-60,81,60,FALSE,FALSE
37,36,944,1049,896,944,1049,896,944,1049,896,105,-48,105,48,FALSE,FALSE
37,37,845,973,784,845,973,784,845,973,784,128,-61,128,61,FALSE,FALSE
37,38,757,898,721,757,898,721,757,898,721,141,-36,141,36,FALSE,FALSE
37,39,681,808,629,681,808,629,681,808,629,127,-52,127,52,FALSE,FALSE
37,40,610,725,552,610,725,552,610,725,552,115,-58,115,58,FALSE,FALSE
37,41,541,660,503,541,660,503,541,660,503,119,-38,119,38,FALSE,FALSE
37,42,477,575,438,477,575,438,477,575,438,98,-39,98,39,FALSE,FALSE
37,43,410,521,391,410,521,391,410,521,391,111,-19,111,19,FALSE,FALSE
37,44,374,457,335,374,457,335,374,457,335,83,-39,83,39,FALSE,FALSE
37,45,333,417,296,333,417,296,333,417,296,84,-37,84,37,FALSE,FALSE
37,46,293,394,256,293,394,256,293,394,256,101,-37,101,37,FALSE,FALSE
37,47,271,353,224,271,353,224,271,353,224,82,-47,82,47,FALSE,FALSE
37,48,245,321,197,245,321,197,245,321,197,76,-48,76,48,FALSE,FALSE
37,49,213,282,171,213,282,171,213,282,171,69,-42,69,42,FALSE,FALSE
37,50,190,252,159,190,252,159,190,252,159,62,-31,62,31,FALSE,FALSE
37,51,164,221,144,164,221,144,164,221,144,57,-20,57,20,FALSE,FALSE
37,52,142,192,124,142,192,124,142,192,124,50,-18,50,18,FALSE,FALSE
37,53,123,161,117,123,161,117,123,161,117,38,-6,38,6,FALSE,FALSE
37,54,112,142,100,112,142,100,112,142,100,30,-12,30,12,FALSE,FALSE
37,55,97,130,86,97,130,86,97,130,86,33,-11,33,11,FALSE,FALSE
37,56,92,119,66,92,119,66,92,119,66,27,-26,27,26,FALSE,FALSE
37,57,84,108,61,84,108,61,84,108,61,24,-23,24,23,FALSE,FALSE
37,58,71,97,48,71,97,48,71,97,48,26,-23,26,23,FALSE,FALSE
37,59,63,92,42,63,92,42,63,92,42,29,-21,29,21,FALSE,FALSE
37,60,61,86,35,61,86,35,61,86,35,25,-26,25,26,FALSE,FALSE
38,0,111,111,111,111,111,111,111,111,111,0,0,0,0,TRUE,TRUE
38,1,119,119,118,119,119,118,119,119,118,0,-1,0,1,TRUE,FALSE
38,2,124,127,123,124,127,123,124,127,123,3,-1,3,1,FALSE,FALSE
38,3,126,132,133,126,132,133,126,132,133,6,7,6,7,FALSE,FALSE
38,4,126,142,136,126,142,136,126,142,136,16,10,16,10,FALSE,FALSE
38,5,129,148,144,129,148,144,129,148,144,19,15,19,15,FALSE,FALSE
38,6,133,149,159,133,149,159,133,149,159,16,26,16,26,FALSE,FALSE
38,7,143,155,163,143,155,163,143,155,163,12,20,12,20,FALSE,FALSE
38,8,156,166,171,156,166,171,156,166,171,10,15,10,15,FALSE,FALSE
38,9,162,168,182,162,168,182,162,168,182,6,20,6,20,FALSE,FALSE
38,10,167,182,198,167,182,198,167,182,198,15,31,15,31,FALSE,FALSE
38,11,188,178,214,188,178,214,188,178,214,-10,26,10,26,FALSE,FALSE
38,12,198,194,217,198,194,217,198,194,217,-4,19,4,19,FALSE,FALSE
38,13,211,219,230,211,219,230,211,219,230,8,19,8,19,FALSE,FALSE
38,14,220,239,241,220,239,241,220,239,241,19,21,19,21,FALSE,FALSE
38,15,224,253,243,224,253,243,224,253,243,29,19,29,19,FALSE,FALSE
38,16,236,277,270,236,277,270,236,277,270,41,34,41,34,FALSE,FALSE
38,17,244,292,283,244,292,283,244,292,283,48,39,48,39,FALSE,FALSE
38,18,255,318,303,255,318,303,255,318,303,63,48,63,48,FALSE,FALSE
38,19,287,356,317,287,356,317,287,356,317,69,30,69,30,FALSE,FALSE
38,20,306,365,329,306,365,329,306,365,329,59,23,59,23,FALSE,FALSE
38,21,317,415,351,317,415,351,317,415,351,98,34,98,34,FALSE,FALSE
38,22,329,424,353,329,424,353,329,424,353,95,24,95,24,FALSE,FALSE
38,23,344,443,368,344,443,368,344,443,368,99,24,99,24,FALSE,FALSE
38,24,361,467,371,361,467,371,361,467,371,106,10,106,10,FALSE,FALSE
38,25,379,501,388,379,501,388,379,501,388,122,9,122,9,FALSE,FALSE
38,26,403,530,407,403,530,407,403,530,407,127,4,127,4,FALSE,FALSE
38,27,410,562,436,410,562,436,410,562,436,152,26,152,26,FALSE,FALSE
38,28,409,603,445,409,603,445,409,603,445,194,36,194,36,FALSE,FALSE
38,29,421,619,475,421,619,475,421,619,475,198,54,198,54,FALSE,FALSE
38,30,447,662,498,447,662,498,447,662,498,215,51,215,51,FALSE,FALSE
38,31,468,689,519,468,689,519,468,689,519,221,51,221,51,FALSE,FALSE
38,32,480,715,530,480,715,530,480,715,530,235,50,235,50,FALSE,FALSE
38,33,506,743,539,506,743,539,506,743,539,237,33,237,33,FALSE,FALSE
38,34,517,791,563,517,791,563,517,791,563,274,46,274,46,FALSE,FALSE
38,35,542,816,582,542,816,582,542,816,582,274,40,274,40,FALSE,FALSE
38,36,549,849,598,549,849,598,549,849,598,300,49,300,49,FALSE,FALSE
38,37,576,876,613,576,876,613,576,876,613,300,37,300,37,FALSE,FALSE
38,38,593,909,629,593,909,629,593,909,629,316,36,316,36,FALSE,FALSE
38,39,610,919,646,610,919,646,610,919,646,309,36,309,36,FALSE,FALSE
38,40,627,948,656,627,948,656,627,948,656,321,29,321,29,FALSE,FALSE
38,41,641,969,677,641,969,677,641,969,677,328,36,328,36,FALSE,FALSE
38,42,647,995,687,647,995,687,647,995,687,348,40,348,40,FALSE,FALSE
38,43,655,998,695,655,998,695,655,998,695,343,40,343,40,FALSE,FALSE
38,44,671,1001,707,671,1001,707,671,1001,707,330,36,330,36,FALSE,FALSE
38,45,695,1024,708,695,1024,708,695,1024,708,329,13,329,13,FALSE,FALSE
38,46,710,1016,710,710,1016,710,710,1016,710,306,0,306,0,FALSE,TRUE
38,47,742,1001,710,742,1001,710,742,1001,710,259,-32,259,32,FALSE,FALSE
38,48,752,999,736,752,999,736,752,999,736,247,-16,247,16,FALSE,FALSE
38,49,744,996,737,744,996,737,744,996,737,252,-7,252,7,FALSE,FALSE
38,50,778,995,722,778,995,722,778,995,722,217,-56,217,56,FALSE,FALSE
38,51,785,976,715,785,976,715,785,976,715,191,-70,191,70,FALSE,FALSE
38,52,797,960,713,797,960,713,797,960,713,163,-84,163,84,FALSE,FALSE
38,53,793,969,733,793,969,733,793,969,733,176,-60,176,60,FALSE,FALSE
38,54,784,973,730,784,973,730,784,973,730,189,-54,189,54,FALSE,FALSE
38,55,759,962,736,759,962,736,759,962,736,203,-23,203,23,FALSE,FALSE
38,56,785,927,739,785,927,739,785,927,739,142,-46,142,46,FALSE,FALSE
38,57,779,916,764,779,916,764,779,916,764,137,-15,137,15,FALSE,FALSE
38,58,798,911,787,798,911,787,798,911,787,113,-11,113,11,FALSE,FALSE
38,59,792,880,800,792,880,800,792,880,800,88,8,88,8,FALSE,FALSE
38,60,793,884,812,793,884,812,793,884,812,91,19,91,19,FALSE,FALSE
39,0,36,36,36,36,36,36,36,36,36,0,0,0,0,TRUE,TRUE
39,1,38,39,36,38,39,36,38,39,36,1,-2,1,2,FALSE,FALSE
39,2,42,37,38,42,37,38,42,37,38,-5,-4,5,4,FALSE,FALSE
39,3,44,43,46,44,43,46,44,43,46,-1,2,1,2,FALSE,FALSE
39,4,40,46,46,40,46,46,40,46,46,6,6,6,6,FALSE,FALSE
39,5,39,48,55,39,48,55,39,48,55,9,16,9,16,FALSE,FALSE
39,6,43,49,61,43,49,61,43,49,61,6,18,6,18,FALSE,FALSE
39,7,41,53,62,41,53,62,41,53,62,12,21,12,21,FALSE,FALSE
39,8,39,56,62,39,56,62,39,56,62,17,23,17,23,FALSE,FALSE
39,9,38,54,63,38,54,63,38,54,63,16,25,16,25,FALSE,FALSE
39,10,36,53,71,36,53,71,36,53,71,17,35,17,35,FALSE,FALSE
39,11,35,51,70,35,51,70,35,51,70,16,35,16,35,FALSE,FALSE
39,12,33,54,76,33,54,76,33,54,76,21,43,21,43,FALSE,FALSE
39,13,35,64,73,35,64,73,35,64,73,29,38,29,38,FALSE,FALSE
39,14,37,69,75,37,69,75,37,69,75,32,38,32,38,FALSE,FALSE
39,15,34,72,73,34,72,73,34,72,73,38,39,38,39,FALSE,FALSE
39,16,32,73,74,32,73,74,32,73,74,41,42,41,42,FALSE,FALSE
39,17,31,70,73,31,70,73,31,70,73,39,42,39,42,FALSE,FALSE
39,18,31,75,77,31,75,77,31,75,77,44,46,44,46,FALSE,FALSE
39,19,35,75,79,35,75,79,35,75,79,40,44,40,44,FALSE,FALSE
39,20,35,69,77,35,69,77,35,69,77,34,42,34,42,FALSE,FALSE
39,21,37,66,79,37,66,79,37,66,79,29,42,29,42,FALSE,FALSE
39,22,39,61,75,39,61,75,39,61,75,22,36,22,36,FALSE,FALSE
39,23,38,61,82,38,61,82,38,61,82,23,44,23,44,FALSE,FALSE
39,24,35,62,84,35,62,84,35,62,84,27,49,27,49,FALSE,FALSE
39,25,36,65,78,36,65,78,36,65,78,29,42,29,42,FALSE,FALSE
39,26,33,65,71,33,65,71,33,65,71,32,38,32,38,FALSE,FALSE
39,27,26,75,62,26,75,62,26,75,62,49,36,49,36,FALSE,FALSE
39,28,30,81,57,30,81,57,30,81,57,51,27,51,27,FALSE,FALSE
39,29,32,73,61,32,73,61,32,73,61,41,29,41,29,FALSE,FALSE
39,30,36,74,58,36,74,58,36,74,58,38,22,38,22,FALSE,FALSE
39,31,38,67,64,38,67,64,38,67,64,29,26,29,26,FALSE,FALSE
39,32,35,67,68,35,67,68,35,67,68,32,33,32,33,FALSE,FALSE
39,33,39,70,63,39,70,63,39,70,63,31,24,31,24,FALSE,FALSE
39,34,36,71,61,36,71,61,36,71,61,35,25,35,25,FALSE,FALSE
39,35,40,70,63,40,70,63,40,70,63,30,23,30,23,FALSE,FALSE
39,36,39,64,63,39,64,63,39,64,63,25,24,25,24,FALSE,FALSE
39,37,45,65,63,45,65,63,45,65,63,20,18,20,18,FALSE,FALSE
39,38,48,68,63,48,68,63,48,68,63,20,15,20,15,FALSE,FALSE
39,39,47,65,59,47,65,59,47,65,59,18,12,18,12,FALSE,FALSE
39,40,50,65,57,50,65,57,50,65,57,15,7,15,7,FALSE,FALSE
39,41,47,61,57,47,61,57,47,61,57,14,10,14,10,FALSE,FALSE
39,42,46,66,48,46,66,48,46,66,48,20,2,20,2,FALSE,FALSE
39,43,49,57,52,49,57,52,49,57,52,8,3,8,3,FALSE,FALSE
39,44,49,56,53,49,56,53,49,56,53,7,4,7,4,FALSE,FALSE
39,45,45,50,56,45,50,56,45,50,56,5,11,5,11,FALSE,FALSE
39,46,49,51,52,49,51,52,49,51,52,2,3,2,3,FALSE,FALSE
39,47,52,51,57,52,51,57,52,51,57,-1,5,1,5,FALSE,FALSE
39,48,45,52,60,45,52,60,45,52,60,7,15,7,15,FALSE,FALSE
39,49,46,53,66,46,53,66,46,53,66,7,20,7,20,FALSE,FALSE
39,50,48,52,62,48,52,62,48,52,62,4,14,4,14,FALSE,FALSE
39,51,44,58,67,44,58,67,44,58,67,14,23,14,23,FALSE,FALSE
39,52,45,54,68,45,54,68,45,54,68,9,23,9,23,FALSE,FALSE
39,53,42,51,66,42,51,66,42,51,66,9,24,9,24,FALSE,FALSE
39,54,32,47,70,32,47,70,32,47,70,15,38,15,38,FALSE,FALSE
39,55,34,51,73,34,51,73,34,51,73,17,39,17,39,FALSE,FALSE
39,56,38,48,74,38,48,74,38,48,74,10,36,10,36,FALSE,FALSE
39,57,40,55,73,40,55,73,40,55,73,15,33,15,33,FALSE,FALSE
39,58,41,54,75,41,54,75,41,54,75,13,34,13,34,FALSE,FALSE
39,59,39,53,82,39,53,82,39,53,82,14,43,14,43,FALSE,FALSE
39,60,39,56,80,39,56,80,39,56,80,17,41,17,41,FALSE,FALSE
40,0,81,81,81,81,81,81,81,81,81,0,0,0,0,TRUE,TRUE
40,1,119,109,103,119,109,103,119,109,103,-10,-16,10,16,FALSE,FALSE
40,2,167,150,173,167,150,173,167,150,173,-17,6,17,6,FALSE,FALSE
40,3,238,233,245,238,233,245,238,233,245,-5,7,5,7,FALSE,FALSE
40,4,363,349,353,363,349,353,363,349,353,-14,-10,14,10,FALSE,FALSE
40,5,495,526,504,495,526,504,495,526,504,31,9,31,9,FALSE,FALSE
40,6,679,735,685,679,735,685,679,735,685,56,6,56,6,FALSE,FALSE
40,7,913,981,912,913,981,912,913,981,912,68,-1,68,1,FALSE,FALSE
40,8,1231,1262,1173,1231,1262,1173,1231,1262,1173,31,-58,31,58,FALSE,FALSE
40,9,1582,1628,1517,1582,1628,1517,1582,1628,1517,46,-65,46,65,FALSE,FALSE
40,10,1948,1963,1851,1948,1963,1851,1948,1963,1851,15,-97,15,97,FALSE,FALSE
40,11,2244,2266,2205,2244,2266,2205,2244,2266,2205,22,-39,22,39,FALSE,FALSE
40,12,2500,2542,2486,2500,2542,2486,2500,2542,2486,42,-14,42,14,FALSE,FALSE
40,13,2600,2638,2615,2600,2638,2615,2600,2638,2615,38,15,38,15,FALSE,FALSE
40,14,2655,2665,2666,2655,2665,2666,2655,2665,2666,10,11,10,11,FALSE,FALSE
40,15,2646,2602,2599,2646,2602,2599,2646,2602,2599,-44,-47,44,47,FALSE,FALSE
40,16,2534,2488,2492,2534,2488,2492,2534,2488,2492,-46,-42,46,42,FALSE,FALSE
40,17,2366,2298,2305,2366,2298,2305,2366,2298,2305,-68,-61,68,61,FALSE,FALSE
40,18,2172,2045,2114,2172,2045,2114,2172,2045,2114,-127,-58,127,58,FALSE,FALSE
40,19,1948,1812,1893,1948,1812,1893,1948,1812,1893,-136,-55,136,55,FALSE,FALSE
40,20,1724,1591,1666,1724,1591,1666,1724,1591,1666,-133,-58,133,58,FALSE,FALSE
40,21,1502,1379,1462,1502,1379,1462,1502,1379,1462,-123,-40,123,40,FALSE,FALSE
40,22,1331,1196,1267,1331,1196,1267,1331,1196,1267,-135,-64,135,64,FALSE,FALSE
40,23,1172,1025,1111,1172,1025,1111,1172,1025,1111,-147,-61,147,61,FALSE,FALSE
40,24,1007,880,949,1007,880,949,1007,880,949,-127,-58,127,58,FALSE,FALSE
40,25,857,762,831,857,762,831,857,762,831,-95,-26,95,26,FALSE,FALSE
40,26,738,666,719,738,666,719,738,666,719,-72,-19,72,19,FALSE,FALSE
40,27,650,556,612,650,556,612,650,556,612,-94,-38,94,38,FALSE,FALSE
40,28,564,463,511,564,463,511,564,463,511,-101,-53,101,53,FALSE,FALSE
40,29,458,409,435,458,409,435,458,409,435,-49,-23,49,23,FALSE,FALSE
40,30,377,351,363,377,351,363,377,351,363,-26,-14,26,14,FALSE,FALSE
40,31,316,303,314,316,303,314,316,303,314,-13,-2,13,2,FALSE,FALSE
40,32,275,250,273,275,250,273,275,250,273,-25,-2,25,2,FALSE,FALSE
40,33,225,209,225,225,209,225,225,209,225,-16,0,16,0,FALSE,TRUE
40,34,194,175,192,194,175,192,194,175,192,-19,-2,19,2,FALSE,FALSE
40,35,157,142,163,157,142,163,157,142,163,-15,6,15,6,FALSE,FALSE
40,36,128,116,141,128,116,141,128,116,141,-12,13,12,13,FALSE,FALSE
40,37,103,94,121,103,94,121,103,94,121,-9,18,9,18,FALSE,FALSE
40,38,85,83,101,85,83,101,85,83,101,-2,16,2,16,FALSE,FALSE
40,39,73,72,88,73,72,88,73,72,88,-1,15,1,15,FALSE,FALSE
40,40,63,59,76,63,59,76,63,59,76,-4,13,4,13,FALSE,FALSE
40,41,55,48,72,55,48,72,55,48,72,-7,17,7,17,FALSE,FALSE
40,42,48,45,64,48,45,64,48,45,64,-3,16,3,16,FALSE,FALSE
40,43,42,38,53,42,38,53,42,38,53,-4,11,4,11,FALSE,FALSE
40,44,38,33,43,38,33,43,38,33,43,-5,5,5,5,FALSE,FALSE
40,45,29,32,39,29,32,39,29,32,39,3,10,3,10,FALSE,FALSE
40,46,26,24,37,26,24,37,26,24,37,-2,11,2,11,FALSE,FALSE
40,47,24,18,29,24,18,29,24,18,29,-6,5,6,5,FALSE,FALSE
40,48,16,14,27,16,14,27,16,14,27,-2,11,2,11,FALSE,FALSE
40,49,12,14,25,12,14,25,12,14,25,2,13,2,13,FALSE,FALSE
40,50,11,11,21,11,11,21,11,11,21,0,10,0,10,TRUE,FALSE
40,51,8,9,19,8,9,19,8,9,19,1,11,1,11,FALSE,FALSE
40,52,8,8,17,8,8,17,8,8,17,0,9,0,9,TRUE,FALSE
40,53,7,9,14,7,9,14,7,9,14,2,7,2,7,FALSE,FALSE
40,54,6,7,12,6,7,12,6,7,12,1,6,1,6,FALSE,FALSE
40,55,7,6,8,7,6,8,7,6,8,-1,1,1,1,FALSE,FALSE
40,56,3,5,8,3,5,8,3,5,8,2,5,2,5,FALSE,FALSE
40,57,1,4,8,1,4,8,1,4,8,3,7,3,7,FALSE,FALSE
40,58,1,4,6,1,4,6,1,4,6,3,5,3,5,FALSE,FALSE
40,59,1,3,4,1,3,4,1,3,4,2,3,2,3,FALSE,FALSE
40,60,1,2,3,1,2,3,1,2,3,1,2,1,2,FALSE,FALSE
41,0,134,134,134,134,134,134,134,134,134,0,0,0,0,TRUE,TRUE
41,1,188,189,179,188,189,179,188,189,179,1,-9,1,9,FALSE,FALSE
41,2,293,266,239,293,266,239,293,266,239,-27,-54,27,54,FALSE,FALSE
41,3,412,371,328,412,371,328,412,371,328,-41,-84,41,84,FALSE,FALSE
41,4,568,492,470,568,492,470,568,492,470,-76,-98,76,98,FALSE,FALSE
41,5,765,666,680,765,666,680,765,666,680,-99,-85,99,85,FALSE,FALSE
41,6,1011,880,894,1011,880,894,1011,880,894,-131,-117,131,117,FALSE,FALSE
41,7,1298,1147,1199,1298,1147,1199,1298,1147,1199,-151,-99,151,99,FALSE,FALSE
41,8,1646,1474,1542,1646,1474,1542,1646,1474,1542,-172,-104,172,104,FALSE,FALSE
41,9,2060,1899,1913,2060,1899,1913,2060,1899,1913,-161,-147,161,147,FALSE,FALSE
41,10,2471,2297,2339,2471,2297,2339,2471,2297,2339,-174,-132,174,132,FALSE,FALSE
41,11,2851,2702,2744,2851,2702,2744,2851,2702,2744,-149,-107,149,107,FALSE,FALSE
41,12,3168,3065,3094,3168,3065,3094,3168,3065,3094,-103,-74,103,74,FALSE,FALSE
41,13,3352,3339,3327,3352,3339,3327,3352,3339,3327,-13,-25,13,25,FALSE,FALSE
41,14,3426,3470,3442,3426,3470,3442,3426,3470,3442,44,16,44,16,FALSE,FALSE
41,15,3448,3525,3503,3448,3525,3503,3448,3525,3503,77,55,77,55,FALSE,FALSE
41,16,3360,3469,3494,3360,3469,3494,3360,3469,3494,109,134,109,134,FALSE,FALSE
41,17,3224,3346,3341,3224,3346,3341,3224,3346,3341,122,117,122,117,FALSE,FALSE
41,18,3046,3205,3151,3046,3205,3151,3046,3205,3151,159,105,159,105,FALSE,FALSE
41,19,2857,2983,2909,2857,2983,2909,2857,2983,2909,126,52,126,52,FALSE,FALSE
41,20,2652,2744,2662,2652,2744,2662,2652,2744,2662,92,10,92,10,FALSE,FALSE
41,21,2416,2504,2448,2416,2504,2448,2416,2504,2448,88,32,88,32,FALSE,FALSE
41,22,2172,2292,2236,2172,2292,2236,2172,2292,2236,120,64,120,64,FALSE,FALSE
41,23,1974,2076,2030,1974,2076,2030,1974,2076,2030,102,56,102,56,FALSE,FALSE
41,24,1786,1902,1811,1786,1902,1811,1786,1902,1811,116,25,116,25,FALSE,FALSE
41,25,1581,1712,1622,1581,1712,1622,1581,1712,1622,131,41,131,41,FALSE,FALSE
41,26,1410,1540,1436,1410,1540,1436,1410,1540,1436,130,26,130,26,FALSE,FALSE
41,27,1240,1392,1271,1240,1392,1271,1240,1392,1271,152,31,152,31,FALSE,FALSE
41,28,1105,1242,1122,1105,1242,1122,1105,1242,1122,137,17,137,17,FALSE,FALSE
41,29,997,1101,1008,997,1101,1008,997,1101,1008,104,11,104,11,FALSE,FALSE
41,30,876,982,886,876,982,886,876,982,886,106,10,106,10,FALSE,FALSE
41,31,756,893,796,756,893,796,756,893,796,137,40,137,40,FALSE,FALSE
41,32,675,788,708,675,788,708,675,788,708,113,33,113,33,FALSE,FALSE
41,33,600,704,617,600,704,617,600,704,617,104,17,104,17,FALSE,FALSE
41,34,525,627,539,525,627,539,525,627,539,102,14,102,14,FALSE,FALSE
41,35,480,562,476,480,562,476,480,562,476,82,-4,82,4,FALSE,FALSE
41,36,423,504,423,423,504,423,423,504,423,81,0,81,0,FALSE,TRUE
41,37,372,455,365,372,455,365,372,455,365,83,-7,83,7,FALSE,FALSE
41,38,334,407,313,334,407,313,334,407,313,73,-21,73,21,FALSE,FALSE
41,39,302,366,280,302,366,280,302,366,280,64,-22,64,22,FALSE,FALSE
41,40,264,336,259,264,336,259,264,336,259,72,-5,72,5,FALSE,FALSE
41,41,236,287,219,236,287,219,236,287,219,51,-17,51,17,FALSE,FALSE
41,42,210,258,200,210,258,200,210,258,200,48,-10,48,10,FALSE,FALSE
41,43,184,225,179,184,225,179,184,225,179,41,-5,41,5,FALSE,FALSE
41,44,167,206,156,167,206,156,167,206,156,39,-11,39,11,FALSE,FALSE
41,45,150,183,136,150,183,136,150,183,136,33,-14,33,14,FALSE,FALSE
41,46,134,160,128,134,160,128,134,160,128,26,-6,26,6,FALSE,FALSE
41,47,114,135,111,114,135,111,114,135,111,21,-3,21,3,FALSE,FALSE
41,48,103,119,98,103,119,98,103,119,98,16,-5,16,5,FALSE,FALSE
41,49,90,108,91,90,108,91,90,108,91,18,1,18,1,FALSE,FALSE
41,50,81,91,80,81,91,80,81,91,80,10,-1,10,1,FALSE,FALSE
41,51,72,79,67,72,79,67,72,79,67,7,-5,7,5,FALSE,FALSE
41,52,64,66,58,64,66,58,64,66,58,2,-6,2,6,FALSE,FALSE
41,53,55,58,50,55,58,50,55,58,50,3,-5,3,5,FALSE,FALSE
41,54,47,51,42,47,51,42,47,51,42,4,-5,4,5,FALSE,FALSE
41,55,43,43,39,43,43,39,43,43,39,0,-4,0,4,TRUE,FALSE
41,56,35,37,33,35,37,33,35,37,33,2,-2,2,2,FALSE,FALSE
41,57,32,31,28,32,31,28,32,31,28,-1,-4,1,4,FALSE,FALSE
41,58,29,27,23,29,27,23,29,27,23,-2,-6,2,6,FALSE,FALSE
41,59,26,24,20,26,24,20,26,24,20,-2,-6,2,6,FALSE,FALSE
41,60,25,20,19,25,20,19,25,20,19,-5,-6,5,6,FALSE,FALSE
42,0,114,114,114,114,114,114,114,114,114,0,0,0,0,TRUE,TRUE
42,1,156,147,153,156,147,153,156,147,153,-9,-3,9,3,FALSE,FALSE
42,2,200,180,194,200,180,194,200,180,194,-20,-6,20,6,FALSE,FALSE
42,3,253,242,265,253,242,265,253,242,265,-11,12,11,12,FALSE,FALSE
42,4,326,320,342,326,320,342,326,320,342,-6,16,6,16,FALSE,FALSE
42,5,427,414,471,427,414,471,427,414,471,-13,44,13,44,FALSE,FALSE
42,6,571,564,633,571,564,633,571,564,633,-7,62,7,62,FALSE,FALSE
42,7,710,743,803,710,743,803,710,743,803,33,93,33,93,FALSE,FALSE
42,8,904,909,1006,904,909,1006,904,909,1006,5,102,5,102,FALSE,FALSE
42,9,1108,1120,1242,1108,1120,1242,1108,1120,1242,12,134,12,134,FALSE,FALSE
42,10,1371,1337,1446,1371,1337,1446,1371,1337,1446,-34,75,34,75,FALSE,FALSE
42,11,1566,1584,1661,1566,1584,1661,1566,1584,1661,18,95,18,95,FALSE,FALSE
42,12,1770,1785,1888,1770,1785,1888,1770,1785,1888,15,118,15,118,FALSE,FALSE
42,13,1938,1906,2045,1938,1906,2045,1938,1906,2045,-32,107,32,107,FALSE,FALSE
42,14,2069,2033,2109,2069,2033,2109,2069,2033,2109,-36,40,36,40,FALSE,FALSE
42,15,2163,2069,2103,2163,2069,2103,2163,2069,2103,-94,-60,94,60,FALSE,FALSE
42,16,2110,2054,2051,2110,2054,2051,2110,2054,2051,-56,-59,56,59,FALSE,FALSE
42,17,2026,2001,1976,2026,2001,1976,2026,2001,1976,-25,-50,25,50,FALSE,FALSE
42,18,1896,1889,1865,1896,1889,1865,1896,1889,1865,-7,-31,7,31,FALSE,FALSE
42,19,1758,1758,1680,1758,1758,1680,1758,1758,1680,0,-78,0,78,TRUE,FALSE
42,20,1609,1590,1502,1609,1590,1502,1609,1590,1502,-19,-107,19,107,FALSE,FALSE
42,21,1484,1467,1328,1484,1467,1328,1484,1467,1328,-17,-156,17,156,FALSE,FALSE
42,22,1324,1306,1163,1324,1306,1163,1324,1306,1163,-18,-161,18,161,FALSE,FALSE
42,23,1170,1159,998,1170,1159,998,1170,1159,998,-11,-172,11,172,FALSE,FALSE
42,24,1030,1015,867,1030,1015,867,1030,1015,867,-15,-163,15,163,FALSE,FALSE
42,25,876,871,745,876,871,745,876,871,745,-5,-131,5,131,FALSE,FALSE
42,26,778,758,645,778,758,645,778,758,645,-20,-133,20,133,FALSE,FALSE
42,27,671,654,565,671,654,565,671,654,565,-17,-106,17,106,FALSE,FALSE
42,28,578,577,488,578,577,488,578,577,488,-1,-90,1,90,FALSE,FALSE
42,29,504,497,423,504,497,423,504,497,423,-7,-81,7,81,FALSE,FALSE
42,30,445,417,355,445,417,355,445,417,355,-28,-90,28,90,FALSE,FALSE
42,31,405,356,289,405,356,289,405,356,289,-49,-116,49,116,FALSE,FALSE
42,32,353,309,232,353,309,232,353,309,232,-44,-121,44,121,FALSE,FALSE
42,33,284,270,187,284,270,187,284,270,187,-14,-97,14,97,FALSE,FALSE
42,34,234,234,153,234,234,153,234,234,153,0,-81,0,81,TRUE,FALSE
42,35,189,193,123,189,193,123,189,193,123,4,-66,4,66,FALSE,FALSE
42,36,148,168,103,148,168,103,148,168,103,20,-45,20,45,FALSE,FALSE
42,37,132,149,97,132,149,97,132,149,97,17,-35,17,35,FALSE,FALSE
42,38,114,123,91,114,123,91,114,123,91,9,-23,9,23,FALSE,FALSE
42,39,95,86,81,95,86,81,95,86,81,-9,-14,9,14,FALSE,FALSE
42,40,76,77,63,76,77,63,76,77,63,1,-13,1,13,FALSE,FALSE
42,41,62,70,55,62,70,55,62,70,55,8,-7,8,7,FALSE,FALSE
42,42,54,64,47,54,64,47,54,64,47,10,-7,10,7,FALSE,FALSE
42,43,46,55,33,46,55,33,46,55,33,9,-13,9,13,FALSE,FALSE
42,44,34,47,28,34,47,28,34,47,28,13,-6,13,6,FALSE,FALSE
42,45,28,40,21,28,40,21,28,40,21,12,-7,12,7,FALSE,FALSE
42,46,26,31,16,26,31,16,26,31,16,5,-10,5,10,FALSE,FALSE
42,47,20,27,13,20,27,13,20,27,13,7,-7,7,7,FALSE,FALSE
42,48,18,24,9,18,24,9,18,24,9,6,-9,6,9,FALSE,FALSE
42,49,16,19,8,16,19,8,16,19,8,3,-8,3,8,FALSE,FALSE
42,50,13,19,5,13,19,5,13,19,5,6,-8,6,8,FALSE,FALSE
42,51,9,12,4,9,12,4,9,12,4,3,-5,3,5,FALSE,FALSE
42,52,10,7,4,10,7,4,10,7,4,-3,-6,3,6,FALSE,FALSE
42,53,9,6,3,9,6,3,9,6,3,-3,-6,3,6,FALSE,FALSE
42,54,6,6,3,6,6,3,6,6,3,0,-3,0,3,TRUE,FALSE
42,55,6,4,3,6,4,3,6,4,3,-2,-3,2,3,FALSE,FALSE
42,56,5,2,3,5,2,3,5,2,3,-3,-2,3,2,FALSE,FALSE
42,57,5,2,3,5,2,3,5,2,3,-3,-2,3,2,FALSE,FALSE
42,58,3,1,2,3,1,2,3,1,2,-2,-1,2,1,FALSE,FALSE
42,59,3,1,2,3,1,2,3,1,2,-2,-1,2,1,FALSE,FALSE
42,60,3,1,2,3,1,2,3,1,2,-2,-1,2,1,FALSE,FALSE
43,0,75,75,75,75,75,75,75,75,75,0,0,0,0,TRUE,TRUE
43,1,97,105,95,97,105,95,97,105,95,8,-2,8,2,FALSE,FALSE
43,2,135,143,121,135,143,121,135,143,121,8,-14,8,14,FALSE,FALSE
43,3,176,193,164,176,193,164,176,193,164,17,-12,17,12,FALSE,FALSE
43,4,235,263,220,235,263,220,235,263,220,28,-15,28,15,FALSE,FALSE
43,5,314,347,279,314,347,279,314,347,279,33,-35,33,35,FALSE,FALSE
43,6,401,460,366,401,460,366,401,460,366,59,-35,59,35,FALSE,FALSE
43,7,528,640,474,528,640,474,528,640,474,112,-54,112,54,FALSE,FALSE
43,8,676,837,614,676,837,614,676,837,614,161,-62,161,62,FALSE,FALSE
43,9,890,1037,787,890,1037,787,890,1037,787,147,-103,147,103,FALSE,FALSE
43,10,1122,1315,970,1122,1315,970,1122,1315,970,193,-152,193,152,FALSE,FALSE
43,11,1401,1649,1177,1401,1649,1177,1401,1649,1177,248,-224,248,224,FALSE,FALSE
43,12,1722,2009,1489,1722,2009,1489,1722,2009,1489,287,-233,287,233,FALSE,FALSE
43,13,2050,2400,1775,2050,2400,1775,2050,2400,1775,350,-275,350,275,FALSE,FALSE
43,14,2333,2752,2064,2333,2752,2064,2333,2752,2064,419,-269,419,269,FALSE,FALSE
43,15,2657,3108,2385,2657,3108,2385,2657,3108,2385,451,-272,451,272,FALSE,FALSE
43,16,2930,3379,2755,2930,3379,2755,2930,3379,2755,449,-175,449,175,FALSE,FALSE
43,17,3176,3504,3026,3176,3504,3026,3176,3504,3026,328,-150,328,150,FALSE,FALSE
43,18,3353,3588,3272,3353,3588,3272,3353,3588,3272,235,-81,235,81,FALSE,FALSE
43,19,3465,3660,3420,3465,3660,3420,3465,3660,3420,195,-45,195,45,FALSE,FALSE
43,20,3582,3630,3509,3582,3630,3509,3582,3630,3509,48,-73,48,73,FALSE,FALSE
43,21,3606,3591,3573,3606,3591,3573,3606,3591,3573,-15,-33,15,33,FALSE,FALSE
43,22,3553,3509,3588,3553,3509,3588,3553,3509,3588,-44,35,44,35,FALSE,FALSE
43,23,3479,3373,3477,3479,3373,3477,3479,3373,3477,-106,-2,106,2,FALSE,FALSE
43,24,3360,3187,3386,3360,3187,3386,3360,3187,3386,-173,26,173,26,FALSE,FALSE
43,25,3197,3016,3285,3197,3016,3285,3197,3016,3285,-181,88,181,88,FALSE,FALSE
43,26,3041,2817,3149,3041,2817,3149,3041,2817,3149,-224,108,224,108,FALSE,FALSE
43,27,2864,2600,2981,2864,2600,2981,2864,2600,2981,-264,117,264,117,FALSE,FALSE
43,28,2679,2427,2823,2679,2427,2823,2679,2427,2823,-252,144,252,144,FALSE,FALSE
43,29,2526,2260,2638,2526,2260,2638,2526,2260,2638,-266,112,266,112,FALSE,FALSE
43,30,2348,2095,2468,2348,2095,2468,2348,2095,2468,-253,120,253,120,FALSE,FALSE
43,31,2159,1919,2289,2159,1919,2289,2159,1919,2289,-240,130,240,130,FALSE,FALSE
43,32,2001,1773,2122,2001,1773,2122,2001,1773,2122,-228,121,228,121,FALSE,FALSE
43,33,1862,1646,1969,1862,1646,1969,1862,1646,1969,-216,107,216,107,FALSE,FALSE
43,34,1716,1511,1809,1716,1511,1809,1716,1511,1809,-205,93,205,93,FALSE,FALSE
43,35,1590,1382,1652,1590,1382,1652,1590,1382,1652,-208,62,208,62,FALSE,FALSE
43,36,1453,1265,1510,1453,1265,1510,1453,1265,1510,-188,57,188,57,FALSE,FALSE
43,37,1352,1157,1420,1352,1157,1420,1352,1157,1420,-195,68,195,68,FALSE,FALSE
43,38,1226,1040,1305,1226,1040,1305,1226,1040,1305,-186,79,186,79,FALSE,FALSE
43,39,1127,970,1221,1127,970,1221,1127,970,1221,-157,94,157,94,FALSE,FALSE
43,40,1051,889,1116,1051,889,1116,1051,889,1116,-162,65,162,65,FALSE,FALSE
43,41,959,812,1040,959,812,1040,959,812,1040,-147,81,147,81,FALSE,FALSE
43,42,889,752,976,889,752,976,889,752,976,-137,87,137,87,FALSE,FALSE
43,43,812,688,880,812,688,880,812,688,880,-124,68,124,68,FALSE,FALSE
43,44,728,638,815,728,638,815,728,638,815,-90,87,90,87,FALSE,FALSE
43,45,669,588,746,669,588,746,669,588,746,-81,77,81,77,FALSE,FALSE
43,46,614,541,676,614,541,676,614,541,676,-73,62,73,62,FALSE,FALSE
43,47,549,494,627,549,494,627,549,494,627,-55,78,55,78,FALSE,FALSE
43,48,501,453,578,501,453,578,501,453,578,-48,77,48,77,FALSE,FALSE
43,49,454,418,534,454,418,534,454,418,534,-36,80,36,80,FALSE,FALSE
43,50,421,377,481,421,377,481,421,377,481,-44,60,44,60,FALSE,FALSE
43,51,388,345,443,388,345,443,388,345,443,-43,55,43,55,FALSE,FALSE
43,52,363,319,407,363,319,407,363,319,407,-44,44,44,44,FALSE,FALSE
43,53,340,291,372,340,291,372,340,291,372,-49,32,49,32,FALSE,FALSE
43,54,307,271,346,307,271,346,307,271,346,-36,39,36,39,FALSE,FALSE
43,55,281,252,327,281,252,327,281,252,327,-29,46,29,46,FALSE,FALSE
43,56,251,230,302,251,230,302,251,230,302,-21,51,21,51,FALSE,FALSE
43,57,234,209,267,234,209,267,234,209,267,-25,33,25,33,FALSE,FALSE
43,58,210,190,243,210,190,243,210,190,243,-20,33,20,33,FALSE,FALSE
43,59,198,165,217,198,165,217,198,165,217,-33,19,33,19,FALSE,FALSE
43,60,174,157,189,174,157,189,174,157,189,-17,15,17,15,FALSE,FALSE
44,0,79,79,79,79,79,79,79,79,79,0,0,0,0,TRUE,TRUE
44,1,123,103,106,123,103,106,123,103,106,-20,-17,20,17,FALSE,FALSE
44,2,158,141,150,158,141,150,158,141,150,-17,-8,17,8,FALSE,FALSE
44,3,208,195,204,208,195,204,208,195,204,-13,-4,13,4,FALSE,FALSE
44,4,287,245,274,287,245,274,287,245,274,-42,-13,42,13,FALSE,FALSE
44,5,373,313,376,373,313,376,373,313,376,-60,3,60,3,FALSE,FALSE
44,6,508,426,485,508,426,485,508,426,485,-82,-23,82,23,FALSE,FALSE
44,7,687,580,652,687,580,652,687,580,652,-107,-35,107,35,FALSE,FALSE
44,8,890,736,851,890,736,851,890,736,851,-154,-39,154,39,FALSE,FALSE
44,9,1083,926,1049,1083,926,1049,1083,926,1049,-157,-34,157,34,FALSE,FALSE
44,10,1328,1133,1263,1328,1133,1263,1328,1133,1263,-195,-65,195,65,FALSE,FALSE
44,11,1560,1347,1487,1560,1347,1487,1560,1347,1487,-213,-73,213,73,FALSE,FALSE
44,12,1769,1547,1678,1769,1547,1678,1769,1547,1678,-222,-91,222,91,FALSE,FALSE
44,13,1955,1715,1848,1955,1715,1848,1955,1715,1848,-240,-107,240,107,FALSE,FALSE
44,14,2032,1879,1914,2032,1879,1914,2032,1879,1914,-153,-118,153,118,FALSE,FALSE
44,15,2031,1943,1961,2031,1943,1961,2031,1943,1961,-88,-70,88,70,FALSE,FALSE
44,16,2009,2008,1979,2009,2008,1979,2009,2008,1979,-1,-30,1,30,FALSE,FALSE
44,17,1951,1977,1919,1951,1977,1919,1951,1977,1919,26,-32,26,32,FALSE,FALSE
44,18,1835,1891,1827,1835,1891,1827,1835,1891,1827,56,-8,56,8,FALSE,FALSE
44,19,1728,1792,1696,1728,1792,1696,1728,1792,1696,64,-32,64,32,FALSE,FALSE
44,20,1595,1667,1568,1595,1667,1568,1595,1667,1568,72,-27,72,27,FALSE,FALSE
44,21,1406,1520,1375,1406,1520,1375,1406,1520,1375,114,-31,114,31,FALSE,FALSE
44,22,1281,1352,1239,1281,1352,1239,1281,1352,1239,71,-42,71,42,FALSE,FALSE
44,23,1123,1196,1123,1123,1196,1123,1123,1196,1123,73,0,73,0,FALSE,TRUE
44,24,1001,1043,1004,1001,1043,1004,1001,1043,1004,42,3,42,3,FALSE,FALSE
44,25,880,911,890,880,911,890,880,911,890,31,10,31,10,FALSE,FALSE
44,26,757,799,792,757,799,792,757,799,792,42,35,42,35,FALSE,FALSE
44,27,655,711,696,655,711,696,655,711,696,56,41,56,41,FALSE,FALSE
44,28,558,618,597,558,618,597,558,618,597,60,39,60,39,FALSE,FALSE
44,29,486,550,510,486,550,510,486,550,510,64,24,64,24,FALSE,FALSE
44,30,391,485,447,391,485,447,391,485,447,94,56,94,56,FALSE,FALSE
44,31,357,426,379,357,426,379,357,426,379,69,22,69,22,FALSE,FALSE
44,32,292,364,332,292,364,332,292,364,332,72,40,72,40,FALSE,FALSE
44,33,253,335,302,253,335,302,253,335,302,82,49,82,49,FALSE,FALSE
44,34,225,273,274,225,273,274,225,273,274,48,49,48,49,FALSE,FALSE
44,35,203,235,237,203,235,237,203,235,237,32,34,32,34,FALSE,FALSE
44,36,184,203,196,184,203,196,184,203,196,19,12,19,12,FALSE,FALSE
44,37,160,175,170,160,175,170,160,175,170,15,10,15,10,FALSE,FALSE
44,38,123,153,151,123,153,151,123,153,151,30,28,30,28,FALSE,FALSE
44,39,98,130,130,98,130,130,98,130,130,32,32,32,32,FALSE,FALSE
44,40,84,106,106,84,106,106,84,106,106,22,22,22,22,FALSE,FALSE
44,41,75,87,89,75,87,89,75,87,89,12,14,12,14,FALSE,FALSE
44,42,63,76,85,63,76,85,63,76,85,13,22,13,22,FALSE,FALSE
44,43,52,66,71,52,66,71,52,66,71,14,19,14,19,FALSE,FALSE
44,44,45,58,64,45,58,64,45,58,64,13,19,13,19,FALSE,FALSE
44,45,40,48,53,40,48,53,40,48,53,8,13,8,13,FALSE,FALSE
44,46,39,40,43,39,40,43,39,40,43,1,4,1,4,FALSE,FALSE
44,47,37,34,37,37,34,37,37,34,37,-3,0,3,0,FALSE,TRUE
44,48,26,28,27,26,28,27,26,28,27,2,1,2,1,FALSE,FALSE
44,49,20,27,27,20,27,27,20,27,27,7,7,7,7,FALSE,FALSE
44,50,17,24,25,17,24,25,17,24,25,7,8,7,8,FALSE,FALSE
44,51,15,23,23,15,23,23,15,23,23,8,8,8,8,FALSE,FALSE
44,52,13,23,21,13,23,21,13,23,21,10,8,10,8,FALSE,FALSE
44,53,11,18,17,11,18,17,11,18,17,7,6,7,6,FALSE,FALSE
44,54,11,17,15,11,17,15,11,17,15,6,4,6,4,FALSE,FALSE
44,55,10,14,10,10,14,10,10,14,10,4,0,4,0,FALSE,TRUE
44,56,8,11,7,8,11,7,8,11,7,3,-1,3,1,FALSE,FALSE
44,57,7,9,7,7,9,7,7,9,7,2,0,2,0,FALSE,TRUE
44,58,6,7,6,6,7,6,6,7,6,1,0,1,0,FALSE,TRUE
44,59,5,6,5,5,6,5,5,6,5,1,0,1,0,FALSE,TRUE
44,60,5,5,5,5,5,5,5,5,5,0,0,0,0,TRUE,TRUE
45,0,137,137,137,137,137,137,137,137,137,0,0,0,0,TRUE,TRUE
45,1,197,200,199,197,200,199,197,200,199,3,2,3,2,FALSE,FALSE
45,2,283,297,310,283,297,310,283,297,310,14,27,14,27,FALSE,FALSE
45,3,378,421,459,378,421,459,378,421,459,43,81,43,81,FALSE,FALSE
45,4,537,578,678,537,578,678,537,578,678,41,141,41,141,FALSE,FALSE
45,5,741,807,949,741,807,949,741,807,949,66,208,66,208,FALSE,FALSE
45,6,1007,1095,1235,1007,1095,1235,1007,1095,1235,88,228,88,228,FALSE,FALSE
45,7,1329,1455,1601,1329,1455,1601,1329,1455,1601,126,272,126,272,FALSE,FALSE
45,8,1738,1857,2039,1738,1857,2039,1738,1857,2039,119,301,119,301,FALSE,FALSE
45,9,2056,2283,2421,2056,2283,2421,2056,2283,2421,227,365,227,365,FALSE,FALSE
45,10,2476,2585,2752,2476,2585,2752,2476,2585,2752,109,276,109,276,FALSE,FALSE
45,11,2733,2826,2963,2733,2826,2963,2733,2826,2963,93,230,93,230,FALSE,FALSE
45,12,2886,3012,3032,2886,3012,3032,2886,3012,3032,126,146,126,146,FALSE,FALSE
45,13,2998,3048,2976,2998,3048,2976,2998,3048,2976,50,-22,50,22,FALSE,FALSE
45,14,2916,2970,2844,2916,2970,2844,2916,2970,2844,54,-72,54,72,FALSE,FALSE
45,15,2723,2755,2632,2723,2755,2632,2723,2755,2632,32,-91,32,91,FALSE,FALSE
45,16,2499,2540,2417,2499,2540,2417,2499,2540,2417,41,-82,41,82,FALSE,FALSE
45,17,2200,2308,2112,2200,2308,2112,2200,2308,2112,108,-88,108,88,FALSE,FALSE
45,18,1890,1993,1857,1890,1993,1857,1890,1993,1857,103,-33,103,33,FALSE,FALSE
45,19,1672,1738,1597,1672,1738,1597,1672,1738,1597,66,-75,66,75,FALSE,FALSE
45,20,1435,1501,1330,1435,1501,1330,1435,1501,1330,66,-105,66,105,FALSE,FALSE
45,21,1190,1294,1124,1190,1294,1124,1190,1294,1124,104,-66,104,66,FALSE,FALSE
45,22,1021,1113,909,1021,1113,909,1021,1113,909,92,-112,92,112,FALSE,FALSE
45,23,864,953,746,864,953,746,864,953,746,89,-118,89,118,FALSE,FALSE
45,24,717,814,608,717,814,608,717,814,608,97,-109,97,109,FALSE,FALSE
45,25,593,701,518,593,701,518,593,701,518,108,-75,108,75,FALSE,FALSE
45,26,507,589,439,507,589,439,507,589,439,82,-68,82,68,FALSE,FALSE
45,27,407,490,363,407,490,363,407,490,363,83,-44,83,44,FALSE,FALSE
45,28,344,404,299,344,404,299,344,404,299,60,-45,60,45,FALSE,FALSE
45,29,273,319,245,273,319,245,273,319,245,46,-28,46,28,FALSE,FALSE
45,30,221,287,195,221,287,195,221,287,195,66,-26,66,26,FALSE,FALSE
45,31,193,239,146,193,239,146,193,239,146,46,-47,46,47,FALSE,FALSE
45,32,150,195,115,150,195,115,150,195,115,45,-35,45,35,FALSE,FALSE
45,33,125,160,98,125,160,98,125,160,98,35,-27,35,27,FALSE,FALSE
45,34,106,133,73,106,133,73,106,133,73,27,-33,27,33,FALSE,FALSE
45,35,82,108,63,82,108,63,82,108,63,26,-19,26,19,FALSE,FALSE
45,36,74,95,47,74,95,47,74,95,47,21,-27,21,27,FALSE,FALSE
45,37,64,85,34,64,85,34,64,85,34,21,-30,21,30,FALSE,FALSE
45,38,56,67,25,56,67,25,56,67,25,11,-31,11,31,FALSE,FALSE
45,39,42,58,22,42,58,22,42,58,22,16,-20,16,20,FALSE,FALSE
45,40,30,50,21,30,50,21,30,50,21,20,-9,20,9,FALSE,FALSE
45,41,22,43,19,22,43,19,22,43,19,21,-3,21,3,FALSE,FALSE
45,42,20,41,18,20,41,18,20,41,18,21,-2,21,2,FALSE,FALSE
45,43,18,32,15,18,32,15,18,32,15,14,-3,14,3,FALSE,FALSE
45,44,12,23,13,12,23,13,12,23,13,11,1,11,1,FALSE,FALSE
45,45,8,20,11,8,20,11,8,20,11,12,3,12,3,FALSE,FALSE
45,46,8,15,11,8,15,11,8,15,11,7,3,7,3,FALSE,FALSE
45,47,6,10,8,6,10,8,6,10,8,4,2,4,2,FALSE,FALSE
45,48,4,8,9,4,8,9,4,8,9,4,5,4,5,FALSE,FALSE
45,49,3,8,7,3,8,7,3,8,7,5,4,5,4,FALSE,FALSE
45,50,2,4,7,2,4,7,2,4,7,2,5,2,5,FALSE,FALSE
45,51,2,4,6,2,4,6,2,4,6,2,4,2,4,FALSE,FALSE
45,52,2,4,6,2,4,6,2,4,6,2,4,2,4,FALSE,FALSE
45,53,1,3,5,1,3,5,1,3,5,2,4,2,4,FALSE,FALSE
45,54,2,3,5,2,3,5,2,3,5,1,3,1,3,FALSE,FALSE
45,55,1,3,4,1,3,4,1,3,4,2,3,2,3,FALSE,FALSE
45,56,0,3,4,0,3,4,0,3,4,3,4,3,4,FALSE,FALSE
45,57,0,2,3,0,2,3,0,2,3,2,3,2,3,FALSE,FALSE
45,58,0,0,4,0,0,4,0,0,4,0,4,0,4,TRUE,FALSE
45,59,0,0,4,0,0,4,0,0,4,0,4,0,4,TRUE,FALSE
45,60,0,0,3,0,0,3,0,0,3,0,3,0,3,TRUE,FALSE
46,0,82,82,82,82,82,82,82,82,82,0,0,0,0,TRUE,TRUE
46,1,88,94,92,88,94,92,88,94,92,6,4,6,4,FALSE,FALSE
46,2,104,103,99,104,103,99,104,103,99,-1,-5,1,5,FALSE,FALSE
46,3,112,116,109,112,116,109,112,116,109,4,-3,4,3,FALSE,FALSE
46,4,129,133,124,129,133,124,129,133,124,4,-5,4,5,FALSE,FALSE
46,5,149,153,115,149,153,115,149,153,115,4,-34,4,34,FALSE,FALSE
46,6,171,172,138,171,172,138,171,172,138,1,-33,1,33,FALSE,FALSE
46,7,190,187,164,190,187,164,190,187,164,-3,-26,3,26,FALSE,FALSE
46,8,218,211,177,218,211,177,218,211,177,-7,-41,7,41,FALSE,FALSE
46,9,251,230,201,251,230,201,251,230,201,-21,-50,21,50,FALSE,FALSE
46,10,275,255,217,275,255,217,275,255,217,-20,-58,20,58,FALSE,FALSE
46,11,299,285,253,299,285,253,299,285,253,-14,-46,14,46,FALSE,FALSE
46,12,341,306,281,341,306,281,341,306,281,-35,-60,35,60,FALSE,FALSE
46,13,382,337,310,382,337,310,382,337,310,-45,-72,45,72,FALSE,FALSE
46,14,413,387,354,413,387,354,413,387,354,-26,-59,26,59,FALSE,FALSE
46,15,449,432,394,449,432,394,449,432,394,-17,-55,17,55,FALSE,FALSE
46,16,490,472,428,490,472,428,490,472,428,-18,-62,18,62,FALSE,FALSE
46,17,535,517,453,535,517,453,535,517,453,-18,-82,18,82,FALSE,FALSE
46,18,600,557,507,600,557,507,600,557,507,-43,-93,43,93,FALSE,FALSE
46,19,665,601,555,665,601,555,665,601,555,-64,-110,64,110,FALSE,FALSE
46,20,742,675,608,742,675,608,742,675,608,-67,-134,67,134,FALSE,FALSE
46,21,836,733,677,836,733,677,836,733,677,-103,-159,103,159,FALSE,FALSE
46,22,908,809,742,908,809,742,908,809,742,-99,-166,99,166,FALSE,FALSE
46,23,1005,856,818,1005,856,818,1005,856,818,-149,-187,149,187,FALSE,FALSE
46,24,1096,900,882,1096,900,882,1096,900,882,-196,-214,196,214,FALSE,FALSE
46,25,1159,958,955,1159,958,955,1159,958,955,-201,-204,201,204,FALSE,FALSE
46,26,1235,1017,1016,1235,1017,1016,1235,1017,1016,-218,-219,218,219,FALSE,FALSE
46,27,1285,1106,1089,1285,1106,1089,1285,1106,1089,-179,-196,179,196,FALSE,FALSE
46,28,1383,1172,1141,1383,1172,1141,1383,1172,1141,-211,-242,211,242,FALSE,FALSE
46,29,1446,1220,1207,1446,1220,1207,1446,1220,1207,-226,-239,226,239,FALSE,FALSE
46,30,1531,1297,1259,1531,1297,1259,1531,1297,1259,-234,-272,234,272,FALSE,FALSE
46,31,1582,1343,1316,1582,1343,1316,1582,1343,1316,-239,-266,239,266,FALSE,FALSE
46,32,1653,1371,1392,1653,1371,1392,1653,1371,1392,-282,-261,282,261,FALSE,FALSE
46,33,1733,1413,1499,1733,1413,1499,1733,1413,1499,-320,-234,320,234,FALSE,FALSE
46,34,1761,1450,1566,1761,1450,1566,1761,1450,1566,-311,-195,311,195,FALSE,FALSE
46,35,1793,1521,1623,1793,1521,1623,1793,1521,1623,-272,-170,272,170,FALSE,FALSE
46,36,1827,1580,1679,1827,1580,1679,1827,1580,1679,-247,-148,247,148,FALSE,FALSE
46,37,1904,1645,1736,1904,1645,1736,1904,1645,1736,-259,-168,259,168,FALSE,FALSE
46,38,1932,1674,1772,1932,1674,1772,1932,1674,1772,-258,-160,258,160,FALSE,FALSE
46,39,1937,1708,1773,1937,1708,1773,1937,1708,1773,-229,-164,229,164,FALSE,FALSE
46,40,1919,1712,1811,1919,1712,1811,1919,1712,1811,-207,-108,207,108,FALSE,FALSE
46,41,1915,1749,1832,1915,1749,1832,1915,1749,1832,-166,-83,166,83,FALSE,FALSE
46,42,1917,1771,1855,1917,1771,1855,1917,1771,1855,-146,-62,146,62,FALSE,FALSE
46,43,1895,1783,1841,1895,1783,1841,1895,1783,1841,-112,-54,112,54,FALSE,FALSE
46,44,1847,1781,1817,1847,1781,1817,1847,1781,1817,-66,-30,66,30,FALSE,FALSE
46,45,1818,1768,1784,1818,1768,1784,1818,1768,1784,-50,-34,50,34,FALSE,FALSE
46,46,1774,1756,1755,1774,1756,1755,1774,1756,1755,-18,-19,18,19,FALSE,FALSE
46,47,1714,1748,1752,1714,1748,1752,1714,1748,1752,34,38,34,38,FALSE,FALSE
46,48,1686,1703,1726,1686,1703,1726,1686,1703,1726,17,40,17,40,FALSE,FALSE
46,49,1628,1684,1705,1628,1684,1705,1628,1684,1705,56,77,56,77,FALSE,FALSE
46,50,1579,1663,1692,1579,1663,1692,1579,1663,1692,84,113,84,113,FALSE,FALSE
46,51,1492,1625,1670,1492,1625,1670,1492,1625,1670,133,178,133,178,FALSE,FALSE
46,52,1445,1586,1594,1445,1586,1594,1445,1586,1594,141,149,141,149,FALSE,FALSE
46,53,1401,1547,1528,1401,1547,1528,1401,1547,1528,146,127,146,127,FALSE,FALSE
46,54,1380,1489,1482,1380,1489,1482,1380,1489,1482,109,102,109,102,FALSE,FALSE
46,55,1344,1448,1403,1344,1448,1403,1344,1448,1403,104,59,104,59,FALSE,FALSE
46,56,1284,1382,1360,1284,1382,1360,1284,1382,1360,98,76,98,76,FALSE,FALSE
46,57,1235,1329,1321,1235,1329,1321,1235,1329,1321,94,86,94,86,FALSE,FALSE
46,58,1148,1268,1268,1148,1268,1268,1148,1268,1268,120,120,120,120,FALSE,FALSE
46,59,1112,1214,1236,1112,1214,1236,1112,1214,1236,102,124,102,124,FALSE,FALSE
46,60,1068,1171,1196,1068,1171,1196,1068,1171,1196,103,128,103,128,FALSE,FALSE
47,0,99,99,99,99,99,99,99,99,99,0,0,0,0,TRUE,TRUE
47,1,141,134,153,141,134,153,141,134,153,-7,12,7,12,FALSE,FALSE
47,2,207,188,245,207,188,245,207,188,245,-19,38,19,38,FALSE,FALSE
47,3,324,249,335,324,249,335,324,249,335,-75,11,75,11,FALSE,FALSE
47,4,474,355,490,474,355,490,474,355,490,-119,16,119,16,FALSE,FALSE
47,5,645,476,666,645,476,666,645,476,666,-169,21,169,21,FALSE,FALSE
47,6,850,645,900,850,645,900,850,645,900,-205,50,205,50,FALSE,FALSE
47,7,1128,793,1197,1128,793,1197,1128,793,1197,-335,69,335,69,FALSE,FALSE
47,8,1395,1005,1462,1395,1005,1462,1395,1005,1462,-390,67,390,67,FALSE,FALSE
47,9,1664,1246,1777,1664,1246,1777,1664,1246,1777,-418,113,418,113,FALSE,FALSE
47,10,1854,1467,2043,1854,1467,2043,1854,1467,2043,-387,189,387,189,FALSE,FALSE
47,11,2012,1696,2202,2012,1696,2202,2012,1696,2202,-316,190,316,190,FALSE,FALSE
47,12,2138,1829,2278,2138,1829,2278,2138,1829,2278,-309,140,309,140,FALSE,FALSE
47,13,2113,1925,2248,2113,1925,2248,2113,1925,2248,-188,135,188,135,FALSE,FALSE
47,14,2051,1950,2135,2051,1950,2135,2051,1950,2135,-101,84,101,84,FALSE,FALSE
47,15,1955,1879,2013,1955,1879,2013,1955,1879,2013,-76,58,76,58,FALSE,FALSE
47,16,1798,1793,1827,1798,1793,1827,1798,1793,1827,-5,29,5,29,FALSE,FALSE
47,17,1577,1689,1612,1577,1689,1612,1577,1689,1612,112,35,112,35,FALSE,FALSE
47,18,1405,1569,1367,1405,1569,1367,1405,1569,1367,164,-38,164,38,FALSE,FALSE
47,19,1194,1419,1156,1194,1419,1156,1194,1419,1156,225,-38,225,38,FALSE,FALSE
47,20,1000,1256,960,1000,1256,960,1000,1256,960,256,-40,256,40,FALSE,FALSE
47,21,854,1108,822,854,1108,822,854,1108,822,254,-32,254,32,FALSE,FALSE
47,22,711,964,710,711,964,710,711,964,710,253,-1,253,1,FALSE,FALSE
47,23,619,844,592,619,844,592,619,844,592,225,-27,225,27,FALSE,FALSE
47,24,508,739,491,508,739,491,508,739,491,231,-17,231,17,FALSE,FALSE
47,25,418,630,408,418,630,408,418,630,408,212,-10,212,10,FALSE,FALSE
47,26,337,528,340,337,528,340,337,528,340,191,3,191,3,FALSE,FALSE
47,27,279,440,278,279,440,278,279,440,278,161,-1,161,1,FALSE,FALSE
47,28,225,389,217,225,389,217,225,389,217,164,-8,164,8,FALSE,FALSE
47,29,187,326,181,187,326,181,187,326,181,139,-6,139,6,FALSE,FALSE
47,30,161,286,157,161,286,157,161,286,157,125,-4,125,4,FALSE,FALSE
47,31,130,223,131,130,223,131,130,223,131,93,1,93,1,FALSE,FALSE
47,32,112,196,109,112,196,109,112,196,109,84,-3,84,3,FALSE,FALSE
47,33,90,161,86,90,161,86,90,161,86,71,-4,71,4,FALSE,FALSE
47,34,71,138,66,71,138,66,71,138,66,67,-5,67,5,FALSE,FALSE
47,35,58,117,50,58,117,50,58,117,50,59,-8,59,8,FALSE,FALSE
47,36,41,95,41,41,95,41,41,95,41,54,0,54,0,FALSE,TRUE
47,37,44,81,37,44,81,37,44,81,37,37,-7,37,7,FALSE,FALSE
47,38,39,63,32,39,63,32,39,63,32,24,-7,24,7,FALSE,FALSE
47,39,37,56,27,37,56,27,37,56,27,19,-10,19,10,FALSE,FALSE
47,40,27,47,23,27,47,23,27,47,23,20,-4,20,4,FALSE,FALSE
47,41,23,40,21,23,40,21,23,40,21,17,-2,17,2,FALSE,FALSE
47,42,18,37,17,18,37,17,18,37,17,19,-1,19,1,FALSE,FALSE
47,43,16,28,15,16,28,15,16,28,15,12,-1,12,1,FALSE,FALSE
47,44,14,28,9,14,28,9,14,28,9,14,-5,14,5,FALSE,FALSE
47,45,11,23,9,11,23,9,11,23,9,12,-2,12,2,FALSE,FALSE
47,46,7,20,8,7,20,8,7,20,8,13,1,13,1,FALSE,FALSE
47,47,5,18,6,5,18,6,5,18,6,13,1,13,1,FALSE,FALSE
47,48,4,18,6,4,18,6,4,18,6,14,2,14,2,FALSE,FALSE
47,49,4,17,4,4,17,4,4,17,4,13,0,13,0,FALSE,TRUE
47,50,5,18,3,5,18,3,5,18,3,13,-2,13,2,FALSE,FALSE
47,51,4,11,2,4,11,2,4,11,2,7,-2,7,2,FALSE,FALSE
47,52,4,9,2,4,9,2,4,9,2,5,-2,5,2,FALSE,FALSE
47,53,4,7,1,4,7,1,4,7,1,3,-3,3,3,FALSE,FALSE
47,54,4,5,1,4,5,1,4,5,1,1,-3,1,3,FALSE,FALSE
47,55,3,5,1,3,5,1,3,5,1,2,-2,2,2,FALSE,FALSE
47,56,3,3,0,3,3,0,3,3,0,0,-3,0,3,TRUE,FALSE
47,57,3,2,0,3,2,0,3,2,0,-1,-3,1,3,FALSE,FALSE
47,58,3,1,0,3,1,0,3,1,0,-2,-3,2,3,FALSE,FALSE
47,59,2,1,0,2,1,0,2,1,0,-1,-2,1,2,FALSE,FALSE
47,60,1,1,0,1,1,0,1,1,0,0,-1,0,1,TRUE,FALSE
48,0,124,124,124,124,124,124,124,124,124,0,0,0,0,TRUE,TRUE
48,1,191,184,201,191,184,201,191,184,201,-7,10,7,10,FALSE,FALSE
48,2,283,276,306,283,276,306,283,276,306,-7,23,7,23,FALSE,FALSE
48,3,439,438,468,439,438,468,439,438,468,-1,29,1,29,FALSE,FALSE
48,4,636,591,692,636,591,692,636,591,692,-45,56,45,56,FALSE,FALSE
48,5,892,871,975,892,871,975,892,871,975,-21,83,21,83,FALSE,FALSE
48,6,1251,1259,1388,1251,1259,1388,1251,1259,1388,8,137,8,137,FALSE,FALSE
48,7,1684,1707,1780,1684,1707,1780,1684,1707,1780,23,96,23,96,FALSE,FALSE
48,8,2127,2133,2228,2127,2133,2228,2127,2133,2228,6,101,6,101,FALSE,FALSE
48,9,2526,2458,2488,2526,2458,2488,2526,2458,2488,-68,-38,68,38,FALSE,FALSE
48,10,2713,2694,2646,2713,2694,2646,2713,2694,2646,-19,-67,19,67,FALSE,FALSE
48,11,2785,2790,2682,2785,2790,2682,2785,2790,2682,5,-103,5,103,FALSE,FALSE
48,12,2650,2669,2561,2650,2669,2561,2650,2669,2561,19,-89,19,89,FALSE,FALSE
48,13,2419,2438,2353,2419,2438,2353,2419,2438,2353,19,-66,19,66,FALSE,FALSE
48,14,2124,2211,2125,2124,2211,2125,2124,2211,2125,87,1,87,1,FALSE,FALSE
48,15,1864,1925,1837,1864,1925,1837,1864,1925,1837,61,-27,61,27,FALSE,FALSE
48,16,1580,1652,1501,1580,1652,1501,1580,1652,1501,72,-79,72,79,FALSE,FALSE
48,17,1335,1397,1291,1335,1397,1291,1335,1397,1291,62,-44,62,44,FALSE,FALSE
48,18,1102,1164,1047,1102,1164,1047,1102,1164,1047,62,-55,62,55,FALSE,FALSE
48,19,903,971,879,903,971,879,903,971,879,68,-24,68,24,FALSE,FALSE
48,20,750,826,713,750,826,713,750,826,713,76,-37,76,37,FALSE,FALSE
48,21,608,668,595,608,668,595,608,668,595,60,-13,60,13,FALSE,FALSE
48,22,490,563,471,490,563,471,490,563,471,73,-19,73,19,FALSE,FALSE
48,23,397,469,380,397,469,380,397,469,380,72,-17,72,17,FALSE,FALSE
48,24,318,365,326,318,365,326,318,365,326,47,8,47,8,FALSE,FALSE
48,25,253,288,266,253,288,266,253,288,266,35,13,35,13,FALSE,FALSE
48,26,210,225,217,210,225,217,210,225,217,15,7,15,7,FALSE,FALSE
48,27,166,173,181,166,173,181,166,173,181,7,15,7,15,FALSE,FALSE
48,28,137,137,148,137,137,148,137,137,148,0,11,0,11,TRUE,FALSE
48,29,116,118,115,116,118,115,116,118,115,2,-1,2,1,FALSE,FALSE
48,30,99,93,85,99,93,85,99,93,85,-6,-14,6,14,FALSE,FALSE
48,31,78,78,72,78,78,72,78,78,72,0,-6,0,6,TRUE,FALSE
48,32,64,64,64,64,64,64,64,64,64,0,0,0,0,TRUE,TRUE
48,33,53,58,51,53,58,51,53,58,51,5,-2,5,2,FALSE,FALSE
48,34,47,45,43,47,45,43,47,45,43,-2,-4,2,4,FALSE,FALSE
48,35,44,37,35,44,37,35,44,37,35,-7,-9,7,9,FALSE,FALSE
48,36,32,29,32,32,29,32,32,29,32,-3,0,3,0,FALSE,TRUE
48,37,26,25,26,26,25,26,26,25,26,-1,0,1,0,FALSE,TRUE
48,38,23,19,23,23,19,23,23,19,23,-4,0,4,0,FALSE,TRUE
48,39,19,18,15,19,18,15,19,18,15,-1,-4,1,4,FALSE,FALSE
48,40,15,13,11,15,13,11,15,13,11,-2,-4,2,4,FALSE,FALSE
48,41,11,11,7,11,11,7,11,11,7,0,-4,0,4,TRUE,FALSE
48,42,10,7,4,10,7,4,10,7,4,-3,-6,3,6,FALSE,FALSE
48,43,8,6,2,8,6,2,8,6,2,-2,-6,2,6,FALSE,FALSE
48,44,10,4,1,10,4,1,10,4,1,-6,-9,6,9,FALSE,FALSE
48,45,8,1,1,8,1,1,8,1,1,-7,-7,7,7,FALSE,FALSE
48,46,7,1,1,7,1,1,7,1,1,-6,-6,6,6,FALSE,FALSE
48,47,6,1,1,6,1,1,6,1,1,-5,-5,5,5,FALSE,FALSE
48,48,5,1,0,5,1,0,5,1,0,-4,-5,4,5,FALSE,FALSE
48,49,3,1,0,3,1,0,3,1,0,-2,-3,2,3,FALSE,FALSE
48,50,3,1,0,3,1,0,3,1,0,-2,-3,2,3,FALSE,FALSE
48,51,2,1,0,2,1,0,2,1,0,-1,-2,1,2,FALSE,FALSE
48,52,1,0,0,1,0,0,1,0,0,-1,-1,1,1,FALSE,FALSE
48,53,1,0,0,1,0,0,1,0,0,-1,-1,1,1,FALSE,FALSE
48,54,0,0,0,0,0,0,0,0,0,0,0,0,0,TRUE,TRUE
48,55,0,0,0,0,0,0,0,0,0,0,0,0,0,TRUE,TRUE
48,56,0,0,0,0,0,0,0,0,0,0,0,0,0,TRUE,TRUE
48,57,0,0,0,0,0,0,0,0,0,0,0,0,0,TRUE,TRUE
48,58,0,0,0,0,0,0,0,0,0,0,0,0,0,TRUE,TRUE
48,59,0,0,0,0,0,0,0,0,0,0,0,0,0,TRUE,TRUE
48,60,0,0,0,0,0,0,0,0,0,0,0,0,0,TRUE,TRUE
49,0,56,56,56,56,56,56,56,56,56,0,0,0,0,TRUE,TRUE
49,1,62,60,62,62,60,62,62,60,62,-2,0,2,0,FALSE,TRUE
49,2,69,65,78,69,65,78,69,65,78,-4,9,4,9,FALSE,FALSE
49,3,84,75,82,84,75,82,84,75,82,-9,-2,9,2,FALSE,FALSE
49,4,96,81,94,96,81,94,96,81,94,-15,-2,15,2,FALSE,FALSE
49,5,121,96,105,121,96,105,121,96,105,-25,-16,25,16,FALSE,FALSE
49,6,121,125,119,121,125,119,121,125,119,4,-2,4,2,FALSE,FALSE
49,7,140,139,134,140,139,134,140,139,134,-1,-6,1,6,FALSE,FALSE
49,8,167,155,150,167,155,150,167,155,150,-12,-17,12,17,FALSE,FALSE
49,9,202,174,161,202,174,161,202,174,161,-28,-41,28,41,FALSE,FALSE
49,10,219,203,168,219,203,168,219,203,168,-16,-51,16,51,FALSE,FALSE
49,11,241,220,195,241,220,195,241,220,195,-21,-46,21,46,FALSE,FALSE
49,12,260,264,204,260,264,204,260,264,204,4,-56,4,56,FALSE,FALSE
49,13,291,290,220,291,290,220,291,290,220,-1,-71,1,71,FALSE,FALSE
49,14,316,333,263,316,333,263,316,333,263,17,-53,17,53,FALSE,FALSE
49,15,366,357,267,366,357,267,366,357,267,-9,-99,9,99,FALSE,FALSE
49,16,404,391,297,404,391,297,404,391,297,-13,-107,13,107,FALSE,FALSE
49,17,433,440,320,433,440,320,433,440,320,7,-113,7,113,FALSE,FALSE
49,18,474,505,344,474,505,344,474,505,344,31,-130,31,130,FALSE,FALSE
49,19,514,566,383,514,566,383,514,566,383,52,-131,52,131,FALSE,FALSE
49,20,566,604,419,566,604,419,566,604,419,38,-147,38,147,FALSE,FALSE
49,21,604,662,461,604,662,461,604,662,461,58,-143,58,143,FALSE,FALSE
49,22,672,697,498,672,697,498,672,697,498,25,-174,25,174,FALSE,FALSE
49,23,688,759,551,688,759,551,688,759,551,71,-137,71,137,FALSE,FALSE
49,24,744,797,580,744,797,580,744,797,580,53,-164,53,164,FALSE,FALSE
49,25,800,862,627,800,862,627,800,862,627,62,-173,62,173,FALSE,FALSE
49,26,867,909,686,867,909,686,867,909,686,42,-181,42,181,FALSE,FALSE
49,27,911,944,732,911,944,732,911,944,732,33,-179,33,179,FALSE,FALSE
49,28,980,983,753,980,983,753,980,983,753,3,-227,3,227,FALSE,FALSE
49,29,1039,1049,771,1039,1049,771,1039,1049,771,10,-268,10,268,FALSE,FALSE
49,30,1074,1050,799,1074,1050,799,1074,1050,799,-24,-275,24,275,FALSE,FALSE
49,31,1101,1083,840,1101,1083,840,1101,1083,840,-18,-261,18,261,FALSE,FALSE
49,32,1104,1100,873,1104,1100,873,1104,1100,873,-4,-231,4,231,FALSE,FALSE
49,33,1146,1104,906,1146,1104,906,1146,1104,906,-42,-240,42,240,FALSE,FALSE
49,34,1196,1102,930,1196,1102,930,1196,1102,930,-94,-266,94,266,FALSE,FALSE
49,35,1216,1073,976,1216,1073,976,1216,1073,976,-143,-240,143,240,FALSE,FALSE
49,36,1196,1104,979,1196,1104,979,1196,1104,979,-92,-217,92,217,FALSE,FALSE
49,37,1220,1105,967,1220,1105,967,1220,1105,967,-115,-253,115,253,FALSE,FALSE
49,38,1223,1082,970,1223,1082,970,1223,1082,970,-141,-253,141,253,FALSE,FALSE
49,39,1215,1068,991,1215,1068,991,1215,1068,991,-147,-224,147,224,FALSE,FALSE
49,40,1203,1033,1017,1203,1033,1017,1203,1033,1017,-170,-186,170,186,FALSE,FALSE
49,41,1187,1050,1015,1187,1050,1015,1187,1050,1015,-137,-172,137,172,FALSE,FALSE
49,42,1149,1021,1018,1149,1021,1018,1149,1021,1018,-128,-131,128,131,FALSE,FALSE
49,43,1111,997,1036,1111,997,1036,1111,997,1036,-114,-75,114,75,FALSE,FALSE
49,44,1059,981,1050,1059,981,1050,1059,981,1050,-78,-9,78,9,FALSE,FALSE
49,45,1028,958,1034,1028,958,1034,1028,958,1034,-70,6,70,6,FALSE,FALSE
49,46,987,928,1060,987,928,1060,987,928,1060,-59,73,59,73,FALSE,FALSE
49,47,953,908,1022,953,908,1022,953,908,1022,-45,69,45,69,FALSE,FALSE
49,48,905,890,1000,905,890,1000,905,890,1000,-15,95,15,95,FALSE,FALSE
49,49,863,840,959,863,840,959,863,840,959,-23,96,23,96,FALSE,FALSE
49,50,827,817,941,827,817,941,827,817,941,-10,114,10,114,FALSE,FALSE
49,51,798,797,916,798,797,916,798,797,916,-1,118,1,118,FALSE,FALSE
49,52,758,759,901,758,759,901,758,759,901,1,143,1,143,FALSE,FALSE
49,53,735,715,856,735,715,856,735,715,856,-20,121,20,121,FALSE,FALSE
49,54,689,679,806,689,679,806,689,679,806,-10,117,10,117,FALSE,FALSE
49,55,642,655,773,642,655,773,642,655,773,13,131,13,131,FALSE,FALSE
49,56,626,637,739,626,637,739,626,637,739,11,113,11,113,FALSE,FALSE
49,57,590,612,702,590,612,702,590,612,702,22,112,22,112,FALSE,FALSE
49,58,567,583,649,567,583,649,567,583,649,16,82,16,82,FALSE,FALSE
49,59,518,549,595,518,549,595,518,549,595,31,77,31,77,FALSE,FALSE
49,60,474,521,565,474,521,565,474,521,565,47,91,47,91,FALSE,FALSE
50,0,124,124,124,124,124,124,124,124,124,0,0,0,0,TRUE,TRUE
50,1,126,144,128,126,144,128,126,144,128,18,2,18,2,FALSE,FALSE
50,2,131,164,141,131,164,141,131,164,141,33,10,33,10,FALSE,FALSE
50,3,148,169,160,148,169,160,148,169,160,21,12,21,12,FALSE,FALSE
50,4,168,182,182,168,182,182,168,182,182,14,14,14,14,FALSE,FALSE
50,5,174,197,202,174,197,202,174,197,202,23,28,23,28,FALSE,FALSE
50,6,182,222,224,182,222,224,182,222,224,40,42,40,42,FALSE,FALSE
50,7,202,240,254,202,240,254,202,240,254,38,52,38,52,FALSE,FALSE
50,8,218,257,269,218,257,269,218,257,269,39,51,39,51,FALSE,FALSE
50,9,236,297,289,236,297,289,236,297,289,61,53,61,53,FALSE,FALSE
50,10,248,336,306,248,336,306,248,336,306,88,58,88,58,FALSE,FALSE
50,11,278,353,315,278,353,315,278,353,315,75,37,75,37,FALSE,FALSE
50,12,301,389,336,301,389,336,301,389,336,88,35,88,35,FALSE,FALSE
50,13,329,430,370,329,430,370,329,430,370,101,41,101,41,FALSE,FALSE
50,14,355,487,402,355,487,402,355,487,402,132,47,132,47,FALSE,FALSE
50,15,382,539,444,382,539,444,382,539,444,157,62,157,62,FALSE,FALSE
50,16,409,578,492,409,578,492,409,578,492,169,83,169,83,FALSE,FALSE
50,17,451,636,531,451,636,531,451,636,531,185,80,185,80,FALSE,FALSE
50,18,501,692,584,501,692,584,501,692,584,191,83,191,83,FALSE,FALSE
50,19,542,740,615,542,740,615,542,740,615,198,73,198,73,FALSE,FALSE
50,20,586,798,667,586,798,667,586,798,667,212,81,212,81,FALSE,FALSE
50,21,614,871,728,614,871,728,614,871,728,257,114,257,114,FALSE,FALSE
50,22,683,922,791,683,922,791,683,922,791,239,108,239,108,FALSE,FALSE
50,23,732,976,848,732,976,848,732,976,848,244,116,244,116,FALSE,FALSE
50,24,778,1053,917,778,1053,917,778,1053,917,275,139,275,139,FALSE,FALSE
50,25,813,1147,992,813,1147,992,813,1147,992,334,179,334,179,FALSE,FALSE
50,26,852,1225,1049,852,1225,1049,852,1225,1049,373,197,373,197,FALSE,FALSE
50,27,911,1294,1081,911,1294,1081,911,1294,1081,383,170,383,170,FALSE,FALSE
50,28,947,1352,1136,947,1352,1136,947,1352,1136,405,189,405,189,FALSE,FALSE
50,29,981,1402,1176,981,1402,1176,981,1402,1176,421,195,421,195,FALSE,FALSE
50,30,1013,1448,1223,1013,1448,1223,1013,1448,1223,435,210,435,210,FALSE,FALSE
50,31,1073,1519,1272,1073,1519,1272,1073,1519,1272,446,199,446,199,FALSE,FALSE
50,32,1130,1568,1321,1130,1568,1321,1130,1568,1321,438,191,438,191,FALSE,FALSE
50,33,1177,1625,1413,1177,1625,1413,1177,1625,1413,448,236,448,236,FALSE,FALSE
50,34,1216,1679,1465,1216,1679,1465,1216,1679,1465,463,249,463,249,FALSE,FALSE
50,35,1251,1706,1514,1251,1706,1514,1251,1706,1514,455,263,455,263,FALSE,FALSE
50,36,1317,1746,1554,1317,1746,1554,1317,1746,1554,429,237,429,237,FALSE,FALSE
50,37,1383,1761,1626,1383,1761,1626,1383,1761,1626,378,243,378,243,FALSE,FALSE
50,38,1427,1803,1696,1427,1803,1696,1427,1803,1696,376,269,376,269,FALSE,FALSE
50,39,1469,1824,1718,1469,1824,1718,1469,1824,1718,355,249,355,249,FALSE,FALSE
50,40,1495,1820,1747,1495,1820,1747,1495,1820,1747,325,252,325,252,FALSE,FALSE
50,41,1509,1784,1770,1509,1784,1770,1509,1784,1770,275,261,275,261,FALSE,FALSE
50,42,1581,1765,1805,1581,1765,1805,1581,1765,1805,184,224,184,224,FALSE,FALSE
50,43,1593,1760,1815,1593,1760,1815,1593,1760,1815,167,222,167,222,FALSE,FALSE
50,44,1611,1747,1839,1611,1747,1839,1611,1747,1839,136,228,136,228,FALSE,FALSE
50,45,1598,1720,1844,1598,1720,1844,1598,1720,1844,122,246,122,246,FALSE,FALSE
50,46,1610,1679,1837,1610,1679,1837,1610,1679,1837,69,227,69,227,FALSE,FALSE
50,47,1600,1645,1813,1600,1645,1813,1600,1645,1813,45,213,45,213,FALSE,FALSE
50,48,1579,1639,1817,1579,1639,1817,1579,1639,1817,60,238,60,238,FALSE,FALSE
50,49,1568,1607,1768,1568,1607,1768,1568,1607,1768,39,200,39,200,FALSE,FALSE
50,50,1538,1553,1727,1538,1553,1727,1538,1553,1727,15,189,15,189,FALSE,FALSE
50,51,1532,1500,1650,1532,1500,1650,1532,1500,1650,-32,118,32,118,FALSE,FALSE
50,52,1529,1468,1615,1529,1468,1615,1529,1468,1615,-61,86,61,86,FALSE,FALSE
50,53,1504,1416,1583,1504,1416,1583,1504,1416,1583,-88,79,88,79,FALSE,FALSE
50,54,1484,1389,1563,1484,1389,1563,1484,1389,1563,-95,79,95,79,FALSE,FALSE
50,55,1449,1325,1521,1449,1325,1521,1449,1325,1521,-124,72,124,72,FALSE,FALSE
50,56,1438,1275,1479,1438,1275,1479,1438,1275,1479,-163,41,163,41,FALSE,FALSE
50,57,1427,1236,1407,1427,1236,1407,1427,1236,1407,-191,-20,191,20,FALSE,FALSE
50,58,1416,1205,1360,1416,1205,1360,1416,1205,1360,-211,-56,211,56,FALSE,FALSE
50,59,1380,1156,1284,1380,1156,1284,1380,1156,1284,-224,-96,224,96,FALSE,FALSE
50,60,1343,1107,1257,1343,1107,1257,1343,1107,1257,-236,-86,236,86,FALSE,FALSE
51,0,175,175,175,175,175,175,175,175,175,0,0,0,0,TRUE,TRUE
51,1,186,170,187,186,170,187,186,170,187,-16,1,16,1,FALSE,FALSE
51,2,182,176,198,182,176,198,182,176,198,-6,16,6,16,FALSE,FALSE
51,3,199,192,210,199,192,210,199,192,210,-7,11,7,11,FALSE,FALSE
51,4,198,198,222,198,198,222,198,198,222,0,24,0,24,TRUE,FALSE
51,5,206,190,227,206,190,227,206,190,227,-16,21,16,21,FALSE,FALSE
51,6,212,192,225,212,192,225,212,192,225,-20,13,20,13,FALSE,FALSE
51,7,205,197,237,205,197,237,205,197,237,-8,32,8,32,FALSE,FALSE
51,8,205,209,255,205,209,255,205,209,255,4,50,4,50,FALSE,FALSE
51,9,216,205,270,216,205,270,216,205,270,-11,54,11,54,FALSE,FALSE
51,10,225,206,286,225,206,286,225,206,286,-19,61,19,61,FALSE,FALSE
51,11,230,207,284,230,207,284,230,207,284,-23,54,23,54,FALSE,FALSE
51,12,238,211,288,238,211,288,238,211,288,-27,50,27,50,FALSE,FALSE
51,13,238,227,291,238,227,291,238,227,291,-11,53,11,53,FALSE,FALSE
51,14,251,233,307,251,233,307,251,233,307,-18,56,18,56,FALSE,FALSE
51,15,258,234,319,258,234,319,258,234,319,-24,61,24,61,FALSE,FALSE
51,16,255,244,335,255,244,335,255,244,335,-11,80,11,80,FALSE,FALSE
51,17,257,255,339,257,255,339,257,255,339,-2,82,2,82,FALSE,FALSE
51,18,285,262,338,285,262,338,285,262,338,-23,53,23,53,FALSE,FALSE
51,19,311,268,359,311,268,359,311,268,359,-43,48,43,48,FALSE,FALSE
51,20,317,277,377,317,277,377,317,277,377,-40,60,40,60,FALSE,FALSE
51,21,336,288,378,336,288,378,336,288,378,-48,42,48,42,FALSE,FALSE
51,22,352,280,397,352,280,397,352,280,397,-72,45,72,45,FALSE,FALSE
51,23,361,281,404,361,281,404,361,281,404,-80,43,80,43,FALSE,FALSE
51,24,362,278,405,362,278,405,362,278,405,-84,43,84,43,FALSE,FALSE
51,25,374,288,415,374,288,415,374,288,415,-86,41,86,41,FALSE,FALSE
51,26,390,279,424,390,279,424,390,279,424,-111,34,111,34,FALSE,FALSE
51,27,391,289,440,391,289,440,391,289,440,-102,49,102,49,FALSE,FALSE
51,28,392,295,447,392,295,447,392,295,447,-97,55,97,55,FALSE,FALSE
51,29,411,307,447,411,307,447,411,307,447,-104,36,104,36,FALSE,FALSE
51,30,418,311,454,418,311,454,418,311,454,-107,36,107,36,FALSE,FALSE
51,31,418,318,462,418,318,462,418,318,462,-100,44,100,44,FALSE,FALSE
51,32,427,310,441,427,310,441,427,310,441,-117,14,117,14,FALSE,FALSE
51,33,435,307,434,435,307,434,435,307,434,-128,-1,128,1,FALSE,FALSE
51,34,426,293,436,426,293,436,426,293,436,-133,10,133,10,FALSE,FALSE
51,35,431,289,429,431,289,429,431,289,429,-142,-2,142,2,FALSE,FALSE
51,36,417,297,430,417,297,430,417,297,430,-120,13,120,13,FALSE,FALSE
51,37,409,287,423,409,287,423,409,287,423,-122,14,122,14,FALSE,FALSE
51,38,397,287,417,397,287,417,397,287,417,-110,20,110,20,FALSE,FALSE
51,39,389,308,410,389,308,410,389,308,410,-81,21,81,21,FALSE,FALSE
51,40,389,325,408,389,325,408,389,325,408,-64,19,64,19,FALSE,FALSE
51,41,390,331,392,390,331,392,390,331,392,-59,2,59,2,FALSE,FALSE
51,42,384,324,376,384,324,376,384,324,376,-60,-8,60,8,FALSE,FALSE
51,43,378,329,378,378,329,378,378,329,378,-49,0,49,0,FALSE,TRUE
51,44,363,332,353,363,332,353,363,332,353,-31,-10,31,10,FALSE,FALSE
51,45,357,328,344,357,328,344,357,328,344,-29,-13,29,13,FALSE,FALSE
51,46,346,326,353,346,326,353,346,326,353,-20,7,20,7,FALSE,FALSE
51,47,334,337,344,334,337,344,334,337,344,3,10,3,10,FALSE,FALSE
51,48,331,346,329,331,346,329,331,346,329,15,-2,15,2,FALSE,FALSE
51,49,330,345,332,330,345,332,330,345,332,15,2,15,2,FALSE,FALSE
51,50,327,341,332,327,341,332,327,341,332,14,5,14,5,FALSE,FALSE
51,51,310,352,334,310,352,334,310,352,334,42,24,42,24,FALSE,FALSE
51,52,296,361,327,296,361,327,296,361,327,65,31,65,31,FALSE,FALSE
51,53,298,369,305,298,369,305,298,369,305,71,7,71,7,FALSE,FALSE
51,54,305,365,312,305,365,312,305,365,312,60,7,60,7,FALSE,FALSE
51,55,308,359,305,308,359,305,308,359,305,51,-3,51,3,FALSE,FALSE
51,56,302,364,292,302,364,292,302,364,292,62,-10,62,10,FALSE,FALSE
51,57,292,361,281,292,361,281,292,361,281,69,-11,69,11,FALSE,FALSE
51,58,286,369,265,286,369,265,286,369,265,83,-21,83,21,FALSE,FALSE
51,59,286,389,262,286,389,262,286,389,262,103,-24,103,24,FALSE,FALSE
51,60,274,393,250,274,393,250,274,393,250,119,-24,119,24,FALSE,FALSE
52,0,163,163,163,163,163,163,163,163,163,0,0,0,0,TRUE,TRUE
52,1,179,181,203,179,181,203,179,181,203,2,24,2,24,FALSE,FALSE
52,2,204,209,243,204,209,243,204,209,243,5,39,5,39,FALSE,FALSE
52,3,228,250,279,228,250,279,228,250,279,22,51,22,51,FALSE,FALSE
52,4,266,283,315,266,283,315,266,283,315,17,49,17,49,FALSE,FALSE
52,5,309,329,375,309,329,375,309,329,375,20,66,20,66,FALSE,FALSE
52,6,367,379,439,367,379,439,367,379,439,12,72,12,72,FALSE,FALSE
52,7,431,453,493,431,453,493,431,453,493,22,62,22,62,FALSE,FALSE
52,8,505,528,574,505,528,574,505,528,574,23,69,23,69,FALSE,FALSE
52,9,601,636,653,601,636,653,601,636,653,35,52,35,52,FALSE,FALSE
52,10,675,720,764,675,720,764,675,720,764,45,89,45,89,FALSE,FALSE
52,11,768,835,848,768,835,848,768,835,848,67,80,67,80,FALSE,FALSE
52,12,869,942,959,869,942,959,869,942,959,73,90,73,90,FALSE,FALSE
52,13,991,1065,1077,991,1065,1077,991,1065,1077,74,86,74,86,FALSE,FALSE
52,14,1129,1202,1197,1129,1202,1197,1129,1202,1197,73,68,73,68,FALSE,FALSE
52,15,1255,1356,1346,1255,1356,1346,1255,1356,1346,101,91,101,91,FALSE,FALSE
52,16,1389,1511,1485,1389,1511,1485,1389,1511,1485,122,96,122,96,FALSE,FALSE
52,17,1516,1706,1655,1516,1706,1655,1516,1706,1655,190,139,190,139,FALSE,FALSE
52,18,1659,1891,1811,1659,1891,1811,1659,1891,1811,232,152,232,152,FALSE,FALSE
52,19,1821,2054,1921,1821,2054,1921,1821,2054,1921,233,100,233,100,FALSE,FALSE
52,20,1990,2243,2079,1990,2243,2079,1990,2243,2079,253,89,253,89,FALSE,FALSE
52,21,2146,2410,2237,2146,2410,2237,2146,2410,2237,264,91,264,91,FALSE,FALSE
52,22,2309,2577,2384,2309,2577,2384,2309,2577,2384,268,75,268,75,FALSE,FALSE
52,23,2425,2751,2492,2425,2751,2492,2425,2751,2492,326,67,326,67,FALSE,FALSE
52,24,2559,2846,2586,2559,2846,2586,2559,2846,2586,287,27,287,27,FALSE,FALSE
52,25,2722,2933,2687,2722,2933,2687,2722,2933,2687,211,-35,211,35,FALSE,FALSE
52,26,2804,3063,2772,2804,3063,2772,2804,3063,2772,259,-32,259,32,FALSE,FALSE
52,27,2891,3159,2858,2891,3159,2858,2891,3159,2858,268,-33,268,33,FALSE,FALSE
52,28,2920,3214,2908,2920,3214,2908,2920,3214,2908,294,-12,294,12,FALSE,FALSE
52,29,2976,3243,2963,2976,3243,2963,2976,3243,2963,267,-13,267,13,FALSE,FALSE
52,30,3038,3249,2980,3038,3249,2980,3038,3249,2980,211,-58,211,58,FALSE,FALSE
52,31,3048,3230,2994,3048,3230,2994,3048,3230,2994,182,-54,182,54,FALSE,FALSE
52,32,3038,3222,2977,3038,3222,2977,3038,3222,2977,184,-61,184,61,FALSE,FALSE
52,33,3018,3146,2951,3018,3146,2951,3018,3146,2951,128,-67,128,67,FALSE,FALSE
52,34,2983,3037,2927,2983,3037,2927,2983,3037,2927,54,-56,54,56,FALSE,FALSE
52,35,2948,2942,2892,2948,2942,2892,2948,2942,2892,-6,-56,6,56,FALSE,FALSE
52,36,2932,2854,2867,2932,2854,2867,2932,2854,2867,-78,-65,78,65,FALSE,FALSE
52,37,2897,2758,2788,2897,2758,2788,2897,2758,2788,-139,-109,139,109,FALSE,FALSE
52,38,2810,2665,2718,2810,2665,2718,2810,2665,2718,-145,-92,145,92,FALSE,FALSE
52,39,2727,2555,2667,2727,2555,2667,2727,2555,2667,-172,-60,172,60,FALSE,FALSE
52,40,2666,2456,2555,2666,2456,2555,2666,2456,2555,-210,-111,210,111,FALSE,FALSE
52,41,2557,2359,2458,2557,2359,2458,2557,2359,2458,-198,-99,198,99,FALSE,FALSE
52,42,2451,2248,2353,2451,2248,2353,2451,2248,2353,-203,-98,203,98,FALSE,FALSE
52,43,2323,2164,2248,2323,2164,2248,2323,2164,2248,-159,-75,159,75,FALSE,FALSE
52,44,2209,2064,2155,2209,2064,2155,2209,2064,2155,-145,-54,145,54,FALSE,FALSE
52,45,2122,1937,2053,2122,1937,2053,2122,1937,2053,-185,-69,185,69,FALSE,FALSE
52,46,2034,1830,1932,2034,1830,1932,2034,1830,1932,-204,-102,204,102,FALSE,FALSE
52,47,1951,1761,1829,1951,1761,1829,1951,1761,1829,-190,-122,190,122,FALSE,FALSE
52,48,1872,1667,1740,1872,1667,1740,1872,1667,1740,-205,-132,205,132,FALSE,FALSE
52,49,1778,1573,1647,1778,1573,1647,1778,1573,1647,-205,-131,205,131,FALSE,FALSE
52,50,1681,1486,1572,1681,1486,1572,1681,1486,1572,-195,-109,195,109,FALSE,FALSE
52,51,1595,1385,1471,1595,1385,1471,1595,1385,1471,-210,-124,210,124,FALSE,FALSE
52,52,1511,1314,1418,1511,1314,1418,1511,1314,1418,-197,-93,197,93,FALSE,FALSE
52,53,1427,1255,1322,1427,1255,1322,1427,1255,1322,-172,-105,172,105,FALSE,FALSE
52,54,1367,1180,1255,1367,1180,1255,1367,1180,1255,-187,-112,187,112,FALSE,FALSE
52,55,1299,1109,1188,1299,1109,1188,1299,1109,1188,-190,-111,190,111,FALSE,FALSE
52,56,1221,1036,1120,1221,1036,1120,1221,1036,1120,-185,-101,185,101,FALSE,FALSE
52,57,1150,975,1072,1150,975,1072,1150,975,1072,-175,-78,175,78,FALSE,FALSE
52,58,1086,919,1015,1086,919,1015,1086,919,1015,-167,-71,167,71,FALSE,FALSE
52,59,1027,859,959,1027,859,959,1027,859,959,-168,-68,168,68,FALSE,FALSE
52,60,984,797,911,984,797,911,984,797,911,-187,-73,187,73,FALSE,FALSE
53,0,89,89,89,89,89,89,89,89,89,0,0,0,0,TRUE,TRUE
53,1,128,128,136,128,128,136,128,128,136,0,8,0,8,TRUE,FALSE
53,2,190,212,219,190,212,219,190,212,219,22,29,22,29,FALSE,FALSE
53,3,276,320,341,276,320,341,276,320,341,44,65,44,65,FALSE,FALSE
53,4,446,505,514,446,505,514,446,505,514,59,68,59,68,FALSE,FALSE
53,5,680,713,757,680,713,757,680,713,757,33,77,33,77,FALSE,FALSE
53,6,997,1050,1064,997,1050,1064,997,1050,1064,53,67,53,67,FALSE,FALSE
53,7,1378,1457,1456,1378,1457,1456,1378,1457,1456,79,78,79,78,FALSE,FALSE
53,8,1776,1860,1833,1776,1860,1833,1776,1860,1833,84,57,84,57,FALSE,FALSE
53,9,2141,2262,2254,2141,2262,2254,2141,2262,2254,121,113,121,113,FALSE,FALSE
53,10,2433,2535,2536,2433,2535,2536,2433,2535,2536,102,103,102,103,FALSE,FALSE
53,11,2583,2670,2673,2583,2670,2673,2583,2670,2673,87,90,87,90,FALSE,FALSE
53,12,2592,2658,2651,2592,2658,2651,2592,2658,2651,66,59,66,59,FALSE,FALSE
53,13,2500,2520,2517,2500,2520,2517,2500,2520,2517,20,17,20,17,FALSE,FALSE
53,14,2320,2380,2286,2320,2380,2286,2320,2380,2286,60,-34,60,34,FALSE,FALSE
53,15,2116,2172,2050,2116,2172,2050,2116,2172,2050,56,-66,56,66,FALSE,FALSE
53,16,1880,1961,1824,1880,1961,1824,1880,1961,1824,81,-56,81,56,FALSE,FALSE
53,17,1660,1751,1602,1660,1751,1602,1660,1751,1602,91,-58,91,58,FALSE,FALSE
53,18,1466,1503,1402,1466,1503,1402,1466,1503,1402,37,-64,37,64,FALSE,FALSE
53,19,1260,1306,1224,1260,1306,1224,1260,1306,1224,46,-36,46,36,FALSE,FALSE
53,20,1070,1137,1055,1070,1137,1055,1070,1137,1055,67,-15,67,15,FALSE,FALSE
53,21,912,1008,914,912,1008,914,912,1008,914,96,2,96,2,FALSE,FALSE
53,22,786,868,764,786,868,764,786,868,764,82,-22,82,22,FALSE,FALSE
53,23,672,747,637,672,747,637,672,747,637,75,-35,75,35,FALSE,FALSE
53,24,554,645,533,554,645,533,554,645,533,91,-21,91,21,FALSE,FALSE
53,25,464,543,432,464,543,432,464,543,432,79,-32,79,32,FALSE,FALSE
53,26,395,470,362,395,470,362,395,470,362,75,-33,75,33,FALSE,FALSE
53,27,324,415,321,324,415,321,324,415,321,91,-3,91,3,FALSE,FALSE
53,28,278,340,271,278,340,271,278,340,271,62,-7,62,7,FALSE,FALSE
53,29,225,286,231,225,286,231,225,286,231,61,6,61,6,FALSE,FALSE
53,30,189,251,195,189,251,195,189,251,195,62,6,62,6,FALSE,FALSE
53,31,164,215,162,164,215,162,164,215,162,51,-2,51,2,FALSE,FALSE
53,32,139,180,140,139,180,140,139,180,140,41,1,41,1,FALSE,FALSE
53,33,120,153,116,120,153,116,120,153,116,33,-4,33,4,FALSE,FALSE
53,34,96,133,100,96,133,100,96,133,100,37,4,37,4,FALSE,FALSE
53,35,81,115,75,81,115,75,81,115,75,34,-6,34,6,FALSE,FALSE
53,36,64,91,64,64,91,64,64,91,64,27,0,27,0,FALSE,TRUE
53,37,56,79,48,56,79,48,56,79,48,23,-8,23,8,FALSE,FALSE
53,38,51,66,38,51,66,38,51,66,38,15,-13,15,13,FALSE,FALSE
53,39,44,63,32,44,63,32,44,63,32,19,-12,19,12,FALSE,FALSE
53,40,40,58,29,40,58,29,40,58,29,18,-11,18,11,FALSE,FALSE
53,41,32,47,26,32,47,26,32,47,26,15,-6,15,6,FALSE,FALSE
53,42,26,35,22,26,35,22,26,35,22,9,-4,9,4,FALSE,FALSE
53,43,21,28,19,21,28,19,21,28,19,7,-2,7,2,FALSE,FALSE
53,44,16,26,16,16,26,16,16,26,16,10,0,10,0,FALSE,TRUE
53,45,13,20,13,13,20,13,13,20,13,7,0,7,0,FALSE,TRUE
53,46,11,18,14,11,18,14,11,18,14,7,3,7,3,FALSE,FALSE
53,47,11,14,10,11,14,10,11,14,10,3,-1,3,1,FALSE,FALSE
53,48,9,11,9,9,11,9,9,11,9,2,0,2,0,FALSE,TRUE
53,49,7,9,9,7,9,9,7,9,9,2,2,2,2,FALSE,FALSE
53,50,6,8,8,6,8,8,6,8,8,2,2,2,2,FALSE,FALSE
53,51,6,8,6,6,8,6,6,8,6,2,0,2,0,FALSE,TRUE
53,52,3,8,6,3,8,6,3,8,6,5,3,5,3,FALSE,FALSE
53,53,3,7,6,3,7,6,3,7,6,4,3,4,3,FALSE,FALSE
53,54,3,5,5,3,5,5,3,5,5,2,2,2,2,FALSE,FALSE
53,55,1,4,4,1,4,4,1,4,4,3,3,3,3,FALSE,FALSE
53,56,1,2,3,1,2,3,1,2,3,1,2,1,2,FALSE,FALSE
53,57,0,2,3,0,2,3,0,2,3,2,3,2,3,FALSE,FALSE
53,58,0,2,3,0,2,3,0,2,3,2,3,2,3,FALSE,FALSE
53,59,0,2,3,0,2,3,0,2,3,2,3,2,3,FALSE,FALSE
53,60,0,1,3,0,1,3,0,1,3,1,3,1,3,FALSE,FALSE
54,0,187,187,187,187,187,187,187,187,187,0,0,0,0,TRUE,TRUE
54,1,270,264,279,270,264,279,270,264,279,-6,9,6,9,FALSE,FALSE
54,2,406,372,400,406,372,400,406,372,400,-34,-6,34,6,FALSE,FALSE
54,3,611,523,599,611,523,599,611,523,599,-88,-12,88,12,FALSE,FALSE
54,4,864,770,818,864,770,818,864,770,818,-94,-46,94,46,FALSE,FALSE
54,5,1209,1074,1134,1209,1074,1134,1209,1074,1134,-135,-75,135,75,FALSE,FALSE
54,6,1615,1456,1505,1615,1456,1505,1615,1456,1505,-159,-110,159,110,FALSE,FALSE
54,7,1980,1830,1953,1980,1830,1953,1980,1830,1953,-150,-27,150,27,FALSE,FALSE
54,8,2449,2256,2373,2449,2256,2373,2449,2256,2373,-193,-76,193,76,FALSE,FALSE
54,9,2842,2592,2813,2842,2592,2813,2842,2592,2813,-250,-29,250,29,FALSE,FALSE
54,10,3087,2921,3116,3087,2921,3116,3087,2921,3116,-166,29,166,29,FALSE,FALSE
54,11,3205,3167,3318,3205,3167,3318,3205,3167,3318,-38,113,38,113,FALSE,FALSE
54,12,3221,3238,3415,3221,3238,3415,3221,3238,3415,17,194,17,194,FALSE,FALSE
54,13,3039,3169,3277,3039,3169,3277,3039,3169,3277,130,238,130,238,FALSE,FALSE
54,14,2789,2989,3082,2789,2989,3082,2789,2989,3082,200,293,200,293,FALSE,FALSE
54,15,2564,2768,2791,2564,2768,2791,2564,2768,2791,204,227,204,227,FALSE,FALSE
54,16,2310,2543,2481,2310,2543,2481,2310,2543,2481,233,171,233,171,FALSE,FALSE
54,17,1997,2263,2179,1997,2263,2179,1997,2263,2179,266,182,266,182,FALSE,FALSE
54,18,1726,1987,1939,1726,1987,1939,1726,1987,1939,261,213,261,213,FALSE,FALSE
54,19,1504,1760,1685,1504,1760,1685,1504,1760,1685,256,181,256,181,FALSE,FALSE
54,20,1313,1504,1454,1313,1504,1454,1313,1504,1454,191,141,191,141,FALSE,FALSE
54,21,1118,1307,1255,1118,1307,1255,1118,1307,1255,189,137,189,137,FALSE,FALSE
54,22,955,1115,1049,955,1115,1049,955,1115,1049,160,94,160,94,FALSE,FALSE
54,23,818,947,908,818,947,908,818,947,908,129,90,129,90,FALSE,FALSE
54,24,675,809,735,675,809,735,675,809,735,134,60,134,60,FALSE,FALSE
54,25,571,675,624,571,675,624,571,675,624,104,53,104,53,FALSE,FALSE
54,26,475,593,536,475,593,536,475,593,536,118,61,118,61,FALSE,FALSE
54,27,385,512,431,385,512,431,385,512,431,127,46,127,46,FALSE,FALSE
54,28,310,432,353,310,432,353,310,432,353,122,43,122,43,FALSE,FALSE
54,29,254,364,297,254,364,297,254,364,297,110,43,110,43,FALSE,FALSE
54,30,213,301,249,213,301,249,213,301,249,88,36,88,36,FALSE,FALSE
54,31,185,241,211,185,241,211,185,241,211,56,26,56,26,FALSE,FALSE
54,32,154,204,170,154,204,170,154,204,170,50,16,50,16,FALSE,FALSE
54,33,136,170,137,136,170,137,136,170,137,34,1,34,1,FALSE,FALSE
54,34,115,139,122,115,139,122,115,139,122,24,7,24,7,FALSE,FALSE
54,35,98,112,107,98,112,107,98,112,107,14,9,14,9,FALSE,FALSE
54,36,77,95,87,77,95,87,77,95,87,18,10,18,10,FALSE,FALSE
54,37,66,73,74,66,73,74,66,73,74,7,8,7,8,FALSE,FALSE
54,38,59,61,62,59,61,62,59,61,62,2,3,2,3,FALSE,FALSE
54,39,48,51,54,48,51,54,48,51,54,3,6,3,6,FALSE,FALSE
54,40,40,43,43,40,43,43,40,43,43,3,3,3,3,FALSE,FALSE
54,41,34,33,36,34,33,36,34,33,36,-1,2,1,2,FALSE,FALSE
54,42,29,28,33,29,28,33,29,28,33,-1,4,1,4,FALSE,FALSE
54,43,21,22,21,21,22,21,21,22,21,1,0,1,0,FALSE,TRUE
54,44,19,20,18,19,20,18,19,20,18,1,-1,1,1,FALSE,FALSE
54,45,19,17,16,19,17,16,19,17,16,-2,-3,2,3,FALSE,FALSE
54,46,15,12,14,15,12,14,15,12,14,-3,-1,3,1,FALSE,FALSE
54,47,12,11,11,12,11,11,12,11,11,-1,-1,1,1,FALSE,FALSE
54,48,9,9,9,9,9,9,9,9,9,0,0,0,0,TRUE,TRUE
54,49,7,5,7,7,5,7,7,5,7,-2,0,2,0,FALSE,TRUE
54,50,6,5,8,6,5,8,6,5,8,-1,2,1,2,FALSE,FALSE
54,51,5,4,6,5,4,6,5,4,6,-1,1,1,1,FALSE,FALSE
54,52,5,4,6,5,4,6,5,4,6,-1,1,1,1,FALSE,FALSE
54,53,5,3,3,5,3,3,5,3,3,-2,-2,2,2,FALSE,FALSE
54,54,6,3,3,6,3,3,6,3,3,-3,-3,3,3,FALSE,FALSE
54,55,5,3,3,5,3,3,5,3,3,-2,-2,2,2,FALSE,FALSE
54,56,5,3,2,5,3,2,5,3,2,-2,-3,2,3,FALSE,FALSE
54,57,5,3,2,5,3,2,5,3,2,-2,-3,2,3,FALSE,FALSE
54,58,5,2,2,5,2,2,5,2,2,-3,-3,3,3,FALSE,FALSE
54,59,3,2,1,3,2,1,3,2,1,-1,-2,1,2,FALSE,FALSE
54,60,3,3,1,3,3,1,3,3,1,0,-2,0,2,TRUE,FALSE
55,0,54,54,54,54,54,54,54,54,54,0,0,0,0,TRUE,TRUE
55,1,67,71,73,67,71,73,67,71,73,4,6,4,6,FALSE,FALSE
55,2,89,94,98,89,94,98,89,94,98,5,9,5,9,FALSE,FALSE
55,3,106,110,119,106,110,119,106,110,119,4,13,4,13,FALSE,FALSE
55,4,136,139,154,136,139,154,136,139,154,3,18,3,18,FALSE,FALSE
55,5,172,173,180,172,173,180,172,173,180,1,8,1,8,FALSE,FALSE
55,6,222,194,232,222,194,232,222,194,232,-28,10,28,10,FALSE,FALSE
55,7,264,260,305,264,260,305,264,260,305,-4,41,4,41,FALSE,FALSE
55,8,340,305,375,340,305,375,340,305,375,-35,35,35,35,FALSE,FALSE
55,9,406,361,480,406,361,480,406,361,480,-45,74,45,74,FALSE,FALSE
55,10,511,414,614,511,414,614,511,414,614,-97,103,97,103,FALSE,FALSE
55,11,617,480,748,617,480,748,617,480,748,-137,131,137,131,FALSE,FALSE
55,12,746,588,894,746,588,894,746,588,894,-158,148,158,148,FALSE,FALSE
55,13,881,665,1064,881,665,1064,881,665,1064,-216,183,216,183,FALSE,FALSE
55,14,1036,820,1211,1036,820,1211,1036,820,1211,-216,175,216,175,FALSE,FALSE
55,15,1172,929,1335,1172,929,1335,1172,929,1335,-243,163,243,163,FALSE,FALSE
55,16,1286,1071,1461,1286,1071,1461,1286,1071,1461,-215,175,215,175,FALSE,FALSE
55,17,1460,1186,1573,1460,1186,1573,1460,1186,1573,-274,113,274,113,FALSE,FALSE
55,18,1569,1300,1651,1569,1300,1651,1569,1300,1651,-269,82,269,82,FALSE,FALSE
55,19,1650,1403,1725,1650,1403,1725,1650,1403,1725,-247,75,247,75,FALSE,FALSE
55,20,1679,1517,1783,1679,1517,1783,1679,1517,1783,-162,104,162,104,FALSE,FALSE
55,21,1751,1585,1805,1751,1585,1805,1751,1585,1805,-166,54,166,54,FALSE,FALSE
55,22,1738,1624,1746,1738,1624,1746,1738,1624,1746,-114,8,114,8,FALSE,FALSE
55,23,1706,1626,1681,1706,1626,1681,1706,1626,1681,-80,-25,80,25,FALSE,FALSE
55,24,1661,1610,1612,1661,1610,1612,1661,1610,1612,-51,-49,51,49,FALSE,FALSE
55,25,1560,1574,1523,1560,1574,1523,1560,1574,1523,14,-37,14,37,FALSE,FALSE
55,26,1448,1508,1428,1448,1508,1428,1448,1508,1428,60,-20,60,20,FALSE,FALSE
55,27,1342,1440,1312,1342,1440,1312,1342,1440,1312,98,-30,98,30,FALSE,FALSE
55,28,1257,1371,1181,1257,1371,1181,1257,1371,1181,114,-76,114,76,FALSE,FALSE
55,29,1170,1264,1076,1170,1264,1076,1170,1264,1076,94,-94,94,94,FALSE,FALSE
55,30,1082,1163,967,1082,1163,967,1082,1163,967,81,-115,81,115,FALSE,FALSE
55,31,1004,1049,896,1004,1049,896,1004,1049,896,45,-108,45,108,FALSE,FALSE
55,32,889,982,797,889,982,797,889,982,797,93,-92,93,92,FALSE,FALSE
55,33,785,877,686,785,877,686,785,877,686,92,-99,92,99,FALSE,FALSE
55,34,696,815,611,696,815,611,696,815,611,119,-85,119,85,FALSE,FALSE
55,35,624,729,550,624,729,550,624,729,550,105,-74,105,74,FALSE,FALSE
55,36,561,651,502,561,651,502,561,651,502,90,-59,90,59,FALSE,FALSE
55,37,484,603,468,484,603,468,484,603,468,119,-16,119,16,FALSE,FALSE
55,38,430,527,413,430,527,413,430,527,413,97,-17,97,17,FALSE,FALSE
55,39,382,474,370,382,474,370,382,474,370,92,-12,92,12,FALSE,FALSE
55,40,346,427,330,346,427,330,346,427,330,81,-16,81,16,FALSE,FALSE
55,41,309,388,307,309,388,307,309,388,307,79,-2,79,2,FALSE,FALSE
55,42,274,342,257,274,342,257,274,342,257,68,-17,68,17,FALSE,FALSE
55,43,248,308,232,248,308,232,248,308,232,60,-16,60,16,FALSE,FALSE
55,44,224,281,202,224,281,202,224,281,202,57,-22,57,22,FALSE,FALSE
55,45,198,240,181,198,240,181,198,240,181,42,-17,42,17,FALSE,FALSE
55,46,188,217,164,188,217,164,188,217,164,29,-24,29,24,FALSE,FALSE
55,47,166,187,143,166,187,143,166,187,143,21,-23,21,23,FALSE,FALSE
55,48,142,162,128,142,162,128,142,162,128,20,-14,20,14,FALSE,FALSE
55,49,132,150,107,132,150,107,132,150,107,18,-25,18,25,FALSE,FALSE
55,50,112,123,101,112,123,101,112,123,101,11,-11,11,11,FALSE,FALSE
55,51,103,110,89,103,110,89,103,110,89,7,-14,7,14,FALSE,FALSE
55,52,87,98,70,87,98,70,87,98,70,11,-17,11,17,FALSE,FALSE
55,53,74,92,67,74,92,67,74,92,67,18,-7,18,7,FALSE,FALSE
55,54,63,73,57,63,73,57,63,73,57,10,-6,10,6,FALSE,FALSE
55,55,56,67,46,56,67,46,56,67,46,11,-10,11,10,FALSE,FALSE
55,56,43,61,41,43,61,41,43,61,41,18,-2,18,2,FALSE,FALSE
55,57,39,52,34,39,52,34,39,52,34,13,-5,13,5,FALSE,FALSE
55,58,36,44,30,36,44,30,36,44,30,8,-6,8,6,FALSE,FALSE
55,59,31,40,27,31,40,27,31,40,27,9,-4,9,4,FALSE,FALSE
55,60,26,38,25,26,38,25,26,38,25,12,-1,12,1,FALSE,FALSE
56,0,85,85,85,85,85,85,85,85,85,0,0,0,0,TRUE,TRUE
56,1,107,113,106,107,113,106,107,113,106,6,-1,6,1,FALSE,FALSE
56,2,133,134,130,133,134,130,133,134,130,1,-3,1,3,FALSE,FALSE
56,3,185,156,161,185,156,161,185,156,161,-29,-24,29,24,FALSE,FALSE
56,4,217,208,201,217,208,201,217,208,201,-9,-16,9,16,FALSE,FALSE
56,5,268,249,240,268,249,240,268,249,240,-19,-28,19,28,FALSE,FALSE
56,6,331,325,315,331,325,315,331,325,315,-6,-16,6,16,FALSE,FALSE
56,7,412,391,409,412,391,409,412,391,409,-21,-3,21,3,FALSE,FALSE
56,8,515,487,514,515,487,514,515,487,514,-28,-1,28,1,FALSE,FALSE
56,9,653,589,637,653,589,637,653,589,637,-64,-16,64,16,FALSE,FALSE
56,10,790,730,782,790,730,782,790,730,782,-60,-8,60,8,FALSE,FALSE
56,11,940,854,932,940,854,932,940,854,932,-86,-8,86,8,FALSE,FALSE
56,12,1095,990,1096,1095,990,1096,1095,990,1096,-105,1,105,1,FALSE,FALSE
56,13,1254,1157,1262,1254,1157,1262,1254,1157,1262,-97,8,97,8,FALSE,FALSE
56,14,1425,1320,1424,1425,1320,1424,1425,1320,1424,-105,-1,105,1,FALSE,FALSE
56,15,1597,1470,1572,1597,1470,1572,1597,1470,1572,-127,-25,127,25,FALSE,FALSE
56,16,1743,1566,1724,1743,1566,1724,1743,1566,1724,-177,-19,177,19,FALSE,FALSE
56,17,1894,1681,1842,1894,1681,1842,1894,1681,1842,-213,-52,213,52,FALSE,FALSE
56,18,1962,1780,1932,1962,1780,1932,1962,1780,1932,-182,-30,182,30,FALSE,FALSE
56,19,2002,1847,1937,2002,1847,1937,2002,1847,1937,-155,-65,155,65,FALSE,FALSE
56,20,1975,1842,1963,1975,1842,1963,1975,1842,1963,-133,-12,133,12,FALSE,FALSE
56,21,1957,1838,1958,1957,1838,1958,1957,1838,1958,-119,1,119,1,FALSE,FALSE
56,22,1883,1827,1868,1883,1827,1868,1883,1827,1868,-56,-15,56,15,FALSE,FALSE
56,23,1778,1772,1805,1778,1772,1805,1778,1772,1805,-6,27,6,27,FALSE,FALSE
56,24,1666,1695,1731,1666,1695,1731,1666,1695,1731,29,65,29,65,FALSE,FALSE
56,25,1567,1623,1634,1567,1623,1634,1567,1623,1634,56,67,56,67,FALSE,FALSE
56,26,1491,1530,1526,1491,1530,1526,1491,1530,1526,39,35,39,35,FALSE,FALSE
56,27,1394,1446,1424,1394,1446,1424,1394,1446,1424,52,30,52,30,FALSE,FALSE
56,28,1308,1328,1333,1308,1328,1333,1308,1328,1333,20,25,20,25,FALSE,FALSE
56,29,1223,1265,1244,1223,1265,1244,1223,1265,1244,42,21,42,21,FALSE,FALSE
56,30,1111,1173,1147,1111,1173,1147,1111,1173,1147,62,36,62,36,FALSE,FALSE
56,31,1000,1049,1061,1000,1049,1061,1000,1049,1061,49,61,49,61,FALSE,FALSE
56,32,897,942,984,897,942,984,897,942,984,45,87,45,87,FALSE,FALSE
56,33,826,864,902,826,864,902,826,864,902,38,76,38,76,FALSE,FALSE
56,34,775,783,840,775,783,840,775,783,840,8,65,8,65,FALSE,FALSE
56,35,694,706,761,694,706,761,694,706,761,12,67,12,67,FALSE,FALSE
56,36,629,653,687,629,653,687,629,653,687,24,58,24,58,FALSE,FALSE
56,37,556,597,607,556,597,607,556,597,607,41,51,41,51,FALSE,FALSE
56,38,510,535,542,510,535,542,510,535,542,25,32,25,32,FALSE,FALSE
56,39,471,478,484,471,478,484,471,478,484,7,13,7,13,FALSE,FALSE
56,40,422,437,436,422,437,436,422,437,436,15,14,15,14,FALSE,FALSE
56,41,382,407,398,382,407,398,382,407,398,25,16,25,16,FALSE,FALSE
56,42,351,353,348,351,353,348,351,353,348,2,-3,2,3,FALSE,FALSE
56,43,321,319,315,321,319,315,321,319,315,-2,-6,2,6,FALSE,FALSE
56,44,280,294,289,280,294,289,280,294,289,14,9,14,9,FALSE,FALSE
56,45,254,263,265,254,263,265,254,263,265,9,11,9,11,FALSE,FALSE
56,46,224,233,229,224,233,229,224,233,229,9,5,9,5,FALSE,FALSE
56,47,202,212,202,202,212,202,202,212,202,10,0,10,0,FALSE,TRUE
56,48,184,191,185,184,191,185,184,191,185,7,1,7,1,FALSE,FALSE
56,49,162,170,160,162,170,160,162,170,160,8,-2,8,2,FALSE,FALSE
56,50,144,157,146,144,157,146,144,157,146,13,2,13,2,FALSE,FALSE
56,51,127,146,132,127,146,132,127,146,132,19,5,19,5,FALSE,FALSE
56,52,113,132,120,113,132,120,113,132,120,19,7,19,7,FALSE,FALSE
56,53,103,116,107,103,116,107,103,116,107,13,4,13,4,FALSE,FALSE
56,54,96,104,94,96,104,94,96,104,94,8,-2,8,2,FALSE,FALSE
56,55,87,94,84,87,94,84,87,94,84,7,-3,7,3,FALSE,FALSE
56,56,76,84,69,76,84,69,76,84,69,8,-7,8,7,FALSE,FALSE
56,57,74,75,60,74,75,60,74,75,60,1,-14,1,14,FALSE,FALSE
56,58,67,64,55,67,64,55,67,64,55,-3,-12,3,12,FALSE,FALSE
56,59,61,53,43,61,53,43,61,53,43,-8,-18,8,18,FALSE,FALSE
56,60,59,48,40,59,48,40,59,48,40,-11,-19,11,19,FALSE,FALSE
57,0,51,51,51,51,51,51,51,51,51,0,0,0,0,TRUE,TRUE
57,1,88,83,89,88,83,89,88,83,89,-5,1,5,1,FALSE,FALSE
57,2,158,136,146,158,136,146,158,136,146,-22,-12,22,12,FALSE,FALSE
57,3,278,243,257,278,243,257,278,243,257,-35,-21,35,21,FALSE,FALSE
57,4,450,380,448,450,380,448,450,380,448,-70,-2,70,2,FALSE,FALSE
57,5,728,614,671,728,614,671,728,614,671,-114,-57,114,57,FALSE,FALSE
57,6,1128,971,1004,1128,971,1004,1128,971,1004,-157,-124,157,124,FALSE,FALSE
57,7,1544,1431,1466,1544,1431,1466,1544,1431,1466,-113,-78,113,78,FALSE,FALSE
57,8,1981,1913,1894,1981,1913,1894,1981,1913,1894,-68,-87,68,87,FALSE,FALSE
57,9,2331,2283,2266,2331,2283,2266,2331,2283,2266,-48,-65,48,65,FALSE,FALSE
57,10,2483,2506,2483,2483,2506,2483,2483,2506,2483,23,0,23,0,FALSE,TRUE
57,11,2414,2506,2445,2414,2506,2445,2414,2506,2445,92,31,92,31,FALSE,FALSE
57,12,2233,2317,2263,2233,2317,2263,2233,2317,2263,84,30,84,30,FALSE,FALSE
57,13,1983,2014,2003,1983,2014,2003,1983,2014,2003,31,20,31,20,FALSE,FALSE
57,14,1678,1717,1691,1678,1717,1691,1678,1717,1691,39,13,39,13,FALSE,FALSE
57,15,1385,1437,1409,1385,1437,1409,1385,1437,1409,52,24,52,24,FALSE,FALSE
57,16,1130,1207,1162,1130,1207,1162,1130,1207,1162,77,32,77,32,FALSE,FALSE
57,17,909,959,962,909,959,962,909,959,962,50,53,50,53,FALSE,FALSE
57,18,733,767,754,733,767,754,733,767,754,34,21,34,21,FALSE,FALSE
57,19,594,618,602,594,618,602,594,618,602,24,8,24,8,FALSE,FALSE
57,20,483,493,484,483,493,484,483,493,484,10,1,10,1,FALSE,FALSE
57,21,398,376,383,398,376,383,398,376,383,-22,-15,22,15,FALSE,FALSE
57,22,328,284,297,328,284,297,328,284,297,-44,-31,44,31,FALSE,FALSE
57,23,261,220,239,261,220,239,261,220,239,-41,-22,41,22,FALSE,FALSE
57,24,213,182,199,213,182,199,213,182,199,-31,-14,31,14,FALSE,FALSE
57,25,163,146,154,163,146,154,163,146,154,-17,-9,17,9,FALSE,FALSE
57,26,125,125,116,125,125,116,125,125,116,0,-9,0,9,TRUE,FALSE
57,27,98,97,99,98,97,99,98,97,99,-1,1,1,1,FALSE,FALSE
57,28,77,75,76,77,75,76,77,75,76,-2,-1,2,1,FALSE,FALSE
57,29,65,56,61,65,56,61,65,56,61,-9,-4,9,4,FALSE,FALSE
57,30,52,44,51,52,44,51,52,44,51,-8,-1,8,1,FALSE,FALSE
57,31,36,28,40,36,28,40,36,28,40,-8,4,8,4,FALSE,FALSE
57,32,31,19,33,31,19,33,31,19,33,-12,2,12,2,FALSE,FALSE
57,33,23,13,21,23,13,21,23,13,21,-10,-2,10,2,FALSE,FALSE
57,34,18,12,13,18,12,13,18,12,13,-6,-5,6,5,FALSE,FALSE
57,35,12,7,8,12,7,8,12,7,8,-5,-4,5,4,FALSE,FALSE
57,36,13,5,7,13,5,7,13,5,7,-8,-6,8,6,FALSE,FALSE
57,37,8,2,6,8,2,6,8,2,6,-6,-2,6,2,FALSE,FALSE
57,38,7,2,3,7,2,3,7,2,3,-5,-4,5,4,FALSE,FALSE
57,39,5,1,3,5,1,3,5,1,3,-4,-2,4,2,FALSE,FALSE
57,40,4,1,4,4,1,4,4,1,4,-3,0,3,0,FALSE,TRUE
57,41,3,1,3,3,1,3,3,1,3,-2,0,2,0,FALSE,TRUE
57,42,2,1,3,2,1,3,2,1,3,-1,1,1,1,FALSE,FALSE
57,43,2,1,3,2,1,3,2,1,3,-1,1,1,1,FALSE,FALSE
57,44,2,1,3,2,1,3,2,1,3,-1,1,1,1,FALSE,FALSE
57,45,2,0,3,2,0,3,2,0,3,-2,1,2,1,FALSE,FALSE
57,46,3,0,2,3,0,2,3,0,2,-3,-1,3,1,FALSE,FALSE
57,47,3,0,0,3,0,0,3,0,0,-3,-3,3,3,FALSE,FALSE
57,48,3,0,0,3,0,0,3,0,0,-3,-3,3,3,FALSE,FALSE
57,49,2,0,0,2,0,0,2,0,0,-2,-2,2,2,FALSE,FALSE
57,50,2,0,0,2,0,0,2,0,0,-2,-2,2,2,FALSE,FALSE
57,51,2,0,0,2,0,0,2,0,0,-2,-2,2,2,FALSE,FALSE
57,52,2,0,0,2,0,0,2,0,0,-2,-2,2,2,FALSE,FALSE
57,53,2,0,0,2,0,0,2,0,0,-2,-2,2,2,FALSE,FALSE
57,54,1,0,0,1,0,0,1,0,0,-1,-1,1,1,FALSE,FALSE
57,55,1,0,0,1,0,0,1,0,0,-1,-1,1,1,FALSE,FALSE
57,56,1,0,0,1,0,0,1,0,0,-1,-1,1,1,FALSE,FALSE
57,57,1,0,0,1,0,0,1,0,0,-1,-1,1,1,FALSE,FALSE
57,58,1,0,0,1,0,0,1,0,0,-1,-1,1,1,FALSE,FALSE
57,59,1,0,0,1,0,0,1,0,0,-1,-1,1,1,FALSE,FALSE
57,60,0,0,0,0,0,0,0,0,0,0,0,0,0,TRUE,TRUE
58,0,108,108,108,108,108,108,108,108,108,0,0,0,0,TRUE,TRUE
58,1,162,176,144,162,176,144,162,176,144,14,-18,14,18,FALSE,FALSE
58,2,249,288,200,249,288,200,249,288,200,39,-49,39,49,FALSE,FALSE
58,3,374,486,328,374,486,328,374,486,328,112,-46,112,46,FALSE,FALSE
58,4,581,714,474,581,714,474,581,714,474,133,-107,133,107,FALSE,FALSE
58,5,827,1032,707,827,1032,707,827,1032,707,205,-120,205,120,FALSE,FALSE
58,6,1119,1453,1031,1119,1453,1031,1119,1453,1031,334,-88,334,88,FALSE,FALSE
58,7,1482,1936,1389,1482,1936,1389,1482,1936,1389,454,-93,454,93,FALSE,FALSE
58,8,1885,2349,1810,1885,2349,1810,1885,2349,1810,464,-75,464,75,FALSE,FALSE
58,9,2234,2625,2235,2234,2625,2235,2234,2625,2235,391,1,391,1,FALSE,FALSE
58,10,2494,2741,2552,2494,2741,2552,2494,2741,2552,247,58,247,58,FALSE,FALSE
58,11,2599,2690,2639,2599,2690,2639,2599,2690,2639,91,40,91,40,FALSE,FALSE
58,12,2569,2497,2611,2569,2497,2611,2569,2497,2611,-72,42,72,42,FALSE,FALSE
58,13,2405,2247,2501,2405,2247,2501,2405,2247,2501,-158,96,158,96,FALSE,FALSE
58,14,2185,1974,2274,2185,1974,2274,2185,1974,2274,-211,89,211,89,FALSE,FALSE
58,15,1934,1711,1991,1934,1711,1991,1934,1711,1991,-223,57,223,57,FALSE,FALSE
58,16,1654,1462,1732,1654,1462,1732,1654,1462,1732,-192,78,192,78,FALSE,FALSE
58,17,1396,1224,1461,1396,1224,1461,1396,1224,1461,-172,65,172,65,FALSE,FALSE
58,18,1194,1023,1229,1194,1023,1229,1194,1023,1229,-171,35,171,35,FALSE,FALSE
58,19,1006,835,1051,1006,835,1051,1006,835,1051,-171,45,171,45,FALSE,FALSE
58,20,853,711,848,853,711,848,853,711,848,-142,-5,142,5,FALSE,FALSE
58,21,673,587,687,673,587,687,673,587,687,-86,14,86,14,FALSE,FALSE
58,22,560,482,563,560,482,563,560,482,563,-78,3,78,3,FALSE,FALSE
58,23,439,407,456,439,407,456,439,407,456,-32,17,32,17,FALSE,FALSE
58,24,378,341,375,378,341,375,378,341,375,-37,-3,37,3,FALSE,FALSE
58,25,313,295,299,313,295,299,313,295,299,-18,-14,18,14,FALSE,FALSE
58,26,243,241,233,243,241,233,243,241,233,-2,-10,2,10,FALSE,FALSE
58,27,203,202,182,203,202,182,203,202,182,-1,-21,1,21,FALSE,FALSE
58,28,161,166,159,161,166,159,161,166,159,5,-2,5,2,FALSE,FALSE
58,29,137,129,137,137,129,137,137,129,137,-8,0,8,0,FALSE,TRUE
58,30,110,108,110,110,108,110,110,108,110,-2,0,2,0,FALSE,TRUE
58,31,86,91,78,86,91,78,86,91,78,5,-8,5,8,FALSE,FALSE
58,32,77,72,66,77,72,66,77,72,66,-5,-11,5,11,FALSE,FALSE
58,33,58,54,53,58,54,53,58,54,53,-4,-5,4,5,FALSE,FALSE
58,34,47,43,42,47,43,42,47,43,42,-4,-5,4,5,FALSE,FALSE
58,35,40,38,32,40,38,32,40,38,32,-2,-8,2,8,FALSE,FALSE
58,36,32,31,25,32,31,25,32,31,25,-1,-7,1,7,FALSE,FALSE
58,37,24,27,21,24,27,21,24,27,21,3,-3,3,3,FALSE,FALSE
58,38,16,23,19,16,23,19,16,23,19,7,3,7,3,FALSE,FALSE
58,39,11,20,14,11,20,14,11,20,14,9,3,9,3,FALSE,FALSE
58,40,10,18,12,10,18,12,10,18,12,8,2,8,2,FALSE,FALSE
58,41,8,9,9,8,9,9,8,9,9,1,1,1,1,FALSE,FALSE
58,42,5,7,6,5,7,6,5,7,6,2,1,2,1,FALSE,FALSE
58,43,4,4,5,4,4,5,4,4,5,0,1,0,1,TRUE,FALSE
58,44,3,4,3,3,4,3,3,4,3,1,0,1,0,FALSE,TRUE
58,45,3,4,3,3,4,3,3,4,3,1,0,1,0,FALSE,TRUE
58,46,3,2,3,3,2,3,3,2,3,-1,0,1,0,FALSE,TRUE
58,47,2,2,2,2,2,2,2,2,2,0,0,0,0,TRUE,TRUE
58,48,1,2,2,1,2,2,1,2,2,1,1,1,1,FALSE,FALSE
58,49,1,2,1,1,2,1,1,2,1,1,0,1,0,FALSE,TRUE
58,50,1,2,1,1,2,1,1,2,1,1,0,1,0,FALSE,TRUE
58,51,1,1,1,1,1,1,1,1,1,0,0,0,0,TRUE,TRUE
58,52,1,1,1,1,1,1,1,1,1,0,0,0,0,TRUE,TRUE
58,53,1,1,1,1,1,1,1,1,1,0,0,0,0,TRUE,TRUE
58,54,0,1,0,0,1,0,0,1,0,1,0,1,0,FALSE,TRUE
58,55,0,1,0,0,1,0,0,1,0,1,0,1,0,FALSE,TRUE
58,56,0,1,0,0,1,0,0,1,0,1,0,1,0,FALSE,TRUE
58,57,0,1,0,0,1,0,0,1,0,1,0,1,0,FALSE,TRUE
58,58,0,1,0,0,1,0,0,1,0,1,0,1,0,FALSE,TRUE
58,59,0,0,0,0,0,0,0,0,0,0,0,0,0,TRUE,TRUE
58,60,0,0,0,0,0,0,0,0,0,0,0,0,0,TRUE,TRUE
59,0,74,74,74,74,74,74,74,74,74,0,0,0,0,TRUE,TRUE
59,1,118,104,115,118,104,115,118,104,115,-14,-3,14,3,FALSE,FALSE
59,2,190,176,195,190,176,195,190,176,195,-14,5,14,5,FALSE,FALSE
59,3,320,286,320,320,286,320,320,286,320,-34,0,34,0,FALSE,TRUE
59,4,550,480,506,550,480,506,550,480,506,-70,-44,70,44,FALSE,FALSE
59,5,857,780,779,857,780,779,857,780,779,-77,-78,77,78,FALSE,FALSE
59,6,1305,1149,1199,1305,1149,1199,1305,1149,1199,-156,-106,156,106,FALSE,FALSE
59,7,1786,1598,1682,1786,1598,1682,1786,1598,1682,-188,-104,188,104,FALSE,FALSE
59,8,2217,2035,2163,2217,2035,2163,2217,2035,2163,-182,-54,182,54,FALSE,FALSE
59,9,2600,2444,2572,2600,2444,2572,2600,2444,2572,-156,-28,156,28,FALSE,FALSE
59,10,2766,2619,2755,2766,2619,2755,2766,2619,2755,-147,-11,147,11,FALSE,FALSE
59,11,2759,2598,2725,2759,2598,2725,2759,2598,2725,-161,-34,161,34,FALSE,FALSE
59,12,2553,2472,2544,2553,2472,2544,2553,2472,2544,-81,-9,81,9,FALSE,FALSE
59,13,2285,2287,2289,2285,2287,2289,2285,2287,2289,2,4,2,4,FALSE,FALSE
59,14,2007,1966,2010,2007,1966,2010,2007,1966,2010,-41,3,41,3,FALSE,FALSE
59,15,1736,1681,1762,1736,1681,1762,1736,1681,1762,-55,26,55,26,FALSE,FALSE
59,16,1463,1406,1501,1463,1406,1501,1463,1406,1501,-57,38,57,38,FALSE,FALSE
59,17,1226,1212,1207,1226,1212,1207,1226,1212,1207,-14,-19,14,19,FALSE,FALSE
59,18,1005,1020,995,1005,1020,995,1005,1020,995,15,-10,15,10,FALSE,FALSE
59,19,826,851,827,826,851,827,826,851,827,25,1,25,1,FALSE,FALSE
59,20,687,697,674,687,697,674,687,697,674,10,-13,10,13,FALSE,FALSE
59,21,554,571,560,554,571,560,554,571,560,17,6,17,6,FALSE,FALSE
59,22,463,462,466,463,462,466,463,462,466,-1,3,1,3,FALSE,FALSE
59,23,381,380,389,381,380,389,381,380,389,-1,8,1,8,FALSE,FALSE
59,24,310,310,320,310,310,320,310,310,320,0,10,0,10,TRUE,FALSE
59,25,260,254,268,260,254,268,260,254,268,-6,8,6,8,FALSE,FALSE
59,26,212,217,234,212,217,234,212,217,234,5,22,5,22,FALSE,FALSE
59,27,168,180,197,168,180,197,168,180,197,12,29,12,29,FALSE,FALSE
59,28,138,145,158,138,145,158,138,145,158,7,20,7,20,FALSE,FALSE
59,29,123,119,123,123,119,123,123,119,123,-4,0,4,0,FALSE,TRUE
59,30,106,98,95,106,98,95,106,98,95,-8,-11,8,11,FALSE,FALSE
59,31,87,80,76,87,80,76,87,80,76,-7,-11,7,11,FALSE,FALSE
59,32,73,68,65,73,68,65,73,68,65,-5,-8,5,8,FALSE,FALSE
59,33,59,56,56,59,56,56,59,56,56,-3,-3,3,3,FALSE,FALSE
59,34,49,50,37,49,50,37,49,50,37,1,-12,1,12,FALSE,FALSE
59,35,47,44,24,47,44,24,47,44,24,-3,-23,3,23,FALSE,FALSE
59,36,37,39,21,37,39,21,37,39,21,2,-16,2,16,FALSE,FALSE
59,37,29,32,14,29,32,14,29,32,14,3,-15,3,15,FALSE,FALSE
59,38,22,29,11,22,29,11,22,29,11,7,-11,7,11,FALSE,FALSE
59,39,19,23,8,19,23,8,19,23,8,4,-11,4,11,FALSE,FALSE
59,40,18,22,5,18,22,5,18,22,5,4,-13,4,13,FALSE,FALSE
59,41,12,17,4,12,17,4,12,17,4,5,-8,5,8,FALSE,FALSE
59,42,10,10,2,10,10,2,10,10,2,0,-8,0,8,TRUE,FALSE
59,43,8,9,1,8,9,1,8,9,1,1,-7,1,7,FALSE,FALSE
59,44,4,8,1,4,8,1,4,8,1,4,-3,4,3,FALSE,FALSE
59,45,4,8,1,4,8,1,4,8,1,4,-3,4,3,FALSE,FALSE
59,46,4,6,1,4,6,1,4,6,1,2,-3,2,3,FALSE,FALSE
59,47,3,5,0,3,5,0,3,5,0,2,-3,2,3,FALSE,FALSE
59,48,3,5,0,3,5,0,3,5,0,2,-3,2,3,FALSE,FALSE
59,49,3,5,0,3,5,0,3,5,0,2,-3,2,3,FALSE,FALSE
59,50,2,3,0,2,3,0,2,3,0,1,-2,1,2,FALSE,FALSE
59,51,2,3,0,2,3,0,2,3,0,1,-2,1,2,FALSE,FALSE
59,52,2,3,0,2,3,0,2,3,0,1,-2,1,2,FALSE,FALSE
59,53,2,2,0,2,2,0,2,2,0,0,-2,0,2,TRUE,FALSE
59,54,2,2,0,2,2,0,2,2,0,0,-2,0,2,TRUE,FALSE
59,55,1,2,0,1,2,0,1,2,0,1,-1,1,1,FALSE,FALSE
59,56,1,1,0,1,1,0,1,1,0,0,-1,0,1,TRUE,FALSE
59,57,1,1,0,1,1,0,1,1,0,0,-1,0,1,TRUE,FALSE
59,58,1,1,0,1,1,0,1,1,0,0,-1,0,1,TRUE,FALSE
59,59,0,1,0,0,1,0,0,1,0,1,0,1,0,FALSE,TRUE
59,60,0,0,0,0,0,0,0,0,0,0,0,0,0,TRUE,TRUE
60,0,106,106,106,106,106,106,106,106,106,0,0,0,0,TRUE,TRUE
60,1,160,165,178,160,165,178,160,165,178,5,18,5,18,FALSE,FALSE
60,2,243,254,273,243,254,273,243,254,273,11,30,11,30,FALSE,FALSE
60,3,356,379,404,356,379,404,356,379,404,23,48,23,48,FALSE,FALSE
60,4,561,567,575,561,567,575,561,567,575,6,14,6,14,FALSE,FALSE
60,5,864,811,840,864,811,840,864,811,840,-53,-24,53,24,FALSE,FALSE
60,6,1228,1171,1227,1228,1171,1227,1228,1171,1227,-57,-1,57,1,FALSE,FALSE
60,7,1687,1618,1719,1687,1618,1719,1687,1618,1719,-69,32,69,32,FALSE,FALSE
60,8,2172,2168,2336,2172,2168,2336,2172,2168,2336,-4,164,4,164,FALSE,FALSE
60,9,2707,2692,2843,2707,2692,2843,2707,2692,2843,-15,136,15,136,FALSE,FALSE
60,10,3276,3205,3317,3276,3205,3317,3276,3205,3317,-71,41,71,41,FALSE,FALSE
60,11,3655,3554,3650,3655,3554,3650,3655,3554,3650,-101,-5,101,5,FALSE,FALSE
60,12,3831,3803,3867,3831,3803,3867,3831,3803,3867,-28,36,28,36,FALSE,FALSE
60,13,3873,3863,3847,3873,3863,3847,3873,3863,3847,-10,-26,10,26,FALSE,FALSE
60,14,3726,3802,3720,3726,3802,3720,3726,3802,3720,76,-6,76,6,FALSE,FALSE
60,15,3501,3555,3517,3501,3555,3517,3501,3555,3517,54,16,54,16,FALSE,FALSE
60,16,3249,3299,3285,3249,3299,3285,3249,3299,3285,50,36,50,36,FALSE,FALSE
60,17,2955,2980,2986,2955,2980,2986,2955,2980,2986,25,31,25,31,FALSE,FALSE
60,18,2666,2715,2685,2666,2715,2685,2666,2715,2685,49,19,49,19,FALSE,FALSE
60,19,2392,2426,2404,2392,2426,2404,2392,2426,2404,34,12,34,12,FALSE,FALSE
60,20,2132,2140,2144,2132,2140,2144,2132,2140,2144,8,12,8,12,FALSE,FALSE
60,21,1865,1909,1890,1865,1909,1890,1865,1909,1890,44,25,44,25,FALSE,FALSE
60,22,1643,1686,1660,1643,1686,1660,1643,1686,1660,43,17,43,17,FALSE,FALSE
60,23,1450,1480,1467,1450,1480,1467,1450,1480,1467,30,17,30,17,FALSE,FALSE
60,24,1255,1307,1286,1255,1307,1286,1255,1307,1286,52,31,52,31,FALSE,FALSE
60,25,1087,1152,1126,1087,1152,1126,1087,1152,1126,65,39,65,39,FALSE,FALSE
60,26,956,984,989,956,984,989,956,984,989,28,33,28,33,FALSE,FALSE
60,27,820,856,873,820,856,873,820,856,873,36,53,36,53,FALSE,FALSE
60,28,720,733,772,720,733,772,720,733,772,13,52,13,52,FALSE,FALSE
60,29,621,644,666,621,644,666,621,644,666,23,45,23,45,FALSE,FALSE
60,30,540,579,567,540,579,567,540,579,567,39,27,39,27,FALSE,FALSE
60,31,476,493,479,476,493,479,476,493,479,17,3,17,3,FALSE,FALSE
60,32,404,425,415,404,425,415,404,425,415,21,11,21,11,FALSE,FALSE
60,33,349,347,357,349,347,357,349,347,357,-2,8,2,8,FALSE,FALSE
60,34,304,306,302,304,306,302,304,306,302,2,-2,2,2,FALSE,FALSE
60,35,255,267,262,255,267,262,255,267,262,12,7,12,7,FALSE,FALSE
60,36,229,233,226,229,233,226,229,233,226,4,-3,4,3,FALSE,FALSE
60,37,203,209,193,203,209,193,203,209,193,6,-10,6,10,FALSE,FALSE
60,38,177,186,158,177,186,158,177,186,158,9,-19,9,19,FALSE,FALSE
60,39,150,158,141,150,158,141,150,158,141,8,-9,8,9,FALSE,FALSE
60,40,126,136,126,126,136,126,126,136,126,10,0,10,0,FALSE,TRUE
60,41,115,111,106,115,111,106,115,111,106,-4,-9,4,9,FALSE,FALSE
60,42,100,100,89,100,100,89,100,100,89,0,-11,0,11,TRUE,FALSE
60,43,85,88,78,85,88,78,85,88,78,3,-7,3,7,FALSE,FALSE
60,44,72,75,70,72,75,70,72,75,70,3,-2,3,2,FALSE,FALSE
60,45,69,61,65,69,61,65,69,61,65,-8,-4,8,4,FALSE,FALSE
60,46,58,51,58,58,51,58,58,51,58,-7,0,7,0,FALSE,TRUE
60,47,54,44,49,54,44,49,54,44,49,-10,-5,10,5,FALSE,FALSE
60,48,47,36,45,47,36,45,47,36,45,-11,-2,11,2,FALSE,FALSE
60,49,41,32,40,41,32,40,41,32,40,-9,-1,9,1,FALSE,FALSE
60,50,33,27,33,33,27,33,33,27,33,-6,0,6,0,FALSE,TRUE
60,51,31,23,29,31,23,29,31,23,29,-8,-2,8,2,FALSE,FALSE
60,52,26,19,25,26,19,25,26,19,25,-7,-1,7,1,FALSE,FALSE
60,53,21,16,24,21,16,24,21,16,24,-5,3,5,3,FALSE,FALSE
60,54,18,14,20,18,14,20,18,14,20,-4,2,4,2,FALSE,FALSE
60,55,15,13,15,15,13,15,15,13,15,-2,0,2,0,FALSE,TRUE
60,56,15,11,14,15,11,14,15,11,14,-4,-1,4,1,FALSE,FALSE
60,57,13,11,13,13,11,13,13,11,13,-2,0,2,0,FALSE,TRUE
60,58,13,9,11,13,9,11,13,9,11,-4,-2,4,2,FALSE,FALSE
60,59,11,6,10,11,6,10,11,6,10,-5,-1,5,1,FALSE,FALSE
60,60,11,6,10,11,6,10,11,6,10,-5,-1,5,1,FALSE,FALSE
61,0,98,98,98,98,98,98,98,98,98,0,0,0,0,TRUE,TRUE
61,1,165,136,145,165,136,145,165,136,145,-29,-20,29,20,FALSE,FALSE
61,2,243,209,209,243,209,209,243,209,209,-34,-34,34,34,FALSE,FALSE
61,3,361,309,313,361,309,313,361,309,313,-52,-48,52,48,FALSE,FALSE
61,4,526,436,414,526,436,414,526,436,414,-90,-112,90,112,FALSE,FALSE
61,5,745,588,592,745,588,592,745,588,592,-157,-153,157,153,FALSE,FALSE
61,6,1011,798,797,1011,798,797,1011,798,797,-213,-214,213,214,FALSE,FALSE
61,7,1278,1043,1062,1278,1043,1062,1278,1043,1062,-235,-216,235,216,FALSE,FALSE
61,8,1501,1253,1354,1501,1253,1354,1501,1253,1354,-248,-147,248,147,FALSE,FALSE
61,9,1650,1443,1538,1650,1443,1538,1650,1443,1538,-207,-112,207,112,FALSE,FALSE
61,10,1759,1585,1642,1759,1585,1642,1759,1585,1642,-174,-117,174,117,FALSE,FALSE
61,11,1736,1626,1687,1736,1626,1687,1736,1626,1687,-110,-49,110,49,FALSE,FALSE
61,12,1641,1622,1615,1641,1622,1615,1641,1622,1615,-19,-26,19,26,FALSE,FALSE
61,13,1508,1526,1479,1508,1526,1479,1508,1526,1479,18,-29,18,29,FALSE,FALSE
61,14,1312,1337,1311,1312,1337,1311,1312,1337,1311,25,-1,25,1,FALSE,FALSE
61,15,1141,1183,1129,1141,1183,1129,1141,1183,1129,42,-12,42,12,FALSE,FALSE
61,16,932,996,970,932,996,970,932,996,970,64,38,64,38,FALSE,FALSE
61,17,768,861,814,768,861,814,768,861,814,93,46,93,46,FALSE,FALSE
61,18,621,726,699,621,726,699,621,726,699,105,78,105,78,FALSE,FALSE
61,19,522,581,577,522,581,577,522,581,577,59,55,59,55,FALSE,FALSE
61,20,407,478,456,407,478,456,407,478,456,71,49,71,49,FALSE,FALSE
61,21,319,395,368,319,395,368,319,395,368,76,49,76,49,FALSE,FALSE
61,22,257,331,311,257,331,311,257,331,311,74,54,74,54,FALSE,FALSE
61,23,205,271,261,205,271,261,205,271,261,66,56,66,56,FALSE,FALSE
61,24,164,212,211,164,212,211,164,212,211,48,47,48,47,FALSE,FALSE
61,25,129,167,182,129,167,182,129,167,182,38,53,38,53,FALSE,FALSE
61,26,110,134,144,110,134,144,110,134,144,24,34,24,34,FALSE,FALSE
61,27,81,107,115,81,107,115,81,107,115,26,34,26,34,FALSE,FALSE
61,28,56,83,95,56,83,95,56,83,95,27,39,27,39,FALSE,FALSE
61,29,46,68,71,46,68,71,46,68,71,22,25,22,25,FALSE,FALSE
61,30,33,57,51,33,57,51,33,57,51,24,18,24,18,FALSE,FALSE
61,31,29,41,48,29,41,48,29,41,48,12,19,12,19,FALSE,FALSE
61,32,25,36,36,25,36,36,25,36,36,11,11,11,11,FALSE,FALSE
61,33,17,35,25,17,35,25,17,35,25,18,8,18,8,FALSE,FALSE
61,34,13,28,22,13,28,22,13,28,22,15,9,15,9,FALSE,FALSE
61,35,10,26,17,10,26,17,10,26,17,16,7,16,7,FALSE,FALSE
61,36,6,19,14,6,19,14,6,19,14,13,8,13,8,FALSE,FALSE
61,37,5,18,12,5,18,12,5,18,12,13,7,13,7,FALSE,FALSE
61,38,3,14,10,3,14,10,3,14,10,11,7,11,7,FALSE,FALSE
61,39,3,10,6,3,10,6,3,10,6,7,3,7,3,FALSE,FALSE
61,40,3,6,6,3,6,6,3,6,6,3,3,3,3,FALSE,FALSE
61,41,3,3,4,3,3,4,3,3,4,0,1,0,1,TRUE,FALSE
61,42,2,1,3,2,1,3,2,1,3,-1,1,1,1,FALSE,FALSE
61,43,1,1,2,1,1,2,1,1,2,0,1,0,1,TRUE,FALSE
61,44,1,0,1,1,0,1,1,0,1,-1,0,1,0,FALSE,TRUE
61,45,1,0,1,1,0,1,1,0,1,-1,0,1,0,FALSE,TRUE
61,46,1,0,0,1,0,0,1,0,0,-1,-1,1,1,FALSE,FALSE
61,47,1,0,0,1,0,0,1,0,0,-1,-1,1,1,FALSE,FALSE
61,48,1,0,0,1,0,0,1,0,0,-1,-1,1,1,FALSE,FALSE
61,49,1,0,0,1,0,0,1,0,0,-1,-1,1,1,FALSE,FALSE
61,50,0,0,0,0,0,0,0,0,0,0,0,0,0,TRUE,TRUE
61,51,0,0,0,0,0,0,0,0,0,0,0,0,0,TRUE,TRUE
61,52,0,0,0,0,0,0,0,0,0,0,0,0,0,TRUE,TRUE
61,53,0,0,0,0,0,0,0,0,0,0,0,0,0,TRUE,TRUE
61,54,0,0,0,0,0,0,0,0,0,0,0,0,0,TRUE,TRUE
61,55,0,0,0,0,0,0,0,0,0,0,0,0,0,TRUE,TRUE
61,56,0,0,0,0,0,0,0,0,0,0,0,0,0,TRUE,TRUE
61,57,0,0,0,0,0,0,0,0,0,0,0,0,0,TRUE,TRUE
61,58,0,0,0,0,0,0,0,0,0,0,0,0,0,TRUE,TRUE
61,59,0,0,0,0,0,0,0,0,0,0,0,0,0,TRUE,TRUE
61,60,0,0,0,0,0,0,0,0,0,0,0,0,0,TRUE,TRUE
62,0,166,166,166,166,166,166,166,166,166,0,0,0,0,TRUE,TRUE
62,1,258,239,244,258,239,244,258,239,244,-19,-14,19,14,FALSE,FALSE
62,2,358,358,325,358,358,325,358,358,325,0,-33,0,33,TRUE,FALSE
62,3,516,500,459,516,500,459,516,500,459,-16,-57,16,57,FALSE,FALSE
62,4,712,682,679,712,682,679,712,682,679,-30,-33,30,33,FALSE,FALSE
62,5,975,940,881,975,940,881,975,940,881,-35,-94,35,94,FALSE,FALSE
62,6,1281,1271,1186,1281,1271,1186,1281,1271,1186,-10,-95,10,95,FALSE,FALSE
62,7,1679,1636,1517,1679,1636,1517,1679,1636,1517,-43,-162,43,162,FALSE,FALSE
62,8,2102,2093,1932,2102,2093,1932,2102,2093,1932,-9,-170,9,170,FALSE,FALSE
62,9,2535,2482,2352,2535,2482,2352,2535,2482,2352,-53,-183,53,183,FALSE,FALSE
62,10,2944,2867,2723,2944,2867,2723,2944,2867,2723,-77,-221,77,221,FALSE,FALSE
62,11,3289,3190,3097,3289,3190,3097,3289,3190,3097,-99,-192,99,192,FALSE,FALSE
62,12,3459,3411,3346,3459,3411,3346,3459,3411,3346,-48,-113,48,113,FALSE,FALSE
62,13,3494,3403,3464,3494,3403,3464,3494,3403,3464,-91,-30,91,30,FALSE,FALSE
62,14,3456,3302,3430,3456,3302,3430,3456,3302,3430,-154,-26,154,26,FALSE,FALSE
62,15,3332,3180,3338,3332,3180,3338,3332,3180,3338,-152,6,152,6,FALSE,FALSE
62,16,3169,2978,3197,3169,2978,3197,3169,2978,3197,-191,28,191,28,FALSE,FALSE
62,17,2926,2749,3036,2926,2749,3036,2926,2749,3036,-177,110,177,110,FALSE,FALSE
62,18,2699,2511,2796,2699,2511,2796,2699,2511,2796,-188,97,188,97,FALSE,FALSE
62,19,2414,2266,2504,2414,2266,2504,2414,2266,2504,-148,90,148,90,FALSE,FALSE
62,20,2112,2020,2239,2112,2020,2239,2112,2020,2239,-92,127,92,127,FALSE,FALSE
62,21,1877,1806,2002,1877,1806,2002,1877,1806,2002,-71,125,71,125,FALSE,FALSE
62,22,1677,1631,1757,1677,1631,1757,1677,1631,1757,-46,80,46,80,FALSE,FALSE
62,23,1452,1447,1547,1452,1447,1547,1452,1447,1547,-5,95,5,95,FALSE,FALSE
62,24,1292,1255,1356,1292,1255,1356,1292,1255,1356,-37,64,37,64,FALSE,FALSE
62,25,1153,1098,1196,1153,1098,1196,1153,1098,1196,-55,43,55,43,FALSE,FALSE
62,26,1004,971,1039,1004,971,1039,1004,971,1039,-33,35,33,35,FALSE,FALSE
62,27,887,847,914,887,847,914,887,847,914,-40,27,40,27,FALSE,FALSE
62,28,764,756,814,764,756,814,764,756,814,-8,50,8,50,FALSE,FALSE
62,29,667,670,721,667,670,721,667,670,721,3,54,3,54,FALSE,FALSE
62,30,610,572,627,610,572,627,610,572,627,-38,17,38,17,FALSE,FALSE
62,31,526,494,544,526,494,544,526,494,544,-32,18,32,18,FALSE,FALSE
62,32,469,427,493,469,427,493,469,427,493,-42,24,42,24,FALSE,FALSE
62,33,410,373,418,410,373,418,410,373,418,-37,8,37,8,FALSE,FALSE
62,34,366,321,360,366,321,360,366,321,360,-45,-6,45,6,FALSE,FALSE
62,35,326,285,328,326,285,328,326,285,328,-41,2,41,2,FALSE,FALSE
62,36,295,250,287,295,250,287,295,250,287,-45,-8,45,8,FALSE,FALSE
62,37,262,224,249,262,224,249,262,224,249,-38,-13,38,13,FALSE,FALSE
62,38,228,192,210,228,192,210,228,192,210,-36,-18,36,18,FALSE,FALSE
62,39,200,167,183,200,167,183,200,167,183,-33,-17,33,17,FALSE,FALSE
62,40,169,147,167,169,147,167,169,147,167,-22,-2,22,2,FALSE,FALSE
62,41,138,125,145,138,125,145,138,125,145,-13,7,13,7,FALSE,FALSE
62,42,115,112,125,115,112,125,115,112,125,-3,10,3,10,FALSE,FALSE
62,43,99,95,106,99,95,106,99,95,106,-4,7,4,7,FALSE,FALSE
62,44,80,85,87,80,85,87,80,85,87,5,7,5,7,FALSE,FALSE
62,45,69,73,83,69,73,83,69,73,83,4,14,4,14,FALSE,FALSE
62,46,60,62,75,60,62,75,60,62,75,2,15,2,15,FALSE,FALSE
62,47,51,59,64,51,59,64,51,59,64,8,13,8,13,FALSE,FALSE
62,48,45,50,49,45,50,49,45,50,49,5,4,5,4,FALSE,FALSE
62,49,40,43,40,40,43,40,40,43,40,3,0,3,0,FALSE,TRUE
62,50,33,41,33,33,41,33,33,41,33,8,0,8,0,FALSE,TRUE
62,51,30,37,28,30,37,28,30,37,28,7,-2,7,2,FALSE,FALSE
62,52,26,34,24,26,34,24,26,34,24,8,-2,8,2,FALSE,FALSE
62,53,20,30,24,20,30,24,20,30,24,10,4,10,4,FALSE,FALSE
62,54,14,28,22,14,28,22,14,28,22,14,8,14,8,FALSE,FALSE
62,55,12,20,19,12,20,19,12,20,19,8,7,8,7,FALSE,FALSE
62,56,9,17,20,9,17,20,9,17,20,8,11,8,11,FALSE,FALSE
62,57,9,15,21,9,15,21,9,15,21,6,12,6,12,FALSE,FALSE
62,58,8,9,18,8,9,18,8,9,18,1,10,1,10,FALSE,FALSE
62,59,7,9,14,7,9,14,7,9,14,2,7,2,7,FALSE,FALSE
62,60,7,8,12,7,8,12,7,8,12,1,5,1,5,FALSE,FALSE
63,0,103,103,103,103,103,103,103,103,103,0,0,0,0,TRUE,TRUE
63,1,139,150,150,139,150,150,139,150,150,11,11,11,11,FALSE,FALSE
63,2,199,232,210,199,232,210,199,232,210,33,11,33,11,FALSE,FALSE
63,3,299,360,310,299,360,310,299,360,310,61,11,61,11,FALSE,FALSE
63,4,413,515,439,413,515,439,413,515,439,102,26,102,26,FALSE,FALSE
63,5,596,735,609,596,735,609,596,735,609,139,13,139,13,FALSE,FALSE
63,6,844,1006,857,844,1006,857,844,1006,857,162,13,162,13,FALSE,FALSE
63,7,1171,1308,1146,1171,1308,1146,1171,1308,1146,137,-25,137,25,FALSE,FALSE
63,8,1516,1657,1479,1516,1657,1479,1516,1657,1479,141,-37,141,37,FALSE,FALSE
63,9,1885,1983,1789,1885,1983,1789,1885,1983,1789,98,-96,98,96,FALSE,FALSE
63,10,2181,2302,2066,2181,2302,2066,2181,2302,2066,121,-115,121,115,FALSE,FALSE
63,11,2399,2424,2304,2399,2424,2304,2399,2424,2304,25,-95,25,95,FALSE,FALSE
63,12,2582,2474,2447,2582,2474,2447,2582,2474,2447,-108,-135,108,135,FALSE,FALSE
63,13,2577,2413,2450,2577,2413,2450,2577,2413,2450,-164,-127,164,127,FALSE,FALSE
63,14,2450,2283,2368,2450,2283,2368,2450,2283,2368,-167,-82,167,82,FALSE,FALSE
63,15,2275,2109,2246,2275,2109,2246,2275,2109,2246,-166,-29,166,29,FALSE,FALSE
63,16,2072,1932,2076,2072,1932,2076,2072,1932,2076,-140,4,140,4,FALSE,FALSE
63,17,1846,1696,1832,1846,1696,1832,1846,1696,1832,-150,-14,150,14,FALSE,FALSE
63,18,1617,1499,1632,1617,1499,1632,1617,1499,1632,-118,15,118,15,FALSE,FALSE
63,19,1424,1331,1462,1424,1331,1462,1424,1331,1462,-93,38,93,38,FALSE,FALSE
63,20,1247,1161,1275,1247,1161,1275,1247,1161,1275,-86,28,86,28,FALSE,FALSE
63,21,1086,999,1104,1086,999,1104,1086,999,1104,-87,18,87,18,FALSE,FALSE
63,22,956,868,949,956,868,949,956,868,949,-88,-7,88,7,FALSE,FALSE
63,23,817,743,804,817,743,804,817,743,804,-74,-13,74,13,FALSE,FALSE
63,24,712,619,665,712,619,665,712,619,665,-93,-47,93,47,FALSE,FALSE
63,25,617,527,578,617,527,578,617,527,578,-90,-39,90,39,FALSE,FALSE
63,26,527,457,497,527,457,497,527,457,497,-70,-30,70,30,FALSE,FALSE
63,27,459,394,426,459,394,426,459,394,426,-65,-33,65,33,FALSE,FALSE
63,28,397,334,370,397,334,370,397,334,370,-63,-27,63,27,FALSE,FALSE
63,29,349,285,315,349,285,315,349,285,315,-64,-34,64,34,FALSE,FALSE
63,30,283,249,269,283,249,269,283,249,269,-34,-14,34,14,FALSE,FALSE
63,31,241,205,227,241,205,227,241,205,227,-36,-14,36,14,FALSE,FALSE
63,32,205,178,196,205,178,196,205,178,196,-27,-9,27,9,FALSE,FALSE
63,33,177,158,171,177,158,171,177,158,171,-19,-6,19,6,FALSE,FALSE
63,34,157,141,149,157,141,149,157,141,149,-16,-8,16,8,FALSE,FALSE
63,35,132,120,130,132,120,130,132,120,130,-12,-2,12,2,FALSE,FALSE
63,36,110,97,113,110,97,113,110,97,113,-13,3,13,3,FALSE,FALSE
63,37,90,90,96,90,90,96,90,90,96,0,6,0,6,TRUE,FALSE
63,38,73,77,80,73,77,80,73,77,80,4,7,4,7,FALSE,FALSE
63,39,66,64,67,66,64,67,66,64,67,-2,1,2,1,FALSE,FALSE
63,40,56,54,57,56,54,57,56,54,57,-2,1,2,1,FALSE,FALSE
63,41,47,41,49,47,41,49,47,41,49,-6,2,6,2,FALSE,FALSE
63,42,39,34,44,39,34,44,39,34,44,-5,5,5,5,FALSE,FALSE
63,43,36,31,37,36,31,37,36,31,37,-5,1,5,1,FALSE,FALSE
63,44,32,26,35,32,26,35,32,26,35,-6,3,6,3,FALSE,FALSE
63,45,26,23,25,26,23,25,26,23,25,-3,-1,3,1,FALSE,FALSE
63,46,25,20,18,25,20,18,25,20,18,-5,-7,5,7,FALSE,FALSE
63,47,25,19,16,25,19,16,25,19,16,-6,-9,6,9,FALSE,FALSE
63,48,17,17,17,17,17,17,17,17,17,0,0,0,0,TRUE,TRUE
63,49,14,15,16,14,15,16,14,15,16,1,2,1,2,FALSE,FALSE
63,50,11,12,14,11,12,14,11,12,14,1,3,1,3,FALSE,FALSE
63,51,9,11,11,9,11,11,9,11,11,2,2,2,2,FALSE,FALSE
63,52,8,11,8,8,11,8,8,11,8,3,0,3,0,FALSE,TRUE
63,53,5,10,7,5,10,7,5,10,7,5,2,5,2,FALSE,FALSE
63,54,3,8,4,3,8,4,3,8,4,5,1,5,1,FALSE,FALSE
63,55,4,8,4,4,8,4,4,8,4,4,0,4,0,FALSE,TRUE
63,56,3,6,3,3,6,3,3,6,3,3,0,3,0,FALSE,TRUE
63,57,2,4,3,2,4,3,2,4,3,2,1,2,1,FALSE,FALSE
63,58,2,4,3,2,4,3,2,4,3,2,1,2,1,FALSE,FALSE
63,59,1,3,1,1,3,1,1,3,1,2,0,2,0,FALSE,TRUE
63,60,1,3,1,1,3,1,1,3,1,2,0,2,0,FALSE,TRUE
64,0,50,50,50,50,50,50,50,50,50,0,0,0,0,TRUE,TRUE
64,1,90,83,80,90,83,80,90,83,80,-7,-10,7,10,FALSE,FALSE
64,2,146,144,158,146,144,158,146,144,158,-2,12,2,12,FALSE,FALSE
64,3,235,247,263,235,247,263,235,247,263,12,28,12,28,FALSE,FALSE
64,4,393,429,427,393,429,427,393,429,427,36,34,36,34,FALSE,FALSE
64,5,625,717,627,625,717,627,625,717,627,92,2,92,2,FALSE,FALSE
64,6,923,1028,988,923,1028,988,923,1028,988,105,65,105,65,FALSE,FALSE
64,7,1333,1397,1420,1333,1397,1420,1333,1397,1420,64,87,64,87,FALSE,FALSE
64,8,1648,1767,1811,1648,1767,1811,1648,1767,1811,119,163,119,163,FALSE,FALSE
64,9,1965,2059,2093,1965,2059,2093,1965,2059,2093,94,128,94,128,FALSE,FALSE
64,10,2127,2147,2141,2127,2147,2141,2127,2147,2141,20,14,20,14,FALSE,FALSE
64,11,2068,2054,2037,2068,2054,2037,2068,2054,2037,-14,-31,14,31,FALSE,FALSE
64,12,1932,1879,1825,1932,1879,1825,1932,1879,1825,-53,-107,53,107,FALSE,FALSE
64,13,1692,1633,1587,1692,1633,1587,1692,1633,1587,-59,-105,59,105,FALSE,FALSE
64,14,1432,1410,1363,1432,1410,1363,1432,1410,1363,-22,-69,22,69,FALSE,FALSE
64,15,1191,1180,1125,1191,1180,1125,1191,1180,1125,-11,-66,11,66,FALSE,FALSE
64,16,963,982,913,963,982,913,963,982,913,19,-50,19,50,FALSE,FALSE
64,17,795,803,710,795,803,710,795,803,710,8,-85,8,85,FALSE,FALSE
64,18,650,629,579,650,629,579,650,629,579,-21,-71,21,71,FALSE,FALSE
64,19,540,507,460,540,507,460,540,507,460,-33,-80,33,80,FALSE,FALSE
64,20,440,420,392,440,420,392,440,420,392,-20,-48,20,48,FALSE,FALSE
64,21,338,339,313,338,339,313,338,339,313,1,-25,1,25,FALSE,FALSE
64,22,282,269,247,282,269,247,282,269,247,-13,-35,13,35,FALSE,FALSE
64,23,232,208,200,232,208,200,232,208,200,-24,-32,24,32,FALSE,FALSE
64,24,177,160,162,177,160,162,177,160,162,-17,-15,17,15,FALSE,FALSE
64,25,143,132,129,143,132,129,143,132,129,-11,-14,11,14,FALSE,FALSE
64,26,119,112,104,119,112,104,119,112,104,-7,-15,7,15,FALSE,FALSE
64,27,100,87,81,100,87,81,100,87,81,-13,-19,13,19,FALSE,FALSE
64,28,78,73,62,78,73,62,78,73,62,-5,-16,5,16,FALSE,FALSE
64,29,61,56,49,61,56,49,61,56,49,-5,-12,5,12,FALSE,FALSE
64,30,52,46,40,52,46,40,52,46,40,-6,-12,6,12,FALSE,FALSE
64,31,42,39,31,42,39,31,42,39,31,-3,-11,3,11,FALSE,FALSE
64,32,32,29,25,32,29,25,32,29,25,-3,-7,3,7,FALSE,FALSE
64,33,28,25,19,28,25,19,28,25,19,-3,-9,3,9,FALSE,FALSE
64,34,21,22,12,21,22,12,21,22,12,1,-9,1,9,FALSE,FALSE
64,35,14,15,9,14,15,9,14,15,9,1,-5,1,5,FALSE,FALSE
64,36,12,12,8,12,12,8,12,12,8,0,-4,0,4,TRUE,FALSE
64,37,10,11,6,10,11,6,10,11,6,1,-4,1,4,FALSE,FALSE
64,38,8,7,6,8,7,6,8,7,6,-1,-2,1,2,FALSE,FALSE
64,39,8,5,6,8,5,6,8,5,6,-3,-2,3,2,FALSE,FALSE
64,40,8,3,5,8,3,5,8,3,5,-5,-3,5,3,FALSE,FALSE
64,41,5,2,5,5,2,5,5,2,5,-3,0,3,0,FALSE,TRUE
64,42,5,0,2,5,0,2,5,0,2,-5,-3,5,3,FALSE,FALSE
64,43,2,0,1,2,0,1,2,0,1,-2,-1,2,1,FALSE,FALSE
64,44,2,0,1,2,0,1,2,0,1,-2,-1,2,1,FALSE,FALSE
64,45,1,0,0,1,0,0,1,0,0,-1,-1,1,1,FALSE,FALSE
64,46,1,0,0,1,0,0,1,0,0,-1,-1,1,1,FALSE,FALSE
64,47,1,0,0,1,0,0,1,0,0,-1,-1,1,1,FALSE,FALSE
64,48,1,0,0,1,0,0,1,0,0,-1,-1,1,1,FALSE,FALSE
64,49,0,0,0,0,0,0,0,0,0,0,0,0,0,TRUE,TRUE
64,50,0,0,0,0,0,0,0,0,0,0,0,0,0,TRUE,TRUE
64,51,0,0,0,0,0,0,0,0,0,0,0,0,0,TRUE,TRUE
64,52,0,0,0,0,0,0,0,0,0,0,0,0,0,TRUE,TRUE
64,53,0,0,0,0,0,0,0,0,0,0,0,0,0,TRUE,TRUE
64,54,0,0,0,0,0,0,0,0,0,0,0,0,0,TRUE,TRUE
64,55,0,0,0,0,0,0,0,0,0,0,0,0,0,TRUE,TRUE
64,56,0,0,0,0,0,0,0,0,0,0,0,0,0,TRUE,TRUE
64,57,0,0,0,0,0,0,0,0,0,0,0,0,0,TRUE,TRUE
64,58,0,0,0,0,0,0,0,0,0,0,0,0,0,TRUE,TRUE
64,59,0,0,0,0,0,0,0,0,0,0,0,0,0,TRUE,TRUE
64,60,0,0,0,0,0,0,0,0,0,0,0,0,0,TRUE,TRUE
65,0,113,113,113,113,113,113,113,113,113,0,0,0,0,TRUE,TRUE
65,1,159,150,152,159,150,152,159,150,152,-9,-7,9,7,FALSE,FALSE
65,2,221,217,220,221,217,220,221,217,220,-4,-1,4,1,FALSE,FALSE
65,3,280,296,285,280,296,285,280,296,285,16,5,16,5,FALSE,FALSE
65,4,379,389,362,379,389,362,379,389,362,10,-17,10,17,FALSE,FALSE
65,5,480,502,466,480,502,466,480,502,466,22,-14,22,14,FALSE,FALSE
65,6,616,675,598,616,675,598,616,675,598,59,-18,59,18,FALSE,FALSE
65,7,826,875,773,826,875,773,826,875,773,49,-53,49,53,FALSE,FALSE
65,8,1000,1147,998,1000,1147,998,1000,1147,998,147,-2,147,2,FALSE,FALSE
65,9,1290,1418,1226,1290,1418,1226,1290,1418,1226,128,-64,128,64,FALSE,FALSE
65,10,1572,1722,1513,1572,1722,1513,1572,1722,1513,150,-59,150,59,FALSE,FALSE
65,11,1869,2063,1790,1869,2063,1790,1869,2063,1790,194,-79,194,79,FALSE,FALSE
65,12,2212,2355,2121,2212,2355,2121,2212,2355,2121,143,-91,143,91,FALSE,FALSE
65,13,2533,2649,2439,2533,2649,2439,2533,2649,2439,116,-94,116,94,FALSE,FALSE
65,14,2816,2860,2676,2816,2860,2676,2816,2860,2676,44,-140,44,140,FALSE,FALSE
65,15,3062,3065,2904,3062,3065,2904,3062,3065,2904,3,-158,3,158,FALSE,FALSE
65,16,3208,3153,3112,3208,3153,3112,3208,3153,3112,-55,-96,55,96,FALSE,FALSE
65,17,3263,3232,3227,3263,3232,3227,3263,3232,3227,-31,-36,31,36,FALSE,FALSE
65,18,3259,3218,3237,3259,3218,3237,3259,3218,3237,-41,-22,41,22,FALSE,FALSE
65,19,3159,3100,3187,3159,3100,3187,3159,3100,3187,-59,28,59,28,FALSE,FALSE
65,20,3080,2994,3083,3080,2994,3083,3080,2994,3083,-86,3,86,3,FALSE,FALSE
65,21,2922,2816,2923,2922,2816,2923,2922,2816,2923,-106,1,106,1,FALSE,FALSE
65,22,2770,2626,2824,2770,2626,2824,2770,2626,2824,-144,54,144,54,FALSE,FALSE
65,23,2577,2443,2656,2577,2443,2656,2577,2443,2656,-134,79,134,79,FALSE,FALSE
65,24,2372,2226,2459,2372,2226,2459,2372,2226,2459,-146,87,146,87,FALSE,FALSE
65,25,2199,2003,2303,2199,2003,2303,2199,2003,2303,-196,104,196,104,FALSE,FALSE
65,26,2007,1829,2117,2007,1829,2117,2007,1829,2117,-178,110,178,110,FALSE,FALSE
65,27,1840,1678,1956,1840,1678,1956,1840,1678,1956,-162,116,162,116,FALSE,FALSE
65,28,1677,1515,1749,1677,1515,1749,1677,1515,1749,-162,72,162,72,FALSE,FALSE
65,29,1545,1381,1595,1545,1381,1595,1545,1381,1595,-164,50,164,50,FALSE,FALSE
65,30,1436,1264,1484,1436,1264,1484,1436,1264,1484,-172,48,172,48,FALSE,FALSE
65,31,1298,1147,1365,1298,1147,1365,1298,1147,1365,-151,67,151,67,FALSE,FALSE
65,32,1146,1037,1244,1146,1037,1244,1146,1037,1244,-109,98,109,98,FALSE,FALSE
65,33,1043,947,1115,1043,947,1115,1043,947,1115,-96,72,96,72,FALSE,FALSE
65,34,939,846,1016,939,846,1016,939,846,1016,-93,77,93,77,FALSE,FALSE
65,35,855,753,911,855,753,911,855,753,911,-102,56,102,56,FALSE,FALSE
65,36,764,672,823,764,672,823,764,672,823,-92,59,92,59,FALSE,FALSE
65,37,693,621,741,693,621,741,693,621,741,-72,48,72,48,FALSE,FALSE
65,38,627,546,668,627,546,668,627,546,668,-81,41,81,41,FALSE,FALSE
65,39,558,493,601,558,493,601,558,493,601,-65,43,65,43,FALSE,FALSE
65,40,512,440,549,512,440,549,512,440,549,-72,37,72,37,FALSE,FALSE
65,41,459,402,488,459,402,488,459,402,488,-57,29,57,29,FALSE,FALSE
65,42,407,363,449,407,363,449,407,363,449,-44,42,44,42,FALSE,FALSE
65,43,367,318,395,367,318,395,367,318,395,-49,28,49,28,FALSE,FALSE
65,44,320,292,355,320,292,355,320,292,355,-28,35,28,35,FALSE,FALSE
65,45,288,260,317,288,260,317,288,260,317,-28,29,28,29,FALSE,FALSE
65,46,264,243,280,264,243,280,264,243,280,-21,16,21,16,FALSE,FALSE
65,47,242,223,256,242,223,256,242,223,256,-19,14,19,14,FALSE,FALSE
65,48,224,202,228,224,202,228,224,202,228,-22,4,22,4,FALSE,FALSE
65,49,206,186,203,206,186,203,206,186,203,-20,-3,20,3,FALSE,FALSE
65,50,190,170,185,190,170,185,190,170,185,-20,-5,20,5,FALSE,FALSE
65,51,169,151,162,169,151,162,169,151,162,-18,-7,18,7,FALSE,FALSE
65,52,149,143,153,149,143,153,149,143,153,-6,4,6,4,FALSE,FALSE
65,53,130,123,145,130,123,145,130,123,145,-7,15,7,15,FALSE,FALSE
65,54,122,107,130,122,107,130,122,107,130,-15,8,15,8,FALSE,FALSE
65,55,112,100,120,112,100,120,112,100,120,-12,8,12,8,FALSE,FALSE
65,56,102,96,106,102,96,106,102,96,106,-6,4,6,4,FALSE,FALSE
65,57,92,84,96,92,84,96,92,84,96,-8,4,8,4,FALSE,FALSE
65,58,83,79,89,83,79,89,83,79,89,-4,6,4,6,FALSE,FALSE
65,59,78,72,76,78,72,76,78,72,76,-6,-2,6,2,FALSE,FALSE
65,60,69,68,68,69,68,68,69,68,68,-1,-1,1,1,FALSE,FALSE
66,0,118,118,118,118,118,118,118,118,118,0,0,0,0,TRUE,TRUE
66,1,160,129,136,160,129,136,160,129,136,-31,-24,31,24,FALSE,FALSE
66,2,216,156,159,216,156,159,216,156,159,-60,-57,60,57,FALSE,FALSE
66,3,265,188,190,265,188,190,265,188,190,-77,-75,77,75,FALSE,FALSE
66,4,335,227,241,335,227,241,335,227,241,-108,-94,108,94,FALSE,FALSE
66,5,417,266,279,417,266,279,417,266,279,-151,-138,151,138,FALSE,FALSE
66,6,508,317,343,508,317,343,508,317,343,-191,-165,191,165,FALSE,FALSE
66,7,605,372,420,605,372,420,605,372,420,-233,-185,233,185,FALSE,FALSE
66,8,735,439,500,735,439,500,735,439,500,-296,-235,296,235,FALSE,FALSE
66,9,897,553,605,897,553,605,897,553,605,-344,-292,344,292,FALSE,FALSE
66,10,1043,662,723,1043,662,723,1043,662,723,-381,-320,381,320,FALSE,FALSE
66,11,1221,780,857,1221,780,857,1221,780,857,-441,-364,441,364,FALSE,FALSE
66,12,1368,935,986,1368,935,986,1368,935,986,-433,-382,433,382,FALSE,FALSE
66,13,1546,1124,1184,1546,1124,1184,1546,1124,1184,-422,-362,422,362,FALSE,FALSE
66,14,1777,1315,1385,1777,1315,1385,1777,1315,1385,-462,-392,462,392,FALSE,FALSE
66,15,1980,1528,1554,1980,1528,1554,1980,1528,1554,-452,-426,452,426,FALSE,FALSE
66,16,2175,1734,1740,2175,1734,1740,2175,1734,1740,-441,-435,441,435,FALSE,FALSE
66,17,2367,1946,1915,2367,1946,1915,2367,1946,1915,-421,-452,421,452,FALSE,FALSE
66,18,2522,2149,2108,2522,2149,2108,2522,2149,2108,-373,-414,373,414,FALSE,FALSE
66,19,2719,2337,2285,2719,2337,2285,2719,2337,2285,-382,-434,382,434,FALSE,FALSE
66,20,2849,2516,2475,2849,2516,2475,2849,2516,2475,-333,-374,333,374,FALSE,FALSE
66,21,2986,2682,2633,2986,2682,2633,2986,2682,2633,-304,-353,304,353,FALSE,FALSE
66,22,3080,2867,2769,3080,2867,2769,3080,2867,2769,-213,-311,213,311,FALSE,FALSE
66,23,3131,2983,2912,3131,2983,2912,3131,2983,2912,-148,-219,148,219,FALSE,FALSE
66,24,3153,3068,2970,3153,3068,2970,3153,3068,2970,-85,-183,85,183,FALSE,FALSE
66,25,3146,3134,3001,3146,3134,3001,3146,3134,3001,-12,-145,12,145,FALSE,FALSE
66,26,3118,3133,3012,3118,3133,3012,3118,3133,3012,15,-106,15,106,FALSE,FALSE
66,27,3069,3132,3067,3069,3132,3067,3069,3132,3067,63,-2,63,2,FALSE,FALSE
66,28,3011,3089,3043,3011,3089,3043,3011,3089,3043,78,32,78,32,FALSE,FALSE
66,29,2927,3054,2977,2927,3054,2977,2927,3054,2977,127,50,127,50,FALSE,FALSE
66,30,2807,2989,2922,2807,2989,2922,2807,2989,2922,182,115,182,115,FALSE,FALSE
66,31,2715,2937,2850,2715,2937,2850,2715,2937,2850,222,135,222,135,FALSE,FALSE
66,32,2604,2832,2763,2604,2832,2763,2604,2832,2763,228,159,228,159,FALSE,FALSE
66,33,2493,2711,2644,2493,2711,2644,2493,2711,2644,218,151,218,151,FALSE,FALSE
66,34,2370,2593,2584,2370,2593,2584,2370,2593,2584,223,214,223,214,FALSE,FALSE
66,35,2244,2493,2461,2244,2493,2461,2244,2493,2461,249,217,249,217,FALSE,FALSE
66,36,2137,2357,2341,2137,2357,2341,2137,2357,2341,220,204,220,204,FALSE,FALSE
66,37,2017,2247,2235,2017,2247,2235,2017,2247,2235,230,218,230,218,FALSE,FALSE
66,38,1921,2128,2132,1921,2128,2132,1921,2128,2132,207,211,207,211,FALSE,FALSE
66,39,1796,2018,2026,1796,2018,2026,1796,2018,2026,222,230,222,230,FALSE,FALSE
66,40,1721,1908,1899,1721,1908,1899,1721,1908,1899,187,178,187,178,FALSE,FALSE
66,41,1633,1780,1781,1633,1780,1781,1633,1780,1781,147,148,147,148,FALSE,FALSE
66,42,1530,1680,1689,1530,1680,1689,1530,1680,1689,150,159,150,159,FALSE,FALSE
66,43,1460,1574,1595,1460,1574,1595,1460,1574,1595,114,135,114,135,FALSE,FALSE
66,44,1373,1476,1495,1373,1476,1495,1373,1476,1495,103,122,103,122,FALSE,FALSE
66,45,1296,1375,1419,1296,1375,1419,1296,1375,1419,79,123,79,123,FALSE,FALSE
66,46,1224,1285,1344,1224,1285,1344,1224,1285,1344,61,120,61,120,FALSE,FALSE
66,47,1158,1219,1259,1158,1219,1259,1158,1219,1259,61,101,61,101,FALSE,FALSE
66,48,1082,1145,1198,1082,1145,1198,1082,1145,1198,63,116,63,116,FALSE,FALSE
66,49,1022,1071,1125,1022,1071,1125,1022,1071,1125,49,103,49,103,FALSE,FALSE
66,50,947,986,1047,947,986,1047,947,986,1047,39,100,39,100,FALSE,FALSE
66,51,888,919,999,888,919,999,888,919,999,31,111,31,111,FALSE,FALSE
66,52,833,865,933,833,865,933,833,865,933,32,100,32,100,FALSE,FALSE
66,53,777,816,863,777,816,863,777,816,863,39,86,39,86,FALSE,FALSE
66,54,703,763,806,703,763,806,703,763,806,60,103,60,103,FALSE,FALSE
66,55,668,716,751,668,716,751,668,716,751,48,83,48,83,FALSE,FALSE
66,56,627,674,701,627,674,701,627,674,701,47,74,47,74,FALSE,FALSE
66,57,589,625,652,589,625,652,589,625,652,36,63,36,63,FALSE,FALSE
66,58,544,574,605,544,574,605,544,574,605,30,61,30,61,FALSE,FALSE
66,59,501,537,573,501,537,573,501,537,573,36,72,36,72,FALSE,FALSE
66,60,477,504,537,477,504,537,477,504,537,27,60,27,60,FALSE,FALSE
67,0,123,123,123,123,123,123,123,123,123,0,0,0,0,TRUE,TRUE
67,1,206,216,200,206,216,200,206,216,200,10,-6,10,6,FALSE,FALSE
67,2,352,346,350,352,346,350,352,346,350,-6,-2,6,2,FALSE,FALSE
67,3,587,586,614,587,586,614,587,586,614,-1,27,1,27,FALSE,FALSE
67,4,937,952,1016,937,952,1016,937,952,1016,15,79,15,79,FALSE,FALSE
67,5,1541,1437,1566,1541,1437,1566,1541,1437,1566,-104,25,104,25,FALSE,FALSE
67,6,2257,2092,2275,2257,2092,2275,2257,2092,2275,-165,18,165,18,FALSE,FALSE
67,7,3027,2768,3024,3027,2768,3024,3027,2768,3024,-259,-3,259,3,FALSE,FALSE
67,8,3666,3257,3548,3666,3257,3548,3666,3257,3548,-409,-118,409,118,FALSE,FALSE
67,9,3976,3631,3824,3976,3631,3824,3976,3631,3824,-345,-152,345,152,FALSE,FALSE
67,10,3980,3730,3804,3980,3730,3804,3980,3730,3804,-250,-176,250,176,FALSE,FALSE
67,11,3638,3524,3495,3638,3524,3495,3638,3524,3495,-114,-143,114,143,FALSE,FALSE
67,12,3257,3247,3091,3257,3247,3091,3257,3247,3091,-10,-166,10,166,FALSE,FALSE
67,13,2791,2836,2687,2791,2836,2687,2791,2836,2687,45,-104,45,104,FALSE,FALSE
67,14,2341,2394,2264,2341,2394,2264,2341,2394,2264,53,-77,53,77,FALSE,FALSE
67,15,1952,1958,1834,1952,1958,1834,1952,1958,1834,6,-118,6,118,FALSE,FALSE
67,16,1604,1615,1520,1604,1615,1520,1604,1615,1520,11,-84,11,84,FALSE,FALSE
67,17,1318,1324,1253,1318,1324,1253,1318,1324,1253,6,-65,6,65,FALSE,FALSE
67,18,1074,1086,1035,1074,1086,1035,1074,1086,1035,12,-39,12,39,FALSE,FALSE
67,19,850,901,847,850,901,847,850,901,847,51,-3,51,3,FALSE,FALSE
67,20,685,726,682,685,726,682,685,726,682,41,-3,41,3,FALSE,FALSE
67,21,544,570,541,544,570,541,544,570,541,26,-3,26,3,FALSE,FALSE
67,22,452,457,438,452,457,438,452,457,438,5,-14,5,14,FALSE,FALSE
67,23,357,368,341,357,368,341,357,368,341,11,-16,11,16,FALSE,FALSE
67,24,275,288,268,275,288,268,275,288,268,13,-7,13,7,FALSE,FALSE
67,25,205,236,218,205,236,218,205,236,218,31,13,31,13,FALSE,FALSE
67,26,165,199,174,165,199,174,165,199,174,34,9,34,9,FALSE,FALSE
67,27,130,169,142,130,169,142,130,169,142,39,12,39,12,FALSE,FALSE
67,28,98,139,114,98,139,114,98,139,114,41,16,41,16,FALSE,FALSE
67,29,80,113,88,80,113,88,80,113,88,33,8,33,8,FALSE,FALSE
67,30,68,97,73,68,97,73,68,97,73,29,5,29,5,FALSE,FALSE
67,31,50,74,59,50,74,59,50,74,59,24,9,24,9,FALSE,FALSE
67,32,43,63,50,43,63,50,43,63,50,20,7,20,7,FALSE,FALSE
67,33,34,53,35,34,53,35,34,53,35,19,1,19,1,FALSE,FALSE
67,34,23,44,25,23,44,25,23,44,25,21,2,21,2,FALSE,FALSE
67,35,23,34,20,23,34,20,23,34,20,11,-3,11,3,FALSE,FALSE
67,36,16,28,15,16,28,15,16,28,15,12,-1,12,1,FALSE,FALSE
67,37,14,22,13,14,22,13,14,22,13,8,-1,8,1,FALSE,FALSE
67,38,13,21,9,13,21,9,13,21,9,8,-4,8,4,FALSE,FALSE
67,39,10,16,7,10,16,7,10,16,7,6,-3,6,3,FALSE,FALSE
67,40,6,17,6,6,17,6,6,17,6,11,0,11,0,FALSE,TRUE
67,41,6,13,6,6,13,6,6,13,6,7,0,7,0,FALSE,TRUE
67,42,4,12,4,4,12,4,4,12,4,8,0,8,0,FALSE,TRUE
67,43,5,10,3,5,10,3,5,10,3,5,-2,5,2,FALSE,FALSE
67,44,5,8,1,5,8,1,5,8,1,3,-4,3,4,FALSE,FALSE
67,45,4,7,1,4,7,1,4,7,1,3,-3,3,3,FALSE,FALSE
67,46,3,6,1,3,6,1,3,6,1,3,-2,3,2,FALSE,FALSE
67,47,2,6,1,2,6,1,2,6,1,4,-1,4,1,FALSE,FALSE
67,48,1,6,1,1,6,1,1,6,1,5,0,5,0,FALSE,TRUE
67,49,1,4,1,1,4,1,1,4,1,3,0,3,0,FALSE,TRUE
67,50,1,4,1,1,4,1,1,4,1,3,0,3,0,FALSE,TRUE
67,51,0,2,0,0,2,0,0,2,0,2,0,2,0,FALSE,TRUE
67,52,0,2,0,0,2,0,0,2,0,2,0,2,0,FALSE,TRUE
67,53,0,1,0,0,1,0,0,1,0,1,0,1,0,FALSE,TRUE
67,54,0,1,0,0,1,0,0,1,0,1,0,1,0,FALSE,TRUE
67,55,0,1,0,0,1,0,0,1,0,1,0,1,0,FALSE,TRUE
67,56,0,1,0,0,1,0,0,1,0,1,0,1,0,FALSE,TRUE
67,57,0,1,0,0,1,0,0,1,0,1,0,1,0,FALSE,TRUE
67,58,0,1,0,0,1,0,0,1,0,1,0,1,0,FALSE,TRUE
67,59,0,0,0,0,0,0,0,0,0,0,0,0,0,TRUE,TRUE
67,60,0,0,0,0,0,0,0,0,0,0,0,0,0,TRUE,TRUE
68,0,69,69,69,69,69,69,69,69,69,0,0,0,0,TRUE,TRUE
68,1,76,66,82,76,66,82,76,66,82,-10,6,10,6,FALSE,FALSE
68,2,79,77,90,79,77,90,79,77,90,-2,11,2,11,FALSE,FALSE
68,3,93,82,108,93,82,108,93,82,108,-11,15,11,15,FALSE,FALSE
68,4,93,87,108,93,87,108,93,87,108,-6,15,6,15,FALSE,FALSE
68,5,106,92,115,106,92,115,106,92,115,-14,9,14,9,FALSE,FALSE
68,6,103,99,119,103,99,119,103,99,119,-4,16,4,16,FALSE,FALSE
68,7,102,117,142,102,117,142,102,117,142,15,40,15,40,FALSE,FALSE
68,8,106,121,148,106,121,148,106,121,148,15,42,15,42,FALSE,FALSE
68,9,118,136,161,118,136,161,118,136,161,18,43,18,43,FALSE,FALSE
68,10,129,145,176,129,145,176,129,145,176,16,47,16,47,FALSE,FALSE
68,11,149,161,183,149,161,183,149,161,183,12,34,12,34,FALSE,FALSE
68,12,163,177,201,163,177,201,163,177,201,14,38,14,38,FALSE,FALSE
68,13,170,181,199,170,181,199,170,181,199,11,29,11,29,FALSE,FALSE
68,14,192,186,209,192,186,209,192,186,209,-6,17,6,17,FALSE,FALSE
68,15,196,199,232,196,199,232,196,199,232,3,36,3,36,FALSE,FALSE
68,16,218,204,249,218,204,249,218,204,249,-14,31,14,31,FALSE,FALSE
68,17,221,221,265,221,221,265,221,221,265,0,44,0,44,TRUE,FALSE
68,18,228,227,295,228,227,295,228,227,295,-1,67,1,67,FALSE,FALSE
68,19,247,238,320,247,238,320,247,238,320,-9,73,9,73,FALSE,FALSE
68,20,252,242,351,252,242,351,252,242,351,-10,99,10,99,FALSE,FALSE
68,21,272,261,380,272,261,380,272,261,380,-11,108,11,108,FALSE,FALSE
68,22,302,264,407,302,264,407,302,264,407,-38,105,38,105,FALSE,FALSE
68,23,329,291,425,329,291,425,329,291,425,-38,96,38,96,FALSE,FALSE
68,24,355,313,446,355,313,446,355,313,446,-42,91,42,91,FALSE,FALSE
68,25,388,326,466,388,326,466,388,326,466,-62,78,62,78,FALSE,FALSE
68,26,420,339,476,420,339,476,420,339,476,-81,56,81,56,FALSE,FALSE
68,27,447,337,491,447,337,491,447,337,491,-110,44,110,44,FALSE,FALSE
68,28,484,337,500,484,337,500,484,337,500,-147,16,147,16,FALSE,FALSE
68,29,510,360,514,510,360,514,510,360,514,-150,4,150,4,FALSE,FALSE
68,30,528,377,532,528,377,532,528,377,532,-151,4,151,4,FALSE,FALSE
68,31,548,356,564,548,356,564,548,356,564,-192,16,192,16,FALSE,FALSE
68,32,568,365,593,568,365,593,568,365,593,-203,25,203,25,FALSE,FALSE
68,33,607,381,613,607,381,613,607,381,613,-226,6,226,6,FALSE,FALSE
68,34,622,394,634,622,394,634,622,394,634,-228,12,228,12,FALSE,FALSE
68,35,644,405,646,644,405,646,644,405,646,-239,2,239,2,FALSE,FALSE
68,36,644,401,650,644,401,650,644,401,650,-243,6,243,6,FALSE,FALSE
68,37,664,410,669,664,410,669,664,410,669,-254,5,254,5,FALSE,FALSE
68,38,675,419,671,675,419,671,675,419,671,-256,-4,256,4,FALSE,FALSE
68,39,676,421,698,676,421,698,676,421,698,-255,22,255,22,FALSE,FALSE
68,40,693,422,691,693,422,691,693,422,691,-271,-2,271,2,FALSE,FALSE
68,41,694,419,712,694,419,712,694,419,712,-275,18,275,18,FALSE,FALSE
68,42,722,417,722,722,417,722,722,417,722,-305,0,305,0,FALSE,TRUE
68,43,750,425,703,750,425,703,750,425,703,-325,-47,325,47,FALSE,FALSE
68,44,765,420,683,765,420,683,765,420,683,-345,-82,345,82,FALSE,FALSE
68,45,734,423,696,734,423,696,734,423,696,-311,-38,311,38,FALSE,FALSE
68,46,726,419,691,726,419,691,726,419,691,-307,-35,307,35,FALSE,FALSE
68,47,724,423,682,724,423,682,724,423,682,-301,-42,301,42,FALSE,FALSE
68,48,712,423,667,712,423,667,712,423,667,-289,-45,289,45,FALSE,FALSE
68,49,702,415,654,702,415,654,702,415,654,-287,-48,287,48,FALSE,FALSE
68,50,681,420,632,681,420,632,681,420,632,-261,-49,261,49,FALSE,FALSE
68,51,692,404,625,692,404,625,692,404,625,-288,-67,288,67,FALSE,FALSE
68,52,671,403,605,671,403,605,671,403,605,-268,-66,268,66,FALSE,FALSE
68,53,649,393,606,649,393,606,649,393,606,-256,-43,256,43,FALSE,FALSE
68,54,604,384,568,604,384,568,604,384,568,-220,-36,220,36,FALSE,FALSE
68,55,582,375,553,582,375,553,582,375,553,-207,-29,207,29,FALSE,FALSE
68,56,583,375,535,583,375,535,583,375,535,-208,-48,208,48,FALSE,FALSE
68,57,562,370,508,562,370,508,562,370,508,-192,-54,192,54,FALSE,FALSE
68,58,550,387,479,550,387,479,550,387,479,-163,-71,163,71,FALSE,FALSE
68,59,523,397,443,523,397,443,523,397,443,-126,-80,126,80,FALSE,FALSE
68,60,494,379,425,494,379,425,494,379,425,-115,-69,115,69,FALSE,FALSE
69,0,68,68,68,68,68,68,68,68,68,0,0,0,0,TRUE,TRUE
69,1,87,80,86,87,80,86,87,80,86,-7,-1,7,1,FALSE,FALSE
69,2,105,90,92,105,90,92,105,90,92,-15,-13,15,13,FALSE,FALSE
69,3,118,108,98,118,108,98,118,108,98,-10,-20,10,20,FALSE,FALSE
69,4,128,129,106,128,129,106,128,129,106,1,-22,1,22,FALSE,FALSE
69,5,147,131,115,147,131,115,147,131,115,-16,-32,16,32,FALSE,FALSE
69,6,168,140,124,168,140,124,168,140,124,-28,-44,28,44,FALSE,FALSE
69,7,193,151,142,193,151,142,193,151,142,-42,-51,42,51,FALSE,FALSE
69,8,223,168,150,223,168,150,223,168,150,-55,-73,55,73,FALSE,FALSE
69,9,241,178,158,241,178,158,241,178,158,-63,-83,63,83,FALSE,FALSE
69,10,284,209,176,284,209,176,284,209,176,-75,-108,75,108,FALSE,FALSE
69,11,309,237,187,309,237,187,309,237,187,-72,-122,72,122,FALSE,FALSE
69,12,341,268,204,341,268,204,341,268,204,-73,-137,73,137,FALSE,FALSE
69,13,395,301,227,395,301,227,395,301,227,-94,-168,94,168,FALSE,FALSE
69,14,440,341,261,440,341,261,440,341,261,-99,-179,99,179,FALSE,FALSE
69,15,470,395,277,470,395,277,470,395,277,-75,-193,75,193,FALSE,FALSE
69,16,504,440,319,504,440,319,504,440,319,-64,-185,64,185,FALSE,FALSE
69,17,568,495,372,568,495,372,568,495,372,-73,-196,73,196,FALSE,FALSE
69,18,623,540,402,623,540,402,623,540,402,-83,-221,83,221,FALSE,FALSE
69,19,684,588,449,684,588,449,684,588,449,-96,-235,96,235,FALSE,FALSE
69,20,761,651,503,761,651,503,761,651,503,-110,-258,110,258,FALSE,FALSE
69,21,841,710,560,841,710,560,841,710,560,-131,-281,131,281,FALSE,FALSE
69,22,930,773,623,930,773,623,930,773,623,-157,-307,157,307,FALSE,FALSE
69,23,1014,857,667,1014,857,667,1014,857,667,-157,-347,157,347,FALSE,FALSE
69,24,1107,929,735,1107,929,735,1107,929,735,-178,-372,178,372,FALSE,FALSE
69,25,1183,991,796,1183,991,796,1183,991,796,-192,-387,192,387,FALSE,FALSE
69,26,1264,1060,889,1264,1060,889,1264,1060,889,-204,-375,204,375,FALSE,FALSE
69,27,1337,1130,948,1337,1130,948,1337,1130,948,-207,-389,207,389,FALSE,FALSE
69,28,1422,1213,1014,1422,1213,1014,1422,1213,1014,-209,-408,209,408,FALSE,FALSE
69,29,1510,1264,1087,1510,1264,1087,1510,1264,1087,-246,-423,246,423,FALSE,FALSE
69,30,1606,1371,1172,1606,1371,1172,1606,1371,1172,-235,-434,235,434,FALSE,FALSE
69,31,1654,1423,1235,1654,1423,1235,1654,1423,1235,-231,-419,231,419,FALSE,FALSE
69,32,1680,1448,1283,1680,1448,1283,1680,1448,1283,-232,-397,232,397,FALSE,FALSE
69,33,1676,1512,1362,1676,1512,1362,1676,1512,1362,-164,-314,164,314,FALSE,FALSE
69,34,1669,1564,1382,1669,1564,1382,1669,1564,1382,-105,-287,105,287,FALSE,FALSE
69,35,1675,1609,1440,1675,1609,1440,1675,1609,1440,-66,-235,66,235,FALSE,FALSE
69,36,1688,1651,1487,1688,1651,1487,1688,1651,1487,-37,-201,37,201,FALSE,FALSE
69,37,1700,1688,1538,1700,1688,1538,1700,1688,1538,-12,-162,12,162,FALSE,FALSE
69,38,1674,1711,1584,1674,1711,1584,1674,1711,1584,37,-90,37,90,FALSE,FALSE
69,39,1663,1715,1607,1663,1715,1607,1663,1715,1607,52,-56,52,56,FALSE,FALSE
69,40,1655,1705,1616,1655,1705,1616,1655,1705,1616,50,-39,50,39,FALSE,FALSE
69,41,1645,1709,1634,1645,1709,1634,1645,1709,1634,64,-11,64,11,FALSE,FALSE
69,42,1583,1695,1617,1583,1695,1617,1583,1695,1617,112,34,112,34,FALSE,FALSE
69,43,1550,1693,1621,1550,1693,1621,1550,1693,1621,143,71,143,71,FALSE,FALSE
69,44,1499,1677,1596,1499,1677,1596,1499,1677,1596,178,97,178,97,FALSE,FALSE
69,45,1436,1609,1536,1436,1609,1536,1436,1609,1536,173,100,173,100,FALSE,FALSE
69,46,1366,1539,1485,1366,1539,1485,1366,1539,1485,173,119,173,119,FALSE,FALSE
69,47,1324,1512,1472,1324,1512,1472,1324,1512,1472,188,148,188,148,FALSE,FALSE
69,48,1292,1449,1405,1292,1449,1405,1292,1449,1405,157,113,157,113,FALSE,FALSE
69,49,1258,1363,1376,1258,1363,1376,1258,1363,1376,105,118,105,118,FALSE,FALSE
69,50,1211,1307,1368,1211,1307,1368,1211,1307,1368,96,157,96,157,FALSE,FALSE
69,51,1147,1245,1296,1147,1245,1296,1147,1245,1296,98,149,98,149,FALSE,FALSE
69,52,1118,1192,1249,1118,1192,1249,1118,1192,1249,74,131,74,131,FALSE,FALSE
69,53,1056,1153,1194,1056,1153,1194,1056,1153,1194,97,138,97,138,FALSE,FALSE
69,54,1006,1123,1152,1006,1123,1152,1006,1123,1152,117,146,117,146,FALSE,FALSE
69,55,951,1080,1109,951,1080,1109,951,1080,1109,129,158,129,158,FALSE,FALSE
69,56,885,1037,1073,885,1037,1073,885,1037,1073,152,188,152,188,FALSE,FALSE
69,57,840,961,1044,840,961,1044,840,961,1044,121,204,121,204,FALSE,FALSE
69,58,792,917,1013,792,917,1013,792,917,1013,125,221,125,221,FALSE,FALSE
69,59,721,837,998,721,837,998,721,837,998,116,277,116,277,FALSE,FALSE
69,60,686,786,959,686,786,959,686,786,959,100,273,100,273,FALSE,FALSE
70,0,102,102,102,102,102,102,102,102,102,0,0,0,0,TRUE,TRUE
70,1,170,179,198,170,179,198,170,179,198,9,28,9,28,FALSE,FALSE
70,2,287,311,335,287,311,335,287,311,335,24,48,24,48,FALSE,FALSE
70,3,490,525,612,490,525,612,490,525,612,35,122,35,122,FALSE,FALSE
70,4,826,878,1034,826,878,1034,826,878,1034,52,208,52,208,FALSE,FALSE
70,5,1309,1446,1578,1309,1446,1578,1309,1446,1578,137,269,137,269,FALSE,FALSE
70,6,1990,2125,2275,1990,2125,2275,1990,2125,2275,135,285,135,285,FALSE,FALSE
70,7,2663,2804,2919,2663,2804,2919,2663,2804,2919,141,256,141,256,FALSE,FALSE
70,8,3252,3313,3410,3252,3313,3410,3252,3313,3410,61,158,61,158,FALSE,FALSE
70,9,3519,3486,3571,3519,3486,3571,3519,3486,3571,-33,52,33,52,FALSE,FALSE
70,10,3460,3360,3428,3460,3360,3428,3460,3360,3428,-100,-32,100,32,FALSE,FALSE
70,11,3188,3016,3022,3188,3016,3022,3188,3016,3022,-172,-166,172,166,FALSE,FALSE
70,12,2779,2632,2586,2779,2632,2586,2779,2632,2586,-147,-193,147,193,FALSE,FALSE
70,13,2323,2217,2217,2323,2217,2217,2323,2217,2217,-106,-106,106,106,FALSE,FALSE
70,14,1921,1851,1816,1921,1851,1816,1921,1851,1816,-70,-105,70,105,FALSE,FALSE
70,15,1528,1521,1484,1528,1521,1484,1528,1521,1484,-7,-44,7,44,FALSE,FALSE
70,16,1264,1219,1197,1264,1219,1197,1264,1219,1197,-45,-67,45,67,FALSE,FALSE
70,17,1048,984,961,1048,984,961,1048,984,961,-64,-87,64,87,FALSE,FALSE
70,18,836,789,756,836,789,756,836,789,756,-47,-80,47,80,FALSE,FALSE
70,19,688,620,581,688,620,581,688,620,581,-68,-107,68,107,FALSE,FALSE
70,20,556,491,457,556,491,457,556,491,457,-65,-99,65,99,FALSE,FALSE
70,21,425,404,376,425,404,376,425,404,376,-21,-49,21,49,FALSE,FALSE
70,22,336,322,308,336,322,308,336,322,308,-14,-28,14,28,FALSE,FALSE
70,23,271,264,238,271,264,238,271,264,238,-7,-33,7,33,FALSE,FALSE
70,24,211,202,190,211,202,190,211,202,190,-9,-21,9,21,FALSE,FALSE
70,25,168,165,151,168,165,151,168,165,151,-3,-17,3,17,FALSE,FALSE
70,26,129,119,118,129,119,118,129,119,118,-10,-11,10,11,FALSE,FALSE
70,27,106,102,96,106,102,96,106,102,96,-4,-10,4,10,FALSE,FALSE
70,28,82,77,75,82,77,75,82,77,75,-5,-7,5,7,FALSE,FALSE
70,29,70,57,52,70,57,52,70,57,52,-13,-18,13,18,FALSE,FALSE
70,30,53,46,41,53,46,41,53,46,41,-7,-12,7,12,FALSE,FALSE
70,31,39,36,36,39,36,36,39,36,36,-3,-3,3,3,FALSE,FALSE
70,32,32,28,27,32,28,27,32,28,27,-4,-5,4,5,FALSE,FALSE
70,33,20,21,18,20,21,18,20,21,18,1,-2,1,2,FALSE,FALSE
70,34,15,17,14,15,17,14,15,17,14,2,-1,2,1,FALSE,FALSE
70,35,12,17,9,12,17,9,12,17,9,5,-3,5,3,FALSE,FALSE
70,36,10,12,10,10,12,10,10,12,10,2,0,2,0,FALSE,TRUE
70,37,10,8,7,10,8,7,10,8,7,-2,-3,2,3,FALSE,FALSE
70,38,8,7,5,8,7,5,8,7,5,-1,-3,1,3,FALSE,FALSE
70,39,6,4,4,6,4,4,6,4,4,-2,-2,2,2,FALSE,FALSE
70,40,4,3,4,4,3,4,4,3,4,-1,0,1,0,FALSE,TRUE
70,41,3,4,3,3,4,3,3,4,3,1,0,1,0,FALSE,TRUE
70,42,3,4,2,3,4,2,3,4,2,1,-1,1,1,FALSE,FALSE
70,43,2,4,2,2,4,2,2,4,2,2,0,2,0,FALSE,TRUE
70,44,1,4,2,1,4,2,1,4,2,3,1,3,1,FALSE,FALSE
70,45,0,1,2,0,1,2,0,1,2,1,2,1,2,FALSE,FALSE
70,46,0,1,2,0,1,2,0,1,2,1,2,1,2,FALSE,FALSE
70,47,0,0,1,0,0,1,0,0,1,0,1,0,1,TRUE,FALSE
70,48,0,0,0,0,0,0,0,0,0,0,0,0,0,TRUE,TRUE
70,49,0,0,0,0,0,0,0,0,0,0,0,0,0,TRUE,TRUE
70,50,0,0,0,0,0,0,0,0,0,0,0,0,0,TRUE,TRUE
70,51,0,0,0,0,0,0,0,0,0,0,0,0,0,TRUE,TRUE
70,52,0,0,0,0,0,0,0,0,0,0,0,0,0,TRUE,TRUE
70,53,0,0,0,0,0,0,0,0,0,0,0,0,0,TRUE,TRUE
70,54,0,0,0,0,0,0,0,0,0,0,0,0,0,TRUE,TRUE
70,55,0,0,0,0,0,0,0,0,0,0,0,0,0,TRUE,TRUE
70,56,0,0,0,0,0,0,0,0,0,0,0,0,0,TRUE,TRUE
70,57,0,0,0,0,0,0,0,0,0,0,0,0,0,TRUE,TRUE
70,58,0,0,0,0,0,0,0,0,0,0,0,0,0,TRUE,TRUE
70,59,0,0,0,0,0,0,0,0,0,0,0,0,0,TRUE,TRUE
70,60,0,0,0,0,0,0,0,0,0,0,0,0,0,TRUE,TRUE
71,0,160,160,160,160,160,160,160,160,160,0,0,0,0,TRUE,TRUE
71,1,213,217,213,213,217,213,213,217,213,4,0,4,0,FALSE,TRUE
71,2,283,281,303,283,281,303,283,281,303,-2,20,2,20,FALSE,FALSE
71,3,372,385,400,372,385,400,372,385,400,13,28,13,28,FALSE,FALSE
71,4,480,494,503,480,494,503,480,494,503,14,23,14,23,FALSE,FALSE
71,5,605,624,614,605,624,614,605,624,614,19,9,19,9,FALSE,FALSE
71,6,796,794,748,796,794,748,796,794,748,-2,-48,2,48,FALSE,FALSE
71,7,973,980,940,973,980,940,973,980,940,7,-33,7,33,FALSE,FALSE
71,8,1206,1216,1149,1206,1216,1149,1206,1216,1149,10,-57,10,57,FALSE,FALSE
71,9,1466,1484,1414,1466,1484,1414,1466,1484,1414,18,-52,18,52,FALSE,FALSE
71,10,1755,1748,1669,1755,1748,1669,1755,1748,1669,-7,-86,7,86,FALSE,FALSE
71,11,2028,2019,1968,2028,2019,1968,2028,2019,1968,-9,-60,9,60,FALSE,FALSE
71,12,2378,2268,2234,2378,2268,2234,2378,2268,2234,-110,-144,110,144,FALSE,FALSE
71,13,2605,2427,2474,2605,2427,2474,2605,2427,2474,-178,-131,178,131,FALSE,FALSE
71,14,2790,2536,2679,2790,2536,2679,2790,2536,2679,-254,-111,254,111,FALSE,FALSE
71,15,2913,2672,2781,2913,2672,2781,2913,2672,2781,-241,-132,241,132,FALSE,FALSE
71,16,2967,2772,2906,2967,2772,2906,2967,2772,2906,-195,-61,195,61,FALSE,FALSE
71,17,2935,2832,2936,2935,2832,2936,2935,2832,2936,-103,1,103,1,FALSE,FALSE
71,18,2860,2746,2877,2860,2746,2877,2860,2746,2877,-114,17,114,17,FALSE,FALSE
71,19,2728,2675,2821,2728,2675,2821,2728,2675,2821,-53,93,53,93,FALSE,FALSE
71,20,2606,2524,2691,2606,2524,2691,2606,2524,2691,-82,85,82,85,FALSE,FALSE
71,21,2455,2394,2542,2455,2394,2542,2455,2394,2542,-61,87,61,87,FALSE,FALSE
71,22,2318,2215,2376,2318,2215,2376,2318,2215,2376,-103,58,103,58,FALSE,FALSE
71,23,2143,2030,2204,2143,2030,2204,2143,2030,2204,-113,61,113,61,FALSE,FALSE
71,24,1972,1858,1993,1972,1858,1993,1972,1858,1993,-114,21,114,21,FALSE,FALSE
71,25,1790,1738,1817,1790,1738,1817,1790,1738,1817,-52,27,52,27,FALSE,FALSE
71,26,1629,1567,1651,1629,1567,1651,1629,1567,1651,-62,22,62,22,FALSE,FALSE
71,27,1487,1443,1468,1487,1443,1468,1487,1443,1468,-44,-19,44,19,FALSE,FALSE
71,28,1325,1316,1309,1325,1316,1309,1325,1316,1309,-9,-16,9,16,FALSE,FALSE
71,29,1182,1188,1165,1182,1188,1165,1182,1188,1165,6,-17,6,17,FALSE,FALSE
71,30,1055,1065,1047,1055,1065,1047,1055,1065,1047,10,-8,10,8,FALSE,FALSE
71,31,949,940,904,949,940,904,949,940,904,-9,-45,9,45,FALSE,FALSE
71,32,871,846,803,871,846,803,871,846,803,-25,-68,25,68,FALSE,FALSE
71,33,769,768,711,769,768,711,769,768,711,-1,-58,1,58,FALSE,FALSE
71,34,682,690,628,682,690,628,682,690,628,8,-54,8,54,FALSE,FALSE
71,35,612,610,561,612,610,561,612,610,561,-2,-51,2,51,FALSE,FALSE
71,36,536,551,494,536,551,494,536,551,494,15,-42,15,42,FALSE,FALSE
71,37,475,494,439,475,494,439,475,494,439,19,-36,19,36,FALSE,FALSE
71,38,413,441,392,413,441,392,413,441,392,28,-21,28,21,FALSE,FALSE
71,39,362,412,356,362,412,356,362,412,356,50,-6,50,6,FALSE,FALSE
71,40,329,366,317,329,366,317,329,366,317,37,-12,37,12,FALSE,FALSE
71,41,276,318,277,276,318,277,276,318,277,42,1,42,1,FALSE,FALSE
71,42,234,291,241,234,291,241,234,291,241,57,7,57,7,FALSE,FALSE
71,43,209,255,211,209,255,211,209,255,211,46,2,46,2,FALSE,FALSE
71,44,186,223,181,186,223,181,186,223,181,37,-5,37,5,FALSE,FALSE
71,45,171,188,170,171,188,170,171,188,170,17,-1,17,1,FALSE,FALSE
71,46,153,170,143,153,170,143,153,170,143,17,-10,17,10,FALSE,FALSE
71,47,126,157,124,126,157,124,126,157,124,31,-2,31,2,FALSE,FALSE
71,48,110,143,110,110,143,110,110,143,110,33,0,33,0,FALSE,TRUE
71,49,97,124,88,97,124,88,97,124,88,27,-9,27,9,FALSE,FALSE
71,50,85,106,78,85,106,78,85,106,78,21,-7,21,7,FALSE,FALSE
71,51,82,89,68,82,89,68,82,89,68,7,-14,7,14,FALSE,FALSE
71,52,71,82,58,71,82,58,71,82,58,11,-13,11,13,FALSE,FALSE
71,53,65,74,51,65,74,51,65,74,51,9,-14,9,14,FALSE,FALSE
71,54,58,63,44,58,63,44,58,63,44,5,-14,5,14,FALSE,FALSE
71,55,51,56,38,51,56,38,51,56,38,5,-13,5,13,FALSE,FALSE
71,56,47,50,28,47,50,28,47,50,28,3,-19,3,19,FALSE,FALSE
71,57,41,42,22,41,42,22,41,42,22,1,-19,1,19,FALSE,FALSE
71,58,36,38,20,36,38,20,36,38,20,2,-16,2,16,FALSE,FALSE
71,59,31,36,14,31,36,14,31,36,14,5,-17,5,17,FALSE,FALSE
71,60,25,33,13,25,33,13,25,33,13,8,-12,8,12,FALSE,FALSE
72,0,36,36,36,36,36,36,36,36,36,0,0,0,0,TRUE,TRUE
72,1,59,51,60,59,51,60,59,51,60,-8,1,8,1,FALSE,FALSE
72,2,93,77,87,93,77,87,93,77,87,-16,-6,16,6,FALSE,FALSE
72,3,141,127,140,141,127,140,141,127,140,-14,-1,14,1,FALSE,FALSE
72,4,210,210,228,210,210,228,210,210,228,0,18,0,18,TRUE,FALSE
72,5,314,306,368,314,306,368,314,306,368,-8,54,8,54,FALSE,FALSE
72,6,471,454,532,471,454,532,471,454,532,-17,61,17,61,FALSE,FALSE
72,7,680,645,792,680,645,792,680,645,792,-35,112,35,112,FALSE,FALSE
72,8,963,876,1104,963,876,1104,963,876,1104,-87,141,87,141,FALSE,FALSE
72,9,1202,1133,1435,1202,1133,1435,1202,1133,1435,-69,233,69,233,FALSE,FALSE
72,10,1461,1368,1681,1461,1368,1681,1461,1368,1681,-93,220,93,220,FALSE,FALSE
72,11,1672,1556,1785,1672,1556,1785,1672,1556,1785,-116,113,116,113,FALSE,FALSE
72,12,1703,1679,1856,1703,1679,1856,1703,1679,1856,-24,153,24,153,FALSE,FALSE
72,13,1678,1637,1783,1678,1637,1783,1678,1637,1783,-41,105,41,105,FALSE,FALSE
72,14,1525,1578,1577,1525,1578,1577,1525,1578,1577,53,52,53,52,FALSE,FALSE
72,15,1360,1464,1398,1360,1464,1398,1360,1464,1398,104,38,104,38,FALSE,FALSE
72,16,1198,1299,1162,1198,1299,1162,1198,1299,1162,101,-36,101,36,FALSE,FALSE
72,17,1008,1125,974,1008,1125,974,1008,1125,974,117,-34,117,34,FALSE,FALSE
72,18,868,963,808,868,963,808,868,963,808,95,-60,95,60,FALSE,FALSE
72,19,706,829,640,706,829,640,706,829,640,123,-66,123,66,FALSE,FALSE
72,20,559,679,511,559,679,511,559,679,511,120,-48,120,48,FALSE,FALSE
72,21,460,550,404,460,550,404,460,550,404,90,-56,90,56,FALSE,FALSE
72,22,366,465,323,366,465,323,366,465,323,99,-43,99,43,FALSE,FALSE
72,23,300,370,259,300,370,259,300,370,259,70,-41,70,41,FALSE,FALSE
72,24,228,299,195,228,299,195,228,299,195,71,-33,71,33,FALSE,FALSE
72,25,186,242,158,186,242,158,186,242,158,56,-28,56,28,FALSE,FALSE
72,26,144,206,130,144,206,130,144,206,130,62,-14,62,14,FALSE,FALSE
72,27,113,164,97,113,164,97,113,164,97,51,-16,51,16,FALSE,FALSE
72,28,94,118,83,94,118,83,94,118,83,24,-11,24,11,FALSE,FALSE
72,29,72,95,57,72,95,57,72,95,57,23,-15,23,15,FALSE,FALSE
72,30,50,80,48,50,80,48,50,80,48,30,-2,30,2,FALSE,FALSE
72,31,40,64,38,40,64,38,40,64,38,24,-2,24,2,FALSE,FALSE
72,32,31,50,28,31,50,28,31,50,28,19,-3,19,3,FALSE,FALSE
72,33,24,39,24,24,39,24,24,39,24,15,0,15,0,FALSE,TRUE
72,34,20,30,18,20,30,18,20,30,18,10,-2,10,2,FALSE,FALSE
72,35,15,23,11,15,23,11,15,23,11,8,-4,8,4,FALSE,FALSE
72,36,16,20,11,16,20,11,16,20,11,4,-5,4,5,FALSE,FALSE
72,37,13,15,6,13,15,6,13,15,6,2,-7,2,7,FALSE,FALSE
72,38,8,12,6,8,12,6,8,12,6,4,-2,4,2,FALSE,FALSE
72,39,9,8,4,9,8,4,9,8,4,-1,-5,1,5,FALSE,FALSE
72,40,8,8,1,8,8,1,8,8,1,0,-7,0,7,TRUE,FALSE
72,41,8,6,1,8,6,1,8,6,1,-2,-7,2,7,FALSE,FALSE
72,42,6,6,1,6,6,1,6,6,1,0,-5,0,5,TRUE,FALSE
72,43,6,4,0,6,4,0,6,4,0,-2,-6,2,6,FALSE,FALSE
72,44,4,3,0,4,3,0,4,3,0,-1,-4,1,4,FALSE,FALSE
72,45,2,3,0,2,3,0,2,3,0,1,-2,1,2,FALSE,FALSE
72,46,2,3,0,2,3,0,2,3,0,1,-2,1,2,FALSE,FALSE
72,47,2,3,0,2,3,0,2,3,0,1,-2,1,2,FALSE,FALSE
72,48,2,2,0,2,2,0,2,2,0,0,-2,0,2,TRUE,FALSE
72,49,1,2,0,1,2,0,1,2,0,1,-1,1,1,FALSE,FALSE
72,50,0,2,0,0,2,0,0,2,0,2,0,2,0,FALSE,TRUE
72,51,0,2,0,0,2,0,0,2,0,2,0,2,0,FALSE,TRUE
72,52,0,1,0,0,1,0,0,1,0,1,0,1,0,FALSE,TRUE
72,53,0,1,0,0,1,0,0,1,0,1,0,1,0,FALSE,TRUE
72,54,0,1,0,0,1,0,0,1,0,1,0,1,0,FALSE,TRUE
72,55,0,1,0,0,1,0,0,1,0,1,0,1,0,FALSE,TRUE
72,56,0,1,0,0,1,0,0,1,0,1,0,1,0,FALSE,TRUE
72,57,0,0,0,0,0,0,0,0,0,0,0,0,0,TRUE,TRUE
72,58,0,0,0,0,0,0,0,0,0,0,0,0,0,TRUE,TRUE
72,59,0,0,0,0,0,0,0,0,0,0,0,0,0,TRUE,TRUE
72,60,0,0,0,0,0,0,0,0,0,0,0,0,0,TRUE,TRUE
73,0,48,48,48,48,48,48,48,48,48,0,0,0,0,TRUE,TRUE
73,1,76,69,73,76,69,73,76,69,73,-7,-3,7,3,FALSE,FALSE
73,2,131,107,117,131,107,117,131,107,117,-24,-14,24,14,FALSE,FALSE
73,3,213,150,183,213,150,183,213,150,183,-63,-30,63,30,FALSE,FALSE
73,4,344,210,276,344,210,276,344,210,276,-134,-68,134,68,FALSE,FALSE
73,5,531,308,446,531,308,446,531,308,446,-223,-85,223,85,FALSE,FALSE
73,6,836,444,701,836,444,701,836,444,701,-392,-135,392,135,FALSE,FALSE
73,7,1185,631,976,1185,631,976,1185,631,976,-554,-209,554,209,FALSE,FALSE
73,8,1502,849,1321,1502,849,1321,1502,849,1321,-653,-181,653,181,FALSE,FALSE
73,9,1842,1122,1667,1842,1122,1667,1842,1122,1667,-720,-175,720,175,FALSE,FALSE
73,10,2008,1441,1920,2008,1441,1920,2008,1441,1920,-567,-88,567,88,FALSE,FALSE
73,11,2124,1735,2055,2124,1735,2055,2124,1735,2055,-389,-69,389,69,FALSE,FALSE
73,12,2064,1926,2048,2064,1926,2048,2064,1926,2048,-138,-16,138,16,FALSE,FALSE
73,13,1921,2004,1928,1921,2004,1928,1921,2004,1928,83,7,83,7,FALSE,FALSE
73,14,1638,2013,1736,1638,2013,1736,1638,2013,1736,375,98,375,98,FALSE,FALSE
73,15,1388,1901,1534,1388,1901,1534,1388,1901,1534,513,146,513,146,FALSE,FALSE
73,16,1161,1738,1335,1161,1738,1335,1161,1738,1335,577,174,577,174,FALSE,FALSE
73,17,961,1497,1118,961,1497,1118,961,1497,1118,536,157,536,157,FALSE,FALSE
73,18,766,1278,949,766,1278,949,766,1278,949,512,183,512,183,FALSE,FALSE
73,19,630,1081,810,630,1081,810,630,1081,810,451,180,451,180,FALSE,FALSE
73,20,511,935,656,511,935,656,511,935,656,424,145,424,145,FALSE,FALSE
73,21,392,759,535,392,759,535,392,759,535,367,143,367,143,FALSE,FALSE
73,22,318,634,451,318,634,451,318,634,451,316,133,316,133,FALSE,FALSE
73,23,239,530,363,239,530,363,239,530,363,291,124,291,124,FALSE,FALSE
73,24,179,434,275,179,434,275,179,434,275,255,96,255,96,FALSE,FALSE
73,25,144,367,228,144,367,228,144,367,228,223,84,223,84,FALSE,FALSE
73,26,112,282,174,112,282,174,112,282,174,170,62,170,62,FALSE,FALSE
73,27,83,232,136,83,232,136,83,232,136,149,53,149,53,FALSE,FALSE
73,28,63,172,105,63,172,105,63,172,105,109,42,109,42,FALSE,FALSE
73,29,51,142,82,51,142,82,51,142,82,91,31,91,31,FALSE,FALSE
73,30,39,115,67,39,115,67,39,115,67,76,28,76,28,FALSE,FALSE
73,31,33,91,55,33,91,55,33,91,55,58,22,58,22,FALSE,FALSE
73,32,28,74,46,28,74,46,28,74,46,46,18,46,18,FALSE,FALSE
73,33,24,62,37,24,62,37,24,62,37,38,13,38,13,FALSE,FALSE
73,34,21,44,33,21,44,33,21,44,33,23,12,23,12,FALSE,FALSE
73,35,14,32,27,14,32,27,14,32,27,18,13,18,13,FALSE,FALSE
73,36,10,22,22,10,22,22,10,22,22,12,12,12,12,FALSE,FALSE
73,37,8,20,19,8,20,19,8,20,19,12,11,12,11,FALSE,FALSE
73,38,5,16,16,5,16,16,5,16,16,11,11,11,11,FALSE,FALSE
73,39,3,17,13,3,17,13,3,17,13,14,10,14,10,FALSE,FALSE
73,40,2,13,8,2,13,8,2,13,8,11,6,11,6,FALSE,FALSE
73,41,3,13,8,3,13,8,3,13,8,10,5,10,5,FALSE,FALSE
73,42,2,10,9,2,10,9,2,10,9,8,7,8,7,FALSE,FALSE
73,43,2,8,5,2,8,5,2,8,5,6,3,6,3,FALSE,FALSE
73,44,1,8,4,1,8,4,1,8,4,7,3,7,3,FALSE,FALSE
73,45,1,8,3,1,8,3,1,8,3,7,2,7,2,FALSE,FALSE
73,46,0,5,3,0,5,3,0,5,3,5,3,5,3,FALSE,FALSE
73,47,0,4,3,0,4,3,0,4,3,4,3,4,3,FALSE,FALSE
73,48,0,3,2,0,3,2,0,3,2,3,2,3,2,FALSE,FALSE
73,49,0,3,1,0,3,1,0,3,1,3,1,3,1,FALSE,FALSE
73,50,0,3,1,0,3,1,0,3,1,3,1,3,1,FALSE,FALSE
73,51,0,3,0,0,3,0,0,3,0,3,0,3,0,FALSE,TRUE
73,52,0,2,0,0,2,0,0,2,0,2,0,2,0,FALSE,TRUE
73,53,0,1,0,0,1,0,0,1,0,1,0,1,0,FALSE,TRUE
73,54,0,1,0,0,1,0,0,1,0,1,0,1,0,FALSE,TRUE
73,55,0,1,0,0,1,0,0,1,0,1,0,1,0,FALSE,TRUE
73,56,0,1,0,0,1,0,0,1,0,1,0,1,0,FALSE,TRUE
73,57,0,1,0,0,1,0,0,1,0,1,0,1,0,FALSE,TRUE
73,58,0,1,0,0,1,0,0,1,0,1,0,1,0,FALSE,TRUE
73,59,0,1,0,0,1,0,0,1,0,1,0,1,0,FALSE,TRUE
73,60,0,1,0,0,1,0,0,1,0,1,0,1,0,FALSE,TRUE
74,0,125,125,125,125,125,125,125,125,125,0,0,0,0,TRUE,TRUE
74,1,151,160,160,151,160,160,151,160,160,9,9,9,9,FALSE,FALSE
74,2,194,199,209,194,199,209,194,199,209,5,15,5,15,FALSE,FALSE
74,3,244,256,259,244,256,259,244,256,259,12,15,12,15,FALSE,FALSE
74,4,292,320,315,292,320,315,292,320,315,28,23,28,23,FALSE,FALSE
74,5,353,401,376,353,401,376,353,401,376,48,23,48,23,FALSE,FALSE
74,6,424,486,460,424,486,460,424,486,460,62,36,62,36,FALSE,FALSE
74,7,540,614,549,540,614,549,540,614,549,74,9,74,9,FALSE,FALSE
74,8,662,733,657,662,733,657,662,733,657,71,-5,71,5,FALSE,FALSE
74,9,809,860,758,809,860,758,809,860,758,51,-51,51,51,FALSE,FALSE
74,10,974,991,874,974,991,874,974,991,874,17,-100,17,100,FALSE,FALSE
74,11,1101,1130,999,1101,1130,999,1101,1130,999,29,-102,29,102,FALSE,FALSE
74,12,1238,1272,1150,1238,1272,1150,1238,1272,1150,34,-88,34,88,FALSE,FALSE
74,13,1379,1430,1302,1379,1430,1302,1379,1430,1302,51,-77,51,77,FALSE,FALSE
74,14,1544,1610,1490,1544,1610,1490,1544,1610,1490,66,-54,66,54,FALSE,FALSE
74,15,1689,1678,1600,1689,1678,1600,1689,1678,1600,-11,-89,11,89,FALSE,FALSE
74,16,1798,1749,1718,1798,1749,1718,1798,1749,1718,-49,-80,49,80,FALSE,FALSE
74,17,1896,1795,1778,1896,1795,1778,1896,1795,1778,-101,-118,101,118,FALSE,FALSE
74,18,1932,1837,1834,1932,1837,1834,1932,1837,1834,-95,-98,95,98,FALSE,FALSE
74,19,1955,1914,1883,1955,1914,1883,1955,1914,1883,-41,-72,41,72,FALSE,FALSE
74,20,1960,1884,1859,1960,1884,1859,1960,1884,1859,-76,-101,76,101,FALSE,FALSE
74,21,1904,1806,1865,1904,1806,1865,1904,1806,1865,-98,-39,98,39,FALSE,FALSE
74,22,1803,1744,1840,1803,1744,1840,1803,1744,1840,-59,37,59,37,FALSE,FALSE
74,23,1703,1679,1786,1703,1679,1786,1703,1679,1786,-24,83,24,83,FALSE,FALSE
74,24,1616,1581,1721,1616,1581,1721,1616,1581,1721,-35,105,35,105,FALSE,FALSE
74,25,1533,1486,1621,1533,1486,1621,1533,1486,1621,-47,88,47,88,FALSE,FALSE
74,26,1431,1383,1535,1431,1383,1535,1431,1383,1535,-48,104,48,104,FALSE,FALSE
74,27,1334,1275,1440,1334,1275,1440,1334,1275,1440,-59,106,59,106,FALSE,FALSE
74,28,1265,1172,1316,1265,1172,1316,1265,1172,1316,-93,51,93,51,FALSE,FALSE
74,29,1178,1080,1224,1178,1080,1224,1178,1080,1224,-98,46,98,46,FALSE,FALSE
74,30,1062,994,1108,1062,994,1108,1062,994,1108,-68,46,68,46,FALSE,FALSE
74,31,981,931,1016,981,931,1016,981,931,1016,-50,35,50,35,FALSE,FALSE
74,32,896,870,940,896,870,940,896,870,940,-26,44,26,44,FALSE,FALSE
74,33,820,793,842,820,793,842,820,793,842,-27,22,27,22,FALSE,FALSE
74,34,717,726,756,717,726,756,717,726,756,9,39,9,39,FALSE,FALSE
74,35,651,651,692,651,651,692,651,651,692,0,41,0,41,TRUE,FALSE
74,36,597,593,622,597,593,622,597,593,622,-4,25,4,25,FALSE,FALSE
74,37,540,547,565,540,547,565,540,547,565,7,25,7,25,FALSE,FALSE
74,38,493,493,493,493,493,493,493,493,493,0,0,0,0,TRUE,TRUE
74,39,440,433,461,440,433,461,440,433,461,-7,21,7,21,FALSE,FALSE
74,40,391,385,410,391,385,410,391,385,410,-6,19,6,19,FALSE,FALSE
74,41,357,354,373,357,354,373,357,354,373,-3,16,3,16,FALSE,FALSE
74,42,317,319,323,317,319,323,317,319,323,2,6,2,6,FALSE,FALSE
74,43,283,281,297,283,281,297,283,281,297,-2,14,2,14,FALSE,FALSE
74,44,256,252,266,256,252,266,256,252,266,-4,10,4,10,FALSE,FALSE
74,45,230,223,243,230,223,243,230,223,243,-7,13,7,13,FALSE,FALSE
74,46,209,200,215,209,200,215,209,200,215,-9,6,9,6,FALSE,FALSE
74,47,184,176,192,184,176,192,184,176,192,-8,8,8,8,FALSE,FALSE
74,48,166,148,171,166,148,171,166,148,171,-18,5,18,5,FALSE,FALSE
74,49,149,133,154,149,133,154,149,133,154,-16,5,16,5,FALSE,FALSE
74,50,131,119,138,131,119,138,131,119,138,-12,7,12,7,FALSE,FALSE
74,51,118,105,119,118,105,119,118,105,119,-13,1,13,1,FALSE,FALSE
74,52,105,95,109,105,95,109,105,95,109,-10,4,10,4,FALSE,FALSE
74,53,92,87,99,92,87,99,92,87,99,-5,7,5,7,FALSE,FALSE
74,54,79,84,84,79,84,84,79,84,84,5,5,5,5,FALSE,FALSE
74,55,67,73,74,67,73,74,67,73,74,6,7,6,7,FALSE,FALSE
74,56,60,69,68,60,69,68,60,69,68,9,8,9,8,FALSE,FALSE
74,57,52,56,60,52,56,60,52,56,60,4,8,4,8,FALSE,FALSE
74,58,44,50,49,44,50,49,44,50,49,6,5,6,5,FALSE,FALSE
74,59,39,46,40,39,46,40,39,46,40,7,1,7,1,FALSE,FALSE
74,60,36,40,33,36,40,33,36,40,33,4,-3,4,3,FALSE,FALSE
75,0,101,101,101,101,101,101,101,101,101,0,0,0,0,TRUE,TRUE
75,1,149,148,156,149,148,156,149,148,156,-1,7,1,7,FALSE,FALSE
75,2,198,218,227,198,218,227,198,218,227,20,29,20,29,FALSE,FALSE
75,3,283,315,328,283,315,328,283,315,328,32,45,32,45,FALSE,FALSE
75,4,417,450,455,417,450,455,417,450,455,33,38,33,38,FALSE,FALSE
75,5,583,643,606,583,643,606,583,643,606,60,23,60,23,FALSE,FALSE
75,6,775,861,807,775,861,807,775,861,807,86,32,86,32,FALSE,FALSE
75,7,1006,1122,1049,1006,1122,1049,1006,1122,1049,116,43,116,43,FALSE,FALSE
75,8,1297,1388,1322,1297,1388,1322,1297,1388,1322,91,25,91,25,FALSE,FALSE
75,9,1586,1711,1652,1586,1711,1652,1586,1711,1652,125,66,125,66,FALSE,FALSE
75,10,1886,2006,1986,1886,2006,1986,1886,2006,1986,120,100,120,100,FALSE,FALSE
75,11,2237,2258,2263,2237,2258,2263,2237,2258,2263,21,26,21,26,FALSE,FALSE
75,12,2425,2360,2465,2425,2360,2465,2425,2360,2465,-65,40,65,40,FALSE,FALSE
75,13,2543,2405,2532,2543,2405,2532,2543,2405,2532,-138,-11,138,11,FALSE,FALSE
75,14,2507,2327,2536,2507,2327,2536,2507,2327,2536,-180,29,180,29,FALSE,FALSE
75,15,2395,2222,2391,2395,2222,2391,2395,2222,2391,-173,-4,173,4,FALSE,FALSE
75,16,2220,2074,2253,2220,2074,2253,2220,2074,2253,-146,33,146,33,FALSE,FALSE
75,17,2029,1936,2024,2029,1936,2024,2029,1936,2024,-93,-5,93,5,FALSE,FALSE
75,18,1833,1754,1788,1833,1754,1788,1833,1754,1788,-79,-45,79,45,FALSE,FALSE
75,19,1639,1560,1575,1639,1560,1575,1639,1560,1575,-79,-64,79,64,FALSE,FALSE
75,20,1445,1336,1332,1445,1336,1332,1445,1336,1332,-109,-113,109,113,FALSE,FALSE
75,21,1247,1162,1185,1247,1162,1185,1247,1162,1185,-85,-62,85,62,FALSE,FALSE
75,22,1062,994,1038,1062,994,1038,1062,994,1038,-68,-24,68,24,FALSE,FALSE
75,23,898,845,881,898,845,881,898,845,881,-53,-17,53,17,FALSE,FALSE
75,24,797,704,743,797,704,743,797,704,743,-93,-54,93,54,FALSE,FALSE
75,25,670,608,645,670,608,645,670,608,645,-62,-25,62,25,FALSE,FALSE
75,26,570,502,546,570,502,546,570,502,546,-68,-24,68,24,FALSE,FALSE
75,27,486,416,453,486,416,453,486,416,453,-70,-33,70,33,FALSE,FALSE
75,28,407,355,380,407,355,380,407,355,380,-52,-27,52,27,FALSE,FALSE
75,29,346,288,315,346,288,315,346,288,315,-58,-31,58,31,FALSE,FALSE
75,30,283,231,261,283,231,261,283,231,261,-52,-22,52,22,FALSE,FALSE
75,31,231,191,223,231,191,223,231,191,223,-40,-8,40,8,FALSE,FALSE
75,32,191,154,194,191,154,194,191,154,194,-37,3,37,3,FALSE,FALSE
75,33,157,131,150,157,131,150,157,131,150,-26,-7,26,7,FALSE,FALSE
75,34,136,114,119,136,114,119,136,114,119,-22,-17,22,17,FALSE,FALSE
75,35,117,98,97,117,98,97,117,98,97,-19,-20,19,20,FALSE,FALSE
75,36,95,73,81,95,73,81,95,73,81,-22,-14,22,14,FALSE,FALSE
75,37,77,66,63,77,66,63,77,66,63,-11,-14,11,14,FALSE,FALSE
75,38,64,52,57,64,52,57,64,52,57,-12,-7,12,7,FALSE,FALSE
75,39,56,43,44,56,43,44,56,43,44,-13,-12,13,12,FALSE,FALSE
75,40,42,31,35,42,31,35,42,31,35,-11,-7,11,7,FALSE,FALSE
75,41,38,25,27,38,25,27,38,25,27,-13,-11,13,11,FALSE,FALSE
75,42,36,23,23,36,23,23,36,23,23,-13,-13,13,13,FALSE,FALSE
75,43,29,19,16,29,19,16,29,19,16,-10,-13,10,13,FALSE,FALSE
75,44,21,15,14,21,15,14,21,15,14,-6,-7,6,7,FALSE,FALSE
75,45,15,11,13,15,11,13,15,11,13,-4,-2,4,2,FALSE,FALSE
75,46,10,12,12,10,12,12,10,12,12,2,2,2,2,FALSE,FALSE
75,47,10,13,9,10,13,9,10,13,9,3,-1,3,1,FALSE,FALSE
75,48,5,7,8,5,7,8,5,7,8,2,3,2,3,FALSE,FALSE
75,49,3,6,6,3,6,6,3,6,6,3,3,3,3,FALSE,FALSE
75,50,3,4,4,3,4,4,3,4,4,1,1,1,1,FALSE,FALSE
75,51,3,2,5,3,2,5,3,2,5,-1,2,1,2,FALSE,FALSE
75,52,3,1,5,3,1,5,3,1,5,-2,2,2,2,FALSE,FALSE
75,53,3,1,5,3,1,5,3,1,5,-2,2,2,2,FALSE,FALSE
75,54,3,1,5,3,1,5,3,1,5,-2,2,2,2,FALSE,FALSE
75,55,3,1,4,3,1,4,3,1,4,-2,1,2,1,FALSE,FALSE
75,56,3,0,3,3,0,3,3,0,3,-3,0,3,0,FALSE,TRUE
75,57,2,0,3,2,0,3,2,0,3,-2,1,2,1,FALSE,FALSE
75,58,2,0,2,2,0,2,2,0,2,-2,0,2,0,FALSE,TRUE
75,59,2,0,2,2,0,2,2,0,2,-2,0,2,0,FALSE,TRUE
75,60,2,0,1,2,0,1,2,0,1,-2,-1,2,1,FALSE,FALSE
76,0,57,57,57,57,57,57,57,57,57,0,0,0,0,TRUE,TRUE
76,1,63,61,61,63,61,61,63,61,61,-2,-2,2,2,FALSE,FALSE
76,2,77,80,75,77,80,75,77,80,75,3,-2,3,2,FALSE,FALSE
76,3,101,98,85,101,98,85,101,98,85,-3,-16,3,16,FALSE,FALSE
76,4,109,111,103,109,111,103,109,111,103,2,-6,2,6,FALSE,FALSE
76,5,110,130,123,110,130,123,110,130,123,20,13,20,13,FALSE,FALSE
76,6,132,146,139,132,146,139,132,146,139,14,7,14,7,FALSE,FALSE
76,7,159,174,165,159,174,165,159,174,165,15,6,15,6,FALSE,FALSE
76,8,186,183,191,186,183,191,186,183,191,-3,5,3,5,FALSE,FALSE
76,9,208,212,216,208,212,216,208,212,216,4,8,4,8,FALSE,FALSE
76,10,236,225,240,236,225,240,236,225,240,-11,4,11,4,FALSE,FALSE
76,11,266,239,274,266,239,274,266,239,274,-27,8,27,8,FALSE,FALSE
76,12,297,285,307,297,285,307,297,285,307,-12,10,12,10,FALSE,FALSE
76,13,334,337,351,334,337,351,334,337,351,3,17,3,17,FALSE,FALSE
76,14,381,399,393,381,399,393,381,399,393,18,12,18,12,FALSE,FALSE
76,15,426,453,439,426,453,439,426,453,439,27,13,27,13,FALSE,FALSE
76,16,455,519,512,455,519,512,455,519,512,64,57,64,57,FALSE,FALSE
76,17,498,600,560,498,600,560,498,600,560,102,62,102,62,FALSE,FALSE
76,18,563,657,636,563,657,636,563,657,636,94,73,94,73,FALSE,FALSE
76,19,614,729,709,614,729,709,614,729,709,115,95,115,95,FALSE,FALSE
76,20,653,784,760,653,784,760,653,784,760,131,107,131,107,FALSE,FALSE
76,21,730,841,807,730,841,807,730,841,807,111,77,111,77,FALSE,FALSE
76,22,792,920,870,792,920,870,792,920,870,128,78,128,78,FALSE,FALSE
76,23,862,993,960,862,993,960,862,993,960,131,98,131,98,FALSE,FALSE
76,24,926,1057,1036,926,1057,1036,926,1057,1036,131,110,131,110,FALSE,FALSE
76,25,971,1123,1120,971,1123,1120,971,1123,1120,152,149,152,149,FALSE,FALSE
76,26,1017,1182,1155,1017,1182,1155,1017,1182,1155,165,138,165,138,FALSE,FALSE
76,27,1061,1261,1256,1061,1261,1256,1061,1261,1256,200,195,200,195,FALSE,FALSE
76,28,1063,1346,1252,1063,1346,1252,1063,1346,1252,283,189,283,189,FALSE,FALSE
76,29,1116,1389,1296,1116,1389,1296,1116,1389,1296,273,180,273,180,FALSE,FALSE
76,30,1148,1429,1304,1148,1429,1304,1148,1429,1304,281,156,281,156,FALSE,FALSE
76,31,1177,1459,1340,1177,1459,1340,1177,1459,1340,282,163,282,163,FALSE,FALSE
76,32,1179,1454,1385,1179,1454,1385,1179,1454,1385,275,206,275,206,FALSE,FALSE
76,33,1182,1456,1415,1182,1456,1415,1182,1456,1415,274,233,274,233,FALSE,FALSE
76,34,1194,1412,1417,1194,1412,1417,1194,1412,1417,218,223,218,223,FALSE,FALSE
76,35,1200,1379,1431,1200,1379,1431,1200,1379,1431,179,231,179,231,FALSE,FALSE
76,36,1204,1334,1415,1204,1334,1415,1204,1334,1415,130,211,130,211,FALSE,FALSE
76,37,1199,1328,1400,1199,1328,1400,1199,1328,1400,129,201,129,201,FALSE,FALSE
76,38,1167,1330,1350,1167,1330,1350,1167,1330,1350,163,183,163,183,FALSE,FALSE
76,39,1166,1300,1291,1166,1300,1291,1166,1300,1291,134,125,134,125,FALSE,FALSE
76,40,1161,1269,1217,1161,1269,1217,1161,1269,1217,108,56,108,56,FALSE,FALSE
76,41,1118,1227,1141,1118,1227,1141,1118,1227,1141,109,23,109,23,FALSE,FALSE
76,42,1074,1192,1092,1074,1192,1092,1074,1192,1092,118,18,118,18,FALSE,FALSE
76,43,1047,1145,1026,1047,1145,1026,1047,1145,1026,98,-21,98,21,FALSE,FALSE
76,44,1024,1097,980,1024,1097,980,1024,1097,980,73,-44,73,44,FALSE,FALSE
76,45,998,1056,956,998,1056,956,998,1056,956,58,-42,58,42,FALSE,FALSE
76,46,942,1018,903,942,1018,903,942,1018,903,76,-39,76,39,FALSE,FALSE
76,47,884,965,838,884,965,838,884,965,838,81,-46,81,46,FALSE,FALSE
76,48,844,914,774,844,914,774,844,914,774,70,-70,70,70,FALSE,FALSE
76,49,790,852,707,790,852,707,790,852,707,62,-83,62,83,FALSE,FALSE
76,50,741,774,668,741,774,668,741,774,668,33,-73,33,73,FALSE,FALSE
76,51,701,707,644,701,707,644,701,707,644,6,-57,6,57,FALSE,FALSE
76,52,650,652,613,650,652,613,650,652,613,2,-37,2,37,FALSE,FALSE
76,53,620,605,573,620,605,573,620,605,573,-15,-47,15,47,FALSE,FALSE
76,54,583,557,514,583,557,514,583,557,514,-26,-69,26,69,FALSE,FALSE
76,55,543,519,491,543,519,491,543,519,491,-24,-52,24,52,FALSE,FALSE
76,56,501,472,458,501,472,458,501,472,458,-29,-43,29,43,FALSE,FALSE
76,57,489,442,435,489,442,435,489,442,435,-47,-54,47,54,FALSE,FALSE
76,58,452,404,387,452,404,387,452,404,387,-48,-65,48,65,FALSE,FALSE
76,59,415,389,349,415,389,349,415,389,349,-26,-66,26,66,FALSE,FALSE
76,60,375,365,317,375,365,317,375,365,317,-10,-58,10,58,FALSE,FALSE
77,0,159,159,159,159,159,159,159,159,159,0,0,0,0,TRUE,TRUE
77,1,193,185,192,193,185,192,193,185,192,-8,-1,8,1,FALSE,FALSE
77,2,218,221,219,218,221,219,218,221,219,3,1,3,1,FALSE,FALSE
77,3,258,244,260,258,244,260,258,244,260,-14,2,14,2,FALSE,FALSE
77,4,302,289,299,302,289,299,302,289,299,-13,-3,13,3,FALSE,FALSE
77,5,354,340,355,354,340,355,354,340,355,-14,1,14,1,FALSE,FALSE
77,6,425,387,401,425,387,401,425,387,401,-38,-24,38,24,FALSE,FALSE
77,7,493,449,468,493,449,468,493,449,468,-44,-25,44,25,FALSE,FALSE
77,8,563,522,527,563,522,527,563,522,527,-41,-36,41,36,FALSE,FALSE
77,9,646,611,604,646,611,604,646,611,604,-35,-42,35,42,FALSE,FALSE
77,10,735,726,674,735,726,674,735,726,674,-9,-61,9,61,FALSE,FALSE
77,11,844,825,770,844,825,770,844,825,770,-19,-74,19,74,FALSE,FALSE
77,12,968,954,867,968,954,867,968,954,867,-14,-101,14,101,FALSE,FALSE
77,13,1100,1071,952,1100,1071,952,1100,1071,952,-29,-148,29,148,FALSE,FALSE
77,14,1223,1216,1077,1223,1216,1077,1223,1216,1077,-7,-146,7,146,FALSE,FALSE
77,15,1358,1348,1191,1358,1348,1191,1358,1348,1191,-10,-167,10,167,FALSE,FALSE
77,16,1505,1497,1346,1505,1497,1346,1505,1497,1346,-8,-159,8,159,FALSE,FALSE
77,17,1660,1638,1485,1660,1638,1485,1660,1638,1485,-22,-175,22,175,FALSE,FALSE
77,18,1810,1781,1647,1810,1781,1647,1810,1781,1647,-29,-163,29,163,FALSE,FALSE
77,19,1961,1969,1761,1961,1969,1761,1961,1969,1761,8,-200,8,200,FALSE,FALSE
77,20,2110,2117,1879,2110,2117,1879,2110,2117,1879,7,-231,7,231,FALSE,FALSE
77,21,2232,2290,2014,2232,2290,2014,2232,2290,2014,58,-218,58,218,FALSE,FALSE
77,22,2335,2414,2185,2335,2414,2185,2335,2414,2185,79,-150,79,150,FALSE,FALSE
77,23,2434,2521,2291,2434,2521,2291,2434,2521,2291,87,-143,87,143,FALSE,FALSE
77,24,2532,2582,2393,2532,2582,2393,2532,2582,2393,50,-139,50,139,FALSE,FALSE
77,25,2587,2678,2492,2587,2678,2492,2587,2678,2492,91,-95,91,95,FALSE,FALSE
77,26,2638,2729,2521,2638,2729,2521,2638,2729,2521,91,-117,91,117,FALSE,FALSE
77,27,2679,2736,2580,2679,2736,2580,2679,2736,2580,57,-99,57,99,FALSE,FALSE
77,28,2684,2718,2614,2684,2718,2614,2684,2718,2614,34,-70,34,70,FALSE,FALSE
77,29,2676,2672,2638,2676,2672,2638,2676,2672,2638,-4,-38,4,38,FALSE,FALSE
77,30,2665,2628,2661,2665,2628,2661,2665,2628,2661,-37,-4,37,4,FALSE,FALSE
77,31,2627,2609,2631,2627,2609,2631,2627,2609,2631,-18,4,18,4,FALSE,FALSE
77,32,2587,2587,2586,2587,2587,2586,2587,2587,2586,0,-1,0,1,TRUE,FALSE
77,33,2533,2534,2535,2533,2534,2535,2533,2534,2535,1,2,1,2,FALSE,FALSE
77,34,2456,2435,2453,2456,2435,2453,2456,2435,2453,-21,-3,21,3,FALSE,FALSE
77,35,2379,2357,2382,2379,2357,2382,2379,2357,2382,-22,3,22,3,FALSE,FALSE
77,36,2297,2272,2301,2297,2272,2301,2297,2272,2301,-25,4,25,4,FALSE,FALSE
77,37,2198,2191,2194,2198,2191,2194,2198,2191,2194,-7,-4,7,4,FALSE,FALSE
77,38,2112,2065,2115,2112,2065,2115,2112,2065,2115,-47,3,47,3,FALSE,FALSE
77,39,2005,1974,2031,2005,1974,2031,2005,1974,2031,-31,26,31,26,FALSE,FALSE
77,40,1941,1877,1915,1941,1877,1915,1941,1877,1915,-64,-26,64,26,FALSE,FALSE
77,41,1840,1792,1857,1840,1792,1857,1840,1792,1857,-48,17,48,17,FALSE,FALSE
77,42,1743,1697,1780,1743,1697,1780,1743,1697,1780,-46,37,46,37,FALSE,FALSE
77,43,1642,1614,1691,1642,1614,1691,1642,1614,1691,-28,49,28,49,FALSE,FALSE
77,44,1536,1542,1634,1536,1542,1634,1536,1542,1634,6,98,6,98,FALSE,FALSE
77,45,1450,1461,1556,1450,1461,1556,1450,1461,1556,11,106,11,106,FALSE,FALSE
77,46,1363,1413,1462,1363,1413,1462,1363,1413,1462,50,99,50,99,FALSE,FALSE
77,47,1275,1353,1404,1275,1353,1404,1275,1353,1404,78,129,78,129,FALSE,FALSE
77,48,1186,1276,1340,1186,1276,1340,1186,1276,1340,90,154,90,154,FALSE,FALSE
77,49,1117,1184,1275,1117,1184,1275,1117,1184,1275,67,158,67,158,FALSE,FALSE
77,50,1051,1106,1204,1051,1106,1204,1051,1106,1204,55,153,55,153,FALSE,FALSE
77,51,988,1042,1133,988,1042,1133,988,1042,1133,54,145,54,145,FALSE,FALSE
77,52,937,983,1062,937,983,1062,937,983,1062,46,125,46,125,FALSE,FALSE
77,53,869,934,992,869,934,992,869,934,992,65,123,65,123,FALSE,FALSE
77,54,807,862,939,807,862,939,807,862,939,55,132,55,132,FALSE,FALSE
77,55,757,803,885,757,803,885,757,803,885,46,128,46,128,FALSE,FALSE
77,56,713,759,820,713,759,820,713,759,820,46,107,46,107,FALSE,FALSE
77,57,652,710,779,652,710,779,652,710,779,58,127,58,127,FALSE,FALSE
77,58,622,674,729,622,674,729,622,674,729,52,107,52,107,FALSE,FALSE
77,59,605,630,699,605,630,699,605,630,699,25,94,25,94,FALSE,FALSE
77,60,569,590,671,569,590,671,569,590,671,21,102,21,102,FALSE,FALSE
78,0,141,141,141,141,141,141,141,141,141,0,0,0,0,TRUE,TRUE
78,1,228,217,221,228,217,221,228,217,221,-11,-7,11,7,FALSE,FALSE
78,2,365,314,319,365,314,319,365,314,319,-51,-46,51,46,FALSE,FALSE
78,3,538,482,505,538,482,505,538,482,505,-56,-33,56,33,FALSE,FALSE
78,4,824,719,770,824,719,770,824,719,770,-105,-54,105,54,FALSE,FALSE
78,5,1150,1055,1116,1150,1055,1116,1150,1055,1116,-95,-34,95,34,FALSE,FALSE
78,6,1568,1459,1639,1568,1459,1639,1568,1459,1639,-109,71,109,71,FALSE,FALSE
78,7,1943,1887,2133,1943,1887,2133,1943,1887,2133,-56,190,56,190,FALSE,FALSE
78,8,2320,2272,2523,2320,2272,2523,2320,2272,2523,-48,203,48,203,FALSE,FALSE
78,9,2664,2504,2822,2664,2504,2822,2664,2504,2822,-160,158,160,158,FALSE,FALSE
78,10,2763,2583,2889,2763,2583,2889,2763,2583,2889,-180,126,180,126,FALSE,FALSE
78,11,2653,2580,2750,2653,2580,2750,2653,2580,2750,-73,97,73,97,FALSE,FALSE
78,12,2475,2420,2491,2475,2420,2491,2475,2420,2491,-55,16,55,16,FALSE,FALSE
78,13,2228,2228,2199,2228,2228,2199,2228,2228,2199,0,-29,0,29,TRUE,FALSE
78,14,1926,1970,1910,1926,1970,1910,1926,1970,1910,44,-16,44,16,FALSE,FALSE
78,15,1631,1694,1581,1631,1694,1581,1631,1694,1581,63,-50,63,50,FALSE,FALSE
78,16,1352,1438,1301,1352,1438,1301,1352,1438,1301,86,-51,86,51,FALSE,FALSE
78,17,1106,1208,1093,1106,1208,1093,1106,1208,1093,102,-13,102,13,FALSE,FALSE
78,18,903,1041,875,903,1041,875,903,1041,875,138,-28,138,28,FALSE,FALSE
78,19,731,860,696,731,860,696,731,860,696,129,-35,129,35,FALSE,FALSE
78,20,577,680,576,577,680,576,577,680,576,103,-1,103,1,FALSE,FALSE
78,21,493,557,483,493,557,483,493,557,483,64,-10,64,10,FALSE,FALSE
78,22,410,453,366,410,453,366,410,453,366,43,-44,43,44,FALSE,FALSE
78,23,327,378,280,327,378,280,327,378,280,51,-47,51,47,FALSE,FALSE
78,24,269,309,226,269,309,226,269,309,226,40,-43,40,43,FALSE,FALSE
78,25,211,253,175,211,253,175,211,253,175,42,-36,42,36,FALSE,FALSE
78,26,165,193,145,165,193,145,165,193,145,28,-20,28,20,FALSE,FALSE
78,27,140,149,114,140,149,114,140,149,114,9,-26,9,26,FALSE,FALSE
78,28,107,108,90,107,108,90,107,108,90,1,-17,1,17,FALSE,FALSE
78,29,93,85,76,93,85,76,93,85,76,-8,-17,8,17,FALSE,FALSE
78,30,76,66,66,76,66,66,76,66,66,-10,-10,10,10,FALSE,FALSE
78,31,56,56,52,56,56,52,56,56,52,0,-4,0,4,TRUE,FALSE
78,32,42,47,43,42,47,43,42,47,43,5,1,5,1,FALSE,FALSE
78,33,30,43,37,30,43,37,30,43,37,13,7,13,7,FALSE,FALSE
78,34,24,39,27,24,39,27,24,39,27,15,3,15,3,FALSE,FALSE
78,35,19,28,18,19,28,18,19,28,18,9,-1,9,1,FALSE,FALSE
78,36,15,21,18,15,21,18,15,21,18,6,3,6,3,FALSE,FALSE
78,37,13,15,14,13,15,14,13,15,14,2,1,2,1,FALSE,FALSE
78,38,9,12,12,9,12,12,9,12,12,3,3,3,3,FALSE,FALSE
78,39,9,7,11,9,7,11,9,7,11,-2,2,2,2,FALSE,FALSE
78,40,8,3,6,8,3,6,8,3,6,-5,-2,5,2,FALSE,FALSE
78,41,5,3,5,5,3,5,5,3,5,-2,0,2,0,FALSE,TRUE
78,42,5,3,4,5,3,4,5,3,4,-2,-1,2,1,FALSE,FALSE
78,43,5,3,4,5,3,4,5,3,4,-2,-1,2,1,FALSE,FALSE
78,44,6,3,4,6,3,4,6,3,4,-3,-2,3,2,FALSE,FALSE
78,45,5,2,4,5,2,4,5,2,4,-3,-1,3,1,FALSE,FALSE
78,46,2,2,3,2,2,3,2,2,3,0,1,0,1,TRUE,FALSE
78,47,2,2,4,2,2,4,2,2,4,0,2,0,2,TRUE,FALSE
78,48,2,2,3,2,2,3,2,2,3,0,1,0,1,TRUE,FALSE
78,49,2,1,2,2,1,2,2,1,2,-1,0,1,0,FALSE,TRUE
78,50,2,1,2,2,1,2,2,1,2,-1,0,1,0,FALSE,TRUE
78,51,1,1,1,1,1,1,1,1,1,0,0,0,0,TRUE,TRUE
78,52,1,1,0,1,1,0,1,1,0,0,-1,0,1,TRUE,FALSE
78,53,1,1,0,1,1,0,1,1,0,0,-1,0,1,TRUE,FALSE
78,54,1,1,0,1,1,0,1,1,0,0,-1,0,1,TRUE,FALSE
78,55,1,0,0,1,0,0,1,0,0,-1,-1,1,1,FALSE,FALSE
78,56,1,0,0,1,0,0,1,0,0,-1,-1,1,1,FALSE,FALSE
78,57,1,0,0,1,0,0,1,0,0,-1,-1,1,1,FALSE,FALSE
78,58,1,0,0,1,0,0,1,0,0,-1,-1,1,1,FALSE,FALSE
78,59,1,0,0,1,0,0,1,0,0,-1,-1,1,1,FALSE,FALSE
78,60,1,0,0,1,0,0,1,0,0,-1,-1,1,1,FALSE,FALSE
79,0,89,89,89,89,89,89,89,89,89,0,0,0,0,TRUE,TRUE
79,1,109,98,123,109,98,123,109,98,123,-11,14,11,14,FALSE,FALSE
79,2,136,114,150,136,114,150,136,114,150,-22,14,22,14,FALSE,FALSE
79,3,176,137,203,176,137,203,176,137,203,-39,27,39,27,FALSE,FALSE
79,4,194,177,245,194,177,245,194,177,245,-17,51,17,51,FALSE,FALSE
79,5,234,210,305,234,210,305,234,210,305,-24,71,24,71,FALSE,FALSE
79,6,291,246,375,291,246,375,291,246,375,-45,84,45,84,FALSE,FALSE
79,7,336,294,450,336,294,450,336,294,450,-42,114,42,114,FALSE,FALSE
79,8,396,363,521,396,363,521,396,363,521,-33,125,33,125,FALSE,FALSE
79,9,478,436,624,478,436,624,478,436,624,-42,146,42,146,FALSE,FALSE
79,10,568,526,757,568,526,757,568,526,757,-42,189,42,189,FALSE,FALSE
79,11,674,623,932,674,623,932,674,623,932,-51,258,51,258,FALSE,FALSE
79,12,803,727,1078,803,727,1078,803,727,1078,-76,275,76,275,FALSE,FALSE
79,13,907,862,1220,907,862,1220,907,862,1220,-45,313,45,313,FALSE,FALSE
79,14,1005,1030,1342,1005,1030,1342,1005,1030,1342,25,337,25,337,FALSE,FALSE
79,15,1126,1182,1465,1126,1182,1465,1126,1182,1465,56,339,56,339,FALSE,FALSE
79,16,1210,1294,1529,1210,1294,1529,1210,1294,1529,84,319,84,319,FALSE,FALSE
79,17,1338,1397,1599,1338,1397,1599,1338,1397,1599,59,261,59,261,FALSE,FALSE
79,18,1430,1494,1655,1430,1494,1655,1430,1494,1655,64,225,64,225,FALSE,FALSE
79,19,1521,1554,1671,1521,1554,1671,1521,1554,1671,33,150,33,150,FALSE,FALSE
79,20,1538,1597,1665,1538,1597,1665,1538,1597,1665,59,127,59,127,FALSE,FALSE
79,21,1525,1643,1617,1525,1643,1617,1525,1643,1617,118,92,118,92,FALSE,FALSE
79,22,1502,1615,1565,1502,1615,1565,1502,1615,1565,113,63,113,63,FALSE,FALSE
79,23,1465,1598,1474,1465,1598,1474,1465,1598,1474,133,9,133,9,FALSE,FALSE
79,24,1394,1522,1375,1394,1522,1375,1394,1522,1375,128,-19,128,19,FALSE,FALSE
79,25,1329,1462,1275,1329,1462,1275,1329,1462,1275,133,-54,133,54,FALSE,FALSE
79,26,1277,1352,1169,1277,1352,1169,1277,1352,1169,75,-108,75,108,FALSE,FALSE
79,27,1207,1291,1077,1207,1291,1077,1207,1291,1077,84,-130,84,130,FALSE,FALSE
79,28,1126,1169,982,1126,1169,982,1126,1169,982,43,-144,43,144,FALSE,FALSE
79,29,1003,1066,860,1003,1066,860,1003,1066,860,63,-143,63,143,FALSE,FALSE
79,30,919,953,800,919,953,800,919,953,800,34,-119,34,119,FALSE,FALSE
79,31,815,889,715,815,889,715,815,889,715,74,-100,74,100,FALSE,FALSE
79,32,709,788,661,709,788,661,709,788,661,79,-48,79,48,FALSE,FALSE
79,33,639,688,567,639,688,567,639,688,567,49,-72,49,72,FALSE,FALSE
79,34,580,617,528,580,617,528,580,617,528,37,-52,37,52,FALSE,FALSE
79,35,520,568,461,520,568,461,520,568,461,48,-59,48,59,FALSE,FALSE
79,36,469,518,418,469,518,418,469,518,418,49,-51,49,51,FALSE,FALSE
79,37,422,450,362,422,450,362,422,450,362,28,-60,28,60,FALSE,FALSE
79,38,378,392,322,378,392,322,378,392,322,14,-56,14,56,FALSE,FALSE
79,39,342,346,278,342,346,278,342,346,278,4,-64,4,64,FALSE,FALSE
79,40,302,313,227,302,313,227,302,313,227,11,-75,11,75,FALSE,FALSE
79,41,259,276,182,259,276,182,259,276,182,17,-77,17,77,FALSE,FALSE
79,42,219,245,167,219,245,167,219,245,167,26,-52,26,52,FALSE,FALSE
79,43,176,214,150,176,214,150,176,214,150,38,-26,38,26,FALSE,FALSE
79,44,154,189,130,154,189,130,154,189,130,35,-24,35,24,FALSE,FALSE
79,45,137,171,122,137,171,122,137,171,122,34,-15,34,15,FALSE,FALSE
79,46,117,135,103,117,135,103,117,135,103,18,-14,18,14,FALSE,FALSE
79,47,97,122,86,97,122,86,97,122,86,25,-11,25,11,FALSE,FALSE
79,48,93,120,74,93,120,74,93,120,74,27,-19,27,19,FALSE,FALSE
79,49,74,108,66,74,108,66,74,108,66,34,-8,34,8,FALSE,FALSE
79,50,67,108,56,67,108,56,67,108,56,41,-11,41,11,FALSE,FALSE
79,51,59,101,51,59,101,51,59,101,51,42,-8,42,8,FALSE,FALSE
79,52,47,87,48,47,87,48,47,87,48,40,1,40,1,FALSE,FALSE
79,53,39,73,46,39,73,46,39,73,46,34,7,34,7,FALSE,FALSE
79,54,33,59,42,33,59,42,33,59,42,26,9,26,9,FALSE,FALSE
79,55,33,51,38,33,51,38,33,51,38,18,5,18,5,FALSE,FALSE
79,56,28,47,32,28,47,32,28,47,32,19,4,19,4,FALSE,FALSE
79,57,25,42,33,25,42,33,25,42,33,17,8,17,8,FALSE,FALSE
79,58,19,40,31,19,40,31,19,40,31,21,12,21,12,FALSE,FALSE
79,59,19,40,27,19,40,27,19,40,27,21,8,21,8,FALSE,FALSE
79,60,21,33,24,21,33,24,21,33,24,12,3,12,3,FALSE,FALSE
80,0,80,80,80,80,80,80,80,80,80,0,0,0,0,TRUE,TRUE
80,1,112,114,104,112,114,104,112,114,104,2,-8,2,8,FALSE,FALSE
80,2,154,150,131,154,150,131,154,150,131,-4,-23,4,23,FALSE,FALSE
80,3,205,199,189,205,199,189,205,199,189,-6,-16,6,16,FALSE,FALSE
80,4,270,261,264,270,261,264,270,261,264,-9,-6,9,6,FALSE,FALSE
80,5,346,343,349,346,343,349,346,343,349,-3,3,3,3,FALSE,FALSE
80,6,448,462,444,448,462,444,448,462,444,14,-4,14,4,FALSE,FALSE
80,7,555,604,601,555,604,601,555,604,601,49,46,49,46,FALSE,FALSE
80,8,688,814,803,688,814,803,688,814,803,126,115,126,115,FALSE,FALSE
80,9,852,1051,1034,852,1051,1034,852,1051,1034,199,182,199,182,FALSE,FALSE
80,10,1070,1329,1304,1070,1329,1304,1070,1329,1304,259,234,259,234,FALSE,FALSE
80,11,1353,1600,1599,1353,1600,1599,1353,1600,1599,247,246,247,246,FALSE,FALSE
80,12,1662,1945,1924,1662,1945,1924,1662,1945,1924,283,262,283,262,FALSE,FALSE
80,13,2003,2274,2284,2003,2274,2284,2003,2274,2284,271,281,271,281,FALSE,FALSE
80,14,2355,2612,2652,2355,2612,2652,2355,2612,2652,257,297,257,297,FALSE,FALSE
80,15,2720,2933,2971,2720,2933,2971,2720,2933,2971,213,251,213,251,FALSE,FALSE
80,16,3038,3164,3217,3038,3164,3217,3038,3164,3217,126,179,126,179,FALSE,FALSE
80,17,3345,3370,3415,3345,3370,3415,3345,3370,3415,25,70,25,70,FALSE,FALSE
80,18,3527,3542,3575,3527,3542,3575,3527,3542,3575,15,48,15,48,FALSE,FALSE
80,19,3634,3639,3707,3634,3639,3707,3634,3639,3707,5,73,5,73,FALSE,FALSE
80,20,3694,3648,3707,3694,3648,3707,3694,3648,3707,-46,13,46,13,FALSE,FALSE
80,21,3676,3636,3639,3676,3636,3639,3676,3636,3639,-40,-37,40,37,FALSE,FALSE
80,22,3619,3585,3560,3619,3585,3560,3619,3585,3560,-34,-59,34,59,FALSE,FALSE
80,23,3525,3481,3457,3525,3481,3457,3525,3481,3457,-44,-68,44,68,FALSE,FALSE
80,24,3441,3355,3332,3441,3355,3332,3441,3355,3332,-86,-109,86,109,FALSE,FALSE
80,25,3309,3189,3138,3309,3189,3138,3309,3189,3138,-120,-171,120,171,FALSE,FALSE
80,26,3105,3029,2945,3105,3029,2945,3105,3029,2945,-76,-160,76,160,FALSE,FALSE
80,27,2902,2853,2756,2902,2853,2756,2902,2853,2756,-49,-146,49,146,FALSE,FALSE
80,28,2744,2721,2564,2744,2721,2564,2744,2721,2564,-23,-180,23,180,FALSE,FALSE
80,29,2565,2565,2403,2565,2565,2403,2565,2565,2403,0,-162,0,162,TRUE,FALSE
80,30,2382,2367,2221,2382,2367,2221,2382,2367,2221,-15,-161,15,161,FALSE,FALSE
80,31,2217,2201,2071,2217,2201,2071,2217,2201,2071,-16,-146,16,146,FALSE,FALSE
80,32,2052,2041,1937,2052,2041,1937,2052,2041,1937,-11,-115,11,115,FALSE,FALSE
80,33,1921,1903,1781,1921,1903,1781,1921,1903,1781,-18,-140,18,140,FALSE,FALSE
80,34,1781,1771,1632,1781,1771,1632,1781,1771,1632,-10,-149,10,149,FALSE,FALSE
80,35,1628,1631,1502,1628,1631,1502,1628,1631,1502,3,-126,3,126,FALSE,FALSE
80,36,1505,1528,1361,1505,1528,1361,1505,1528,1361,23,-144,23,144,FALSE,FALSE
80,37,1369,1430,1268,1369,1430,1268,1369,1430,1268,61,-101,61,101,FALSE,FALSE
80,38,1272,1313,1165,1272,1313,1165,1272,1313,1165,41,-107,41,107,FALSE,FALSE
80,39,1168,1214,1070,1168,1214,1070,1168,1214,1070,46,-98,46,98,FALSE,FALSE
80,40,1083,1122,970,1083,1122,970,1083,1122,970,39,-113,39,113,FALSE,FALSE
80,41,1005,1032,898,1005,1032,898,1005,1032,898,27,-107,27,107,FALSE,FALSE
80,42,916,943,829,916,943,829,916,943,829,27,-87,27,87,FALSE,FALSE
80,43,840,868,764,840,868,764,840,868,764,28,-76,28,76,FALSE,FALSE
80,44,771,790,691,771,790,691,771,790,691,19,-80,19,80,FALSE,FALSE
80,45,687,732,637,687,732,637,687,732,637,45,-50,45,50,FALSE,FALSE
80,46,627,664,587,627,664,587,627,664,587,37,-40,37,40,FALSE,FALSE
80,47,560,612,538,560,612,538,560,612,538,52,-22,52,22,FALSE,FALSE
80,48,528,570,494,528,570,494,528,570,494,42,-34,42,34,FALSE,FALSE
80,49,477,526,463,477,526,463,477,526,463,49,-14,49,14,FALSE,FALSE
80,50,444,475,417,444,475,417,444,475,417,31,-27,31,27,FALSE,FALSE
80,51,408,440,382,408,440,382,408,440,382,32,-26,32,26,FALSE,FALSE
80,52,370,404,356,370,404,356,370,404,356,34,-14,34,14,FALSE,FALSE
80,53,344,370,333,344,370,333,344,370,333,26,-11,26,11,FALSE,FALSE
80,54,309,345,306,309,345,306,309,345,306,36,-3,36,3,FALSE,FALSE
80,55,280,310,285,280,310,285,280,310,285,30,5,30,5,FALSE,FALSE
80,56,260,289,266,260,289,266,260,289,266,29,6,29,6,FALSE,FALSE
80,57,233,257,243,233,257,243,233,257,243,24,10,24,10,FALSE,FALSE
80,58,211,233,228,211,233,228,211,233,228,22,17,22,17,FALSE,FALSE
80,59,186,206,208,186,206,208,186,206,208,20,22,20,22,FALSE,FALSE
80,60,171,190,194,171,190,194,171,190,194,19,23,19,23,FALSE,FALSE
81,0,98,98,98,98,98,98,98,98,98,0,0,0,0,TRUE,TRUE
81,1,126,128,131,126,128,131,126,128,131,2,5,2,5,FALSE,FALSE
81,2,158,169,173,158,169,173,158,169,173,11,15,11,15,FALSE,FALSE
81,3,222,241,242,222,241,242,222,241,242,19,20,19,20,FALSE,FALSE
81,4,307,353,357,307,353,357,307,353,357,46,50,46,50,FALSE,FALSE
81,5,404,467,490,404,467,490,404,467,490,63,86,63,86,FALSE,FALSE
81,6,564,628,658,564,628,658,564,628,658,64,94,64,94,FALSE,FALSE
81,7,721,831,816,721,831,816,721,831,816,110,95,110,95,FALSE,FALSE
81,8,934,1038,1034,934,1038,1034,934,1038,1034,104,100,104,100,FALSE,FALSE
81,9,1140,1253,1255,1140,1253,1255,1140,1253,1255,113,115,113,115,FALSE,FALSE
81,10,1333,1434,1494,1333,1434,1494,1333,1434,1494,101,161,101,161,FALSE,FALSE
81,11,1549,1597,1675,1549,1597,1675,1549,1597,1675,48,126,48,126,FALSE,FALSE
81,12,1674,1714,1790,1674,1714,1790,1674,1714,1790,40,116,40,116,FALSE,FALSE
81,13,1779,1793,1816,1779,1793,1816,1779,1793,1816,14,37,14,37,FALSE,FALSE
81,14,1768,1739,1805,1768,1739,1805,1768,1739,1805,-29,37,29,37,FALSE,FALSE
81,15,1758,1699,1744,1758,1699,1744,1758,1699,1744,-59,-14,59,14,FALSE,FALSE
81,16,1675,1588,1644,1675,1588,1644,1675,1588,1644,-87,-31,87,31,FALSE,FALSE
81,17,1552,1445,1514,1552,1445,1514,1552,1445,1514,-107,-38,107,38,FALSE,FALSE
81,18,1415,1295,1363,1415,1295,1363,1415,1295,1363,-120,-52,120,52,FALSE,FALSE
81,19,1254,1146,1195,1254,1146,1195,1254,1146,1195,-108,-59,108,59,FALSE,FALSE
81,20,1129,1029,1072,1129,1029,1072,1129,1029,1072,-100,-57,100,57,FALSE,FALSE
81,21,997,921,951,997,921,951,997,921,951,-76,-46,76,46,FALSE,FALSE
81,22,861,784,827,861,784,827,861,784,827,-77,-34,77,34,FALSE,FALSE
81,23,739,686,708,739,686,708,739,686,708,-53,-31,53,31,FALSE,FALSE
81,24,636,581,626,636,581,626,636,581,626,-55,-10,55,10,FALSE,FALSE
81,25,566,503,548,566,503,548,566,503,548,-63,-18,63,18,FALSE,FALSE
81,26,501,427,484,501,427,484,501,427,484,-74,-17,74,17,FALSE,FALSE
81,27,430,366,410,430,366,410,430,366,410,-64,-20,64,20,FALSE,FALSE
81,28,374,324,338,374,324,338,374,324,338,-50,-36,50,36,FALSE,FALSE
81,29,324,272,293,324,272,293,324,272,293,-52,-31,52,31,FALSE,FALSE
81,30,267,239,253,267,239,253,267,239,253,-28,-14,28,14,FALSE,FALSE
81,31,242,206,208,242,206,208,242,206,208,-36,-34,36,34,FALSE,FALSE
81,32,194,178,176,194,178,176,194,178,176,-16,-18,16,18,FALSE,FALSE
81,33,162,147,153,162,147,153,162,147,153,-15,-9,15,9,FALSE,FALSE
81,34,129,118,134,129,118,134,129,118,134,-11,5,11,5,FALSE,FALSE
81,35,111,105,109,111,105,109,111,105,109,-6,-2,6,2,FALSE,FALSE
81,36,101,93,98,101,93,98,101,93,98,-8,-3,8,3,FALSE,FALSE
81,37,89,73,84,89,73,84,89,73,84,-16,-5,16,5,FALSE,FALSE
81,38,83,63,65,83,63,65,83,63,65,-20,-18,20,18,FALSE,FALSE
81,39,74,47,49,74,47,49,74,47,49,-27,-25,27,25,FALSE,FALSE
81,40,57,41,45,57,41,45,57,41,45,-16,-12,16,12,FALSE,FALSE
81,41,38,34,40,38,34,40,38,34,40,-4,2,4,2,FALSE,FALSE
81,42,33,30,32,33,30,32,33,30,32,-3,-1,3,1,FALSE,FALSE
81,43,28,29,26,28,29,26,28,29,26,1,-2,1,2,FALSE,FALSE
81,44,24,21,22,24,21,22,24,21,22,-3,-2,3,2,FALSE,FALSE
81,45,21,17,19,21,17,19,21,17,19,-4,-2,4,2,FALSE,FALSE
81,46,20,14,16,20,14,16,20,14,16,-6,-4,6,4,FALSE,FALSE
81,47,19,12,11,19,12,11,19,12,11,-7,-8,7,8,FALSE,FALSE
81,48,15,11,11,15,11,11,15,11,11,-4,-4,4,4,FALSE,FALSE
81,49,13,11,8,13,11,8,13,11,8,-2,-5,2,5,FALSE,FALSE
81,50,11,7,8,11,7,8,11,7,8,-4,-3,4,3,FALSE,FALSE
81,51,9,6,7,9,6,7,9,6,7,-3,-2,3,2,FALSE,FALSE
81,52,11,4,6,11,4,6,11,4,6,-7,-5,7,5,FALSE,FALSE
81,53,10,3,5,10,3,5,10,3,5,-7,-5,7,5,FALSE,FALSE
81,54,10,2,5,10,2,5,10,2,5,-8,-5,8,5,FALSE,FALSE
81,55,9,2,5,9,2,5,9,2,5,-7,-4,7,4,FALSE,FALSE
81,56,6,2,3,6,2,3,6,2,3,-4,-3,4,3,FALSE,FALSE
81,57,6,2,3,6,2,3,6,2,3,-4,-3,4,3,FALSE,FALSE
81,58,6,1,2,6,1,2,6,1,2,-5,-4,5,4,FALSE,FALSE
81,59,5,1,2,5,1,2,5,1,2,-4,-3,4,3,FALSE,FALSE
81,60,4,1,2,4,1,2,4,1,2,-3,-2,3,2,FALSE,FALSE
82,0,37,37,37,37,37,37,37,37,37,0,0,0,0,TRUE,TRUE
82,1,55,53,51,55,53,51,55,53,51,-2,-4,2,4,FALSE,FALSE
82,2,71,81,73,71,81,73,71,81,73,10,2,10,2,FALSE,FALSE
82,3,91,109,97,91,109,97,91,109,97,18,6,18,6,FALSE,FALSE
82,4,110,142,129,110,142,129,110,142,129,32,19,32,19,FALSE,FALSE
82,5,152,196,163,152,196,163,152,196,163,44,11,44,11,FALSE,FALSE
82,6,201,279,230,201,279,230,201,279,230,78,29,78,29,FALSE,FALSE
82,7,276,407,314,276,407,314,276,407,314,131,38,131,38,FALSE,FALSE
82,8,369,574,428,369,574,428,369,574,428,205,59,205,59,FALSE,FALSE
82,9,483,746,543,483,746,543,483,746,543,263,60,263,60,FALSE,FALSE
82,10,627,978,710,627,978,710,627,978,710,351,83,351,83,FALSE,FALSE
82,11,813,1290,923,813,1290,923,813,1290,923,477,110,477,110,FALSE,FALSE
82,12,1043,1556,1139,1043,1556,1139,1043,1556,1139,513,96,513,96,FALSE,FALSE
82,13,1288,1782,1368,1288,1782,1368,1288,1782,1368,494,80,494,80,FALSE,FALSE
82,14,1528,2050,1625,1528,2050,1625,1528,2050,1625,522,97,522,97,FALSE,FALSE
82,15,1739,2251,1854,1739,2251,1854,1739,2251,1854,512,115,512,115,FALSE,FALSE
82,16,1943,2391,2026,1943,2391,2026,1943,2391,2026,448,83,448,83,FALSE,FALSE
82,17,2131,2399,2190,2131,2399,2190,2131,2399,2190,268,59,268,59,FALSE,FALSE
82,18,2255,2399,2284,2255,2399,2284,2255,2399,2284,144,29,144,29,FALSE,FALSE
82,19,2283,2327,2306,2283,2327,2306,2283,2327,2306,44,23,44,23,FALSE,FALSE
82,20,2289,2233,2277,2289,2233,2277,2289,2233,2277,-56,-12,56,12,FALSE,FALSE
82,21,2259,2128,2225,2259,2128,2225,2259,2128,2225,-131,-34,131,34,FALSE,FALSE
82,22,2217,2007,2108,2217,2007,2108,2217,2007,2108,-210,-109,210,109,FALSE,FALSE
82,23,2121,1856,1996,2121,1856,1996,2121,1856,1996,-265,-125,265,125,FALSE,FALSE
82,24,1986,1713,1902,1986,1713,1902,1986,1713,1902,-273,-84,273,84,FALSE,FALSE
82,25,1862,1582,1784,1862,1582,1784,1862,1582,1784,-280,-78,280,78,FALSE,FALSE
82,26,1725,1470,1651,1725,1470,1651,1725,1470,1651,-255,-74,255,74,FALSE,FALSE
82,27,1604,1353,1527,1604,1353,1527,1604,1353,1527,-251,-77,251,77,FALSE,FALSE
82,28,1481,1230,1410,1481,1230,1410,1481,1230,1410,-251,-71,251,71,FALSE,FALSE
82,29,1371,1132,1288,1371,1132,1288,1371,1132,1288,-239,-83,239,83,FALSE,FALSE
82,30,1266,1041,1173,1266,1041,1173,1266,1041,1173,-225,-93,225,93,FALSE,FALSE
82,31,1171,941,1077,1171,941,1077,1171,941,1077,-230,-94,230,94,FALSE,FALSE
82,32,1071,862,987,1071,862,987,1071,862,987,-209,-84,209,84,FALSE,FALSE
82,33,973,798,901,973,798,901,973,798,901,-175,-72,175,72,FALSE,FALSE
82,34,884,741,820,884,741,820,884,741,820,-143,-64,143,64,FALSE,FALSE
82,35,796,665,748,796,665,748,796,665,748,-131,-48,131,48,FALSE,FALSE
82,36,724,601,696,724,601,696,724,601,696,-123,-28,123,28,FALSE,FALSE
82,37,659,545,626,659,545,626,659,545,626,-114,-33,114,33,FALSE,FALSE
82,38,606,496,567,606,496,567,606,496,567,-110,-39,110,39,FALSE,FALSE
82,39,551,453,519,551,453,519,551,453,519,-98,-32,98,32,FALSE,FALSE
82,40,493,396,471,493,396,471,493,396,471,-97,-22,97,22,FALSE,FALSE
82,41,436,363,426,436,363,426,436,363,426,-73,-10,73,10,FALSE,FALSE
82,42,407,313,377,407,313,377,407,313,377,-94,-30,94,30,FALSE,FALSE
82,43,372,282,337,372,282,337,372,282,337,-90,-35,90,35,FALSE,FALSE
82,44,333,259,305,333,259,305,333,259,305,-74,-28,74,28,FALSE,FALSE
82,45,305,233,275,305,233,275,305,233,275,-72,-30,72,30,FALSE,FALSE
82,46,271,215,248,271,215,248,271,215,248,-56,-23,56,23,FALSE,FALSE
82,47,247,196,227,247,196,227,247,196,227,-51,-20,51,20,FALSE,FALSE
82,48,218,181,207,218,181,207,218,181,207,-37,-11,37,11,FALSE,FALSE
82,49,196,167,185,196,167,185,196,167,185,-29,-11,29,11,FALSE,FALSE
82,50,183,151,166,183,151,166,183,151,166,-32,-17,32,17,FALSE,FALSE
82,51,158,136,154,158,136,154,158,136,154,-22,-4,22,4,FALSE,FALSE
82,52,144,127,138,144,127,138,144,127,138,-17,-6,17,6,FALSE,FALSE
82,53,132,111,124,132,111,124,132,111,124,-21,-8,21,8,FALSE,FALSE
82,54,121,100,118,121,100,118,121,100,118,-21,-3,21,3,FALSE,FALSE
82,55,107,93,103,107,93,103,107,93,103,-14,-4,14,4,FALSE,FALSE
82,56,96,86,97,96,86,97,96,86,97,-10,1,10,1,FALSE,FALSE
82,57,86,80,91,86,80,91,86,80,91,-6,5,6,5,FALSE,FALSE
82,58,80,75,83,80,75,83,80,75,83,-5,3,5,3,FALSE,FALSE
82,59,74,71,77,74,71,77,74,71,77,-3,3,3,3,FALSE,FALSE
82,60,64,64,69,64,64,69,64,64,69,0,5,0,5,TRUE,FALSE
83,0,132,132,132,132,132,132,132,132,132,0,0,0,0,TRUE,TRUE
83,1,164,171,183,164,171,183,164,171,183,7,19,7,19,FALSE,FALSE
83,2,208,232,234,208,232,234,208,232,234,24,26,24,26,FALSE,FALSE
83,3,284,292,303,284,292,303,284,292,303,8,19,8,19,FALSE,FALSE
83,4,349,377,420,349,377,420,349,377,420,28,71,28,71,FALSE,FALSE
83,5,449,481,563,449,481,563,449,481,563,32,114,32,114,FALSE,FALSE
83,6,571,608,741,571,608,741,571,608,741,37,170,37,170,FALSE,FALSE
83,7,707,770,938,707,770,938,707,770,938,63,231,63,231,FALSE,FALSE
83,8,882,933,1140,882,933,1140,882,933,1140,51,258,51,258,FALSE,FALSE
83,9,1072,1118,1376,1072,1118,1376,1072,1118,1376,46,304,46,304,FALSE,FALSE
83,10,1265,1317,1584,1265,1317,1584,1265,1317,1584,52,319,52,319,FALSE,FALSE
83,11,1475,1520,1835,1475,1520,1835,1475,1520,1835,45,360,45,360,FALSE,FALSE
83,12,1671,1720,2026,1671,1720,2026,1671,1720,2026,49,355,49,355,FALSE,FALSE
83,13,1858,1860,2206,1858,1860,2206,1858,1860,2206,2,348,2,348,FALSE,FALSE
83,14,2019,2011,2323,2019,2011,2323,2019,2011,2323,-8,304,8,304,FALSE,FALSE
83,15,2095,2091,2417,2095,2091,2417,2095,2091,2417,-4,322,4,322,FALSE,FALSE
83,16,2168,2110,2399,2168,2110,2399,2168,2110,2399,-58,231,58,231,FALSE,FALSE
83,17,2145,2106,2299,2145,2106,2299,2145,2106,2299,-39,154,39,154,FALSE,FALSE
83,18,2106,2075,2209,2106,2075,2209,2106,2075,2209,-31,103,31,103,FALSE,FALSE
83,19,2026,1986,2108,2026,1986,2108,2026,1986,2108,-40,82,40,82,FALSE,FALSE
83,20,1950,1865,1904,1950,1865,1904,1950,1865,1904,-85,-46,85,46,FALSE,FALSE
83,21,1804,1750,1732,1804,1750,1732,1804,1750,1732,-54,-72,54,72,FALSE,FALSE
83,22,1616,1634,1578,1616,1634,1578,1616,1634,1578,18,-38,18,38,FALSE,FALSE
83,23,1495,1478,1413,1495,1478,1413,1495,1478,1413,-17,-82,17,82,FALSE,FALSE
83,24,1303,1334,1288,1303,1334,1288,1303,1334,1288,31,-15,31,15,FALSE,FALSE
83,25,1156,1198,1115,1156,1198,1115,1156,1198,1115,42,-41,42,41,FALSE,FALSE
83,26,1025,1063,981,1025,1063,981,1025,1063,981,38,-44,38,44,FALSE,FALSE
83,27,898,932,834,898,932,834,898,932,834,34,-64,34,64,FALSE,FALSE
83,28,812,843,732,812,843,732,812,843,732,31,-80,31,80,FALSE,FALSE
83,29,715,739,614,715,739,614,715,739,614,24,-101,24,101,FALSE,FALSE
83,30,616,637,533,616,637,533,616,637,533,21,-83,21,83,FALSE,FALSE
83,31,532,559,453,532,559,453,532,559,453,27,-79,27,79,FALSE,FALSE
83,32,476,464,369,476,464,369,476,464,369,-12,-107,12,107,FALSE,FALSE
83,33,414,394,315,414,394,315,414,394,315,-20,-99,20,99,FALSE,FALSE
83,34,349,350,265,349,350,265,349,350,265,1,-84,1,84,FALSE,FALSE
83,35,290,318,224,290,318,224,290,318,224,28,-66,28,66,FALSE,FALSE
83,36,251,279,204,251,279,204,251,279,204,28,-47,28,47,FALSE,FALSE
83,37,215,224,175,215,224,175,215,224,175,9,-40,9,40,FALSE,FALSE
83,38,187,201,149,187,201,149,187,201,149,14,-38,14,38,FALSE,FALSE
83,39,161,157,118,161,157,118,161,157,118,-4,-43,4,43,FALSE,FALSE
83,40,127,139,110,127,139,110,127,139,110,12,-17,12,17,FALSE,FALSE
83,41,112,117,91,112,117,91,112,117,91,5,-21,5,21,FALSE,FALSE
83,42,94,102,78,94,102,78,94,102,78,8,-16,8,16,FALSE,FALSE
83,43,82,92,68,82,92,68,82,92,68,10,-14,10,14,FALSE,FALSE
83,44,69,75,59,69,75,59,69,75,59,6,-10,6,10,FALSE,FALSE
83,45,61,66,51,61,66,51,61,66,51,5,-10,5,10,FALSE,FALSE
83,46,52,56,48,52,56,48,52,56,48,4,-4,4,4,FALSE,FALSE
83,47,49,44,40,49,44,40,49,44,40,-5,-9,5,9,FALSE,FALSE
83,48,36,39,34,36,39,34,36,39,34,3,-2,3,2,FALSE,FALSE
83,49,33,31,28,33,31,28,33,31,28,-2,-5,2,5,FALSE,FALSE
83,50,28,26,25,28,26,25,28,26,25,-2,-3,2,3,FALSE,FALSE
83,51,25,21,19,25,21,19,25,21,19,-4,-6,4,6,FALSE,FALSE
83,52,19,20,15,19,20,15,19,20,15,1,-4,1,4,FALSE,FALSE
83,53,19,17,16,19,17,16,19,17,16,-2,-3,2,3,FALSE,FALSE
83,54,13,16,13,13,16,13,13,16,13,3,0,3,0,FALSE,TRUE
83,55,9,13,11,9,13,11,9,13,11,4,2,4,2,FALSE,FALSE
83,56,8,9,11,8,9,11,8,9,11,1,3,1,3,FALSE,FALSE
83,57,8,7,10,8,7,10,8,7,10,-1,2,1,2,FALSE,FALSE
83,58,9,7,7,9,7,7,9,7,7,-2,-2,2,2,FALSE,FALSE
83,59,9,7,5,9,7,5,9,7,5,-2,-4,2,4,FALSE,FALSE
83,60,6,8,5,6,8,5,6,8,5,2,-1,2,1,FALSE,FALSE
84,0,57,57,57,57,57,57,57,57,57,0,0,0,0,TRUE,TRUE
84,1,74,64,74,74,64,74,74,64,74,-10,0,10,0,FALSE,TRUE
84,2,86,82,99,86,82,99,86,82,99,-4,13,4,13,FALSE,FALSE
84,3,109,105,115,109,105,115,109,105,115,-4,6,4,6,FALSE,FALSE
84,4,136,147,135,136,147,135,136,147,135,11,-1,11,1,FALSE,FALSE
84,5,169,206,172,169,206,172,169,206,172,37,3,37,3,FALSE,FALSE
84,6,230,257,207,230,257,207,230,257,207,27,-23,27,23,FALSE,FALSE
84,7,294,332,255,294,332,255,294,332,255,38,-39,38,39,FALSE,FALSE
84,8,364,426,322,364,426,322,364,426,322,62,-42,62,42,FALSE,FALSE
84,9,429,534,420,429,534,420,429,534,420,105,-9,105,9,FALSE,FALSE
84,10,533,670,528,533,670,528,533,670,528,137,-5,137,5,FALSE,FALSE
84,11,663,796,656,663,796,656,663,796,656,133,-7,133,7,FALSE,FALSE
84,12,783,984,804,783,984,804,783,984,804,201,21,201,21,FALSE,FALSE
84,13,949,1161,924,949,1161,924,949,1161,924,212,-25,212,25,FALSE,FALSE
84,14,1120,1358,1089,1120,1358,1089,1120,1358,1089,238,-31,238,31,FALSE,FALSE
84,15,1304,1551,1237,1304,1551,1237,1304,1551,1237,247,-67,247,67,FALSE,FALSE
84,16,1497,1739,1420,1497,1739,1420,1497,1739,1420,242,-77,242,77,FALSE,FALSE
84,17,1642,1869,1565,1642,1869,1565,1642,1869,1565,227,-77,227,77,FALSE,FALSE
84,18,1737,1990,1731,1737,1990,1731,1737,1990,1731,253,-6,253,6,FALSE,FALSE
84,19,1856,2044,1907,1856,2044,1907,1856,2044,1907,188,51,188,51,FALSE,FALSE
84,20,1964,2110,2004,1964,2110,2004,1964,2110,2004,146,40,146,40,FALSE,FALSE
84,21,1988,2097,2085,1988,2097,2085,1988,2097,2085,109,97,109,97,FALSE,FALSE
84,22,1968,2070,2117,1968,2070,2117,1968,2070,2117,102,149,102,149,FALSE,FALSE
84,23,1930,1983,2085,1930,1983,2085,1930,1983,2085,53,155,53,155,FALSE,FALSE
84,24,1882,1892,2038,1882,1892,2038,1882,1892,2038,10,156,10,156,FALSE,FALSE
84,25,1772,1769,1935,1772,1769,1935,1772,1769,1935,-3,163,3,163,FALSE,FALSE
84,26,1700,1637,1817,1700,1637,1817,1700,1637,1817,-63,117,63,117,FALSE,FALSE
84,27,1576,1505,1693,1576,1505,1693,1576,1505,1693,-71,117,71,117,FALSE,FALSE
84,28,1459,1392,1595,1459,1392,1595,1459,1392,1595,-67,136,67,136,FALSE,FALSE
84,29,1360,1243,1494,1360,1243,1494,1360,1243,1494,-117,134,117,134,FALSE,FALSE
84,30,1231,1135,1348,1231,1135,1348,1231,1135,1348,-96,117,96,117,FALSE,FALSE
84,31,1116,1000,1200,1116,1000,1200,1116,1000,1200,-116,84,116,84,FALSE,FALSE
84,32,998,906,1076,998,906,1076,998,906,1076,-92,78,92,78,FALSE,FALSE
84,33,887,813,978,887,813,978,887,813,978,-74,91,74,91,FALSE,FALSE
84,34,816,732,855,816,732,855,816,732,855,-84,39,84,39,FALSE,FALSE
84,35,730,664,758,730,664,758,730,664,758,-66,28,66,28,FALSE,FALSE
84,36,648,578,661,648,578,661,648,578,661,-70,13,70,13,FALSE,FALSE
84,37,564,510,574,564,510,574,564,510,574,-54,10,54,10,FALSE,FALSE
84,38,506,463,501,506,463,501,506,463,501,-43,-5,43,5,FALSE,FALSE
84,39,441,408,447,441,408,447,441,408,447,-33,6,33,6,FALSE,FALSE
84,40,391,357,391,391,357,391,391,357,391,-34,0,34,0,FALSE,TRUE
84,41,349,323,338,349,323,338,349,323,338,-26,-11,26,11,FALSE,FALSE
84,42,304,294,295,304,294,295,304,294,295,-10,-9,10,9,FALSE,FALSE
84,43,258,262,263,258,262,263,258,262,263,4,5,4,5,FALSE,FALSE
84,44,219,238,238,219,238,238,219,238,238,19,19,19,19,FALSE,FALSE
84,45,189,204,208,189,204,208,189,204,208,15,19,15,19,FALSE,FALSE
84,46,161,176,175,161,176,175,161,176,175,15,14,15,14,FALSE,FALSE
84,47,147,147,153,147,147,153,147,147,153,0,6,0,6,TRUE,FALSE
84,48,129,130,128,129,130,128,129,130,128,1,-1,1,1,FALSE,FALSE
84,49,113,121,112,113,121,112,113,121,112,8,-1,8,1,FALSE,FALSE
84,50,96,111,92,96,111,92,96,111,92,15,-4,15,4,FALSE,FALSE
84,51,91,98,73,91,98,73,91,98,73,7,-18,7,18,FALSE,FALSE
84,52,79,84,64,79,84,64,79,84,64,5,-15,5,15,FALSE,FALSE
84,53,66,72,59,66,72,59,66,72,59,6,-7,6,7,FALSE,FALSE
84,54,59,71,50,59,71,50,59,71,50,12,-9,12,9,FALSE,FALSE
84,55,56,64,39,56,64,39,56,64,39,8,-17,8,17,FALSE,FALSE
84,56,46,58,34,46,58,34,46,58,34,12,-12,12,12,FALSE,FALSE
84,57,42,44,31,42,44,31,42,44,31,2,-11,2,11,FALSE,FALSE
84,58,36,37,25,36,37,25,36,37,25,1,-11,1,11,FALSE,FALSE
84,59,33,31,22,33,31,22,33,31,22,-2,-11,2,11,FALSE,FALSE
84,60,31,29,20,31,29,20,31,29,20,-2,-11,2,11,FALSE,FALSE
85,0,106,106,106,106,106,106,106,106,106,0,0,0,0,TRUE,TRUE
85,1,171,167,186,171,167,186,171,167,186,-4,15,4,15,FALSE,FALSE
85,2,253,238,313,253,238,313,253,238,313,-15,60,15,60,FALSE,FALSE
85,3,412,331,487,412,331,487,412,331,487,-81,75,81,75,FALSE,FALSE
85,4,651,462,749,651,462,749,651,462,749,-189,98,189,98,FALSE,FALSE
85,5,970,636,1077,970,636,1077,970,636,1077,-334,107,334,107,FALSE,FALSE
85,6,1306,879,1497,1306,879,1497,1306,879,1497,-427,191,427,191,FALSE,FALSE
85,7,1652,1089,1887,1652,1089,1887,1652,1089,1887,-563,235,563,235,FALSE,FALSE
85,8,1982,1322,2122,1982,1322,2122,1982,1322,2122,-660,140,660,140,FALSE,FALSE
85,9,2135,1543,2242,2135,1543,2242,2135,1543,2242,-592,107,592,107,FALSE,FALSE
85,10,2157,1730,2159,2157,1730,2159,2157,1730,2159,-427,2,427,2,FALSE,FALSE
85,11,2033,1761,1930,2033,1761,1930,2033,1761,1930,-272,-103,272,103,FALSE,FALSE
85,12,1788,1723,1734,1788,1723,1734,1788,1723,1734,-65,-54,65,54,FALSE,FALSE
85,13,1607,1651,1450,1607,1651,1450,1607,1651,1450,44,-157,44,157,FALSE,FALSE
85,14,1341,1516,1203,1341,1516,1203,1341,1516,1203,175,-138,175,138,FALSE,FALSE
85,15,1116,1395,971,1116,1395,971,1116,1395,971,279,-145,279,145,FALSE,FALSE
85,16,932,1243,792,932,1243,792,932,1243,792,311,-140,311,140,FALSE,FALSE
85,17,751,1044,642,751,1044,642,751,1044,642,293,-109,293,109,FALSE,FALSE
85,18,605,889,542,605,889,542,605,889,542,284,-63,284,63,FALSE,FALSE
85,19,494,733,422,494,733,422,494,733,422,239,-72,239,72,FALSE,FALSE
85,20,408,638,350,408,638,350,408,638,350,230,-58,230,58,FALSE,FALSE
85,21,318,540,265,318,540,265,318,540,265,222,-53,222,53,FALSE,FALSE
85,22,252,459,216,252,459,216,252,459,216,207,-36,207,36,FALSE,FALSE
85,23,198,380,173,198,380,173,198,380,173,182,-25,182,25,FALSE,FALSE
85,24,153,319,137,153,319,137,153,319,137,166,-16,166,16,FALSE,FALSE
85,25,116,267,107,116,267,107,116,267,107,151,-9,151,9,FALSE,FALSE
85,26,94,233,89,94,233,89,94,233,89,139,-5,139,5,FALSE,FALSE
85,27,80,193,67,80,193,67,80,193,67,113,-13,113,13,FALSE,FALSE
85,28,61,159,49,61,159,49,61,159,49,98,-12,98,12,FALSE,FALSE
85,29,51,135,34,51,135,34,51,135,34,84,-17,84,17,FALSE,FALSE
85,30,44,111,24,44,111,24,44,111,24,67,-20,67,20,FALSE,FALSE
85,31,36,99,19,36,99,19,36,99,19,63,-17,63,17,FALSE,FALSE
85,32,32,78,11,32,78,11,32,78,11,46,-21,46,21,FALSE,FALSE
85,33,26,71,9,26,71,9,26,71,9,45,-17,45,17,FALSE,FALSE
85,34,14,54,6,14,54,6,14,54,6,40,-8,40,8,FALSE,FALSE
85,35,10,39,5,10,39,5,10,39,5,29,-5,29,5,FALSE,FALSE
85,36,8,34,3,8,34,3,8,34,3,26,-5,26,5,FALSE,FALSE
85,37,4,26,3,4,26,3,4,26,3,22,-1,22,1,FALSE,FALSE
85,38,3,22,2,3,22,2,3,22,2,19,-1,19,1,FALSE,FALSE
85,39,2,22,2,2,22,2,2,22,2,20,0,20,0,FALSE,TRUE
85,40,2,17,3,2,17,3,2,17,3,15,1,15,1,FALSE,FALSE
85,41,2,15,2,2,15,2,2,15,2,13,0,13,0,FALSE,TRUE
85,42,1,12,1,1,12,1,1,12,1,11,0,11,0,FALSE,TRUE
85,43,1,11,1,1,11,1,1,11,1,10,0,10,0,FALSE,TRUE
85,44,1,8,1,1,8,1,1,8,1,7,0,7,0,FALSE,TRUE
85,45,1,8,1,1,8,1,1,8,1,7,0,7,0,FALSE,TRUE
85,46,0,7,1,0,7,1,0,7,1,7,1,7,1,FALSE,FALSE
85,47,0,6,1,0,6,1,0,6,1,6,1,6,1,FALSE,FALSE
85,48,0,4,1,0,4,1,0,4,1,4,1,4,1,FALSE,FALSE
85,49,0,4,1,0,4,1,0,4,1,4,1,4,1,FALSE,FALSE
85,50,0,3,1,0,3,1,0,3,1,3,1,3,1,FALSE,FALSE
85,51,0,2,0,0,2,0,0,2,0,2,0,2,0,FALSE,TRUE
85,52,0,2,0,0,2,0,0,2,0,2,0,2,0,FALSE,TRUE
85,53,0,2,0,0,2,0,0,2,0,2,0,2,0,FALSE,TRUE
85,54,0,1,0,0,1,0,0,1,0,1,0,1,0,FALSE,TRUE
85,55,0,1,0,0,1,0,0,1,0,1,0,1,0,FALSE,TRUE
85,56,0,1,0,0,1,0,0,1,0,1,0,1,0,FALSE,TRUE
85,57,0,1,0,0,1,0,0,1,0,1,0,1,0,FALSE,TRUE
85,58,0,1,0,0,1,0,0,1,0,1,0,1,0,FALSE,TRUE
85,59,0,1,0,0,1,0,0,1,0,1,0,1,0,FALSE,TRUE
85,60,0,0,0,0,0,0,0,0,0,0,0,0,0,TRUE,TRUE
86,0,70,70,70,70,70,70,70,70,70,0,0,0,0,TRUE,TRUE
86,1,85,80,84,85,80,84,85,80,84,-5,-1,5,1,FALSE,FALSE
86,2,104,100,104,104,100,104,104,100,104,-4,0,4,0,FALSE,TRUE
86,3,121,118,132,121,118,132,121,118,132,-3,11,3,11,FALSE,FALSE
86,4,128,134,162,128,134,162,128,134,162,6,34,6,34,FALSE,FALSE
86,5,158,155,193,158,155,193,158,155,193,-3,35,3,35,FALSE,FALSE
86,6,187,180,233,187,180,233,187,180,233,-7,46,7,46,FALSE,FALSE
86,7,225,227,281,225,227,281,225,227,281,2,56,2,56,FALSE,FALSE
86,8,269,263,317,269,263,317,269,263,317,-6,48,6,48,FALSE,FALSE
86,9,317,300,347,317,300,347,317,300,347,-17,30,17,30,FALSE,FALSE
86,10,358,347,419,358,347,419,358,347,419,-11,61,11,61,FALSE,FALSE
86,11,429,392,491,429,392,491,429,392,491,-37,62,37,62,FALSE,FALSE
86,12,507,441,556,507,441,556,507,441,556,-66,49,66,49,FALSE,FALSE
86,13,609,514,653,609,514,653,609,514,653,-95,44,95,44,FALSE,FALSE
86,14,729,578,732,729,578,732,729,578,732,-151,3,151,3,FALSE,FALSE
86,15,834,663,836,834,663,836,834,663,836,-171,2,171,2,FALSE,FALSE
86,16,957,772,965,957,772,965,957,772,965,-185,8,185,8,FALSE,FALSE
86,17,1089,876,1114,1089,876,1114,1089,876,1114,-213,25,213,25,FALSE,FALSE
86,18,1219,956,1254,1219,956,1254,1219,956,1254,-263,35,263,35,FALSE,FALSE
86,19,1361,1080,1387,1361,1080,1387,1361,1080,1387,-281,26,281,26,FALSE,FALSE
86,20,1459,1238,1519,1459,1238,1519,1459,1238,1519,-221,60,221,60,FALSE,FALSE
86,21,1599,1328,1640,1599,1328,1640,1599,1328,1640,-271,41,271,41,FALSE,FALSE
86,22,1745,1408,1770,1745,1408,1770,1745,1408,1770,-337,25,337,25,FALSE,FALSE
86,23,1863,1503,1887,1863,1503,1887,1863,1503,1887,-360,24,360,24,FALSE,FALSE
86,24,1953,1641,1936,1953,1641,1936,1953,1641,1936,-312,-17,312,17,FALSE,FALSE
86,25,2027,1725,2007,2027,1725,2007,2027,1725,2007,-302,-20,302,20,FALSE,FALSE
86,26,2099,1839,2045,2099,1839,2045,2099,1839,2045,-260,-54,260,54,FALSE,FALSE
86,27,2113,1895,2077,2113,1895,2077,2113,1895,2077,-218,-36,218,36,FALSE,FALSE
86,28,2135,1953,2097,2135,1953,2097,2135,1953,2097,-182,-38,182,38,FALSE,FALSE
86,29,2126,1968,2085,2126,1968,2085,2126,1968,2085,-158,-41,158,41,FALSE,FALSE
86,30,2094,1953,2050,2094,1953,2050,2094,1953,2050,-141,-44,141,44,FALSE,FALSE
86,31,2066,1959,2036,2066,1959,2036,2066,1959,2036,-107,-30,107,30,FALSE,FALSE
86,32,2020,1961,1985,2020,1961,1985,2020,1961,1985,-59,-35,59,35,FALSE,FALSE
86,33,1945,1927,1929,1945,1927,1929,1945,1927,1929,-18,-16,18,16,FALSE,FALSE
86,34,1875,1911,1873,1875,1911,1873,1875,1911,1873,36,-2,36,2,FALSE,FALSE
86,35,1810,1863,1814,1810,1863,1814,1810,1863,1814,53,4,53,4,FALSE,FALSE
86,36,1727,1834,1727,1727,1834,1727,1727,1834,1727,107,0,107,0,FALSE,TRUE
86,37,1652,1762,1668,1652,1762,1668,1652,1762,1668,110,16,110,16,FALSE,FALSE
86,38,1578,1690,1594,1578,1690,1594,1578,1690,1594,112,16,112,16,FALSE,FALSE
86,39,1510,1624,1490,1510,1624,1490,1510,1624,1490,114,-20,114,20,FALSE,FALSE
86,40,1436,1574,1410,1436,1574,1410,1436,1574,1410,138,-26,138,26,FALSE,FALSE
86,41,1365,1493,1335,1365,1493,1335,1365,1493,1335,128,-30,128,30,FALSE,FALSE
86,42,1283,1398,1278,1283,1398,1278,1283,1398,1278,115,-5,115,5,FALSE,FALSE
86,43,1221,1322,1212,1221,1322,1212,1221,1322,1212,101,-9,101,9,FALSE,FALSE
86,44,1143,1254,1137,1143,1254,1137,1143,1254,1137,111,-6,111,6,FALSE,FALSE
86,45,1065,1165,1085,1065,1165,1085,1065,1165,1085,100,20,100,20,FALSE,FALSE
86,46,969,1073,1013,969,1073,1013,969,1073,1013,104,44,104,44,FALSE,FALSE
86,47,898,1018,935,898,1018,935,898,1018,935,120,37,120,37,FALSE,FALSE
86,48,847,951,876,847,951,876,847,951,876,104,29,104,29,FALSE,FALSE
86,49,788,895,820,788,895,820,788,895,820,107,32,107,32,FALSE,FALSE
86,50,747,827,763,747,827,763,747,827,763,80,16,80,16,FALSE,FALSE
86,51,703,762,709,703,762,709,703,762,709,59,6,59,6,FALSE,FALSE
86,52,654,717,659,654,717,659,654,717,659,63,5,63,5,FALSE,FALSE
86,53,604,676,615,604,676,615,604,676,615,72,11,72,11,FALSE,FALSE
86,54,556,642,575,556,642,575,556,642,575,86,19,86,19,FALSE,FALSE
86,55,509,606,549,509,606,549,509,606,549,97,40,97,40,FALSE,FALSE
86,56,485,555,508,485,555,508,485,555,508,70,23,70,23,FALSE,FALSE
86,57,454,526,472,454,526,472,454,526,472,72,18,72,18,FALSE,FALSE
86,58,435,482,430,435,482,430,435,482,430,47,-5,47,5,FALSE,FALSE
86,59,401,446,398,401,446,398,401,446,398,45,-3,45,3,FALSE,FALSE
86,60,374,402,373,374,402,373,374,402,373,28,-1,28,1,FALSE,FALSE
87,0,89,89,89,89,89,89,89,89,89,0,0,0,0,TRUE,TRUE
87,1,117,105,108,117,105,108,117,105,108,-12,-9,12,9,FALSE,FALSE
87,2,133,123,125,133,123,125,133,123,125,-10,-8,10,8,FALSE,FALSE
87,3,151,143,157,151,143,157,151,143,157,-8,6,8,6,FALSE,FALSE
87,4,183,154,186,183,154,186,183,154,186,-29,3,29,3,FALSE,FALSE
87,5,228,183,219,228,183,219,228,183,219,-45,-9,45,9,FALSE,FALSE
87,6,264,226,257,264,226,257,264,226,257,-38,-7,38,7,FALSE,FALSE
87,7,311,282,297,311,282,297,311,282,297,-29,-14,29,14,FALSE,FALSE
87,8,370,320,348,370,320,348,370,320,348,-50,-22,50,22,FALSE,FALSE
87,9,403,373,377,403,373,377,403,373,377,-30,-26,30,26,FALSE,FALSE
87,10,462,415,413,462,415,413,462,415,413,-47,-49,47,49,FALSE,FALSE
87,11,516,471,479,516,471,479,516,471,479,-45,-37,45,37,FALSE,FALSE
87,12,553,540,522,553,540,522,553,540,522,-13,-31,13,31,FALSE,FALSE
87,13,615,626,584,615,626,584,615,626,584,11,-31,11,31,FALSE,FALSE
87,14,706,678,687,706,678,687,706,678,687,-28,-19,28,19,FALSE,FALSE
87,15,767,728,771,767,728,771,767,728,771,-39,4,39,4,FALSE,FALSE
87,16,845,775,817,845,775,817,845,775,817,-70,-28,70,28,FALSE,FALSE
87,17,893,849,818,893,849,818,893,849,818,-44,-75,44,75,FALSE,FALSE
87,18,970,889,870,970,889,870,970,889,870,-81,-100,81,100,FALSE,FALSE
87,19,1013,917,901,1013,917,901,1013,917,901,-96,-112,96,112,FALSE,FALSE
87,20,1017,907,962,1017,907,962,1017,907,962,-110,-55,110,55,FALSE,FALSE
87,21,1018,886,972,1018,886,972,1018,886,972,-132,-46,132,46,FALSE,FALSE
87,22,997,910,990,997,910,990,997,910,990,-87,-7,87,7,FALSE,FALSE
87,23,990,886,955,990,886,955,990,886,955,-104,-35,104,35,FALSE,FALSE
87,24,958,876,899,958,876,899,958,876,899,-82,-59,82,59,FALSE,FALSE
87,25,904,857,848,904,857,848,904,857,848,-47,-56,47,56,FALSE,FALSE
87,26,833,827,779,833,827,779,833,827,779,-6,-54,6,54,FALSE,FALSE
87,27,760,807,732,760,807,732,760,807,732,47,-28,47,28,FALSE,FALSE
87,28,724,742,677,724,742,677,724,742,677,18,-47,18,47,FALSE,FALSE
87,29,647,670,630,647,670,630,647,670,630,23,-17,23,17,FALSE,FALSE
87,30,604,651,578,604,651,578,604,651,578,47,-26,47,26,FALSE,FALSE
87,31,566,606,549,566,606,549,566,606,549,40,-17,40,17,FALSE,FALSE
87,32,487,545,518,487,545,518,487,545,518,58,31,58,31,FALSE,FALSE
87,33,436,518,465,436,518,465,436,518,465,82,29,82,29,FALSE,FALSE
87,34,387,471,435,387,471,435,387,471,435,84,48,84,48,FALSE,FALSE
87,35,350,413,378,350,413,378,350,413,378,63,28,63,28,FALSE,FALSE
87,36,314,370,349,314,370,349,314,370,349,56,35,56,35,FALSE,FALSE
87,37,286,331,321,286,331,321,286,331,321,45,35,45,35,FALSE,FALSE
87,38,256,301,283,256,301,283,256,301,283,45,27,45,27,FALSE,FALSE
87,39,221,281,252,221,281,252,221,281,252,60,31,60,31,FALSE,FALSE
87,40,205,253,219,205,253,219,205,253,219,48,14,48,14,FALSE,FALSE
87,41,184,221,201,184,221,201,184,221,201,37,17,37,17,FALSE,FALSE
87,42,168,182,168,168,182,168,168,182,168,14,0,14,0,FALSE,TRUE
87,43,148,165,149,148,165,149,148,165,149,17,1,17,1,FALSE,FALSE
87,44,137,140,131,137,140,131,137,140,131,3,-6,3,6,FALSE,FALSE
87,45,129,124,114,129,124,114,129,124,114,-5,-15,5,15,FALSE,FALSE
87,46,115,113,103,115,113,103,115,113,103,-2,-12,2,12,FALSE,FALSE
87,47,100,98,98,100,98,98,100,98,98,-2,-2,2,2,FALSE,FALSE
87,48,80,92,87,80,92,87,80,92,87,12,7,12,7,FALSE,FALSE
87,49,71,78,84,71,78,84,71,78,84,7,13,7,13,FALSE,FALSE
87,50,65,64,70,65,64,70,65,64,70,-1,5,1,5,FALSE,FALSE
87,51,64,54,61,64,54,61,64,54,61,-10,-3,10,3,FALSE,FALSE
87,52,65,51,50,65,51,50,65,51,50,-14,-15,14,15,FALSE,FALSE
87,53,58,47,46,58,47,46,58,47,46,-11,-12,11,12,FALSE,FALSE
87,54,51,41,46,51,41,46,51,41,46,-10,-5,10,5,FALSE,FALSE
87,55,39,32,41,39,32,41,39,32,41,-7,2,7,2,FALSE,FALSE
87,56,31,27,29,31,27,29,31,27,29,-4,-2,4,2,FALSE,FALSE
87,57,29,24,29,29,24,29,29,24,29,-5,0,5,0,FALSE,TRUE
87,58,27,25,25,27,25,25,27,25,25,-2,-2,2,2,FALSE,FALSE
87,59,19,20,23,19,20,23,19,20,23,1,4,1,4,FALSE,FALSE
87,60,16,15,19,16,15,19,16,15,19,-1,3,1,3,FALSE,FALSE
88,0,51,51,51,51,51,51,51,51,51,0,0,0,0,TRUE,TRUE
88,1,93,91,82,93,91,82,93,91,82,-2,-11,2,11,FALSE,FALSE
88,2,162,155,143,162,155,143,162,155,143,-7,-19,7,19,FALSE,FALSE
88,3,291,262,246,291,262,246,291,262,246,-29,-45,29,45,FALSE,FALSE
88,4,462,424,399,462,424,399,462,424,399,-38,-63,38,63,FALSE,FALSE
88,5,697,651,660,697,651,660,697,651,660,-46,-37,46,37,FALSE,FALSE
88,6,992,996,1003,992,996,1003,992,996,1003,4,11,4,11,FALSE,FALSE
88,7,1363,1399,1381,1363,1399,1381,1363,1399,1381,36,18,36,18,FALSE,FALSE
88,8,1733,1780,1752,1733,1780,1752,1733,1780,1752,47,19,47,19,FALSE,FALSE
88,9,2021,2129,2110,2021,2129,2110,2021,2129,2110,108,89,108,89,FALSE,FALSE
88,10,2165,2294,2242,2165,2294,2242,2165,2294,2242,129,77,129,77,FALSE,FALSE
88,11,2128,2245,2207,2128,2245,2207,2128,2245,2207,117,79,117,79,FALSE,FALSE
88,12,1989,2064,2029,1989,2064,2029,1989,2064,2029,75,40,75,40,FALSE,FALSE
88,13,1809,1798,1805,1809,1798,1805,1809,1798,1805,-11,-4,11,4,FALSE,FALSE
88,14,1574,1532,1568,1574,1532,1568,1574,1532,1568,-42,-6,42,6,FALSE,FALSE
88,15,1330,1297,1347,1330,1297,1347,1330,1297,1347,-33,17,33,17,FALSE,FALSE
88,16,1108,1084,1132,1108,1084,1132,1108,1084,1132,-24,24,24,24,FALSE,FALSE
88,17,930,915,966,930,915,966,930,915,966,-15,36,15,36,FALSE,FALSE
88,18,762,770,790,762,770,790,762,770,790,8,28,8,28,FALSE,FALSE
88,19,632,644,664,632,644,664,632,644,664,12,32,12,32,FALSE,FALSE
88,20,517,525,539,517,525,539,517,525,539,8,22,8,22,FALSE,FALSE
88,21,413,426,437,413,426,437,413,426,437,13,24,13,24,FALSE,FALSE
88,22,338,357,348,338,357,348,338,357,348,19,10,19,10,FALSE,FALSE
88,23,273,282,279,273,282,279,273,282,279,9,6,9,6,FALSE,FALSE
88,24,230,221,223,230,221,223,230,221,223,-9,-7,9,7,FALSE,FALSE
88,25,182,174,172,182,174,172,182,174,172,-8,-10,8,10,FALSE,FALSE
88,26,153,138,142,153,138,142,153,138,142,-15,-11,15,11,FALSE,FALSE
88,27,130,105,118,130,105,118,130,105,118,-25,-12,25,12,FALSE,FALSE
88,28,107,81,90,107,81,90,107,81,90,-26,-17,26,17,FALSE,FALSE
88,29,86,64,64,86,64,64,86,64,64,-22,-22,22,22,FALSE,FALSE
88,30,72,55,51,72,55,51,72,55,51,-17,-21,17,21,FALSE,FALSE
88,31,64,43,41,64,43,41,64,43,41,-21,-23,21,23,FALSE,FALSE
88,32,51,30,36,51,30,36,51,30,36,-21,-15,21,15,FALSE,FALSE
88,33,45,21,31,45,21,31,45,21,31,-24,-14,24,14,FALSE,FALSE
88,34,36,18,23,36,18,23,36,18,23,-18,-13,18,13,FALSE,FALSE
88,35,27,12,16,27,12,16,27,12,16,-15,-11,15,11,FALSE,FALSE
88,36,22,11,12,22,11,12,22,11,12,-11,-10,11,10,FALSE,FALSE
88,37,20,9,11,20,9,11,20,9,11,-11,-9,11,9,FALSE,FALSE
88,38,12,8,9,12,8,9,12,8,9,-4,-3,4,3,FALSE,FALSE
88,39,6,7,9,6,7,9,6,7,9,1,3,1,3,FALSE,FALSE
88,40,5,6,9,5,6,9,5,6,9,1,4,1,4,FALSE,FALSE
88,41,4,4,6,4,4,6,4,4,6,0,2,0,2,TRUE,FALSE
88,42,4,3,4,4,3,4,4,3,4,-1,0,1,0,FALSE,TRUE
88,43,4,3,4,4,3,4,4,3,4,-1,0,1,0,FALSE,TRUE
88,44,2,3,3,2,3,3,2,3,3,1,1,1,1,FALSE,FALSE
88,45,2,2,2,2,2,2,2,2,2,0,0,0,0,TRUE,TRUE
88,46,1,2,1,1,2,1,1,2,1,1,0,1,0,FALSE,TRUE
88,47,1,2,0,1,2,0,1,2,0,1,-1,1,1,FALSE,FALSE
88,48,0,2,0,0,2,0,0,2,0,2,0,2,0,FALSE,TRUE
88,49,0,2,0,0,2,0,0,2,0,2,0,2,0,FALSE,TRUE
88,50,0,2,0,0,2,0,0,2,0,2,0,2,0,FALSE,TRUE
88,51,0,2,0,0,2,0,0,2,0,2,0,2,0,FALSE,TRUE
88,52,0,2,0,0,2,0,0,2,0,2,0,2,0,FALSE,TRUE
88,53,0,2,0,0,2,0,0,2,0,2,0,2,0,FALSE,TRUE
88,54,0,2,0,0,2,0,0,2,0,2,0,2,0,FALSE,TRUE
88,55,0,2,0,0,2,0,0,2,0,2,0,2,0,FALSE,TRUE
88,56,0,2,0,0,2,0,0,2,0,2,0,2,0,FALSE,TRUE
88,57,0,1,0,0,1,0,0,1,0,1,0,1,0,FALSE,TRUE
88,58,0,1,0,0,1,0,0,1,0,1,0,1,0,FALSE,TRUE
88,59,0,1,0,0,1,0,0,1,0,1,0,1,0,FALSE,TRUE
88,60,0,1,0,0,1,0,0,1,0,1,0,1,0,FALSE,TRUE
89,0,52,52,52,52,52,52,52,52,52,0,0,0,0,TRUE,TRUE
89,1,58,68,67,58,68,67,58,68,67,10,9,10,9,FALSE,FALSE
89,2,63,86,82,63,86,82,63,86,82,23,19,23,19,FALSE,FALSE
89,3,80,92,93,80,92,93,80,92,93,12,13,12,13,FALSE,FALSE
89,4,91,120,110,91,120,110,91,120,110,29,19,29,19,FALSE,FALSE
89,5,101,138,127,101,138,127,101,138,127,37,26,37,26,FALSE,FALSE
89,6,113,173,137,113,173,137,113,173,137,60,24,60,24,FALSE,FALSE
89,7,128,197,163,128,197,163,128,197,163,69,35,69,35,FALSE,FALSE
89,8,140,234,203,140,234,203,140,234,203,94,63,94,63,FALSE,FALSE
89,9,167,263,233,167,263,233,167,263,233,96,66,96,66,FALSE,FALSE
89,10,183,291,264,183,291,264,183,291,264,108,81,108,81,FALSE,FALSE
89,11,199,328,289,199,328,289,199,328,289,129,90,129,90,FALSE,FALSE
89,12,215,380,328,215,380,328,215,380,328,165,113,165,113,FALSE,FALSE
89,13,233,449,362,233,449,362,233,449,362,216,129,216,129,FALSE,FALSE
89,14,260,523,397,260,523,397,260,523,397,263,137,263,137,FALSE,FALSE
89,15,300,586,426,300,586,426,300,586,426,286,126,286,126,FALSE,FALSE
89,16,322,665,443,322,665,443,322,665,443,343,121,343,121,FALSE,FALSE
89,17,360,716,474,360,716,474,360,716,474,356,114,356,114,FALSE,FALSE
89,18,400,766,518,400,766,518,400,766,518,366,118,366,118,FALSE,FALSE
89,19,445,801,571,445,801,571,445,801,571,356,126,356,126,FALSE,FALSE
89,20,501,859,602,501,859,602,501,859,602,358,101,358,101,FALSE,FALSE
89,21,545,916,631,545,916,631,545,916,631,371,86,371,86,FALSE,FALSE
89,22,595,955,663,595,955,663,595,955,663,360,68,360,68,FALSE,FALSE
89,23,655,997,715,655,997,715,655,997,715,342,60,342,60,FALSE,FALSE
89,24,705,1005,742,705,1005,742,705,1005,742,300,37,300,37,FALSE,FALSE
89,25,727,1023,751,727,1023,751,727,1023,751,296,24,296,24,FALSE,FALSE
89,26,754,1020,739,754,1020,739,754,1020,739,266,-15,266,15,FALSE,FALSE
89,27,775,973,784,775,973,784,775,973,784,198,9,198,9,FALSE,FALSE
89,28,796,960,775,796,960,775,796,960,775,164,-21,164,21,FALSE,FALSE
89,29,806,940,795,806,940,795,806,940,795,134,-11,134,11,FALSE,FALSE
89,30,815,912,787,815,912,787,815,912,787,97,-28,97,28,FALSE,FALSE
89,31,809,880,806,809,880,806,809,880,806,71,-3,71,3,FALSE,FALSE
89,32,810,845,762,810,845,762,810,845,762,35,-48,35,48,FALSE,FALSE
89,33,808,793,745,808,793,745,808,793,745,-15,-63,15,63,FALSE,FALSE
89,34,806,767,722,806,767,722,806,767,722,-39,-84,39,84,FALSE,FALSE
89,35,769,720,719,769,720,719,769,720,719,-49,-50,49,50,FALSE,FALSE
89,36,744,646,668,744,646,668,744,646,668,-98,-76,98,76,FALSE,FALSE
89,37,732,585,629,732,585,629,732,585,629,-147,-103,147,103,FALSE,FALSE
89,38,728,532,612,728,532,612,728,532,612,-196,-116,196,116,FALSE,FALSE
89,39,707,485,569,707,485,569,707,485,569,-222,-138,222,138,FALSE,FALSE
89,40,661,445,561,661,445,561,661,445,561,-216,-100,216,100,FALSE,FALSE
89,41,629,410,523,629,410,523,629,410,523,-219,-106,219,106,FALSE,FALSE
89,42,588,370,501,588,370,501,588,370,501,-218,-87,218,87,FALSE,FALSE
89,43,551,349,463,551,349,463,551,349,463,-202,-88,202,88,FALSE,FALSE
89,44,525,311,437,525,311,437,525,311,437,-214,-88,214,88,FALSE,FALSE
89,45,486,288,419,486,288,419,486,288,419,-198,-67,198,67,FALSE,FALSE
89,46,460,268,395,460,268,395,460,268,395,-192,-65,192,65,FALSE,FALSE
89,47,439,229,378,439,229,378,439,229,378,-210,-61,210,61,FALSE,FALSE
89,48,414,205,379,414,205,379,414,205,379,-209,-35,209,35,FALSE,FALSE
89,49,376,190,338,376,190,338,376,190,338,-186,-38,186,38,FALSE,FALSE
89,50,341,173,307,341,173,307,341,173,307,-168,-34,168,34,FALSE,FALSE
89,51,307,158,291,307,158,291,307,158,291,-149,-16,149,16,FALSE,FALSE
89,52,272,141,255,272,141,255,272,141,255,-131,-17,131,17,FALSE,FALSE
89,53,242,131,242,242,131,242,242,131,242,-111,0,111,0,FALSE,TRUE
89,54,226,121,222,226,121,222,226,121,222,-105,-4,105,4,FALSE,FALSE
89,55,201,105,201,201,105,201,201,105,201,-96,0,96,0,FALSE,TRUE
89,56,187,87,183,187,87,183,187,87,183,-100,-4,100,4,FALSE,FALSE
89,57,173,76,164,173,76,164,173,76,164,-97,-9,97,9,FALSE,FALSE
89,58,148,67,138,148,67,138,148,67,138,-81,-10,81,10,FALSE,FALSE
89,59,144,62,121,144,62,121,144,62,121,-82,-23,82,23,FALSE,FALSE
89,60,132,51,108,132,51,108,132,51,108,-81,-24,81,24,FALSE,FALSE
90,0,75,75,75,75,75,75,75,75,75,0,0,0,0,TRUE,TRUE
90,1,82,89,88,82,89,88,82,89,88,7,6,7,6,FALSE,FALSE
90,2,91,106,106,91,106,106,91,106,106,15,15,15,15,FALSE,FALSE
90,3,104,119,115,104,119,115,104,119,115,15,11,15,11,FALSE,FALSE
90,4,128,147,138,128,147,138,128,147,138,19,10,19,10,FALSE,FALSE
90,5,137,174,142,137,174,142,137,174,142,37,5,37,5,FALSE,FALSE
90,6,154,212,171,154,212,171,154,212,171,58,17,58,17,FALSE,FALSE
90,7,176,252,189,176,252,189,176,252,189,76,13,76,13,FALSE,FALSE
90,8,211,290,216,211,290,216,211,290,216,79,5,79,5,FALSE,FALSE
90,9,251,339,244,251,339,244,251,339,244,88,-7,88,7,FALSE,FALSE
90,10,274,382,264,274,382,264,274,382,264,108,-10,108,10,FALSE,FALSE
90,11,318,439,303,318,439,303,318,439,303,121,-15,121,15,FALSE,FALSE
90,12,389,504,339,389,504,339,389,504,339,115,-50,115,50,FALSE,FALSE
90,13,425,554,382,425,554,382,425,554,382,129,-43,129,43,FALSE,FALSE
90,14,454,618,420,454,618,420,454,618,420,164,-34,164,34,FALSE,FALSE
90,15,496,709,447,496,709,447,496,709,447,213,-49,213,49,FALSE,FALSE
90,16,553,778,477,553,778,477,553,778,477,225,-76,225,76,FALSE,FALSE
90,17,623,871,524,623,871,524,623,871,524,248,-99,248,99,FALSE,FALSE
90,18,681,951,562,681,951,562,681,951,562,270,-119,270,119,FALSE,FALSE
90,19,752,1073,639,752,1073,639,752,1073,639,321,-113,321,113,FALSE,FALSE
90,20,834,1167,699,834,1167,699,834,1167,699,333,-135,333,135,FALSE,FALSE
90,21,909,1264,768,909,1264,768,909,1264,768,355,-141,355,141,FALSE,FALSE
90,22,967,1352,845,967,1352,845,967,1352,845,385,-122,385,122,FALSE,FALSE
90,23,1038,1444,908,1038,1444,908,1038,1444,908,406,-130,406,130,FALSE,FALSE
90,24,1143,1562,937,1143,1562,937,1143,1562,937,419,-206,419,206,FALSE,FALSE
90,25,1210,1648,1000,1210,1648,1000,1210,1648,1000,438,-210,438,210,FALSE,FALSE
90,26,1293,1723,1098,1293,1723,1098,1293,1723,1098,430,-195,430,195,FALSE,FALSE
90,27,1357,1799,1191,1357,1799,1191,1357,1799,1191,442,-166,442,166,FALSE,FALSE
90,28,1400,1839,1257,1400,1839,1257,1400,1839,1257,439,-143,439,143,FALSE,FALSE
90,29,1454,1864,1313,1454,1864,1313,1454,1864,1313,410,-141,410,141,FALSE,FALSE
90,30,1484,1891,1343,1484,1891,1343,1484,1891,1343,407,-141,407,141,FALSE,FALSE
90,31,1513,1904,1389,1513,1904,1389,1513,1904,1389,391,-124,391,124,FALSE,FALSE
90,32,1538,1871,1422,1538,1871,1422,1538,1871,1422,333,-116,333,116,FALSE,FALSE
90,33,1541,1844,1469,1541,1844,1469,1541,1844,1469,303,-72,303,72,FALSE,FALSE
90,34,1555,1833,1500,1555,1833,1500,1555,1833,1500,278,-55,278,55,FALSE,FALSE
90,35,1595,1805,1523,1595,1805,1523,1595,1805,1523,210,-72,210,72,FALSE,FALSE
90,36,1577,1763,1528,1577,1763,1528,1577,1763,1528,186,-49,186,49,FALSE,FALSE
90,37,1579,1728,1532,1579,1728,1532,1579,1728,1532,149,-47,149,47,FALSE,FALSE
90,38,1549,1702,1526,1549,1702,1526,1549,1702,1526,153,-23,153,23,FALSE,FALSE
90,39,1531,1637,1495,1531,1637,1495,1531,1637,1495,106,-36,106,36,FALSE,FALSE
90,40,1505,1570,1486,1505,1570,1486,1505,1570,1486,65,-19,65,19,FALSE,FALSE
90,41,1486,1522,1450,1486,1522,1450,1486,1522,1450,36,-36,36,36,FALSE,FALSE
90,42,1433,1464,1427,1433,1464,1427,1433,1464,1427,31,-6,31,6,FALSE,FALSE
90,43,1408,1386,1409,1408,1386,1409,1408,1386,1409,-22,1,22,1,FALSE,FALSE
90,44,1366,1322,1381,1366,1322,1381,1366,1322,1381,-44,15,44,15,FALSE,FALSE
90,45,1334,1240,1332,1334,1240,1332,1334,1240,1332,-94,-2,94,2,FALSE,FALSE
90,46,1299,1186,1313,1299,1186,1313,1299,1186,1313,-113,14,113,14,FALSE,FALSE
90,47,1256,1130,1278,1256,1130,1278,1256,1130,1278,-126,22,126,22,FALSE,FALSE
90,48,1193,1058,1208,1193,1058,1208,1193,1058,1208,-135,15,135,15,FALSE,FALSE
90,49,1154,1003,1170,1154,1003,1170,1154,1003,1170,-151,16,151,16,FALSE,FALSE
90,50,1100,939,1129,1100,939,1129,1100,939,1129,-161,29,161,29,FALSE,FALSE
90,51,1044,902,1087,1044,902,1087,1044,902,1087,-142,43,142,43,FALSE,FALSE
90,52,989,847,1071,989,847,1071,989,847,1071,-142,82,142,82,FALSE,FALSE
90,53,938,798,1038,938,798,1038,938,798,1038,-140,100,140,100,FALSE,FALSE
90,54,898,771,996,898,771,996,898,771,996,-127,98,127,98,FALSE,FALSE
90,55,858,734,953,858,734,953,858,734,953,-124,95,124,95,FALSE,FALSE
90,56,816,680,903,816,680,903,816,680,903,-136,87,136,87,FALSE,FALSE
90,57,779,635,862,779,635,862,779,635,862,-144,83,144,83,FALSE,FALSE
90,58,750,596,836,750,596,836,750,596,836,-154,86,154,86,FALSE,FALSE
90,59,709,567,786,709,567,786,709,567,786,-142,77,142,77,FALSE,FALSE
90,60,666,537,751,666,537,751,666,537,751,-129,85,129,85,FALSE,FALSE
91,0,163,163,163,163,163,163,163,163,163,0,0,0,0,TRUE,TRUE
91,1,218,203,200,218,203,200,218,203,200,-15,-18,15,18,FALSE,FALSE
91,2,290,261,276,290,261,276,290,261,276,-29,-14,29,14,FALSE,FALSE
91,3,400,322,382,400,322,382,400,322,382,-78,-18,78,18,FALSE,FALSE
91,4,540,431,502,540,431,502,540,431,502,-109,-38,109,38,FALSE,FALSE
91,5,701,536,655,701,536,655,701,536,655,-165,-46,165,46,FALSE,FALSE
91,6,868,679,844,868,679,844,868,679,844,-189,-24,189,24,FALSE,FALSE
91,7,1133,842,1051,1133,842,1051,1133,842,1051,-291,-82,291,82,FALSE,FALSE
91,8,1407,1053,1330,1407,1053,1330,1407,1053,1330,-354,-77,354,77,FALSE,FALSE
91,9,1716,1316,1609,1716,1316,1609,1716,1316,1609,-400,-107,400,107,FALSE,FALSE
91,10,2010,1590,1903,2010,1590,1903,2010,1590,1903,-420,-107,420,107,FALSE,FALSE
91,11,2309,1880,2243,2309,1880,2243,2309,1880,2243,-429,-66,429,66,FALSE,FALSE
91,12,2652,2199,2557,2652,2199,2557,2652,2199,2557,-453,-95,453,95,FALSE,FALSE
91,13,2886,2468,2819,2886,2468,2819,2886,2468,2819,-418,-67,418,67,FALSE,FALSE
91,14,3084,2700,2994,3084,2700,2994,3084,2700,2994,-384,-90,384,90,FALSE,FALSE
91,15,3222,2880,3186,3222,2880,3186,3222,2880,3186,-342,-36,342,36,FALSE,FALSE
91,16,3226,3041,3225,3226,3041,3225,3226,3041,3225,-185,-1,185,1,FALSE,FALSE
91,17,3218,3088,3166,3218,3088,3166,3218,3088,3166,-130,-52,130,52,FALSE,FALSE
91,18,3110,3099,3091,3110,3099,3091,3110,3099,3091,-11,-19,11,19,FALSE,FALSE
91,19,2988,2991,2935,2988,2991,2935,2988,2991,2935,3,-53,3,53,FALSE,FALSE
91,20,2846,2862,2808,2846,2862,2808,2846,2862,2808,16,-38,16,38,FALSE,FALSE
91,21,2660,2702,2620,2660,2702,2620,2660,2702,2620,42,-40,42,40,FALSE,FALSE
91,22,2439,2537,2430,2439,2537,2430,2439,2537,2430,98,-9,98,9,FALSE,FALSE
91,23,2234,2374,2228,2234,2374,2228,2234,2374,2228,140,-6,140,6,FALSE,FALSE
91,24,2011,2182,1987,2011,2182,1987,2011,2182,1987,171,-24,171,24,FALSE,FALSE
91,25,1866,2037,1821,1866,2037,1821,1866,2037,1821,171,-45,171,45,FALSE,FALSE
91,26,1671,1851,1645,1671,1851,1645,1671,1851,1645,180,-26,180,26,FALSE,FALSE
91,27,1503,1681,1499,1503,1681,1499,1503,1681,1499,178,-4,178,4,FALSE,FALSE
91,28,1339,1514,1351,1339,1514,1351,1339,1514,1351,175,12,175,12,FALSE,FALSE
91,29,1210,1378,1234,1210,1378,1234,1210,1378,1234,168,24,168,24,FALSE,FALSE
91,30,1069,1243,1089,1069,1243,1089,1069,1243,1089,174,20,174,20,FALSE,FALSE
91,31,952,1128,997,952,1128,997,952,1128,997,176,45,176,45,FALSE,FALSE
91,32,833,1038,889,833,1038,889,833,1038,889,205,56,205,56,FALSE,FALSE
91,33,741,953,774,741,953,774,741,953,774,212,33,212,33,FALSE,FALSE
91,34,658,847,673,658,847,673,658,847,673,189,15,189,15,FALSE,FALSE
91,35,581,774,598,581,774,598,581,774,598,193,17,193,17,FALSE,FALSE
91,36,508,697,516,508,697,516,508,697,516,189,8,189,8,FALSE,FALSE
91,37,451,612,458,451,612,458,451,612,458,161,7,161,7,FALSE,FALSE
91,38,409,562,401,409,562,401,409,562,401,153,-8,153,8,FALSE,FALSE
91,39,362,505,357,362,505,357,362,505,357,143,-5,143,5,FALSE,FALSE
91,40,308,442,315,308,442,315,308,442,315,134,7,134,7,FALSE,FALSE
91,41,266,387,277,266,387,277,266,387,277,121,11,121,11,FALSE,FALSE
91,42,243,346,246,243,346,246,243,346,246,103,3,103,3,FALSE,FALSE
91,43,215,310,213,215,310,213,215,310,213,95,-2,95,2,FALSE,FALSE
91,44,195,280,185,195,280,185,195,280,185,85,-10,85,10,FALSE,FALSE
91,45,167,248,162,167,248,162,167,248,162,81,-5,81,5,FALSE,FALSE
91,46,149,225,138,149,225,138,149,225,138,76,-11,76,11,FALSE,FALSE
91,47,135,197,121,135,197,121,135,197,121,62,-14,62,14,FALSE,FALSE
91,48,115,164,106,115,164,106,115,164,106,49,-9,49,9,FALSE,FALSE
91,49,91,141,94,91,141,94,91,141,94,50,3,50,3,FALSE,FALSE
91,50,84,121,86,84,121,86,84,121,86,37,2,37,2,FALSE,FALSE
91,51,78,109,79,78,109,79,78,109,79,31,1,31,1,FALSE,FALSE
91,52,69,90,68,69,90,68,69,90,68,21,-1,21,1,FALSE,FALSE
91,53,57,80,59,57,80,59,57,80,59,23,2,23,2,FALSE,FALSE
91,54,49,71,54,49,71,54,49,71,54,22,5,22,5,FALSE,FALSE
91,55,46,61,51,46,61,51,46,61,51,15,5,15,5,FALSE,FALSE
91,56,38,53,42,38,53,42,38,53,42,15,4,15,4,FALSE,FALSE
91,57,34,45,38,34,45,38,34,45,38,11,4,11,4,FALSE,FALSE
91,58,28,38,34,28,38,34,28,38,34,10,6,10,6,FALSE,FALSE
91,59,24,34,32,24,34,32,24,34,32,10,8,10,8,FALSE,FALSE
91,60,20,31,29,20,31,29,20,31,29,11,9,11,9,FALSE,FALSE
92,0,70,70,70,70,70,70,70,70,70,0,0,0,0,TRUE,TRUE
92,1,86,90,83,86,90,83,86,90,83,4,-3,4,3,FALSE,FALSE
92,2,109,98,99,109,98,99,109,98,99,-11,-10,11,10,FALSE,FALSE
92,3,130,133,126,130,133,126,130,133,126,3,-4,3,4,FALSE,FALSE
92,4,167,174,143,167,174,143,167,174,143,7,-24,7,24,FALSE,FALSE
92,5,208,210,166,208,210,166,208,210,166,2,-42,2,42,FALSE,FALSE
92,6,265,270,201,265,270,201,265,270,201,5,-64,5,64,FALSE,FALSE
92,7,327,320,246,327,320,246,327,320,246,-7,-81,7,81,FALSE,FALSE
92,8,372,390,282,372,390,282,372,390,282,18,-90,18,90,FALSE,FALSE
92,9,433,467,339,433,467,339,433,467,339,34,-94,34,94,FALSE,FALSE
92,10,564,567,386,564,567,386,564,567,386,3,-178,3,178,FALSE,FALSE
92,11,679,698,464,679,698,464,679,698,464,19,-215,19,215,FALSE,FALSE
92,12,828,846,559,828,846,559,828,846,559,18,-269,18,269,FALSE,FALSE
92,13,998,1012,666,998,1012,666,998,1012,666,14,-332,14,332,FALSE,FALSE
92,14,1180,1181,777,1180,1181,777,1180,1181,777,1,-403,1,403,FALSE,FALSE
92,15,1325,1343,926,1325,1343,926,1325,1343,926,18,-399,18,399,FALSE,FALSE
92,16,1479,1513,1050,1479,1513,1050,1479,1513,1050,34,-429,34,429,FALSE,FALSE
92,17,1658,1686,1178,1658,1686,1178,1658,1686,1178,28,-480,28,480,FALSE,FALSE
92,18,1758,1828,1350,1758,1828,1350,1758,1828,1350,70,-408,70,408,FALSE,FALSE
92,19,1880,1937,1460,1880,1937,1460,1880,1937,1460,57,-420,57,420,FALSE,FALSE
92,20,1958,2067,1534,1958,2067,1534,1958,2067,1534,109,-424,109,424,FALSE,FALSE
92,21,1979,2127,1678,1979,2127,1678,1979,2127,1678,148,-301,148,301,FALSE,FALSE
92,22,1985,2126,1750,1985,2126,1750,1985,2126,1750,141,-235,141,235,FALSE,FALSE
92,23,1954,2127,1847,1954,2127,1847,1954,2127,1847,173,-107,173,107,FALSE,FALSE
92,24,1889,2062,1875,1889,2062,1875,1889,2062,1875,173,-14,173,14,FALSE,FALSE
92,25,1820,1996,1900,1820,1996,1900,1820,1996,1900,176,80,176,80,FALSE,FALSE
92,26,1713,1865,1845,1713,1865,1845,1713,1865,1845,152,132,152,132,FALSE,FALSE
92,27,1615,1768,1792,1615,1768,1792,1615,1768,1792,153,177,153,177,FALSE,FALSE
92,28,1525,1624,1740,1525,1624,1740,1525,1624,1740,99,215,99,215,FALSE,FALSE
92,29,1429,1480,1644,1429,1480,1644,1429,1480,1644,51,215,51,215,FALSE,FALSE
92,30,1332,1360,1514,1332,1360,1514,1332,1360,1514,28,182,28,182,FALSE,FALSE
92,31,1227,1238,1395,1227,1238,1395,1227,1238,1395,11,168,11,168,FALSE,FALSE
92,32,1111,1106,1323,1111,1106,1323,1111,1106,1323,-5,212,5,212,FALSE,FALSE
92,33,1013,981,1240,1013,981,1240,1013,981,1240,-32,227,32,227,FALSE,FALSE
92,34,920,879,1126,920,879,1126,920,879,1126,-41,206,41,206,FALSE,FALSE
92,35,828,802,1021,828,802,1021,828,802,1021,-26,193,26,193,FALSE,FALSE
92,36,760,726,926,760,726,926,760,726,926,-34,166,34,166,FALSE,FALSE
92,37,675,641,834,675,641,834,675,641,834,-34,159,34,159,FALSE,FALSE
92,38,608,570,756,608,570,756,608,570,756,-38,148,38,148,FALSE,FALSE
92,39,561,510,664,561,510,664,561,510,664,-51,103,51,103,FALSE,FALSE
92,40,514,470,587,514,470,587,514,470,587,-44,73,44,73,FALSE,FALSE
92,41,462,435,535,462,435,535,462,435,535,-27,73,27,73,FALSE,FALSE
92,42,404,380,502,404,380,502,404,380,502,-24,98,24,98,FALSE,FALSE
92,43,368,316,454,368,316,454,368,316,454,-52,86,52,86,FALSE,FALSE
92,44,321,278,415,321,278,415,321,278,415,-43,94,43,94,FALSE,FALSE
92,45,293,255,386,293,255,386,293,255,386,-38,93,38,93,FALSE,FALSE
92,46,253,222,340,253,222,340,253,222,340,-31,87,31,87,FALSE,FALSE
92,47,227,207,320,227,207,320,227,207,320,-20,93,20,93,FALSE,FALSE
92,48,204,184,296,204,184,296,204,184,296,-20,92,20,92,FALSE,FALSE
92,49,183,173,269,183,173,269,183,173,269,-10,86,10,86,FALSE,FALSE
92,50,166,158,231,166,158,231,166,158,231,-8,65,8,65,FALSE,FALSE
92,51,144,140,208,144,140,208,144,140,208,-4,64,4,64,FALSE,FALSE
92,52,124,123,184,124,123,184,124,123,184,-1,60,1,60,FALSE,FALSE
92,53,109,106,167,109,106,167,109,106,167,-3,58,3,58,FALSE,FALSE
92,54,96,91,150,96,91,150,96,91,150,-5,54,5,54,FALSE,FALSE
92,55,81,85,135,81,85,135,81,85,135,4,54,4,54,FALSE,FALSE
92,56,77,72,114,77,72,114,77,72,114,-5,37,5,37,FALSE,FALSE
92,57,68,60,108,68,60,108,68,60,108,-8,40,8,40,FALSE,FALSE
92,58,57,52,100,57,52,100,57,52,100,-5,43,5,43,FALSE,FALSE
92,59,48,52,95,48,52,95,48,52,95,4,47,4,47,FALSE,FALSE
92,60,49,45,85,49,45,85,49,45,85,-4,36,4,36,FALSE,FALSE
93,0,96,96,96,96,96,96,96,96,96,0,0,0,0,TRUE,TRUE
93,1,144,138,132,144,138,132,144,138,132,-6,-12,6,12,FALSE,FALSE
93,2,193,202,168,193,202,168,193,202,168,9,-25,9,25,FALSE,FALSE
93,3,281,294,245,281,294,245,281,294,245,13,-36,13,36,FALSE,FALSE
93,4,381,427,358,381,427,358,381,427,358,46,-23,46,23,FALSE,FALSE
93,5,510,597,476,510,597,476,510,597,476,87,-34,87,34,FALSE,FALSE
93,6,684,765,667,684,765,667,684,765,667,81,-17,81,17,FALSE,FALSE
93,7,910,982,890,910,982,890,910,982,890,72,-20,72,20,FALSE,FALSE
93,8,1161,1268,1128,1161,1268,1128,1161,1268,1128,107,-33,107,33,FALSE,FALSE
93,9,1416,1531,1429,1416,1531,1429,1416,1531,1429,115,13,115,13,FALSE,FALSE
93,10,1640,1758,1698,1640,1758,1698,1640,1758,1698,118,58,118,58,FALSE,FALSE
93,11,1868,1983,1933,1868,1983,1933,1868,1983,1933,115,65,115,65,FALSE,FALSE
93,12,2061,2074,2149,2061,2074,2149,2061,2074,2149,13,88,13,88,FALSE,FALSE
93,13,2136,2109,2261,2136,2109,2261,2136,2109,2261,-27,125,27,125,FALSE,FALSE
93,14,2158,2073,2248,2158,2073,2248,2158,2073,2248,-85,90,85,90,FALSE,FALSE
93,15,2027,1965,2110,2027,1965,2110,2027,1965,2110,-62,83,62,83,FALSE,FALSE
93,16,1869,1828,1979,1869,1828,1979,1869,1828,1979,-41,110,41,110,FALSE,FALSE
93,17,1695,1698,1792,1695,1698,1792,1695,1698,1792,3,97,3,97,FALSE,FALSE
93,18,1542,1536,1628,1542,1536,1628,1542,1536,1628,-6,86,6,86,FALSE,FALSE
93,19,1337,1341,1387,1337,1341,1387,1337,1341,1387,4,50,4,50,FALSE,FALSE
93,20,1165,1146,1175,1165,1146,1175,1165,1146,1175,-19,10,19,10,FALSE,FALSE
93,21,1010,998,993,1010,998,993,1010,998,993,-12,-17,12,17,FALSE,FALSE
93,22,842,848,850,842,848,850,842,848,850,6,8,6,8,FALSE,FALSE
93,23,697,758,717,697,758,717,697,758,717,61,20,61,20,FALSE,FALSE
93,24,566,645,616,566,645,616,566,645,616,79,50,79,50,FALSE,FALSE
93,25,480,544,531,480,544,531,480,544,531,64,51,64,51,FALSE,FALSE
93,26,382,475,428,382,475,428,382,475,428,93,46,93,46,FALSE,FALSE
93,27,314,413,344,314,413,344,314,413,344,99,30,99,30,FALSE,FALSE
93,28,271,339,295,271,339,295,271,339,295,68,24,68,24,FALSE,FALSE
93,29,231,279,233,231,279,233,231,279,233,48,2,48,2,FALSE,FALSE
93,30,193,236,186,193,236,186,193,236,186,43,-7,43,7,FALSE,FALSE
93,31,165,187,153,165,187,153,165,187,153,22,-12,22,12,FALSE,FALSE
93,32,136,152,123,136,152,123,136,152,123,16,-13,16,13,FALSE,FALSE
93,33,108,119,103,108,119,103,108,119,103,11,-5,11,5,FALSE,FALSE
93,34,90,91,95,90,91,95,90,91,95,1,5,1,5,FALSE,FALSE
93,35,64,65,80,64,65,80,64,65,80,1,16,1,16,FALSE,FALSE
93,36,60,49,63,60,49,63,60,49,63,-11,3,11,3,FALSE,FALSE
93,37,53,41,48,53,41,48,53,41,48,-12,-5,12,5,FALSE,FALSE
93,38,46,37,41,46,37,41,46,37,41,-9,-5,9,5,FALSE,FALSE
93,39,38,33,33,38,33,33,38,33,33,-5,-5,5,5,FALSE,FALSE
93,40,30,21,29,30,21,29,30,21,29,-9,-1,9,1,FALSE,FALSE
93,41,19,16,25,19,16,25,19,16,25,-3,6,3,6,FALSE,FALSE
93,42,12,13,20,12,13,20,12,13,20,1,8,1,8,FALSE,FALSE
93,43,9,12,16,9,12,16,9,12,16,3,7,3,7,FALSE,FALSE
93,44,7,9,12,7,9,12,7,9,12,2,5,2,5,FALSE,FALSE
93,45,4,9,8,4,9,8,4,9,8,5,4,5,4,FALSE,FALSE
93,46,3,8,6,3,8,6,3,8,6,5,3,5,3,FALSE,FALSE
93,47,1,7,6,1,7,6,1,7,6,6,5,6,5,FALSE,FALSE
93,48,0,5,7,0,5,7,0,5,7,5,7,5,7,FALSE,FALSE
93,49,0,3,5,0,3,5,0,3,5,3,5,3,5,FALSE,FALSE
93,50,0,4,3,0,4,3,0,4,3,4,3,4,3,FALSE,FALSE
93,51,0,2,2,0,2,2,0,2,2,2,2,2,2,FALSE,FALSE
93,52,0,2,2,0,2,2,0,2,2,2,2,2,2,FALSE,FALSE
93,53,0,1,2,0,1,2,0,1,2,1,2,1,2,FALSE,FALSE
93,54,0,1,2,0,1,2,0,1,2,1,2,1,2,FALSE,FALSE
93,55,0,1,2,0,1,2,0,1,2,1,2,1,2,FALSE,FALSE
93,56,0,1,3,0,1,3,0,1,3,1,3,1,3,FALSE,FALSE
93,57,0,1,2,0,1,2,0,1,2,1,2,1,2,FALSE,FALSE
93,58,0,1,1,0,1,1,0,1,1,1,1,1,1,FALSE,FALSE
93,59,0,1,1,0,1,1,0,1,1,1,1,1,1,FALSE,FALSE
93,60,0,0,1,0,0,1,0,0,1,0,1,0,1,TRUE,FALSE
94,0,132,132,132,132,132,132,132,132,132,0,0,0,0,TRUE,TRUE
94,1,193,191,172,193,191,172,193,191,172,-2,-21,2,21,FALSE,FALSE
94,2,247,224,225,247,224,225,247,224,225,-23,-22,23,22,FALSE,FALSE
94,3,324,291,303,324,291,303,324,291,303,-33,-21,33,21,FALSE,FALSE
94,4,406,380,402,406,380,402,406,380,402,-26,-4,26,4,FALSE,FALSE
94,5,518,475,493,518,475,493,518,475,493,-43,-25,43,25,FALSE,FALSE
94,6,664,592,631,664,592,631,664,592,631,-72,-33,72,33,FALSE,FALSE
94,7,838,727,799,838,727,799,838,727,799,-111,-39,111,39,FALSE,FALSE
94,8,1059,927,1000,1059,927,1000,1059,927,1000,-132,-59,132,59,FALSE,FALSE
94,9,1280,1125,1233,1280,1125,1233,1280,1125,1233,-155,-47,155,47,FALSE,FALSE
94,10,1493,1326,1458,1493,1326,1458,1493,1326,1458,-167,-35,167,35,FALSE,FALSE
94,11,1786,1573,1736,1786,1573,1736,1786,1573,1736,-213,-50,213,50,FALSE,FALSE
94,12,2068,1847,1996,2068,1847,1996,2068,1847,1996,-221,-72,221,72,FALSE,FALSE
94,13,2307,2067,2269,2307,2067,2269,2307,2067,2269,-240,-38,240,38,FALSE,FALSE
94,14,2523,2262,2481,2523,2262,2481,2523,2262,2481,-261,-42,261,42,FALSE,FALSE
94,15,2680,2450,2629,2680,2450,2629,2680,2450,2629,-230,-51,230,51,FALSE,FALSE
94,16,2771,2579,2734,2771,2579,2734,2771,2579,2734,-192,-37,192,37,FALSE,FALSE
94,17,2782,2641,2822,2782,2641,2822,2782,2641,2822,-141,40,141,40,FALSE,FALSE
94,18,2795,2715,2817,2795,2715,2817,2795,2715,2817,-80,22,80,22,FALSE,FALSE
94,19,2729,2689,2753,2729,2689,2753,2729,2689,2753,-40,24,40,24,FALSE,FALSE
94,20,2624,2639,2646,2624,2639,2646,2624,2639,2646,15,22,15,22,FALSE,FALSE
94,21,2491,2581,2532,2491,2581,2532,2491,2581,2532,90,41,90,41,FALSE,FALSE
94,22,2362,2489,2373,2362,2489,2373,2362,2489,2373,127,11,127,11,FALSE,FALSE
94,23,2199,2309,2219,2199,2309,2219,2199,2309,2219,110,20,110,20,FALSE,FALSE
94,24,2035,2178,2066,2035,2178,2066,2035,2178,2066,143,31,143,31,FALSE,FALSE
94,25,1864,2042,1908,1864,2042,1908,1864,2042,1908,178,44,178,44,FALSE,FALSE
94,26,1753,1882,1754,1753,1882,1754,1753,1882,1754,129,1,129,1,FALSE,FALSE
94,27,1623,1776,1602,1623,1776,1602,1623,1776,1602,153,-21,153,21,FALSE,FALSE
94,28,1521,1619,1487,1521,1619,1487,1521,1619,1487,98,-34,98,34,FALSE,FALSE
94,29,1409,1467,1367,1409,1467,1367,1409,1467,1367,58,-42,58,42,FALSE,FALSE
94,30,1288,1330,1238,1288,1330,1238,1288,1330,1238,42,-50,42,50,FALSE,FALSE
94,31,1161,1216,1128,1161,1216,1128,1161,1216,1128,55,-33,55,33,FALSE,FALSE
94,32,1033,1099,1019,1033,1099,1019,1033,1099,1019,66,-14,66,14,FALSE,FALSE
94,33,917,992,926,917,992,926,917,992,926,75,9,75,9,FALSE,FALSE
94,34,825,891,824,825,891,824,825,891,824,66,-1,66,1,FALSE,FALSE
94,35,759,801,738,759,801,738,759,801,738,42,-21,42,21,FALSE,FALSE
94,36,684,705,651,684,705,651,684,705,651,21,-33,21,33,FALSE,FALSE
94,37,603,653,584,603,653,584,603,653,584,50,-19,50,19,FALSE,FALSE
94,38,521,581,527,521,581,527,521,581,527,60,6,60,6,FALSE,FALSE
94,39,479,521,464,479,521,464,479,521,464,42,-15,42,15,FALSE,FALSE
94,40,432,454,412,432,454,412,432,454,412,22,-20,22,20,FALSE,FALSE
94,41,388,414,377,388,414,377,388,414,377,26,-11,26,11,FALSE,FALSE
94,42,353,367,331,353,367,331,353,367,331,14,-22,14,22,FALSE,FALSE
94,43,324,322,298,324,322,298,324,322,298,-2,-26,2,26,FALSE,FALSE
94,44,291,288,265,291,288,265,291,288,265,-3,-26,3,26,FALSE,FALSE
94,45,268,255,239,268,255,239,268,255,239,-13,-29,13,29,FALSE,FALSE
94,46,240,220,217,240,220,217,240,220,217,-20,-23,20,23,FALSE,FALSE
94,47,209,194,201,209,194,201,209,194,201,-15,-8,15,8,FALSE,FALSE
94,48,185,166,183,185,166,183,185,166,183,-19,-2,19,2,FALSE,FALSE
94,49,163,147,163,163,147,163,163,147,163,-16,0,16,0,FALSE,TRUE
94,50,141,134,143,141,134,143,141,134,143,-7,2,7,2,FALSE,FALSE
94,51,125,114,131,125,114,131,125,114,131,-11,6,11,6,FALSE,FALSE
94,52,112,108,118,112,108,118,112,108,118,-4,6,4,6,FALSE,FALSE
94,53,98,93,106,98,93,106,98,93,106,-5,8,5,8,FALSE,FALSE
94,54,86,86,93,86,86,93,86,86,93,0,7,0,7,TRUE,FALSE
94,55,75,79,79,75,79,79,75,79,79,4,4,4,4,FALSE,FALSE
94,56,66,70,70,66,70,70,66,70,70,4,4,4,4,FALSE,FALSE
94,57,59,61,63,59,61,63,59,61,63,2,4,2,4,FALSE,FALSE
94,58,56,55,57,56,55,57,56,55,57,-1,1,1,1,FALSE,FALSE
94,59,52,47,50,52,47,50,52,47,50,-5,-2,5,2,FALSE,FALSE
94,60,48,42,45,48,42,45,48,42,45,-6,-3,6,3,FALSE,FALSE
95,0,131,131,131,131,131,131,131,131,131,0,0,0,0,TRUE,TRUE
95,1,145,131,144,145,131,144,145,131,144,-14,-1,14,1,FALSE,FALSE
95,2,156,141,159,156,141,159,156,141,159,-15,3,15,3,FALSE,FALSE
95,3,160,150,175,160,150,175,160,150,175,-10,15,10,15,FALSE,FALSE
95,4,158,159,172,158,159,172,158,159,172,1,14,1,14,FALSE,FALSE
95,5,187,164,181,187,164,181,187,164,181,-23,-6,23,6,FALSE,FALSE
95,6,208,165,208,208,165,208,208,165,208,-43,0,43,0,FALSE,TRUE
95,7,224,197,216,224,197,216,224,197,216,-27,-8,27,8,FALSE,FALSE
95,8,244,199,224,244,199,224,244,199,224,-45,-20,45,20,FALSE,FALSE
95,9,264,223,236,264,223,236,264,223,236,-41,-28,41,28,FALSE,FALSE
95,10,277,239,269,277,239,269,277,239,269,-38,-8,38,8,FALSE,FALSE
95,11,277,270,291,277,270,291,277,270,291,-7,14,7,14,FALSE,FALSE
95,12,291,296,295,291,296,295,291,296,295,5,4,5,4,FALSE,FALSE
95,13,316,325,299,316,325,299,316,325,299,9,-17,9,17,FALSE,FALSE
95,14,335,332,318,335,332,318,335,332,318,-3,-17,3,17,FALSE,FALSE
95,15,355,363,322,355,363,322,355,363,322,8,-33,8,33,FALSE,FALSE
95,16,372,377,333,372,377,333,372,377,333,5,-39,5,39,FALSE,FALSE
95,17,375,404,354,375,404,354,375,404,354,29,-21,29,21,FALSE,FALSE
95,18,407,426,364,407,426,364,407,426,364,19,-43,19,43,FALSE,FALSE
95,19,442,454,399,442,454,399,442,454,399,12,-43,12,43,FALSE,FALSE
95,20,464,492,417,464,492,417,464,492,417,28,-47,28,47,FALSE,FALSE
95,21,489,521,421,489,521,421,489,521,421,32,-68,32,68,FALSE,FALSE
95,22,506,542,436,506,542,436,506,542,436,36,-70,36,70,FALSE,FALSE
95,23,524,547,432,524,547,432,524,547,432,23,-92,23,92,FALSE,FALSE
95,24,517,578,450,517,578,450,517,578,450,61,-67,61,67,FALSE,FALSE
95,25,545,585,436,545,585,436,545,585,436,40,-109,40,109,FALSE,FALSE
95,26,559,559,471,559,559,471,559,559,471,0,-88,0,88,TRUE,FALSE
95,27,539,552,462,539,552,462,539,552,462,13,-77,13,77,FALSE,FALSE
95,28,524,556,472,524,556,472,524,556,472,32,-52,32,52,FALSE,FALSE
95,29,517,560,469,517,560,469,517,560,469,43,-48,43,48,FALSE,FALSE
95,30,509,571,452,509,571,452,509,571,452,62,-57,62,57,FALSE,FALSE
95,31,480,570,446,480,570,446,480,570,446,90,-34,90,34,FALSE,FALSE
95,32,468,564,426,468,564,426,468,564,426,96,-42,96,42,FALSE,FALSE
95,33,453,553,432,453,553,432,453,553,432,100,-21,100,21,FALSE,FALSE
95,34,455,545,425,455,545,425,455,545,425,90,-30,90,30,FALSE,FALSE
95,35,451,538,403,451,538,403,451,538,403,87,-48,87,48,FALSE,FALSE
95,36,453,541,400,453,541,400,453,541,400,88,-53,88,53,FALSE,FALSE
95,37,428,523,392,428,523,392,428,523,392,95,-36,95,36,FALSE,FALSE
95,38,416,551,385,416,551,385,416,551,385,135,-31,135,31,FALSE,FALSE
95,39,387,569,370,387,569,370,387,569,370,182,-17,182,17,FALSE,FALSE
95,40,349,576,362,349,576,362,349,576,362,227,13,227,13,FALSE,FALSE
95,41,333,568,355,333,568,355,333,568,355,235,22,235,22,FALSE,FALSE
95,42,310,571,349,310,571,349,310,571,349,261,39,261,39,FALSE,FALSE
95,43,292,569,327,292,569,327,292,569,327,277,35,277,35,FALSE,FALSE
95,44,266,538,332,266,538,332,266,538,332,272,66,272,66,FALSE,FALSE
95,45,259,539,309,259,539,309,259,539,309,280,50,280,50,FALSE,FALSE
95,46,234,538,297,234,538,297,234,538,297,304,63,304,63,FALSE,FALSE
95,47,230,539,297,230,539,297,230,539,297,309,67,309,67,FALSE,FALSE
95,48,217,516,285,217,516,285,217,516,285,299,68,299,68,FALSE,FALSE
95,49,194,493,280,194,493,280,194,493,280,299,86,299,86,FALSE,FALSE
95,50,182,490,278,182,490,278,182,490,278,308,96,308,96,FALSE,FALSE
95,51,165,470,245,165,470,245,165,470,245,305,80,305,80,FALSE,FALSE
95,52,155,450,217,155,450,217,155,450,217,295,62,295,62,FALSE,FALSE
95,53,141,422,196,141,422,196,141,422,196,281,55,281,55,FALSE,FALSE
95,54,126,396,177,126,396,177,126,396,177,270,51,270,51,FALSE,FALSE
95,55,109,374,156,109,374,156,109,374,156,265,47,265,47,FALSE,FALSE
95,56,103,371,155,103,371,155,103,371,155,268,52,268,52,FALSE,FALSE
95,57,88,363,141,88,363,141,88,363,141,275,53,275,53,FALSE,FALSE
95,58,80,344,131,80,344,131,80,344,131,264,51,264,51,FALSE,FALSE
95,59,75,331,128,75,331,128,75,331,128,256,53,256,53,FALSE,FALSE
95,60,72,310,114,72,310,114,72,310,114,238,42,238,42,FALSE,FALSE
96,0,108,108,108,108,108,108,108,108,108,0,0,0,0,TRUE,TRUE
96,1,151,137,147,151,137,147,151,137,147,-14,-4,14,4,FALSE,FALSE
96,2,196,213,210,196,213,210,196,213,210,17,14,17,14,FALSE,FALSE
96,3,265,310,288,265,310,288,265,310,288,45,23,45,23,FALSE,FALSE
96,4,352,419,373,352,419,373,352,419,373,67,21,67,21,FALSE,FALSE
96,5,478,548,542,478,548,542,478,548,542,70,64,70,64,FALSE,FALSE
96,6,626,757,713,626,757,713,626,757,713,131,87,131,87,FALSE,FALSE
96,7,815,1026,943,815,1026,943,815,1026,943,211,128,211,128,FALSE,FALSE
96,8,1056,1360,1240,1056,1360,1240,1056,1360,1240,304,184,304,184,FALSE,FALSE
96,9,1346,1723,1587,1346,1723,1587,1346,1723,1587,377,241,377,241,FALSE,FALSE
96,10,1715,2110,1963,1715,2110,1963,1715,2110,1963,395,248,395,248,FALSE,FALSE
96,11,2060,2489,2309,2060,2489,2309,2060,2489,2309,429,249,429,249,FALSE,FALSE
96,12,2464,2818,2635,2464,2818,2635,2464,2818,2635,354,171,354,171,FALSE,FALSE
96,13,2787,3044,2885,2787,3044,2885,2787,3044,2885,257,98,257,98,FALSE,FALSE
96,14,3063,3240,3073,3063,3240,3073,3063,3240,3073,177,10,177,10,FALSE,FALSE
96,15,3215,3267,3190,3215,3267,3190,3215,3267,3190,52,-25,52,25,FALSE,FALSE
96,16,3239,3238,3223,3239,3238,3223,3239,3238,3223,-1,-16,1,16,FALSE,FALSE
96,17,3194,3093,3154,3194,3093,3154,3194,3093,3154,-101,-40,101,40,FALSE,FALSE
96,18,3077,2947,3007,3077,2947,3007,3077,2947,3007,-130,-70,130,70,FALSE,FALSE
96,19,2861,2754,2841,2861,2754,2841,2861,2754,2841,-107,-20,107,20,FALSE,FALSE
96,20,2687,2514,2628,2687,2514,2628,2687,2514,2628,-173,-59,173,59,FALSE,FALSE
96,21,2497,2267,2361,2497,2267,2361,2497,2267,2361,-230,-136,230,136,FALSE,FALSE
96,22,2290,2039,2127,2290,2039,2127,2290,2039,2127,-251,-163,251,163,FALSE,FALSE
96,23,2080,1794,1928,2080,1794,1928,2080,1794,1928,-286,-152,286,152,FALSE,FALSE
96,24,1864,1576,1728,1864,1576,1728,1864,1576,1728,-288,-136,288,136,FALSE,FALSE
96,25,1677,1386,1538,1677,1386,1538,1677,1386,1538,-291,-139,291,139,FALSE,FALSE
96,26,1508,1222,1372,1508,1222,1372,1508,1222,1372,-286,-136,286,136,FALSE,FALSE
96,27,1343,1098,1213,1343,1098,1213,1343,1098,1213,-245,-130,245,130,FALSE,FALSE
96,28,1192,985,1076,1192,985,1076,1192,985,1076,-207,-116,207,116,FALSE,FALSE
96,29,1056,871,954,1056,871,954,1056,871,954,-185,-102,185,102,FALSE,FALSE
96,30,948,768,834,948,768,834,948,768,834,-180,-114,180,114,FALSE,FALSE
96,31,836,681,720,836,681,720,836,681,720,-155,-116,155,116,FALSE,FALSE
96,32,737,607,647,737,607,647,737,607,647,-130,-90,130,90,FALSE,FALSE
96,33,643,520,557,643,520,557,643,520,557,-123,-86,123,86,FALSE,FALSE
96,34,549,445,486,549,445,486,549,445,486,-104,-63,104,63,FALSE,FALSE
96,35,475,392,412,475,392,412,475,392,412,-83,-63,83,63,FALSE,FALSE
96,36,427,354,364,427,354,364,427,354,364,-73,-63,73,63,FALSE,FALSE
96,37,369,308,320,369,308,320,369,308,320,-61,-49,61,49,FALSE,FALSE
96,38,320,275,292,320,275,292,320,275,292,-45,-28,45,28,FALSE,FALSE
96,39,278,238,261,278,238,261,278,238,261,-40,-17,40,17,FALSE,FALSE
96,40,237,223,233,237,223,233,237,223,233,-14,-4,14,4,FALSE,FALSE
96,41,212,193,202,212,193,202,212,193,202,-19,-10,19,10,FALSE,FALSE
96,42,173,176,168,173,176,168,173,176,168,3,-5,3,5,FALSE,FALSE
96,43,155,164,145,155,164,145,155,164,145,9,-10,9,10,FALSE,FALSE
96,44,137,146,122,137,146,122,137,146,122,9,-15,9,15,FALSE,FALSE
96,45,112,130,109,112,130,109,112,130,109,18,-3,18,3,FALSE,FALSE
96,46,97,115,98,97,115,98,97,115,98,18,1,18,1,FALSE,FALSE
96,47,86,102,83,86,102,83,86,102,83,16,-3,16,3,FALSE,FALSE
96,48,74,87,71,74,87,71,74,87,71,13,-3,13,3,FALSE,FALSE
96,49,64,74,57,64,74,57,64,74,57,10,-7,10,7,FALSE,FALSE
96,50,52,60,44,52,60,44,52,60,44,8,-8,8,8,FALSE,FALSE
96,51,46,47,41,46,47,41,46,47,41,1,-5,1,5,FALSE,FALSE
96,52,33,42,37,33,42,37,33,42,37,9,4,9,4,FALSE,FALSE
96,53,30,41,31,30,41,31,30,41,31,11,1,11,1,FALSE,FALSE
96,54,28,38,30,28,38,30,28,38,30,10,2,10,2,FALSE,FALSE
96,55,23,38,23,23,38,23,23,38,23,15,0,15,0,FALSE,TRUE
96,56,22,36,20,22,36,20,22,36,20,14,-2,14,2,FALSE,FALSE
96,57,17,30,18,17,30,18,17,30,18,13,1,13,1,FALSE,FALSE
96,58,15,27,15,15,27,15,15,27,15,12,0,12,0,FALSE,TRUE
96,59,12,21,14,12,21,14,12,21,14,9,2,9,2,FALSE,FALSE
96,60,10,18,10,10,18,10,10,18,10,8,0,8,0,FALSE,TRUE
97,0,72,72,72,72,72,72,72,72,72,0,0,0,0,TRUE,TRUE
97,1,85,89,91,85,89,91,85,89,91,4,6,4,6,FALSE,FALSE
97,2,101,108,106,101,108,106,101,108,106,7,5,7,5,FALSE,FALSE
97,3,119,134,126,119,134,126,119,134,126,15,7,15,7,FALSE,FALSE
97,4,139,171,155,139,171,155,139,171,155,32,16,32,16,FALSE,FALSE
97,5,171,223,175,171,223,175,171,223,175,52,4,52,4,FALSE,FALSE
97,6,204,281,194,204,281,194,204,281,194,77,-10,77,10,FALSE,FALSE
97,7,265,338,236,265,338,236,265,338,236,73,-29,73,29,FALSE,FALSE
97,8,316,398,289,316,398,289,316,398,289,82,-27,82,27,FALSE,FALSE
97,9,396,476,356,396,476,356,396,476,356,80,-40,80,40,FALSE,FALSE
97,10,484,558,424,484,558,424,484,558,424,74,-60,74,60,FALSE,FALSE
97,11,558,668,484,558,668,484,558,668,484,110,-74,110,74,FALSE,FALSE
97,12,669,813,562,669,813,562,669,813,562,144,-107,144,107,FALSE,FALSE
97,13,721,935,669,721,935,669,721,935,669,214,-52,214,52,FALSE,FALSE
97,14,848,1071,779,848,1071,779,848,1071,779,223,-69,223,69,FALSE,FALSE
97,15,1021,1189,885,1021,1189,885,1021,1189,885,168,-136,168,136,FALSE,FALSE
97,16,1165,1324,979,1165,1324,979,1165,1324,979,159,-186,159,186,FALSE,FALSE
97,17,1264,1475,1113,1264,1475,1113,1264,1475,1113,211,-151,211,151,FALSE,FALSE
97,18,1377,1604,1190,1377,1604,1190,1377,1604,1190,227,-187,227,187,FALSE,FALSE
97,19,1459,1659,1323,1459,1659,1323,1459,1659,1323,200,-136,200,136,FALSE,FALSE
97,20,1579,1735,1392,1579,1735,1392,1579,1735,1392,156,-187,156,187,FALSE,FALSE
97,21,1686,1777,1448,1686,1777,1448,1686,1777,1448,91,-238,91,238,FALSE,FALSE
97,22,1762,1804,1517,1762,1804,1517,1762,1804,1517,42,-245,42,245,FALSE,FALSE
97,23,1785,1770,1565,1785,1770,1565,1785,1770,1565,-15,-220,15,220,FALSE,FALSE
97,24,1801,1690,1556,1801,1690,1556,1801,1690,1556,-111,-245,111,245,FALSE,FALSE
97,25,1770,1643,1542,1770,1643,1542,1770,1643,1542,-127,-228,127,228,FALSE,FALSE
97,26,1758,1536,1545,1758,1536,1545,1758,1536,1545,-222,-213,222,213,FALSE,FALSE
97,27,1680,1425,1548,1680,1425,1548,1680,1425,1548,-255,-132,255,132,FALSE,FALSE
97,28,1566,1338,1498,1566,1338,1498,1566,1338,1498,-228,-68,228,68,FALSE,FALSE
97,29,1466,1234,1406,1466,1234,1406,1466,1234,1406,-232,-60,232,60,FALSE,FALSE
97,30,1374,1106,1360,1374,1106,1360,1374,1106,1360,-268,-14,268,14,FALSE,FALSE
97,31,1281,983,1302,1281,983,1302,1281,983,1302,-298,21,298,21,FALSE,FALSE
97,32,1192,892,1173,1192,892,1173,1192,892,1173,-300,-19,300,19,FALSE,FALSE
97,33,1099,811,1137,1099,811,1137,1099,811,1137,-288,38,288,38,FALSE,FALSE
97,34,992,726,1009,992,726,1009,992,726,1009,-266,17,266,17,FALSE,FALSE
97,35,886,658,957,886,658,957,886,658,957,-228,71,228,71,FALSE,FALSE
97,36,802,581,855,802,581,855,802,581,855,-221,53,221,53,FALSE,FALSE
97,37,738,523,759,738,523,759,738,523,759,-215,21,215,21,FALSE,FALSE
97,38,650,487,687,650,487,687,650,487,687,-163,37,163,37,FALSE,FALSE
97,39,584,428,629,584,428,629,584,428,629,-156,45,156,45,FALSE,FALSE
97,40,521,383,568,521,383,568,521,383,568,-138,47,138,47,FALSE,FALSE
97,41,451,343,500,451,343,500,451,343,500,-108,49,108,49,FALSE,FALSE
97,42,403,288,451,403,288,451,403,288,451,-115,48,115,48,FALSE,FALSE
97,43,362,258,412,362,258,412,362,258,412,-104,50,104,50,FALSE,FALSE
97,44,330,236,364,330,236,364,330,236,364,-94,34,94,34,FALSE,FALSE
97,45,288,211,330,288,211,330,288,211,330,-77,42,77,42,FALSE,FALSE
97,46,256,188,300,256,188,300,256,188,300,-68,44,68,44,FALSE,FALSE
97,47,208,149,253,208,149,253,208,149,253,-59,45,59,45,FALSE,FALSE
97,48,176,142,238,176,142,238,176,142,238,-34,62,34,62,FALSE,FALSE
97,49,163,129,212,163,129,212,163,129,212,-34,49,34,49,FALSE,FALSE
97,50,140,115,172,140,115,172,140,115,172,-25,32,25,32,FALSE,FALSE
97,51,120,98,151,120,98,151,120,98,151,-22,31,22,31,FALSE,FALSE
97,52,101,93,135,101,93,135,101,93,135,-8,34,8,34,FALSE,FALSE
97,53,87,81,110,87,81,110,87,81,110,-6,23,6,23,FALSE,FALSE
97,54,81,74,92,81,74,92,81,74,92,-7,11,7,11,FALSE,FALSE
97,55,83,64,78,83,64,78,83,64,78,-19,-5,19,5,FALSE,FALSE
97,56,77,52,75,77,52,75,77,52,75,-25,-2,25,2,FALSE,FALSE
97,57,60,47,66,60,47,66,60,47,66,-13,6,13,6,FALSE,FALSE
97,58,50,43,62,50,43,62,50,43,62,-7,12,7,12,FALSE,FALSE
97,59,44,34,56,44,34,56,44,34,56,-10,12,10,12,FALSE,FALSE
97,60,39,32,50,39,32,50,39,32,50,-7,11,7,11,FALSE,FALSE
98,0,66,66,66,66,66,66,66,66,66,0,0,0,0,TRUE,TRUE
98,1,94,102,113,94,102,113,94,102,113,8,19,8,19,FALSE,FALSE
98,2,151,173,191,151,173,191,151,173,191,22,40,22,40,FALSE,FALSE
98,3,240,255,312,240,255,312,240,255,312,15,72,15,72,FALSE,FALSE
98,4,367,378,471,367,378,471,367,378,471,11,104,11,104,FALSE,FALSE
98,5,541,580,688,541,580,688,541,580,688,39,147,39,147,FALSE,FALSE
98,6,795,860,1019,795,860,1019,795,860,1019,65,224,65,224,FALSE,FALSE
98,7,1095,1229,1425,1095,1229,1425,1095,1229,1425,134,330,134,330,FALSE,FALSE
98,8,1532,1638,1863,1532,1638,1863,1532,1638,1863,106,331,106,331,FALSE,FALSE
98,9,1963,2040,2281,1963,2040,2281,1963,2040,2281,77,318,77,318,FALSE,FALSE
98,10,2319,2391,2624,2319,2391,2624,2319,2391,2624,72,305,72,305,FALSE,FALSE
98,11,2561,2609,2751,2561,2609,2751,2561,2609,2751,48,190,48,190,FALSE,FALSE
98,12,2648,2706,2741,2648,2706,2741,2648,2706,2741,58,93,58,93,FALSE,FALSE
98,13,2637,2637,2551,2637,2637,2551,2637,2637,2551,0,-86,0,86,TRUE,FALSE
98,14,2520,2452,2372,2520,2452,2372,2520,2452,2372,-68,-148,68,148,FALSE,FALSE
98,15,2319,2242,2140,2319,2242,2140,2319,2242,2140,-77,-179,77,179,FALSE,FALSE
98,16,2071,2024,1879,2071,2024,1879,2071,2024,1879,-47,-192,47,192,FALSE,FALSE
98,17,1824,1811,1609,1824,1811,1609,1824,1811,1609,-13,-215,13,215,FALSE,FALSE
98,18,1636,1552,1380,1636,1552,1380,1636,1552,1380,-84,-256,84,256,FALSE,FALSE
98,19,1385,1276,1192,1385,1276,1192,1385,1276,1192,-109,-193,109,193,FALSE,FALSE
98,20,1192,1066,1028,1192,1066,1028,1192,1066,1028,-126,-164,126,164,FALSE,FALSE
98,21,1015,921,870,1015,921,870,1015,921,870,-94,-145,94,145,FALSE,FALSE
98,22,890,791,717,890,791,717,890,791,717,-99,-173,99,173,FALSE,FALSE
98,23,721,657,615,721,657,615,721,657,615,-64,-106,64,106,FALSE,FALSE
98,24,594,562,515,594,562,515,594,562,515,-32,-79,32,79,FALSE,FALSE
98,25,507,470,445,507,470,445,507,470,445,-37,-62,37,62,FALSE,FALSE
98,26,418,380,378,418,380,378,418,380,378,-38,-40,38,40,FALSE,FALSE
98,27,350,311,318,350,311,318,350,311,318,-39,-32,39,32,FALSE,FALSE
98,28,292,262,269,292,262,269,292,262,269,-30,-23,30,23,FALSE,FALSE
98,29,240,214,222,240,214,222,240,214,222,-26,-18,26,18,FALSE,FALSE
98,30,208,178,187,208,178,187,208,178,187,-30,-21,30,21,FALSE,FALSE
98,31,159,150,167,159,150,167,159,150,167,-9,8,9,8,FALSE,FALSE
98,32,130,132,142,130,132,142,130,132,142,2,12,2,12,FALSE,FALSE
98,33,114,110,117,114,110,117,114,110,117,-4,3,4,3,FALSE,FALSE
98,34,99,93,100,99,93,100,99,93,100,-6,1,6,1,FALSE,FALSE
98,35,80,78,84,80,78,84,80,78,84,-2,4,2,4,FALSE,FALSE
98,36,71,66,80,71,66,80,71,66,80,-5,9,5,9,FALSE,FALSE
98,37,58,52,70,58,52,70,58,52,70,-6,12,6,12,FALSE,FALSE
98,38,48,44,62,48,44,62,48,44,62,-4,14,4,14,FALSE,FALSE
98,39,41,39,53,41,39,53,41,39,53,-2,12,2,12,FALSE,FALSE
98,40,31,32,47,31,32,47,31,32,47,1,16,1,16,FALSE,FALSE
98,41,26,28,44,26,28,44,26,28,44,2,18,2,18,FALSE,FALSE
98,42,22,20,37,22,20,37,22,20,37,-2,15,2,15,FALSE,FALSE
98,43,19,14,31,19,14,31,19,14,31,-5,12,5,12,FALSE,FALSE
98,44,13,12,29,13,12,29,13,12,29,-1,16,1,16,FALSE,FALSE
98,45,12,10,23,12,10,23,12,10,23,-2,11,2,11,FALSE,FALSE
98,46,9,8,20,9,8,20,9,8,20,-1,11,1,11,FALSE,FALSE
98,47,5,6,16,5,6,16,5,6,16,1,11,1,11,FALSE,FALSE
98,48,3,5,12,3,5,12,3,5,12,2,9,2,9,FALSE,FALSE
98,49,2,5,10,2,5,10,2,5,10,3,8,3,8,FALSE,FALSE
98,50,1,2,7,1,2,7,1,2,7,1,6,1,6,FALSE,FALSE
98,51,1,2,7,1,2,7,1,2,7,1,6,1,6,FALSE,FALSE
98,52,1,1,6,1,1,6,1,1,6,0,5,0,5,TRUE,FALSE
98,53,1,1,5,1,1,5,1,1,5,0,4,0,4,TRUE,FALSE
98,54,1,0,5,1,0,5,1,0,5,-1,4,1,4,FALSE,FALSE
98,55,0,0,4,0,0,4,0,0,4,0,4,0,4,TRUE,FALSE
98,56,0,0,3,0,0,3,0,0,3,0,3,0,3,TRUE,FALSE
98,57,0,0,3,0,0,3,0,0,3,0,3,0,3,TRUE,FALSE
98,58,0,0,3,0,0,3,0,0,3,0,3,0,3,TRUE,FALSE
98,59,0,0,3,0,0,3,0,0,3,0,3,0,3,TRUE,FALSE
98,60,0,0,3,0,0,3,0,0,3,0,3,0,3,TRUE,FALSE
99,0,144,144,144,144,144,144,144,144,144,0,0,0,0,TRUE,TRUE
99,1,207,183,192,207,183,192,207,183,192,-24,-15,24,15,FALSE,FALSE
99,2,274,226,214,274,226,214,274,226,214,-48,-60,48,60,FALSE,FALSE
99,3,367,316,283,367,316,283,367,316,283,-51,-84,51,84,FALSE,FALSE
99,4,444,413,355,444,413,355,444,413,355,-31,-89,31,89,FALSE,FALSE
99,5,545,535,413,545,535,413,545,535,413,-10,-132,10,132,FALSE,FALSE
99,6,641,641,519,641,641,519,641,641,519,0,-122,0,122,TRUE,FALSE
99,7,742,777,614,742,777,614,742,777,614,35,-128,35,128,FALSE,FALSE
99,8,928,947,714,928,947,714,928,947,714,19,-214,19,214,FALSE,FALSE
99,9,1115,1121,846,1115,1121,846,1115,1121,846,6,-269,6,269,FALSE,FALSE
99,10,1281,1307,962,1281,1307,962,1281,1307,962,26,-319,26,319,FALSE,FALSE
99,11,1510,1528,1117,1510,1528,1117,1510,1528,1117,18,-393,18,393,FALSE,FALSE
99,12,1673,1651,1266,1673,1651,1266,1673,1651,1266,-22,-407,22,407,FALSE,FALSE
99,13,1753,1766,1421,1753,1766,1421,1753,1766,1421,13,-332,13,332,FALSE,FALSE
99,14,1823,1854,1513,1823,1854,1513,1823,1854,1513,31,-310,31,310,FALSE,FALSE
99,15,1817,1921,1611,1817,1921,1611,1817,1921,1611,104,-206,104,206,FALSE,FALSE
99,16,1823,1932,1645,1823,1932,1645,1823,1932,1645,109,-178,109,178,FALSE,FALSE
99,17,1808,1847,1720,1808,1847,1720,1808,1847,1720,39,-88,39,88,FALSE,FALSE
99,18,1731,1720,1728,1731,1720,1728,1731,1720,1728,-11,-3,11,3,FALSE,FALSE
99,19,1634,1587,1640,1634,1587,1640,1634,1587,1640,-47,6,47,6,FALSE,FALSE
99,20,1495,1425,1567,1495,1425,1567,1495,1425,1567,-70,72,70,72,FALSE,FALSE
99,21,1343,1283,1419,1343,1283,1419,1343,1283,1419,-60,76,60,76,FALSE,FALSE
99,22,1210,1159,1320,1210,1159,1320,1210,1159,1320,-51,110,51,110,FALSE,FALSE
99,23,1073,1045,1213,1073,1045,1213,1073,1045,1213,-28,140,28,140,FALSE,FALSE
99,24,923,868,1135,923,868,1135,923,868,1135,-55,212,55,212,FALSE,FALSE
99,25,807,748,981,807,748,981,807,748,981,-59,174,59,174,FALSE,FALSE
99,26,719,644,891,719,644,891,719,644,891,-75,172,75,172,FALSE,FALSE
99,27,619,565,783,619,565,783,619,565,783,-54,164,54,164,FALSE,FALSE
99,28,526,461,676,526,461,676,526,461,676,-65,150,65,150,FALSE,FALSE
99,29,413,386,596,413,386,596,413,386,596,-27,183,27,183,FALSE,FALSE
99,30,359,324,518,359,324,518,359,324,518,-35,159,35,159,FALSE,FALSE
99,31,308,264,444,308,264,444,308,264,444,-44,136,44,136,FALSE,FALSE
99,32,267,224,391,267,224,391,267,224,391,-43,124,43,124,FALSE,FALSE
99,33,233,189,339,233,189,339,233,189,339,-44,106,44,106,FALSE,FALSE
99,34,201,152,297,201,152,297,201,152,297,-49,96,49,96,FALSE,FALSE
99,35,165,124,256,165,124,256,165,124,256,-41,91,41,91,FALSE,FALSE
99,36,136,105,220,136,105,220,136,105,220,-31,84,31,84,FALSE,FALSE
99,37,115,88,184,115,88,184,115,88,184,-27,69,27,69,FALSE,FALSE
99,38,99,71,146,99,71,146,99,71,146,-28,47,28,47,FALSE,FALSE
99,39,88,55,126,88,55,126,88,55,126,-33,38,33,38,FALSE,FALSE
99,40,77,46,111,77,46,111,77,46,111,-31,34,31,34,FALSE,FALSE
99,41,63,41,104,63,41,104,63,41,104,-22,41,22,41,FALSE,FALSE
99,42,45,36,99,45,36,99,45,36,99,-9,54,9,54,FALSE,FALSE
99,43,33,35,87,33,35,87,33,35,87,2,54,2,54,FALSE,FALSE
99,44,30,28,72,30,28,72,30,28,72,-2,42,2,42,FALSE,FALSE
99,45,26,23,61,26,23,61,26,23,61,-3,35,3,35,FALSE,FALSE
99,46,25,20,50,25,20,50,25,20,50,-5,25,5,25,FALSE,FALSE
99,47,24,17,48,24,17,48,24,17,48,-7,24,7,24,FALSE,FALSE
99,48,20,14,48,20,14,48,20,14,48,-6,28,6,28,FALSE,FALSE
99,49,14,14,42,14,14,42,14,14,42,0,28,0,28,TRUE,FALSE
99,50,11,11,37,11,11,37,11,11,37,0,26,0,26,TRUE,FALSE
99,51,10,7,28,10,7,28,10,7,28,-3,18,3,18,FALSE,FALSE
99,52,8,3,17,8,3,17,8,3,17,-5,9,5,9,FALSE,FALSE
99,53,7,2,14,7,2,14,7,2,14,-5,7,5,7,FALSE,FALSE
99,54,8,2,9,8,2,9,8,2,9,-6,1,6,1,FALSE,FALSE
99,55,7,1,6,7,1,6,7,1,6,-6,-1,6,1,FALSE,FALSE
99,56,4,0,6,4,0,6,4,0,6,-4,2,4,2,FALSE,FALSE
99,57,3,0,5,3,0,5,3,0,5,-3,2,3,2,FALSE,FALSE
99,58,3,0,4,3,0,4,3,0,4,-3,1,3,1,FALSE,FALSE
99,59,0,0,3,0,0,3,0,0,3,0,3,0,3,TRUE,FALSE
99,60,0,0,2,0,0,2,0,0,2,0,2,0,2,TRUE,FALSE
100,0,129,129,129,129,129,129,129,129,129,0,0,0,0,TRUE,TRUE
100,1,136,140,135,136,140,135,136,140,135,4,-1,4,1,FALSE,FALSE
100,2,143,142,141,143,142,141,143,142,141,-1,-2,1,2,FALSE,FALSE
100,3,157,140,152,157,140,152,157,140,152,-17,-5,17,5,FALSE,FALSE
100,4,160,147,165,160,147,165,160,147,165,-13,5,13,5,FALSE,FALSE
100,5,163,168,188,163,168,188,163,168,188,5,25,5,25,FALSE,FALSE
100,6,178,166,193,178,166,193,178,166,193,-12,15,12,15,FALSE,FALSE
100,7,182,170,199,182,170,199,182,170,199,-12,17,12,17,FALSE,FALSE
100,8,191,177,207,191,177,207,191,177,207,-14,16,14,16,FALSE,FALSE
100,9,186,177,219,186,177,219,186,177,219,-9,33,9,33,FALSE,FALSE
100,10,197,188,230,197,188,230,197,188,230,-9,33,9,33,FALSE,FALSE
100,11,209,198,249,209,198,249,209,198,249,-11,40,11,40,FALSE,FALSE
100,12,223,211,267,223,211,267,223,211,267,-12,44,12,44,FALSE,FALSE
100,13,228,236,278,228,236,278,228,236,278,8,50,8,50,FALSE,FALSE
100,14,239,269,293,239,269,293,239,269,293,30,54,30,54,FALSE,FALSE
100,15,242,281,301,242,281,301,242,281,301,39,59,39,59,FALSE,FALSE
100,16,252,294,314,252,294,314,252,294,314,42,62,42,62,FALSE,FALSE
100,17,255,305,341,255,305,341,255,305,341,50,86,50,86,FALSE,FALSE
100,18,268,321,344,268,321,344,268,321,344,53,76,53,76,FALSE,FALSE
100,19,278,318,356,278,318,356,278,318,356,40,78,40,78,FALSE,FALSE
100,20,296,326,379,296,326,379,296,326,379,30,83,30,83,FALSE,FALSE
100,21,312,331,387,312,331,387,312,331,387,19,75,19,75,FALSE,FALSE
100,22,323,349,398,323,349,398,323,349,398,26,75,26,75,FALSE,FALSE
100,23,342,361,401,342,361,401,342,361,401,19,59,19,59,FALSE,FALSE
100,24,347,362,411,347,362,411,347,362,411,15,64,15,64,FALSE,FALSE
100,25,350,376,424,350,376,424,350,376,424,26,74,26,74,FALSE,FALSE
100,26,363,384,449,363,384,449,363,384,449,21,86,21,86,FALSE,FALSE
100,27,377,402,469,377,402,469,377,402,469,25,92,25,92,FALSE,FALSE
100,28,378,402,482,378,402,482,378,402,482,24,104,24,104,FALSE,FALSE
100,29,388,420,494,388,420,494,388,420,494,32,106,32,106,FALSE,FALSE
100,30,389,431,509,389,431,509,389,431,509,42,120,42,120,FALSE,FALSE
100,31,396,455,525,396,455,525,396,455,525,59,129,59,129,FALSE,FALSE
100,32,409,458,544,409,458,544,409,458,544,49,135,49,135,FALSE,FALSE
100,33,423,482,556,423,482,556,423,482,556,59,133,59,133,FALSE,FALSE
100,34,435,473,573,435,473,573,435,473,573,38,138,38,138,FALSE,FALSE
100,35,447,472,597,447,472,597,447,472,597,25,150,25,150,FALSE,FALSE
100,36,458,485,615,458,485,615,458,485,615,27,157,27,157,FALSE,FALSE
100,37,475,502,628,475,502,628,475,502,628,27,153,27,153,FALSE,FALSE
100,38,489,518,644,489,518,644,489,518,644,29,155,29,155,FALSE,FALSE
100,39,515,517,662,515,517,662,515,517,662,2,147,2,147,FALSE,FALSE
100,40,520,508,675,520,508,675,520,508,675,-12,155,12,155,FALSE,FALSE
100,41,520,511,694,520,511,694,520,511,694,-9,174,9,174,FALSE,FALSE
100,42,523,507,703,523,507,703,523,507,703,-16,180,16,180,FALSE,FALSE
100,43,535,537,695,535,537,695,535,537,695,2,160,2,160,FALSE,FALSE
100,44,524,545,719,524,545,719,524,545,719,21,195,21,195,FALSE,FALSE
100,45,533,535,727,533,535,727,533,535,727,2,194,2,194,FALSE,FALSE
100,46,514,540,738,514,540,738,514,540,738,26,224,26,224,FALSE,FALSE
100,47,505,560,759,505,560,759,505,560,759,55,254,55,254,FALSE,FALSE
100,48,512,564,744,512,564,744,512,564,744,52,232,52,232,FALSE,FALSE
100,49,516,555,752,516,555,752,516,555,752,39,236,39,236,FALSE,FALSE
100,50,539,569,752,539,569,752,539,569,752,30,213,30,213,FALSE,FALSE
100,51,535,569,752,535,569,752,535,569,752,34,217,34,217,FALSE,FALSE
100,52,535,568,749,535,568,749,535,568,749,33,214,33,214,FALSE,FALSE
100,53,555,560,743,555,560,743,555,560,743,5,188,5,188,FALSE,FALSE
100,54,541,549,737,541,549,737,541,549,737,8,196,8,196,FALSE,FALSE
100,55,530,542,749,530,542,749,530,542,749,12,219,12,219,FALSE,FALSE
100,56,530,528,746,530,528,746,530,528,746,-2,216,2,216,FALSE,FALSE
100,57,527,514,752,527,514,752,527,514,752,-13,225,13,225,FALSE,FALSE
100,58,522,501,747,522,501,747,522,501,747,-21,225,21,225,FALSE,FALSE
100,59,521,479,743,521,479,743,521,479,743,-42,222,42,222,FALSE,FALSE
100,60,516,466,722,516,466,722,516,466,722,-50,206,50,206,FALSE,FALSE
101,0,48,48,48,48,48,48,48,48,48,0,0,0,0,TRUE,TRUE
101,1,53,56,64,53,56,64,53,56,64,3,11,3,11,FALSE,FALSE
101,2,66,68,79,66,68,79,66,68,79,2,13,2,13,FALSE,FALSE
101,3,82,86,97,82,86,97,82,86,97,4,15,4,15,FALSE,FALSE
101,4,119,102,124,119,102,124,119,102,124,-17,5,17,5,FALSE,FALSE
101,5,143,133,167,143,133,167,143,133,167,-10,24,10,24,FALSE,FALSE
101,6,174,169,210,174,169,210,174,169,210,-5,36,5,36,FALSE,FALSE
101,7,215,206,268,215,206,268,215,206,268,-9,53,9,53,FALSE,FALSE
101,8,265,250,349,265,250,349,265,250,349,-15,84,15,84,FALSE,FALSE
101,9,344,300,444,344,300,444,344,300,444,-44,100,44,100,FALSE,FALSE
101,10,442,351,567,442,351,567,442,351,567,-91,125,91,125,FALSE,FALSE
101,11,561,419,689,561,419,689,561,419,689,-142,128,142,128,FALSE,FALSE
101,12,684,516,857,684,516,857,684,516,857,-168,173,168,173,FALSE,FALSE
101,13,836,607,1020,836,607,1020,836,607,1020,-229,184,229,184,FALSE,FALSE
101,14,1001,747,1220,1001,747,1220,1001,747,1220,-254,219,254,219,FALSE,FALSE
101,15,1189,866,1432,1189,866,1432,1189,866,1432,-323,243,323,243,FALSE,FALSE
101,16,1389,996,1637,1389,996,1637,1389,996,1637,-393,248,393,248,FALSE,FALSE
101,17,1583,1150,1805,1583,1150,1805,1583,1150,1805,-433,222,433,222,FALSE,FALSE
101,18,1776,1296,1969,1776,1296,1969,1776,1296,1969,-480,193,480,193,FALSE,FALSE
101,19,1965,1493,2099,1965,1493,2099,1965,1493,2099,-472,134,472,134,FALSE,FALSE
101,20,2107,1653,2240,2107,1653,2240,2107,1653,2240,-454,133,454,133,FALSE,FALSE
101,21,2235,1779,2316,2235,1779,2316,2235,1779,2316,-456,81,456,81,FALSE,FALSE
101,22,2352,1902,2350,2352,1902,2350,2352,1902,2350,-450,-2,450,2,FALSE,FALSE
101,23,2406,2024,2317,2406,2024,2317,2406,2024,2317,-382,-89,382,89,FALSE,FALSE
101,24,2403,2107,2284,2403,2107,2284,2403,2107,2284,-296,-119,296,119,FALSE,FALSE
101,25,2377,2151,2261,2377,2151,2261,2377,2151,2261,-226,-116,226,116,FALSE,FALSE
101,26,2333,2201,2203,2333,2201,2203,2333,2201,2203,-132,-130,132,130,FALSE,FALSE
101,27,2262,2216,2107,2262,2216,2107,2262,2216,2107,-46,-155,46,155,FALSE,FALSE
101,28,2182,2210,2049,2182,2210,2049,2182,2210,2049,28,-133,28,133,FALSE,FALSE
101,29,2118,2184,1952,2118,2184,1952,2118,2184,1952,66,-166,66,166,FALSE,FALSE
101,30,2026,2125,1863,2026,2125,1863,2026,2125,1863,99,-163,99,163,FALSE,FALSE
101,31,1948,2074,1767,1948,2074,1767,1948,2074,1767,126,-181,126,181,FALSE,FALSE
101,32,1860,2003,1662,1860,2003,1662,1860,2003,1662,143,-198,143,198,FALSE,FALSE
101,33,1770,1949,1559,1770,1949,1559,1770,1949,1559,179,-211,179,211,FALSE,FALSE
101,34,1696,1874,1486,1696,1874,1486,1696,1874,1486,178,-210,178,210,FALSE,FALSE
101,35,1594,1782,1399,1594,1782,1399,1594,1782,1399,188,-195,188,195,FALSE,FALSE
101,36,1487,1711,1324,1487,1711,1324,1487,1711,1324,224,-163,224,163,FALSE,FALSE
101,37,1368,1619,1251,1368,1619,1251,1368,1619,1251,251,-117,251,117,FALSE,FALSE
101,38,1287,1507,1166,1287,1507,1166,1287,1507,1166,220,-121,220,121,FALSE,FALSE
101,39,1217,1417,1084,1217,1417,1084,1217,1417,1084,200,-133,200,133,FALSE,FALSE
101,40,1119,1315,1005,1119,1315,1005,1119,1315,1005,196,-114,196,114,FALSE,FALSE
101,41,1056,1237,949,1056,1237,949,1056,1237,949,181,-107,181,107,FALSE,FALSE
101,42,982,1154,885,982,1154,885,982,1154,885,172,-97,172,97,FALSE,FALSE
101,43,921,1085,832,921,1085,832,921,1085,832,164,-89,164,89,FALSE,FALSE
101,44,846,1021,776,846,1021,776,846,1021,776,175,-70,175,70,FALSE,FALSE
101,45,797,950,731,797,950,731,797,950,731,153,-66,153,66,FALSE,FALSE
101,46,752,900,695,752,900,695,752,900,695,148,-57,148,57,FALSE,FALSE
101,47,694,847,638,694,847,638,694,847,638,153,-56,153,56,FALSE,FALSE
101,48,656,786,587,656,786,587,656,786,587,130,-69,130,69,FALSE,FALSE
101,49,612,742,538,612,742,538,612,742,538,130,-74,130,74,FALSE,FALSE
101,50,567,698,497,567,698,497,567,698,497,131,-70,131,70,FALSE,FALSE
101,51,530,645,465,530,645,465,530,645,465,115,-65,115,65,FALSE,FALSE
101,52,494,605,425,494,605,425,494,605,425,111,-69,111,69,FALSE,FALSE
101,53,453,565,403,453,565,403,453,565,403,112,-50,112,50,FALSE,FALSE
101,54,413,529,373,413,529,373,413,529,373,116,-40,116,40,FALSE,FALSE
101,55,388,487,358,388,487,358,388,487,358,99,-30,99,30,FALSE,FALSE
101,56,368,449,335,368,449,335,368,449,335,81,-33,81,33,FALSE,FALSE
101,57,331,407,309,331,407,309,331,407,309,76,-22,76,22,FALSE,FALSE
101,58,304,374,291,304,374,291,304,374,291,70,-13,70,13,FALSE,FALSE
101,59,288,352,265,288,352,265,288,352,265,64,-23,64,23,FALSE,FALSE
101,60,262,329,246,262,329,246,262,329,246,67,-16,67,16,FALSE,FALSE
102,0,99,99,99,99,99,99,99,99,99,0,0,0,0,TRUE,TRUE
102,1,143,140,147,143,140,147,143,140,147,-3,4,3,4,FALSE,FALSE
102,2,212,226,190,212,226,190,212,226,190,14,-22,14,22,FALSE,FALSE
102,3,305,353,280,305,353,280,305,353,280,48,-25,48,25,FALSE,FALSE
102,4,461,530,410,461,530,410,461,530,410,69,-51,69,51,FALSE,FALSE
102,5,668,739,600,668,739,600,668,739,600,71,-68,71,68,FALSE,FALSE
102,6,957,1031,834,957,1031,834,957,1031,834,74,-123,74,123,FALSE,FALSE
102,7,1308,1414,1131,1308,1414,1131,1308,1414,1131,106,-177,106,177,FALSE,FALSE
102,8,1697,1786,1457,1697,1786,1457,1697,1786,1457,89,-240,89,240,FALSE,FALSE
102,9,2145,2201,1845,2145,2201,1845,2145,2201,1845,56,-300,56,300,FALSE,FALSE
102,10,2492,2526,2245,2492,2526,2245,2492,2526,2245,34,-247,34,247,FALSE,FALSE
102,11,2767,2726,2537,2767,2726,2537,2767,2726,2537,-41,-230,41,230,FALSE,FALSE
102,12,2858,2797,2701,2858,2797,2701,2858,2797,2701,-61,-157,61,157,FALSE,FALSE
102,13,2877,2728,2690,2877,2728,2690,2877,2728,2690,-149,-187,149,187,FALSE,FALSE
102,14,2714,2562,2604,2714,2562,2604,2714,2562,2604,-152,-110,152,110,FALSE,FALSE
102,15,2508,2356,2506,2508,2356,2506,2508,2356,2506,-152,-2,152,2,FALSE,FALSE
102,16,2227,2159,2303,2227,2159,2303,2227,2159,2303,-68,76,68,76,FALSE,FALSE
102,17,1959,1901,2131,1959,1901,2131,1959,1901,2131,-58,172,58,172,FALSE,FALSE
102,18,1743,1716,1918,1743,1716,1918,1743,1716,1918,-27,175,27,175,FALSE,FALSE
102,19,1565,1513,1677,1565,1513,1677,1565,1513,1677,-52,112,52,112,FALSE,FALSE
102,20,1364,1330,1486,1364,1330,1486,1364,1330,1486,-34,122,34,122,FALSE,FALSE
102,21,1187,1167,1294,1187,1167,1294,1187,1167,1294,-20,107,20,107,FALSE,FALSE
102,22,1028,1001,1130,1028,1001,1130,1028,1001,1130,-27,102,27,102,FALSE,FALSE
102,23,878,880,991,878,880,991,878,880,991,2,113,2,113,FALSE,FALSE
102,24,765,769,848,765,769,848,765,769,848,4,83,4,83,FALSE,FALSE
102,25,642,665,742,642,665,742,642,665,742,23,100,23,100,FALSE,FALSE
102,26,552,585,647,552,585,647,552,585,647,33,95,33,95,FALSE,FALSE
102,27,455,500,555,455,500,555,455,500,555,45,100,45,100,FALSE,FALSE
102,28,396,423,473,396,423,473,396,423,473,27,77,27,77,FALSE,FALSE
102,29,344,372,393,344,372,393,344,372,393,28,49,28,49,FALSE,FALSE
102,30,286,313,351,286,313,351,286,313,351,27,65,27,65,FALSE,FALSE
102,31,248,269,298,248,269,298,248,269,298,21,50,21,50,FALSE,FALSE
102,32,209,217,249,209,217,249,209,217,249,8,40,8,40,FALSE,FALSE
102,33,179,182,213,179,182,213,179,182,213,3,34,3,34,FALSE,FALSE
102,34,157,151,183,157,151,183,157,151,183,-6,26,6,26,FALSE,FALSE
102,35,138,115,165,138,115,165,138,115,165,-23,27,23,27,FALSE,FALSE
102,36,117,97,146,117,97,146,117,97,146,-20,29,20,29,FALSE,FALSE
102,37,106,88,117,106,88,117,106,88,117,-18,11,18,11,FALSE,FALSE
102,38,93,76,100,93,76,100,93,76,100,-17,7,17,7,FALSE,FALSE
102,39,78,60,83,78,60,83,78,60,83,-18,5,18,5,FALSE,FALSE
102,40,67,47,68,67,47,68,67,47,68,-20,1,20,1,FALSE,FALSE
102,41,56,36,53,56,36,53,56,36,53,-20,-3,20,3,FALSE,FALSE
102,42,43,29,47,43,29,47,43,29,47,-14,4,14,4,FALSE,FALSE
102,43,39,24,42,39,24,42,39,24,42,-15,3,15,3,FALSE,FALSE
102,44,36,23,36,36,23,36,36,23,36,-13,0,13,0,FALSE,TRUE
102,45,32,21,28,32,21,28,32,21,28,-11,-4,11,4,FALSE,FALSE
102,46,30,17,24,30,17,24,30,17,24,-13,-6,13,6,FALSE,FALSE
102,47,26,13,19,26,13,19,26,13,19,-13,-7,13,7,FALSE,FALSE
102,48,20,12,14,20,12,14,20,12,14,-8,-6,8,6,FALSE,FALSE
102,49,18,11,11,18,11,11,18,11,11,-7,-7,7,7,FALSE,FALSE
102,50,18,9,8,18,9,8,18,9,8,-9,-10,9,10,FALSE,FALSE
102,51,17,9,9,17,9,9,17,9,9,-8,-8,8,8,FALSE,FALSE
102,52,15,8,8,15,8,8,15,8,8,-7,-7,7,7,FALSE,FALSE
102,53,11,7,7,11,7,7,11,7,7,-4,-4,4,4,FALSE,FALSE
102,54,8,4,6,8,4,6,8,4,6,-4,-2,4,2,FALSE,FALSE
102,55,5,4,5,5,4,5,5,4,5,-1,0,1,0,FALSE,TRUE
102,56,4,3,4,4,3,4,4,3,4,-1,0,1,0,FALSE,TRUE
102,57,3,2,4,3,2,4,3,2,4,-1,1,1,1,FALSE,FALSE
102,58,3,2,4,3,2,4,3,2,4,-1,1,1,1,FALSE,FALSE
102,59,3,2,3,3,2,3,3,2,3,-1,0,1,0,FALSE,TRUE
102,60,2,2,3,2,2,3,2,2,3,0,1,0,1,TRUE,FALSE
103,0,82,82,82,82,82,82,82,82,82,0,0,0,0,TRUE,TRUE
103,1,84,80,80,84,80,80,84,80,80,-4,-4,4,4,FALSE,FALSE
103,2,91,82,99,91,82,99,91,82,99,-9,8,9,8,FALSE,FALSE
103,3,99,84,91,99,84,91,99,84,91,-15,-8,15,8,FALSE,FALSE
103,4,97,84,92,97,84,92,97,84,92,-13,-5,13,5,FALSE,FALSE
103,5,110,92,90,110,92,90,110,92,90,-18,-20,18,20,FALSE,FALSE
103,6,111,98,95,111,98,95,111,98,95,-13,-16,13,16,FALSE,FALSE
103,7,125,98,101,125,98,101,125,98,101,-27,-24,27,24,FALSE,FALSE
103,8,134,100,105,134,100,105,134,100,105,-34,-29,34,29,FALSE,FALSE
103,9,144,94,102,144,94,102,144,94,102,-50,-42,50,42,FALSE,FALSE
103,10,160,98,100,160,98,100,160,98,100,-62,-60,62,60,FALSE,FALSE
103,11,162,115,110,162,115,110,162,115,110,-47,-52,47,52,FALSE,FALSE
103,12,158,128,104,158,128,104,158,128,104,-30,-54,30,54,FALSE,FALSE
103,13,175,138,120,175,138,120,175,138,120,-37,-55,37,55,FALSE,FALSE
103,14,167,141,122,167,141,122,167,141,122,-26,-45,26,45,FALSE,FALSE
103,15,167,148,140,167,148,140,167,148,140,-19,-27,19,27,FALSE,FALSE
103,16,181,155,150,181,155,150,181,155,150,-26,-31,26,31,FALSE,FALSE
103,17,184,178,149,184,178,149,184,178,149,-6,-35,6,35,FALSE,FALSE
103,18,188,166,160,188,166,160,188,166,160,-22,-28,22,28,FALSE,FALSE
103,19,199,178,162,199,178,162,199,178,162,-21,-37,21,37,FALSE,FALSE
103,20,208,186,189,208,186,189,208,186,189,-22,-19,22,19,FALSE,FALSE
103,21,224,188,188,224,188,188,224,188,188,-36,-36,36,36,FALSE,FALSE
103,22,235,176,199,235,176,199,235,176,199,-59,-36,59,36,FALSE,FALSE
103,23,235,171,195,235,171,195,235,171,195,-64,-40,64,40,FALSE,FALSE
103,24,239,178,186,239,178,186,239,178,186,-61,-53,61,53,FALSE,FALSE
103,25,237,180,206,237,180,206,237,180,206,-57,-31,57,31,FALSE,FALSE
103,26,244,198,191,244,198,191,244,198,191,-46,-53,46,53,FALSE,FALSE
103,27,256,199,194,256,199,194,256,199,194,-57,-62,57,62,FALSE,FALSE
103,28,272,208,186,272,208,186,272,208,186,-64,-86,64,86,FALSE,FALSE
103,29,273,213,184,273,213,184,273,213,184,-60,-89,60,89,FALSE,FALSE
103,30,282,222,172,282,222,172,282,222,172,-60,-110,60,110,FALSE,FALSE
103,31,285,235,160,285,235,160,285,235,160,-50,-125,50,125,FALSE,FALSE
103,32,278,233,153,278,233,153,278,233,153,-45,-125,45,125,FALSE,FALSE
103,33,284,240,164,284,240,164,284,240,164,-44,-120,44,120,FALSE,FALSE
103,34,286,240,161,286,240,161,286,240,161,-46,-125,46,125,FALSE,FALSE
103,35,267,256,146,267,256,146,267,256,146,-11,-121,11,121,FALSE,FALSE
103,36,283,258,166,283,258,166,283,258,166,-25,-117,25,117,FALSE,FALSE
103,37,287,259,161,287,259,161,287,259,161,-28,-126,28,126,FALSE,FALSE
103,38,273,251,154,273,251,154,273,251,154,-22,-119,22,119,FALSE,FALSE
103,39,275,251,145,275,251,145,275,251,145,-24,-130,24,130,FALSE,FALSE
103,40,263,268,145,263,268,145,263,268,145,5,-118,5,118,FALSE,FALSE
103,41,261,258,139,261,258,139,261,258,139,-3,-122,3,122,FALSE,FALSE
103,42,259,247,137,259,247,137,259,247,137,-12,-122,12,122,FALSE,FALSE
103,43,258,243,128,258,243,128,258,243,128,-15,-130,15,130,FALSE,FALSE
103,44,241,265,134,241,265,134,241,265,134,24,-107,24,107,FALSE,FALSE
103,45,238,259,132,238,259,132,238,259,132,21,-106,21,106,FALSE,FALSE
103,46,246,259,126,246,259,126,246,259,126,13,-120,13,120,FALSE,FALSE
103,47,247,246,117,247,246,117,247,246,117,-1,-130,1,130,FALSE,FALSE
103,48,236,268,121,236,268,121,236,268,121,32,-115,32,115,FALSE,FALSE
103,49,234,264,133,234,264,133,234,264,133,30,-101,30,101,FALSE,FALSE
103,50,233,265,129,233,265,129,233,265,129,32,-104,32,104,FALSE,FALSE
103,51,221,252,127,221,252,127,221,252,127,31,-94,31,94,FALSE,FALSE
103,52,205,237,143,205,237,143,205,237,143,32,-62,32,62,FALSE,FALSE
103,53,197,241,123,197,241,123,197,241,123,44,-74,44,74,FALSE,FALSE
103,54,194,239,121,194,239,121,194,239,121,45,-73,45,73,FALSE,FALSE
103,55,203,219,110,203,219,110,203,219,110,16,-93,16,93,FALSE,FALSE
103,56,181,212,108,181,212,108,181,212,108,31,-73,31,73,FALSE,FALSE
103,57,163,207,93,163,207,93,163,207,93,44,-70,44,70,FALSE,FALSE
103,58,158,219,96,158,219,96,158,219,96,61,-62,61,62,FALSE,FALSE
103,59,162,205,97,162,205,97,162,205,97,43,-65,43,65,FALSE,FALSE
103,60,162,210,91,162,210,91,162,210,91,48,-71,48,71,FALSE,FALSE
104,0,146,146,146,146,146,146,146,146,146,0,0,0,0,TRUE,TRUE
104,1,168,162,165,168,162,165,168,162,165,-6,-3,6,3,FALSE,FALSE
104,2,205,181,184,205,181,184,205,181,184,-24,-21,24,21,FALSE,FALSE
104,3,240,208,192,240,208,192,240,208,192,-32,-48,32,48,FALSE,FALSE
104,4,264,224,222,264,224,222,264,224,222,-40,-42,40,42,FALSE,FALSE
104,5,306,228,241,306,228,241,306,228,241,-78,-65,78,65,FALSE,FALSE
104,6,325,247,267,325,247,267,325,247,267,-78,-58,78,58,FALSE,FALSE
104,7,372,293,302,372,293,302,372,293,302,-79,-70,79,70,FALSE,FALSE
104,8,401,330,328,401,330,328,401,330,328,-71,-73,71,73,FALSE,FALSE
104,9,441,358,367,441,358,367,441,358,367,-83,-74,83,74,FALSE,FALSE
104,10,507,420,388,507,420,388,507,420,388,-87,-119,87,119,FALSE,FALSE
104,11,553,469,435,553,469,435,553,469,435,-84,-118,84,118,FALSE,FALSE
104,12,617,517,470,617,517,470,617,517,470,-100,-147,100,147,FALSE,FALSE
104,13,696,593,525,696,593,525,696,593,525,-103,-171,103,171,FALSE,FALSE
104,14,772,671,574,772,671,574,772,671,574,-101,-198,101,198,FALSE,FALSE
104,15,866,715,631,866,715,631,866,715,631,-151,-235,151,235,FALSE,FALSE
104,16,950,784,681,950,784,681,950,784,681,-166,-269,166,269,FALSE,FALSE
104,17,1033,854,740,1033,854,740,1033,854,740,-179,-293,179,293,FALSE,FALSE
104,18,1147,913,806,1147,913,806,1147,913,806,-234,-341,234,341,FALSE,FALSE
104,19,1237,964,859,1237,964,859,1237,964,859,-273,-378,273,378,FALSE,FALSE
104,20,1311,1048,922,1311,1048,922,1311,1048,922,-263,-389,263,389,FALSE,FALSE
104,21,1403,1125,989,1403,1125,989,1403,1125,989,-278,-414,278,414,FALSE,FALSE
104,22,1473,1187,1053,1473,1187,1053,1473,1187,1053,-286,-420,286,420,FALSE,FALSE
104,23,1540,1284,1150,1540,1284,1150,1540,1284,1150,-256,-390,256,390,FALSE,FALSE
104,24,1587,1359,1214,1587,1359,1214,1587,1359,1214,-228,-373,228,373,FALSE,FALSE
104,25,1682,1449,1282,1682,1449,1282,1682,1449,1282,-233,-400,233,400,FALSE,FALSE
104,26,1716,1503,1375,1716,1503,1375,1716,1503,1375,-213,-341,213,341,FALSE,FALSE
104,27,1750,1577,1434,1750,1577,1434,1750,1577,1434,-173,-316,173,316,FALSE,FALSE
104,28,1796,1642,1483,1796,1642,1483,1796,1642,1483,-154,-313,154,313,FALSE,FALSE
104,29,1811,1708,1543,1811,1708,1543,1811,1708,1543,-103,-268,103,268,FALSE,FALSE
104,30,1827,1734,1589,1827,1734,1589,1827,1734,1589,-93,-238,93,238,FALSE,FALSE
104,31,1868,1760,1641,1868,1760,1641,1868,1760,1641,-108,-227,108,227,FALSE,FALSE
104,32,1887,1787,1675,1887,1787,1675,1887,1787,1675,-100,-212,100,212,FALSE,FALSE
104,33,1899,1803,1704,1899,1803,1704,1899,1803,1704,-96,-195,96,195,FALSE,FALSE
104,34,1867,1804,1698,1867,1804,1698,1867,1804,1698,-63,-169,63,169,FALSE,FALSE
104,35,1855,1795,1731,1855,1795,1731,1855,1795,1731,-60,-124,60,124,FALSE,FALSE
104,36,1819,1747,1724,1819,1747,1724,1819,1747,1724,-72,-95,72,95,FALSE,FALSE
104,37,1767,1723,1719,1767,1723,1719,1767,1723,1719,-44,-48,44,48,FALSE,FALSE
104,38,1706,1702,1709,1706,1702,1709,1706,1702,1709,-4,3,4,3,FALSE,FALSE
104,39,1679,1656,1681,1679,1656,1681,1679,1656,1681,-23,2,23,2,FALSE,FALSE
104,40,1641,1615,1671,1641,1615,1671,1641,1615,1671,-26,30,26,30,FALSE,FALSE
104,41,1583,1590,1618,1583,1590,1618,1583,1590,1618,7,35,7,35,FALSE,FALSE
104,42,1536,1529,1589,1536,1529,1589,1536,1529,1589,-7,53,7,53,FALSE,FALSE
104,43,1446,1482,1537,1446,1482,1537,1446,1482,1537,36,91,36,91,FALSE,FALSE
104,44,1419,1417,1511,1419,1417,1511,1419,1417,1511,-2,92,2,92,FALSE,FALSE
104,45,1370,1376,1473,1370,1376,1473,1370,1376,1473,6,103,6,103,FALSE,FALSE
104,46,1315,1328,1452,1315,1328,1452,1315,1328,1452,13,137,13,137,FALSE,FALSE
104,47,1264,1254,1409,1264,1254,1409,1264,1254,1409,-10,145,10,145,FALSE,FALSE
104,48,1197,1196,1349,1197,1196,1349,1197,1196,1349,-1,152,1,152,FALSE,FALSE
104,49,1136,1127,1293,1136,1127,1293,1136,1127,1293,-9,157,9,157,FALSE,FALSE
104,50,1090,1089,1236,1090,1089,1236,1090,1089,1236,-1,146,1,146,FALSE,FALSE
104,51,1046,1042,1196,1046,1042,1196,1046,1042,1196,-4,150,4,150,FALSE,FALSE
104,52,1009,994,1140,1009,994,1140,1009,994,1140,-15,131,15,131,FALSE,FALSE
104,53,958,962,1090,958,962,1090,958,962,1090,4,132,4,132,FALSE,FALSE
104,54,914,905,1042,914,905,1042,914,905,1042,-9,128,9,128,FALSE,FALSE
104,55,876,849,998,876,849,998,876,849,998,-27,122,27,122,FALSE,FALSE
104,56,825,778,933,825,778,933,825,778,933,-47,108,47,108,FALSE,FALSE
104,57,784,736,878,784,736,878,784,736,878,-48,94,48,94,FALSE,FALSE
104,58,749,696,844,749,696,844,749,696,844,-53,95,53,95,FALSE,FALSE
104,59,710,665,776,710,665,776,710,665,776,-45,66,45,66,FALSE,FALSE
104,60,670,646,740,670,646,740,670,646,740,-24,70,24,70,FALSE,FALSE
105,0,119,119,119,119,119,119,119,119,119,0,0,0,0,TRUE,TRUE
105,1,174,180,181,174,180,181,174,180,181,6,7,6,7,FALSE,FALSE
105,2,258,242,259,258,242,259,258,242,259,-16,1,16,1,FALSE,FALSE
105,3,382,316,392,382,316,392,382,316,392,-66,10,66,10,FALSE,FALSE
105,4,556,466,562,556,466,562,556,466,562,-90,6,90,6,FALSE,FALSE
105,5,819,661,787,819,661,787,819,661,787,-158,-32,158,32,FALSE,FALSE
105,6,1182,915,1136,1182,915,1136,1182,915,1136,-267,-46,267,46,FALSE,FALSE
105,7,1606,1257,1552,1606,1257,1552,1606,1257,1552,-349,-54,349,54,FALSE,FALSE
105,8,2066,1656,2018,2066,1656,2018,2066,1656,2018,-410,-48,410,48,FALSE,FALSE
105,9,2526,2080,2510,2526,2080,2510,2526,2080,2510,-446,-16,446,16,FALSE,FALSE
105,10,2932,2521,2894,2932,2521,2894,2932,2521,2894,-411,-38,411,38,FALSE,FALSE
105,11,3261,2825,3237,3261,2825,3237,3261,2825,3237,-436,-24,436,24,FALSE,FALSE
105,12,3476,3126,3512,3476,3126,3512,3476,3126,3512,-350,36,350,36,FALSE,FALSE
105,13,3543,3340,3590,3543,3340,3590,3543,3340,3590,-203,47,203,47,FALSE,FALSE
105,14,3431,3404,3528,3431,3404,3528,3431,3404,3528,-27,97,27,97,FALSE,FALSE
105,15,3314,3333,3346,3314,3333,3346,3314,3333,3346,19,32,19,32,FALSE,FALSE
105,16,3124,3191,3136,3124,3191,3136,3124,3191,3136,67,12,67,12,FALSE,FALSE
105,17,2886,3043,2897,2886,3043,2897,2886,3043,2897,157,11,157,11,FALSE,FALSE
105,18,2611,2819,2669,2611,2819,2669,2611,2819,2669,208,58,208,58,FALSE,FALSE
105,19,2370,2619,2389,2370,2619,2389,2370,2619,2389,249,19,249,19,FALSE,FALSE
105,20,2072,2353,2133,2072,2353,2133,2072,2353,2133,281,61,281,61,FALSE,FALSE
105,21,1852,2141,1909,1852,2141,1909,1852,2141,1909,289,57,289,57,FALSE,FALSE
105,22,1637,1897,1702,1637,1897,1702,1637,1897,1702,260,65,260,65,FALSE,FALSE
105,23,1442,1700,1504,1442,1700,1504,1442,1700,1504,258,62,258,62,FALSE,FALSE
105,24,1279,1518,1325,1279,1518,1325,1279,1518,1325,239,46,239,46,FALSE,FALSE
105,25,1113,1343,1189,1113,1343,1189,1113,1343,1189,230,76,230,76,FALSE,FALSE
105,26,962,1190,1029,962,1190,1029,962,1190,1029,228,67,228,67,FALSE,FALSE
105,27,844,1046,887,844,1046,887,844,1046,887,202,43,202,43,FALSE,FALSE
105,28,738,934,780,738,934,780,738,934,780,196,42,196,42,FALSE,FALSE
105,29,650,825,692,650,825,692,650,825,692,175,42,175,42,FALSE,FALSE
105,30,560,722,603,560,722,603,560,722,603,162,43,162,43,FALSE,FALSE
105,31,494,618,521,494,618,521,494,618,521,124,27,124,27,FALSE,FALSE
105,32,434,536,465,434,536,465,434,536,465,102,31,102,31,FALSE,FALSE
105,33,380,479,416,380,479,416,380,479,416,99,36,99,36,FALSE,FALSE
105,34,334,424,356,334,424,356,334,424,356,90,22,90,22,FALSE,FALSE
105,35,306,376,313,306,376,313,306,376,313,70,7,70,7,FALSE,FALSE
105,36,259,340,264,259,340,264,259,340,264,81,5,81,5,FALSE,FALSE
105,37,219,293,229,219,293,229,219,293,229,74,10,74,10,FALSE,FALSE
105,38,197,257,202,197,257,202,197,257,202,60,5,60,5,FALSE,FALSE
105,39,174,232,174,174,232,174,174,232,174,58,0,58,0,FALSE,TRUE
105,40,158,208,148,158,208,148,158,208,148,50,-10,50,10,FALSE,FALSE
105,41,135,182,138,135,182,138,135,182,138,47,3,47,3,FALSE,FALSE
105,42,114,161,121,114,161,121,114,161,121,47,7,47,7,FALSE,FALSE
105,43,95,137,104,95,137,104,95,137,104,42,9,42,9,FALSE,FALSE
105,44,82,116,90,82,116,90,82,116,90,34,8,34,8,FALSE,FALSE
105,45,74,103,83,74,103,83,74,103,83,29,9,29,9,FALSE,FALSE
105,46,68,91,75,68,91,75,68,91,75,23,7,23,7,FALSE,FALSE
105,47,59,82,67,59,82,67,59,82,67,23,8,23,8,FALSE,FALSE
105,48,53,76,60,53,76,60,53,76,60,23,7,23,7,FALSE,FALSE
105,49,49,69,48,49,69,48,49,69,48,20,-1,20,1,FALSE,FALSE
105,50,42,63,38,42,63,38,42,63,38,21,-4,21,4,FALSE,FALSE
105,51,30,54,35,30,54,35,30,54,35,24,5,24,5,FALSE,FALSE
105,52,26,46,31,26,46,31,26,46,31,20,5,20,5,FALSE,FALSE
105,53,23,37,26,23,37,26,23,37,26,14,3,14,3,FALSE,FALSE
105,54,20,31,19,20,31,19,20,31,19,11,-1,11,1,FALSE,FALSE
105,55,18,27,17,18,27,17,18,27,17,9,-1,9,1,FALSE,FALSE
105,56,17,25,15,17,25,15,17,25,15,8,-2,8,2,FALSE,FALSE
105,57,15,24,13,15,24,13,15,24,13,9,-2,9,2,FALSE,FALSE
105,58,14,22,11,14,22,11,14,22,11,8,-3,8,3,FALSE,FALSE
105,59,15,19,10,15,19,10,15,19,10,4,-5,4,5,FALSE,FALSE
105,60,14,14,8,14,14,8,14,14,8,0,-6,0,6,TRUE,FALSE
106,0,72,72,72,72,72,72,72,72,72,0,0,0,0,TRUE,TRUE
106,1,113,103,112,113,103,112,113,103,112,-10,-1,10,1,FALSE,FALSE
106,2,165,179,189,165,179,189,165,179,189,14,24,14,24,FALSE,FALSE
106,3,242,272,305,242,272,305,242,272,305,30,63,30,63,FALSE,FALSE
106,4,358,399,497,358,399,497,358,399,497,41,139,41,139,FALSE,FALSE
106,5,527,555,715,527,555,715,527,555,715,28,188,28,188,FALSE,FALSE
106,6,732,803,1007,732,803,1007,732,803,1007,71,275,71,275,FALSE,FALSE
106,7,1021,1074,1304,1021,1074,1304,1021,1074,1304,53,283,53,283,FALSE,FALSE
106,8,1344,1405,1630,1344,1405,1630,1344,1405,1630,61,286,61,286,FALSE,FALSE
106,9,1584,1665,1812,1584,1665,1812,1584,1665,1812,81,228,81,228,FALSE,FALSE
106,10,1823,1844,1894,1823,1844,1894,1823,1844,1894,21,71,21,71,FALSE,FALSE
106,11,1910,1908,1893,1910,1908,1893,1910,1908,1893,-2,-17,2,17,FALSE,FALSE
106,12,1899,1869,1770,1899,1869,1770,1899,1869,1770,-30,-129,30,129,FALSE,FALSE
106,13,1748,1733,1595,1748,1733,1595,1748,1733,1595,-15,-153,15,153,FALSE,FALSE
106,14,1550,1556,1369,1550,1556,1369,1550,1556,1369,6,-181,6,181,FALSE,FALSE
106,15,1358,1360,1165,1358,1360,1165,1358,1360,1165,2,-193,2,193,FALSE,FALSE
106,16,1117,1134,972,1117,1134,972,1117,1134,972,17,-145,17,145,FALSE,FALSE
106,17,932,962,795,932,962,795,932,962,795,30,-137,30,137,FALSE,FALSE
106,18,783,789,652,783,789,652,783,789,652,6,-131,6,131,FALSE,FALSE
106,19,632,663,524,632,663,524,632,663,524,31,-108,31,108,FALSE,FALSE
106,20,508,554,434,508,554,434,508,554,434,46,-74,46,74,FALSE,FALSE
106,21,411,462,362,411,462,362,411,462,362,51,-49,51,49,FALSE,FALSE
106,22,329,363,291,329,363,291,329,363,291,34,-38,34,38,FALSE,FALSE
106,23,276,293,249,276,293,249,276,293,249,17,-27,17,27,FALSE,FALSE
106,24,219,232,204,219,232,204,219,232,204,13,-15,13,15,FALSE,FALSE
106,25,189,187,168,189,187,168,189,187,168,-2,-21,2,21,FALSE,FALSE
106,26,146,151,138,146,151,138,146,151,138,5,-8,5,8,FALSE,FALSE
106,27,116,122,108,116,122,108,116,122,108,6,-8,6,8,FALSE,FALSE
106,28,88,105,86,88,105,86,88,105,86,17,-2,17,2,FALSE,FALSE
106,29,76,86,74,76,86,74,76,86,74,10,-2,10,2,FALSE,FALSE
106,30,61,70,61,61,70,61,61,70,61,9,0,9,0,FALSE,TRUE
106,31,53,49,52,53,49,52,53,49,52,-4,-1,4,1,FALSE,FALSE
106,32,46,39,40,46,39,40,46,39,40,-7,-6,7,6,FALSE,FALSE
106,33,37,22,34,37,22,34,37,22,34,-15,-3,15,3,FALSE,FALSE
106,34,29,20,20,29,20,20,29,20,20,-9,-9,9,9,FALSE,FALSE
106,35,22,14,17,22,14,17,22,14,17,-8,-5,8,5,FALSE,FALSE
106,36,16,7,14,16,7,14,16,7,14,-9,-2,9,2,FALSE,FALSE
106,37,14,5,10,14,5,10,14,5,10,-9,-4,9,4,FALSE,FALSE
106,38,9,3,10,9,3,10,9,3,10,-6,1,6,1,FALSE,FALSE
106,39,7,1,9,7,1,9,7,1,9,-6,2,6,2,FALSE,FALSE
106,40,7,1,7,7,1,7,7,1,7,-6,0,6,0,FALSE,TRUE
106,41,4,0,5,4,0,5,4,0,5,-4,1,4,1,FALSE,FALSE
106,42,3,0,3,3,0,3,3,0,3,-3,0,3,0,FALSE,TRUE
106,43,2,0,4,2,0,4,2,0,4,-2,2,2,2,FALSE,FALSE
106,44,1,0,3,1,0,3,1,0,3,-1,2,1,2,FALSE,FALSE
106,45,1,0,3,1,0,3,1,0,3,-1,2,1,2,FALSE,FALSE
106,46,1,0,3,1,0,3,1,0,3,-1,2,1,2,FALSE,FALSE
106,47,0,0,3,0,0,3,0,0,3,0,3,0,3,TRUE,FALSE
106,48,0,0,3,0,0,3,0,0,3,0,3,0,3,TRUE,FALSE
106,49,0,0,3,0,0,3,0,0,3,0,3,0,3,TRUE,FALSE
106,50,0,0,3,0,0,3,0,0,3,0,3,0,3,TRUE,FALSE
106,51,0,0,3,0,0,3,0,0,3,0,3,0,3,TRUE,FALSE
106,52,0,0,2,0,0,2,0,0,2,0,2,0,2,TRUE,FALSE
106,53,0,0,1,0,0,1,0,0,1,0,1,0,1,TRUE,FALSE
106,54,0,0,0,0,0,0,0,0,0,0,0,0,0,TRUE,TRUE
106,55,0,0,0,0,0,0,0,0,0,0,0,0,0,TRUE,TRUE
106,56,0,0,0,0,0,0,0,0,0,0,0,0,0,TRUE,TRUE
106,57,0,0,0,0,0,0,0,0,0,0,0,0,0,TRUE,TRUE
106,58,0,0,0,0,0,0,0,0,0,0,0,0,0,TRUE,TRUE
106,59,0,0,0,0,0,0,0,0,0,0,0,0,0,TRUE,TRUE
106,60,0,0,0,0,0,0,0,0,0,0,0,0,0,TRUE,TRUE
107,0,114,114,114,114,114,114,114,114,114,0,0,0,0,TRUE,TRUE
107,1,123,117,124,123,117,124,123,117,124,-6,1,6,1,FALSE,FALSE
107,2,137,121,131,137,121,131,137,121,131,-16,-6,16,6,FALSE,FALSE
107,3,137,129,129,137,129,129,137,129,129,-8,-8,8,8,FALSE,FALSE
107,4,150,136,137,150,136,137,150,136,137,-14,-13,14,13,FALSE,FALSE
107,5,154,142,144,154,142,144,154,142,144,-12,-10,12,10,FALSE,FALSE
107,6,153,155,152,153,155,152,153,155,152,2,-1,2,1,FALSE,FALSE
107,7,150,166,160,150,166,160,150,166,160,16,10,16,10,FALSE,FALSE
107,8,158,174,171,158,174,171,158,174,171,16,13,16,13,FALSE,FALSE
107,9,164,194,185,164,194,185,164,194,185,30,21,30,21,FALSE,FALSE
107,10,176,193,184,176,193,184,176,193,184,17,8,17,8,FALSE,FALSE
107,11,180,205,184,180,205,184,180,205,184,25,4,25,4,FALSE,FALSE
107,12,182,209,172,182,209,172,182,209,172,27,-10,27,10,FALSE,FALSE
107,13,192,218,153,192,218,153,192,218,153,26,-39,26,39,FALSE,FALSE
107,14,199,223,150,199,223,150,199,223,150,24,-49,24,49,FALSE,FALSE
107,15,203,229,158,203,229,158,203,229,158,26,-45,26,45,FALSE,FALSE
107,16,205,242,155,205,242,155,205,242,155,37,-50,37,50,FALSE,FALSE
107,17,209,271,163,209,271,163,209,271,163,62,-46,62,46,FALSE,FALSE
107,18,215,296,166,215,296,166,215,296,166,81,-49,81,49,FALSE,FALSE
107,19,232,312,165,232,312,165,232,312,165,80,-67,80,67,FALSE,FALSE
107,20,236,311,173,236,311,173,236,311,173,75,-63,75,63,FALSE,FALSE
107,21,249,307,176,249,307,176,249,307,176,58,-73,58,73,FALSE,FALSE
107,22,250,328,180,250,328,180,250,328,180,78,-70,78,70,FALSE,FALSE
107,23,251,337,187,251,337,187,251,337,187,86,-64,86,64,FALSE,FALSE
107,24,260,354,182,260,354,182,260,354,182,94,-78,94,78,FALSE,FALSE
107,25,251,339,188,251,339,188,251,339,188,88,-63,88,63,FALSE,FALSE
107,26,256,335,188,256,335,188,256,335,188,79,-68,79,68,FALSE,FALSE
107,27,256,310,194,256,310,194,256,310,194,54,-62,54,62,FALSE,FALSE
107,28,267,329,209,267,329,209,267,329,209,62,-58,62,58,FALSE,FALSE
107,29,271,343,224,271,343,224,271,343,224,72,-47,72,47,FALSE,FALSE
107,30,278,343,229,278,343,229,278,343,229,65,-49,65,49,FALSE,FALSE
107,31,272,329,239,272,329,239,272,329,239,57,-33,57,33,FALSE,FALSE
107,32,279,336,250,279,336,250,279,336,250,57,-29,57,29,FALSE,FALSE
107,33,271,344,248,271,344,248,271,344,248,73,-23,73,23,FALSE,FALSE
107,34,283,345,257,283,345,257,283,345,257,62,-26,62,26,FALSE,FALSE
107,35,292,349,267,292,349,267,292,349,267,57,-25,57,25,FALSE,FALSE
107,36,287,354,273,287,354,273,287,354,273,67,-14,67,14,FALSE,FALSE
107,37,298,347,284,298,347,284,298,347,284,49,-14,49,14,FALSE,FALSE
107,38,297,358,293,297,358,293,297,358,293,61,-4,61,4,FALSE,FALSE
107,39,285,346,308,285,346,308,285,346,308,61,23,61,23,FALSE,FALSE
107,40,274,340,308,274,340,308,274,340,308,66,34,66,34,FALSE,FALSE
107,41,280,338,309,280,338,309,280,338,309,58,29,58,29,FALSE,FALSE
107,42,277,322,323,277,322,323,277,322,323,45,46,45,46,FALSE,FALSE
107,43,280,315,325,280,315,325,280,315,325,35,45,35,45,FALSE,FALSE
107,44,288,309,342,288,309,342,288,309,342,21,54,21,54,FALSE,FALSE
107,45,288,324,328,288,324,328,288,324,328,36,40,36,40,FALSE,FALSE
107,46,296,323,341,296,323,341,296,323,341,27,45,27,45,FALSE,FALSE
107,47,295,312,350,295,312,350,295,312,350,17,55,17,55,FALSE,FALSE
107,48,315,300,354,315,300,354,315,300,354,-15,39,15,39,FALSE,FALSE
107,49,320,275,347,320,275,347,320,275,347,-45,27,45,27,FALSE,FALSE
107,50,311,259,361,311,259,361,311,259,361,-52,50,52,50,FALSE,FALSE
107,51,305,252,356,305,252,356,305,252,356,-53,51,53,51,FALSE,FALSE
107,52,304,253,370,304,253,370,304,253,370,-51,66,51,66,FALSE,FALSE
107,53,296,257,374,296,257,374,296,257,374,-39,78,39,78,FALSE,FALSE
107,54,302,244,376,302,244,376,302,244,376,-58,74,58,74,FALSE,FALSE
107,55,298,235,390,298,235,390,298,235,390,-63,92,63,92,FALSE,FALSE
107,56,301,216,400,301,216,400,301,216,400,-85,99,85,99,FALSE,FALSE
107,57,287,203,384,287,203,384,287,203,384,-84,97,84,97,FALSE,FALSE
107,58,283,212,373,283,212,373,283,212,373,-71,90,71,90,FALSE,FALSE
107,59,287,208,373,287,208,373,287,208,373,-79,86,79,86,FALSE,FALSE
107,60,288,208,387,288,208,387,288,208,387,-80,99,80,99,FALSE,FALSE
108,0,174,174,174,174,174,174,174,174,174,0,0,0,0,TRUE,TRUE
108,1,269,269,268,269,269,268,269,269,268,0,-1,0,1,TRUE,FALSE
108,2,379,370,372,379,370,372,379,370,372,-9,-7,9,7,FALSE,FALSE
108,3,577,531,555,577,531,555,577,531,555,-46,-22,46,22,FALSE,FALSE
108,4,792,778,789,792,778,789,792,778,789,-14,-3,14,3,FALSE,FALSE
108,5,1149,1066,1107,1149,1066,1107,1149,1066,1107,-83,-42,83,42,FALSE,FALSE
108,6,1519,1395,1505,1519,1395,1505,1519,1395,1505,-124,-14,124,14,FALSE,FALSE
108,7,1951,1812,1964,1951,1812,1964,1951,1812,1964,-139,13,139,13,FALSE,FALSE
108,8,2396,2226,2459,2396,2226,2459,2396,2226,2459,-170,63,170,63,FALSE,FALSE
108,9,2780,2545,2874,2780,2545,2874,2780,2545,2874,-235,94,235,94,FALSE,FALSE
108,10,3011,2848,3130,3011,2848,3130,3011,2848,3130,-163,119,163,119,FALSE,FALSE
108,11,3129,3014,3279,3129,3014,3279,3129,3014,3279,-115,150,115,150,FALSE,FALSE
108,12,3100,3038,3198,3100,3038,3198,3100,3038,3198,-62,98,62,98,FALSE,FALSE
108,13,2937,2881,3027,2937,2881,3027,2937,2881,3027,-56,90,56,90,FALSE,FALSE
108,14,2709,2668,2723,2709,2668,2723,2709,2668,2723,-41,14,41,14,FALSE,FALSE
108,15,2415,2411,2387,2415,2411,2387,2415,2411,2387,-4,-28,4,28,FALSE,FALSE
108,16,2146,2171,2097,2146,2171,2097,2146,2171,2097,25,-49,25,49,FALSE,FALSE
108,17,1855,1904,1773,1855,1904,1773,1855,1904,1773,49,-82,49,82,FALSE,FALSE
108,18,1621,1649,1511,1621,1649,1511,1621,1649,1511,28,-110,28,110,FALSE,FALSE
108,19,1372,1411,1260,1372,1411,1260,1372,1411,1260,39,-112,39,112,FALSE,FALSE
108,20,1129,1175,1047,1129,1175,1047,1129,1175,1047,46,-82,46,82,FALSE,FALSE
108,21,943,998,861,943,998,861,943,998,861,55,-82,55,82,FALSE,FALSE
108,22,770,797,715,770,797,715,770,797,715,27,-55,27,55,FALSE,FALSE
108,23,624,639,597,624,639,597,624,639,597,15,-27,15,27,FALSE,FALSE
108,24,506,493,468,506,493,468,506,493,468,-13,-38,13,38,FALSE,FALSE
108,25,416,405,390,416,405,390,416,405,390,-11,-26,11,26,FALSE,FALSE
108,26,338,330,313,338,330,313,338,330,313,-8,-25,8,25,FALSE,FALSE
108,27,277,264,261,277,264,261,277,264,261,-13,-16,13,16,FALSE,FALSE
108,28,219,206,220,219,206,220,219,206,220,-13,1,13,1,FALSE,FALSE
108,29,178,163,175,178,163,175,178,163,175,-15,-3,15,3,FALSE,FALSE
108,30,154,134,145,154,134,145,154,134,145,-20,-9,20,9,FALSE,FALSE
108,31,129,111,125,129,111,125,129,111,125,-18,-4,18,4,FALSE,FALSE
108,32,110,87,103,110,87,103,110,87,103,-23,-7,23,7,FALSE,FALSE
108,33,96,69,81,96,69,81,96,69,81,-27,-15,27,15,FALSE,FALSE
108,34,87,55,69,87,55,69,87,55,69,-32,-18,32,18,FALSE,FALSE
108,35,71,44,61,71,44,61,71,44,61,-27,-10,27,10,FALSE,FALSE
108,36,63,38,47,63,38,47,63,38,47,-25,-16,25,16,FALSE,FALSE
108,37,48,31,42,48,31,42,48,31,42,-17,-6,17,6,FALSE,FALSE
108,38,37,24,36,37,24,36,37,24,36,-13,-1,13,1,FALSE,FALSE
108,39,28,17,33,28,17,33,28,17,33,-11,5,11,5,FALSE,FALSE
108,40,20,17,32,20,17,32,20,17,32,-3,12,3,12,FALSE,FALSE
108,41,18,17,25,18,17,25,18,17,25,-1,7,1,7,FALSE,FALSE
108,42,16,16,17,16,16,17,16,16,17,0,1,0,1,TRUE,FALSE
108,43,13,15,15,13,15,15,13,15,15,2,2,2,2,FALSE,FALSE
108,44,12,12,13,12,12,13,12,12,13,0,1,0,1,TRUE,FALSE
108,45,9,9,10,9,9,10,9,9,10,0,1,0,1,TRUE,FALSE
108,46,5,6,7,5,6,7,5,6,7,1,2,1,2,FALSE,FALSE
108,47,3,4,5,3,4,5,3,4,5,1,2,1,2,FALSE,FALSE
108,48,3,3,1,3,3,1,3,3,1,0,-2,0,2,TRUE,FALSE
108,49,2,2,0,2,2,0,2,2,0,0,-2,0,2,TRUE,FALSE
108,50,2,2,0,2,2,0,2,2,0,0,-2,0,2,TRUE,FALSE
108,51,2,2,0,2,2,0,2,2,0,0,-2,0,2,TRUE,FALSE
108,52,2,1,0,2,1,0,2,1,0,-1,-2,1,2,FALSE,FALSE
108,53,2,1,0,2,1,0,2,1,0,-1,-2,1,2,FALSE,FALSE
108,54,3,1,0,3,1,0,3,1,0,-2,-3,2,3,FALSE,FALSE
108,55,2,1,0,2,1,0,2,1,0,-1,-2,1,2,FALSE,FALSE
108,56,2,1,0,2,1,0,2,1,0,-1,-2,1,2,FALSE,FALSE
108,57,2,0,0,2,0,0,2,0,0,-2,-2,2,2,FALSE,FALSE
108,58,2,0,0,2,0,0,2,0,0,-2,-2,2,2,FALSE,FALSE
108,59,4,0,0,4,0,0,4,0,0,-4,-4,4,4,FALSE,FALSE
108,60,4,0,0,4,0,0,4,0,0,-4,-4,4,4,FALSE,FALSE
109,0,65,65,65,65,65,65,65,65,65,0,0,0,0,TRUE,TRUE
109,1,87,91,93,87,91,93,87,91,93,4,6,4,6,FALSE,FALSE
109,2,127,127,132,127,127,132,127,127,132,0,5,0,5,TRUE,FALSE
109,3,181,178,177,181,178,177,181,178,177,-3,-4,3,4,FALSE,FALSE
109,4,228,222,239,228,222,239,228,222,239,-6,11,6,11,FALSE,FALSE
109,5,325,289,334,325,289,334,325,289,334,-36,9,36,9,FALSE,FALSE
109,6,451,384,457,451,384,457,451,384,457,-67,6,67,6,FALSE,FALSE
109,7,594,523,578,594,523,578,594,523,578,-71,-16,71,16,FALSE,FALSE
109,8,739,683,749,739,683,749,739,683,749,-56,10,56,10,FALSE,FALSE
109,9,909,857,935,909,857,935,909,857,935,-52,26,52,26,FALSE,FALSE
109,10,1152,1057,1097,1152,1057,1097,1152,1057,1097,-95,-55,95,55,FALSE,FALSE
109,11,1304,1217,1232,1304,1217,1232,1304,1217,1232,-87,-72,87,72,FALSE,FALSE
109,12,1435,1330,1348,1435,1330,1348,1435,1330,1348,-105,-87,105,87,FALSE,FALSE
109,13,1513,1453,1468,1513,1453,1468,1513,1453,1468,-60,-45,60,45,FALSE,FALSE
109,14,1529,1483,1528,1529,1483,1528,1529,1483,1528,-46,-1,46,1,FALSE,FALSE
109,15,1492,1461,1522,1492,1461,1522,1492,1461,1522,-31,30,31,30,FALSE,FALSE
109,16,1390,1399,1430,1390,1399,1430,1390,1399,1430,9,40,9,40,FALSE,FALSE
109,17,1328,1259,1389,1328,1259,1389,1328,1259,1389,-69,61,69,61,FALSE,FALSE
109,18,1196,1146,1251,1196,1146,1251,1196,1146,1251,-50,55,50,55,FALSE,FALSE
109,19,1063,1035,1103,1063,1035,1103,1063,1035,1103,-28,40,28,40,FALSE,FALSE
109,20,933,911,948,933,911,948,933,911,948,-22,15,22,15,FALSE,FALSE
109,21,793,797,792,793,797,792,793,797,792,4,-1,4,1,FALSE,FALSE
109,22,686,665,676,686,665,676,686,665,676,-21,-10,21,10,FALSE,FALSE
109,23,597,561,589,597,561,589,597,561,589,-36,-8,36,8,FALSE,FALSE
109,24,531,462,493,531,462,493,531,462,493,-69,-38,69,38,FALSE,FALSE
109,25,464,419,424,464,419,424,464,419,424,-45,-40,45,40,FALSE,FALSE
109,26,387,356,365,387,356,365,387,356,365,-31,-22,31,22,FALSE,FALSE
109,27,336,291,304,336,291,304,336,291,304,-45,-32,45,32,FALSE,FALSE
109,28,272,263,263,272,263,263,272,263,263,-9,-9,9,9,FALSE,FALSE
109,29,240,205,220,240,205,220,240,205,220,-35,-20,35,20,FALSE,FALSE
109,30,186,162,176,186,162,176,186,162,176,-24,-10,24,10,FALSE,FALSE
109,31,139,139,142,139,139,142,139,139,142,0,3,0,3,TRUE,FALSE
109,32,116,116,115,116,116,115,116,116,115,0,-1,0,1,TRUE,FALSE
109,33,93,100,94,93,100,94,93,100,94,7,1,7,1,FALSE,FALSE
109,34,79,85,82,79,85,82,79,85,82,6,3,6,3,FALSE,FALSE
109,35,62,74,65,62,74,65,62,74,65,12,3,12,3,FALSE,FALSE
109,36,52,64,50,52,64,50,52,64,50,12,-2,12,2,FALSE,FALSE
109,37,45,59,41,45,59,41,45,59,41,14,-4,14,4,FALSE,FALSE
109,38,34,50,39,34,50,39,34,50,39,16,5,16,5,FALSE,FALSE
109,39,31,39,31,31,39,31,31,39,31,8,0,8,0,FALSE,TRUE
109,40,27,29,27,27,29,27,27,29,27,2,0,2,0,FALSE,TRUE
109,41,22,23,23,22,23,23,22,23,23,1,1,1,1,FALSE,FALSE
109,42,17,18,19,17,18,19,17,18,19,1,2,1,2,FALSE,FALSE
109,43,17,16,19,17,16,19,17,16,19,-1,2,1,2,FALSE,FALSE
109,44,12,16,14,12,16,14,12,16,14,4,2,4,2,FALSE,FALSE
109,45,12,10,12,12,10,12,12,10,12,-2,0,2,0,FALSE,TRUE
109,46,10,9,11,10,9,11,10,9,11,-1,1,1,1,FALSE,FALSE
109,47,10,5,7,10,5,7,10,5,7,-5,-3,5,3,FALSE,FALSE
109,48,10,5,7,10,5,7,10,5,7,-5,-3,5,3,FALSE,FALSE
109,49,4,3,4,4,3,4,4,3,4,-1,0,1,0,FALSE,TRUE
109,50,3,1,3,3,1,3,3,1,3,-2,0,2,0,FALSE,TRUE
109,51,3,1,3,3,1,3,3,1,3,-2,0,2,0,FALSE,TRUE
109,52,1,1,2,1,1,2,1,1,2,0,1,0,1,TRUE,FALSE
109,53,1,0,1,1,0,1,1,0,1,-1,0,1,0,FALSE,TRUE
109,54,1,0,0,1,0,0,1,0,0,-1,-1,1,1,FALSE,FALSE
109,55,0,0,0,0,0,0,0,0,0,0,0,0,0,TRUE,TRUE
109,56,0,0,0,0,0,0,0,0,0,0,0,0,0,TRUE,TRUE
109,57,0,0,0,0,0,0,0,0,0,0,0,0,0,TRUE,TRUE
109,58,0,0,0,0,0,0,0,0,0,0,0,0,0,TRUE,TRUE
109,59,0,0,0,0,0,0,0,0,0,0,0,0,0,TRUE,TRUE
109,60,0,0,0,0,0,0,0,0,0,0,0,0,0,TRUE,TRUE
110,0,107,107,107,107,107,107,107,107,107,0,0,0,0,TRUE,TRUE
110,1,123,129,117,123,129,117,123,129,117,6,-6,6,6,FALSE,FALSE
110,2,122,147,132,122,147,132,122,147,132,25,10,25,10,FALSE,FALSE
110,3,137,156,139,137,156,139,137,156,139,19,2,19,2,FALSE,FALSE
110,4,148,172,152,148,172,152,148,172,152,24,4,24,4,FALSE,FALSE
110,5,163,194,165,163,194,165,163,194,165,31,2,31,2,FALSE,FALSE
110,6,171,203,170,171,203,170,171,203,170,32,-1,32,1,FALSE,FALSE
110,7,198,217,179,198,217,179,198,217,179,19,-19,19,19,FALSE,FALSE
110,8,214,235,190,214,235,190,214,235,190,21,-24,21,24,FALSE,FALSE
110,9,223,260,211,223,260,211,223,260,211,37,-12,37,12,FALSE,FALSE
110,10,246,273,236,246,273,236,246,273,236,27,-10,27,10,FALSE,FALSE
110,11,261,280,264,261,280,264,261,280,264,19,3,19,3,FALSE,FALSE
110,12,297,302,289,297,302,289,297,302,289,5,-8,5,8,FALSE,FALSE
110,13,332,315,312,332,315,312,332,315,312,-17,-20,17,20,FALSE,FALSE
110,14,373,348,315,373,348,315,373,348,315,-25,-58,25,58,FALSE,FALSE
110,15,394,369,349,394,369,349,394,369,349,-25,-45,25,45,FALSE,FALSE
110,16,424,406,352,424,406,352,424,406,352,-18,-72,18,72,FALSE,FALSE
110,17,442,411,374,442,411,374,442,411,374,-31,-68,31,68,FALSE,FALSE
110,18,495,440,395,495,440,395,495,440,395,-55,-100,55,100,FALSE,FALSE
110,19,524,473,395,524,473,395,524,473,395,-51,-129,51,129,FALSE,FALSE
110,20,552,502,396,552,502,396,552,502,396,-50,-156,50,156,FALSE,FALSE
110,21,590,536,426,590,536,426,590,536,426,-54,-164,54,164,FALSE,FALSE
110,22,621,565,412,621,565,412,621,565,412,-56,-209,56,209,FALSE,FALSE
110,23,634,596,413,634,596,413,634,596,413,-38,-221,38,221,FALSE,FALSE
110,24,666,612,426,666,612,426,666,612,426,-54,-240,54,240,FALSE,FALSE
110,25,681,602,425,681,602,425,681,602,425,-79,-256,79,256,FALSE,FALSE
110,26,692,627,444,692,627,444,692,627,444,-65,-248,65,248,FALSE,FALSE
110,27,693,656,466,693,656,466,693,656,466,-37,-227,37,227,FALSE,FALSE
110,28,672,689,463,672,689,463,672,689,463,17,-209,17,209,FALSE,FALSE
110,29,676,701,482,676,701,482,676,701,482,25,-194,25,194,FALSE,FALSE
110,30,657,707,481,657,707,481,657,707,481,50,-176,50,176,FALSE,FALSE
110,31,641,718,502,641,718,502,641,718,502,77,-139,77,139,FALSE,FALSE
110,32,663,734,492,663,734,492,663,734,492,71,-171,71,171,FALSE,FALSE
110,33,682,778,492,682,778,492,682,778,492,96,-190,96,190,FALSE,FALSE
110,34,652,749,498,652,749,498,652,749,498,97,-154,97,154,FALSE,FALSE
110,35,641,742,496,641,742,496,641,742,496,101,-145,101,145,FALSE,FALSE
110,36,628,734,507,628,734,507,628,734,507,106,-121,106,121,FALSE,FALSE
110,37,620,708,500,620,708,500,620,708,500,88,-120,88,120,FALSE,FALSE
110,38,593,668,492,593,668,492,593,668,492,75,-101,75,101,FALSE,FALSE
110,39,580,676,488,580,676,488,580,676,488,96,-92,96,92,FALSE,FALSE
110,40,556,674,489,556,674,489,556,674,489,118,-67,118,67,FALSE,FALSE
110,41,522,653,481,522,653,481,522,653,481,131,-41,131,41,FALSE,FALSE
110,42,513,649,465,513,649,465,513,649,465,136,-48,136,48,FALSE,FALSE
110,43,467,636,459,467,636,459,467,636,459,169,-8,169,8,FALSE,FALSE
110,44,446,608,431,446,608,431,446,608,431,162,-15,162,15,FALSE,FALSE
110,45,435,572,425,435,572,425,435,572,425,137,-10,137,10,FALSE,FALSE
110,46,415,543,418,415,543,418,415,543,418,128,3,128,3,FALSE,FALSE
110,47,384,518,413,384,518,413,384,518,413,134,29,134,29,FALSE,FALSE
110,48,383,495,399,383,495,399,383,495,399,112,16,112,16,FALSE,FALSE
110,49,384,482,383,384,482,383,384,482,383,98,-1,98,1,FALSE,FALSE
110,50,362,468,374,362,468,374,362,468,374,106,12,106,12,FALSE,FALSE
110,51,345,429,356,345,429,356,345,429,356,84,11,84,11,FALSE,FALSE
110,52,316,409,354,316,409,354,316,409,354,93,38,93,38,FALSE,FALSE
110,53,307,395,321,307,395,321,307,395,321,88,14,88,14,FALSE,FALSE
110,54,298,374,314,298,374,314,298,374,314,76,16,76,16,FALSE,FALSE
110,55,293,354,299,293,354,299,293,354,299,61,6,61,6,FALSE,FALSE
110,56,268,310,286,268,310,286,268,310,286,42,18,42,18,FALSE,FALSE
110,57,246,295,261,246,295,261,246,295,261,49,15,49,15,FALSE,FALSE
110,58,246,274,247,246,274,247,246,274,247,28,1,28,1,FALSE,FALSE
110,59,241,254,243,241,254,243,241,254,243,13,2,13,2,FALSE,FALSE
110,60,234,239,246,234,239,246,234,239,246,5,12,5,12,FALSE,FALSE
111,0,75,75,75,75,75,75,75,75,75,0,0,0,0,TRUE,TRUE
111,1,135,141,151,135,141,151,135,141,151,6,16,6,16,FALSE,FALSE
111,2,250,262,297,250,262,297,250,262,297,12,47,12,47,FALSE,FALSE
111,3,468,433,536,468,433,536,468,433,536,-35,68,35,68,FALSE,FALSE
111,4,843,770,925,843,770,925,843,770,925,-73,82,73,82,FALSE,FALSE
111,5,1422,1260,1497,1422,1260,1497,1422,1260,1497,-162,75,162,75,FALSE,FALSE
111,6,2169,1834,2176,2169,1834,2176,2169,1834,2176,-335,7,335,7,FALSE,FALSE
111,7,2895,2492,2876,2895,2492,2876,2895,2492,2876,-403,-19,403,19,FALSE,FALSE
111,8,3355,2935,3294,3355,2935,3294,3355,2935,3294,-420,-61,420,61,FALSE,FALSE
111,9,3374,3076,3289,3374,3076,3289,3374,3076,3289,-298,-85,298,85,FALSE,FALSE
111,10,3073,2973,3058,3073,2973,3058,3073,2973,3058,-100,-15,100,15,FALSE,FALSE
111,11,2610,2679,2640,2610,2679,2640,2610,2679,2640,69,30,69,30,FALSE,FALSE
111,12,2158,2353,2176,2158,2353,2176,2158,2353,2176,195,18,195,18,FALSE,FALSE
111,13,1713,1982,1806,1713,1982,1806,1713,1982,1806,269,93,269,93,FALSE,FALSE
111,14,1395,1672,1459,1395,1672,1459,1395,1672,1459,277,64,277,64,FALSE,FALSE
111,15,1076,1355,1159,1076,1355,1159,1076,1355,1159,279,83,279,83,FALSE,FALSE
111,16,873,1102,911,873,1102,911,873,1102,911,229,38,229,38,FALSE,FALSE
111,17,680,864,689,680,864,689,680,864,689,184,9,184,9,FALSE,FALSE
111,18,534,691,529,534,691,529,534,691,529,157,-5,157,5,FALSE,FALSE
111,19,421,571,411,421,571,411,421,571,411,150,-10,150,10,FALSE,FALSE
111,20,325,438,314,325,438,314,325,438,314,113,-11,113,11,FALSE,FALSE
111,21,260,339,245,260,339,245,260,339,245,79,-15,79,15,FALSE,FALSE
111,22,205,269,196,205,269,196,205,269,196,64,-9,64,9,FALSE,FALSE
111,23,165,216,155,165,216,155,165,216,155,51,-10,51,10,FALSE,FALSE
111,24,124,169,135,124,169,135,124,169,135,45,11,45,11,FALSE,FALSE
111,25,94,130,110,94,130,110,94,130,110,36,16,36,16,FALSE,FALSE
111,26,71,112,83,71,112,83,71,112,83,41,12,41,12,FALSE,FALSE
111,27,55,89,65,55,89,65,55,89,65,34,10,34,10,FALSE,FALSE
111,28,45,70,48,45,70,48,45,70,48,25,3,25,3,FALSE,FALSE
111,29,34,58,32,34,58,32,34,58,32,24,-2,24,2,FALSE,FALSE
111,30,27,48,19,27,48,19,27,48,19,21,-8,21,8,FALSE,FALSE
111,31,21,39,17,21,39,17,21,39,17,18,-4,18,4,FALSE,FALSE
111,32,14,31,10,14,31,10,14,31,10,17,-4,17,4,FALSE,FALSE
111,33,12,30,9,12,30,9,12,30,9,18,-3,18,3,FALSE,FALSE
111,34,9,25,9,9,25,9,9,25,9,16,0,16,0,FALSE,TRUE
111,35,7,18,9,7,18,9,7,18,9,11,2,11,2,FALSE,FALSE
111,36,7,16,8,7,16,8,7,16,8,9,1,9,1,FALSE,FALSE
111,37,5,12,8,5,12,8,5,12,8,7,3,7,3,FALSE,FALSE
111,38,5,10,8,5,10,8,5,10,8,5,3,5,3,FALSE,FALSE
111,39,4,8,7,4,8,7,4,8,7,4,3,4,3,FALSE,FALSE
111,40,4,6,5,4,6,5,4,6,5,2,1,2,1,FALSE,FALSE
111,41,3,5,5,3,5,5,3,5,5,2,2,2,2,FALSE,FALSE
111,42,2,1,5,2,1,5,2,1,5,-1,3,1,3,FALSE,FALSE
111,43,1,1,3,1,1,3,1,1,3,0,2,0,2,TRUE,FALSE
111,44,1,1,3,1,1,3,1,1,3,0,2,0,2,TRUE,FALSE
111,45,0,1,2,0,1,2,0,1,2,1,2,1,2,FALSE,FALSE
111,46,0,2,2,0,2,2,0,2,2,2,2,2,2,FALSE,FALSE
111,47,0,2,2,0,2,2,0,2,2,2,2,2,2,FALSE,FALSE
111,48,0,2,2,0,2,2,0,2,2,2,2,2,2,FALSE,FALSE
111,49,0,1,2,0,1,2,0,1,2,1,2,1,2,FALSE,FALSE
111,50,0,1,1,0,1,1,0,1,1,1,1,1,1,FALSE,FALSE
111,51,0,1,1,0,1,1,0,1,1,1,1,1,1,FALSE,FALSE
111,52,0,0,1,0,0,1,0,0,1,0,1,0,1,TRUE,FALSE
111,53,0,0,1,0,0,1,0,0,1,0,1,0,1,TRUE,FALSE
111,54,0,0,1,0,0,1,0,0,1,0,1,0,1,TRUE,FALSE
111,55,0,0,1,0,0,1,0,0,1,0,1,0,1,TRUE,FALSE
111,56,0,0,1,0,0,1,0,0,1,0,1,0,1,TRUE,FALSE
111,57,0,0,1,0,0,1,0,0,1,0,1,0,1,TRUE,FALSE
111,58,0,0,1,0,0,1,0,0,1,0,1,0,1,TRUE,FALSE
111,59,0,0,1,0,0,1,0,0,1,0,1,0,1,TRUE,FALSE
111,60,0,0,1,0,0,1,0,0,1,0,1,0,1,TRUE,FALSE
112,0,54,54,54,54,54,54,54,54,54,0,0,0,0,TRUE,TRUE
112,1,70,53,85,70,53,85,70,53,85,-17,15,17,15,FALSE,FALSE
112,2,105,60,128,105,60,128,105,60,128,-45,23,45,23,FALSE,FALSE
112,3,154,69,195,154,69,195,154,69,195,-85,41,85,41,FALSE,FALSE
112,4,248,66,283,248,66,283,248,66,283,-182,35,182,35,FALSE,FALSE
112,5,365,73,428,365,73,428,365,73,428,-292,63,292,63,FALSE,FALSE
112,6,564,76,633,564,76,633,564,76,633,-488,69,488,69,FALSE,FALSE
112,7,826,78,883,826,78,883,826,78,883,-748,57,748,57,FALSE,FALSE
112,8,1167,87,1203,1167,87,1203,1167,87,1203,-1080,36,1080,36,FALSE,FALSE
112,9,1538,94,1587,1538,94,1587,1538,94,1587,-1444,49,1444,49,FALSE,FALSE
112,10,1986,91,1989,1986,91,1989,1986,91,1989,-1895,3,1895,3,FALSE,FALSE
112,11,2345,103,2296,2345,103,2296,2345,103,2296,-2242,-49,2242,49,FALSE,FALSE
112,12,2578,111,2490,2578,111,2490,2578,111,2490,-2467,-88,2467,88,FALSE,FALSE
112,13,2676,121,2557,2676,121,2557,2676,121,2557,-2555,-119,2555,119,FALSE,FALSE
112,14,2596,127,2441,2596,127,2441,2596,127,2441,-2469,-155,2469,155,FALSE,FALSE
112,15,2391,142,2263,2391,142,2263,2391,142,2263,-2249,-128,2249,128,FALSE,FALSE
112,16,2142,158,2050,2142,158,2050,2142,158,2050,-1984,-92,1984,92,FALSE,FALSE
112,17,1872,151,1804,1872,151,1804,1872,151,1804,-1721,-68,1721,68,FALSE,FALSE
112,18,1598,150,1568,1598,150,1568,1598,150,1568,-1448,-30,1448,30,FALSE,FALSE
112,19,1358,165,1357,1358,165,1357,1358,165,1357,-1193,-1,1193,1,FALSE,FALSE
112,20,1121,172,1152,1121,172,1152,1121,172,1152,-949,31,949,31,FALSE,FALSE
112,21,939,194,980,939,194,980,939,194,980,-745,41,745,41,FALSE,FALSE
112,22,775,206,830,775,206,830,775,206,830,-569,55,569,55,FALSE,FALSE
112,23,640,213,659,640,213,659,640,213,659,-427,19,427,19,FALSE,FALSE
112,24,511,214,550,511,214,550,511,214,550,-297,39,297,39,FALSE,FALSE
112,25,423,212,433,423,212,433,423,212,433,-211,10,211,10,FALSE,FALSE
112,26,353,215,365,353,215,365,353,215,365,-138,12,138,12,FALSE,FALSE
112,27,284,216,297,284,216,297,284,216,297,-68,13,68,13,FALSE,FALSE
112,28,244,221,251,244,221,251,244,221,251,-23,7,23,7,FALSE,FALSE
112,29,213,240,209,213,240,209,213,240,209,27,-4,27,4,FALSE,FALSE
112,30,173,264,171,173,264,171,173,264,171,91,-2,91,2,FALSE,FALSE
112,31,145,271,142,145,271,142,145,271,142,126,-3,126,3,FALSE,FALSE
112,32,128,272,116,128,272,116,128,272,116,144,-12,144,12,FALSE,FALSE
112,33,98,286,93,98,286,93,98,286,93,188,-5,188,5,FALSE,FALSE
112,34,82,307,83,82,307,83,82,307,83,225,1,225,1,FALSE,FALSE
112,35,67,326,62,67,326,62,67,326,62,259,-5,259,5,FALSE,FALSE
112,36,50,321,51,50,321,51,50,321,51,271,1,271,1,FALSE,FALSE
112,37,44,330,35,44,330,35,44,330,35,286,-9,286,9,FALSE,FALSE
112,38,37,334,28,37,334,28,37,334,28,297,-9,297,9,FALSE,FALSE
112,39,24,339,23,24,339,23,24,339,23,315,-1,315,1,FALSE,FALSE
112,40,20,345,18,20,345,18,20,345,18,325,-2,325,2,FALSE,FALSE
112,41,18,353,15,18,353,15,18,353,15,335,-3,335,3,FALSE,FALSE
112,42,12,348,13,12,348,13,12,348,13,336,1,336,1,FALSE,FALSE
112,43,11,368,9,11,368,9,11,368,9,357,-2,357,2,FALSE,FALSE
112,44,8,380,5,8,380,5,8,380,5,372,-3,372,3,FALSE,FALSE
112,45,5,414,4,5,414,4,5,414,4,409,-1,409,1,FALSE,FALSE
112,46,5,425,4,5,425,4,5,425,4,420,-1,420,1,FALSE,FALSE
112,47,5,432,3,5,432,3,5,432,3,427,-2,427,2,FALSE,FALSE
112,48,5,419,1,5,419,1,5,419,1,414,-4,414,4,FALSE,FALSE
112,49,4,407,1,4,407,1,4,407,1,403,-3,403,3,FALSE,FALSE
112,50,3,407,1,3,407,1,3,407,1,404,-2,404,2,FALSE,FALSE
112,51,3,393,1,3,393,1,3,393,1,390,-2,390,2,FALSE,FALSE
112,52,3,392,1,3,392,1,3,392,1,389,-2,389,2,FALSE,FALSE
112,53,2,375,0,2,375,0,2,375,0,373,-2,373,2,FALSE,FALSE
112,54,2,380,0,2,380,0,2,380,0,378,-2,378,2,FALSE,FALSE
112,55,2,385,0,2,385,0,2,385,0,383,-2,383,2,FALSE,FALSE
112,56,2,385,0,2,385,0,2,385,0,383,-2,383,2,FALSE,FALSE
112,57,3,379,0,3,379,0,3,379,0,376,-3,376,3,FALSE,FALSE
112,58,2,368,0,2,368,0,2,368,0,366,-2,366,2,FALSE,FALSE
112,59,2,377,0,2,377,0,2,377,0,375,-2,375,2,FALSE,FALSE
112,60,2,385,0,2,385,0,2,385,0,383,-2,383,2,FALSE,FALSE
113,0,71,71,71,71,71,71,71,71,71,0,0,0,0,TRUE,TRUE
113,1,90,85,101,90,85,101,90,85,101,-5,11,5,11,FALSE,FALSE
113,2,110,111,139,110,111,139,110,111,139,1,29,1,29,FALSE,FALSE
113,3,138,140,178,138,140,178,138,140,178,2,40,2,40,FALSE,FALSE
113,4,176,165,218,176,165,218,176,165,218,-11,42,11,42,FALSE,FALSE
113,5,226,203,281,226,203,281,226,203,281,-23,55,23,55,FALSE,FALSE
113,6,308,255,357,308,255,357,308,255,357,-53,49,53,49,FALSE,FALSE
113,7,381,314,442,381,314,442,381,314,442,-67,61,67,61,FALSE,FALSE
113,8,485,401,534,485,401,534,485,401,534,-84,49,84,49,FALSE,FALSE
113,9,583,506,661,583,506,661,583,506,661,-77,78,77,78,FALSE,FALSE
113,10,709,620,824,709,620,824,709,620,824,-89,115,89,115,FALSE,FALSE
113,11,898,793,1014,898,793,1014,898,793,1014,-105,116,105,116,FALSE,FALSE
113,12,1123,956,1234,1123,956,1234,1123,956,1234,-167,111,167,111,FALSE,FALSE
113,13,1385,1143,1474,1385,1143,1474,1385,1143,1474,-242,89,242,89,FALSE,FALSE
113,14,1607,1361,1747,1607,1361,1747,1607,1361,1747,-246,140,246,140,FALSE,FALSE
113,15,1830,1574,2039,1830,1574,2039,1830,1574,2039,-256,209,256,209,FALSE,FALSE
113,16,2086,1814,2297,2086,1814,2297,2086,1814,2297,-272,211,272,211,FALSE,FALSE
113,17,2337,2027,2552,2337,2027,2552,2337,2027,2552,-310,215,310,215,FALSE,FALSE
113,18,2555,2267,2766,2555,2267,2766,2555,2267,2766,-288,211,288,211,FALSE,FALSE
113,19,2707,2452,2909,2707,2452,2909,2707,2452,2909,-255,202,255,202,FALSE,FALSE
113,20,2833,2641,3052,2833,2641,3052,2833,2641,3052,-192,219,192,219,FALSE,FALSE
113,21,2933,2760,3118,2933,2760,3118,2933,2760,3118,-173,185,173,185,FALSE,FALSE
113,22,3022,2826,3141,3022,2826,3141,3022,2826,3141,-196,119,196,119,FALSE,FALSE
113,23,3050,2890,3123,3050,2890,3123,3050,2890,3123,-160,73,160,73,FALSE,FALSE
113,24,3065,2843,3088,3065,2843,3088,3065,2843,3088,-222,23,222,23,FALSE,FALSE
113,25,3002,2851,2988,3002,2851,2988,3002,2851,2988,-151,-14,151,14,FALSE,FALSE
113,26,2925,2799,2920,2925,2799,2920,2925,2799,2920,-126,-5,126,5,FALSE,FALSE
113,27,2831,2731,2779,2831,2731,2779,2831,2731,2779,-100,-52,100,52,FALSE,FALSE
113,28,2743,2650,2644,2743,2650,2644,2743,2650,2644,-93,-99,93,99,FALSE,FALSE
113,29,2629,2556,2511,2629,2556,2511,2629,2556,2511,-73,-118,73,118,FALSE,FALSE
113,30,2490,2478,2364,2490,2478,2364,2490,2478,2364,-12,-126,12,126,FALSE,FALSE
113,31,2374,2364,2244,2374,2364,2244,2374,2364,2244,-10,-130,10,130,FALSE,FALSE
113,32,2232,2249,2112,2232,2249,2112,2232,2249,2112,17,-120,17,120,FALSE,FALSE
113,33,2093,2131,1985,2093,2131,1985,2093,2131,1985,38,-108,38,108,FALSE,FALSE
113,34,1951,2005,1876,1951,2005,1876,1951,2005,1876,54,-75,54,75,FALSE,FALSE
113,35,1816,1888,1735,1816,1888,1735,1816,1888,1735,72,-81,72,81,FALSE,FALSE
113,36,1693,1772,1651,1693,1772,1651,1693,1772,1651,79,-42,79,42,FALSE,FALSE
113,37,1584,1682,1543,1584,1682,1543,1584,1682,1543,98,-41,98,41,FALSE,FALSE
113,38,1464,1592,1459,1464,1592,1459,1464,1592,1459,128,-5,128,5,FALSE,FALSE
113,39,1405,1500,1345,1405,1500,1345,1405,1500,1345,95,-60,95,60,FALSE,FALSE
113,40,1308,1394,1243,1308,1394,1243,1308,1394,1243,86,-65,86,65,FALSE,FALSE
113,41,1226,1302,1170,1226,1302,1170,1226,1302,1170,76,-56,76,56,FALSE,FALSE
113,42,1149,1224,1090,1149,1224,1090,1149,1224,1090,75,-59,75,59,FALSE,FALSE
113,43,1035,1148,1018,1035,1148,1018,1035,1148,1018,113,-17,113,17,FALSE,FALSE
113,44,967,1081,948,967,1081,948,967,1081,948,114,-19,114,19,FALSE,FALSE
113,45,894,1021,893,894,1021,893,894,1021,893,127,-1,127,1,FALSE,FALSE
113,46,827,950,829,827,950,829,827,950,829,123,2,123,2,FALSE,FALSE
113,47,764,875,776,764,875,776,764,875,776,111,12,111,12,FALSE,FALSE
113,48,709,822,728,709,822,728,709,822,728,113,19,113,19,FALSE,FALSE
113,49,665,758,675,665,758,675,665,758,675,93,10,93,10,FALSE,FALSE
113,50,612,704,630,612,704,630,612,704,630,92,18,92,18,FALSE,FALSE
113,51,575,659,590,575,659,590,575,659,590,84,15,84,15,FALSE,FALSE
113,52,529,625,544,529,625,544,529,625,544,96,15,96,15,FALSE,FALSE
113,53,494,578,507,494,578,507,494,578,507,84,13,84,13,FALSE,FALSE
113,54,467,540,469,467,540,469,467,540,469,73,2,73,2,FALSE,FALSE
113,55,433,497,436,433,497,436,433,497,436,64,3,64,3,FALSE,FALSE
113,56,411,470,396,411,470,396,411,470,396,59,-15,59,15,FALSE,FALSE
113,57,370,438,367,370,438,367,370,438,367,68,-3,68,3,FALSE,FALSE
113,58,339,418,341,339,418,341,339,418,341,79,2,79,2,FALSE,FALSE
113,59,318,389,318,318,389,318,318,389,318,71,0,71,0,FALSE,TRUE
113,60,295,366,288,295,366,288,295,366,288,71,-7,71,7,FALSE,FALSE
114,0,101,101,101,101,101,101,101,101,101,0,0,0,0,TRUE,TRUE
114,1,127,133,117,127,133,117,127,133,117,6,-10,6,10,FALSE,FALSE
114,2,155,174,166,155,174,166,155,174,166,19,11,19,11,FALSE,FALSE
114,3,199,225,216,199,225,216,199,225,216,26,17,26,17,FALSE,FALSE
114,4,256,273,275,256,273,275,256,273,275,17,19,17,19,FALSE,FALSE
114,5,335,337,319,335,337,319,335,337,319,2,-16,2,16,FALSE,FALSE
114,6,403,421,375,403,421,375,403,421,375,18,-28,18,28,FALSE,FALSE
114,7,464,521,466,464,521,466,464,521,466,57,2,57,2,FALSE,FALSE
114,8,585,665,568,585,665,568,585,665,568,80,-17,80,17,FALSE,FALSE
114,9,728,826,700,728,826,700,728,826,700,98,-28,98,28,FALSE,FALSE
114,10,882,961,837,882,961,837,882,961,837,79,-45,79,45,FALSE,FALSE
114,11,997,1117,961,997,1117,961,997,1117,961,120,-36,120,36,FALSE,FALSE
114,12,1144,1285,1088,1144,1285,1088,1144,1285,1088,141,-56,141,56,FALSE,FALSE
114,13,1260,1437,1225,1260,1437,1225,1260,1437,1225,177,-35,177,35,FALSE,FALSE
114,14,1364,1579,1384,1364,1579,1384,1364,1579,1384,215,20,215,20,FALSE,FALSE
114,15,1522,1697,1496,1522,1697,1496,1522,1697,1496,175,-26,175,26,FALSE,FALSE
114,16,1625,1825,1609,1625,1825,1609,1625,1825,1609,200,-16,200,16,FALSE,FALSE
114,17,1699,1864,1692,1699,1864,1692,1699,1864,1692,165,-7,165,7,FALSE,FALSE
114,18,1725,1897,1757,1725,1897,1757,1725,1897,1757,172,32,172,32,FALSE,FALSE
114,19,1684,1863,1761,1684,1863,1761,1684,1863,1761,179,77,179,77,FALSE,FALSE
114,20,1643,1774,1753,1643,1774,1753,1643,1774,1753,131,110,131,110,FALSE,FALSE
114,21,1614,1749,1742,1614,1749,1742,1614,1749,1742,135,128,135,128,FALSE,FALSE
114,22,1559,1639,1642,1559,1639,1642,1559,1639,1642,80,83,80,83,FALSE,FALSE
114,23,1520,1556,1569,1520,1556,1569,1520,1556,1569,36,49,36,49,FALSE,FALSE
114,24,1412,1418,1461,1412,1418,1461,1412,1418,1461,6,49,6,49,FALSE,FALSE
114,25,1366,1297,1368,1366,1297,1368,1366,1297,1368,-69,2,69,2,FALSE,FALSE
114,26,1230,1148,1257,1230,1148,1257,1230,1148,1257,-82,27,82,27,FALSE,FALSE
114,27,1124,1015,1147,1124,1015,1147,1124,1015,1147,-109,23,109,23,FALSE,FALSE
114,28,1002,936,1031,1002,936,1031,1002,936,1031,-66,29,66,29,FALSE,FALSE
114,29,904,821,947,904,821,947,904,821,947,-83,43,83,43,FALSE,FALSE
114,30,810,737,822,810,737,822,810,737,822,-73,12,73,12,FALSE,FALSE
114,31,706,661,733,706,661,733,706,661,733,-45,27,45,27,FALSE,FALSE
114,32,624,571,636,624,571,636,624,571,636,-53,12,53,12,FALSE,FALSE
114,33,544,497,553,544,497,553,544,497,553,-47,9,47,9,FALSE,FALSE
114,34,485,434,471,485,434,471,485,434,471,-51,-14,51,14,FALSE,FALSE
114,35,416,378,415,416,378,415,416,378,415,-38,-1,38,1,FALSE,FALSE
114,36,370,337,361,370,337,361,370,337,361,-33,-9,33,9,FALSE,FALSE
114,37,327,292,316,327,292,316,327,292,316,-35,-11,35,11,FALSE,FALSE
114,38,286,255,277,286,255,277,286,255,277,-31,-9,31,9,FALSE,FALSE
114,39,257,225,236,257,225,236,257,225,236,-32,-21,32,21,FALSE,FALSE
114,40,223,188,209,223,188,209,223,188,209,-35,-14,35,14,FALSE,FALSE
114,41,196,167,177,196,167,177,196,167,177,-29,-19,29,19,FALSE,FALSE
114,42,162,141,155,162,141,155,162,141,155,-21,-7,21,7,FALSE,FALSE
114,43,137,126,131,137,126,131,137,126,131,-11,-6,11,6,FALSE,FALSE
114,44,122,103,121,122,103,121,122,103,121,-19,-1,19,1,FALSE,FALSE
114,45,113,88,108,113,88,108,113,88,108,-25,-5,25,5,FALSE,FALSE
114,46,98,76,93,98,76,93,98,76,93,-22,-5,22,5,FALSE,FALSE
114,47,83,69,84,83,69,84,83,69,84,-14,1,14,1,FALSE,FALSE
114,48,68,61,71,68,61,71,68,61,71,-7,3,7,3,FALSE,FALSE
114,49,63,58,62,63,58,62,63,58,62,-5,-1,5,1,FALSE,FALSE
114,50,58,53,58,58,53,58,58,53,58,-5,0,5,0,FALSE,TRUE
114,51,45,47,43,45,47,43,45,47,43,2,-2,2,2,FALSE,FALSE
114,52,37,42,37,37,42,37,37,42,37,5,0,5,0,FALSE,TRUE
114,53,31,39,32,31,39,32,31,39,32,8,1,8,1,FALSE,FALSE
114,54,27,32,27,27,32,27,27,32,27,5,0,5,0,FALSE,TRUE
114,55,25,27,25,25,27,25,25,27,25,2,0,2,0,FALSE,TRUE
114,56,20,24,24,20,24,24,20,24,24,4,4,4,4,FALSE,FALSE
114,57,20,22,21,20,22,21,20,22,21,2,1,2,1,FALSE,FALSE
114,58,19,16,18,19,16,18,19,16,18,-3,-1,3,1,FALSE,FALSE
114,59,16,16,12,16,16,12,16,16,12,0,-4,0,4,TRUE,FALSE
114,60,13,15,10,13,15,10,13,15,10,2,-3,2,3,FALSE,FALSE
115,0,62,62,62,62,62,62,62,62,62,0,0,0,0,TRUE,TRUE
115,1,80,76,68,80,76,68,80,76,68,-4,-12,4,12,FALSE,FALSE
115,2,95,107,95,95,107,95,95,107,95,12,0,12,0,FALSE,TRUE
115,3,127,144,127,127,144,127,127,144,127,17,0,17,0,FALSE,TRUE
115,4,157,180,159,157,180,159,157,180,159,23,2,23,2,FALSE,FALSE
115,5,212,225,196,212,225,196,212,225,196,13,-16,13,16,FALSE,FALSE
115,6,260,306,237,260,306,237,260,306,237,46,-23,46,23,FALSE,FALSE
115,7,325,374,292,325,374,292,325,374,292,49,-33,49,33,FALSE,FALSE
115,8,420,478,354,420,478,354,420,478,354,58,-66,58,66,FALSE,FALSE
115,9,509,599,427,509,599,427,509,599,427,90,-82,90,82,FALSE,FALSE
115,10,644,707,508,644,707,508,644,707,508,63,-136,63,136,FALSE,FALSE
115,11,767,844,596,767,844,596,767,844,596,77,-171,77,171,FALSE,FALSE
115,12,903,995,701,903,995,701,903,995,701,92,-202,92,202,FALSE,FALSE
115,13,1048,1126,805,1048,1126,805,1048,1126,805,78,-243,78,243,FALSE,FALSE
115,14,1192,1225,944,1192,1225,944,1192,1225,944,33,-248,33,248,FALSE,FALSE
115,15,1314,1321,1044,1314,1321,1044,1314,1321,1044,7,-270,7,270,FALSE,FALSE
115,16,1388,1380,1136,1388,1380,1136,1388,1380,1136,-8,-252,8,252,FALSE,FALSE
115,17,1426,1444,1235,1426,1444,1235,1426,1444,1235,18,-191,18,191,FALSE,FALSE
115,18,1460,1490,1298,1460,1490,1298,1460,1490,1298,30,-162,30,162,FALSE,FALSE
115,19,1493,1443,1341,1493,1443,1341,1493,1443,1341,-50,-152,50,152,FALSE,FALSE
115,20,1476,1414,1378,1476,1414,1378,1476,1414,1378,-62,-98,62,98,FALSE,FALSE
115,21,1426,1362,1362,1426,1362,1362,1426,1362,1362,-64,-64,64,64,FALSE,FALSE
115,22,1353,1299,1327,1353,1299,1327,1353,1299,1327,-54,-26,54,26,FALSE,FALSE
115,23,1280,1208,1282,1280,1208,1282,1280,1208,1282,-72,2,72,2,FALSE,FALSE
115,24,1192,1118,1207,1192,1118,1207,1192,1118,1207,-74,15,74,15,FALSE,FALSE
115,25,1095,1038,1137,1095,1038,1137,1095,1038,1137,-57,42,57,42,FALSE,FALSE
115,26,1028,939,1045,1028,939,1045,1028,939,1045,-89,17,89,17,FALSE,FALSE
115,27,925,842,983,925,842,983,925,842,983,-83,58,83,58,FALSE,FALSE
115,28,832,762,912,832,762,912,832,762,912,-70,80,70,80,FALSE,FALSE
115,29,759,694,833,759,694,833,759,694,833,-65,74,65,74,FALSE,FALSE
115,30,687,614,744,687,614,744,687,614,744,-73,57,73,57,FALSE,FALSE
115,31,641,564,694,641,564,694,641,564,694,-77,53,77,53,FALSE,FALSE
115,32,564,502,628,564,502,628,564,502,628,-62,64,62,64,FALSE,FALSE
115,33,497,458,578,497,458,578,497,458,578,-39,81,39,81,FALSE,FALSE
115,34,450,412,533,450,412,533,450,412,533,-38,83,38,83,FALSE,FALSE
115,35,401,353,459,401,353,459,401,353,459,-48,58,48,58,FALSE,FALSE
115,36,355,322,408,355,322,408,355,322,408,-33,53,33,53,FALSE,FALSE
115,37,316,283,367,316,283,367,316,283,367,-33,51,33,51,FALSE,FALSE
115,38,285,243,328,285,243,328,285,243,328,-42,43,42,43,FALSE,FALSE
115,39,239,205,294,239,205,294,239,205,294,-34,55,34,55,FALSE,FALSE
115,40,205,183,256,205,183,256,205,183,256,-22,51,22,51,FALSE,FALSE
115,41,161,154,233,161,154,233,161,154,233,-7,72,7,72,FALSE,FALSE
115,42,146,139,203,146,139,203,146,139,203,-7,57,7,57,FALSE,FALSE
115,43,127,116,176,127,116,176,127,116,176,-11,49,11,49,FALSE,FALSE
115,44,108,103,161,108,103,161,108,103,161,-5,53,5,53,FALSE,FALSE
115,45,91,90,149,91,90,149,91,90,149,-1,58,1,58,FALSE,FALSE
115,46,85,85,120,85,85,120,85,85,120,0,35,0,35,TRUE,FALSE
115,47,77,78,106,77,78,106,77,78,106,1,29,1,29,FALSE,FALSE
115,48,61,67,95,61,67,95,61,67,95,6,34,6,34,FALSE,FALSE
115,49,60,52,88,60,52,88,60,52,88,-8,28,8,28,FALSE,FALSE
115,50,58,44,86,58,44,86,58,44,86,-14,28,14,28,FALSE,FALSE
115,51,54,42,77,54,42,77,54,42,77,-12,23,12,23,FALSE,FALSE
115,52,44,37,72,44,37,72,44,37,72,-7,28,7,28,FALSE,FALSE
115,53,36,32,66,36,32,66,36,32,66,-4,30,4,30,FALSE,FALSE
115,54,35,31,61,35,31,61,35,31,61,-4,26,4,26,FALSE,FALSE
115,55,30,27,53,30,27,53,30,27,53,-3,23,3,23,FALSE,FALSE
115,56,24,25,44,24,25,44,24,25,44,1,20,1,20,FALSE,FALSE
115,57,21,18,39,21,18,39,21,18,39,-3,18,3,18,FALSE,FALSE
115,58,17,15,36,17,15,36,17,15,36,-2,19,2,19,FALSE,FALSE
115,59,15,13,32,15,13,32,15,13,32,-2,17,2,17,FALSE,FALSE
115,60,13,15,27,13,15,27,13,15,27,2,14,2,14,FALSE,FALSE
116,0,66,66,66,66,66,66,66,66,66,0,0,0,0,TRUE,TRUE
116,1,84,90,86,84,90,86,84,90,86,6,2,6,2,FALSE,FALSE
116,2,122,115,111,122,115,111,122,115,111,-7,-11,7,11,FALSE,FALSE
116,3,153,142,147,153,142,147,153,142,147,-11,-6,11,6,FALSE,FALSE
116,4,190,193,176,190,193,176,190,193,176,3,-14,3,14,FALSE,FALSE
116,5,233,258,211,233,258,211,233,258,211,25,-22,25,22,FALSE,FALSE
116,6,299,318,262,299,318,262,299,318,262,19,-37,19,37,FALSE,FALSE
116,7,372,408,329,372,408,329,372,408,329,36,-43,36,43,FALSE,FALSE
116,8,451,495,416,451,495,416,451,495,416,44,-35,44,35,FALSE,FALSE
116,9,570,629,546,570,629,546,570,629,546,59,-24,59,24,FALSE,FALSE
116,10,703,773,662,703,773,662,703,773,662,70,-41,70,41,FALSE,FALSE
116,11,851,953,802,851,953,802,851,953,802,102,-49,102,49,FALSE,FALSE
116,12,1008,1167,975,1008,1167,975,1008,1167,975,159,-33,159,33,FALSE,FALSE
116,13,1181,1337,1161,1181,1337,1161,1181,1337,1161,156,-20,156,20,FALSE,FALSE
116,14,1398,1504,1351,1398,1504,1351,1398,1504,1351,106,-47,106,47,FALSE,FALSE
116,15,1602,1702,1559,1602,1702,1559,1602,1702,1559,100,-43,100,43,FALSE,FALSE
116,16,1788,1898,1764,1788,1898,1764,1788,1898,1764,110,-24,110,24,FALSE,FALSE
116,17,1958,2126,1914,1958,2126,1914,1958,2126,1914,168,-44,168,44,FALSE,FALSE
116,18,2171,2297,2068,2171,2297,2068,2171,2297,2068,126,-103,126,103,FALSE,FALSE
116,19,2370,2453,2251,2370,2453,2251,2370,2453,2251,83,-119,83,119,FALSE,FALSE
116,20,2507,2568,2434,2507,2568,2434,2507,2568,2434,61,-73,61,73,FALSE,FALSE
116,21,2564,2663,2517,2564,2663,2517,2564,2663,2517,99,-47,99,47,FALSE,FALSE
116,22,2633,2678,2590,2633,2678,2590,2633,2678,2590,45,-43,45,43,FALSE,FALSE
116,23,2652,2646,2623,2652,2646,2623,2652,2646,2623,-6,-29,6,29,FALSE,FALSE
116,24,2641,2624,2563,2641,2624,2563,2641,2624,2563,-17,-78,17,78,FALSE,FALSE
116,25,2600,2540,2555,2600,2540,2555,2600,2540,2555,-60,-45,60,45,FALSE,FALSE
116,26,2497,2426,2503,2497,2426,2503,2497,2426,2503,-71,6,71,6,FALSE,FALSE
116,27,2396,2328,2437,2396,2328,2437,2396,2328,2437,-68,41,68,41,FALSE,FALSE
116,28,2268,2223,2335,2268,2223,2335,2268,2223,2335,-45,67,45,67,FALSE,FALSE
116,29,2137,2111,2229,2137,2111,2229,2137,2111,2229,-26,92,26,92,FALSE,FALSE
116,30,1991,1996,2091,1991,1996,2091,1991,1996,2091,5,100,5,100,FALSE,FALSE
116,31,1866,1845,1966,1866,1845,1966,1866,1845,1966,-21,100,21,100,FALSE,FALSE
116,32,1736,1709,1852,1736,1709,1852,1736,1709,1852,-27,116,27,116,FALSE,FALSE
116,33,1613,1585,1751,1613,1585,1751,1613,1585,1751,-28,138,28,138,FALSE,FALSE
116,34,1497,1470,1630,1497,1470,1630,1497,1470,1630,-27,133,27,133,FALSE,FALSE
116,35,1395,1340,1513,1395,1340,1513,1395,1340,1513,-55,118,55,118,FALSE,FALSE
116,36,1290,1233,1403,1290,1233,1403,1290,1233,1403,-57,113,57,113,FALSE,FALSE
116,37,1185,1145,1314,1185,1145,1314,1185,1145,1314,-40,129,40,129,FALSE,FALSE
116,38,1086,1050,1216,1086,1050,1216,1086,1050,1216,-36,130,36,130,FALSE,FALSE
116,39,988,950,1115,988,950,1115,988,950,1115,-38,127,38,127,FALSE,FALSE
116,40,924,877,1015,924,877,1015,924,877,1015,-47,91,47,91,FALSE,FALSE
116,41,847,811,936,847,811,936,847,811,936,-36,89,36,89,FALSE,FALSE
116,42,776,746,867,776,746,867,776,746,867,-30,91,30,91,FALSE,FALSE
116,43,715,692,787,715,692,787,715,692,787,-23,72,23,72,FALSE,FALSE
116,44,644,622,723,644,622,723,644,622,723,-22,79,22,79,FALSE,FALSE
116,45,588,566,663,588,566,663,588,566,663,-22,75,22,75,FALSE,FALSE
116,46,537,506,603,537,506,603,537,506,603,-31,66,31,66,FALSE,FALSE
116,47,494,468,557,494,468,557,494,468,557,-26,63,26,63,FALSE,FALSE
116,48,443,419,515,443,419,515,443,419,515,-24,72,24,72,FALSE,FALSE
116,49,411,389,470,411,389,470,411,389,470,-22,59,22,59,FALSE,FALSE
116,50,384,346,432,384,346,432,384,346,432,-38,48,38,48,FALSE,FALSE
116,51,331,314,388,331,314,388,331,314,388,-17,57,17,57,FALSE,FALSE
116,52,312,286,361,312,286,361,312,286,361,-26,49,26,49,FALSE,FALSE
116,53,277,267,335,277,267,335,277,267,335,-10,58,10,58,FALSE,FALSE
116,54,250,245,305,250,245,305,250,245,305,-5,55,5,55,FALSE,FALSE
116,55,234,223,275,234,223,275,234,223,275,-11,41,11,41,FALSE,FALSE
116,56,219,199,247,219,199,247,219,199,247,-20,28,20,28,FALSE,FALSE
116,57,203,178,227,203,178,227,203,178,227,-25,24,25,24,FALSE,FALSE
116,58,183,163,212,183,163,212,183,163,212,-20,29,20,29,FALSE,FALSE
116,59,174,149,186,174,149,186,174,149,186,-25,12,25,12,FALSE,FALSE
116,60,162,141,165,162,141,165,162,141,165,-21,3,21,3,FALSE,FALSE
117,0,182,182,182,182,182,182,182,182,182,0,0,0,0,TRUE,TRUE
117,1,194,205,203,194,205,203,194,205,203,11,9,11,9,FALSE,FALSE
117,2,216,236,226,216,236,226,216,236,226,20,10,20,10,FALSE,FALSE
117,3,239,269,253,239,269,253,239,269,253,30,14,30,14,FALSE,FALSE
117,4,250,293,266,250,293,266,250,293,266,43,16,43,16,FALSE,FALSE
117,5,266,313,309,266,313,309,266,313,309,47,43,47,43,FALSE,FALSE
117,6,297,336,369,297,336,369,297,336,369,39,72,39,72,FALSE,FALSE
117,7,317,362,403,317,362,403,317,362,403,45,86,45,86,FALSE,FALSE
117,8,341,401,440,341,401,440,341,401,440,60,99,60,99,FALSE,FALSE
117,9,375,443,493,375,443,493,375,443,493,68,118,68,118,FALSE,FALSE
117,10,419,486,528,419,486,528,419,486,528,67,109,67,109,FALSE,FALSE
117,11,427,511,556,427,511,556,427,511,556,84,129,84,129,FALSE,FALSE
117,12,462,559,597,462,559,597,462,559,597,97,135,97,135,FALSE,FALSE
117,13,509,584,644,509,584,644,509,584,644,75,135,75,135,FALSE,FALSE
117,14,536,617,676,536,617,676,536,617,676,81,140,81,140,FALSE,FALSE
117,15,570,666,692,570,666,692,570,666,692,96,122,96,122,FALSE,FALSE
117,16,595,679,715,595,679,715,595,679,715,84,120,84,120,FALSE,FALSE
117,17,636,684,709,636,684,709,636,684,709,48,73,48,73,FALSE,FALSE
117,18,666,718,728,666,718,728,666,718,728,52,62,52,62,FALSE,FALSE
117,19,692,772,758,692,772,758,692,772,758,80,66,80,66,FALSE,FALSE
117,20,747,785,793,747,785,793,747,785,793,38,46,38,46,FALSE,FALSE
117,21,772,811,826,772,811,826,772,811,826,39,54,39,54,FALSE,FALSE
117,22,803,778,864,803,778,864,803,778,864,-25,61,25,61,FALSE,FALSE
117,23,817,767,872,817,767,872,817,767,872,-50,55,50,55,FALSE,FALSE
117,24,851,789,892,851,789,892,851,789,892,-62,41,62,41,FALSE,FALSE
117,25,858,818,927,858,818,927,858,818,927,-40,69,40,69,FALSE,FALSE
117,26,859,796,895,859,796,895,859,796,895,-63,36,63,36,FALSE,FALSE
117,27,878,777,904,878,777,904,878,777,904,-101,26,101,26,FALSE,FALSE
117,28,877,748,844,877,748,844,877,748,844,-129,-33,129,33,FALSE,FALSE
117,29,869,716,853,869,716,853,869,716,853,-153,-16,153,16,FALSE,FALSE
117,30,845,678,861,845,678,861,845,678,861,-167,16,167,16,FALSE,FALSE
117,31,861,660,854,861,660,854,861,660,854,-201,-7,201,7,FALSE,FALSE
117,32,845,641,826,845,641,826,845,641,826,-204,-19,204,19,FALSE,FALSE
117,33,827,630,773,827,630,773,827,630,773,-197,-54,197,54,FALSE,FALSE
117,34,785,603,762,785,603,762,785,603,762,-182,-23,182,23,FALSE,FALSE
117,35,757,585,736,757,585,736,757,585,736,-172,-21,172,21,FALSE,FALSE
117,36,741,548,716,741,548,716,741,548,716,-193,-25,193,25,FALSE,FALSE
117,37,711,531,707,711,531,707,711,531,707,-180,-4,180,4,FALSE,FALSE
117,38,689,500,663,689,500,663,689,500,663,-189,-26,189,26,FALSE,FALSE
117,39,671,459,640,671,459,640,671,459,640,-212,-31,212,31,FALSE,FALSE
117,40,639,418,605,639,418,605,639,418,605,-221,-34,221,34,FALSE,FALSE
117,41,626,394,575,626,394,575,626,394,575,-232,-51,232,51,FALSE,FALSE
117,42,596,360,550,596,360,550,596,360,550,-236,-46,236,46,FALSE,FALSE
117,43,563,335,495,563,335,495,563,335,495,-228,-68,228,68,FALSE,FALSE
117,44,534,313,440,534,313,440,534,313,440,-221,-94,221,94,FALSE,FALSE
117,45,494,307,404,494,307,404,494,307,404,-187,-90,187,90,FALSE,FALSE
117,46,460,296,357,460,296,357,460,296,357,-164,-103,164,103,FALSE,FALSE
117,47,422,276,326,422,276,326,422,276,326,-146,-96,146,96,FALSE,FALSE
117,48,386,248,312,386,248,312,386,248,312,-138,-74,138,74,FALSE,FALSE
117,49,358,231,283,358,231,283,358,231,283,-127,-75,127,75,FALSE,FALSE
117,50,340,209,268,340,209,268,340,209,268,-131,-72,131,72,FALSE,FALSE
117,51,305,194,247,305,194,247,305,194,247,-111,-58,111,58,FALSE,FALSE
117,52,284,169,211,284,169,211,284,169,211,-115,-73,115,73,FALSE,FALSE
117,53,271,145,195,271,145,195,271,145,195,-126,-76,126,76,FALSE,FALSE
117,54,252,124,191,252,124,191,252,124,191,-128,-61,128,61,FALSE,FALSE
117,55,235,125,189,235,125,189,235,125,189,-110,-46,110,46,FALSE,FALSE
117,56,213,114,181,213,114,181,213,114,181,-99,-32,99,32,FALSE,FALSE
117,57,195,105,171,195,105,171,195,105,171,-90,-24,90,24,FALSE,FALSE
117,58,175,91,153,175,91,153,175,91,153,-84,-22,84,22,FALSE,FALSE
117,59,156,84,146,156,84,146,156,84,146,-72,-10,72,10,FALSE,FALSE
117,60,152,75,128,152,75,128,152,75,128,-77,-24,77,24,FALSE,FALSE
118,0,125,125,125,125,125,125,125,125,125,0,0,0,0,TRUE,TRUE
118,1,183,198,220,183,198,220,183,198,220,15,37,15,37,FALSE,FALSE
118,2,305,311,352,305,311,352,305,311,352,6,47,6,47,FALSE,FALSE
118,3,483,502,576,483,502,576,483,502,576,19,93,19,93,FALSE,FALSE
118,4,740,829,897,740,829,897,740,829,897,89,157,89,157,FALSE,FALSE
118,5,1134,1279,1318,1134,1279,1318,1134,1279,1318,145,184,145,184,FALSE,FALSE
118,6,1654,1842,1883,1654,1842,1883,1654,1842,1883,188,229,188,229,FALSE,FALSE
118,7,2217,2504,2497,2217,2504,2497,2217,2504,2497,287,280,287,280,FALSE,FALSE
118,8,2758,3070,3094,2758,3070,3094,2758,3070,3094,312,336,312,336,FALSE,FALSE
118,9,3189,3466,3450,3189,3466,3450,3189,3466,3450,277,261,277,261,FALSE,FALSE
118,10,3397,3628,3585,3397,3628,3585,3397,3628,3585,231,188,231,188,FALSE,FALSE
118,11,3426,3537,3522,3426,3537,3522,3426,3537,3522,111,96,111,96,FALSE,FALSE
118,12,3263,3317,3287,3263,3317,3287,3263,3317,3287,54,24,54,24,FALSE,FALSE
118,13,2997,2982,2906,2997,2982,2906,2997,2982,2906,-15,-91,15,91,FALSE,FALSE
118,14,2690,2609,2533,2690,2609,2533,2690,2609,2533,-81,-157,81,157,FALSE,FALSE
118,15,2390,2237,2186,2390,2237,2186,2390,2237,2186,-153,-204,153,204,FALSE,FALSE
118,16,2054,1910,1884,2054,1910,1884,2054,1910,1884,-144,-170,144,170,FALSE,FALSE
118,17,1763,1602,1590,1763,1602,1590,1763,1602,1590,-161,-173,161,173,FALSE,FALSE
118,18,1479,1370,1358,1479,1370,1358,1479,1370,1358,-109,-121,109,121,FALSE,FALSE
118,19,1252,1175,1169,1252,1175,1169,1252,1175,1169,-77,-83,77,83,FALSE,FALSE
118,20,1039,1001,973,1039,1001,973,1039,1001,973,-38,-66,38,66,FALSE,FALSE
118,21,874,825,798,874,825,798,874,825,798,-49,-76,49,76,FALSE,FALSE
118,22,728,697,671,728,697,671,728,697,671,-31,-57,31,57,FALSE,FALSE
118,23,597,576,575,597,576,575,597,576,575,-21,-22,21,22,FALSE,FALSE
118,24,498,486,487,498,486,487,498,486,487,-12,-11,12,11,FALSE,FALSE
118,25,416,413,421,416,413,421,416,413,421,-3,5,3,5,FALSE,FALSE
118,26,350,354,353,350,354,353,350,354,353,4,3,4,3,FALSE,FALSE
118,27,284,306,303,284,306,303,284,306,303,22,19,22,19,FALSE,FALSE
118,28,234,250,258,234,250,258,234,250,258,16,24,16,24,FALSE,FALSE
118,29,199,199,215,199,199,215,199,199,215,0,16,0,16,TRUE,FALSE
118,30,170,167,178,170,167,178,170,167,178,-3,8,3,8,FALSE,FALSE
118,31,144,146,144,144,146,144,144,146,144,2,0,2,0,FALSE,TRUE
118,32,124,115,120,124,115,120,124,115,120,-9,-4,9,4,FALSE,FALSE
118,33,101,96,103,101,96,103,101,96,103,-5,2,5,2,FALSE,FALSE
118,34,86,88,90,86,88,90,86,88,90,2,4,2,4,FALSE,FALSE
118,35,71,72,72,71,72,72,71,72,72,1,1,1,1,FALSE,FALSE
118,36,55,62,59,55,62,59,55,62,59,7,4,7,4,FALSE,FALSE
118,37,45,57,48,45,57,48,45,57,48,12,3,12,3,FALSE,FALSE
118,38,38,51,37,38,51,37,38,51,37,13,-1,13,1,FALSE,FALSE
118,39,30,43,30,30,43,30,30,43,30,13,0,13,0,FALSE,TRUE
118,40,28,33,25,28,33,25,28,33,25,5,-3,5,3,FALSE,FALSE
118,41,22,29,21,22,29,21,22,29,21,7,-1,7,1,FALSE,FALSE
118,42,18,22,14,18,22,14,18,22,14,4,-4,4,4,FALSE,FALSE
118,43,16,21,13,16,21,13,16,21,13,5,-3,5,3,FALSE,FALSE
118,44,12,18,11,12,18,11,12,18,11,6,-1,6,1,FALSE,FALSE
118,45,9,13,9,9,13,9,9,13,9,4,0,4,0,FALSE,TRUE
118,46,9,10,7,9,10,7,9,10,7,1,-2,1,2,FALSE,FALSE
118,47,7,9,5,7,9,5,7,9,5,2,-2,2,2,FALSE,FALSE
118,48,5,8,5,5,8,5,5,8,5,3,0,3,0,FALSE,TRUE
118,49,5,7,4,5,7,4,5,7,4,2,-1,2,1,FALSE,FALSE
118,50,4,6,5,4,6,5,4,6,5,2,1,2,1,FALSE,FALSE
118,51,2,4,5,2,4,5,2,4,5,2,3,2,3,FALSE,FALSE
118,52,1,4,4,1,4,4,1,4,4,3,3,3,3,FALSE,FALSE
118,53,1,2,3,1,2,3,1,2,3,1,2,1,2,FALSE,FALSE
118,54,1,2,2,1,2,2,1,2,2,1,1,1,1,FALSE,FALSE
118,55,1,2,2,1,2,2,1,2,2,1,1,1,1,FALSE,FALSE
118,56,0,2,2,0,2,2,0,2,2,2,2,2,2,FALSE,FALSE
118,57,0,1,1,0,1,1,0,1,1,1,1,1,1,FALSE,FALSE
118,58,0,1,1,0,1,1,0,1,1,1,1,1,1,FALSE,FALSE
118,59,0,1,1,0,1,1,0,1,1,1,1,1,1,FALSE,FALSE
118,60,0,1,1,0,1,1,0,1,1,1,1,1,1,FALSE,FALSE
119,0,59,59,59,59,59,59,59,59,59,0,0,0,0,TRUE,TRUE
119,1,70,78,78,70,78,78,70,78,78,8,8,8,8,FALSE,FALSE
119,2,90,95,101,90,95,101,90,95,101,5,11,5,11,FALSE,FALSE
119,3,115,138,117,115,138,117,115,138,117,23,2,23,2,FALSE,FALSE
119,4,148,187,149,148,187,149,148,187,149,39,1,39,1,FALSE,FALSE
119,5,183,236,192,183,236,192,183,236,192,53,9,53,9,FALSE,FALSE
119,6,237,290,258,237,290,258,237,290,258,53,21,53,21,FALSE,FALSE
119,7,314,376,334,314,376,334,314,376,334,62,20,62,20,FALSE,FALSE
119,8,412,484,440,412,484,440,412,484,440,72,28,72,28,FALSE,FALSE
119,9,526,617,559,526,617,559,526,617,559,91,33,91,33,FALSE,FALSE
119,10,674,783,714,674,783,714,674,783,714,109,40,109,40,FALSE,FALSE
119,11,835,992,871,835,992,871,835,992,871,157,36,157,36,FALSE,FALSE
119,12,1027,1197,1102,1027,1197,1102,1027,1197,1102,170,75,170,75,FALSE,FALSE
119,13,1257,1445,1317,1257,1445,1317,1257,1445,1317,188,60,188,60,FALSE,FALSE
119,14,1506,1727,1552,1506,1727,1552,1506,1727,1552,221,46,221,46,FALSE,FALSE
119,15,1763,1953,1823,1763,1953,1823,1763,1953,1823,190,60,190,60,FALSE,FALSE
119,16,2018,2220,2069,2018,2220,2069,2018,2220,2069,202,51,202,51,FALSE,FALSE
119,17,2293,2475,2350,2293,2475,2350,2293,2475,2350,182,57,182,57,FALSE,FALSE
119,18,2567,2680,2607,2567,2680,2607,2567,2680,2607,113,40,113,40,FALSE,FALSE
119,19,2789,2879,2845,2789,2879,2845,2789,2879,2845,90,56,90,56,FALSE,FALSE
119,20,2949,2949,3012,2949,2949,3012,2949,2949,3012,0,63,0,63,TRUE,FALSE
119,21,3040,3007,3044,3040,3007,3044,3040,3007,3044,-33,4,33,4,FALSE,FALSE
119,22,3104,3046,3112,3104,3046,3112,3104,3046,3112,-58,8,58,8,FALSE,FALSE
119,23,3178,3048,3141,3178,3048,3141,3178,3048,3141,-130,-37,130,37,FALSE,FALSE
119,24,3129,2980,3126,3129,2980,3126,3129,2980,3126,-149,-3,149,3,FALSE,FALSE
119,25,3096,2890,3047,3096,2890,3047,3096,2890,3047,-206,-49,206,49,FALSE,FALSE
119,26,3029,2759,2969,3029,2759,2969,3029,2759,2969,-270,-60,270,60,FALSE,FALSE
119,27,2922,2647,2835,2922,2647,2835,2922,2647,2835,-275,-87,275,87,FALSE,FALSE
119,28,2785,2566,2713,2785,2566,2713,2785,2566,2713,-219,-72,219,72,FALSE,FALSE
119,29,2652,2417,2562,2652,2417,2562,2652,2417,2562,-235,-90,235,90,FALSE,FALSE
119,30,2482,2312,2421,2482,2312,2421,2482,2312,2421,-170,-61,170,61,FALSE,FALSE
119,31,2334,2163,2259,2334,2163,2259,2334,2163,2259,-171,-75,171,75,FALSE,FALSE
119,32,2186,1988,2117,2186,1988,2117,2186,1988,2117,-198,-69,198,69,FALSE,FALSE
119,33,2017,1860,1975,2017,1860,1975,2017,1860,1975,-157,-42,157,42,FALSE,FALSE
119,34,1904,1728,1821,1904,1728,1821,1904,1728,1821,-176,-83,176,83,FALSE,FALSE
119,35,1782,1615,1710,1782,1615,1710,1782,1615,1710,-167,-72,167,72,FALSE,FALSE
119,36,1648,1479,1567,1648,1479,1567,1648,1479,1567,-169,-81,169,81,FALSE,FALSE
119,37,1522,1376,1445,1522,1376,1445,1522,1376,1445,-146,-77,146,77,FALSE,FALSE
119,38,1389,1276,1332,1389,1276,1332,1389,1276,1332,-113,-57,113,57,FALSE,FALSE
119,39,1295,1168,1219,1295,1168,1219,1295,1168,1219,-127,-76,127,76,FALSE,FALSE
119,40,1190,1076,1118,1190,1076,1118,1190,1076,1118,-114,-72,114,72,FALSE,FALSE
119,41,1095,987,1035,1095,987,1035,1095,987,1035,-108,-60,108,60,FALSE,FALSE
119,42,1020,896,952,1020,896,952,1020,896,952,-124,-68,124,68,FALSE,FALSE
119,43,929,827,884,929,827,884,929,827,884,-102,-45,102,45,FALSE,FALSE
119,44,858,770,820,858,770,820,858,770,820,-88,-38,88,38,FALSE,FALSE
119,45,797,712,750,797,712,750,797,712,750,-85,-47,85,47,FALSE,FALSE
119,46,719,655,684,719,655,684,719,655,684,-64,-35,64,35,FALSE,FALSE
119,47,663,592,627,663,592,627,663,592,627,-71,-36,71,36,FALSE,FALSE
119,48,590,547,579,590,547,579,590,547,579,-43,-11,43,11,FALSE,FALSE
119,49,549,504,547,549,504,547,549,504,547,-45,-2,45,2,FALSE,FALSE
119,50,502,461,516,502,461,516,502,461,516,-41,14,41,14,FALSE,FALSE
119,51,466,416,481,466,416,481,466,416,481,-50,15,50,15,FALSE,FALSE
119,52,434,378,452,434,378,452,434,378,452,-56,18,56,18,FALSE,FALSE
119,53,389,341,411,389,341,411,389,341,411,-48,22,48,22,FALSE,FALSE
119,54,359,316,371,359,316,371,359,316,371,-43,12,43,12,FALSE,FALSE
119,55,332,288,334,332,288,334,332,288,334,-44,2,44,2,FALSE,FALSE
119,56,299,275,316,299,275,316,299,275,316,-24,17,24,17,FALSE,FALSE
119,57,275,248,291,275,248,291,275,248,291,-27,16,27,16,FALSE,FALSE
119,58,248,227,266,248,227,266,248,227,266,-21,18,21,18,FALSE,FALSE
119,59,226,201,234,226,201,234,226,201,234,-25,8,25,8,FALSE,FALSE
119,60,211,181,212,211,181,212,211,181,212,-30,1,30,1,FALSE,FALSE
120,0,125,125,125,125,125,125,125,125,125,0,0,0,0,TRUE,TRUE
120,1,195,191,201,195,191,201,195,191,201,-4,6,4,6,FALSE,FALSE
120,2,275,273,281,275,273,281,275,273,281,-2,6,2,6,FALSE,FALSE
120,3,418,403,429,418,403,429,418,403,429,-15,11,15,11,FALSE,FALSE
120,4,634,594,674,634,594,674,634,594,674,-40,40,40,40,FALSE,FALSE
120,5,945,888,986,945,888,986,945,888,986,-57,41,57,41,FALSE,FALSE
120,6,1350,1260,1390,1350,1260,1390,1350,1260,1390,-90,40,90,40,FALSE,FALSE
120,7,1840,1768,1869,1840,1768,1869,1840,1768,1869,-72,29,72,29,FALSE,FALSE
120,8,2353,2318,2398,2353,2318,2398,2353,2318,2398,-35,45,35,45,FALSE,FALSE
120,9,2802,2811,2918,2802,2811,2918,2802,2811,2918,9,116,9,116,FALSE,FALSE
120,10,3148,3131,3200,3148,3131,3200,3148,3131,3200,-17,52,17,52,FALSE,FALSE
120,11,3306,3303,3344,3306,3303,3344,3306,3303,3344,-3,38,3,38,FALSE,FALSE
120,12,3274,3292,3290,3274,3292,3290,3274,3292,3290,18,16,18,16,FALSE,FALSE
120,13,3123,3091,3077,3123,3091,3077,3123,3091,3077,-32,-46,32,46,FALSE,FALSE
120,14,2808,2854,2721,2808,2854,2721,2808,2854,2721,46,-87,46,87,FALSE,FALSE
120,15,2478,2548,2329,2478,2548,2329,2478,2548,2329,70,-149,70,149,FALSE,FALSE
120,16,2071,2214,2009,2071,2214,2009,2071,2214,2009,143,-62,143,62,FALSE,FALSE
120,17,1774,1871,1707,1774,1871,1707,1774,1871,1707,97,-67,97,67,FALSE,FALSE
120,18,1450,1597,1459,1450,1597,1459,1450,1597,1459,147,9,147,9,FALSE,FALSE
120,19,1210,1362,1209,1210,1362,1209,1210,1362,1209,152,-1,152,1,FALSE,FALSE
120,20,1001,1143,986,1001,1143,986,1001,1143,986,142,-15,142,15,FALSE,FALSE
120,21,821,954,824,821,954,824,821,954,824,133,3,133,3,FALSE,FALSE
120,22,676,790,698,676,790,698,676,790,698,114,22,114,22,FALSE,FALSE
120,23,570,653,571,570,653,571,570,653,571,83,1,83,1,FALSE,FALSE
120,24,464,558,451,464,558,451,464,558,451,94,-13,94,13,FALSE,FALSE
120,25,384,438,364,384,438,364,384,438,364,54,-20,54,20,FALSE,FALSE
120,26,318,361,298,318,361,298,318,361,298,43,-20,43,20,FALSE,FALSE
120,27,273,296,243,273,296,243,273,296,243,23,-30,23,30,FALSE,FALSE
120,28,217,254,191,217,254,191,217,254,191,37,-26,37,26,FALSE,FALSE
120,29,181,208,160,181,208,160,181,208,160,27,-21,27,21,FALSE,FALSE
120,30,141,181,127,141,181,127,141,181,127,40,-14,40,14,FALSE,FALSE
120,31,121,149,102,121,149,102,121,149,102,28,-19,28,19,FALSE,FALSE
120,32,97,132,88,97,132,88,97,132,88,35,-9,35,9,FALSE,FALSE
120,33,76,109,58,76,109,58,76,109,58,33,-18,33,18,FALSE,FALSE
120,34,64,89,50,64,89,50,64,89,50,25,-14,25,14,FALSE,FALSE
120,35,57,72,43,57,72,43,57,72,43,15,-14,15,14,FALSE,FALSE
120,36,39,60,33,39,60,33,39,60,33,21,-6,21,6,FALSE,FALSE
120,37,32,49,24,32,49,24,32,49,24,17,-8,17,8,FALSE,FALSE
120,38,28,36,17,28,36,17,28,36,17,8,-11,8,11,FALSE,FALSE
120,39,19,32,13,19,32,13,19,32,13,13,-6,13,6,FALSE,FALSE
120,40,15,22,11,15,22,11,15,22,11,7,-4,7,4,FALSE,FALSE
120,41,11,19,10,11,19,10,11,19,10,8,-1,8,1,FALSE,FALSE
120,42,8,17,9,8,17,9,8,17,9,9,1,9,1,FALSE,FALSE
120,43,8,15,7,8,15,7,8,15,7,7,-1,7,1,FALSE,FALSE
120,44,7,16,3,7,16,3,7,16,3,9,-4,9,4,FALSE,FALSE
120,45,5,12,3,5,12,3,5,12,3,7,-2,7,2,FALSE,FALSE
120,46,4,10,3,4,10,3,4,10,3,6,-1,6,1,FALSE,FALSE
120,47,3,7,3,3,7,3,3,7,3,4,0,4,0,FALSE,TRUE
120,48,2,7,3,2,7,3,2,7,3,5,1,5,1,FALSE,FALSE
120,49,2,6,4,2,6,4,2,6,4,4,2,4,2,FALSE,FALSE
120,50,2,5,4,2,5,4,2,5,4,3,2,3,2,FALSE,FALSE
120,51,1,4,3,1,4,3,1,4,3,3,2,3,2,FALSE,FALSE
120,52,1,4,1,1,4,1,1,4,1,3,0,3,0,FALSE,TRUE
120,53,1,3,1,1,3,1,1,3,1,2,0,2,0,FALSE,TRUE
120,54,1,3,1,1,3,1,1,3,1,2,0,2,0,FALSE,TRUE
120,55,1,3,1,1,3,1,1,3,1,2,0,2,0,FALSE,TRUE
120,56,0,4,1,0,4,1,0,4,1,4,1,4,1,FALSE,FALSE
120,57,0,3,1,0,3,1,0,3,1,3,1,3,1,FALSE,FALSE
120,58,0,2,1,0,2,1,0,2,1,2,1,2,1,FALSE,FALSE
120,59,0,2,1,0,2,1,0,2,1,2,1,2,1,FALSE,FALSE
120,60,0,4,1,0,4,1,0,4,1,4,1,4,1,FALSE,FALSE
121,0,175,175,175,175,175,175,175,175,175,0,0,0,0,TRUE,TRUE
121,1,206,195,219,206,195,219,206,195,219,-11,13,11,13,FALSE,FALSE
121,2,248,229,254,248,229,254,248,229,254,-19,6,19,6,FALSE,FALSE
121,3,298,286,302,298,286,302,298,286,302,-12,4,12,4,FALSE,FALSE
121,4,348,318,365,348,318,365,348,318,365,-30,17,30,17,FALSE,FALSE
121,5,422,395,432,422,395,432,422,395,432,-27,10,27,10,FALSE,FALSE
121,6,487,454,501,487,454,501,487,454,501,-33,14,33,14,FALSE,FALSE
121,7,546,541,562,546,541,562,546,541,562,-5,16,5,16,FALSE,FALSE
121,8,629,643,668,629,643,668,629,643,668,14,39,14,39,FALSE,FALSE
121,9,737,746,773,737,746,773,737,746,773,9,36,9,36,FALSE,FALSE
121,10,830,854,850,830,854,850,830,854,850,24,20,24,20,FALSE,FALSE
121,11,946,966,956,946,966,956,946,966,956,20,10,20,10,FALSE,FALSE
121,12,1063,1103,1063,1063,1103,1063,1063,1103,1063,40,0,40,0,FALSE,TRUE
121,13,1190,1251,1174,1190,1251,1174,1190,1251,1174,61,-16,61,16,FALSE,FALSE
121,14,1268,1401,1314,1268,1401,1314,1268,1401,1314,133,46,133,46,FALSE,FALSE
121,15,1410,1516,1421,1410,1516,1421,1410,1516,1421,106,11,106,11,FALSE,FALSE
121,16,1551,1629,1516,1551,1629,1516,1551,1629,1516,78,-35,78,35,FALSE,FALSE
121,17,1650,1745,1623,1650,1745,1623,1650,1745,1623,95,-27,95,27,FALSE,FALSE
121,18,1731,1812,1694,1731,1812,1694,1731,1812,1694,81,-37,81,37,FALSE,FALSE
121,19,1823,1877,1710,1823,1877,1710,1823,1877,1710,54,-113,54,113,FALSE,FALSE
121,20,1858,1929,1705,1858,1929,1705,1858,1929,1705,71,-153,71,153,FALSE,FALSE
121,21,1901,1915,1752,1901,1915,1752,1901,1915,1752,14,-149,14,149,FALSE,FALSE
121,22,1952,1905,1756,1952,1905,1756,1952,1905,1756,-47,-196,47,196,FALSE,FALSE
121,23,1972,1881,1765,1972,1881,1765,1972,1881,1765,-91,-207,91,207,FALSE,FALSE
121,24,1925,1813,1709,1925,1813,1709,1925,1813,1709,-112,-216,112,216,FALSE,FALSE
121,25,1858,1744,1699,1858,1744,1699,1858,1744,1699,-114,-159,114,159,FALSE,FALSE
121,26,1777,1679,1634,1777,1679,1634,1777,1679,1634,-98,-143,98,143,FALSE,FALSE
121,27,1667,1566,1592,1667,1566,1592,1667,1566,1592,-101,-75,101,75,FALSE,FALSE
121,28,1604,1456,1508,1604,1456,1508,1604,1456,1508,-148,-96,148,96,FALSE,FALSE
121,29,1536,1389,1451,1536,1389,1451,1536,1389,1451,-147,-85,147,85,FALSE,FALSE
121,30,1457,1318,1393,1457,1318,1393,1457,1318,1393,-139,-64,139,64,FALSE,FALSE
121,31,1356,1235,1313,1356,1235,1313,1356,1235,1313,-121,-43,121,43,FALSE,FALSE
121,32,1254,1156,1240,1254,1156,1240,1254,1156,1240,-98,-14,98,14,FALSE,FALSE
121,33,1142,1075,1186,1142,1075,1186,1142,1075,1186,-67,44,67,44,FALSE,FALSE
121,34,1059,984,1109,1059,984,1109,1059,984,1109,-75,50,75,50,FALSE,FALSE
121,35,997,918,1044,997,918,1044,997,918,1044,-79,47,79,47,FALSE,FALSE
121,36,943,851,973,943,851,973,943,851,973,-92,30,92,30,FALSE,FALSE
121,37,859,825,905,859,825,905,859,825,905,-34,46,34,46,FALSE,FALSE
121,38,790,749,860,790,749,860,790,749,860,-41,70,41,70,FALSE,FALSE
121,39,728,690,790,728,690,790,728,690,790,-38,62,38,62,FALSE,FALSE
121,40,651,614,699,651,614,699,651,614,699,-37,48,37,48,FALSE,FALSE
121,41,581,558,645,581,558,645,581,558,645,-23,64,23,64,FALSE,FALSE
121,42,528,534,571,528,534,571,528,534,571,6,43,6,43,FALSE,FALSE
121,43,474,483,503,474,483,503,474,483,503,9,29,9,29,FALSE,FALSE
121,44,429,430,455,429,430,455,429,430,455,1,26,1,26,FALSE,FALSE
121,45,396,394,422,396,394,422,396,394,422,-2,26,2,26,FALSE,FALSE
121,46,355,374,393,355,374,393,355,374,393,19,38,19,38,FALSE,FALSE
121,47,315,347,363,315,347,363,315,347,363,32,48,32,48,FALSE,FALSE
121,48,299,321,340,299,321,340,299,321,340,22,41,22,41,FALSE,FALSE
121,49,271,296,300,271,296,300,271,296,300,25,29,25,29,FALSE,FALSE
121,50,251,282,275,251,282,275,251,282,275,31,24,31,24,FALSE,FALSE
121,51,233,244,239,233,244,239,233,244,239,11,6,11,6,FALSE,FALSE
121,52,211,222,216,211,222,216,211,222,216,11,5,11,5,FALSE,FALSE
121,53,182,203,202,182,203,202,182,203,202,21,20,21,20,FALSE,FALSE
121,54,171,186,181,171,186,181,171,186,181,15,10,15,10,FALSE,FALSE
121,55,150,161,162,150,161,162,150,161,162,11,12,11,12,FALSE,FALSE
121,56,136,142,149,136,142,149,136,142,149,6,13,6,13,FALSE,FALSE
121,57,125,132,129,125,132,129,125,132,129,7,4,7,4,FALSE,FALSE
121,58,114,120,118,114,120,118,114,120,118,6,4,6,4,FALSE,FALSE
121,59,97,108,103,97,108,103,97,108,103,11,6,11,6,FALSE,FALSE
121,60,93,97,95,93,97,95,93,97,95,4,2,4,2,FALSE,FALSE
122,0,39,39,39,39,39,39,39,39,39,0,0,0,0,TRUE,TRUE
122,1,54,47,55,54,47,55,54,47,55,-7,1,7,1,FALSE,FALSE
122,2,65,52,66,65,52,66,65,52,66,-13,1,13,1,FALSE,FALSE
122,3,65,66,72,65,66,72,65,66,72,1,7,1,7,FALSE,FALSE
122,4,86,77,79,86,77,79,86,77,79,-9,-7,9,7,FALSE,FALSE
122,5,104,94,91,104,94,91,104,94,91,-10,-13,10,13,FALSE,FALSE
122,6,118,123,112,118,123,112,118,123,112,5,-6,5,6,FALSE,FALSE
122,7,142,153,131,142,153,131,142,153,131,11,-11,11,11,FALSE,FALSE
122,8,178,167,161,178,167,161,178,167,161,-11,-17,11,17,FALSE,FALSE
122,9,200,208,196,200,208,196,200,208,196,8,-4,8,4,FALSE,FALSE
122,10,235,250,235,235,250,235,235,250,235,15,0,15,0,FALSE,TRUE
122,11,287,301,292,287,301,292,287,301,292,14,5,14,5,FALSE,FALSE
122,12,348,352,345,348,352,345,348,352,345,4,-3,4,3,FALSE,FALSE
122,13,417,422,393,417,422,393,417,422,393,5,-24,5,24,FALSE,FALSE
122,14,508,491,437,508,491,437,508,491,437,-17,-71,17,71,FALSE,FALSE
122,15,590,537,513,590,537,513,590,537,513,-53,-77,53,77,FALSE,FALSE
122,16,655,610,561,655,610,561,655,610,561,-45,-94,45,94,FALSE,FALSE
122,17,702,690,620,702,690,620,702,690,620,-12,-82,12,82,FALSE,FALSE
122,18,775,757,689,775,757,689,775,757,689,-18,-86,18,86,FALSE,FALSE
122,19,837,780,755,837,780,755,837,780,755,-57,-82,57,82,FALSE,FALSE
122,20,908,842,797,908,842,797,908,842,797,-66,-111,66,111,FALSE,FALSE
122,21,931,862,850,931,862,850,931,862,850,-69,-81,69,81,FALSE,FALSE
122,22,965,897,872,965,897,872,965,897,872,-68,-93,68,93,FALSE,FALSE
122,23,967,892,882,967,892,882,967,892,882,-75,-85,75,85,FALSE,FALSE
122,24,971,884,868,971,884,868,971,884,868,-87,-103,87,103,FALSE,FALSE
122,25,960,885,822,960,885,822,960,885,822,-75,-138,75,138,FALSE,FALSE
122,26,929,869,821,929,869,821,929,869,821,-60,-108,60,108,FALSE,FALSE
122,27,889,872,804,889,872,804,889,872,804,-17,-85,17,85,FALSE,FALSE
122,28,829,837,773,829,837,773,829,837,773,8,-56,8,56,FALSE,FALSE
122,29,780,818,730,780,818,730,780,818,730,38,-50,38,50,FALSE,FALSE
122,30,726,789,687,726,789,687,726,789,687,63,-39,63,39,FALSE,FALSE
122,31,672,752,619,672,752,619,672,752,619,80,-53,80,53,FALSE,FALSE
122,32,622,735,562,622,735,562,622,735,562,113,-60,113,60,FALSE,FALSE
122,33,542,697,523,542,697,523,542,697,523,155,-19,155,19,FALSE,FALSE
122,34,476,646,496,476,646,496,476,646,496,170,20,170,20,FALSE,FALSE
122,35,438,596,462,438,596,462,438,596,462,158,24,158,24,FALSE,FALSE
122,36,400,544,416,400,544,416,400,544,416,144,16,144,16,FALSE,FALSE
122,37,354,472,388,354,472,388,354,472,388,118,34,118,34,FALSE,FALSE
122,38,321,421,340,321,421,340,321,421,340,100,19,100,19,FALSE,FALSE
122,39,294,379,308,294,379,308,294,379,308,85,14,85,14,FALSE,FALSE
122,40,261,344,277,261,344,277,261,344,277,83,16,83,16,FALSE,FALSE
122,41,231,305,239,231,305,239,231,305,239,74,8,74,8,FALSE,FALSE
122,42,200,276,208,200,276,208,200,276,208,76,8,76,8,FALSE,FALSE
122,43,161,243,188,161,243,188,161,243,188,82,27,82,27,FALSE,FALSE
122,44,145,216,174,145,216,174,145,216,174,71,29,71,29,FALSE,FALSE
122,45,133,184,145,133,184,145,133,184,145,51,12,51,12,FALSE,FALSE
122,46,113,158,136,113,158,136,113,158,136,45,23,45,23,FALSE,FALSE
122,47,95,142,121,95,142,121,95,142,121,47,26,47,26,FALSE,FALSE
122,48,81,123,110,81,123,110,81,123,110,42,29,42,29,FALSE,FALSE
122,49,65,107,92,65,107,92,65,107,92,42,27,42,27,FALSE,FALSE
122,50,60,90,83,60,90,83,60,90,83,30,23,30,23,FALSE,FALSE
122,51,49,73,70,49,73,70,49,73,70,24,21,24,21,FALSE,FALSE
122,52,43,68,67,43,68,67,43,68,67,25,24,25,24,FALSE,FALSE
122,53,42,60,60,42,60,60,42,60,60,18,18,18,18,FALSE,FALSE
122,54,37,60,55,37,60,55,37,60,55,23,18,23,18,FALSE,FALSE
122,55,36,55,54,36,55,54,36,55,54,19,18,19,18,FALSE,FALSE
122,56,31,45,44,31,45,44,31,45,44,14,13,14,13,FALSE,FALSE
122,57,29,44,39,29,44,39,29,44,39,15,10,15,10,FALSE,FALSE
122,58,20,39,31,20,39,31,20,39,31,19,11,19,11,FALSE,FALSE
122,59,18,35,25,18,35,25,18,35,25,17,7,17,7,FALSE,FALSE
122,60,17,33,20,17,33,20,17,33,20,16,3,16,3,FALSE,FALSE
123,0,60,60,60,60,60,60,60,60,60,0,0,0,0,TRUE,TRUE
123,1,73,78,77,73,78,77,73,78,77,5,4,5,4,FALSE,FALSE
123,2,95,96,103,95,96,103,95,96,103,1,8,1,8,FALSE,FALSE
123,3,111,117,120,111,117,120,111,117,120,6,9,6,9,FALSE,FALSE
123,4,130,152,141,130,152,141,130,152,141,22,11,22,11,FALSE,FALSE
123,5,163,197,168,163,197,168,163,197,168,34,5,34,5,FALSE,FALSE
123,6,205,249,202,205,249,202,205,249,202,44,-3,44,3,FALSE,FALSE
123,7,257,305,259,257,305,259,257,305,259,48,2,48,2,FALSE,FALSE
123,8,346,367,312,346,367,312,346,367,312,21,-34,21,34,FALSE,FALSE
123,9,410,461,374,410,461,374,410,461,374,51,-36,51,36,FALSE,FALSE
123,10,514,538,468,514,538,468,514,538,468,24,-46,24,46,FALSE,FALSE
123,11,631,684,565,631,684,565,631,684,565,53,-66,53,66,FALSE,FALSE
123,12,760,772,677,760,772,677,760,772,677,12,-83,12,83,FALSE,FALSE
123,13,892,932,810,892,932,810,892,932,810,40,-82,40,82,FALSE,FALSE
123,14,1049,1078,936,1049,1078,936,1049,1078,936,29,-113,29,113,FALSE,FALSE
123,15,1196,1230,1100,1196,1230,1100,1196,1230,1100,34,-96,34,96,FALSE,FALSE
123,16,1385,1404,1269,1385,1404,1269,1385,1404,1269,19,-116,19,116,FALSE,FALSE
123,17,1543,1527,1401,1543,1527,1401,1543,1527,1401,-16,-142,16,142,FALSE,FALSE
123,18,1687,1730,1571,1687,1730,1571,1687,1730,1571,43,-116,43,116,FALSE,FALSE
123,19,1836,1867,1713,1836,1867,1713,1836,1867,1713,31,-123,31,123,FALSE,FALSE
123,20,1983,2000,1853,1983,2000,1853,1983,2000,1853,17,-130,17,130,FALSE,FALSE
123,21,2081,2074,1978,2081,2074,1978,2081,2074,1978,-7,-103,7,103,FALSE,FALSE
123,22,2139,2142,2052,2139,2142,2052,2139,2142,2052,3,-87,3,87,FALSE,FALSE
123,23,2191,2202,2120,2191,2202,2120,2191,2202,2120,11,-71,11,71,FALSE,FALSE
123,24,2228,2247,2173,2228,2247,2173,2228,2247,2173,19,-55,19,55,FALSE,FALSE
123,25,2249,2266,2202,2249,2266,2202,2249,2266,2202,17,-47,17,47,FALSE,FALSE
123,26,2201,2261,2214,2201,2261,2214,2201,2261,2214,60,13,60,13,FALSE,FALSE
123,27,2144,2207,2203,2144,2207,2203,2144,2207,2203,63,59,63,59,FALSE,FALSE
123,28,2113,2140,2158,2113,2140,2158,2113,2140,2158,27,45,27,45,FALSE,FALSE
123,29,2058,2069,2114,2058,2069,2114,2058,2069,2114,11,56,11,56,FALSE,FALSE
123,30,1967,1990,2054,1967,1990,2054,1967,1990,2054,23,87,23,87,FALSE,FALSE
123,31,1884,1902,1966,1884,1902,1966,1884,1902,1966,18,82,18,82,FALSE,FALSE
123,32,1788,1841,1897,1788,1841,1897,1788,1841,1897,53,109,53,109,FALSE,FALSE
123,33,1713,1748,1788,1713,1748,1788,1713,1748,1788,35,75,35,75,FALSE,FALSE
123,34,1619,1617,1696,1619,1617,1696,1619,1617,1696,-2,77,2,77,FALSE,FALSE
123,35,1532,1538,1617,1532,1538,1617,1532,1538,1617,6,85,6,85,FALSE,FALSE
123,36,1464,1456,1534,1464,1456,1534,1464,1456,1534,-8,70,8,70,FALSE,FALSE
123,37,1369,1361,1467,1369,1361,1467,1369,1361,1467,-8,98,8,98,FALSE,FALSE
123,38,1293,1275,1382,1293,1275,1382,1293,1275,1382,-18,89,18,89,FALSE,FALSE
123,39,1200,1204,1303,1200,1204,1303,1200,1204,1303,4,103,4,103,FALSE,FALSE
123,40,1137,1139,1223,1137,1139,1223,1137,1139,1223,2,86,2,86,FALSE,FALSE
123,41,1062,1066,1161,1062,1066,1161,1062,1066,1161,4,99,4,99,FALSE,FALSE
123,42,999,997,1116,999,997,1116,999,997,1116,-2,117,2,117,FALSE,FALSE
123,43,934,942,1041,934,942,1041,934,942,1041,8,107,8,107,FALSE,FALSE
123,44,868,866,969,868,866,969,868,866,969,-2,101,2,101,FALSE,FALSE
123,45,828,820,901,828,820,901,828,820,901,-8,73,8,73,FALSE,FALSE
123,46,778,773,860,778,773,860,778,773,860,-5,82,5,82,FALSE,FALSE
123,47,734,735,814,734,735,814,734,735,814,1,80,1,80,FALSE,FALSE
123,48,676,689,752,676,689,752,676,689,752,13,76,13,76,FALSE,FALSE
123,49,633,628,690,633,628,690,633,628,690,-5,57,5,57,FALSE,FALSE
123,50,590,592,649,590,592,649,590,592,649,2,59,2,59,FALSE,FALSE
123,51,541,543,608,541,543,608,541,543,608,2,67,2,67,FALSE,FALSE
123,52,511,518,566,511,518,566,511,518,566,7,55,7,55,FALSE,FALSE
123,53,469,495,525,469,495,525,469,495,525,26,56,26,56,FALSE,FALSE
123,54,434,456,487,434,456,487,434,456,487,22,53,22,53,FALSE,FALSE
123,55,396,432,452,396,432,452,396,432,452,36,56,36,56,FALSE,FALSE
123,56,365,399,424,365,399,424,365,399,424,34,59,34,59,FALSE,FALSE
123,57,336,369,394,336,369,394,336,369,394,33,58,33,58,FALSE,FALSE
123,58,305,344,354,305,344,354,305,344,354,39,49,39,49,FALSE,FALSE
123,59,282,329,331,282,329,331,282,329,331,47,49,47,49,FALSE,FALSE
123,60,263,304,308,263,304,308,263,304,308,41,45,41,45,FALSE,FALSE
124,0,53,53,53,53,53,53,53,53,53,0,0,0,0,TRUE,TRUE
124,1,59,69,58,59,69,58,59,69,58,10,-1,10,1,FALSE,FALSE
124,2,68,87,58,68,87,58,68,87,58,19,-10,19,10,FALSE,FALSE
124,3,76,105,61,76,105,61,76,105,61,29,-15,29,15,FALSE,FALSE
124,4,87,111,72,87,111,72,87,111,72,24,-15,24,15,FALSE,FALSE
124,5,101,134,87,101,134,87,101,134,87,33,-14,33,14,FALSE,FALSE
124,6,121,152,98,121,152,98,121,152,98,31,-23,31,23,FALSE,FALSE
124,7,130,182,106,130,182,106,130,182,106,52,-24,52,24,FALSE,FALSE
124,8,164,188,119,164,188,119,164,188,119,24,-45,24,45,FALSE,FALSE
124,9,183,213,125,183,213,125,183,213,125,30,-58,30,58,FALSE,FALSE
124,10,216,235,147,216,235,147,216,235,147,19,-69,19,69,FALSE,FALSE
124,11,240,269,161,240,269,161,240,269,161,29,-79,29,79,FALSE,FALSE
124,12,258,291,178,258,291,178,258,291,178,33,-80,33,80,FALSE,FALSE
124,13,289,312,197,289,312,197,289,312,197,23,-92,23,92,FALSE,FALSE
124,14,332,349,229,332,349,229,332,349,229,17,-103,17,103,FALSE,FALSE
124,15,382,376,256,382,376,256,382,376,256,-6,-126,6,126,FALSE,FALSE
124,16,414,406,304,414,406,304,414,406,304,-8,-110,8,110,FALSE,FALSE
124,17,435,460,340,435,460,340,435,460,340,25,-95,25,95,FALSE,FALSE
124,18,485,506,354,485,506,354,485,506,354,21,-131,21,131,FALSE,FALSE
124,19,541,534,405,541,534,405,541,534,405,-7,-136,7,136,FALSE,FALSE
124,20,586,599,461,586,599,461,586,599,461,13,-125,13,125,FALSE,FALSE
124,21,659,663,523,659,663,523,659,663,523,4,-136,4,136,FALSE,FALSE
124,22,699,698,573,699,698,573,699,698,573,-1,-126,1,126,FALSE,FALSE
124,23,749,730,656,749,730,656,749,730,656,-19,-93,19,93,FALSE,FALSE
124,24,824,778,730,824,778,730,824,778,730,-46,-94,46,94,FALSE,FALSE
124,25,905,841,775,905,841,775,905,841,775,-64,-130,64,130,FALSE,FALSE
124,26,971,909,840,971,909,840,971,909,840,-62,-131,62,131,FALSE,FALSE
124,27,1040,981,903,1040,981,903,1040,981,903,-59,-137,59,137,FALSE,FALSE
124,28,1090,1029,979,1090,1029,979,1090,1029,979,-61,-111,61,111,FALSE,FALSE
124,29,1161,1082,1047,1161,1082,1047,1161,1082,1047,-79,-114,79,114,FALSE,FALSE
124,30,1207,1118,1121,1207,1118,1121,1207,1118,1121,-89,-86,89,86,FALSE,FALSE
124,31,1266,1181,1176,1266,1181,1176,1266,1181,1176,-85,-90,85,90,FALSE,FALSE
124,32,1307,1227,1232,1307,1227,1232,1307,1227,1232,-80,-75,80,75,FALSE,FALSE
124,33,1338,1263,1298,1338,1263,1298,1338,1263,1298,-75,-40,75,40,FALSE,FALSE
124,34,1356,1290,1366,1356,1290,1366,1356,1290,1366,-66,10,66,10,FALSE,FALSE
124,35,1397,1294,1398,1397,1294,1398,1397,1294,1398,-103,1,103,1,FALSE,FALSE
124,36,1430,1302,1457,1430,1302,1457,1430,1302,1457,-128,27,128,27,FALSE,FALSE
124,37,1426,1335,1470,1426,1335,1470,1426,1335,1470,-91,44,91,44,FALSE,FALSE
124,38,1394,1327,1490,1394,1327,1490,1394,1327,1490,-67,96,67,96,FALSE,FALSE
124,39,1403,1317,1497,1403,1317,1497,1403,1317,1497,-86,94,86,94,FALSE,FALSE
124,40,1414,1279,1472,1414,1279,1472,1414,1279,1472,-135,58,135,58,FALSE,FALSE
124,41,1383,1276,1483,1383,1276,1483,1383,1276,1483,-107,100,107,100,FALSE,FALSE
124,42,1336,1236,1466,1336,1236,1466,1336,1236,1466,-100,130,100,130,FALSE,FALSE
124,43,1295,1225,1473,1295,1225,1473,1295,1225,1473,-70,178,70,178,FALSE,FALSE
124,44,1256,1203,1460,1256,1203,1460,1256,1203,1460,-53,204,53,204,FALSE,FALSE
124,45,1218,1159,1407,1218,1159,1407,1218,1159,1407,-59,189,59,189,FALSE,FALSE
124,46,1156,1109,1356,1156,1109,1356,1156,1109,1356,-47,200,47,200,FALSE,FALSE
124,47,1119,1045,1300,1119,1045,1300,1119,1045,1300,-74,181,74,181,FALSE,FALSE
124,48,1074,991,1248,1074,991,1248,1074,991,1248,-83,174,83,174,FALSE,FALSE
124,49,1028,946,1193,1028,946,1193,1028,946,1193,-82,165,82,165,FALSE,FALSE
124,50,981,897,1143,981,897,1143,981,897,1143,-84,162,84,162,FALSE,FALSE
124,51,941,861,1102,941,861,1102,941,861,1102,-80,161,80,161,FALSE,FALSE
124,52,899,800,1025,899,800,1025,899,800,1025,-99,126,99,126,FALSE,FALSE
124,53,866,775,975,866,775,975,866,775,975,-91,109,91,109,FALSE,FALSE
124,54,789,741,910,789,741,910,789,741,910,-48,121,48,121,FALSE,FALSE
124,55,744,708,856,744,708,856,744,708,856,-36,112,36,112,FALSE,FALSE
124,56,700,673,823,700,673,823,700,673,823,-27,123,27,123,FALSE,FALSE
124,57,644,648,779,644,648,779,644,648,779,4,135,4,135,FALSE,FALSE
124,58,607,617,744,607,617,744,607,617,744,10,137,10,137,FALSE,FALSE
124,59,554,574,716,554,574,716,554,574,716,20,162,20,162,FALSE,FALSE
124,60,518,553,689,518,553,689,518,553,689,35,171,35,171,FALSE,FALSE
125,0,59,59,59,59,59,59,59,59,59,0,0,0,0,TRUE,TRUE
125,1,71,65,70,71,65,70,71,65,70,-6,-1,6,1,FALSE,FALSE
125,2,85,73,85,85,73,85,85,73,85,-12,0,12,0,FALSE,TRUE
125,3,97,85,94,97,85,94,97,85,94,-12,-3,12,3,FALSE,FALSE
125,4,109,99,114,109,99,114,109,99,114,-10,5,10,5,FALSE,FALSE
125,5,119,111,125,119,111,125,119,111,125,-8,6,8,6,FALSE,FALSE
125,6,136,114,141,136,114,141,136,114,141,-22,5,22,5,FALSE,FALSE
125,7,152,118,154,152,118,154,152,118,154,-34,2,34,2,FALSE,FALSE
125,8,162,137,169,162,137,169,162,137,169,-25,7,25,7,FALSE,FALSE
125,9,192,163,195,192,163,195,192,163,195,-29,3,29,3,FALSE,FALSE
125,10,214,197,210,214,197,210,214,197,210,-17,-4,17,4,FALSE,FALSE
125,11,227,226,241,227,226,241,227,226,241,-1,14,1,14,FALSE,FALSE
125,12,276,257,260,276,257,260,276,257,260,-19,-16,19,16,FALSE,FALSE
125,13,319,299,278,319,299,278,319,299,278,-20,-41,20,41,FALSE,FALSE
125,14,350,321,303,350,321,303,350,321,303,-29,-47,29,47,FALSE,FALSE
125,15,378,348,328,378,348,328,378,348,328,-30,-50,30,50,FALSE,FALSE
125,16,415,395,366,415,395,366,415,395,366,-20,-49,20,49,FALSE,FALSE
125,17,474,429,408,474,429,408,474,429,408,-45,-66,45,66,FALSE,FALSE
125,18,528,477,462,528,477,462,528,477,462,-51,-66,51,66,FALSE,FALSE
125,19,568,550,518,568,550,518,568,550,518,-18,-50,18,50,FALSE,FALSE
125,20,624,593,574,624,593,574,624,593,574,-31,-50,31,50,FALSE,FALSE
125,21,712,623,642,712,623,642,712,623,642,-89,-70,89,70,FALSE,FALSE
125,22,808,691,708,808,691,708,808,691,708,-117,-100,117,100,FALSE,FALSE
125,23,876,734,774,876,734,774,876,734,774,-142,-102,142,102,FALSE,FALSE
125,24,941,828,830,941,828,830,941,828,830,-113,-111,113,111,FALSE,FALSE
125,25,1026,914,884,1026,914,884,1026,914,884,-112,-142,112,142,FALSE,FALSE
125,26,1103,1016,967,1103,1016,967,1103,1016,967,-87,-136,87,136,FALSE,FALSE
125,27,1154,1065,1024,1154,1065,1024,1154,1065,1024,-89,-130,89,130,FALSE,FALSE
125,28,1201,1095,1068,1201,1095,1068,1201,1095,1068,-106,-133,106,133,FALSE,FALSE
125,29,1250,1140,1127,1250,1140,1127,1250,1140,1127,-110,-123,110,123,FALSE,FALSE
125,30,1291,1202,1211,1291,1202,1211,1291,1202,1211,-89,-80,89,80,FALSE,FALSE
125,31,1346,1240,1267,1346,1240,1267,1346,1240,1267,-106,-79,106,79,FALSE,FALSE
125,32,1393,1236,1348,1393,1236,1348,1393,1236,1348,-157,-45,157,45,FALSE,FALSE
125,33,1421,1258,1368,1421,1258,1368,1421,1258,1368,-163,-53,163,53,FALSE,FALSE
125,34,1427,1301,1421,1427,1301,1421,1427,1301,1421,-126,-6,126,6,FALSE,FALSE
125,35,1416,1299,1437,1416,1299,1437,1416,1299,1437,-117,21,117,21,FALSE,FALSE
125,36,1440,1309,1443,1440,1309,1443,1440,1309,1443,-131,3,131,3,FALSE,FALSE
125,37,1431,1303,1472,1431,1303,1472,1431,1303,1472,-128,41,128,41,FALSE,FALSE
125,38,1426,1293,1452,1426,1293,1452,1426,1293,1452,-133,26,133,26,FALSE,FALSE
125,39,1369,1294,1412,1369,1294,1412,1369,1294,1412,-75,43,75,43,FALSE,FALSE
125,40,1359,1296,1396,1359,1296,1396,1359,1296,1396,-63,37,63,37,FALSE,FALSE
125,41,1291,1276,1391,1291,1276,1391,1291,1276,1391,-15,100,15,100,FALSE,FALSE
125,42,1266,1287,1355,1266,1287,1355,1266,1287,1355,21,89,21,89,FALSE,FALSE
125,43,1225,1272,1314,1225,1272,1314,1225,1272,1314,47,89,47,89,FALSE,FALSE
125,44,1204,1211,1260,1204,1211,1260,1204,1211,1260,7,56,7,56,FALSE,FALSE
125,45,1131,1160,1226,1131,1160,1226,1131,1160,1226,29,95,29,95,FALSE,FALSE
125,46,1076,1128,1193,1076,1128,1193,1076,1128,1193,52,117,52,117,FALSE,FALSE
125,47,1023,1097,1147,1023,1097,1147,1023,1097,1147,74,124,74,124,FALSE,FALSE
125,48,966,1070,1077,966,1070,1077,966,1070,1077,104,111,104,111,FALSE,FALSE
125,49,932,1017,1033,932,1017,1033,932,1017,1033,85,101,85,101,FALSE,FALSE
125,50,895,956,961,895,956,961,895,956,961,61,66,61,66,FALSE,FALSE
125,51,853,896,936,853,896,936,853,896,936,43,83,43,83,FALSE,FALSE
125,52,806,845,910,806,845,910,806,845,910,39,104,39,104,FALSE,FALSE
125,53,748,797,842,748,797,842,748,797,842,49,94,49,94,FALSE,FALSE
125,54,737,755,792,737,755,792,737,755,792,18,55,18,55,FALSE,FALSE
125,55,707,702,765,707,702,765,707,702,765,-5,58,5,58,FALSE,FALSE
125,56,660,655,716,660,655,716,660,655,716,-5,56,5,56,FALSE,FALSE
125,57,628,619,683,628,619,683,628,619,683,-9,55,9,55,FALSE,FALSE
125,58,592,558,638,592,558,638,592,558,638,-34,46,34,46,FALSE,FALSE
125,59,573,524,602,573,524,602,573,524,602,-49,29,49,29,FALSE,FALSE
125,60,526,488,558,526,488,558,526,488,558,-38,32,38,32,FALSE,FALSE
126,0,181,181,181,181,181,181,181,181,181,0,0,0,0,TRUE,TRUE
126,1,220,220,217,220,220,217,220,220,217,0,-3,0,3,TRUE,FALSE
126,2,295,266,253,295,266,253,295,266,253,-29,-42,29,42,FALSE,FALSE
126,3,394,330,325,394,330,325,394,330,325,-64,-69,64,69,FALSE,FALSE
126,4,500,411,426,500,411,426,500,411,426,-89,-74,89,74,FALSE,FALSE
126,5,630,505,533,630,505,533,630,505,533,-125,-97,125,97,FALSE,FALSE
126,6,780,633,660,780,633,660,780,633,660,-147,-120,147,120,FALSE,FALSE
126,7,945,751,835,945,751,835,945,751,835,-194,-110,194,110,FALSE,FALSE
126,8,1149,912,1000,1149,912,1000,1149,912,1000,-237,-149,237,149,FALSE,FALSE
126,9,1367,1087,1223,1367,1087,1223,1367,1087,1223,-280,-144,280,144,FALSE,FALSE
126,10,1608,1261,1420,1608,1261,1420,1608,1261,1420,-347,-188,347,188,FALSE,FALSE
126,11,1897,1489,1671,1897,1489,1671,1897,1489,1671,-408,-226,408,226,FALSE,FALSE
126,12,2175,1756,1944,2175,1756,1944,2175,1756,1944,-419,-231,419,231,FALSE,FALSE
126,13,2453,1993,2192,2453,1993,2192,2453,1993,2192,-460,-261,460,261,FALSE,FALSE
126,14,2717,2223,2453,2717,2223,2453,2717,2223,2453,-494,-264,494,264,FALSE,FALSE
126,15,2931,2446,2712,2931,2446,2712,2931,2446,2712,-485,-219,485,219,FALSE,FALSE
126,16,3120,2664,2934,3120,2664,2934,3120,2664,2934,-456,-186,456,186,FALSE,FALSE
126,17,3249,2903,3083,3249,2903,3083,3249,2903,3083,-346,-166,346,166,FALSE,FALSE
126,18,3369,3024,3268,3369,3024,3268,3369,3024,3268,-345,-101,345,101,FALSE,FALSE
126,19,3403,3155,3375,3403,3155,3375,3403,3155,3375,-248,-28,248,28,FALSE,FALSE
126,20,3439,3194,3422,3439,3194,3422,3439,3194,3422,-245,-17,245,17,FALSE,FALSE
126,21,3422,3270,3437,3422,3270,3437,3422,3270,3437,-152,15,152,15,FALSE,FALSE
126,22,3353,3250,3367,3353,3250,3367,3353,3250,3367,-103,14,103,14,FALSE,FALSE
126,23,3265,3191,3314,3265,3191,3314,3265,3191,3314,-74,49,74,49,FALSE,FALSE
126,24,3141,3115,3222,3141,3115,3222,3141,3115,3222,-26,81,26,81,FALSE,FALSE
126,25,3000,3013,3082,3000,3013,3082,3000,3013,3082,13,82,13,82,FALSE,FALSE
126,26,2841,2937,2921,2841,2937,2921,2841,2937,2921,96,80,96,80,FALSE,FALSE
126,27,2726,2805,2760,2726,2805,2760,2726,2805,2760,79,34,79,34,FALSE,FALSE
126,28,2539,2670,2583,2539,2670,2583,2539,2670,2583,131,44,131,44,FALSE,FALSE
126,29,2381,2569,2418,2381,2569,2418,2381,2569,2418,188,37,188,37,FALSE,FALSE
126,30,2226,2428,2232,2226,2428,2232,2226,2428,2232,202,6,202,6,FALSE,FALSE
126,31,2040,2318,2065,2040,2318,2065,2040,2318,2065,278,25,278,25,FALSE,FALSE
126,32,1873,2173,1947,1873,2173,1947,1873,2173,1947,300,74,300,74,FALSE,FALSE
126,33,1715,2031,1801,1715,2031,1801,1715,2031,1801,316,86,316,86,FALSE,FALSE
126,34,1590,1912,1658,1590,1912,1658,1590,1912,1658,322,68,322,68,FALSE,FALSE
126,35,1488,1769,1530,1488,1769,1530,1488,1769,1530,281,42,281,42,FALSE,FALSE
126,36,1352,1633,1413,1352,1633,1413,1352,1633,1413,281,61,281,61,FALSE,FALSE
126,37,1254,1502,1293,1254,1502,1293,1254,1502,1293,248,39,248,39,FALSE,FALSE
126,38,1152,1348,1198,1152,1348,1198,1152,1348,1198,196,46,196,46,FALSE,FALSE
126,39,1047,1251,1110,1047,1251,1110,1047,1251,1110,204,63,204,63,FALSE,FALSE
126,40,945,1160,1024,945,1160,1024,945,1160,1024,215,79,215,79,FALSE,FALSE
126,41,839,1076,943,839,1076,943,839,1076,943,237,104,237,104,FALSE,FALSE
126,42,772,1011,862,772,1011,862,772,1011,862,239,90,239,90,FALSE,FALSE
126,43,698,940,782,698,940,782,698,940,782,242,84,242,84,FALSE,FALSE
126,44,646,856,700,646,856,700,646,856,700,210,54,210,54,FALSE,FALSE
126,45,588,777,630,588,777,630,588,777,630,189,42,189,42,FALSE,FALSE
126,46,549,715,566,549,715,566,549,715,566,166,17,166,17,FALSE,FALSE
126,47,513,644,519,513,644,519,513,644,519,131,6,131,6,FALSE,FALSE
126,48,462,595,493,462,595,493,462,595,493,133,31,133,31,FALSE,FALSE
126,49,421,546,443,421,546,443,421,546,443,125,22,125,22,FALSE,FALSE
126,50,400,498,412,400,498,412,400,498,412,98,12,98,12,FALSE,FALSE
126,51,364,440,377,364,440,377,364,440,377,76,13,76,13,FALSE,FALSE
126,52,329,411,337,329,411,337,329,411,337,82,8,82,8,FALSE,FALSE
126,53,312,371,306,312,371,306,312,371,306,59,-6,59,6,FALSE,FALSE
126,54,285,345,284,285,345,284,285,345,284,60,-1,60,1,FALSE,FALSE
126,55,257,319,264,257,319,264,257,319,264,62,7,62,7,FALSE,FALSE
126,56,227,299,235,227,299,235,227,299,235,72,8,72,8,FALSE,FALSE
126,57,204,277,210,204,277,210,204,277,210,73,6,73,6,FALSE,FALSE
126,58,179,248,194,179,248,194,179,248,194,69,15,69,15,FALSE,FALSE
126,59,166,216,183,166,216,183,166,216,183,50,17,50,17,FALSE,FALSE
126,60,157,193,170,157,193,170,157,193,170,36,13,36,13,FALSE,FALSE
127,0,97,97,97,97,97,97,97,97,97,0,0,0,0,TRUE,TRUE
127,1,125,138,130,125,138,130,125,138,130,13,5,13,5,FALSE,FALSE
127,2,178,186,186,178,186,186,178,186,186,8,8,8,8,FALSE,FALSE
127,3,255,251,280,255,251,280,255,251,280,-4,25,4,25,FALSE,FALSE
127,4,362,333,348,362,333,348,362,333,348,-29,-14,29,14,FALSE,FALSE
127,5,497,464,451,497,464,451,497,464,451,-33,-46,33,46,FALSE,FALSE
127,6,659,598,549,659,598,549,659,598,549,-61,-110,61,110,FALSE,FALSE
127,7,857,788,678,857,788,678,857,788,678,-69,-179,69,179,FALSE,FALSE
127,8,1056,995,854,1056,995,854,1056,995,854,-61,-202,61,202,FALSE,FALSE
127,9,1263,1182,1046,1263,1182,1046,1263,1182,1046,-81,-217,81,217,FALSE,FALSE
127,10,1445,1351,1210,1445,1351,1210,1445,1351,1210,-94,-235,94,235,FALSE,FALSE
127,11,1586,1527,1349,1586,1527,1349,1586,1527,1349,-59,-237,59,237,FALSE,FALSE
127,12,1689,1642,1454,1689,1642,1454,1689,1642,1454,-47,-235,47,235,FALSE,FALSE
127,13,1730,1704,1530,1730,1704,1530,1730,1704,1530,-26,-200,26,200,FALSE,FALSE
127,14,1673,1689,1555,1673,1689,1555,1673,1689,1555,16,-118,16,118,FALSE,FALSE
127,15,1603,1577,1550,1603,1577,1550,1603,1577,1550,-26,-53,26,53,FALSE,FALSE
127,16,1503,1476,1489,1503,1476,1489,1503,1476,1489,-27,-14,27,14,FALSE,FALSE
127,17,1330,1315,1352,1330,1315,1352,1330,1315,1352,-15,22,15,22,FALSE,FALSE
127,18,1166,1194,1234,1166,1194,1234,1166,1194,1234,28,68,28,68,FALSE,FALSE
127,19,1009,1057,1131,1009,1057,1131,1009,1057,1131,48,122,48,122,FALSE,FALSE
127,20,857,916,1033,857,916,1033,857,916,1033,59,176,59,176,FALSE,FALSE
127,21,723,780,922,723,780,922,723,780,922,57,199,57,199,FALSE,FALSE
127,22,603,676,812,603,676,812,603,676,812,73,209,73,209,FALSE,FALSE
127,23,504,585,678,504,585,678,504,585,678,81,174,81,174,FALSE,FALSE
127,24,422,476,581,422,476,581,422,476,581,54,159,54,159,FALSE,FALSE
127,25,369,393,501,369,393,501,369,393,501,24,132,24,132,FALSE,FALSE
127,26,303,312,411,303,312,411,303,312,411,9,108,9,108,FALSE,FALSE
127,27,254,253,333,254,253,333,254,253,333,-1,79,1,79,FALSE,FALSE
127,28,205,212,285,205,212,285,205,212,285,7,80,7,80,FALSE,FALSE
127,29,173,196,238,173,196,238,173,196,238,23,65,23,65,FALSE,FALSE
127,30,132,164,187,132,164,187,132,164,187,32,55,32,55,FALSE,FALSE
127,31,111,129,161,111,129,161,111,129,161,18,50,18,50,FALSE,FALSE
127,32,92,98,139,92,98,139,92,98,139,6,47,6,47,FALSE,FALSE
127,33,73,79,111,73,79,111,73,79,111,6,38,6,38,FALSE,FALSE
127,34,67,71,93,67,71,93,67,71,93,4,26,4,26,FALSE,FALSE
127,35,56,59,74,56,59,74,56,59,74,3,18,3,18,FALSE,FALSE
127,36,54,51,61,54,51,61,54,51,61,-3,7,3,7,FALSE,FALSE
127,37,42,40,50,42,40,50,42,40,50,-2,8,2,8,FALSE,FALSE
127,38,37,32,38,37,32,38,37,32,38,-5,1,5,1,FALSE,FALSE
127,39,30,33,33,30,33,33,30,33,33,3,3,3,3,FALSE,FALSE
127,40,25,26,31,25,26,31,25,26,31,1,6,1,6,FALSE,FALSE
127,41,24,20,25,24,20,25,24,20,25,-4,1,4,1,FALSE,FALSE
127,42,21,15,20,21,15,20,21,15,20,-6,-1,6,1,FALSE,FALSE
127,43,15,9,15,15,9,15,15,9,15,-6,0,6,0,FALSE,TRUE
127,44,12,11,15,12,11,15,12,11,15,-1,3,1,3,FALSE,FALSE
127,45,7,10,13,7,10,13,7,10,13,3,6,3,6,FALSE,FALSE
127,46,6,10,11,6,10,11,6,10,11,4,5,4,5,FALSE,FALSE
127,47,5,7,9,5,7,9,5,7,9,2,4,2,4,FALSE,FALSE
127,48,3,7,5,3,7,5,3,7,5,4,2,4,2,FALSE,FALSE
127,49,2,6,4,2,6,4,2,6,4,4,2,4,2,FALSE,FALSE
127,50,2,5,4,2,5,4,2,5,4,3,2,3,2,FALSE,FALSE
127,51,1,5,5,1,5,5,1,5,5,4,4,4,4,FALSE,FALSE
127,52,1,4,4,1,4,4,1,4,4,3,3,3,3,FALSE,FALSE
127,53,1,3,2,1,3,2,1,3,2,2,1,2,1,FALSE,FALSE
127,54,1,1,1,1,1,1,1,1,1,0,0,0,0,TRUE,TRUE
127,55,1,1,1,1,1,1,1,1,1,0,0,0,0,TRUE,TRUE
127,56,1,0,1,1,0,1,1,0,1,-1,0,1,0,FALSE,TRUE
127,57,1,0,1,1,0,1,1,0,1,-1,0,1,0,FALSE,TRUE
127,58,1,0,1,1,0,1,1,0,1,-1,0,1,0,FALSE,TRUE
127,59,1,0,0,1,0,0,1,0,0,-1,-1,1,1,FALSE,FALSE
127,60,1,0,0,1,0,0,1,0,0,-1,-1,1,1,FALSE,FALSE
128,0,93,93,93,93,93,93,93,93,93,0,0,0,0,TRUE,TRUE
128,1,109,104,102,109,104,102,109,104,102,-5,-7,5,7,FALSE,FALSE
128,2,138,121,121,138,121,121,138,121,121,-17,-17,17,17,FALSE,FALSE
128,3,163,150,141,163,150,141,163,150,141,-13,-22,13,22,FALSE,FALSE
128,4,192,177,171,192,177,171,192,177,171,-15,-21,15,21,FALSE,FALSE
128,5,224,207,179,224,207,179,224,207,179,-17,-45,17,45,FALSE,FALSE
128,6,254,241,201,254,241,201,254,241,201,-13,-53,13,53,FALSE,FALSE
128,7,325,304,241,325,304,241,325,304,241,-21,-84,21,84,FALSE,FALSE
128,8,391,362,285,391,362,285,391,362,285,-29,-106,29,106,FALSE,FALSE
128,9,471,429,342,471,429,342,471,429,342,-42,-129,42,129,FALSE,FALSE
128,10,568,485,404,568,485,404,568,485,404,-83,-164,83,164,FALSE,FALSE
128,11,659,570,458,659,570,458,659,570,458,-89,-201,89,201,FALSE,FALSE
128,12,765,625,517,765,625,517,765,625,517,-140,-248,140,248,FALSE,FALSE
128,13,851,742,601,851,742,601,851,742,601,-109,-250,109,250,FALSE,FALSE
128,14,973,861,685,973,861,685,973,861,685,-112,-288,112,288,FALSE,FALSE
128,15,1062,999,777,1062,999,777,1062,999,777,-63,-285,63,285,FALSE,FALSE
128,16,1192,1094,886,1192,1094,886,1192,1094,886,-98,-306,98,306,FALSE,FALSE
128,17,1335,1249,1041,1335,1249,1041,1335,1249,1041,-86,-294,86,294,FALSE,FALSE
128,18,1459,1402,1156,1459,1402,1156,1459,1402,1156,-57,-303,57,303,FALSE,FALSE
128,19,1613,1554,1305,1613,1554,1305,1613,1554,1305,-59,-308,59,308,FALSE,FALSE
128,20,1740,1697,1448,1740,1697,1448,1740,1697,1448,-43,-292,43,292,FALSE,FALSE
128,21,1824,1829,1580,1824,1829,1580,1824,1829,1580,5,-244,5,244,FALSE,FALSE
128,22,1972,1920,1719,1972,1920,1719,1972,1920,1719,-52,-253,52,253,FALSE,FALSE
128,23,2060,2043,1809,2060,2043,1809,2060,2043,1809,-17,-251,17,251,FALSE,FALSE
128,24,2146,2140,1936,2146,2140,1936,2146,2140,1936,-6,-210,6,210,FALSE,FALSE
128,25,2206,2230,2045,2206,2230,2045,2206,2230,2045,24,-161,24,161,FALSE,FALSE
128,26,2260,2309,2115,2260,2309,2115,2260,2309,2115,49,-145,49,145,FALSE,FALSE
128,27,2305,2341,2158,2305,2341,2158,2305,2341,2158,36,-147,36,147,FALSE,FALSE
128,28,2278,2350,2234,2278,2350,2234,2278,2350,2234,72,-44,72,44,FALSE,FALSE
128,29,2286,2357,2273,2286,2357,2273,2286,2357,2273,71,-13,71,13,FALSE,FALSE
128,30,2229,2313,2249,2229,2313,2249,2229,2313,2249,84,20,84,20,FALSE,FALSE
128,31,2151,2237,2229,2151,2237,2229,2151,2237,2229,86,78,86,78,FALSE,FALSE
128,32,2081,2160,2196,2081,2160,2196,2081,2160,2196,79,115,79,115,FALSE,FALSE
128,33,1991,2086,2147,1991,2086,2147,1991,2086,2147,95,156,95,156,FALSE,FALSE
128,34,1907,1997,2091,1907,1997,2091,1907,1997,2091,90,184,90,184,FALSE,FALSE
128,35,1814,1887,2016,1814,1887,2016,1814,1887,2016,73,202,73,202,FALSE,FALSE
128,36,1727,1825,1958,1727,1825,1958,1727,1825,1958,98,231,98,231,FALSE,FALSE
128,37,1641,1750,1865,1641,1750,1865,1641,1750,1865,109,224,109,224,FALSE,FALSE
128,38,1539,1653,1765,1539,1653,1765,1539,1653,1765,114,226,114,226,FALSE,FALSE
128,39,1466,1562,1654,1466,1562,1654,1466,1562,1654,96,188,96,188,FALSE,FALSE
128,40,1374,1471,1569,1374,1471,1569,1374,1471,1569,97,195,97,195,FALSE,FALSE
128,41,1303,1372,1478,1303,1372,1478,1303,1372,1478,69,175,69,175,FALSE,FALSE
128,42,1216,1293,1390,1216,1293,1390,1216,1293,1390,77,174,77,174,FALSE,FALSE
128,43,1108,1187,1291,1108,1187,1291,1108,1187,1291,79,183,79,183,FALSE,FALSE
128,44,1016,1116,1185,1016,1116,1185,1016,1116,1185,100,169,100,169,FALSE,FALSE
128,45,965,1026,1104,965,1026,1104,965,1026,1104,61,139,61,139,FALSE,FALSE
128,46,885,912,1043,885,912,1043,885,912,1043,27,158,27,158,FALSE,FALSE
128,47,803,835,951,803,835,951,803,835,951,32,148,32,148,FALSE,FALSE
128,48,728,777,884,728,777,884,728,777,884,49,156,49,156,FALSE,FALSE
128,49,663,700,827,663,700,827,663,700,827,37,164,37,164,FALSE,FALSE
128,50,612,637,767,612,637,767,612,637,767,25,155,25,155,FALSE,FALSE
128,51,557,594,710,557,594,710,557,594,710,37,153,37,153,FALSE,FALSE
128,52,504,525,655,504,525,655,504,525,655,21,151,21,151,FALSE,FALSE
128,53,462,488,609,462,488,609,462,488,609,26,147,26,147,FALSE,FALSE
128,54,432,447,567,432,447,567,432,447,567,15,135,15,135,FALSE,FALSE
128,55,403,406,529,403,406,529,403,406,529,3,126,3,126,FALSE,FALSE
128,56,363,355,486,363,355,486,363,355,486,-8,123,8,123,FALSE,FALSE
128,57,328,327,447,328,327,447,328,327,447,-1,119,1,119,FALSE,FALSE
128,58,308,294,403,308,294,403,308,294,403,-14,95,14,95,FALSE,FALSE
128,59,290,268,375,290,268,375,290,268,375,-22,85,22,85,FALSE,FALSE
128,60,261,231,338,261,231,338,261,231,338,-30,77,30,77,FALSE,FALSE
129,0,159,159,159,159,159,159,159,159,159,0,0,0,0,TRUE,TRUE
129,1,220,227,249,220,227,249,220,227,249,7,29,7,29,FALSE,FALSE
129,2,351,350,368,351,350,368,351,350,368,-1,17,1,17,FALSE,FALSE
129,3,510,545,582,510,545,582,510,545,582,35,72,35,72,FALSE,FALSE
129,4,729,803,875,729,803,875,729,803,875,74,146,74,146,FALSE,FALSE
129,5,1042,1193,1271,1042,1193,1271,1042,1193,1271,151,229,151,229,FALSE,FALSE
129,6,1495,1651,1734,1495,1651,1734,1495,1651,1734,156,239,156,239,FALSE,FALSE
129,7,1954,2083,2270,1954,2083,2270,1954,2083,2270,129,316,129,316,FALSE,FALSE
129,8,2457,2521,2785,2457,2521,2785,2457,2521,2785,64,328,64,328,FALSE,FALSE
129,9,2900,2893,3203,2900,2893,3203,2900,2893,3203,-7,303,7,303,FALSE,FALSE
129,10,3189,3158,3408,3189,3158,3408,3189,3158,3408,-31,219,31,219,FALSE,FALSE
129,11,3343,3190,3402,3343,3190,3402,3343,3190,3402,-153,59,153,59,FALSE,FALSE
129,12,3303,3172,3297,3303,3172,3297,3303,3172,3297,-131,-6,131,6,FALSE,FALSE
129,13,3139,3056,3083,3139,3056,3083,3139,3056,3083,-83,-56,83,56,FALSE,FALSE
129,14,2895,2855,2829,2895,2855,2829,2895,2855,2829,-40,-66,40,66,FALSE,FALSE
129,15,2638,2571,2536,2638,2571,2536,2638,2571,2536,-67,-102,67,102,FALSE,FALSE
129,16,2337,2292,2230,2337,2292,2230,2337,2292,2230,-45,-107,45,107,FALSE,FALSE
129,17,2052,2014,1985,2052,2014,1985,2052,2014,1985,-38,-67,38,67,FALSE,FALSE
129,18,1780,1768,1701,1780,1768,1701,1780,1768,1701,-12,-79,12,79,FALSE,FALSE
129,19,1530,1554,1465,1530,1554,1465,1530,1554,1465,24,-65,24,65,FALSE,FALSE
129,20,1334,1347,1236,1334,1347,1236,1334,1347,1236,13,-98,13,98,FALSE,FALSE
129,21,1158,1157,1052,1158,1157,1052,1158,1157,1052,-1,-106,1,106,FALSE,FALSE
129,22,1002,986,903,1002,986,903,1002,986,903,-16,-99,16,99,FALSE,FALSE
129,23,838,835,789,838,835,789,838,835,789,-3,-49,3,49,FALSE,FALSE
129,24,725,724,663,725,724,663,725,724,663,-1,-62,1,62,FALSE,FALSE
129,25,618,629,562,618,629,562,618,629,562,11,-56,11,56,FALSE,FALSE
129,26,528,540,476,528,540,476,528,540,476,12,-52,12,52,FALSE,FALSE
129,27,456,449,410,456,449,410,456,449,410,-7,-46,7,46,FALSE,FALSE
129,28,394,386,346,394,386,346,394,386,346,-8,-48,8,48,FALSE,FALSE
129,29,336,338,300,336,338,300,336,338,300,2,-36,2,36,FALSE,FALSE
129,30,299,267,250,299,267,250,299,267,250,-32,-49,32,49,FALSE,FALSE
129,31,247,218,211,247,218,211,247,218,211,-29,-36,29,36,FALSE,FALSE
129,32,207,179,170,207,179,170,207,179,170,-28,-37,28,37,FALSE,FALSE
129,33,182,154,148,182,154,148,182,154,148,-28,-34,28,34,FALSE,FALSE
129,34,151,133,131,151,133,131,151,133,131,-18,-20,18,20,FALSE,FALSE
129,35,133,111,108,133,111,108,133,111,108,-22,-25,22,25,FALSE,FALSE
129,36,108,100,89,108,100,89,108,100,89,-8,-19,8,19,FALSE,FALSE
129,37,91,87,74,91,87,74,91,87,74,-4,-17,4,17,FALSE,FALSE
129,38,76,74,68,76,74,68,76,74,68,-2,-8,2,8,FALSE,FALSE
129,39,68,59,58,68,59,58,68,59,58,-9,-10,9,10,FALSE,FALSE
129,40,57,56,53,57,56,53,57,56,53,-1,-4,1,4,FALSE,FALSE
129,41,49,46,45,49,46,45,49,46,45,-3,-4,3,4,FALSE,FALSE
129,42,44,35,39,44,35,39,44,35,39,-9,-5,9,5,FALSE,FALSE
129,43,34,32,32,34,32,32,34,32,32,-2,-2,2,2,FALSE,FALSE
129,44,32,30,27,32,30,27,32,30,27,-2,-5,2,5,FALSE,FALSE
129,45,29,28,23,29,28,23,29,28,23,-1,-6,1,6,FALSE,FALSE
129,46,24,25,22,24,25,22,24,25,22,1,-2,1,2,FALSE,FALSE
129,47,17,21,19,17,21,19,17,21,19,4,2,4,2,FALSE,FALSE
129,48,13,19,18,13,19,18,13,19,18,6,5,6,5,FALSE,FALSE
129,49,11,17,15,11,17,15,11,17,15,6,4,6,4,FALSE,FALSE
129,50,8,15,13,8,15,13,8,15,13,7,5,7,5,FALSE,FALSE
129,51,6,14,12,6,14,12,6,14,12,8,6,8,6,FALSE,FALSE
129,52,4,12,11,4,12,11,4,12,11,8,7,8,7,FALSE,FALSE
129,53,3,12,9,3,12,9,3,12,9,9,6,9,6,FALSE,FALSE
129,54,2,10,8,2,10,8,2,10,8,8,6,8,6,FALSE,FALSE
129,55,2,8,7,2,8,7,2,8,7,6,5,6,5,FALSE,FALSE
129,56,2,7,6,2,7,6,2,7,6,5,4,5,4,FALSE,FALSE
129,57,1,6,5,1,6,5,1,6,5,5,4,5,4,FALSE,FALSE
129,58,1,5,4,1,5,4,1,5,4,4,3,4,3,FALSE,FALSE
129,59,0,4,3,0,4,3,0,4,3,4,3,4,3,FALSE,FALSE
129,60,0,4,3,0,4,3,0,4,3,4,3,4,3,FALSE,FALSE
130,0,94,94,94,94,94,94,94,94,94,0,0,0,0,TRUE,TRUE
130,1,139,138,147,139,138,147,139,138,147,-1,8,1,8,FALSE,FALSE
130,2,194,212,208,194,212,208,194,212,208,18,14,18,14,FALSE,FALSE
130,3,284,312,279,284,312,279,284,312,279,28,-5,28,5,FALSE,FALSE
130,4,395,444,392,395,444,392,395,444,392,49,-3,49,3,FALSE,FALSE
130,5,546,626,539,546,626,539,546,626,539,80,-7,80,7,FALSE,FALSE
130,6,772,870,744,772,870,744,772,870,744,98,-28,98,28,FALSE,FALSE
130,7,1054,1150,1025,1054,1150,1025,1054,1150,1025,96,-29,96,29,FALSE,FALSE
130,8,1387,1495,1348,1387,1495,1348,1387,1495,1348,108,-39,108,39,FALSE,FALSE
130,9,1776,1806,1673,1776,1806,1673,1776,1806,1673,30,-103,30,103,FALSE,FALSE
130,10,2082,2140,2001,2082,2140,2001,2082,2140,2001,58,-81,58,81,FALSE,FALSE
130,11,2348,2461,2261,2348,2461,2261,2348,2461,2261,113,-87,113,87,FALSE,FALSE
130,12,2522,2646,2426,2522,2646,2426,2522,2646,2426,124,-96,124,96,FALSE,FALSE
130,13,2578,2673,2494,2578,2673,2494,2578,2673,2494,95,-84,95,84,FALSE,FALSE
130,14,2512,2640,2475,2512,2640,2475,2512,2640,2475,128,-37,128,37,FALSE,FALSE
130,15,2432,2498,2398,2432,2498,2398,2432,2498,2398,66,-34,66,34,FALSE,FALSE
130,16,2280,2323,2285,2280,2323,2285,2280,2323,2285,43,5,43,5,FALSE,FALSE
130,17,2077,2163,2145,2077,2163,2145,2077,2163,2145,86,68,86,68,FALSE,FALSE
130,18,1894,1923,1984,1894,1923,1984,1894,1923,1984,29,90,29,90,FALSE,FALSE
130,19,1718,1726,1768,1718,1726,1768,1718,1726,1768,8,50,8,50,FALSE,FALSE
130,20,1577,1530,1598,1577,1530,1598,1577,1530,1598,-47,21,47,21,FALSE,FALSE
130,21,1394,1361,1409,1394,1361,1409,1394,1361,1409,-33,15,33,15,FALSE,FALSE
130,22,1229,1211,1241,1229,1211,1241,1229,1211,1241,-18,12,18,12,FALSE,FALSE
130,23,1101,1102,1098,1101,1102,1098,1101,1102,1098,1,-3,1,3,FALSE,FALSE
130,24,953,972,958,953,972,958,953,972,958,19,5,19,5,FALSE,FALSE
130,25,840,855,844,840,855,844,840,855,844,15,4,15,4,FALSE,FALSE
130,26,710,755,743,710,755,743,710,755,743,45,33,45,33,FALSE,FALSE
130,27,604,650,650,604,650,650,604,650,650,46,46,46,46,FALSE,FALSE
130,28,532,566,577,532,566,577,532,566,577,34,45,34,45,FALSE,FALSE
130,29,465,490,494,465,490,494,465,490,494,25,29,25,29,FALSE,FALSE
130,30,397,429,428,397,429,428,397,429,428,32,31,32,31,FALSE,FALSE
130,31,346,370,356,346,370,356,346,370,356,24,10,24,10,FALSE,FALSE
130,32,302,332,312,302,332,312,302,332,312,30,10,30,10,FALSE,FALSE
130,33,257,297,274,257,297,274,257,297,274,40,17,40,17,FALSE,FALSE
130,34,225,259,238,225,259,238,225,259,238,34,13,34,13,FALSE,FALSE
130,35,186,224,209,186,224,209,186,224,209,38,23,38,23,FALSE,FALSE
130,36,158,196,177,158,196,177,158,196,177,38,19,38,19,FALSE,FALSE
130,37,133,171,142,133,171,142,133,171,142,38,9,38,9,FALSE,FALSE
130,38,112,154,126,112,154,126,112,154,126,42,14,42,14,FALSE,FALSE
130,39,95,134,115,95,134,115,95,134,115,39,20,39,20,FALSE,FALSE
130,40,82,120,97,82,120,97,82,120,97,38,15,38,15,FALSE,FALSE
130,41,72,110,83,72,110,83,72,110,83,38,11,38,11,FALSE,FALSE
130,42,62,97,72,62,97,72,62,97,72,35,10,35,10,FALSE,FALSE
130,43,51,88,61,51,88,61,51,88,61,37,10,37,10,FALSE,FALSE
130,44,46,70,55,46,70,55,46,70,55,24,9,24,9,FALSE,FALSE
130,45,37,63,47,37,63,47,37,63,47,26,10,26,10,FALSE,FALSE
130,46,31,57,40,31,57,40,31,57,40,26,9,26,9,FALSE,FALSE
130,47,28,55,35,28,55,35,28,55,35,27,7,27,7,FALSE,FALSE
130,48,25,46,30,25,46,30,25,46,30,21,5,21,5,FALSE,FALSE
130,49,20,41,23,20,41,23,20,41,23,21,3,21,3,FALSE,FALSE
130,50,15,35,21,15,35,21,15,35,21,20,6,20,6,FALSE,FALSE
130,51,13,31,21,13,31,21,13,31,21,18,8,18,8,FALSE,FALSE
130,52,13,27,18,13,27,18,13,27,18,14,5,14,5,FALSE,FALSE
130,53,13,24,14,13,24,14,13,24,14,11,1,11,1,FALSE,FALSE
130,54,10,22,12,10,22,12,10,22,12,12,2,12,2,FALSE,FALSE
130,55,9,19,7,9,19,7,9,19,7,10,-2,10,2,FALSE,FALSE
130,56,9,17,6,9,17,6,9,17,6,8,-3,8,3,FALSE,FALSE
130,57,9,16,5,9,16,5,9,16,5,7,-4,7,4,FALSE,FALSE
130,58,7,14,4,7,14,4,7,14,4,7,-3,7,3,FALSE,FALSE
130,59,9,12,3,9,12,3,9,12,3,3,-6,3,6,FALSE,FALSE
130,60,6,12,3,6,12,3,6,12,3,6,-3,6,3,FALSE,FALSE
131,0,108,108,108,108,108,108,108,108,108,0,0,0,0,TRUE,TRUE
131,1,133,150,153,133,150,153,133,150,153,17,20,17,20,FALSE,FALSE
131,2,173,192,186,173,192,186,173,192,186,19,13,19,13,FALSE,FALSE
131,3,226,242,248,226,242,248,226,242,248,16,22,16,22,FALSE,FALSE
131,4,286,312,317,286,312,317,286,312,317,26,31,26,31,FALSE,FALSE
131,5,382,399,366,382,399,366,382,399,366,17,-16,17,16,FALSE,FALSE
131,6,469,503,452,469,503,452,469,503,452,34,-17,34,17,FALSE,FALSE
131,7,616,640,559,616,640,559,616,640,559,24,-57,24,57,FALSE,FALSE
131,8,767,749,691,767,749,691,767,749,691,-18,-76,18,76,FALSE,FALSE
131,9,916,881,846,916,881,846,916,881,846,-35,-70,35,70,FALSE,FALSE
131,10,1096,1018,975,1096,1018,975,1096,1018,975,-78,-121,78,121,FALSE,FALSE
131,11,1299,1193,1154,1299,1193,1154,1299,1193,1154,-106,-145,106,145,FALSE,FALSE
131,12,1470,1387,1324,1470,1387,1324,1470,1387,1324,-83,-146,83,146,FALSE,FALSE
131,13,1650,1522,1478,1650,1522,1478,1650,1522,1478,-128,-172,128,172,FALSE,FALSE
131,14,1807,1659,1639,1807,1659,1639,1807,1659,1639,-148,-168,148,168,FALSE,FALSE
131,15,1920,1797,1785,1920,1797,1785,1920,1797,1785,-123,-135,123,135,FALSE,FALSE
131,16,1939,1830,1814,1939,1830,1814,1939,1830,1814,-109,-125,109,125,FALSE,FALSE
131,17,1966,1925,1861,1966,1925,1861,1966,1925,1861,-41,-105,41,105,FALSE,FALSE
131,18,1930,1920,1862,1930,1920,1862,1930,1920,1862,-10,-68,10,68,FALSE,FALSE
131,19,1887,1884,1819,1887,1884,1819,1887,1884,1819,-3,-68,3,68,FALSE,FALSE
131,20,1793,1831,1753,1793,1831,1753,1793,1831,1753,38,-40,38,40,FALSE,FALSE
131,21,1710,1747,1665,1710,1747,1665,1710,1747,1665,37,-45,37,45,FALSE,FALSE
131,22,1574,1649,1566,1574,1649,1566,1574,1649,1566,75,-8,75,8,FALSE,FALSE
131,23,1408,1523,1423,1408,1523,1423,1408,1523,1423,115,15,115,15,FALSE,FALSE
131,24,1319,1397,1262,1319,1397,1262,1319,1397,1262,78,-57,78,57,FALSE,FALSE
131,25,1165,1248,1147,1165,1248,1147,1165,1248,1147,83,-18,83,18,FALSE,FALSE
131,26,1013,1121,1069,1013,1121,1069,1013,1121,1069,108,56,108,56,FALSE,FALSE
131,27,931,1013,949,931,1013,949,931,1013,949,82,18,82,18,FALSE,FALSE
131,28,826,904,843,826,904,843,826,904,843,78,17,78,17,FALSE,FALSE
131,29,709,771,750,709,771,750,709,771,750,62,41,62,41,FALSE,FALSE
131,30,636,669,641,636,669,641,636,669,641,33,5,33,5,FALSE,FALSE
131,31,539,594,564,539,594,564,539,594,564,55,25,55,25,FALSE,FALSE
131,32,471,525,489,471,525,489,471,525,489,54,18,54,18,FALSE,FALSE
131,33,414,460,434,414,460,434,414,460,434,46,20,46,20,FALSE,FALSE
131,34,354,413,387,354,413,387,354,413,387,59,33,59,33,FALSE,FALSE
131,35,312,363,321,312,363,321,312,363,321,51,9,51,9,FALSE,FALSE
131,36,262,313,274,262,313,274,262,313,274,51,12,51,12,FALSE,FALSE
131,37,222,279,233,222,279,233,222,279,233,57,11,57,11,FALSE,FALSE
131,38,190,252,212,190,252,212,190,252,212,62,22,62,22,FALSE,FALSE
131,39,158,221,189,158,221,189,158,221,189,63,31,63,31,FALSE,FALSE
131,40,141,190,167,141,190,167,141,190,167,49,26,49,26,FALSE,FALSE
131,41,121,160,147,121,160,147,121,160,147,39,26,39,26,FALSE,FALSE
131,42,99,133,128,99,133,128,99,133,128,34,29,34,29,FALSE,FALSE
131,43,83,113,104,83,113,104,83,113,104,30,21,30,21,FALSE,FALSE
131,44,71,93,91,71,93,91,71,93,91,22,20,22,20,FALSE,FALSE
131,45,62,76,84,62,76,84,62,76,84,14,22,14,22,FALSE,FALSE
131,46,45,63,81,45,63,81,45,63,81,18,36,18,36,FALSE,FALSE
131,47,39,51,63,39,51,63,39,51,63,12,24,12,24,FALSE,FALSE
131,48,32,40,53,32,40,53,32,40,53,8,21,8,21,FALSE,FALSE
131,49,28,35,53,28,35,53,28,35,53,7,25,7,25,FALSE,FALSE
131,50,27,28,44,27,28,44,27,28,44,1,17,1,17,FALSE,FALSE
131,51,23,23,40,23,23,40,23,23,40,0,17,0,17,TRUE,FALSE
131,52,18,20,33,18,20,33,18,20,33,2,15,2,15,FALSE,FALSE
131,53,16,19,30,16,19,30,16,19,30,3,14,3,14,FALSE,FALSE
131,54,14,15,28,14,15,28,14,15,28,1,14,1,14,FALSE,FALSE
131,55,15,15,28,15,15,28,15,15,28,0,13,0,13,TRUE,FALSE
131,56,13,11,23,13,11,23,13,11,23,-2,10,2,10,FALSE,FALSE
131,57,14,8,14,14,8,14,14,8,14,-6,0,6,0,FALSE,TRUE
131,58,12,5,15,12,5,15,12,5,15,-7,3,7,3,FALSE,FALSE
131,59,9,5,12,9,5,12,9,5,12,-4,3,4,3,FALSE,FALSE
131,60,8,4,12,8,4,12,8,4,12,-4,4,4,4,FALSE,FALSE
132,0,96,96,96,96,96,96,96,96,96,0,0,0,0,TRUE,TRUE
132,1,129,140,139,129,140,139,129,140,139,11,10,11,10,FALSE,FALSE
132,2,194,196,213,194,196,213,194,196,213,2,19,2,19,FALSE,FALSE
132,3,273,277,312,273,277,312,273,277,312,4,39,4,39,FALSE,FALSE
132,4,394,399,426,394,399,426,394,399,426,5,32,5,32,FALSE,FALSE
132,5,536,530,608,536,530,608,536,530,608,-6,72,6,72,FALSE,FALSE
132,6,715,706,820,715,706,820,715,706,820,-9,105,9,105,FALSE,FALSE
132,7,939,937,1083,939,937,1083,939,937,1083,-2,144,2,144,FALSE,FALSE
132,8,1219,1234,1337,1219,1234,1337,1219,1234,1337,15,118,15,118,FALSE,FALSE
132,9,1504,1517,1620,1504,1517,1620,1504,1517,1620,13,116,13,116,FALSE,FALSE
132,10,1791,1842,1847,1791,1842,1847,1791,1842,1847,51,56,51,56,FALSE,FALSE
132,11,2033,2073,2071,2033,2073,2071,2033,2073,2071,40,38,40,38,FALSE,FALSE
132,12,2207,2206,2166,2207,2206,2166,2207,2206,2166,-1,-41,1,41,FALSE,FALSE
132,13,2258,2311,2235,2258,2311,2235,2258,2311,2235,53,-23,53,23,FALSE,FALSE
132,14,2328,2323,2242,2328,2323,2242,2328,2323,2242,-5,-86,5,86,FALSE,FALSE
132,15,2272,2229,2134,2272,2229,2134,2272,2229,2134,-43,-138,43,138,FALSE,FALSE
132,16,2139,2102,2007,2139,2102,2007,2139,2102,2007,-37,-132,37,132,FALSE,FALSE
132,17,1995,1945,1858,1995,1945,1858,1995,1945,1858,-50,-137,50,137,FALSE,FALSE
132,18,1802,1759,1697,1802,1759,1697,1802,1759,1697,-43,-105,43,105,FALSE,FALSE
132,19,1624,1583,1519,1624,1583,1519,1624,1583,1519,-41,-105,41,105,FALSE,FALSE
132,20,1455,1429,1388,1455,1429,1388,1455,1429,1388,-26,-67,26,67,FALSE,FALSE
132,21,1300,1276,1232,1300,1276,1232,1300,1276,1232,-24,-68,24,68,FALSE,FALSE
132,22,1153,1137,1117,1153,1137,1117,1153,1137,1117,-16,-36,16,36,FALSE,FALSE
132,23,1019,989,988,1019,989,988,1019,989,988,-30,-31,30,31,FALSE,FALSE
132,24,883,884,895,883,884,895,883,884,895,1,12,1,12,FALSE,FALSE
132,25,774,753,795,774,753,795,774,753,795,-21,21,21,21,FALSE,FALSE
132,26,673,662,679,673,662,679,673,662,679,-11,6,11,6,FALSE,FALSE
132,27,575,582,582,575,582,582,575,582,582,7,7,7,7,FALSE,FALSE
132,28,503,495,521,503,495,521,503,495,521,-8,18,8,18,FALSE,FALSE
132,29,438,440,465,438,440,465,438,440,465,2,27,2,27,FALSE,FALSE
132,30,392,381,411,392,381,411,392,381,411,-11,19,11,19,FALSE,FALSE
132,31,349,319,352,349,319,352,349,319,352,-30,3,30,3,FALSE,FALSE
132,32,305,285,309,305,285,309,305,285,309,-20,4,20,4,FALSE,FALSE
132,33,258,248,261,258,248,261,258,248,261,-10,3,10,3,FALSE,FALSE
132,34,221,219,226,221,219,226,221,219,226,-2,5,2,5,FALSE,FALSE
132,35,192,190,201,192,190,201,192,190,201,-2,9,2,9,FALSE,FALSE
132,36,168,165,177,168,165,177,168,165,177,-3,9,3,9,FALSE,FALSE
132,37,147,145,154,147,145,154,147,145,154,-2,7,2,7,FALSE,FALSE
132,38,133,126,134,133,126,134,133,126,134,-7,1,7,1,FALSE,FALSE
132,39,113,108,118,113,108,118,113,108,118,-5,5,5,5,FALSE,FALSE
132,40,95,89,107,95,89,107,95,89,107,-6,12,6,12,FALSE,FALSE
132,41,82,82,89,82,82,89,82,82,89,0,7,0,7,TRUE,FALSE
132,42,77,72,82,77,72,82,77,72,82,-5,5,5,5,FALSE,FALSE
132,43,70,59,67,70,59,67,70,59,67,-11,-3,11,3,FALSE,FALSE
132,44,62,55,59,62,55,59,62,55,59,-7,-3,7,3,FALSE,FALSE
132,45,52,47,53,52,47,53,52,47,53,-5,1,5,1,FALSE,FALSE
132,46,43,42,44,43,42,44,43,42,44,-1,1,1,1,FALSE,FALSE
132,47,34,36,43,34,36,43,34,36,43,2,9,2,9,FALSE,FALSE
132,48,29,32,33,29,32,33,29,32,33,3,4,3,4,FALSE,FALSE
132,49,25,27,27,25,27,27,25,27,27,2,2,2,2,FALSE,FALSE
132,50,25,26,27,25,26,27,25,26,27,1,2,1,2,FALSE,FALSE
132,51,25,25,25,25,25,25,25,25,25,0,0,0,0,TRUE,TRUE
132,52,21,22,24,21,22,24,21,22,24,1,3,1,3,FALSE,FALSE
132,53,19,20,22,19,20,22,19,20,22,1,3,1,3,FALSE,FALSE
132,54,16,15,18,16,15,18,16,15,18,-1,2,1,2,FALSE,FALSE
132,55,14,14,17,14,14,17,14,14,17,0,3,0,3,TRUE,FALSE
132,56,10,11,17,10,11,17,10,11,17,1,7,1,7,FALSE,FALSE
132,57,9,9,16,9,9,16,9,9,16,0,7,0,7,TRUE,FALSE
132,58,9,9,13,9,9,13,9,9,13,0,4,0,4,TRUE,FALSE
132,59,10,8,12,10,8,12,10,8,12,-2,2,2,2,FALSE,FALSE
132,60,10,7,10,10,7,10,10,7,10,-3,0,3,0,FALSE,TRUE
133,0,120,120,120,120,120,120,120,120,120,0,0,0,0,TRUE,TRUE
133,1,188,178,156,188,178,156,188,178,156,-10,-32,10,32,FALSE,FALSE
133,2,272,254,226,272,254,226,272,254,226,-18,-46,18,46,FALSE,FALSE
133,3,384,354,322,384,354,322,384,354,322,-30,-62,30,62,FALSE,FALSE
133,4,518,512,475,518,512,475,518,512,475,-6,-43,6,43,FALSE,FALSE
133,5,733,700,695,733,700,695,733,700,695,-33,-38,33,38,FALSE,FALSE
133,6,982,961,912,982,961,912,982,961,912,-21,-70,21,70,FALSE,FALSE
133,7,1295,1296,1197,1295,1296,1197,1295,1296,1197,1,-98,1,98,FALSE,FALSE
133,8,1606,1627,1570,1606,1627,1570,1606,1627,1570,21,-36,21,36,FALSE,FALSE
133,9,1955,2001,1963,1955,2001,1963,1955,2001,1963,46,8,46,8,FALSE,FALSE
133,10,2248,2371,2336,2248,2371,2336,2248,2371,2336,123,88,123,88,FALSE,FALSE
133,11,2536,2645,2659,2536,2645,2659,2536,2645,2659,109,123,109,123,FALSE,FALSE
133,12,2744,2895,2859,2744,2895,2859,2744,2895,2859,151,115,151,115,FALSE,FALSE
133,13,2891,2979,2977,2891,2979,2977,2891,2979,2977,88,86,88,86,FALSE,FALSE
133,14,2927,2965,2990,2927,2965,2990,2927,2965,2990,38,63,38,63,FALSE,FALSE
133,15,2910,2861,2920,2910,2861,2920,2910,2861,2920,-49,10,49,10,FALSE,FALSE
133,16,2757,2707,2767,2757,2707,2767,2757,2707,2767,-50,10,50,10,FALSE,FALSE
133,17,2540,2514,2607,2540,2514,2607,2540,2514,2607,-26,67,26,67,FALSE,FALSE
133,18,2321,2290,2377,2321,2290,2377,2321,2290,2377,-31,56,31,56,FALSE,FALSE
133,19,2116,2067,2107,2116,2067,2107,2116,2067,2107,-49,-9,49,9,FALSE,FALSE
133,20,1913,1845,1875,1913,1845,1875,1913,1845,1875,-68,-38,68,38,FALSE,FALSE
133,21,1690,1655,1701,1690,1655,1701,1690,1655,1701,-35,11,35,11,FALSE,FALSE
133,22,1507,1477,1539,1507,1477,1539,1507,1477,1539,-30,32,30,32,FALSE,FALSE
133,23,1346,1315,1391,1346,1315,1391,1346,1315,1391,-31,45,31,45,FALSE,FALSE
133,24,1196,1164,1229,1196,1164,1229,1196,1164,1229,-32,33,32,33,FALSE,FALSE
133,25,1054,1026,1088,1054,1026,1088,1054,1026,1088,-28,34,28,34,FALSE,FALSE
133,26,924,901,950,924,901,950,924,901,950,-23,26,23,26,FALSE,FALSE
133,27,811,795,827,811,795,827,811,795,827,-16,16,16,16,FALSE,FALSE
133,28,725,702,736,725,702,736,725,702,736,-23,11,23,11,FALSE,FALSE
133,29,622,626,637,622,626,637,622,626,637,4,15,4,15,FALSE,FALSE
133,30,551,559,541,551,559,541,551,559,541,8,-10,8,10,FALSE,FALSE
133,31,472,479,476,472,479,476,472,479,476,7,4,7,4,FALSE,FALSE
133,32,384,409,417,384,409,417,384,409,417,25,33,25,33,FALSE,FALSE
133,33,329,355,364,329,355,364,329,355,364,26,35,26,35,FALSE,FALSE
133,34,290,314,303,290,314,303,290,314,303,24,13,24,13,FALSE,FALSE
133,35,251,271,259,251,271,259,251,271,259,20,8,20,8,FALSE,FALSE
133,36,233,235,240,233,235,240,233,235,240,2,7,2,7,FALSE,FALSE
133,37,205,200,215,205,200,215,205,200,215,-5,10,5,10,FALSE,FALSE
133,38,175,170,184,175,170,184,175,170,184,-5,9,5,9,FALSE,FALSE
133,39,153,148,159,153,148,159,153,148,159,-5,6,5,6,FALSE,FALSE
133,40,139,125,138,139,125,138,139,125,138,-14,-1,14,1,FALSE,FALSE
133,41,112,113,118,112,113,118,112,113,118,1,6,1,6,FALSE,FALSE
133,42,93,96,98,93,96,98,93,96,98,3,5,3,5,FALSE,FALSE
133,43,85,85,84,85,85,84,85,85,84,0,-1,0,1,TRUE,FALSE
133,44,73,74,69,73,74,69,73,74,69,1,-4,1,4,FALSE,FALSE
133,45,63,67,62,63,67,62,63,67,62,4,-1,4,1,FALSE,FALSE
133,46,49,59,49,49,59,49,49,59,49,10,0,10,0,FALSE,TRUE
133,47,48,56,40,48,56,40,48,56,40,8,-8,8,8,FALSE,FALSE
133,48,44,47,37,44,47,37,44,47,37,3,-7,3,7,FALSE,FALSE
133,49,36,42,31,36,42,31,36,42,31,6,-5,6,5,FALSE,FALSE
133,50,30,34,27,30,34,27,30,34,27,4,-3,4,3,FALSE,FALSE
133,51,24,25,21,24,25,21,24,25,21,1,-3,1,3,FALSE,FALSE
133,52,19,19,19,19,19,19,19,19,19,0,0,0,0,TRUE,TRUE
133,53,15,17,14,15,17,14,15,17,14,2,-1,2,1,FALSE,FALSE
133,54,12,14,11,12,14,11,12,14,11,2,-1,2,1,FALSE,FALSE
133,55,11,12,10,11,12,10,11,12,10,1,-1,1,1,FALSE,FALSE
133,56,9,10,10,9,10,10,9,10,10,1,1,1,1,FALSE,FALSE
133,57,5,9,9,5,9,9,5,9,9,4,4,4,4,FALSE,FALSE
133,58,4,9,9,4,9,9,4,9,9,5,5,5,5,FALSE,FALSE
133,59,3,8,7,3,8,7,3,8,7,5,4,5,4,FALSE,FALSE
133,60,3,6,5,3,6,5,3,6,5,3,2,3,2,FALSE,FALSE
134,0,76,76,76,76,76,76,76,76,76,0,0,0,0,TRUE,TRUE
134,1,122,109,133,122,109,133,122,109,133,-13,11,13,11,FALSE,FALSE
134,2,188,164,209,188,164,209,188,164,209,-24,21,24,21,FALSE,FALSE
134,3,304,243,309,304,243,309,304,243,309,-61,5,61,5,FALSE,FALSE
134,4,442,366,436,442,366,436,442,366,436,-76,-6,76,6,FALSE,FALSE
134,5,649,540,631,649,540,631,649,540,631,-109,-18,109,18,FALSE,FALSE
134,6,905,740,921,905,740,921,905,740,921,-165,16,165,16,FALSE,FALSE
134,7,1256,1035,1275,1256,1035,1275,1256,1035,1275,-221,19,221,19,FALSE,FALSE
134,8,1698,1390,1718,1698,1390,1718,1698,1390,1718,-308,20,308,20,FALSE,FALSE
134,9,2140,1790,2147,2140,1790,2147,2140,1790,2147,-350,7,350,7,FALSE,FALSE
134,10,2554,2195,2530,2554,2195,2530,2554,2195,2530,-359,-24,359,24,FALSE,FALSE
134,11,2839,2538,2894,2839,2538,2894,2839,2538,2894,-301,55,301,55,FALSE,FALSE
134,12,3008,2822,3093,3008,2822,3093,3008,2822,3093,-186,85,186,85,FALSE,FALSE
134,13,3053,2993,3078,3053,2993,3078,3053,2993,3078,-60,25,60,25,FALSE,FALSE
134,14,2929,3023,3054,2929,3023,3054,2929,3023,3054,94,125,94,125,FALSE,FALSE
134,15,2733,2950,2863,2733,2950,2863,2733,2950,2863,217,130,217,130,FALSE,FALSE
134,16,2512,2798,2653,2512,2798,2653,2512,2798,2653,286,141,286,141,FALSE,FALSE
134,17,2244,2616,2381,2244,2616,2381,2244,2616,2381,372,137,372,137,FALSE,FALSE
134,18,2028,2351,2123,2028,2351,2123,2028,2351,2123,323,95,323,95,FALSE,FALSE
134,19,1800,2053,1880,1800,2053,1880,1800,2053,1880,253,80,253,80,FALSE,FALSE
134,20,1545,1829,1651,1545,1829,1651,1545,1829,1651,284,106,284,106,FALSE,FALSE
134,21,1307,1609,1411,1307,1609,1411,1307,1609,1411,302,104,302,104,FALSE,FALSE
134,22,1107,1405,1195,1107,1405,1195,1107,1405,1195,298,88,298,88,FALSE,FALSE
134,23,978,1210,1028,978,1210,1028,978,1210,1028,232,50,232,50,FALSE,FALSE
134,24,856,1048,900,856,1048,900,856,1048,900,192,44,192,44,FALSE,FALSE
134,25,730,905,778,730,905,778,730,905,778,175,48,175,48,FALSE,FALSE
134,26,640,795,676,640,795,676,640,795,676,155,36,155,36,FALSE,FALSE
134,27,555,670,595,555,670,595,555,670,595,115,40,115,40,FALSE,FALSE
134,28,475,570,515,475,570,515,475,570,515,95,40,95,40,FALSE,FALSE
134,29,393,494,435,393,494,435,393,494,435,101,42,101,42,FALSE,FALSE
134,30,329,429,378,329,429,378,329,429,378,100,49,100,49,FALSE,FALSE
134,31,275,375,308,275,375,308,275,375,308,100,33,100,33,FALSE,FALSE
134,32,237,320,266,237,320,266,237,320,266,83,29,83,29,FALSE,FALSE
134,33,202,271,216,202,271,216,202,271,216,69,14,69,14,FALSE,FALSE
134,34,164,231,181,164,231,181,164,231,181,67,17,67,17,FALSE,FALSE
134,35,133,185,157,133,185,157,133,185,157,52,24,52,24,FALSE,FALSE
134,36,117,150,132,117,150,132,117,150,132,33,15,33,15,FALSE,FALSE
134,37,96,135,116,96,135,116,96,135,116,39,20,39,20,FALSE,FALSE
134,38,83,106,103,83,106,103,83,106,103,23,20,23,20,FALSE,FALSE
134,39,75,90,89,75,90,89,75,90,89,15,14,15,14,FALSE,FALSE
134,40,63,75,78,63,75,78,63,75,78,12,15,12,15,FALSE,FALSE
134,41,60,61,66,60,61,66,60,61,66,1,6,1,6,FALSE,FALSE
134,42,52,53,52,52,53,52,52,53,52,1,0,1,0,FALSE,TRUE
134,43,45,42,39,45,42,39,45,42,39,-3,-6,3,6,FALSE,FALSE
134,44,40,39,30,40,39,30,40,39,30,-1,-10,1,10,FALSE,FALSE
134,45,28,36,26,28,36,26,28,36,26,8,-2,8,2,FALSE,FALSE
134,46,25,33,20,25,33,20,25,33,20,8,-5,8,5,FALSE,FALSE
134,47,23,26,17,23,26,17,23,26,17,3,-6,3,6,FALSE,FALSE
134,48,22,23,17,22,23,17,22,23,17,1,-5,1,5,FALSE,FALSE
134,49,19,19,11,19,19,11,19,19,11,0,-8,0,8,TRUE,FALSE
134,50,16,15,9,16,15,9,16,15,9,-1,-7,1,7,FALSE,FALSE
134,51,8,16,8,8,16,8,8,16,8,8,0,8,0,FALSE,TRUE
134,52,6,15,8,6,15,8,6,15,8,9,2,9,2,FALSE,FALSE
134,53,5,14,7,5,14,7,5,14,7,9,2,9,2,FALSE,FALSE
134,54,4,12,6,4,12,6,4,12,6,8,2,8,2,FALSE,FALSE
134,55,4,11,5,4,11,5,4,11,5,7,1,7,1,FALSE,FALSE
134,56,2,9,5,2,9,5,2,9,5,7,3,7,3,FALSE,FALSE
134,57,2,9,4,2,9,4,2,9,4,7,2,7,2,FALSE,FALSE
134,58,2,8,5,2,8,5,2,8,5,6,3,6,3,FALSE,FALSE
134,59,2,7,4,2,7,4,2,7,4,5,2,5,2,FALSE,FALSE
134,60,2,6,3,2,6,3,2,6,3,4,1,4,1,FALSE,FALSE
135,0,93,93,93,93,93,93,93,93,93,0,0,0,0,TRUE,TRUE
135,1,132,106,99,132,106,99,132,106,99,-26,-33,26,33,FALSE,FALSE
135,2,164,133,125,164,133,125,164,133,125,-31,-39,31,39,FALSE,FALSE
135,3,198,159,140,198,159,140,198,159,140,-39,-58,39,58,FALSE,FALSE
135,4,229,186,158,229,186,158,229,186,158,-43,-71,43,71,FALSE,FALSE
135,5,265,204,195,265,204,195,265,204,195,-61,-70,61,70,FALSE,FALSE
135,6,321,253,227,321,253,227,321,253,227,-68,-94,68,94,FALSE,FALSE
135,7,389,301,254,389,301,254,389,301,254,-88,-135,88,135,FALSE,FALSE
135,8,449,361,276,449,361,276,449,361,276,-88,-173,88,173,FALSE,FALSE
135,9,512,430,302,512,430,302,512,430,302,-82,-210,82,210,FALSE,FALSE
135,10,594,488,358,594,488,358,594,488,358,-106,-236,106,236,FALSE,FALSE
135,11,658,553,409,658,553,409,658,553,409,-105,-249,105,249,FALSE,FALSE
135,12,744,638,454,744,638,454,744,638,454,-106,-290,106,290,FALSE,FALSE
135,13,836,727,516,836,727,516,836,727,516,-109,-320,109,320,FALSE,FALSE
135,14,916,771,547,916,771,547,916,771,547,-145,-369,145,369,FALSE,FALSE
135,15,972,859,586,972,859,586,972,859,586,-113,-386,113,386,FALSE,FALSE
135,16,1009,917,651,1009,917,651,1009,917,651,-92,-358,92,358,FALSE,FALSE
135,17,1064,992,707,1064,992,707,1064,992,707,-72,-357,72,357,FALSE,FALSE
135,18,1101,1019,748,1101,1019,748,1101,1019,748,-82,-353,82,353,FALSE,FALSE
135,19,1110,1042,814,1110,1042,814,1110,1042,814,-68,-296,68,296,FALSE,FALSE
135,20,1125,1072,868,1125,1072,868,1125,1072,868,-53,-257,53,257,FALSE,FALSE
135,21,1157,1080,887,1157,1080,887,1157,1080,887,-77,-270,77,270,FALSE,FALSE
135,22,1132,1056,948,1132,1056,948,1132,1056,948,-76,-184,76,184,FALSE,FALSE
135,23,1087,1035,982,1087,1035,982,1087,1035,982,-52,-105,52,105,FALSE,FALSE
135,24,1027,1026,985,1027,1026,985,1027,1026,985,-1,-42,1,42,FALSE,FALSE
135,25,1005,972,970,1005,972,970,1005,972,970,-33,-35,33,35,FALSE,FALSE
135,26,973,924,966,973,924,966,973,924,966,-49,-7,49,7,FALSE,FALSE
135,27,918,890,951,918,890,951,918,890,951,-28,33,28,33,FALSE,FALSE
135,28,852,843,948,852,843,948,852,843,948,-9,96,9,96,FALSE,FALSE
135,29,788,806,904,788,806,904,788,806,904,18,116,18,116,FALSE,FALSE
135,30,721,759,849,721,759,849,721,759,849,38,128,38,128,FALSE,FALSE
135,31,645,723,780,645,723,780,645,723,780,78,135,78,135,FALSE,FALSE
135,32,582,682,716,582,682,716,582,682,716,100,134,100,134,FALSE,FALSE
135,33,527,628,670,527,628,670,527,628,670,101,143,101,143,FALSE,FALSE
135,34,461,588,636,461,588,636,461,588,636,127,175,127,175,FALSE,FALSE
135,35,403,553,592,403,553,592,403,553,592,150,189,150,189,FALSE,FALSE
135,36,385,497,546,385,497,546,385,497,546,112,161,112,161,FALSE,FALSE
135,37,345,431,507,345,431,507,345,431,507,86,162,86,162,FALSE,FALSE
135,38,314,391,484,314,391,484,314,391,484,77,170,77,170,FALSE,FALSE
135,39,276,356,442,276,356,442,276,356,442,80,166,80,166,FALSE,FALSE
135,40,242,324,398,242,324,398,242,324,398,82,156,82,156,FALSE,FALSE
135,41,223,298,374,223,298,374,223,298,374,75,151,75,151,FALSE,FALSE
135,42,186,269,331,186,269,331,186,269,331,83,145,83,145,FALSE,FALSE
135,43,165,254,306,165,254,306,165,254,306,89,141,89,141,FALSE,FALSE
135,44,140,216,280,140,216,280,140,216,280,76,140,76,140,FALSE,FALSE
135,45,116,205,255,116,205,255,116,205,255,89,139,89,139,FALSE,FALSE
135,46,116,179,220,116,179,220,116,179,220,63,104,63,104,FALSE,FALSE
135,47,105,160,202,105,160,202,105,160,202,55,97,55,97,FALSE,FALSE
135,48,96,146,181,96,146,181,96,146,181,50,85,50,85,FALSE,FALSE
135,49,83,133,168,83,133,168,83,133,168,50,85,50,85,FALSE,FALSE
135,50,74,119,150,74,119,150,74,119,150,45,76,45,76,FALSE,FALSE
135,51,62,102,140,62,102,140,62,102,140,40,78,40,78,FALSE,FALSE
135,52,55,95,129,55,95,129,55,95,129,40,74,40,74,FALSE,FALSE
135,53,48,92,114,48,92,114,48,92,114,44,66,44,66,FALSE,FALSE
135,54,41,82,107,41,82,107,41,82,107,41,66,41,66,FALSE,FALSE
135,55,36,75,90,36,75,90,36,75,90,39,54,39,54,FALSE,FALSE
135,56,33,66,76,33,66,76,33,66,76,33,43,33,43,FALSE,FALSE
135,57,32,57,74,32,57,74,32,57,74,25,42,25,42,FALSE,FALSE
135,58,26,51,66,26,51,66,26,51,66,25,40,25,40,FALSE,FALSE
135,59,24,47,61,24,47,61,24,47,61,23,37,23,37,FALSE,FALSE
135,60,20,44,52,20,44,52,20,44,52,24,32,24,32,FALSE,FALSE
136,0,114,114,114,114,114,114,114,114,114,0,0,0,0,TRUE,TRUE
136,1,117,126,137,117,126,137,117,126,137,9,20,9,20,FALSE,FALSE
136,2,122,142,157,122,142,157,122,142,157,20,35,20,35,FALSE,FALSE
136,3,143,169,166,143,169,166,143,169,166,26,23,26,23,FALSE,FALSE
136,4,156,188,197,156,188,197,156,188,197,32,41,32,41,FALSE,FALSE
136,5,175,202,219,175,202,219,175,202,219,27,44,27,44,FALSE,FALSE
136,6,179,218,223,179,218,223,179,218,223,39,44,39,44,FALSE,FALSE
136,7,197,245,229,197,245,229,197,245,229,48,32,48,32,FALSE,FALSE
136,8,228,285,266,228,285,266,228,285,266,57,38,57,38,FALSE,FALSE
136,9,240,314,297,240,314,297,240,314,297,74,57,74,57,FALSE,FALSE
136,10,253,357,313,253,357,313,253,357,313,104,60,104,60,FALSE,FALSE
136,11,278,402,325,278,402,325,278,402,325,124,47,124,47,FALSE,FALSE
136,12,300,432,336,300,432,336,300,432,336,132,36,132,36,FALSE,FALSE
136,13,299,443,355,299,443,355,299,443,355,144,56,144,56,FALSE,FALSE
136,14,301,449,366,301,449,366,301,449,366,148,65,148,65,FALSE,FALSE
136,15,327,464,356,327,464,356,327,464,356,137,29,137,29,FALSE,FALSE
136,16,345,507,376,345,507,376,345,507,376,162,31,162,31,FALSE,FALSE
136,17,345,521,395,345,521,395,345,521,395,176,50,176,50,FALSE,FALSE
136,18,361,515,394,361,515,394,361,515,394,154,33,154,33,FALSE,FALSE
136,19,391,523,407,391,523,407,391,523,407,132,16,132,16,FALSE,FALSE
136,20,398,502,435,398,502,435,398,502,435,104,37,104,37,FALSE,FALSE
136,21,389,480,436,389,480,436,389,480,436,91,47,91,47,FALSE,FALSE
136,22,398,501,433,398,501,433,398,501,433,103,35,103,35,FALSE,FALSE
136,23,407,469,435,407,469,435,407,469,435,62,28,62,28,FALSE,FALSE
136,24,411,464,443,411,464,443,411,464,443,53,32,53,32,FALSE,FALSE
136,25,396,445,440,396,445,440,396,445,440,49,44,49,44,FALSE,FALSE
136,26,381,422,427,381,422,427,381,422,427,41,46,41,46,FALSE,FALSE
136,27,375,398,416,375,398,416,375,398,416,23,41,23,41,FALSE,FALSE
136,28,375,382,395,375,382,395,375,382,395,7,20,7,20,FALSE,FALSE
136,29,358,368,369,358,368,369,358,368,369,10,11,10,11,FALSE,FALSE
136,30,348,334,347,348,334,347,348,334,347,-14,-1,14,1,FALSE,FALSE
136,31,334,328,348,334,328,348,334,328,348,-6,14,6,14,FALSE,FALSE
136,32,333,293,319,333,293,319,333,293,319,-40,-14,40,14,FALSE,FALSE
136,33,308,267,300,308,267,300,308,267,300,-41,-8,41,8,FALSE,FALSE
136,34,289,241,273,289,241,273,289,241,273,-48,-16,48,16,FALSE,FALSE
136,35,269,216,263,269,216,263,269,216,263,-53,-6,53,6,FALSE,FALSE
136,36,255,189,250,255,189,250,255,189,250,-66,-5,66,5,FALSE,FALSE
136,37,243,160,234,243,160,234,243,160,234,-83,-9,83,9,FALSE,FALSE
136,38,232,155,223,232,155,223,232,155,223,-77,-9,77,9,FALSE,FALSE
136,39,228,136,217,228,136,217,228,136,217,-92,-11,92,11,FALSE,FALSE
136,40,212,109,198,212,109,198,212,109,198,-103,-14,103,14,FALSE,FALSE
136,41,190,93,193,190,93,193,190,93,193,-97,3,97,3,FALSE,FALSE
136,42,167,72,180,167,72,180,167,72,180,-95,13,95,13,FALSE,FALSE
136,43,150,68,163,150,68,163,150,68,163,-82,13,82,13,FALSE,FALSE
136,44,136,63,161,136,63,161,136,63,161,-73,25,73,25,FALSE,FALSE
136,45,122,57,136,122,57,136,122,57,136,-65,14,65,14,FALSE,FALSE
136,46,109,51,123,109,51,123,109,51,123,-58,14,58,14,FALSE,FALSE
136,47,100,47,108,100,47,108,100,47,108,-53,8,53,8,FALSE,FALSE
136,48,98,44,104,98,44,104,98,44,104,-54,6,54,6,FALSE,FALSE
136,49,85,46,89,85,46,89,85,46,89,-39,4,39,4,FALSE,FALSE
136,50,70,41,79,70,41,79,70,41,79,-29,9,29,9,FALSE,FALSE
136,51,70,35,80,70,35,80,70,35,80,-35,10,35,10,FALSE,FALSE
136,52,63,31,71,63,31,71,63,31,71,-32,8,32,8,FALSE,FALSE
136,53,61,23,67,61,23,67,61,23,67,-38,6,38,6,FALSE,FALSE
136,54,53,18,57,53,18,57,53,18,57,-35,4,35,4,FALSE,FALSE
136,55,47,16,47,47,16,47,47,16,47,-31,0,31,0,FALSE,TRUE
136,56,45,13,42,45,13,42,45,13,42,-32,-3,32,3,FALSE,FALSE
136,57,38,12,35,38,12,35,38,12,35,-26,-3,26,3,FALSE,FALSE
136,58,32,11,30,32,11,30,32,11,30,-21,-2,21,2,FALSE,FALSE
136,59,34,12,27,34,12,27,34,12,27,-22,-7,22,7,FALSE,FALSE
136,60,30,16,26,30,16,26,30,16,26,-14,-4,14,4,FALSE,FALSE
137,0,41,41,41,41,41,41,41,41,41,0,0,0,0,TRUE,TRUE
137,1,44,52,49,44,52,49,44,52,49,8,5,8,5,FALSE,FALSE
137,2,52,57,52,52,57,52,52,57,52,5,0,5,0,FALSE,TRUE
137,3,62,59,60,62,59,60,62,59,60,-3,-2,3,2,FALSE,FALSE
137,4,77,70,71,77,70,71,77,70,71,-7,-6,7,6,FALSE,FALSE
137,5,89,79,81,89,79,81,89,79,81,-10,-8,10,8,FALSE,FALSE
137,6,98,87,86,98,87,86,98,87,86,-11,-12,11,12,FALSE,FALSE
137,7,107,87,97,107,87,97,107,87,97,-20,-10,20,10,FALSE,FALSE
137,8,124,89,98,124,89,98,124,89,98,-35,-26,35,26,FALSE,FALSE
137,9,123,97,107,123,97,107,123,97,107,-26,-16,26,16,FALSE,FALSE
137,10,135,102,120,135,102,120,135,102,120,-33,-15,33,15,FALSE,FALSE
137,11,154,114,126,154,114,126,154,114,126,-40,-28,40,28,FALSE,FALSE
137,12,165,125,135,165,125,135,165,125,135,-40,-30,40,30,FALSE,FALSE
137,13,175,129,152,175,129,152,175,129,152,-46,-23,46,23,FALSE,FALSE
137,14,193,160,172,193,160,172,193,160,172,-33,-21,33,21,FALSE,FALSE
137,15,208,169,196,208,169,196,208,169,196,-39,-12,39,12,FALSE,FALSE
137,16,228,186,222,228,186,222,228,186,222,-42,-6,42,6,FALSE,FALSE
137,17,256,184,259,256,184,259,256,184,259,-72,3,72,3,FALSE,FALSE
137,18,278,202,273,278,202,273,278,202,273,-76,-5,76,5,FALSE,FALSE
137,19,302,216,311,302,216,311,302,216,311,-86,9,86,9,FALSE,FALSE
137,20,333,232,350,333,232,350,333,232,350,-101,17,101,17,FALSE,FALSE
137,21,382,260,375,382,260,375,382,260,375,-122,-7,122,7,FALSE,FALSE
137,22,411,292,397,411,292,397,411,292,397,-119,-14,119,14,FALSE,FALSE
137,23,446,320,458,446,320,458,446,320,458,-126,12,126,12,FALSE,FALSE
137,24,500,365,488,500,365,488,500,365,488,-135,-12,135,12,FALSE,FALSE
137,25,530,388,538,530,388,538,530,388,538,-142,8,142,8,FALSE,FALSE
137,26,578,431,567,578,431,567,578,431,567,-147,-11,147,11,FALSE,FALSE
137,27,621,474,601,621,474,601,621,474,601,-147,-20,147,20,FALSE,FALSE
137,28,678,521,636,678,521,636,678,521,636,-157,-42,157,42,FALSE,FALSE
137,29,741,567,710,741,567,710,741,567,710,-174,-31,174,31,FALSE,FALSE
137,30,799,611,778,799,611,778,799,611,778,-188,-21,188,21,FALSE,FALSE
137,31,855,660,832,855,660,832,855,660,832,-195,-23,195,23,FALSE,FALSE
137,32,930,686,865,930,686,865,930,686,865,-244,-65,244,65,FALSE,FALSE
137,33,997,749,905,997,749,905,997,749,905,-248,-92,248,92,FALSE,FALSE
137,34,1050,827,940,1050,827,940,1050,827,940,-223,-110,223,110,FALSE,FALSE
137,35,1097,876,983,1097,876,983,1097,876,983,-221,-114,221,114,FALSE,FALSE
137,36,1171,964,1030,1171,964,1030,1171,964,1030,-207,-141,207,141,FALSE,FALSE
137,37,1224,1040,1089,1224,1040,1089,1224,1040,1089,-184,-135,184,135,FALSE,FALSE
137,38,1246,1091,1111,1246,1091,1111,1246,1091,1111,-155,-135,155,135,FALSE,FALSE
137,39,1291,1138,1147,1291,1138,1147,1291,1138,1147,-153,-144,153,144,FALSE,FALSE
137,40,1325,1190,1217,1325,1190,1217,1325,1190,1217,-135,-108,135,108,FALSE,FALSE
137,41,1373,1230,1269,1373,1230,1269,1373,1230,1269,-143,-104,143,104,FALSE,FALSE
137,42,1387,1279,1305,1387,1279,1305,1387,1279,1305,-108,-82,108,82,FALSE,FALSE
137,43,1398,1291,1331,1398,1291,1331,1398,1291,1331,-107,-67,107,67,FALSE,FALSE
137,44,1404,1335,1378,1404,1335,1378,1404,1335,1378,-69,-26,69,26,FALSE,FALSE
137,45,1428,1377,1398,1428,1377,1398,1428,1377,1398,-51,-30,51,30,FALSE,FALSE
137,46,1425,1400,1411,1425,1400,1411,1425,1400,1411,-25,-14,25,14,FALSE,FALSE
137,47,1440,1439,1440,1440,1439,1440,1440,1439,1440,-1,0,1,0,FALSE,TRUE
137,48,1438,1465,1459,1438,1465,1459,1438,1465,1459,27,21,27,21,FALSE,FALSE
137,49,1430,1459,1472,1430,1459,1472,1430,1459,1472,29,42,29,42,FALSE,FALSE
137,50,1433,1449,1484,1433,1449,1484,1433,1449,1484,16,51,16,51,FALSE,FALSE
137,51,1422,1481,1462,1422,1481,1462,1422,1481,1462,59,40,59,40,FALSE,FALSE
137,52,1399,1480,1465,1399,1480,1465,1399,1480,1465,81,66,81,66,FALSE,FALSE
137,53,1403,1474,1429,1403,1474,1429,1403,1474,1429,71,26,71,26,FALSE,FALSE
137,54,1374,1466,1406,1374,1466,1406,1374,1466,1406,92,32,92,32,FALSE,FALSE
137,55,1348,1447,1381,1348,1447,1381,1348,1447,1381,99,33,99,33,FALSE,FALSE
137,56,1316,1432,1359,1316,1432,1359,1316,1432,1359,116,43,116,43,FALSE,FALSE
137,57,1293,1396,1338,1293,1396,1338,1293,1396,1338,103,45,103,45,FALSE,FALSE
137,58,1260,1375,1298,1260,1375,1298,1260,1375,1298,115,38,115,38,FALSE,FALSE
137,59,1236,1351,1250,1236,1351,1250,1236,1351,1250,115,14,115,14,FALSE,FALSE
137,60,1179,1319,1208,1179,1319,1208,1179,1319,1208,140,29,140,29,FALSE,FALSE
138,0,55,55,55,55,55,55,55,55,55,0,0,0,0,TRUE,TRUE
138,1,78,83,71,78,83,71,78,83,71,5,-7,5,7,FALSE,FALSE
138,2,120,131,113,120,131,113,120,131,113,11,-7,11,7,FALSE,FALSE
138,3,188,196,182,188,196,182,188,196,182,8,-6,8,6,FALSE,FALSE
138,4,282,297,261,282,297,261,282,297,261,15,-21,15,21,FALSE,FALSE
138,5,393,441,394,393,441,394,393,441,394,48,1,48,1,FALSE,FALSE
138,6,534,575,574,534,575,574,534,575,574,41,40,41,40,FALSE,FALSE
138,7,759,760,858,759,760,858,759,760,858,1,99,1,99,FALSE,FALSE
138,8,999,1016,1116,999,1016,1116,999,1016,1116,17,117,17,117,FALSE,FALSE
138,9,1263,1270,1361,1263,1270,1361,1263,1270,1361,7,98,7,98,FALSE,FALSE
138,10,1516,1532,1586,1516,1532,1586,1516,1532,1586,16,70,16,70,FALSE,FALSE
138,11,1713,1740,1757,1713,1740,1757,1713,1740,1757,27,44,27,44,FALSE,FALSE
138,12,1848,1828,1868,1848,1828,1868,1848,1828,1868,-20,20,20,20,FALSE,FALSE
138,13,1866,1794,1816,1866,1794,1816,1866,1794,1816,-72,-50,72,50,FALSE,FALSE
138,14,1810,1754,1760,1810,1754,1760,1810,1754,1760,-56,-50,56,50,FALSE,FALSE
138,15,1679,1642,1595,1679,1642,1595,1679,1642,1595,-37,-84,37,84,FALSE,FALSE
138,16,1513,1492,1404,1513,1492,1404,1513,1492,1404,-21,-109,21,109,FALSE,FALSE
138,17,1322,1295,1212,1322,1295,1212,1322,1295,1212,-27,-110,27,110,FALSE,FALSE
138,18,1116,1122,1038,1116,1122,1038,1116,1122,1038,6,-78,6,78,FALSE,FALSE
138,19,950,985,885,950,985,885,950,985,885,35,-65,35,65,FALSE,FALSE
138,20,788,848,746,788,848,746,788,848,746,60,-42,60,42,FALSE,FALSE
138,21,677,722,662,677,722,662,677,722,662,45,-15,45,15,FALSE,FALSE
138,22,548,623,576,548,623,576,548,623,576,75,28,75,28,FALSE,FALSE
138,23,443,539,468,443,539,468,443,539,468,96,25,96,25,FALSE,FALSE
138,24,364,450,385,364,450,385,364,450,385,86,21,86,21,FALSE,FALSE
138,25,289,356,313,289,356,313,289,356,313,67,24,67,24,FALSE,FALSE
138,26,227,298,239,227,298,239,227,298,239,71,12,71,12,FALSE,FALSE
138,27,191,255,194,191,255,194,191,255,194,64,3,64,3,FALSE,FALSE
138,28,158,210,161,158,210,161,158,210,161,52,3,52,3,FALSE,FALSE
138,29,123,177,122,123,177,122,123,177,122,54,-1,54,1,FALSE,FALSE
138,30,111,144,110,111,144,110,111,144,110,33,-1,33,1,FALSE,FALSE
138,31,93,119,92,93,119,92,93,119,92,26,-1,26,1,FALSE,FALSE
138,32,81,92,83,81,92,83,81,92,83,11,2,11,2,FALSE,FALSE
138,33,69,73,71,69,73,71,69,73,71,4,2,4,2,FALSE,FALSE
138,34,54,53,63,54,53,63,54,53,63,-1,9,1,9,FALSE,FALSE
138,35,43,40,56,43,40,56,43,40,56,-3,13,3,13,FALSE,FALSE
138,36,32,35,49,32,35,49,32,35,49,3,17,3,17,FALSE,FALSE
138,37,26,28,38,26,28,38,26,28,38,2,12,2,12,FALSE,FALSE
138,38,21,20,32,21,20,32,21,20,32,-1,11,1,11,FALSE,FALSE
138,39,16,17,27,16,17,27,16,17,27,1,11,1,11,FALSE,FALSE
138,40,11,13,19,11,13,19,11,13,19,2,8,2,8,FALSE,FALSE
138,41,10,10,14,10,10,14,10,10,14,0,4,0,4,TRUE,FALSE
138,42,8,5,15,8,5,15,8,5,15,-3,7,3,7,FALSE,FALSE
138,43,7,4,11,7,4,11,7,4,11,-3,4,3,4,FALSE,FALSE
138,44,5,3,11,5,3,11,5,3,11,-2,6,2,6,FALSE,FALSE
138,45,4,3,9,4,3,9,4,3,9,-1,5,1,5,FALSE,FALSE
138,46,2,3,6,2,3,6,2,3,6,1,4,1,4,FALSE,FALSE
138,47,2,3,5,2,3,5,2,3,5,1,3,1,3,FALSE,FALSE
138,48,2,3,5,2,3,5,2,3,5,1,3,1,3,FALSE,FALSE
138,49,2,2,2,2,2,2,2,2,2,0,0,0,0,TRUE,TRUE
138,50,2,2,2,2,2,2,2,2,2,0,0,0,0,TRUE,TRUE
138,51,1,1,1,1,1,1,1,1,1,0,0,0,0,TRUE,TRUE
138,52,1,1,1,1,1,1,1,1,1,0,0,0,0,TRUE,TRUE
138,53,1,1,0,1,1,0,1,1,0,0,-1,0,1,TRUE,FALSE
138,54,2,0,0,2,0,0,2,0,0,-2,-2,2,2,FALSE,FALSE
138,55,2,0,0,2,0,0,2,0,0,-2,-2,2,2,FALSE,FALSE
138,56,1,0,0,1,0,0,1,0,0,-1,-1,1,1,FALSE,FALSE
138,57,1,0,0,1,0,0,1,0,0,-1,-1,1,1,FALSE,FALSE
138,58,1,0,0,1,0,0,1,0,0,-1,-1,1,1,FALSE,FALSE
138,59,1,0,0,1,0,0,1,0,0,-1,-1,1,1,FALSE,FALSE
138,60,1,0,0,1,0,0,1,0,0,-1,-1,1,1,FALSE,FALSE
139,0,178,178,178,178,178,178,178,178,178,0,0,0,0,TRUE,TRUE
139,1,205,227,201,205,227,201,205,227,201,22,-4,22,4,FALSE,FALSE
139,2,239,274,255,239,274,255,239,274,255,35,16,35,16,FALSE,FALSE
139,3,304,346,301,304,346,301,304,346,301,42,-3,42,3,FALSE,FALSE
139,4,356,441,366,356,441,366,356,441,366,85,10,85,10,FALSE,FALSE
139,5,430,572,440,430,572,440,430,572,440,142,10,142,10,FALSE,FALSE
139,6,509,708,517,509,708,517,509,708,517,199,8,199,8,FALSE,FALSE
139,7,605,854,595,605,854,595,605,854,595,249,-10,249,10,FALSE,FALSE
139,8,691,1019,705,691,1019,705,691,1019,705,328,14,328,14,FALSE,FALSE
139,9,782,1154,771,782,1154,771,782,1154,771,372,-11,372,11,FALSE,FALSE
139,10,885,1312,853,885,1312,853,885,1312,853,427,-32,427,32,FALSE,FALSE
139,11,1007,1420,928,1007,1420,928,1007,1420,928,413,-79,413,79,FALSE,FALSE
139,12,1081,1537,1018,1081,1537,1018,1081,1537,1018,456,-63,456,63,FALSE,FALSE
139,13,1151,1561,1118,1151,1561,1118,1151,1561,1118,410,-33,410,33,FALSE,FALSE
139,14,1253,1604,1196,1253,1604,1196,1253,1604,1196,351,-57,351,57,FALSE,FALSE
139,15,1340,1585,1267,1340,1585,1267,1340,1585,1267,245,-73,245,73,FALSE,FALSE
139,16,1385,1565,1333,1385,1565,1333,1385,1565,1333,180,-52,180,52,FALSE,FALSE
139,17,1363,1495,1387,1363,1495,1387,1363,1495,1387,132,24,132,24,FALSE,FALSE
139,18,1341,1435,1369,1341,1435,1369,1341,1435,1369,94,28,94,28,FALSE,FALSE
139,19,1304,1338,1371,1304,1338,1371,1304,1338,1371,34,67,34,67,FALSE,FALSE
139,20,1246,1266,1338,1246,1266,1338,1246,1266,1338,20,92,20,92,FALSE,FALSE
139,21,1202,1151,1263,1202,1151,1263,1202,1151,1263,-51,61,51,61,FALSE,FALSE
139,22,1125,1048,1178,1125,1048,1178,1125,1048,1178,-77,53,77,53,FALSE,FALSE
139,23,1064,934,1094,1064,934,1094,1064,934,1094,-130,30,130,30,FALSE,FALSE
139,24,971,858,1002,971,858,1002,971,858,1002,-113,31,113,31,FALSE,FALSE
139,25,893,782,901,893,782,901,893,782,901,-111,8,111,8,FALSE,FALSE
139,26,833,702,798,833,702,798,833,702,798,-131,-35,131,35,FALSE,FALSE
139,27,732,615,733,732,615,733,732,615,733,-117,1,117,1,FALSE,FALSE
139,28,653,502,656,653,502,656,653,502,656,-151,3,151,3,FALSE,FALSE
139,29,563,436,573,563,436,573,563,436,573,-127,10,127,10,FALSE,FALSE
139,30,483,392,536,483,392,536,483,392,536,-91,53,91,53,FALSE,FALSE
139,31,417,322,497,417,322,497,417,322,497,-95,80,95,80,FALSE,FALSE
139,32,398,286,436,398,286,436,398,286,436,-112,38,112,38,FALSE,FALSE
139,33,361,241,378,361,241,378,361,241,378,-120,17,120,17,FALSE,FALSE
139,34,315,211,340,315,211,340,315,211,340,-104,25,104,25,FALSE,FALSE
139,35,297,186,301,297,186,301,297,186,301,-111,4,111,4,FALSE,FALSE
139,36,255,171,253,255,171,253,255,171,253,-84,-2,84,2,FALSE,FALSE
139,37,217,148,213,217,148,213,217,148,213,-69,-4,69,4,FALSE,FALSE
139,38,187,122,172,187,122,172,187,122,172,-65,-15,65,15,FALSE,FALSE
139,39,157,105,149,157,105,149,157,105,149,-52,-8,52,8,FALSE,FALSE
139,40,140,93,118,140,93,118,140,93,118,-47,-22,47,22,FALSE,FALSE
139,41,121,78,96,121,78,96,121,78,96,-43,-25,43,25,FALSE,FALSE
139,42,97,64,83,97,64,83,97,64,83,-33,-14,33,14,FALSE,FALSE
139,43,86,52,67,86,52,67,86,52,67,-34,-19,34,19,FALSE,FALSE
139,44,84,46,61,84,46,61,84,46,61,-38,-23,38,23,FALSE,FALSE
139,45,70,35,57,70,35,57,70,35,57,-35,-13,35,13,FALSE,FALSE
139,46,59,30,47,59,30,47,59,30,47,-29,-12,29,12,FALSE,FALSE
139,47,49,24,45,49,24,45,49,24,45,-25,-4,25,4,FALSE,FALSE
139,48,45,18,36,45,18,36,45,18,36,-27,-9,27,9,FALSE,FALSE
139,49,41,10,33,41,10,33,41,10,33,-31,-8,31,8,FALSE,FALSE
139,50,37,7,28,37,7,28,37,7,28,-30,-9,30,9,FALSE,FALSE
139,51,33,3,24,33,3,24,33,3,24,-30,-9,30,9,FALSE,FALSE
139,52,28,3,24,28,3,24,28,3,24,-25,-4,25,4,FALSE,FALSE
139,53,23,1,21,23,1,21,23,1,21,-22,-2,22,2,FALSE,FALSE
139,54,19,0,18,19,0,18,19,0,18,-19,-1,19,1,FALSE,FALSE
139,55,16,0,15,16,0,15,16,0,15,-16,-1,16,1,FALSE,FALSE
139,56,15,0,11,15,0,11,15,0,11,-15,-4,15,4,FALSE,FALSE
139,57,13,0,9,13,0,9,13,0,9,-13,-4,13,4,FALSE,FALSE
139,58,15,0,7,15,0,7,15,0,7,-15,-8,15,8,FALSE,FALSE
139,59,14,0,5,14,0,5,14,0,5,-14,-9,14,9,FALSE,FALSE
139,60,10,0,4,10,0,4,10,0,4,-10,-6,10,6,FALSE,FALSE
140,0,107,107,107,107,107,107,107,107,107,0,0,0,0,TRUE,TRUE
140,1,117,116,115,117,116,115,117,116,115,-1,-2,1,2,FALSE,FALSE
140,2,114,117,127,114,117,127,114,117,127,3,13,3,13,FALSE,FALSE
140,3,130,131,146,130,131,146,130,131,146,1,16,1,16,FALSE,FALSE
140,4,132,137,165,132,137,165,132,137,165,5,33,5,33,FALSE,FALSE
140,5,153,141,170,153,141,170,153,141,170,-12,17,12,17,FALSE,FALSE
140,6,157,145,189,157,145,189,157,145,189,-12,32,12,32,FALSE,FALSE
140,7,168,140,211,168,140,211,168,140,211,-28,43,28,43,FALSE,FALSE
140,8,180,137,208,180,137,208,180,137,208,-43,28,43,28,FALSE,FALSE
140,9,185,144,228,185,144,228,185,144,228,-41,43,41,43,FALSE,FALSE
140,10,193,139,240,193,139,240,193,139,240,-54,47,54,47,FALSE,FALSE
140,11,213,143,249,213,143,249,213,143,249,-70,36,70,36,FALSE,FALSE
140,12,223,132,268,223,132,268,223,132,268,-91,45,91,45,FALSE,FALSE
140,13,240,138,280,240,138,280,240,138,280,-102,40,102,40,FALSE,FALSE
140,14,268,140,309,268,140,309,268,140,309,-128,41,128,41,FALSE,FALSE
140,15,274,143,329,274,143,329,274,143,329,-131,55,131,55,FALSE,FALSE
140,16,268,147,357,268,147,357,268,147,357,-121,89,121,89,FALSE,FALSE
140,17,293,148,362,293,148,362,293,148,362,-145,69,145,69,FALSE,FALSE
140,18,318,150,388,318,150,388,318,150,388,-168,70,168,70,FALSE,FALSE
140,19,335,152,408,335,152,408,335,152,408,-183,73,183,73,FALSE,FALSE
140,20,356,158,441,356,158,441,356,158,441,-198,85,198,85,FALSE,FALSE
140,21,374,163,483,374,163,483,374,163,483,-211,109,211,109,FALSE,FALSE
140,22,408,170,498,408,170,498,408,170,498,-238,90,238,90,FALSE,FALSE
140,23,422,173,542,422,173,542,422,173,542,-249,120,249,120,FALSE,FALSE
140,24,455,172,555,455,172,555,455,172,555,-283,100,283,100,FALSE,FALSE
140,25,458,178,582,458,178,582,458,178,582,-280,124,280,124,FALSE,FALSE
140,26,477,178,581,477,178,581,477,178,581,-299,104,299,104,FALSE,FALSE
140,27,487,187,561,487,187,561,487,187,561,-300,74,300,74,FALSE,FALSE
140,28,470,198,573,470,198,573,470,198,573,-272,103,272,103,FALSE,FALSE
140,29,489,193,566,489,193,566,489,193,566,-296,77,296,77,FALSE,FALSE
140,30,478,204,577,478,204,577,478,204,577,-274,99,274,99,FALSE,FALSE
140,31,480,201,565,480,201,565,480,201,565,-279,85,279,85,FALSE,FALSE
140,32,477,205,572,477,205,572,477,205,572,-272,95,272,95,FALSE,FALSE
140,33,482,215,543,482,215,543,482,215,543,-267,61,267,61,FALSE,FALSE
140,34,463,218,514,463,218,514,463,218,514,-245,51,245,51,FALSE,FALSE
140,35,479,220,501,479,220,501,479,220,501,-259,22,259,22,FALSE,FALSE
140,36,479,198,473,479,198,473,479,198,473,-281,-6,281,6,FALSE,FALSE
140,37,469,215,461,469,215,461,469,215,461,-254,-8,254,8,FALSE,FALSE
140,38,457,205,463,457,205,463,457,205,463,-252,6,252,6,FALSE,FALSE
140,39,460,198,449,460,198,449,460,198,449,-262,-11,262,11,FALSE,FALSE
140,40,434,212,430,434,212,430,434,212,430,-222,-4,222,4,FALSE,FALSE
140,41,434,207,402,434,207,402,434,207,402,-227,-32,227,32,FALSE,FALSE
140,42,409,198,370,409,198,370,409,198,370,-211,-39,211,39,FALSE,FALSE
140,43,393,196,375,393,196,375,393,196,375,-197,-18,197,18,FALSE,FALSE
140,44,370,196,350,370,196,350,370,196,350,-174,-20,174,20,FALSE,FALSE
140,45,363,209,334,363,209,334,363,209,334,-154,-29,154,29,FALSE,FALSE
140,46,342,207,304,342,207,304,342,207,304,-135,-38,135,38,FALSE,FALSE
140,47,317,206,292,317,206,292,317,206,292,-111,-25,111,25,FALSE,FALSE
140,48,300,209,286,300,209,286,300,209,286,-91,-14,91,14,FALSE,FALSE
140,49,278,202,277,278,202,277,278,202,277,-76,-1,76,1,FALSE,FALSE
140,50,244,208,238,244,208,238,244,208,238,-36,-6,36,6,FALSE,FALSE
140,51,226,207,223,226,207,223,226,207,223,-19,-3,19,3,FALSE,FALSE
140,52,219,208,207,219,208,207,219,208,207,-11,-12,11,12,FALSE,FALSE
140,53,203,224,204,203,224,204,203,224,204,21,1,21,1,FALSE,FALSE
140,54,189,217,182,189,217,182,189,217,182,28,-7,28,7,FALSE,FALSE
140,55,179,221,170,179,221,170,179,221,170,42,-9,42,9,FALSE,FALSE
140,56,169,228,161,169,228,161,169,228,161,59,-8,59,8,FALSE,FALSE
140,57,158,240,147,158,240,147,158,240,147,82,-11,82,11,FALSE,FALSE
140,58,139,238,148,139,238,148,139,238,148,99,9,99,9,FALSE,FALSE
140,59,124,245,136,124,245,136,124,245,136,121,12,121,12,FALSE,FALSE
140,60,112,231,131,112,231,131,112,231,131,119,19,119,19,FALSE,FALSE
141,0,84,84,84,84,84,84,84,84,84,0,0,0,0,TRUE,TRUE
141,1,115,103,112,115,103,112,115,103,112,-12,-3,12,3,FALSE,FALSE
141,2,154,132,142,154,132,142,154,132,142,-22,-12,22,12,FALSE,FALSE
141,3,211,166,182,211,166,182,211,166,182,-45,-29,45,29,FALSE,FALSE
141,4,262,205,222,262,205,222,262,205,222,-57,-40,57,40,FALSE,FALSE
141,5,323,243,271,323,243,271,323,243,271,-80,-52,80,52,FALSE,FALSE
141,6,431,306,355,431,306,355,431,306,355,-125,-76,125,76,FALSE,FALSE
141,7,545,380,457,545,380,457,545,380,457,-165,-88,165,88,FALSE,FALSE
141,8,674,475,575,674,475,575,674,475,575,-199,-99,199,99,FALSE,FALSE
141,9,855,573,690,855,573,690,855,573,690,-282,-165,282,165,FALSE,FALSE
141,10,1085,683,884,1085,683,884,1085,683,884,-402,-201,402,201,FALSE,FALSE
141,11,1320,828,1096,1320,828,1096,1320,828,1096,-492,-224,492,224,FALSE,FALSE
141,12,1523,937,1309,1523,937,1309,1523,937,1309,-586,-214,586,214,FALSE,FALSE
141,13,1773,1076,1498,1773,1076,1498,1773,1076,1498,-697,-275,697,275,FALSE,FALSE
141,14,1983,1181,1735,1983,1181,1735,1983,1181,1735,-802,-248,802,248,FALSE,FALSE
141,15,2133,1349,1880,2133,1349,1880,2133,1349,1880,-784,-253,784,253,FALSE,FALSE
141,16,2233,1524,2041,2233,1524,2041,2233,1524,2041,-709,-192,709,192,FALSE,FALSE
141,17,2272,1683,2132,2272,1683,2132,2272,1683,2132,-589,-140,589,140,FALSE,FALSE
141,18,2255,1737,2189,2255,1737,2189,2255,1737,2189,-518,-66,518,66,FALSE,FALSE
141,19,2217,1811,2239,2217,1811,2239,2217,1811,2239,-406,22,406,22,FALSE,FALSE
141,20,2103,1835,2193,2103,1835,2193,2103,1835,2193,-268,90,268,90,FALSE,FALSE
141,21,1963,1832,2106,1963,1832,2106,1963,1832,2106,-131,143,131,143,FALSE,FALSE
141,22,1822,1786,1967,1822,1786,1967,1822,1786,1967,-36,145,36,145,FALSE,FALSE
141,23,1699,1776,1842,1699,1776,1842,1699,1776,1842,77,143,77,143,FALSE,FALSE
141,24,1559,1670,1712,1559,1670,1712,1559,1670,1712,111,153,111,153,FALSE,FALSE
141,25,1409,1617,1568,1409,1617,1568,1409,1617,1568,208,159,208,159,FALSE,FALSE
141,26,1262,1515,1391,1262,1515,1391,1262,1515,1391,253,129,253,129,FALSE,FALSE
141,27,1129,1430,1239,1129,1430,1239,1129,1430,1239,301,110,301,110,FALSE,FALSE
141,28,983,1355,1094,983,1355,1094,983,1355,1094,372,111,372,111,FALSE,FALSE
141,29,848,1235,990,848,1235,990,848,1235,990,387,142,387,142,FALSE,FALSE
141,30,751,1123,881,751,1123,881,751,1123,881,372,130,372,130,FALSE,FALSE
141,31,667,1009,800,667,1009,800,667,1009,800,342,133,342,133,FALSE,FALSE
141,32,601,873,686,601,873,686,601,873,686,272,85,272,85,FALSE,FALSE
141,33,525,765,600,525,765,600,525,765,600,240,75,240,75,FALSE,FALSE
141,34,448,689,507,448,689,507,448,689,507,241,59,241,59,FALSE,FALSE
141,35,402,616,431,402,616,431,402,616,431,214,29,214,29,FALSE,FALSE
141,36,358,534,384,358,534,384,358,534,384,176,26,176,26,FALSE,FALSE
141,37,320,476,346,320,476,346,320,476,346,156,26,156,26,FALSE,FALSE
141,38,275,425,301,275,425,301,275,425,301,150,26,150,26,FALSE,FALSE
141,39,247,386,261,247,386,261,247,386,261,139,14,139,14,FALSE,FALSE
141,40,207,346,234,207,346,234,207,346,234,139,27,139,27,FALSE,FALSE
141,41,190,300,206,190,300,206,190,300,206,110,16,110,16,FALSE,FALSE
141,42,162,265,166,162,265,166,162,265,166,103,4,103,4,FALSE,FALSE
141,43,135,231,135,135,231,135,135,231,135,96,0,96,0,FALSE,TRUE
141,44,119,202,122,119,202,122,119,202,122,83,3,83,3,FALSE,FALSE
141,45,107,175,100,107,175,100,107,175,100,68,-7,68,7,FALSE,FALSE
141,46,95,158,93,95,158,93,95,158,93,63,-2,63,2,FALSE,FALSE
141,47,85,141,80,85,141,80,85,141,80,56,-5,56,5,FALSE,FALSE
141,48,70,116,71,70,116,71,70,116,71,46,1,46,1,FALSE,FALSE
141,49,63,108,61,63,108,61,63,108,61,45,-2,45,2,FALSE,FALSE
141,50,53,95,49,53,95,49,53,95,49,42,-4,42,4,FALSE,FALSE
141,51,48,80,39,48,80,39,48,80,39,32,-9,32,9,FALSE,FALSE
141,52,43,71,35,43,71,35,43,71,35,28,-8,28,8,FALSE,FALSE
141,53,40,64,27,40,64,27,40,64,27,24,-13,24,13,FALSE,FALSE
141,54,34,56,25,34,56,25,34,56,25,22,-9,22,9,FALSE,FALSE
141,55,29,48,22,29,48,22,29,48,22,19,-7,19,7,FALSE,FALSE
141,56,26,45,19,26,45,19,26,45,19,19,-7,19,7,FALSE,FALSE
141,57,25,43,15,25,43,15,25,43,15,18,-10,18,10,FALSE,FALSE
141,58,18,37,13,18,37,13,18,37,13,19,-5,19,5,FALSE,FALSE
141,59,17,31,11,17,31,11,17,31,11,14,-6,14,6,FALSE,FALSE
141,60,17,26,10,17,26,10,17,26,10,9,-7,9,7,FALSE,FALSE
142,0,93,93,93,93,93,93,93,93,93,0,0,0,0,TRUE,TRUE
142,1,98,102,111,98,102,111,98,102,111,4,13,4,13,FALSE,FALSE
142,2,118,114,121,118,114,121,118,114,121,-4,3,4,3,FALSE,FALSE
142,3,120,132,127,120,132,127,120,132,127,12,7,12,7,FALSE,FALSE
142,4,131,136,140,131,136,140,131,136,140,5,9,5,9,FALSE,FALSE
142,5,140,154,169,140,154,169,140,154,169,14,29,14,29,FALSE,FALSE
142,6,158,163,200,158,163,200,158,163,200,5,42,5,42,FALSE,FALSE
142,7,182,187,211,182,187,211,182,187,211,5,29,5,29,FALSE,FALSE
142,8,202,224,243,202,224,243,202,224,243,22,41,22,41,FALSE,FALSE
142,9,214,246,273,214,246,273,214,246,273,32,59,32,59,FALSE,FALSE
142,10,235,276,297,235,276,297,235,276,297,41,62,41,62,FALSE,FALSE
142,11,267,288,333,267,288,333,267,288,333,21,66,21,66,FALSE,FALSE
142,12,288,331,397,288,331,397,288,331,397,43,109,43,109,FALSE,FALSE
142,13,321,370,429,321,370,429,321,370,429,49,108,49,108,FALSE,FALSE
142,14,352,413,482,352,413,482,352,413,482,61,130,61,130,FALSE,FALSE
142,15,398,446,508,398,446,508,398,446,508,48,110,48,110,FALSE,FALSE
142,16,437,465,562,437,465,562,437,465,562,28,125,28,125,FALSE,FALSE
142,17,479,534,600,479,534,600,479,534,600,55,121,55,121,FALSE,FALSE
142,18,513,591,652,513,591,652,513,591,652,78,139,78,139,FALSE,FALSE
142,19,558,649,702,558,649,702,558,649,702,91,144,91,144,FALSE,FALSE
142,20,612,693,761,612,693,761,612,693,761,81,149,81,149,FALSE,FALSE
142,21,634,739,822,634,739,822,634,739,822,105,188,105,188,FALSE,FALSE
142,22,671,801,836,671,801,836,671,801,836,130,165,130,165,FALSE,FALSE
142,23,700,863,880,700,863,880,700,863,880,163,180,163,180,FALSE,FALSE
142,24,771,923,927,771,923,927,771,923,927,152,156,152,156,FALSE,FALSE
142,25,793,957,960,793,957,960,793,957,960,164,167,164,167,FALSE,FALSE
142,26,801,1002,993,801,1002,993,801,1002,993,201,192,201,192,FALSE,FALSE
142,27,840,1019,981,840,1019,981,840,1019,981,179,141,179,141,FALSE,FALSE
142,28,876,1083,974,876,1083,974,876,1083,974,207,98,207,98,FALSE,FALSE
142,29,885,1121,990,885,1121,990,885,1121,990,236,105,236,105,FALSE,FALSE
142,30,913,1147,1022,913,1147,1022,913,1147,1022,234,109,234,109,FALSE,FALSE
142,31,952,1174,1012,952,1174,1012,952,1174,1012,222,60,222,60,FALSE,FALSE
142,32,961,1194,1007,961,1194,1007,961,1194,1007,233,46,233,46,FALSE,FALSE
142,33,982,1158,1005,982,1158,1005,982,1158,1005,176,23,176,23,FALSE,FALSE
142,34,983,1134,966,983,1134,966,983,1134,966,151,-17,151,17,FALSE,FALSE
142,35,974,1103,909,974,1103,909,974,1103,909,129,-65,129,65,FALSE,FALSE
142,36,958,1068,889,958,1068,889,958,1068,889,110,-69,110,69,FALSE,FALSE
142,37,941,1053,874,941,1053,874,941,1053,874,112,-67,112,67,FALSE,FALSE
142,38,934,1037,857,934,1037,857,934,1037,857,103,-77,103,77,FALSE,FALSE
142,39,909,991,805,909,991,805,909,991,805,82,-104,82,104,FALSE,FALSE
142,40,868,965,768,868,965,768,868,965,768,97,-100,97,100,FALSE,FALSE
142,41,851,929,738,851,929,738,851,929,738,78,-113,78,113,FALSE,FALSE
142,42,819,896,718,819,896,718,819,896,718,77,-101,77,101,FALSE,FALSE
142,43,788,830,683,788,830,683,788,830,683,42,-105,42,105,FALSE,FALSE
142,44,741,784,641,741,784,641,741,784,641,43,-100,43,100,FALSE,FALSE
142,45,704,719,600,704,719,600,704,719,600,15,-104,15,104,FALSE,FALSE
142,46,673,647,561,673,647,561,673,647,561,-26,-112,26,112,FALSE,FALSE
142,47,629,575,546,629,575,546,629,575,546,-54,-83,54,83,FALSE,FALSE
142,48,605,521,504,605,521,504,605,521,504,-84,-101,84,101,FALSE,FALSE
142,49,572,499,475,572,499,475,572,499,475,-73,-97,73,97,FALSE,FALSE
142,50,540,464,433,540,464,433,540,464,433,-76,-107,76,107,FALSE,FALSE
142,51,491,423,397,491,423,397,491,423,397,-68,-94,68,94,FALSE,FALSE
142,52,468,395,385,468,395,385,468,395,385,-73,-83,73,83,FALSE,FALSE
142,53,432,366,353,432,366,353,432,366,353,-66,-79,66,79,FALSE,FALSE
142,54,405,335,323,405,335,323,405,335,323,-70,-82,70,82,FALSE,FALSE
142,55,362,312,281,362,312,281,362,312,281,-50,-81,50,81,FALSE,FALSE
142,56,339,279,254,339,279,254,339,279,254,-60,-85,60,85,FALSE,FALSE
142,57,314,256,231,314,256,231,314,256,231,-58,-83,58,83,FALSE,FALSE
142,58,301,227,200,301,227,200,301,227,200,-74,-101,74,101,FALSE,FALSE
142,59,268,217,190,268,217,190,268,217,190,-51,-78,51,78,FALSE,FALSE
142,60,236,210,176,236,210,176,236,210,176,-26,-60,26,60,FALSE,FALSE
143,0,138,138,138,138,138,138,138,138,138,0,0,0,0,TRUE,TRUE
143,1,150,154,151,150,154,151,150,154,151,4,1,4,1,FALSE,FALSE
143,2,156,165,159,156,165,159,156,165,159,9,3,9,3,FALSE,FALSE
143,3,161,165,169,161,165,169,161,165,169,4,8,4,8,FALSE,FALSE
143,4,164,180,177,164,180,177,164,180,177,16,13,16,13,FALSE,FALSE
143,5,181,189,181,181,189,181,181,189,181,8,0,8,0,FALSE,TRUE
143,6,197,210,187,197,210,187,197,210,187,13,-10,13,10,FALSE,FALSE
143,7,210,225,197,210,225,197,210,225,197,15,-13,15,13,FALSE,FALSE
143,8,222,229,205,222,229,205,222,229,205,7,-17,7,17,FALSE,FALSE
143,9,233,234,214,233,234,214,233,234,214,1,-19,1,19,FALSE,FALSE
143,10,242,249,218,242,249,218,242,249,218,7,-24,7,24,FALSE,FALSE
143,11,253,254,217,253,254,217,253,254,217,1,-36,1,36,FALSE,FALSE
143,12,261,260,225,261,260,225,261,260,225,-1,-36,1,36,FALSE,FALSE
143,13,272,266,230,272,266,230,272,266,230,-6,-42,6,42,FALSE,FALSE
143,14,280,279,241,280,279,241,280,279,241,-1,-39,1,39,FALSE,FALSE
143,15,296,280,256,296,280,256,296,280,256,-16,-40,16,40,FALSE,FALSE
143,16,300,285,277,300,285,277,300,285,277,-15,-23,15,23,FALSE,FALSE
143,17,304,305,303,304,305,303,304,305,303,1,-1,1,1,FALSE,FALSE
143,18,310,312,321,310,312,321,310,312,321,2,11,2,11,FALSE,FALSE
143,19,312,335,334,312,335,334,312,335,334,23,22,23,22,FALSE,FALSE
143,20,317,335,354,317,335,354,317,335,354,18,37,18,37,FALSE,FALSE
143,21,319,352,378,319,352,378,319,352,378,33,59,33,59,FALSE,FALSE
143,22,340,360,395,340,360,395,340,360,395,20,55,20,55,FALSE,FALSE
143,23,348,362,411,348,362,411,348,362,411,14,63,14,63,FALSE,FALSE
143,24,369,389,437,369,389,437,369,389,437,20,68,20,68,FALSE,FALSE
143,25,390,402,450,390,402,450,390,402,450,12,60,12,60,FALSE,FALSE
143,26,407,394,457,407,394,457,407,394,457,-13,50,13,50,FALSE,FALSE
143,27,434,417,482,434,417,482,434,417,482,-17,48,17,48,FALSE,FALSE
143,28,444,432,513,444,432,513,444,432,513,-12,69,12,69,FALSE,FALSE
143,29,450,449,523,450,449,523,450,449,523,-1,73,1,73,FALSE,FALSE
143,30,465,462,530,465,462,530,465,462,530,-3,65,3,65,FALSE,FALSE
143,31,485,465,567,485,465,567,485,465,567,-20,82,20,82,FALSE,FALSE
143,32,502,473,573,502,473,573,502,473,573,-29,71,29,71,FALSE,FALSE
143,33,514,474,590,514,474,590,514,474,590,-40,76,40,76,FALSE,FALSE
143,34,544,493,616,544,493,616,544,493,616,-51,72,51,72,FALSE,FALSE
143,35,549,507,630,549,507,630,549,507,630,-42,81,42,81,FALSE,FALSE
143,36,552,513,638,552,513,638,552,513,638,-39,86,39,86,FALSE,FALSE
143,37,575,523,661,575,523,661,575,523,661,-52,86,52,86,FALSE,FALSE
143,38,573,545,669,573,545,669,573,545,669,-28,96,28,96,FALSE,FALSE
143,39,603,544,685,603,544,685,603,544,685,-59,82,59,82,FALSE,FALSE
143,40,598,559,713,598,559,713,598,559,713,-39,115,39,115,FALSE,FALSE
143,41,639,580,750,639,580,750,639,580,750,-59,111,59,111,FALSE,FALSE
143,42,659,592,756,659,592,756,659,592,756,-67,97,67,97,FALSE,FALSE
143,43,684,595,777,684,595,777,684,595,777,-89,93,89,93,FALSE,FALSE
143,44,705,567,791,705,567,791,705,567,791,-138,86,138,86,FALSE,FALSE
143,45,719,567,817,719,567,817,719,567,817,-152,98,152,98,FALSE,FALSE
143,46,720,580,821,720,580,821,720,580,821,-140,101,140,101,FALSE,FALSE
143,47,742,573,848,742,573,848,742,573,848,-169,106,169,106,FALSE,FALSE
143,48,760,580,867,760,580,867,760,580,867,-180,107,180,107,FALSE,FALSE
143,49,764,590,897,764,590,897,764,590,897,-174,133,174,133,FALSE,FALSE
143,50,768,598,912,768,598,912,768,598,912,-170,144,170,144,FALSE,FALSE
143,51,780,572,928,780,572,928,780,572,928,-208,148,208,148,FALSE,FALSE
143,52,793,572,953,793,572,953,793,572,953,-221,160,221,160,FALSE,FALSE
143,53,820,556,963,820,556,963,820,556,963,-264,143,264,143,FALSE,FALSE
143,54,829,574,973,829,574,973,829,574,973,-255,144,255,144,FALSE,FALSE
143,55,818,562,989,818,562,989,818,562,989,-256,171,256,171,FALSE,FALSE
143,56,825,547,1003,825,547,1003,825,547,1003,-278,178,278,178,FALSE,FALSE
143,57,844,546,1012,844,546,1012,844,546,1012,-298,168,298,168,FALSE,FALSE
143,58,844,549,1035,844,549,1035,844,549,1035,-295,191,295,191,FALSE,FALSE
143,59,851,555,1037,851,555,1037,851,555,1037,-296,186,296,186,FALSE,FALSE
143,60,855,562,1016,855,562,1016,855,562,1016,-293,161,293,161,FALSE,FALSE
144,0,158,158,158,158,158,158,158,158,158,0,0,0,0,TRUE,TRUE
144,1,247,220,240,247,220,240,247,220,240,-27,-7,27,7,FALSE,FALSE
144,2,377,335,363,377,335,363,377,335,363,-42,-14,42,14,FALSE,FALSE
144,3,562,488,539,562,488,539,562,488,539,-74,-23,74,23,FALSE,FALSE
144,4,827,705,804,827,705,804,827,705,804,-122,-23,122,23,FALSE,FALSE
144,5,1156,1018,1166,1156,1018,1166,1156,1018,1166,-138,10,138,10,FALSE,FALSE
144,6,1666,1446,1640,1666,1446,1640,1666,1446,1640,-220,-26,220,26,FALSE,FALSE
144,7,2253,1975,2187,2253,1975,2187,2253,1975,2187,-278,-66,278,66,FALSE,FALSE
144,8,2893,2572,2810,2893,2572,2810,2893,2572,2810,-321,-83,321,83,FALSE,FALSE
144,9,3521,3156,3411,3521,3156,3411,3521,3156,3411,-365,-110,365,110,FALSE,FALSE
144,10,3978,3681,3968,3978,3681,3968,3978,3681,3968,-297,-10,297,10,FALSE,FALSE
144,11,4302,4067,4316,4302,4067,4316,4302,4067,4316,-235,14,235,14,FALSE,FALSE
144,12,4402,4270,4395,4402,4270,4395,4402,4270,4395,-132,-7,132,7,FALSE,FALSE
144,13,4277,4278,4361,4277,4278,4361,4277,4278,4361,1,84,1,84,FALSE,FALSE
144,14,4058,4136,4122,4058,4136,4122,4058,4136,4122,78,64,78,64,FALSE,FALSE
144,15,3737,3931,3864,3737,3931,3864,3737,3931,3864,194,127,194,127,FALSE,FALSE
144,16,3419,3676,3484,3419,3676,3484,3419,3676,3484,257,65,257,65,FALSE,FALSE
144,17,3080,3384,3132,3080,3384,3132,3080,3384,3132,304,52,304,52,FALSE,FALSE
144,18,2770,3062,2797,2770,3062,2797,2770,3062,2797,292,27,292,27,FALSE,FALSE
144,19,2446,2779,2476,2446,2779,2476,2446,2779,2476,333,30,333,30,FALSE,FALSE
144,20,2145,2480,2182,2145,2480,2182,2145,2480,2182,335,37,335,37,FALSE,FALSE
144,21,1865,2168,1904,1865,2168,1904,1865,2168,1904,303,39,303,39,FALSE,FALSE
144,22,1648,1879,1640,1648,1879,1640,1648,1879,1640,231,-8,231,8,FALSE,FALSE
144,23,1439,1626,1448,1439,1626,1448,1439,1626,1448,187,9,187,9,FALSE,FALSE
144,24,1274,1414,1256,1274,1414,1256,1274,1414,1256,140,-18,140,18,FALSE,FALSE
144,25,1124,1232,1063,1124,1232,1063,1124,1232,1063,108,-61,108,61,FALSE,FALSE
144,26,976,1063,928,976,1063,928,976,1063,928,87,-48,87,48,FALSE,FALSE
144,27,857,930,807,857,930,807,857,930,807,73,-50,73,50,FALSE,FALSE
144,28,716,814,697,716,814,697,716,814,697,98,-19,98,19,FALSE,FALSE
144,29,626,718,603,626,718,603,626,718,603,92,-23,92,23,FALSE,FALSE
144,30,542,625,503,542,625,503,542,625,503,83,-39,83,39,FALSE,FALSE
144,31,470,527,434,470,527,434,470,527,434,57,-36,57,36,FALSE,FALSE
144,32,402,448,364,402,448,364,402,448,364,46,-38,46,38,FALSE,FALSE
144,33,355,403,317,355,403,317,355,403,317,48,-38,48,38,FALSE,FALSE
144,34,316,352,274,316,352,274,316,352,274,36,-42,36,42,FALSE,FALSE
144,35,281,296,235,281,296,235,281,296,235,15,-46,15,46,FALSE,FALSE
144,36,230,259,201,230,259,201,230,259,201,29,-29,29,29,FALSE,FALSE
144,37,203,219,170,203,219,170,203,219,170,16,-33,16,33,FALSE,FALSE
144,38,171,180,149,171,180,149,171,180,149,9,-22,9,22,FALSE,FALSE
144,39,143,151,137,143,151,137,143,151,137,8,-6,8,6,FALSE,FALSE
144,40,121,131,121,121,131,121,121,131,121,10,0,10,0,FALSE,TRUE
144,41,102,108,108,102,108,108,102,108,108,6,6,6,6,FALSE,FALSE
144,42,88,90,92,88,90,92,88,90,92,2,4,2,4,FALSE,FALSE
144,43,77,83,82,77,83,82,77,83,82,6,5,6,5,FALSE,FALSE
144,44,68,68,68,68,68,68,68,68,68,0,0,0,0,TRUE,TRUE
144,45,60,59,58,60,59,58,60,59,58,-1,-2,1,2,FALSE,FALSE
144,46,49,52,53,49,52,53,49,52,53,3,4,3,4,FALSE,FALSE
144,47,39,48,43,39,48,43,39,48,43,9,4,9,4,FALSE,FALSE
144,48,35,39,37,35,39,37,35,39,37,4,2,4,2,FALSE,FALSE
144,49,32,35,26,32,35,26,32,35,26,3,-6,3,6,FALSE,FALSE
144,50,27,28,21,27,28,21,27,28,21,1,-6,1,6,FALSE,FALSE
144,51,23,25,20,23,25,20,23,25,20,2,-3,2,3,FALSE,FALSE
144,52,21,20,15,21,20,15,21,20,15,-1,-6,1,6,FALSE,FALSE
144,53,17,18,14,17,18,14,17,18,14,1,-3,1,3,FALSE,FALSE
144,54,14,15,12,14,15,12,14,15,12,1,-2,1,2,FALSE,FALSE
144,55,12,14,10,12,14,10,12,14,10,2,-2,2,2,FALSE,FALSE
144,56,10,13,10,10,13,10,10,13,10,3,0,3,0,FALSE,TRUE
144,57,9,10,9,9,10,9,9,10,9,1,0,1,0,FALSE,TRUE
144,58,9,9,9,9,9,9,9,9,9,0,0,0,0,TRUE,TRUE
144,59,7,8,8,7,8,8,7,8,8,1,1,1,1,FALSE,FALSE
144,60,5,7,6,5,7,6,5,7,6,2,1,2,1,FALSE,FALSE
145,0,109,109,109,109,109,109,109,109,109,0,0,0,0,TRUE,TRUE
145,1,112,109,107,112,109,107,112,109,107,-3,-5,3,5,FALSE,FALSE
145,2,109,107,108,109,107,108,109,107,108,-2,-1,2,1,FALSE,FALSE
145,3,118,101,113,118,101,113,118,101,113,-17,-5,17,5,FALSE,FALSE
145,4,129,100,117,129,100,117,129,100,117,-29,-12,29,12,FALSE,FALSE
145,5,131,104,118,131,104,118,131,104,118,-27,-13,27,13,FALSE,FALSE
145,6,139,105,126,139,105,126,139,105,126,-34,-13,34,13,FALSE,FALSE
145,7,141,113,128,141,113,128,141,113,128,-28,-13,28,13,FALSE,FALSE
145,8,158,114,125,158,114,125,158,114,125,-44,-33,44,33,FALSE,FALSE
145,9,164,121,120,164,121,120,164,121,120,-43,-44,43,44,FALSE,FALSE
145,10,170,129,124,170,129,124,170,129,124,-41,-46,41,46,FALSE,FALSE
145,11,177,136,137,177,136,137,177,136,137,-41,-40,41,40,FALSE,FALSE
145,12,187,134,142,187,134,142,187,134,142,-53,-45,53,45,FALSE,FALSE
145,13,190,143,157,190,143,157,190,143,157,-47,-33,47,33,FALSE,FALSE
145,14,194,138,156,194,138,156,194,138,156,-56,-38,56,38,FALSE,FALSE
145,15,192,142,159,192,142,159,192,142,159,-50,-33,50,33,FALSE,FALSE
145,16,195,144,163,195,144,163,195,144,163,-51,-32,51,32,FALSE,FALSE
145,17,208,153,171,208,153,171,208,153,171,-55,-37,55,37,FALSE,FALSE
145,18,202,153,179,202,153,179,202,153,179,-49,-23,49,23,FALSE,FALSE
145,19,206,153,178,206,153,178,206,153,178,-53,-28,53,28,FALSE,FALSE
145,20,201,156,170,201,156,170,201,156,170,-45,-31,45,31,FALSE,FALSE
145,21,211,165,176,211,165,176,211,165,176,-46,-35,46,35,FALSE,FALSE
145,22,205,168,180,205,168,180,205,168,180,-37,-25,37,25,FALSE,FALSE
145,23,212,157,187,212,157,187,212,157,187,-55,-25,55,25,FALSE,FALSE
145,24,212,157,205,212,157,205,212,157,205,-55,-7,55,7,FALSE,FALSE
145,25,213,159,216,213,159,216,213,159,216,-54,3,54,3,FALSE,FALSE
145,26,217,162,218,217,162,218,217,162,218,-55,1,55,1,FALSE,FALSE
145,27,228,169,241,228,169,241,228,169,241,-59,13,59,13,FALSE,FALSE
145,28,227,167,262,227,167,262,227,167,262,-60,35,60,35,FALSE,FALSE
145,29,246,170,283,246,170,283,246,170,283,-76,37,76,37,FALSE,FALSE
145,30,257,177,297,257,177,297,257,177,297,-80,40,80,40,FALSE,FALSE
145,31,282,176,306,282,176,306,282,176,306,-106,24,106,24,FALSE,FALSE
145,32,272,177,306,272,177,306,272,177,306,-95,34,95,34,FALSE,FALSE
145,33,282,197,316,282,197,316,282,197,316,-85,34,85,34,FALSE,FALSE
145,34,288,194,313,288,194,313,288,194,313,-94,25,94,25,FALSE,FALSE
145,35,299,208,314,299,208,314,299,208,314,-91,15,91,15,FALSE,FALSE
145,36,321,210,328,321,210,328,321,210,328,-111,7,111,7,FALSE,FALSE
145,37,315,214,336,315,214,336,315,214,336,-101,21,101,21,FALSE,FALSE
145,38,308,224,346,308,224,346,308,224,346,-84,38,84,38,FALSE,FALSE
145,39,298,223,357,298,223,357,298,223,357,-75,59,75,59,FALSE,FALSE
145,40,300,224,368,300,224,368,300,224,368,-76,68,76,68,FALSE,FALSE
145,41,292,221,385,292,221,385,292,221,385,-71,93,71,93,FALSE,FALSE
145,42,294,227,413,294,227,413,294,227,413,-67,119,67,119,FALSE,FALSE
145,43,296,228,425,296,228,425,296,228,425,-68,129,68,129,FALSE,FALSE
145,44,294,234,438,294,234,438,294,234,438,-60,144,60,144,FALSE,FALSE
145,45,290,245,446,290,245,446,290,245,446,-45,156,45,156,FALSE,FALSE
145,46,292,245,445,292,245,445,292,245,445,-47,153,47,153,FALSE,FALSE
145,47,292,236,449,292,236,449,292,236,449,-56,157,56,157,FALSE,FALSE
145,48,292,246,471,292,246,471,292,246,471,-46,179,46,179,FALSE,FALSE
145,49,271,252,460,271,252,460,271,252,460,-19,189,19,189,FALSE,FALSE
145,50,270,256,446,270,256,446,270,256,446,-14,176,14,176,FALSE,FALSE
145,51,271,254,452,271,254,452,271,254,452,-17,181,17,181,FALSE,FALSE
145,52,263,253,453,263,253,453,263,253,453,-10,190,10,190,FALSE,FALSE
145,53,260,267,466,260,267,466,260,267,466,7,206,7,206,FALSE,FALSE
145,54,246,276,465,246,276,465,246,276,465,30,219,30,219,FALSE,FALSE
145,55,244,281,432,244,281,432,244,281,432,37,188,37,188,FALSE,FALSE
145,56,253,286,414,253,286,414,253,286,414,33,161,33,161,FALSE,FALSE
145,57,261,286,399,261,286,399,261,286,399,25,138,25,138,FALSE,FALSE
145,58,254,278,394,254,278,394,254,278,394,24,140,24,140,FALSE,FALSE
145,59,259,287,379,259,287,379,259,287,379,28,120,28,120,FALSE,FALSE
145,60,255,302,377,255,302,377,255,302,377,47,122,47,122,FALSE,FALSE
146,0,109,109,109,109,109,109,109,109,109,0,0,0,0,TRUE,TRUE
146,1,114,123,114,114,123,114,114,123,114,9,0,9,0,FALSE,TRUE
146,2,125,135,125,125,135,125,125,135,125,10,0,10,0,FALSE,TRUE
146,3,132,149,136,132,149,136,132,149,136,17,4,17,4,FALSE,FALSE
146,4,144,166,146,144,166,146,144,166,146,22,2,22,2,FALSE,FALSE
146,5,146,178,158,146,178,158,146,178,158,32,12,32,12,FALSE,FALSE
146,6,149,188,158,149,188,158,149,188,158,39,9,39,9,FALSE,FALSE
146,7,151,197,161,151,197,161,151,197,161,46,10,46,10,FALSE,FALSE
146,8,160,209,165,160,209,165,160,209,165,49,5,49,5,FALSE,FALSE
146,9,163,230,166,163,230,166,163,230,166,67,3,67,3,FALSE,FALSE
146,10,181,241,171,181,241,171,181,241,171,60,-10,60,10,FALSE,FALSE
146,11,188,252,179,188,252,179,188,252,179,64,-9,64,9,FALSE,FALSE
146,12,197,259,185,197,259,185,197,259,185,62,-12,62,12,FALSE,FALSE
146,13,201,282,198,201,282,198,201,282,198,81,-3,81,3,FALSE,FALSE
146,14,210,281,213,210,281,213,210,281,213,71,3,71,3,FALSE,FALSE
146,15,220,291,225,220,291,225,220,291,225,71,5,71,5,FALSE,FALSE
146,16,243,302,238,243,302,238,243,302,238,59,-5,59,5,FALSE,FALSE
146,17,263,315,251,263,315,251,263,315,251,52,-12,52,12,FALSE,FALSE
146,18,273,319,267,273,319,267,273,319,267,46,-6,46,6,FALSE,FALSE
146,19,289,339,292,289,339,292,289,339,292,50,3,50,3,FALSE,FALSE
146,20,310,354,307,310,354,307,310,354,307,44,-3,44,3,FALSE,FALSE
146,21,313,379,317,313,379,317,313,379,317,66,4,66,4,FALSE,FALSE
146,22,322,413,335,322,413,335,322,413,335,91,13,91,13,FALSE,FALSE
146,23,351,417,342,351,417,342,351,417,342,66,-9,66,9,FALSE,FALSE
146,24,377,439,361,377,439,361,377,439,361,62,-16,62,16,FALSE,FALSE
146,25,395,467,388,395,467,388,395,467,388,72,-7,72,7,FALSE,FALSE
146,26,404,486,398,404,486,398,404,486,398,82,-6,82,6,FALSE,FALSE
146,27,427,487,414,427,487,414,427,487,414,60,-13,60,13,FALSE,FALSE
146,28,450,502,421,450,502,421,450,502,421,52,-29,52,29,FALSE,FALSE
146,29,455,524,449,455,524,449,455,524,449,69,-6,69,6,FALSE,FALSE
146,30,481,541,469,481,541,469,481,541,469,60,-12,60,12,FALSE,FALSE
146,31,499,580,476,499,580,476,499,580,476,81,-23,81,23,FALSE,FALSE
146,32,521,591,496,521,591,496,521,591,496,70,-25,70,25,FALSE,FALSE
146,33,534,600,516,534,600,516,534,600,516,66,-18,66,18,FALSE,FALSE
146,34,547,614,533,547,614,533,547,614,533,67,-14,67,14,FALSE,FALSE
146,35,576,626,537,576,626,537,576,626,537,50,-39,50,39,FALSE,FALSE
146,36,583,645,564,583,645,564,583,645,564,62,-19,62,19,FALSE,FALSE
146,37,594,659,572,594,659,572,594,659,572,65,-22,65,22,FALSE,FALSE
146,38,604,661,595,604,661,595,604,661,595,57,-9,57,9,FALSE,FALSE
146,39,612,684,606,612,684,606,612,684,606,72,-6,72,6,FALSE,FALSE
146,40,634,703,624,634,703,624,634,703,624,69,-10,69,10,FALSE,FALSE
146,41,661,706,639,661,706,639,661,706,639,45,-22,45,22,FALSE,FALSE
146,42,680,731,642,680,731,642,680,731,642,51,-38,51,38,FALSE,FALSE
146,43,686,772,644,686,772,644,686,772,644,86,-42,86,42,FALSE,FALSE
146,44,702,776,662,702,776,662,702,776,662,74,-40,74,40,FALSE,FALSE
146,45,717,782,665,717,782,665,717,782,665,65,-52,65,52,FALSE,FALSE
146,46,758,777,694,758,777,694,758,777,694,19,-64,19,64,FALSE,FALSE
146,47,757,759,701,757,759,701,757,759,701,2,-56,2,56,FALSE,FALSE
146,48,750,770,709,750,770,709,750,770,709,20,-41,20,41,FALSE,FALSE
146,49,763,770,732,763,770,732,763,770,732,7,-31,7,31,FALSE,FALSE
146,50,784,780,747,784,780,747,784,780,747,-4,-37,4,37,FALSE,FALSE
146,51,797,781,753,797,781,753,797,781,753,-16,-44,16,44,FALSE,FALSE
146,52,811,787,777,811,787,777,811,787,777,-24,-34,24,34,FALSE,FALSE
146,53,798,786,797,798,786,797,798,786,797,-12,-1,12,1,FALSE,FALSE
146,54,797,783,827,797,783,827,797,783,827,-14,30,14,30,FALSE,FALSE
146,55,806,775,835,806,775,835,806,775,835,-31,29,31,29,FALSE,FALSE
146,56,821,771,844,821,771,844,821,771,844,-50,23,50,23,FALSE,FALSE
146,57,825,766,862,825,766,862,825,766,862,-59,37,59,37,FALSE,FALSE
146,58,826,767,854,826,767,854,826,767,854,-59,28,59,28,FALSE,FALSE
146,59,818,741,871,818,741,871,818,741,871,-77,53,77,53,FALSE,FALSE
146,60,809,726,892,809,726,892,809,726,892,-83,83,83,83,FALSE,FALSE
147,0,139,139,139,139,139,139,139,139,139,0,0,0,0,TRUE,TRUE
147,1,139,146,145,139,146,145,139,146,145,7,6,7,6,FALSE,FALSE
147,2,137,145,144,137,145,144,137,145,144,8,7,8,7,FALSE,FALSE
147,3,144,151,152,144,151,152,144,151,152,7,8,7,8,FALSE,FALSE
147,4,150,142,145,150,142,145,150,142,145,-8,-5,8,5,FALSE,FALSE
147,5,153,147,151,153,147,151,153,147,151,-6,-2,6,2,FALSE,FALSE
147,6,161,150,148,161,150,148,161,150,148,-11,-13,11,13,FALSE,FALSE
147,7,160,149,152,160,149,152,160,149,152,-11,-8,11,8,FALSE,FALSE
147,8,157,147,155,157,147,155,157,147,155,-10,-2,10,2,FALSE,FALSE
147,9,162,143,159,162,143,159,162,143,159,-19,-3,19,3,FALSE,FALSE
147,10,173,143,159,173,143,159,173,143,159,-30,-14,30,14,FALSE,FALSE
147,11,181,145,171,181,145,171,181,145,171,-36,-10,36,10,FALSE,FALSE
147,12,191,145,165,191,145,165,191,145,165,-46,-26,46,26,FALSE,FALSE
147,13,194,153,172,194,153,172,194,153,172,-41,-22,41,22,FALSE,FALSE
147,14,198,153,181,198,153,181,198,153,181,-45,-17,45,17,FALSE,FALSE
147,15,205,166,190,205,166,190,205,166,190,-39,-15,39,15,FALSE,FALSE
147,16,214,158,202,214,158,202,214,158,202,-56,-12,56,12,FALSE,FALSE
147,17,223,157,210,223,157,210,223,157,210,-66,-13,66,13,FALSE,FALSE
147,18,236,157,218,236,157,218,236,157,218,-79,-18,79,18,FALSE,FALSE
147,19,239,151,221,239,151,221,239,151,221,-88,-18,88,18,FALSE,FALSE
147,20,226,155,229,226,155,229,226,155,229,-71,3,71,3,FALSE,FALSE
147,21,230,168,231,230,168,231,230,168,231,-62,1,62,1,FALSE,FALSE
147,22,232,178,234,232,178,234,232,178,234,-54,2,54,2,FALSE,FALSE
147,23,247,195,246,247,195,246,247,195,246,-52,-1,52,1,FALSE,FALSE
147,24,249,202,253,249,202,253,249,202,253,-47,4,47,4,FALSE,FALSE
147,25,254,199,256,254,199,256,254,199,256,-55,2,55,2,FALSE,FALSE
147,26,254,210,258,254,210,258,254,210,258,-44,4,44,4,FALSE,FALSE
147,27,259,216,259,259,216,259,259,216,259,-43,0,43,0,FALSE,TRUE
147,28,281,211,252,281,211,252,281,211,252,-70,-29,70,29,FALSE,FALSE
147,29,294,215,255,294,215,255,294,215,255,-79,-39,79,39,FALSE,FALSE
147,30,292,233,270,292,233,270,292,233,270,-59,-22,59,22,FALSE,FALSE
147,31,297,235,273,297,235,273,297,235,273,-62,-24,62,24,FALSE,FALSE
147,32,299,246,273,299,246,273,299,246,273,-53,-26,53,26,FALSE,FALSE
147,33,316,257,278,316,257,278,316,257,278,-59,-38,59,38,FALSE,FALSE
147,34,322,254,288,322,254,288,322,254,288,-68,-34,68,34,FALSE,FALSE
147,35,333,248,291,333,248,291,333,248,291,-85,-42,85,42,FALSE,FALSE
147,36,344,250,300,344,250,300,344,250,300,-94,-44,94,44,FALSE,FALSE
147,37,350,257,309,350,257,309,350,257,309,-93,-41,93,41,FALSE,FALSE
147,38,362,247,325,362,247,325,362,247,325,-115,-37,115,37,FALSE,FALSE
147,39,362,262,325,362,262,325,362,262,325,-100,-37,100,37,FALSE,FALSE
147,40,386,262,333,386,262,333,386,262,333,-124,-53,124,53,FALSE,FALSE
147,41,391,264,347,391,264,347,391,264,347,-127,-44,127,44,FALSE,FALSE
147,42,393,265,357,393,265,357,393,265,357,-128,-36,128,36,FALSE,FALSE
147,43,406,268,377,406,268,377,406,268,377,-138,-29,138,29,FALSE,FALSE
147,44,399,284,376,399,284,376,399,284,376,-115,-23,115,23,FALSE,FALSE
147,45,395,284,382,395,284,382,395,284,382,-111,-13,111,13,FALSE,FALSE
147,46,402,279,389,402,279,389,402,279,389,-123,-13,123,13,FALSE,FALSE
147,47,388,283,401,388,283,401,388,283,401,-105,13,105,13,FALSE,FALSE
147,48,390,288,412,390,288,412,390,288,412,-102,22,102,22,FALSE,FALSE
147,49,403,287,429,403,287,429,403,287,429,-116,26,116,26,FALSE,FALSE
147,50,400,300,443,400,300,443,400,300,443,-100,43,100,43,FALSE,FALSE
147,51,423,310,442,423,310,442,423,310,442,-113,19,113,19,FALSE,FALSE
147,52,417,301,456,417,301,456,417,301,456,-116,39,116,39,FALSE,FALSE
147,53,416,312,467,416,312,467,416,312,467,-104,51,104,51,FALSE,FALSE
147,54,421,317,478,421,317,478,421,317,478,-104,57,104,57,FALSE,FALSE
147,55,423,317,500,423,317,500,423,317,500,-106,77,106,77,FALSE,FALSE
147,56,424,327,504,424,327,504,424,327,504,-97,80,97,80,FALSE,FALSE
147,57,416,336,510,416,336,510,416,336,510,-80,94,80,94,FALSE,FALSE
147,58,417,335,515,417,335,515,417,335,515,-82,98,82,98,FALSE,FALSE
147,59,416,325,528,416,325,528,416,325,528,-91,112,91,112,FALSE,FALSE
147,60,420,324,521,420,324,521,420,324,521,-96,101,96,101,FALSE,FALSE
148,0,80,80,80,80,80,80,80,80,80,0,0,0,0,TRUE,TRUE
148,1,85,83,88,85,83,88,85,83,88,-2,3,2,3,FALSE,FALSE
148,2,83,85,104,83,85,104,83,85,104,2,21,2,21,FALSE,FALSE
148,3,87,99,114,87,99,114,87,99,114,12,27,12,27,FALSE,FALSE
148,4,87,113,116,87,113,116,87,113,116,26,29,26,29,FALSE,FALSE
148,5,93,123,122,93,123,122,93,123,122,30,29,30,29,FALSE,FALSE
148,6,110,127,126,110,127,126,110,127,126,17,16,17,16,FALSE,FALSE
148,7,120,149,139,120,149,139,120,149,139,29,19,29,19,FALSE,FALSE
148,8,135,165,157,135,165,157,135,165,157,30,22,30,22,FALSE,FALSE
148,9,136,182,170,136,182,170,136,182,170,46,34,46,34,FALSE,FALSE
148,10,142,197,188,142,197,188,142,197,188,55,46,55,46,FALSE,FALSE
148,11,143,221,196,143,221,196,143,221,196,78,53,78,53,FALSE,FALSE
148,12,166,239,217,166,239,217,166,239,217,73,51,73,51,FALSE,FALSE
148,13,183,256,211,183,256,211,183,256,211,73,28,73,28,FALSE,FALSE
148,14,208,264,225,208,264,225,208,264,225,56,17,56,17,FALSE,FALSE
148,15,215,298,252,215,298,252,215,298,252,83,37,83,37,FALSE,FALSE
148,16,226,316,271,226,316,271,226,316,271,90,45,90,45,FALSE,FALSE
148,17,233,336,292,233,336,292,233,336,292,103,59,103,59,FALSE,FALSE
148,18,247,352,323,247,352,323,247,352,323,105,76,105,76,FALSE,FALSE
148,19,266,343,354,266,343,354,266,343,354,77,88,77,88,FALSE,FALSE
148,20,280,365,367,280,365,367,280,365,367,85,87,85,87,FALSE,FALSE
148,21,300,402,393,300,402,393,300,402,393,102,93,102,93,FALSE,FALSE
148,22,322,403,412,322,403,412,322,403,412,81,90,81,90,FALSE,FALSE
148,23,331,429,437,331,429,437,331,429,437,98,106,98,106,FALSE,FALSE
148,24,350,456,463,350,456,463,350,456,463,106,113,106,113,FALSE,FALSE
148,25,372,477,486,372,477,486,372,477,486,105,114,105,114,FALSE,FALSE
148,26,388,502,507,388,502,507,388,502,507,114,119,114,119,FALSE,FALSE
148,27,399,552,522,399,552,522,399,552,522,153,123,153,123,FALSE,FALSE
148,28,413,580,538,413,580,538,413,580,538,167,125,167,125,FALSE,FALSE
148,29,428,595,567,428,595,567,428,595,567,167,139,167,139,FALSE,FALSE
148,30,442,609,606,442,609,606,442,609,606,167,164,167,164,FALSE,FALSE
148,31,470,611,622,470,611,622,470,611,622,141,152,141,152,FALSE,FALSE
148,32,489,623,666,489,623,666,489,623,666,134,177,134,177,FALSE,FALSE
148,33,507,635,670,507,635,670,507,635,670,128,163,128,163,FALSE,FALSE
148,34,528,664,689,528,664,689,528,664,689,136,161,136,161,FALSE,FALSE
148,35,559,661,741,559,661,741,559,661,741,102,182,102,182,FALSE,FALSE
148,36,602,677,774,602,677,774,602,677,774,75,172,75,172,FALSE,FALSE
148,37,621,684,790,621,684,790,621,684,790,63,169,63,169,FALSE,FALSE
148,38,646,702,811,646,702,811,646,702,811,56,165,56,165,FALSE,FALSE
148,39,668,714,806,668,714,806,668,714,806,46,138,46,138,FALSE,FALSE
148,40,695,704,847,695,704,847,695,704,847,9,152,9,152,FALSE,FALSE
148,41,699,712,834,699,712,834,699,712,834,13,135,13,135,FALSE,FALSE
148,42,707,708,853,707,708,853,707,708,853,1,146,1,146,FALSE,FALSE
148,43,709,699,857,709,699,857,709,699,857,-10,148,10,148,FALSE,FALSE
148,44,739,711,856,739,711,856,739,711,856,-28,117,28,117,FALSE,FALSE
148,45,737,719,879,737,719,879,737,719,879,-18,142,18,142,FALSE,FALSE
148,46,752,686,900,752,686,900,752,686,900,-66,148,66,148,FALSE,FALSE
148,47,776,696,920,776,696,920,776,696,920,-80,144,80,144,FALSE,FALSE
148,48,799,705,912,799,705,912,799,705,912,-94,113,94,113,FALSE,FALSE
148,49,825,683,930,825,683,930,825,683,930,-142,105,142,105,FALSE,FALSE
148,50,857,673,912,857,673,912,857,673,912,-184,55,184,55,FALSE,FALSE
148,51,873,668,906,873,668,906,873,668,906,-205,33,205,33,FALSE,FALSE
148,52,890,651,903,890,651,903,890,651,903,-239,13,239,13,FALSE,FALSE
148,53,905,641,891,905,641,891,905,641,891,-264,-14,264,14,FALSE,FALSE
148,54,915,629,884,915,629,884,915,629,884,-286,-31,286,31,FALSE,FALSE
148,55,917,603,902,917,603,902,917,603,902,-314,-15,314,15,FALSE,FALSE
148,56,909,558,911,909,558,911,909,558,911,-351,2,351,2,FALSE,FALSE
148,57,894,533,887,894,533,887,894,533,887,-361,-7,361,7,FALSE,FALSE
148,58,880,501,874,880,501,874,880,501,874,-379,-6,379,6,FALSE,FALSE
148,59,881,499,864,881,499,864,881,499,864,-382,-17,382,17,FALSE,FALSE
148,60,848,484,842,848,484,842,848,484,842,-364,-6,364,6,FALSE,FALSE
149,0,138,138,138,138,138,138,138,138,138,0,0,0,0,TRUE,TRUE
149,1,180,192,188,180,192,188,180,192,188,12,8,12,8,FALSE,FALSE
149,2,227,249,263,227,249,263,227,249,263,22,36,22,36,FALSE,FALSE
149,3,301,337,339,301,337,339,301,337,339,36,38,36,38,FALSE,FALSE
149,4,404,454,423,404,454,423,404,454,423,50,19,50,19,FALSE,FALSE
149,5,534,610,551,534,610,551,534,610,551,76,17,76,17,FALSE,FALSE
149,6,706,770,707,706,770,707,706,770,707,64,1,64,1,FALSE,FALSE
149,7,866,973,914,866,973,914,866,973,914,107,48,107,48,FALSE,FALSE
149,8,1080,1198,1149,1080,1198,1149,1080,1198,1149,118,69,118,69,FALSE,FALSE
149,9,1368,1456,1435,1368,1456,1435,1368,1456,1435,88,67,88,67,FALSE,FALSE
149,10,1660,1754,1698,1660,1754,1698,1660,1754,1698,94,38,94,38,FALSE,FALSE
149,11,1984,2119,1993,1984,2119,1993,1984,2119,1993,135,9,135,9,FALSE,FALSE
149,12,2295,2462,2409,2295,2462,2409,2295,2462,2409,167,114,167,114,FALSE,FALSE
149,13,2630,2820,2783,2630,2820,2783,2630,2820,2783,190,153,190,153,FALSE,FALSE
149,14,2958,3040,3104,2958,3040,3104,2958,3040,3104,82,146,82,146,FALSE,FALSE
149,15,3232,3337,3375,3232,3337,3375,3232,3337,3375,105,143,105,143,FALSE,FALSE
149,16,3470,3526,3570,3470,3526,3570,3470,3526,3570,56,100,56,100,FALSE,FALSE
149,17,3623,3661,3696,3623,3661,3696,3623,3661,3696,38,73,38,73,FALSE,FALSE
149,18,3757,3725,3784,3757,3725,3784,3757,3725,3784,-32,27,32,27,FALSE,FALSE
149,19,3822,3693,3830,3822,3693,3830,3822,3693,3830,-129,8,129,8,FALSE,FALSE
149,20,3797,3614,3816,3797,3614,3816,3797,3614,3816,-183,19,183,19,FALSE,FALSE
149,21,3741,3515,3725,3741,3515,3725,3741,3515,3725,-226,-16,226,16,FALSE,FALSE
149,22,3644,3422,3572,3644,3422,3572,3644,3422,3572,-222,-72,222,72,FALSE,FALSE
149,23,3490,3285,3437,3490,3285,3437,3490,3285,3437,-205,-53,205,53,FALSE,FALSE
149,24,3294,3120,3313,3294,3120,3313,3294,3120,3313,-174,19,174,19,FALSE,FALSE
149,25,3153,2968,3137,3153,2968,3137,3153,2968,3137,-185,-16,185,16,FALSE,FALSE
149,26,3015,2787,2949,3015,2787,2949,3015,2787,2949,-228,-66,228,66,FALSE,FALSE
149,27,2862,2602,2807,2862,2602,2807,2862,2602,2807,-260,-55,260,55,FALSE,FALSE
149,28,2738,2457,2627,2738,2457,2627,2738,2457,2627,-281,-111,281,111,FALSE,FALSE
149,29,2558,2266,2480,2558,2266,2480,2558,2266,2480,-292,-78,292,78,FALSE,FALSE
149,30,2404,2109,2300,2404,2109,2300,2404,2109,2300,-295,-104,295,104,FALSE,FALSE
149,31,2243,1970,2113,2243,1970,2113,2243,1970,2113,-273,-130,273,130,FALSE,FALSE
149,32,2092,1843,1955,2092,1843,1955,2092,1843,1955,-249,-137,249,137,FALSE,FALSE
149,33,1953,1706,1835,1953,1706,1835,1953,1706,1835,-247,-118,247,118,FALSE,FALSE
149,34,1819,1575,1681,1819,1575,1681,1819,1575,1681,-244,-138,244,138,FALSE,FALSE
149,35,1680,1469,1568,1680,1469,1568,1680,1469,1568,-211,-112,211,112,FALSE,FALSE
149,36,1555,1342,1463,1555,1342,1463,1555,1342,1463,-213,-92,213,92,FALSE,FALSE
149,37,1462,1237,1368,1462,1237,1368,1462,1237,1368,-225,-94,225,94,FALSE,FALSE
149,38,1354,1155,1251,1354,1155,1251,1354,1155,1251,-199,-103,199,103,FALSE,FALSE
149,39,1267,1064,1154,1267,1064,1154,1267,1064,1154,-203,-113,203,113,FALSE,FALSE
149,40,1159,970,1058,1159,970,1058,1159,970,1058,-189,-101,189,101,FALSE,FALSE
149,41,1067,901,974,1067,901,974,1067,901,974,-166,-93,166,93,FALSE,FALSE
149,42,984,842,894,984,842,894,984,842,894,-142,-90,142,90,FALSE,FALSE
149,43,918,786,820,918,786,820,918,786,820,-132,-98,132,98,FALSE,FALSE
149,44,840,720,774,840,720,774,840,720,774,-120,-66,120,66,FALSE,FALSE
149,45,765,653,728,765,653,728,765,653,728,-112,-37,112,37,FALSE,FALSE
149,46,699,606,672,699,606,672,699,606,672,-93,-27,93,27,FALSE,FALSE
149,47,654,541,613,654,541,613,654,541,613,-113,-41,113,41,FALSE,FALSE
149,48,591,500,562,591,500,562,591,500,562,-91,-29,91,29,FALSE,FALSE
149,49,548,458,508,548,458,508,548,458,508,-90,-40,90,40,FALSE,FALSE
149,50,511,430,472,511,430,472,511,430,472,-81,-39,81,39,FALSE,FALSE
149,51,474,392,435,474,392,435,474,392,435,-82,-39,82,39,FALSE,FALSE
149,52,432,359,398,432,359,398,432,359,398,-73,-34,73,34,FALSE,FALSE
149,53,395,337,374,395,337,374,395,337,374,-58,-21,58,21,FALSE,FALSE
149,54,364,313,340,364,313,340,364,313,340,-51,-24,51,24,FALSE,FALSE
149,55,336,290,322,336,290,322,336,290,322,-46,-14,46,14,FALSE,FALSE
149,56,307,269,297,307,269,297,307,269,297,-38,-10,38,10,FALSE,FALSE
149,57,286,249,279,286,249,279,286,249,279,-37,-7,37,7,FALSE,FALSE
149,58,261,229,248,261,229,248,261,229,248,-32,-13,32,13,FALSE,FALSE
149,59,242,211,236,242,211,236,242,211,236,-31,-6,31,6,FALSE,FALSE
149,60,211,200,218,211,200,218,211,200,218,-11,7,11,7,FALSE,FALSE
150,0,67,67,67,67,67,67,67,67,67,0,0,0,0,TRUE,TRUE
150,1,106,101,124,106,101,124,106,101,124,-5,18,5,18,FALSE,FALSE
150,2,174,167,211,174,167,211,174,167,211,-7,37,7,37,FALSE,FALSE
150,3,284,262,361,284,262,361,284,262,361,-22,77,22,77,FALSE,FALSE
150,4,459,389,530,459,389,530,459,389,530,-70,71,70,71,FALSE,FALSE
150,5,693,604,823,693,604,823,693,604,823,-89,130,89,130,FALSE,FALSE
150,6,1017,865,1144,1017,865,1144,1017,865,1144,-152,127,152,127,FALSE,FALSE
150,7,1421,1167,1556,1421,1167,1556,1421,1167,1556,-254,135,254,135,FALSE,FALSE
150,8,1795,1563,1999,1795,1563,1999,1795,1563,1999,-232,204,232,204,FALSE,FALSE
150,9,2164,1907,2235,2164,1907,2235,2164,1907,2235,-257,71,257,71,FALSE,FALSE
150,10,2330,2206,2324,2330,2206,2324,2330,2206,2324,-124,-6,124,6,FALSE,FALSE
150,11,2362,2234,2288,2362,2234,2288,2362,2234,2288,-128,-74,128,74,FALSE,FALSE
150,12,2191,2145,2145,2191,2145,2145,2191,2145,2145,-46,-46,46,46,FALSE,FALSE
150,13,1891,2058,1893,1891,2058,1893,1891,2058,1893,167,2,167,2,FALSE,FALSE
150,14,1647,1882,1629,1647,1882,1629,1647,1882,1629,235,-18,235,18,FALSE,FALSE
150,15,1435,1640,1336,1435,1640,1336,1435,1640,1336,205,-99,205,99,FALSE,FALSE
150,16,1183,1428,1109,1183,1428,1109,1183,1428,1109,245,-74,245,74,FALSE,FALSE
150,17,978,1226,908,978,1226,908,978,1226,908,248,-70,248,70,FALSE,FALSE
150,18,793,1028,751,793,1028,751,793,1028,751,235,-42,235,42,FALSE,FALSE
150,19,624,836,609,624,836,609,624,836,609,212,-15,212,15,FALSE,FALSE
150,20,501,686,501,501,686,501,501,686,501,185,0,185,0,FALSE,TRUE
150,21,385,547,395,385,547,395,385,547,395,162,10,162,10,FALSE,FALSE
150,22,301,437,313,301,437,313,301,437,313,136,12,136,12,FALSE,FALSE
150,23,240,370,240,240,370,240,240,370,240,130,0,130,0,FALSE,TRUE
150,24,189,301,198,189,301,198,189,301,198,112,9,112,9,FALSE,FALSE
150,25,153,248,157,153,248,157,153,248,157,95,4,95,4,FALSE,FALSE
150,26,117,202,122,117,202,122,117,202,122,85,5,85,5,FALSE,FALSE
150,27,91,166,93,91,166,93,91,166,93,75,2,75,2,FALSE,FALSE
150,28,67,141,70,67,141,70,67,141,70,74,3,74,3,FALSE,FALSE
150,29,57,112,56,57,112,56,57,112,56,55,-1,55,1,FALSE,FALSE
150,30,44,102,43,44,102,43,44,102,43,58,-1,58,1,FALSE,FALSE
150,31,35,88,34,35,88,34,35,88,34,53,-1,53,1,FALSE,FALSE
150,32,26,69,27,26,69,27,26,69,27,43,1,43,1,FALSE,FALSE
150,33,18,64,17,18,64,17,18,64,17,46,-1,46,1,FALSE,FALSE
150,34,17,56,13,17,56,13,17,56,13,39,-4,39,4,FALSE,FALSE
150,35,14,44,14,14,44,14,14,44,14,30,0,30,0,FALSE,TRUE
150,36,12,32,9,12,32,9,12,32,9,20,-3,20,3,FALSE,FALSE
150,37,8,26,9,8,26,9,8,26,9,18,1,18,1,FALSE,FALSE
150,38,6,23,7,6,23,7,6,23,7,17,1,17,1,FALSE,FALSE
150,39,3,18,6,3,18,6,3,18,6,15,3,15,3,FALSE,FALSE
150,40,2,14,6,2,14,6,2,14,6,12,4,12,4,FALSE,FALSE
150,41,2,13,5,2,13,5,2,13,5,11,3,11,3,FALSE,FALSE
150,42,2,12,3,2,12,3,2,12,3,10,1,10,1,FALSE,FALSE
150,43,1,9,3,1,9,3,1,9,3,8,2,8,2,FALSE,FALSE
150,44,1,8,3,1,8,3,1,8,3,7,2,7,2,FALSE,FALSE
150,45,1,5,1,1,5,1,1,5,1,4,0,4,0,FALSE,TRUE
150,46,1,5,1,1,5,1,1,5,1,4,0,4,0,FALSE,TRUE
150,47,1,4,1,1,4,1,1,4,1,3,0,3,0,FALSE,TRUE
150,48,1,4,0,1,4,0,1,4,0,3,-1,3,1,FALSE,FALSE
150,49,1,3,0,1,3,0,1,3,0,2,-1,2,1,FALSE,FALSE
150,50,0,2,0,0,2,0,0,2,0,2,0,2,0,FALSE,TRUE
150,51,0,2,0,0,2,0,0,2,0,2,0,2,0,FALSE,TRUE
150,52,0,1,0,0,1,0,0,1,0,1,0,1,0,FALSE,TRUE
150,53,0,1,0,0,1,0,0,1,0,1,0,1,0,FALSE,TRUE
150,54,0,1,0,0,1,0,0,1,0,1,0,1,0,FALSE,TRUE
150,55,0,1,0,0,1,0,0,1,0,1,0,1,0,FALSE,TRUE
150,56,0,1,0,0,1,0,0,1,0,1,0,1,0,FALSE,TRUE
150,57,0,1,0,0,1,0,0,1,0,1,0,1,0,FALSE,TRUE
150,58,0,1,0,0,1,0,0,1,0,1,0,1,0,FALSE,TRUE
150,59,0,2,0,0,2,0,0,2,0,2,0,2,0,FALSE,TRUE
150,60,0,1,0,0,1,0,0,1,0,1,0,1,0,FALSE,TRUE
151,0,114,114,114,114,114,114,114,114,114,0,0,0,0,TRUE,TRUE
151,1,134,122,126,134,122,126,134,122,126,-12,-8,12,8,FALSE,FALSE
151,2,151,140,140,151,140,140,151,140,140,-11,-11,11,11,FALSE,FALSE
151,3,188,169,148,188,169,148,188,169,148,-19,-40,19,40,FALSE,FALSE
151,4,217,189,164,217,189,164,217,189,164,-28,-53,28,53,FALSE,FALSE
151,5,231,214,185,231,214,185,231,214,185,-17,-46,17,46,FALSE,FALSE
151,6,267,251,201,267,251,201,267,251,201,-16,-66,16,66,FALSE,FALSE
151,7,301,276,235,301,276,235,301,276,235,-25,-66,25,66,FALSE,FALSE
151,8,334,319,277,334,319,277,334,319,277,-15,-57,15,57,FALSE,FALSE
151,9,402,357,311,402,357,311,402,357,311,-45,-91,45,91,FALSE,FALSE
151,10,462,408,355,462,408,355,462,408,355,-54,-107,54,107,FALSE,FALSE
151,11,510,423,406,510,423,406,510,423,406,-87,-104,87,104,FALSE,FALSE
151,12,550,459,432,550,459,432,550,459,432,-91,-118,91,118,FALSE,FALSE
151,13,616,514,489,616,514,489,616,514,489,-102,-127,102,127,FALSE,FALSE
151,14,655,567,554,655,567,554,655,567,554,-88,-101,88,101,FALSE,FALSE
151,15,713,608,615,713,608,615,713,608,615,-105,-98,105,98,FALSE,FALSE
151,16,773,655,683,773,655,683,773,655,683,-118,-90,118,90,FALSE,FALSE
151,17,845,707,752,845,707,752,845,707,752,-138,-93,138,93,FALSE,FALSE
151,18,897,750,809,897,750,809,897,750,809,-147,-88,147,88,FALSE,FALSE
151,19,919,811,875,919,811,875,919,811,875,-108,-44,108,44,FALSE,FALSE
151,20,963,838,963,963,838,963,963,838,963,-125,0,125,0,FALSE,TRUE
151,21,1016,902,990,1016,902,990,1016,902,990,-114,-26,114,26,FALSE,FALSE
151,22,1061,938,1038,1061,938,1038,1061,938,1038,-123,-23,123,23,FALSE,FALSE
151,23,1082,925,1050,1082,925,1050,1082,925,1050,-157,-32,157,32,FALSE,FALSE
151,24,1122,946,1105,1122,946,1105,1122,946,1105,-176,-17,176,17,FALSE,FALSE
151,25,1142,952,1113,1142,952,1113,1142,952,1113,-190,-29,190,29,FALSE,FALSE
151,26,1114,963,1146,1114,963,1146,1114,963,1146,-151,32,151,32,FALSE,FALSE
151,27,1117,963,1138,1117,963,1138,1117,963,1138,-154,21,154,21,FALSE,FALSE
151,28,1087,977,1115,1087,977,1115,1087,977,1115,-110,28,110,28,FALSE,FALSE
151,29,1093,980,1079,1093,980,1079,1093,980,1079,-113,-14,113,14,FALSE,FALSE
151,30,1058,952,1060,1058,952,1060,1058,952,1060,-106,2,106,2,FALSE,FALSE
151,31,1036,944,1013,1036,944,1013,1036,944,1013,-92,-23,92,23,FALSE,FALSE
151,32,1000,949,979,1000,949,979,1000,949,979,-51,-21,51,21,FALSE,FALSE
151,33,942,903,969,942,903,969,942,903,969,-39,27,39,27,FALSE,FALSE
151,34,903,881,940,903,881,940,903,881,940,-22,37,22,37,FALSE,FALSE
151,35,865,860,895,865,860,895,865,860,895,-5,30,5,30,FALSE,FALSE
151,36,810,800,849,810,800,849,810,800,849,-10,39,10,39,FALSE,FALSE
151,37,788,734,797,788,734,797,788,734,797,-54,9,54,9,FALSE,FALSE
151,38,727,673,749,727,673,749,727,673,749,-54,22,54,22,FALSE,FALSE
151,39,688,619,712,688,619,712,688,619,712,-69,24,69,24,FALSE,FALSE
151,40,664,541,651,664,541,651,664,541,651,-123,-13,123,13,FALSE,FALSE
151,41,591,509,621,591,509,621,591,509,621,-82,30,82,30,FALSE,FALSE
151,42,527,477,593,527,477,593,527,477,593,-50,66,50,66,FALSE,FALSE
151,43,469,455,540,469,455,540,469,455,540,-14,71,14,71,FALSE,FALSE
151,44,414,408,493,414,408,493,414,408,493,-6,79,6,79,FALSE,FALSE
151,45,387,387,441,387,387,441,387,387,441,0,54,0,54,TRUE,FALSE
151,46,350,343,401,350,343,401,350,343,401,-7,51,7,51,FALSE,FALSE
151,47,328,322,392,328,322,392,328,322,392,-6,64,6,64,FALSE,FALSE
151,48,305,307,368,305,307,368,305,307,368,2,63,2,63,FALSE,FALSE
151,49,293,270,330,293,270,330,293,270,330,-23,37,23,37,FALSE,FALSE
151,50,256,245,298,256,245,298,256,245,298,-11,42,11,42,FALSE,FALSE
151,51,242,233,252,242,233,252,242,233,252,-9,10,9,10,FALSE,FALSE
151,52,205,228,240,205,228,240,205,228,240,23,35,23,35,FALSE,FALSE
151,53,180,221,225,180,221,225,180,221,225,41,45,41,45,FALSE,FALSE
151,54,166,204,205,166,204,205,166,204,205,38,39,38,39,FALSE,FALSE
151,55,171,191,190,171,191,190,171,191,190,20,19,20,19,FALSE,FALSE
151,56,147,172,168,147,172,168,147,172,168,25,21,25,21,FALSE,FALSE
151,57,144,150,157,144,150,157,144,150,157,6,13,6,13,FALSE,FALSE
151,58,130,143,145,130,143,145,130,143,145,13,15,13,15,FALSE,FALSE
151,59,131,137,142,131,137,142,131,137,142,6,11,6,11,FALSE,FALSE
151,60,117,130,131,117,130,131,117,130,131,13,14,13,14,FALSE,FALSE
152,0,59,59,59,59,59,59,59,59,59,0,0,0,0,TRUE,TRUE
152,1,78,78,83,78,78,83,78,78,83,0,5,0,5,TRUE,FALSE
152,2,109,95,114,109,95,114,109,95,114,-14,5,14,5,FALSE,FALSE
152,3,144,122,140,144,122,140,144,122,140,-22,-4,22,4,FALSE,FALSE
152,4,180,162,164,180,162,164,180,162,164,-18,-16,18,16,FALSE,FALSE
152,5,227,208,210,227,208,210,227,208,210,-19,-17,19,17,FALSE,FALSE
152,6,303,247,264,303,247,264,303,247,264,-56,-39,56,39,FALSE,FALSE
152,7,369,311,323,369,311,323,369,311,323,-58,-46,58,46,FALSE,FALSE
152,8,468,388,427,468,388,427,468,388,427,-80,-41,80,41,FALSE,FALSE
152,9,577,493,558,577,493,558,577,493,558,-84,-19,84,19,FALSE,FALSE
152,10,718,634,734,718,634,734,718,634,734,-84,16,84,16,FALSE,FALSE
152,11,891,793,898,891,793,898,891,793,898,-98,7,98,7,FALSE,FALSE
152,12,1091,976,1129,1091,976,1129,1091,976,1129,-115,38,115,38,FALSE,FALSE
152,13,1314,1236,1371,1314,1236,1371,1314,1236,1371,-78,57,78,57,FALSE,FALSE
152,14,1575,1505,1620,1575,1505,1620,1575,1505,1620,-70,45,70,45,FALSE,FALSE
152,15,1824,1785,1907,1824,1785,1907,1824,1785,1907,-39,83,39,83,FALSE,FALSE
152,16,2110,2061,2185,2110,2061,2185,2110,2061,2185,-49,75,49,75,FALSE,FALSE
152,17,2365,2379,2489,2365,2379,2489,2365,2379,2489,14,124,14,124,FALSE,FALSE
152,18,2584,2655,2764,2584,2655,2764,2584,2655,2764,71,180,71,180,FALSE,FALSE
152,19,2823,2936,2984,2823,2936,2984,2823,2936,2984,113,161,113,161,FALSE,FALSE
152,20,2979,3095,3166,2979,3095,3166,2979,3095,3166,116,187,116,187,FALSE,FALSE
152,21,3144,3187,3309,3144,3187,3309,3144,3187,3309,43,165,43,165,FALSE,FALSE
152,22,3235,3310,3415,3235,3310,3415,3235,3310,3415,75,180,75,180,FALSE,FALSE
152,23,3305,3401,3470,3305,3401,3470,3305,3401,3470,96,165,96,165,FALSE,FALSE
152,24,3285,3405,3462,3285,3405,3462,3285,3405,3462,120,177,120,177,FALSE,FALSE
152,25,3270,3346,3421,3270,3346,3421,3270,3346,3421,76,151,76,151,FALSE,FALSE
152,26,3212,3288,3367,3212,3288,3367,3212,3288,3367,76,155,76,155,FALSE,FALSE
152,27,3114,3197,3280,3114,3197,3280,3114,3197,3280,83,166,83,166,FALSE,FALSE
152,28,2999,3104,3131,2999,3104,3131,2999,3104,3131,105,132,105,132,FALSE,FALSE
152,29,2907,2935,2966,2907,2935,2966,2907,2935,2966,28,59,28,59,FALSE,FALSE
152,30,2780,2815,2810,2780,2815,2810,2780,2815,2810,35,30,35,30,FALSE,FALSE
152,31,2648,2658,2650,2648,2658,2650,2648,2658,2650,10,2,10,2,FALSE,FALSE
152,32,2508,2511,2496,2508,2511,2496,2508,2511,2496,3,-12,3,12,FALSE,FALSE
152,33,2376,2374,2341,2376,2374,2341,2376,2374,2341,-2,-35,2,35,FALSE,FALSE
152,34,2249,2210,2195,2249,2210,2195,2249,2210,2195,-39,-54,39,54,FALSE,FALSE
152,35,2114,2063,2044,2114,2063,2044,2114,2063,2044,-51,-70,51,70,FALSE,FALSE
152,36,1966,1925,1921,1966,1925,1921,1966,1925,1921,-41,-45,41,45,FALSE,FALSE
152,37,1822,1807,1782,1822,1807,1782,1822,1807,1782,-15,-40,15,40,FALSE,FALSE
152,38,1727,1709,1670,1727,1709,1670,1727,1709,1670,-18,-57,18,57,FALSE,FALSE
152,39,1637,1586,1573,1637,1586,1573,1637,1586,1573,-51,-64,51,64,FALSE,FALSE
152,40,1526,1459,1469,1526,1459,1469,1526,1459,1469,-67,-57,67,57,FALSE,FALSE
152,41,1449,1358,1367,1449,1358,1367,1449,1358,1367,-91,-82,91,82,FALSE,FALSE
152,42,1355,1253,1262,1355,1253,1262,1355,1253,1262,-102,-93,102,93,FALSE,FALSE
152,43,1282,1172,1170,1282,1172,1170,1282,1172,1170,-110,-112,110,112,FALSE,FALSE
152,44,1202,1087,1069,1202,1087,1069,1202,1087,1069,-115,-133,115,133,FALSE,FALSE
152,45,1124,1024,998,1124,1024,998,1124,1024,998,-100,-126,100,126,FALSE,FALSE
152,46,1055,948,923,1055,948,923,1055,948,923,-107,-132,107,132,FALSE,FALSE
152,47,981,886,846,981,886,846,981,886,846,-95,-135,95,135,FALSE,FALSE
152,48,892,811,776,892,811,776,892,811,776,-81,-116,81,116,FALSE,FALSE
152,49,829,763,729,829,763,729,829,763,729,-66,-100,66,100,FALSE,FALSE
152,50,768,707,672,768,707,672,768,707,672,-61,-96,61,96,FALSE,FALSE
152,51,719,654,607,719,654,607,719,654,607,-65,-112,65,112,FALSE,FALSE
152,52,652,603,564,652,603,564,652,603,564,-49,-88,49,88,FALSE,FALSE
152,53,606,564,523,606,564,523,606,564,523,-42,-83,42,83,FALSE,FALSE
152,54,577,506,495,577,506,495,577,506,495,-71,-82,71,82,FALSE,FALSE
152,55,536,460,457,536,460,457,536,460,457,-76,-79,76,79,FALSE,FALSE
152,56,510,429,421,510,429,421,510,429,421,-81,-89,81,89,FALSE,FALSE
152,57,477,400,376,477,400,376,477,400,376,-77,-101,77,101,FALSE,FALSE
152,58,439,380,349,439,380,349,439,380,349,-59,-90,59,90,FALSE,FALSE
152,59,401,343,320,401,343,320,401,343,320,-58,-81,58,81,FALSE,FALSE
152,60,376,319,294,376,319,294,376,319,294,-57,-82,57,82,FALSE,FALSE
153,0,75,75,75,75,75,75,75,75,75,0,0,0,0,TRUE,TRUE
153,1,141,127,130,141,127,130,141,127,130,-14,-11,14,11,FALSE,FALSE
153,2,254,180,220,254,180,220,254,180,220,-74,-34,74,34,FALSE,FALSE
153,3,486,282,394,486,282,394,486,282,394,-204,-92,204,92,FALSE,FALSE
153,4,852,449,681,852,449,681,852,449,681,-403,-171,403,171,FALSE,FALSE
153,5,1375,676,1135,1375,676,1135,1375,676,1135,-699,-240,699,240,FALSE,FALSE
153,6,2025,1014,1745,2025,1014,1745,2025,1014,1745,-1011,-280,1011,280,FALSE,FALSE
153,7,2634,1433,2356,2634,1433,2356,2634,1433,2356,-1201,-278,1201,278,FALSE,FALSE
153,8,2964,1853,2803,2964,1853,2803,2964,1853,2803,-1111,-161,1111,161,FALSE,FALSE
153,9,2955,2206,3015,2955,2206,3015,2955,2206,3015,-749,60,749,60,FALSE,FALSE
153,10,2698,2445,2895,2698,2445,2895,2698,2445,2895,-253,197,253,197,FALSE,FALSE
153,11,2371,2507,2570,2371,2507,2570,2371,2507,2570,136,199,136,199,FALSE,FALSE
153,12,2009,2398,2186,2009,2398,2186,2009,2398,2186,389,177,389,177,FALSE,FALSE
153,13,1680,2234,1846,1680,2234,1846,1680,2234,1846,554,166,554,166,FALSE,FALSE
153,14,1367,1956,1543,1367,1956,1543,1367,1956,1543,589,176,589,176,FALSE,FALSE
153,15,1120,1705,1231,1120,1705,1231,1120,1705,1231,585,111,585,111,FALSE,FALSE
153,16,904,1446,996,904,1446,996,904,1446,996,542,92,542,92,FALSE,FALSE
153,17,704,1197,792,704,1197,792,704,1197,792,493,88,493,88,FALSE,FALSE
153,18,543,984,627,543,984,627,543,984,627,441,84,441,84,FALSE,FALSE
153,19,448,798,531,448,798,531,448,798,531,350,83,350,83,FALSE,FALSE
153,20,352,649,412,352,649,412,352,649,412,297,60,297,60,FALSE,FALSE
153,21,275,524,320,275,524,320,275,524,320,249,45,249,45,FALSE,FALSE
153,22,224,412,257,224,412,257,224,412,257,188,33,188,33,FALSE,FALSE
153,23,169,319,200,169,319,200,169,319,200,150,31,150,31,FALSE,FALSE
153,24,135,237,150,135,237,150,135,237,150,102,15,102,15,FALSE,FALSE
153,25,109,188,115,109,188,115,109,188,115,79,6,79,6,FALSE,FALSE
153,26,88,154,89,88,154,89,88,154,89,66,1,66,1,FALSE,FALSE
153,27,67,123,70,67,123,70,67,123,70,56,3,56,3,FALSE,FALSE
153,28,58,101,57,58,101,57,58,101,57,43,-1,43,1,FALSE,FALSE
153,29,42,78,48,42,78,48,42,78,48,36,6,36,6,FALSE,FALSE
153,30,38,63,39,38,63,39,38,63,39,25,1,25,1,FALSE,FALSE
153,31,28,53,27,28,53,27,28,53,27,25,-1,25,1,FALSE,FALSE
153,32,23,41,18,23,41,18,23,41,18,18,-5,18,5,FALSE,FALSE
153,33,21,38,14,21,38,14,21,38,14,17,-7,17,7,FALSE,FALSE
153,34,17,37,10,17,37,10,17,37,10,20,-7,20,7,FALSE,FALSE
153,35,14,35,9,14,35,9,14,35,9,21,-5,21,5,FALSE,FALSE
153,36,12,29,6,12,29,6,12,29,6,17,-6,17,6,FALSE,FALSE
153,37,11,26,3,11,26,3,11,26,3,15,-8,15,8,FALSE,FALSE
153,38,10,23,3,10,23,3,10,23,3,13,-7,13,7,FALSE,FALSE
153,39,10,18,2,10,18,2,10,18,2,8,-8,8,8,FALSE,FALSE
153,40,9,17,2,9,17,2,9,17,2,8,-7,8,7,FALSE,FALSE
153,41,7,14,2,7,14,2,7,14,2,7,-5,7,5,FALSE,FALSE
153,42,4,11,2,4,11,2,4,11,2,7,-2,7,2,FALSE,FALSE
153,43,3,8,2,3,8,2,3,8,2,5,-1,5,1,FALSE,FALSE
153,44,3,6,2,3,6,2,3,6,2,3,-1,3,1,FALSE,FALSE
153,45,3,7,2,3,7,2,3,7,2,4,-1,4,1,FALSE,FALSE
153,46,2,5,2,2,5,2,2,5,2,3,0,3,0,FALSE,TRUE
153,47,2,4,2,2,4,2,2,4,2,2,0,2,0,FALSE,TRUE
153,48,2,4,2,2,4,2,2,4,2,2,0,2,0,FALSE,TRUE
153,49,2,1,2,2,1,2,2,1,2,-1,0,1,0,FALSE,TRUE
153,50,1,1,1,1,1,1,1,1,1,0,0,0,0,TRUE,TRUE
153,51,1,1,1,1,1,1,1,1,1,0,0,0,0,TRUE,TRUE
153,52,1,0,1,1,0,1,1,0,1,-1,0,1,0,FALSE,TRUE
153,53,1,0,1,1,0,1,1,0,1,-1,0,1,0,FALSE,TRUE
153,54,1,0,1,1,0,1,1,0,1,-1,0,1,0,FALSE,TRUE
153,55,0,0,1,0,0,1,0,0,1,0,1,0,1,TRUE,FALSE
153,56,0,0,0,0,0,0,0,0,0,0,0,0,0,TRUE,TRUE
153,57,0,0,0,0,0,0,0,0,0,0,0,0,0,TRUE,TRUE
153,58,0,0,0,0,0,0,0,0,0,0,0,0,0,TRUE,TRUE
153,59,0,0,0,0,0,0,0,0,0,0,0,0,0,TRUE,TRUE
153,60,0,0,0,0,0,0,0,0,0,0,0,0,0,TRUE,TRUE
154,0,47,47,47,47,47,47,47,47,47,0,0,0,0,TRUE,TRUE
154,1,63,76,69,63,76,69,63,76,69,13,6,13,6,FALSE,FALSE
154,2,95,120,108,95,120,108,95,120,108,25,13,25,13,FALSE,FALSE
154,3,130,156,158,130,156,158,130,156,158,26,28,26,28,FALSE,FALSE
154,4,190,246,199,190,246,199,190,246,199,56,9,56,9,FALSE,FALSE
154,5,270,365,294,270,365,294,270,365,294,95,24,95,24,FALSE,FALSE
154,6,363,522,407,363,522,407,363,522,407,159,44,159,44,FALSE,FALSE
154,7,495,735,582,495,735,582,495,735,582,240,87,240,87,FALSE,FALSE
154,8,697,1002,785,697,1002,785,697,1002,785,305,88,305,88,FALSE,FALSE
154,9,919,1361,1059,919,1361,1059,919,1361,1059,442,140,442,140,FALSE,FALSE
154,10,1234,1715,1383,1234,1715,1383,1234,1715,1383,481,149,481,149,FALSE,FALSE
154,11,1572,2044,1695,1572,2044,1695,1572,2044,1695,472,123,472,123,FALSE,FALSE
154,12,1892,2342,1970,1892,2342,1970,1892,2342,1970,450,78,450,78,FALSE,FALSE
154,13,2190,2485,2236,2190,2485,2236,2190,2485,2236,295,46,295,46,FALSE,FALSE
154,14,2399,2574,2436,2399,2574,2436,2399,2574,2436,175,37,175,37,FALSE,FALSE
154,15,2516,2651,2522,2516,2651,2522,2516,2651,2522,135,6,135,6,FALSE,FALSE
154,16,2580,2533,2511,2580,2533,2511,2580,2533,2511,-47,-69,47,69,FALSE,FALSE
154,17,2533,2424,2458,2533,2424,2458,2533,2424,2458,-109,-75,109,75,FALSE,FALSE
154,18,2410,2269,2363,2410,2269,2363,2410,2269,2363,-141,-47,141,47,FALSE,FALSE
154,19,2301,2117,2267,2301,2117,2267,2301,2117,2267,-184,-34,184,34,FALSE,FALSE
154,20,2140,1964,2065,2140,1964,2065,2140,1964,2065,-176,-75,176,75,FALSE,FALSE
154,21,2009,1786,1913,2009,1786,1913,2009,1786,1913,-223,-96,223,96,FALSE,FALSE
154,22,1832,1631,1734,1832,1631,1734,1832,1631,1734,-201,-98,201,98,FALSE,FALSE
154,23,1668,1448,1559,1668,1448,1559,1668,1448,1559,-220,-109,220,109,FALSE,FALSE
154,24,1504,1301,1408,1504,1301,1408,1504,1301,1408,-203,-96,203,96,FALSE,FALSE
154,25,1379,1156,1265,1379,1156,1265,1379,1156,1265,-223,-114,223,114,FALSE,FALSE
154,26,1241,1046,1154,1241,1046,1154,1241,1046,1154,-195,-87,195,87,FALSE,FALSE
154,27,1120,926,1031,1120,926,1031,1120,926,1031,-194,-89,194,89,FALSE,FALSE
154,28,1017,845,932,1017,845,932,1017,845,932,-172,-85,172,85,FALSE,FALSE
154,29,923,774,842,923,774,842,923,774,842,-149,-81,149,81,FALSE,FALSE
154,30,823,689,732,823,689,732,823,689,732,-134,-91,134,91,FALSE,FALSE
154,31,723,618,663,723,618,663,723,618,663,-105,-60,105,60,FALSE,FALSE
154,32,643,541,571,643,541,571,643,541,571,-102,-72,102,72,FALSE,FALSE
154,33,553,488,515,553,488,515,553,488,515,-65,-38,65,38,FALSE,FALSE
154,34,493,440,459,493,440,459,493,440,459,-53,-34,53,34,FALSE,FALSE
154,35,449,389,402,449,389,402,449,389,402,-60,-47,60,47,FALSE,FALSE
154,36,384,339,359,384,339,359,384,339,359,-45,-25,45,25,FALSE,FALSE
154,37,349,309,319,349,309,319,349,309,319,-40,-30,40,30,FALSE,FALSE
154,38,316,275,286,316,275,286,316,275,286,-41,-30,41,30,FALSE,FALSE
154,39,279,244,254,279,244,254,279,244,254,-35,-25,35,25,FALSE,FALSE
154,40,249,207,228,249,207,228,249,207,228,-42,-21,42,21,FALSE,FALSE
154,41,222,188,203,222,188,203,222,188,203,-34,-19,34,19,FALSE,FALSE
154,42,191,162,182,191,162,182,191,162,182,-29,-9,29,9,FALSE,FALSE
154,43,172,150,157,172,150,157,172,150,157,-22,-15,22,15,FALSE,FALSE
154,44,152,132,131,152,132,131,152,132,131,-20,-21,20,21,FALSE,FALSE
154,45,135,117,112,135,117,112,135,117,112,-18,-23,18,23,FALSE,FALSE
154,46,118,102,102,118,102,102,118,102,102,-16,-16,16,16,FALSE,FALSE
154,47,106,92,96,106,92,96,106,92,96,-14,-10,14,10,FALSE,FALSE
154,48,96,83,82,96,83,82,96,83,82,-13,-14,13,14,FALSE,FALSE
154,49,86,66,74,86,66,74,86,66,74,-20,-12,20,12,FALSE,FALSE
154,50,79,57,65,79,57,65,79,57,65,-22,-14,22,14,FALSE,FALSE
154,51,70,53,58,70,53,58,70,53,58,-17,-12,17,12,FALSE,FALSE
154,52,55,48,53,55,48,53,55,48,53,-7,-2,7,2,FALSE,FALSE
154,53,50,39,49,50,39,49,50,39,49,-11,-1,11,1,FALSE,FALSE
154,54,45,37,44,45,37,44,45,37,44,-8,-1,8,1,FALSE,FALSE
154,55,42,36,39,42,36,39,42,36,39,-6,-3,6,3,FALSE,FALSE
154,56,34,33,31,34,33,31,34,33,31,-1,-3,1,3,FALSE,FALSE
154,57,29,27,29,29,27,29,29,27,29,-2,0,2,0,FALSE,TRUE
154,58,27,25,28,27,25,28,27,25,28,-2,1,2,1,FALSE,FALSE
154,59,25,22,26,25,22,26,25,22,26,-3,1,3,1,FALSE,FALSE
154,60,24,18,19,24,18,19,24,18,19,-6,-5,6,5,FALSE,FALSE
155,0,62,62,62,62,62,62,62,62,62,0,0,0,0,TRUE,TRUE
155,1,94,97,106,94,97,106,94,97,106,3,12,3,12,FALSE,FALSE
155,2,155,159,165,155,159,165,155,159,165,4,10,4,10,FALSE,FALSE
155,3,247,241,259,247,241,259,247,241,259,-6,12,6,12,FALSE,FALSE
155,4,382,402,401,382,402,401,382,402,401,20,19,20,19,FALSE,FALSE
155,5,598,650,631,598,650,631,598,650,631,52,33,52,33,FALSE,FALSE
155,6,909,994,980,909,994,980,909,994,980,85,71,85,71,FALSE,FALSE
155,7,1366,1463,1405,1366,1463,1405,1366,1463,1405,97,39,97,39,FALSE,FALSE
155,8,1924,2004,1924,1924,2004,1924,1924,2004,1924,80,0,80,0,FALSE,TRUE
155,9,2480,2611,2463,2480,2611,2463,2480,2611,2463,131,-17,131,17,FALSE,FALSE
155,10,2958,3067,2920,2958,3067,2920,2958,3067,2920,109,-38,109,38,FALSE,FALSE
155,11,3271,3356,3262,3271,3356,3262,3271,3356,3262,85,-9,85,9,FALSE,FALSE
155,12,3352,3439,3265,3352,3439,3265,3352,3439,3265,87,-87,87,87,FALSE,FALSE
155,13,3271,3310,3169,3271,3310,3169,3271,3310,3169,39,-102,39,102,FALSE,FALSE
155,14,3033,3088,2902,3033,3088,2902,3033,3088,2902,55,-131,55,131,FALSE,FALSE
155,15,2700,2722,2607,2700,2722,2607,2700,2722,2607,22,-93,22,93,FALSE,FALSE
155,16,2332,2361,2252,2332,2361,2252,2332,2361,2252,29,-80,29,80,FALSE,FALSE
155,17,2016,2058,1950,2016,2058,1950,2016,2058,1950,42,-66,42,66,FALSE,FALSE
155,18,1731,1753,1675,1731,1753,1675,1731,1753,1675,22,-56,22,56,FALSE,FALSE
155,19,1452,1480,1424,1452,1480,1424,1452,1480,1424,28,-28,28,28,FALSE,FALSE
155,20,1199,1235,1164,1199,1235,1164,1199,1235,1164,36,-35,36,35,FALSE,FALSE
155,21,1008,1026,969,1008,1026,969,1008,1026,969,18,-39,18,39,FALSE,FALSE
155,22,833,866,807,833,866,807,833,866,807,33,-26,33,26,FALSE,FALSE
155,23,692,723,652,692,723,652,692,723,652,31,-40,31,40,FALSE,FALSE
155,24,568,615,538,568,615,538,568,615,538,47,-30,47,30,FALSE,FALSE
155,25,465,505,452,465,505,452,465,505,452,40,-13,40,13,FALSE,FALSE
155,26,371,417,370,371,417,370,371,417,370,46,-1,46,1,FALSE,FALSE
155,27,307,339,295,307,339,295,307,339,295,32,-12,32,12,FALSE,FALSE
155,28,258,275,251,258,275,251,258,275,251,17,-7,17,7,FALSE,FALSE
155,29,208,229,200,208,229,200,208,229,200,21,-8,21,8,FALSE,FALSE
155,30,170,187,170,170,187,170,170,187,170,17,0,17,0,FALSE,TRUE
155,31,147,162,145,147,162,145,147,162,145,15,-2,15,2,FALSE,FALSE
155,32,121,139,119,121,139,119,121,139,119,18,-2,18,2,FALSE,FALSE
155,33,92,122,97,92,122,97,92,122,97,30,5,30,5,FALSE,FALSE
155,34,81,101,80,81,101,80,81,101,80,20,-1,20,1,FALSE,FALSE
155,35,71,77,68,71,77,68,71,77,68,6,-3,6,3,FALSE,FALSE
155,36,63,63,55,63,63,55,63,63,55,0,-8,0,8,TRUE,FALSE
155,37,55,53,45,55,53,45,55,53,45,-2,-10,2,10,FALSE,FALSE
155,38,46,38,37,46,38,37,46,38,37,-8,-9,8,9,FALSE,FALSE
155,39,43,35,34,43,35,34,43,35,34,-8,-9,8,9,FALSE,FALSE
155,40,36,26,28,36,26,28,36,26,28,-10,-8,10,8,FALSE,FALSE
155,41,30,25,21,30,25,21,30,25,21,-5,-9,5,9,FALSE,FALSE
155,42,24,16,16,24,16,16,24,16,16,-8,-8,8,8,FALSE,FALSE
155,43,16,13,12,16,13,12,16,13,12,-3,-4,3,4,FALSE,FALSE
155,44,13,12,10,13,12,10,13,12,10,-1,-3,1,3,FALSE,FALSE
155,45,8,11,9,8,11,9,8,11,9,3,1,3,1,FALSE,FALSE
155,46,7,7,8,7,7,8,7,7,8,0,1,0,1,TRUE,FALSE
155,47,7,7,7,7,7,7,7,7,7,0,0,0,0,TRUE,TRUE
155,48,7,6,6,7,6,6,7,6,6,-1,-1,1,1,FALSE,FALSE
155,49,6,5,5,6,5,5,6,5,5,-1,-1,1,1,FALSE,FALSE
155,50,3,5,4,3,5,4,3,5,4,2,1,2,1,FALSE,FALSE
155,51,4,5,3,4,5,3,4,5,3,1,-1,1,1,FALSE,FALSE
155,52,3,4,2,3,4,2,3,4,2,1,-1,1,1,FALSE,FALSE
155,53,3,3,1,3,3,1,3,3,1,0,-2,0,2,TRUE,FALSE
155,54,3,2,1,3,2,1,3,2,1,-1,-2,1,2,FALSE,FALSE
155,55,3,2,0,3,2,0,3,2,0,-1,-3,1,3,FALSE,FALSE
155,56,3,2,0,3,2,0,3,2,0,-1,-3,1,3,FALSE,FALSE
155,57,1,2,0,1,2,0,1,2,0,1,-1,1,1,FALSE,FALSE
155,58,1,1,0,1,1,0,1,1,0,0,-1,0,1,TRUE,FALSE
155,59,1,1,0,1,1,0,1,1,0,0,-1,0,1,TRUE,FALSE
155,60,1,1,0,1,1,0,1,1,0,0,-1,0,1,TRUE,FALSE
156,0,93,93,93,93,93,93,93,93,93,0,0,0,0,TRUE,TRUE
156,1,97,485,90,97,485,90,97,485,90,388,-7,388,7,FALSE,FALSE
156,2,94,2130,91,94,2130,91,94,2130,91,2036,-3,2036,3,FALSE,FALSE
156,3,97,4261,92,97,4261,92,97,4261,92,4164,-5,4164,5,FALSE,FALSE
156,4,92,3764,99,92,3764,99,92,3764,99,3672,7,3672,7,FALSE,FALSE
156,5,91,2683,103,91,2683,103,91,2683,103,2592,12,2592,12,FALSE,FALSE
156,6,99,1848,109,99,1848,109,99,1848,109,1749,10,1749,10,FALSE,FALSE
156,7,101,1294,109,101,1294,109,101,1294,109,1193,8,1193,8,FALSE,FALSE
156,8,100,883,113,100,883,113,100,883,113,783,13,783,13,FALSE,FALSE
156,9,101,629,117,101,629,117,101,629,117,528,16,528,16,FALSE,FALSE
156,10,96,452,119,96,452,119,96,452,119,356,23,356,23,FALSE,FALSE
156,11,100,308,121,100,308,121,100,308,121,208,21,208,21,FALSE,FALSE
156,12,100,208,124,100,208,124,100,208,124,108,24,108,24,FALSE,FALSE
156,13,106,155,132,106,155,132,106,155,132,49,26,49,26,FALSE,FALSE
156,14,100,101,122,100,101,122,100,101,122,1,22,1,22,FALSE,FALSE
156,15,95,66,123,95,66,123,95,66,123,-29,28,29,28,FALSE,FALSE
156,16,98,44,119,98,44,119,98,44,119,-54,21,54,21,FALSE,FALSE
156,17,111,26,125,111,26,125,111,26,125,-85,14,85,14,FALSE,FALSE
156,18,118,18,112,118,18,112,118,18,112,-100,-6,100,6,FALSE,FALSE
156,19,113,16,108,113,16,108,113,16,108,-97,-5,97,5,FALSE,FALSE
156,20,117,10,108,117,10,108,117,10,108,-107,-9,107,9,FALSE,FALSE
156,21,115,7,104,115,7,104,115,7,104,-108,-11,108,11,FALSE,FALSE
156,22,117,6,105,117,6,105,117,6,105,-111,-12,111,12,FALSE,FALSE
156,23,119,2,102,119,2,102,119,2,102,-117,-17,117,17,FALSE,FALSE
156,24,124,1,106,124,1,106,124,1,106,-123,-18,123,18,FALSE,FALSE
156,25,126,1,108,126,1,108,126,1,108,-125,-18,125,18,FALSE,FALSE
156,26,121,1,111,121,1,111,121,1,111,-120,-10,120,10,FALSE,FALSE
156,27,117,1,116,117,1,116,117,1,116,-116,-1,116,1,FALSE,FALSE
156,28,118,1,112,118,1,112,118,1,112,-117,-6,117,6,FALSE,FALSE
156,29,117,1,109,117,1,109,117,1,109,-116,-8,116,8,FALSE,FALSE
156,30,119,1,116,119,1,116,119,1,116,-118,-3,118,3,FALSE,FALSE
156,31,116,0,122,116,0,122,116,0,122,-116,6,116,6,FALSE,FALSE
156,32,125,0,120,125,0,120,125,0,120,-125,-5,125,5,FALSE,FALSE
156,33,127,0,122,127,0,122,127,0,122,-127,-5,127,5,FALSE,FALSE
156,34,129,0,125,129,0,125,129,0,125,-129,-4,129,4,FALSE,FALSE
156,35,143,0,123,143,0,123,143,0,123,-143,-20,143,20,FALSE,FALSE
156,36,142,0,125,142,0,125,142,0,125,-142,-17,142,17,FALSE,FALSE
156,37,145,0,120,145,0,120,145,0,120,-145,-25,145,25,FALSE,FALSE
156,38,139,0,124,139,0,124,139,0,124,-139,-15,139,15,FALSE,FALSE
156,39,144,0,128,144,0,128,144,0,128,-144,-16,144,16,FALSE,FALSE
156,40,140,0,139,140,0,139,140,0,139,-140,-1,140,1,FALSE,FALSE
156,41,128,0,144,128,0,144,128,0,144,-128,16,128,16,FALSE,FALSE
156,42,131,0,149,131,0,149,131,0,149,-131,18,131,18,FALSE,FALSE
156,43,140,0,149,140,0,149,140,0,149,-140,9,140,9,FALSE,FALSE
156,44,133,0,152,133,0,152,133,0,152,-133,19,133,19,FALSE,FALSE
156,45,132,0,149,132,0,149,132,0,149,-132,17,132,17,FALSE,FALSE
156,46,129,0,153,129,0,153,129,0,153,-129,24,129,24,FALSE,FALSE
156,47,133,0,151,133,0,151,133,0,151,-133,18,133,18,FALSE,FALSE
156,48,135,0,150,135,0,150,135,0,150,-135,15,135,15,FALSE,FALSE
156,49,142,0,139,142,0,139,142,0,139,-142,-3,142,3,FALSE,FALSE
156,50,138,0,136,138,0,136,138,0,136,-138,-2,138,2,FALSE,FALSE
156,51,132,0,132,132,0,132,132,0,132,-132,0,132,0,FALSE,TRUE
156,52,123,0,126,123,0,126,123,0,126,-123,3,123,3,FALSE,FALSE
156,53,136,0,115,136,0,115,136,0,115,-136,-21,136,21,FALSE,FALSE
156,54,131,0,122,131,0,122,131,0,122,-131,-9,131,9,FALSE,FALSE
156,55,125,0,106,125,0,106,125,0,106,-125,-19,125,19,FALSE,FALSE
156,56,117,0,97,117,0,97,117,0,97,-117,-20,117,20,FALSE,FALSE
156,57,125,0,100,125,0,100,125,0,100,-125,-25,125,25,FALSE,FALSE
156,58,127,0,101,127,0,101,127,0,101,-127,-26,127,26,FALSE,FALSE
156,59,123,0,98,123,0,98,123,0,98,-123,-25,123,25,FALSE,FALSE
156,60,121,0,94,121,0,94,121,0,94,-121,-27,121,27,FALSE,FALSE
157,0,114,114,114,114,114,114,114,114,114,0,0,0,0,TRUE,TRUE
157,1,117,135,118,117,135,118,117,135,118,18,1,18,1,FALSE,FALSE
157,2,125,161,132,125,161,132,125,161,132,36,7,36,7,FALSE,FALSE
157,3,138,182,146,138,182,146,138,182,146,44,8,44,8,FALSE,FALSE
157,4,155,216,165,155,216,165,155,216,165,61,10,61,10,FALSE,FALSE
157,5,176,227,192,176,227,192,176,227,192,51,16,51,16,FALSE,FALSE
157,6,195,254,226,195,254,226,195,254,226,59,31,59,31,FALSE,FALSE
157,7,221,279,246,221,279,246,221,279,246,58,25,58,25,FALSE,FALSE
157,8,247,313,280,247,313,280,247,313,280,66,33,66,33,FALSE,FALSE
157,9,270,353,302,270,353,302,270,353,302,83,32,83,32,FALSE,FALSE
157,10,306,387,324,306,387,324,306,387,324,81,18,81,18,FALSE,FALSE
157,11,352,422,361,352,422,361,352,422,361,70,9,70,9,FALSE,FALSE
157,12,386,472,385,386,472,385,386,472,385,86,-1,86,1,FALSE,FALSE
157,13,414,521,407,414,521,407,414,521,407,107,-7,107,7,FALSE,FALSE
157,14,471,597,432,471,597,432,471,597,432,126,-39,126,39,FALSE,FALSE
157,15,510,655,486,510,655,486,510,655,486,145,-24,145,24,FALSE,FALSE
157,16,538,691,531,538,691,531,538,691,531,153,-7,153,7,FALSE,FALSE
157,17,579,722,573,579,722,573,579,722,573,143,-6,143,6,FALSE,FALSE
157,18,632,777,640,632,777,640,632,777,640,145,8,145,8,FALSE,FALSE
157,19,686,850,682,686,850,682,686,850,682,164,-4,164,4,FALSE,FALSE
157,20,750,885,733,750,885,733,750,885,733,135,-17,135,17,FALSE,FALSE
157,21,784,926,773,784,926,773,784,926,773,142,-11,142,11,FALSE,FALSE
157,22,810,980,827,810,980,827,810,980,827,170,17,170,17,FALSE,FALSE
157,23,859,1013,886,859,1013,886,859,1013,886,154,27,154,27,FALSE,FALSE
157,24,920,1038,962,920,1038,962,920,1038,962,118,42,118,42,FALSE,FALSE
157,25,948,1075,1015,948,1075,1015,948,1075,1015,127,67,127,67,FALSE,FALSE
157,26,964,1095,1059,964,1095,1059,964,1095,1059,131,95,131,95,FALSE,FALSE
157,27,979,1098,1091,979,1098,1091,979,1098,1091,119,112,119,112,FALSE,FALSE
157,28,987,1135,1094,987,1135,1094,987,1135,1094,148,107,148,107,FALSE,FALSE
157,29,999,1146,1103,999,1146,1103,999,1146,1103,147,104,147,104,FALSE,FALSE
157,30,1023,1168,1128,1023,1168,1128,1023,1168,1128,145,105,145,105,FALSE,FALSE
157,31,1054,1177,1142,1054,1177,1142,1054,1177,1142,123,88,123,88,FALSE,FALSE
157,32,1055,1184,1157,1055,1184,1157,1055,1184,1157,129,102,129,102,FALSE,FALSE
157,33,1049,1154,1153,1049,1154,1153,1049,1154,1153,105,104,105,104,FALSE,FALSE
157,34,1064,1159,1151,1064,1159,1151,1064,1159,1151,95,87,95,87,FALSE,FALSE
157,35,1080,1124,1144,1080,1124,1144,1080,1124,1144,44,64,44,64,FALSE,FALSE
157,36,1068,1094,1120,1068,1094,1120,1068,1094,1120,26,52,26,52,FALSE,FALSE
157,37,1040,1041,1120,1040,1041,1120,1040,1041,1120,1,80,1,80,FALSE,FALSE
157,38,1033,1008,1095,1033,1008,1095,1033,1008,1095,-25,62,25,62,FALSE,FALSE
157,39,987,966,1063,987,966,1063,987,966,1063,-21,76,21,76,FALSE,FALSE
157,40,996,956,1041,996,956,1041,996,956,1041,-40,45,40,45,FALSE,FALSE
157,41,972,917,1000,972,917,1000,972,917,1000,-55,28,55,28,FALSE,FALSE
157,42,935,853,965,935,853,965,935,853,965,-82,30,82,30,FALSE,FALSE
157,43,918,818,898,918,818,898,918,818,898,-100,-20,100,20,FALSE,FALSE
157,44,907,750,870,907,750,870,907,750,870,-157,-37,157,37,FALSE,FALSE
157,45,859,698,825,859,698,825,859,698,825,-161,-34,161,34,FALSE,FALSE
157,46,803,669,767,803,669,767,803,669,767,-134,-36,134,36,FALSE,FALSE
157,47,774,637,735,774,637,735,774,637,735,-137,-39,137,39,FALSE,FALSE
157,48,732,581,709,732,581,709,732,581,709,-151,-23,151,23,FALSE,FALSE
157,49,702,551,686,702,551,686,702,551,686,-151,-16,151,16,FALSE,FALSE
157,50,655,526,668,655,526,668,655,526,668,-129,13,129,13,FALSE,FALSE
157,51,634,493,624,634,493,624,634,493,624,-141,-10,141,10,FALSE,FALSE
157,52,587,464,597,587,464,597,587,464,597,-123,10,123,10,FALSE,FALSE
157,53,550,431,557,550,431,557,550,431,557,-119,7,119,7,FALSE,FALSE
157,54,539,412,513,539,412,513,539,412,513,-127,-26,127,26,FALSE,FALSE
157,55,505,382,481,505,382,481,505,382,481,-123,-24,123,24,FALSE,FALSE
157,56,474,357,451,474,357,451,474,357,451,-117,-23,117,23,FALSE,FALSE
157,57,441,326,438,441,326,438,441,326,438,-115,-3,115,3,FALSE,FALSE
157,58,423,300,403,423,300,403,423,300,403,-123,-20,123,20,FALSE,FALSE
157,59,396,282,371,396,282,371,396,282,371,-114,-25,114,25,FALSE,FALSE
157,60,366,270,324,366,270,324,366,270,324,-96,-42,96,42,FALSE,FALSE
158,0,81,81,81,81,81,81,81,81,81,0,0,0,0,TRUE,TRUE
158,1,98,98,104,98,98,104,98,98,104,0,6,0,6,TRUE,FALSE
158,2,131,121,118,131,121,118,131,121,118,-10,-13,10,13,FALSE,FALSE
158,3,162,151,154,162,151,154,162,151,154,-11,-8,11,8,FALSE,FALSE
158,4,224,196,193,224,196,193,224,196,193,-28,-31,28,31,FALSE,FALSE
158,5,278,254,235,278,254,235,278,254,235,-24,-43,24,43,FALSE,FALSE
158,6,359,308,288,359,308,288,359,308,288,-51,-71,51,71,FALSE,FALSE
158,7,433,364,362,433,364,362,433,364,362,-69,-71,69,71,FALSE,FALSE
158,8,523,454,434,523,454,434,523,454,434,-69,-89,69,89,FALSE,FALSE
158,9,631,561,515,631,561,515,631,561,515,-70,-116,70,116,FALSE,FALSE
158,10,753,691,593,753,691,593,753,691,593,-62,-160,62,160,FALSE,FALSE
158,11,903,818,709,903,818,709,903,818,709,-85,-194,85,194,FALSE,FALSE
158,12,1075,985,836,1075,985,836,1075,985,836,-90,-239,90,239,FALSE,FALSE
158,13,1225,1149,989,1225,1149,989,1225,1149,989,-76,-236,76,236,FALSE,FALSE
158,14,1419,1323,1170,1419,1323,1170,1419,1323,1170,-96,-249,96,249,FALSE,FALSE
158,15,1566,1502,1328,1566,1502,1328,1566,1502,1328,-64,-238,64,238,FALSE,FALSE
158,16,1748,1718,1515,1748,1718,1515,1748,1718,1515,-30,-233,30,233,FALSE,FALSE
158,17,1930,1927,1702,1930,1927,1702,1930,1927,1702,-3,-228,3,228,FALSE,FALSE
158,18,2061,2121,1898,2061,2121,1898,2061,2121,1898,60,-163,60,163,FALSE,FALSE
158,19,2176,2303,2056,2176,2303,2056,2176,2303,2056,127,-120,127,120,FALSE,FALSE
158,20,2258,2427,2237,2258,2427,2237,2258,2427,2237,169,-21,169,21,FALSE,FALSE
158,21,2340,2501,2353,2340,2501,2353,2340,2501,2353,161,13,161,13,FALSE,FALSE
158,22,2420,2534,2445,2420,2534,2445,2420,2534,2445,114,25,114,25,FALSE,FALSE
158,23,2428,2518,2495,2428,2518,2495,2428,2518,2495,90,67,90,67,FALSE,FALSE
158,24,2426,2503,2527,2426,2503,2527,2426,2503,2527,77,101,77,101,FALSE,FALSE
158,25,2414,2497,2518,2414,2497,2518,2414,2497,2518,83,104,83,104,FALSE,FALSE
158,26,2378,2398,2501,2378,2398,2501,2378,2398,2501,20,123,20,123,FALSE,FALSE
158,27,2314,2316,2451,2314,2316,2451,2314,2316,2451,2,137,2,137,FALSE,FALSE
158,28,2227,2226,2382,2227,2226,2382,2227,2226,2382,-1,155,1,155,FALSE,FALSE
158,29,2124,2129,2315,2124,2129,2315,2124,2129,2315,5,191,5,191,FALSE,FALSE
158,30,2057,2038,2182,2057,2038,2182,2057,2038,2182,-19,125,19,125,FALSE,FALSE
158,31,1957,1938,2054,1957,1938,2054,1957,1938,2054,-19,97,19,97,FALSE,FALSE
158,32,1866,1834,1928,1866,1834,1928,1866,1834,1928,-32,62,32,62,FALSE,FALSE
158,33,1726,1747,1798,1726,1747,1798,1726,1747,1798,21,72,21,72,FALSE,FALSE
158,34,1639,1647,1689,1639,1647,1689,1639,1647,1689,8,50,8,50,FALSE,FALSE
158,35,1533,1531,1609,1533,1531,1609,1533,1531,1609,-2,76,2,76,FALSE,FALSE
158,36,1426,1431,1511,1426,1431,1511,1426,1431,1511,5,85,5,85,FALSE,FALSE
158,37,1328,1315,1410,1328,1315,1410,1328,1315,1410,-13,82,13,82,FALSE,FALSE
158,38,1243,1224,1304,1243,1224,1304,1243,1224,1304,-19,61,19,61,FALSE,FALSE
158,39,1154,1138,1196,1154,1138,1196,1154,1138,1196,-16,42,16,42,FALSE,FALSE
158,40,1059,1044,1102,1059,1044,1102,1059,1044,1102,-15,43,15,43,FALSE,FALSE
158,41,986,985,1033,986,985,1033,986,985,1033,-1,47,1,47,FALSE,FALSE
158,42,911,907,943,911,907,943,911,907,943,-4,32,4,32,FALSE,FALSE
158,43,831,847,885,831,847,885,831,847,885,16,54,16,54,FALSE,FALSE
158,44,791,770,802,791,770,802,791,770,802,-21,11,21,11,FALSE,FALSE
158,45,732,722,741,732,722,741,732,722,741,-10,9,10,9,FALSE,FALSE
158,46,686,670,691,686,670,691,686,670,691,-16,5,16,5,FALSE,FALSE
158,47,644,613,643,644,613,643,644,613,643,-31,-1,31,1,FALSE,FALSE
158,48,596,568,587,596,568,587,596,568,587,-28,-9,28,9,FALSE,FALSE
158,49,541,533,539,541,533,539,541,533,539,-8,-2,8,2,FALSE,FALSE
158,50,504,493,497,504,493,497,504,493,497,-11,-7,11,7,FALSE,FALSE
158,51,467,450,463,467,450,463,467,450,463,-17,-4,17,4,FALSE,FALSE
158,52,428,414,429,428,414,429,428,414,429,-14,1,14,1,FALSE,FALSE
158,53,399,388,410,399,388,410,399,388,410,-11,11,11,11,FALSE,FALSE
158,54,367,356,386,367,356,386,367,356,386,-11,19,11,19,FALSE,FALSE
158,55,337,320,350,337,320,350,337,320,350,-17,13,17,13,FALSE,FALSE
158,56,313,305,327,313,305,327,313,305,327,-8,14,8,14,FALSE,FALSE
158,57,286,269,296,286,269,296,286,269,296,-17,10,17,10,FALSE,FALSE
158,58,264,250,275,264,250,275,264,250,275,-14,11,14,11,FALSE,FALSE
158,59,237,227,257,237,227,257,237,227,257,-10,20,10,20,FALSE,FALSE
158,60,221,216,234,221,216,234,221,216,234,-5,13,5,13,FALSE,FALSE
159,0,79,79,79,79,79,79,79,79,79,0,0,0,0,TRUE,TRUE
159,1,104,126,110,104,126,110,104,126,110,22,6,22,6,FALSE,FALSE
159,2,168,199,181,168,199,181,168,199,181,31,13,31,13,FALSE,FALSE
159,3,264,288,279,264,288,279,264,288,279,24,15,24,15,FALSE,FALSE
159,4,387,429,415,387,429,415,387,429,415,42,28,42,28,FALSE,FALSE
159,5,565,607,613,565,607,613,565,607,613,42,48,42,48,FALSE,FALSE
159,6,807,826,861,807,826,861,807,826,861,19,54,19,54,FALSE,FALSE
159,7,1073,1088,1155,1073,1088,1155,1073,1088,1155,15,82,15,82,FALSE,FALSE
159,8,1340,1409,1428,1340,1409,1428,1340,1409,1428,69,88,69,88,FALSE,FALSE
159,9,1609,1698,1689,1609,1698,1689,1609,1698,1689,89,80,89,80,FALSE,FALSE
159,10,1815,1841,1887,1815,1841,1887,1815,1841,1887,26,72,26,72,FALSE,FALSE
159,11,1925,1916,1991,1925,1916,1991,1925,1916,1991,-9,66,9,66,FALSE,FALSE
159,12,1947,1935,1974,1947,1935,1974,1947,1935,1974,-12,27,12,27,FALSE,FALSE
159,13,1924,1896,1819,1924,1896,1819,1924,1896,1819,-28,-105,28,105,FALSE,FALSE
159,14,1752,1747,1690,1752,1747,1690,1752,1747,1690,-5,-62,5,62,FALSE,FALSE
159,15,1514,1541,1507,1514,1541,1507,1514,1541,1507,27,-7,27,7,FALSE,FALSE
159,16,1300,1333,1317,1300,1333,1317,1300,1333,1317,33,17,33,17,FALSE,FALSE
159,17,1138,1168,1121,1138,1168,1121,1138,1168,1121,30,-17,30,17,FALSE,FALSE
159,18,995,1008,963,995,1008,963,995,1008,963,13,-32,13,32,FALSE,FALSE
159,19,880,849,813,880,849,813,880,849,813,-31,-67,31,67,FALSE,FALSE
159,20,758,696,682,758,696,682,758,696,682,-62,-76,62,76,FALSE,FALSE
159,21,636,589,569,636,589,569,636,589,569,-47,-67,47,67,FALSE,FALSE
159,22,521,505,480,521,505,480,521,505,480,-16,-41,16,41,FALSE,FALSE
159,23,424,411,415,424,411,415,424,411,415,-13,-9,13,9,FALSE,FALSE
159,24,353,356,335,353,356,335,353,356,335,3,-18,3,18,FALSE,FALSE
159,25,300,302,265,300,302,265,300,302,265,2,-35,2,35,FALSE,FALSE
159,26,245,256,200,245,256,200,245,256,200,11,-45,11,45,FALSE,FALSE
159,27,208,219,169,208,219,169,208,219,169,11,-39,11,39,FALSE,FALSE
159,28,168,184,145,168,184,145,168,184,145,16,-23,16,23,FALSE,FALSE
159,29,128,155,115,128,155,115,128,155,115,27,-13,27,13,FALSE,FALSE
159,30,110,136,97,110,136,97,110,136,97,26,-13,26,13,FALSE,FALSE
159,31,89,113,82,89,113,82,89,113,82,24,-7,24,7,FALSE,FALSE
159,32,64,95,69,64,95,69,64,95,69,31,5,31,5,FALSE,FALSE
159,33,49,87,59,49,87,59,49,87,59,38,10,38,10,FALSE,FALSE
159,34,43,72,45,43,72,45,43,72,45,29,2,29,2,FALSE,FALSE
159,35,37,62,39,37,62,39,37,62,39,25,2,25,2,FALSE,FALSE
159,36,32,52,31,32,52,31,32,52,31,20,-1,20,1,FALSE,FALSE
159,37,26,39,26,26,39,26,26,39,26,13,0,13,0,FALSE,TRUE
159,38,21,39,18,21,39,18,21,39,18,18,-3,18,3,FALSE,FALSE
159,39,18,26,11,18,26,11,18,26,11,8,-7,8,7,FALSE,FALSE
159,40,15,27,8,15,27,8,15,27,8,12,-7,12,7,FALSE,FALSE
159,41,12,24,5,12,24,5,12,24,5,12,-7,12,7,FALSE,FALSE
159,42,12,21,5,12,21,5,12,21,5,9,-7,9,7,FALSE,FALSE
159,43,10,21,4,10,21,4,10,21,4,11,-6,11,6,FALSE,FALSE
159,44,8,14,2,8,14,2,8,14,2,6,-6,6,6,FALSE,FALSE
159,45,6,11,0,6,11,0,6,11,0,5,-6,5,6,FALSE,FALSE
159,46,6,8,0,6,8,0,6,8,0,2,-6,2,6,FALSE,FALSE
159,47,6,3,0,6,3,0,6,3,0,-3,-6,3,6,FALSE,FALSE
159,48,5,2,0,5,2,0,5,2,0,-3,-5,3,5,FALSE,FALSE
159,49,3,1,0,3,1,0,3,1,0,-2,-3,2,3,FALSE,FALSE
159,50,2,1,0,2,1,0,2,1,0,-1,-2,1,2,FALSE,FALSE
159,51,2,1,0,2,1,0,2,1,0,-1,-2,1,2,FALSE,FALSE
159,52,1,1,0,1,1,0,1,1,0,0,-1,0,1,TRUE,FALSE
159,53,1,1,0,1,1,0,1,1,0,0,-1,0,1,TRUE,FALSE
159,54,0,1,0,0,1,0,0,1,0,1,0,1,0,FALSE,TRUE
159,55,0,0,0,0,0,0,0,0,0,0,0,0,0,TRUE,TRUE
159,56,0,0,0,0,0,0,0,0,0,0,0,0,0,TRUE,TRUE
159,57,0,0,0,0,0,0,0,0,0,0,0,0,0,TRUE,TRUE
159,58,0,0,0,0,0,0,0,0,0,0,0,0,0,TRUE,TRUE
159,59,0,0,0,0,0,0,0,0,0,0,0,0,0,TRUE,TRUE
159,60,0,0,0,0,0,0,0,0,0,0,0,0,0,TRUE,TRUE
160,0,61,61,61,61,61,61,61,61,61,0,0,0,0,TRUE,TRUE
160,1,69,85,74,69,85,74,69,85,74,16,5,16,5,FALSE,FALSE
160,2,91,102,87,91,102,87,91,102,87,11,-4,11,4,FALSE,FALSE
160,3,119,119,113,119,119,113,119,119,113,0,-6,0,6,TRUE,FALSE
160,4,154,149,132,154,149,132,154,149,132,-5,-22,5,22,FALSE,FALSE
160,5,185,183,158,185,183,158,185,183,158,-2,-27,2,27,FALSE,FALSE
160,6,223,227,196,223,227,196,223,227,196,4,-27,4,27,FALSE,FALSE
160,7,281,271,251,281,271,251,281,271,251,-10,-30,10,30,FALSE,FALSE
160,8,346,335,312,346,335,312,346,335,312,-11,-34,11,34,FALSE,FALSE
160,9,425,422,369,425,422,369,425,422,369,-3,-56,3,56,FALSE,FALSE
160,10,524,520,445,524,520,445,524,520,445,-4,-79,4,79,FALSE,FALSE
160,11,637,638,566,637,638,566,637,638,566,1,-71,1,71,FALSE,FALSE
160,12,788,765,698,788,765,698,788,765,698,-23,-90,23,90,FALSE,FALSE
160,13,953,950,835,953,950,835,953,950,835,-3,-118,3,118,FALSE,FALSE
160,14,1167,1121,1033,1167,1121,1033,1167,1121,1033,-46,-134,46,134,FALSE,FALSE
160,15,1373,1343,1237,1373,1343,1237,1373,1343,1237,-30,-136,30,136,FALSE,FALSE
160,16,1610,1551,1477,1610,1551,1477,1610,1551,1477,-59,-133,59,133,FALSE,FALSE
160,17,1840,1776,1712,1840,1776,1712,1840,1776,1712,-64,-128,64,128,FALSE,FALSE
160,18,2067,1999,2005,2067,1999,2005,2067,1999,2005,-68,-62,68,62,FALSE,FALSE
160,19,2287,2183,2201,2287,2183,2201,2287,2183,2201,-104,-86,104,86,FALSE,FALSE
160,20,2510,2354,2387,2510,2354,2387,2510,2354,2387,-156,-123,156,123,FALSE,FALSE
160,21,2660,2542,2599,2660,2542,2599,2660,2542,2599,-118,-61,118,61,FALSE,FALSE
160,22,2774,2662,2718,2774,2662,2718,2774,2662,2718,-112,-56,112,56,FALSE,FALSE
160,23,2860,2766,2813,2860,2766,2813,2860,2766,2813,-94,-47,94,47,FALSE,FALSE
160,24,2901,2810,2906,2901,2810,2906,2901,2810,2906,-91,5,91,5,FALSE,FALSE
160,25,2903,2832,2963,2903,2832,2963,2903,2832,2963,-71,60,71,60,FALSE,FALSE
160,26,2928,2858,2982,2928,2858,2982,2928,2858,2982,-70,54,70,54,FALSE,FALSE
160,27,2913,2822,2944,2913,2822,2944,2913,2822,2944,-91,31,91,31,FALSE,FALSE
160,28,2861,2763,2848,2861,2763,2848,2861,2763,2848,-98,-13,98,13,FALSE,FALSE
160,29,2767,2709,2787,2767,2709,2787,2767,2709,2787,-58,20,58,20,FALSE,FALSE
160,30,2681,2599,2725,2681,2599,2725,2681,2599,2725,-82,44,82,44,FALSE,FALSE
160,31,2592,2508,2613,2592,2508,2613,2592,2508,2613,-84,21,84,21,FALSE,FALSE
160,32,2483,2398,2500,2483,2398,2500,2483,2398,2500,-85,17,85,17,FALSE,FALSE
160,33,2362,2275,2376,2362,2275,2376,2362,2275,2376,-87,14,87,14,FALSE,FALSE
160,34,2235,2150,2272,2235,2150,2272,2235,2150,2272,-85,37,85,37,FALSE,FALSE
160,35,2124,2035,2149,2124,2035,2149,2124,2035,2149,-89,25,89,25,FALSE,FALSE
160,36,2014,1907,2038,2014,1907,2038,2014,1907,2038,-107,24,107,24,FALSE,FALSE
160,37,1902,1803,1932,1902,1803,1932,1902,1803,1932,-99,30,99,30,FALSE,FALSE
160,38,1806,1712,1832,1806,1712,1832,1806,1712,1832,-94,26,94,26,FALSE,FALSE
160,39,1704,1610,1723,1704,1610,1723,1704,1610,1723,-94,19,94,19,FALSE,FALSE
160,40,1595,1507,1640,1595,1507,1640,1595,1507,1640,-88,45,88,45,FALSE,FALSE
160,41,1499,1401,1516,1499,1401,1516,1499,1401,1516,-98,17,98,17,FALSE,FALSE
160,42,1401,1301,1436,1401,1301,1436,1401,1301,1436,-100,35,100,35,FALSE,FALSE
160,43,1320,1215,1357,1320,1215,1357,1320,1215,1357,-105,37,105,37,FALSE,FALSE
160,44,1241,1151,1264,1241,1151,1264,1241,1151,1264,-90,23,90,23,FALSE,FALSE
160,45,1156,1089,1190,1156,1089,1190,1156,1089,1190,-67,34,67,34,FALSE,FALSE
160,46,1075,1016,1094,1075,1016,1094,1075,1016,1094,-59,19,59,19,FALSE,FALSE
160,47,988,938,1027,988,938,1027,988,938,1027,-50,39,50,39,FALSE,FALSE
160,48,916,880,959,916,880,959,916,880,959,-36,43,36,43,FALSE,FALSE
160,49,845,812,894,845,812,894,845,812,894,-33,49,33,49,FALSE,FALSE
160,50,781,764,830,781,764,830,781,764,830,-17,49,17,49,FALSE,FALSE
160,51,727,727,786,727,727,786,727,727,786,0,59,0,59,TRUE,FALSE
160,52,675,678,737,675,678,737,675,678,737,3,62,3,62,FALSE,FALSE
160,53,626,639,687,626,639,687,626,639,687,13,61,13,61,FALSE,FALSE
160,54,583,595,646,583,595,646,583,595,646,12,63,12,63,FALSE,FALSE
160,55,535,545,595,535,545,595,535,545,595,10,60,10,60,FALSE,FALSE
160,56,508,505,561,508,505,561,508,505,561,-3,53,3,53,FALSE,FALSE
160,57,478,474,514,478,474,514,478,474,514,-4,36,4,36,FALSE,FALSE
160,58,442,445,479,442,445,479,442,445,479,3,37,3,37,FALSE,FALSE
160,59,408,413,444,408,413,444,408,413,444,5,36,5,36,FALSE,FALSE
160,60,380,382,410,380,382,410,380,382,410,2,30,2,30,FALSE,FALSE
161,0,48,48,48,48,48,48,48,48,48,0,0,0,0,TRUE,TRUE
161,1,72,74,87,72,74,87,72,74,87,2,15,2,15,FALSE,FALSE
161,2,124,111,150,124,111,150,124,111,150,-13,26,13,26,FALSE,FALSE
161,3,186,146,258,186,146,258,186,146,258,-40,72,40,72,FALSE,FALSE
161,4,301,225,392,301,225,392,301,225,392,-76,91,76,91,FALSE,FALSE
161,5,496,308,588,496,308,588,496,308,588,-188,92,188,92,FALSE,FALSE
161,6,732,411,900,732,411,900,732,411,900,-321,168,321,168,FALSE,FALSE
161,7,1054,533,1278,1054,533,1278,1054,533,1278,-521,224,521,224,FALSE,FALSE
161,8,1429,700,1619,1429,700,1619,1429,700,1619,-729,190,729,190,FALSE,FALSE
161,9,1760,893,1965,1760,893,1965,1760,893,1965,-867,205,867,205,FALSE,FALSE
161,10,2031,1104,2155,2031,1104,2155,2031,1104,2155,-927,124,927,124,FALSE,FALSE
161,11,2112,1323,2203,2112,1323,2203,2112,1323,2203,-789,91,789,91,FALSE,FALSE
161,12,2109,1450,2074,2109,1450,2074,2109,1450,2074,-659,-35,659,35,FALSE,FALSE
161,13,1976,1549,1848,1976,1549,1848,1976,1549,1848,-427,-128,427,128,FALSE,FALSE
161,14,1735,1570,1609,1735,1570,1609,1735,1570,1609,-165,-126,165,126,FALSE,FALSE
161,15,1531,1533,1372,1531,1533,1372,1531,1533,1372,2,-159,2,159,FALSE,FALSE
161,16,1298,1497,1153,1298,1497,1153,1298,1497,1153,199,-145,199,145,FALSE,FALSE
161,17,1090,1396,946,1090,1396,946,1090,1396,946,306,-144,306,144,FALSE,FALSE
161,18,881,1304,783,881,1304,783,881,1304,783,423,-98,423,98,FALSE,FALSE
161,19,741,1134,630,741,1134,630,741,1134,630,393,-111,393,111,FALSE,FALSE
161,20,602,998,497,602,998,497,602,998,497,396,-105,396,105,FALSE,FALSE
161,21,455,842,382,455,842,382,455,842,382,387,-73,387,73,FALSE,FALSE
161,22,375,772,287,375,772,287,375,772,287,397,-88,397,88,FALSE,FALSE
161,23,288,664,225,288,664,225,288,664,225,376,-63,376,63,FALSE,FALSE
161,24,235,556,187,235,556,187,235,556,187,321,-48,321,48,FALSE,FALSE
161,25,194,478,151,194,478,151,194,478,151,284,-43,284,43,FALSE,FALSE
161,26,146,410,124,146,410,124,146,410,124,264,-22,264,22,FALSE,FALSE
161,27,114,347,106,114,347,106,114,347,106,233,-8,233,8,FALSE,FALSE
161,28,91,285,90,91,285,90,91,285,90,194,-1,194,1,FALSE,FALSE
161,29,72,235,72,72,235,72,72,235,72,163,0,163,0,FALSE,TRUE
161,30,58,191,63,58,191,63,58,191,63,133,5,133,5,FALSE,FALSE
161,31,52,161,49,52,161,49,52,161,49,109,-3,109,3,FALSE,FALSE
161,32,33,132,35,33,132,35,33,132,35,99,2,99,2,FALSE,FALSE
161,33,25,104,27,25,104,27,25,104,27,79,2,79,2,FALSE,FALSE
161,34,18,86,22,18,86,22,18,86,22,68,4,68,4,FALSE,FALSE
161,35,14,68,16,14,68,16,14,68,16,54,2,54,2,FALSE,FALSE
161,36,13,55,15,13,55,15,13,55,15,42,2,42,2,FALSE,FALSE
161,37,12,46,13,12,46,13,12,46,13,34,1,34,1,FALSE,FALSE
161,38,8,36,9,8,36,9,8,36,9,28,1,28,1,FALSE,FALSE
161,39,7,33,8,7,33,8,7,33,8,26,1,26,1,FALSE,FALSE
161,40,6,28,5,6,28,5,6,28,5,22,-1,22,1,FALSE,FALSE
161,41,6,24,5,6,24,5,6,24,5,18,-1,18,1,FALSE,FALSE
161,42,5,19,3,5,19,3,5,19,3,14,-2,14,2,FALSE,FALSE
161,43,5,15,3,5,15,3,5,15,3,10,-2,10,2,FALSE,FALSE
161,44,5,12,3,5,12,3,5,12,3,7,-2,7,2,FALSE,FALSE
161,45,4,11,3,4,11,3,4,11,3,7,-1,7,1,FALSE,FALSE
161,46,4,8,2,4,8,2,4,8,2,4,-2,4,2,FALSE,FALSE
161,47,4,7,2,4,7,2,4,7,2,3,-2,3,2,FALSE,FALSE
161,48,3,6,2,3,6,2,3,6,2,3,-1,3,1,FALSE,FALSE
161,49,2,4,2,2,4,2,2,4,2,2,0,2,0,FALSE,TRUE
161,50,2,4,2,2,4,2,2,4,2,2,0,2,0,FALSE,TRUE
161,51,2,3,1,2,3,1,2,3,1,1,-1,1,1,FALSE,FALSE
161,52,2,3,1,2,3,1,2,3,1,1,-1,1,1,FALSE,FALSE
161,53,1,2,0,1,2,0,1,2,0,1,-1,1,1,FALSE,FALSE
161,54,0,2,0,0,2,0,0,2,0,2,0,2,0,FALSE,TRUE
161,55,0,2,0,0,2,0,0,2,0,2,0,2,0,FALSE,TRUE
161,56,0,1,0,0,1,0,0,1,0,1,0,1,0,FALSE,TRUE
161,57,0,1,0,0,1,0,0,1,0,1,0,1,0,FALSE,TRUE
161,58,0,1,0,0,1,0,0,1,0,1,0,1,0,FALSE,TRUE
161,59,0,0,0,0,0,0,0,0,0,0,0,0,0,TRUE,TRUE
161,60,0,0,0,0,0,0,0,0,0,0,0,0,0,TRUE,TRUE
162,0,60,60,60,60,60,60,60,60,60,0,0,0,0,TRUE,TRUE
162,1,82,92,91,82,92,91,82,92,91,10,9,10,9,FALSE,FALSE
162,2,109,135,147,109,135,147,109,135,147,26,38,26,38,FALSE,FALSE
162,3,147,188,208,147,188,208,147,188,208,41,61,41,61,FALSE,FALSE
162,4,216,249,314,216,249,314,216,249,314,33,98,33,98,FALSE,FALSE
162,5,292,344,470,292,344,470,292,344,470,52,178,52,178,FALSE,FALSE
162,6,417,494,676,417,494,676,417,494,676,77,259,77,259,FALSE,FALSE
162,7,610,687,914,610,687,914,610,687,914,77,304,77,304,FALSE,FALSE
162,8,835,898,1192,835,898,1192,835,898,1192,63,357,63,357,FALSE,FALSE
162,9,1061,1207,1495,1061,1207,1495,1061,1207,1495,146,434,146,434,FALSE,FALSE
162,10,1383,1430,1866,1383,1430,1866,1383,1430,1866,47,483,47,483,FALSE,FALSE
162,11,1709,1674,2176,1709,1674,2176,1709,1674,2176,-35,467,35,467,FALSE,FALSE
162,12,1997,1912,2361,1997,1912,2361,1997,1912,2361,-85,364,85,364,FALSE,FALSE
162,13,2206,2056,2392,2206,2056,2392,2206,2056,2392,-150,186,150,186,FALSE,FALSE
162,14,2326,2153,2322,2326,2153,2322,2326,2153,2322,-173,-4,173,4,FALSE,FALSE
162,15,2364,2233,2169,2364,2233,2169,2364,2233,2169,-131,-195,131,195,FALSE,FALSE
162,16,2210,2144,1975,2210,2144,1975,2210,2144,1975,-66,-235,66,235,FALSE,FALSE
162,17,1989,1987,1741,1989,1987,1741,1989,1987,1741,-2,-248,2,248,FALSE,FALSE
162,18,1809,1813,1509,1809,1813,1509,1809,1813,1509,4,-300,4,300,FALSE,FALSE
162,19,1583,1632,1280,1583,1632,1280,1583,1632,1280,49,-303,49,303,FALSE,FALSE
162,20,1354,1406,1054,1354,1406,1054,1354,1406,1054,52,-300,52,300,FALSE,FALSE
162,21,1146,1237,888,1146,1237,888,1146,1237,888,91,-258,91,258,FALSE,FALSE
162,22,943,1068,738,943,1068,738,943,1068,738,125,-205,125,205,FALSE,FALSE
162,23,813,926,624,813,926,624,813,926,624,113,-189,113,189,FALSE,FALSE
162,24,674,803,529,674,803,529,674,803,529,129,-145,129,145,FALSE,FALSE
162,25,550,671,440,550,671,440,550,671,440,121,-110,121,110,FALSE,FALSE
162,26,454,564,359,454,564,359,454,564,359,110,-95,110,95,FALSE,FALSE
162,27,368,457,294,368,457,294,368,457,294,89,-74,89,74,FALSE,FALSE
162,28,300,378,238,300,378,238,300,378,238,78,-62,78,62,FALSE,FALSE
162,29,241,319,194,241,319,194,241,319,194,78,-47,78,47,FALSE,FALSE
162,30,206,254,147,206,254,147,206,254,147,48,-59,48,59,FALSE,FALSE
162,31,169,214,107,169,214,107,169,214,107,45,-62,45,62,FALSE,FALSE
162,32,143,179,93,143,179,93,143,179,93,36,-50,36,50,FALSE,FALSE
162,33,117,146,77,117,146,77,117,146,77,29,-40,29,40,FALSE,FALSE
162,34,92,125,57,92,125,57,92,125,57,33,-35,33,35,FALSE,FALSE
162,35,73,95,45,73,95,45,73,95,45,22,-28,22,28,FALSE,FALSE
162,36,63,80,37,63,80,37,63,80,37,17,-26,17,26,FALSE,FALSE
162,37,59,71,31,59,71,31,59,71,31,12,-28,12,28,FALSE,FALSE
162,38,50,61,25,50,61,25,50,61,25,11,-25,11,25,FALSE,FALSE
162,39,42,54,21,42,54,21,42,54,21,12,-21,12,21,FALSE,FALSE
162,40,34,42,16,34,42,16,34,42,16,8,-18,8,18,FALSE,FALSE
162,41,28,37,13,28,37,13,28,37,13,9,-15,9,15,FALSE,FALSE
162,42,23,28,10,23,28,10,23,28,10,5,-13,5,13,FALSE,FALSE
162,43,14,25,9,14,25,9,14,25,9,11,-5,11,5,FALSE,FALSE
162,44,12,22,6,12,22,6,12,22,6,10,-6,10,6,FALSE,FALSE
162,45,10,16,6,10,16,6,10,16,6,6,-4,6,4,FALSE,FALSE
162,46,7,13,6,7,13,6,7,13,6,6,-1,6,1,FALSE,FALSE
162,47,7,12,6,7,12,6,7,12,6,5,-1,5,1,FALSE,FALSE
162,48,6,11,7,6,11,7,6,11,7,5,1,5,1,FALSE,FALSE
162,49,5,7,5,5,7,5,5,7,5,2,0,2,0,FALSE,TRUE
162,50,5,3,5,5,3,5,5,3,5,-2,0,2,0,FALSE,TRUE
162,51,5,4,4,5,4,4,5,4,4,-1,-1,1,1,FALSE,FALSE
162,52,4,3,1,4,3,1,4,3,1,-1,-3,1,3,FALSE,FALSE
162,53,4,3,1,4,3,1,4,3,1,-1,-3,1,3,FALSE,FALSE
162,54,3,2,0,3,2,0,3,2,0,-1,-3,1,3,FALSE,FALSE
162,55,2,0,0,2,0,0,2,0,0,-2,-2,2,2,FALSE,FALSE
162,56,2,0,0,2,0,0,2,0,0,-2,-2,2,2,FALSE,FALSE
162,57,2,0,0,2,0,0,2,0,0,-2,-2,2,2,FALSE,FALSE
162,58,1,0,0,1,0,0,1,0,0,-1,-1,1,1,FALSE,FALSE
162,59,1,0,0,1,0,0,1,0,0,-1,-1,1,1,FALSE,FALSE
162,60,1,0,0,1,0,0,1,0,0,-1,-1,1,1,FALSE,FALSE
163,0,63,63,63,63,63,63,63,63,63,0,0,0,0,TRUE,TRUE
163,1,64,72,79,64,72,79,64,72,79,8,15,8,15,FALSE,FALSE
163,2,89,92,99,89,92,99,89,92,99,3,10,3,10,FALSE,FALSE
163,3,119,106,122,119,106,122,119,106,122,-13,3,13,3,FALSE,FALSE
163,4,151,123,160,151,123,160,151,123,160,-28,9,28,9,FALSE,FALSE
163,5,173,149,189,173,149,189,173,149,189,-24,16,24,16,FALSE,FALSE
163,6,218,173,232,218,173,232,218,173,232,-45,14,45,14,FALSE,FALSE
163,7,264,194,274,264,194,274,264,194,274,-70,10,70,10,FALSE,FALSE
163,8,317,247,331,317,247,331,317,247,331,-70,14,70,14,FALSE,FALSE
163,9,362,286,402,362,286,402,362,286,402,-76,40,76,40,FALSE,FALSE
163,10,438,334,447,438,334,447,438,334,447,-104,9,104,9,FALSE,FALSE
163,11,508,398,494,508,398,494,508,398,494,-110,-14,110,14,FALSE,FALSE
163,12,602,459,594,602,459,594,602,459,594,-143,-8,143,8,FALSE,FALSE
163,13,710,524,694,710,524,694,710,524,694,-186,-16,186,16,FALSE,FALSE
163,14,819,617,804,819,617,804,819,617,804,-202,-15,202,15,FALSE,FALSE
163,15,903,724,904,903,724,904,903,724,904,-179,1,179,1,FALSE,FALSE
163,16,989,832,1003,989,832,1003,989,832,1003,-157,14,157,14,FALSE,FALSE
163,17,1078,965,1114,1078,965,1114,1078,965,1114,-113,36,113,36,FALSE,FALSE
163,18,1174,1043,1227,1174,1043,1227,1174,1043,1227,-131,53,131,53,FALSE,FALSE
163,19,1264,1162,1317,1264,1162,1317,1264,1162,1317,-102,53,102,53,FALSE,FALSE
163,20,1358,1231,1359,1358,1231,1359,1358,1231,1359,-127,1,127,1,FALSE,FALSE
163,21,1408,1292,1410,1408,1292,1410,1408,1292,1410,-116,2,116,2,FALSE,FALSE
163,22,1472,1367,1422,1472,1367,1422,1472,1367,1422,-105,-50,105,50,FALSE,FALSE
163,23,1506,1436,1435,1506,1436,1435,1506,1436,1435,-70,-71,70,71,FALSE,FALSE
163,24,1502,1447,1467,1502,1447,1467,1502,1447,1467,-55,-35,55,35,FALSE,FALSE
163,25,1482,1456,1430,1482,1456,1430,1482,1456,1430,-26,-52,26,52,FALSE,FALSE
163,26,1456,1468,1410,1456,1468,1410,1456,1468,1410,12,-46,12,46,FALSE,FALSE
163,27,1426,1437,1376,1426,1437,1376,1426,1437,1376,11,-50,11,50,FALSE,FALSE
163,28,1391,1418,1308,1391,1418,1308,1391,1418,1308,27,-83,27,83,FALSE,FALSE
163,29,1336,1359,1244,1336,1359,1244,1336,1359,1244,23,-92,23,92,FALSE,FALSE
163,30,1273,1288,1173,1273,1288,1173,1273,1288,1173,15,-100,15,100,FALSE,FALSE
163,31,1213,1210,1114,1213,1210,1114,1213,1210,1114,-3,-99,3,99,FALSE,FALSE
163,32,1140,1165,1017,1140,1165,1017,1140,1165,1017,25,-123,25,123,FALSE,FALSE
163,33,1083,1097,950,1083,1097,950,1083,1097,950,14,-133,14,133,FALSE,FALSE
163,34,1032,1011,868,1032,1011,868,1032,1011,868,-21,-164,21,164,FALSE,FALSE
163,35,976,930,798,976,930,798,976,930,798,-46,-178,46,178,FALSE,FALSE
163,36,888,864,730,888,864,730,888,864,730,-24,-158,24,158,FALSE,FALSE
163,37,834,807,671,834,807,671,834,807,671,-27,-163,27,163,FALSE,FALSE
163,38,754,738,625,754,738,625,754,738,625,-16,-129,16,129,FALSE,FALSE
163,39,692,680,588,692,680,588,692,680,588,-12,-104,12,104,FALSE,FALSE
163,40,641,634,540,641,634,540,641,634,540,-7,-101,7,101,FALSE,FALSE
163,41,605,575,494,605,575,494,605,575,494,-30,-111,30,111,FALSE,FALSE
163,42,543,531,448,543,531,448,543,531,448,-12,-95,12,95,FALSE,FALSE
163,43,495,487,422,495,487,422,495,487,422,-8,-73,8,73,FALSE,FALSE
163,44,455,443,376,455,443,376,455,443,376,-12,-79,12,79,FALSE,FALSE
163,45,414,400,341,414,400,341,414,400,341,-14,-73,14,73,FALSE,FALSE
163,46,371,363,320,371,363,320,371,363,320,-8,-51,8,51,FALSE,FALSE
163,47,337,329,302,337,329,302,337,329,302,-8,-35,8,35,FALSE,FALSE
163,48,300,308,268,300,308,268,300,308,268,8,-32,8,32,FALSE,FALSE
163,49,268,282,244,268,282,244,268,282,244,14,-24,14,24,FALSE,FALSE
163,50,237,264,227,237,264,227,237,264,227,27,-10,27,10,FALSE,FALSE
163,51,212,242,198,212,242,198,212,242,198,30,-14,30,14,FALSE,FALSE
163,52,186,211,173,186,211,173,186,211,173,25,-13,25,13,FALSE,FALSE
163,53,159,186,154,159,186,154,159,186,154,27,-5,27,5,FALSE,FALSE
163,54,143,169,141,143,169,141,143,169,141,26,-2,26,2,FALSE,FALSE
163,55,128,159,127,128,159,127,128,159,127,31,-1,31,1,FALSE,FALSE
163,56,122,139,123,122,139,123,122,139,123,17,1,17,1,FALSE,FALSE
163,57,112,132,112,112,132,112,112,132,112,20,0,20,0,FALSE,TRUE
163,58,105,122,104,105,122,104,105,122,104,17,-1,17,1,FALSE,FALSE
163,59,98,113,99,98,113,99,98,113,99,15,1,15,1,FALSE,FALSE
163,60,89,103,95,89,103,95,89,103,95,14,6,14,6,FALSE,FALSE
164,0,96,96,96,96,96,96,96,96,96,0,0,0,0,TRUE,TRUE
164,1,133,122,130,133,122,130,133,122,130,-11,-3,11,3,FALSE,FALSE
164,2,172,118,184,172,118,184,172,118,184,-54,12,54,12,FALSE,FALSE
164,3,229,150,254,229,150,254,229,150,254,-79,25,79,25,FALSE,FALSE
164,4,292,190,340,292,190,340,292,190,340,-102,48,102,48,FALSE,FALSE
164,5,361,238,452,361,238,452,361,238,452,-123,91,123,91,FALSE,FALSE
164,6,482,294,586,482,294,586,482,294,586,-188,104,188,104,FALSE,FALSE
164,7,621,357,753,621,357,753,621,357,753,-264,132,264,132,FALSE,FALSE
164,8,780,470,926,780,470,926,780,470,926,-310,146,310,146,FALSE,FALSE
164,9,937,599,1128,937,599,1128,937,599,1128,-338,191,338,191,FALSE,FALSE
164,10,1108,695,1334,1108,695,1334,1108,695,1334,-413,226,413,226,FALSE,FALSE
164,11,1230,802,1534,1230,802,1534,1230,802,1534,-428,304,428,304,FALSE,FALSE
164,12,1407,909,1740,1407,909,1740,1407,909,1740,-498,333,498,333,FALSE,FALSE
164,13,1534,1002,1883,1534,1002,1883,1534,1002,1883,-532,349,532,349,FALSE,FALSE
164,14,1628,1118,1947,1628,1118,1947,1628,1118,1947,-510,319,510,319,FALSE,FALSE
164,15,1734,1270,1966,1734,1270,1966,1734,1270,1966,-464,232,464,232,FALSE,FALSE
164,16,1706,1325,1921,1706,1325,1921,1706,1325,1921,-381,215,381,215,FALSE,FALSE
164,17,1692,1429,1824,1692,1429,1824,1692,1429,1824,-263,132,263,132,FALSE,FALSE
164,18,1611,1485,1703,1611,1485,1703,1611,1485,1703,-126,92,126,92,FALSE,FALSE
164,19,1524,1500,1529,1524,1500,1529,1524,1500,1529,-24,5,24,5,FALSE,FALSE
164,20,1426,1485,1392,1426,1485,1392,1426,1485,1392,59,-34,59,34,FALSE,FALSE
164,21,1290,1428,1227,1290,1428,1227,1290,1428,1227,138,-63,138,63,FALSE,FALSE
164,22,1159,1407,1101,1159,1407,1101,1159,1407,1101,248,-58,248,58,FALSE,FALSE
164,23,1009,1344,942,1009,1344,942,1009,1344,942,335,-67,335,67,FALSE,FALSE
164,24,900,1240,822,900,1240,822,900,1240,822,340,-78,340,78,FALSE,FALSE
164,25,782,1139,708,782,1139,708,782,1139,708,357,-74,357,74,FALSE,FALSE
164,26,699,1047,623,699,1047,623,699,1047,623,348,-76,348,76,FALSE,FALSE
164,27,579,923,540,579,923,540,579,923,540,344,-39,344,39,FALSE,FALSE
164,28,505,805,455,505,805,455,505,805,455,300,-50,300,50,FALSE,FALSE
164,29,435,737,384,435,737,384,435,737,384,302,-51,302,51,FALSE,FALSE
164,30,356,630,308,356,630,308,356,630,308,274,-48,274,48,FALSE,FALSE
164,31,297,534,257,297,534,257,297,534,257,237,-40,237,40,FALSE,FALSE
164,32,253,490,209,253,490,209,253,490,209,237,-44,237,44,FALSE,FALSE
164,33,204,414,182,204,414,182,204,414,182,210,-22,210,22,FALSE,FALSE
164,34,175,360,155,175,360,155,175,360,155,185,-20,185,20,FALSE,FALSE
164,35,153,321,134,153,321,134,153,321,134,168,-19,168,19,FALSE,FALSE
164,36,141,280,101,141,280,101,141,280,101,139,-40,139,40,FALSE,FALSE
164,37,109,245,77,109,245,77,109,245,77,136,-32,136,32,FALSE,FALSE
164,38,85,215,70,85,215,70,85,215,70,130,-15,130,15,FALSE,FALSE
164,39,69,182,62,69,182,62,69,182,62,113,-7,113,7,FALSE,FALSE
164,40,47,135,55,47,135,55,47,135,55,88,8,88,8,FALSE,FALSE
164,41,42,111,48,42,111,48,42,111,48,69,6,69,6,FALSE,FALSE
164,42,34,96,36,34,96,36,34,96,36,62,2,62,2,FALSE,FALSE
164,43,30,91,29,30,91,29,30,91,29,61,-1,61,1,FALSE,FALSE
164,44,24,78,25,24,78,25,24,78,25,54,1,54,1,FALSE,FALSE
164,45,20,66,20,20,66,20,20,66,20,46,0,46,0,FALSE,TRUE
164,46,16,59,18,16,59,18,16,59,18,43,2,43,2,FALSE,FALSE
164,47,12,53,17,12,53,17,12,53,17,41,5,41,5,FALSE,FALSE
164,48,8,47,15,8,47,15,8,47,15,39,7,39,7,FALSE,FALSE
164,49,8,35,14,8,35,14,8,35,14,27,6,27,6,FALSE,FALSE
164,50,6,32,13,6,32,13,6,32,13,26,7,26,7,FALSE,FALSE
164,51,5,29,10,5,29,10,5,29,10,24,5,24,5,FALSE,FALSE
164,52,5,25,8,5,25,8,5,25,8,20,3,20,3,FALSE,FALSE
164,53,6,20,7,6,20,7,6,20,7,14,1,14,1,FALSE,FALSE
164,54,5,17,7,5,17,7,5,17,7,12,2,12,2,FALSE,FALSE
164,55,3,13,3,3,13,3,3,13,3,10,0,10,0,FALSE,TRUE
164,56,2,11,2,2,11,2,2,11,2,9,0,9,0,FALSE,TRUE
164,57,2,8,2,2,8,2,2,8,2,6,0,6,0,FALSE,TRUE
164,58,2,6,2,2,6,2,2,6,2,4,0,4,0,FALSE,TRUE
164,59,2,4,2,2,4,2,2,4,2,2,0,2,0,FALSE,TRUE
164,60,3,3,2,3,3,2,3,3,2,0,-1,0,1,TRUE,FALSE
165,0,90,90,90,90,90,90,90,90,90,0,0,0,0,TRUE,TRUE
165,1,154,172,148,154,172,148,154,172,148,18,-6,18,6,FALSE,FALSE
165,2,288,301,258,288,301,258,288,301,258,13,-30,13,30,FALSE,FALSE
165,3,523,550,453,523,550,453,523,550,453,27,-70,27,70,FALSE,FALSE
165,4,880,887,776,880,887,776,880,887,776,7,-104,7,104,FALSE,FALSE
165,5,1366,1365,1201,1366,1365,1201,1366,1365,1201,-1,-165,1,165,FALSE,FALSE
165,6,2012,1944,1837,2012,1944,1837,2012,1944,1837,-68,-175,68,175,FALSE,FALSE
165,7,2492,2433,2393,2492,2433,2393,2492,2433,2393,-59,-99,59,99,FALSE,FALSE
165,8,2801,2783,2803,2801,2783,2803,2801,2783,2803,-18,2,18,2,FALSE,FALSE
165,9,2894,2817,2955,2894,2817,2955,2894,2817,2955,-77,61,77,61,FALSE,FALSE
165,10,2717,2646,2718,2717,2646,2718,2717,2646,2718,-71,1,71,1,FALSE,FALSE
165,11,2372,2342,2434,2372,2342,2434,2372,2342,2434,-30,62,30,62,FALSE,FALSE
165,12,1987,1974,2034,1987,1974,2034,1987,1974,2034,-13,47,13,47,FALSE,FALSE
165,13,1660,1608,1701,1660,1608,1701,1660,1608,1701,-52,41,52,41,FALSE,FALSE
165,14,1348,1289,1367,1348,1289,1367,1348,1289,1367,-59,19,59,19,FALSE,FALSE
165,15,1085,1050,1088,1085,1050,1088,1085,1050,1088,-35,3,35,3,FALSE,FALSE
165,16,868,836,872,868,836,872,868,836,872,-32,4,32,4,FALSE,FALSE
165,17,700,657,690,700,657,690,700,657,690,-43,-10,43,10,FALSE,FALSE
165,18,557,529,531,557,529,531,557,529,531,-28,-26,28,26,FALSE,FALSE
165,19,417,415,425,417,415,425,417,415,425,-2,8,2,8,FALSE,FALSE
165,20,324,329,334,324,329,334,324,329,334,5,10,5,10,FALSE,FALSE
165,21,254,266,264,254,266,264,254,266,264,12,10,12,10,FALSE,FALSE
165,22,206,213,210,206,213,210,206,213,210,7,4,7,4,FALSE,FALSE
165,23,160,175,161,160,175,161,160,175,161,15,1,15,1,FALSE,FALSE
165,24,135,129,129,135,129,129,135,129,129,-6,-6,6,6,FALSE,FALSE
165,25,109,95,88,109,95,88,109,95,88,-14,-21,14,21,FALSE,FALSE
165,26,88,74,64,88,74,64,88,74,64,-14,-24,14,24,FALSE,FALSE
165,27,72,61,42,72,61,42,72,61,42,-11,-30,11,30,FALSE,FALSE
165,28,57,49,32,57,49,32,57,49,32,-8,-25,8,25,FALSE,FALSE
165,29,44,34,25,44,34,25,44,34,25,-10,-19,10,19,FALSE,FALSE
165,30,35,25,21,35,25,21,35,25,21,-10,-14,10,14,FALSE,FALSE
165,31,26,20,16,26,20,16,26,20,16,-6,-10,6,10,FALSE,FALSE
165,32,21,13,13,21,13,13,21,13,13,-8,-8,8,8,FALSE,FALSE
165,33,16,11,12,16,11,12,16,11,12,-5,-4,5,4,FALSE,FALSE
165,34,12,10,12,12,10,12,12,10,12,-2,0,2,0,FALSE,TRUE
165,35,7,8,11,7,8,11,7,8,11,1,4,1,4,FALSE,FALSE
165,36,6,8,10,6,8,10,6,8,10,2,4,2,4,FALSE,FALSE
165,37,8,7,9,8,7,9,8,7,9,-1,1,1,1,FALSE,FALSE
165,38,6,7,7,6,7,7,6,7,7,1,1,1,1,FALSE,FALSE
165,39,2,7,6,2,7,6,2,7,6,5,4,5,4,FALSE,FALSE
165,40,1,6,3,1,6,3,1,6,3,5,2,5,2,FALSE,FALSE
165,41,1,5,3,1,5,3,1,5,3,4,2,4,2,FALSE,FALSE
165,42,1,5,1,1,5,1,1,5,1,4,0,4,0,FALSE,TRUE
165,43,1,5,1,1,5,1,1,5,1,4,0,4,0,FALSE,TRUE
165,44,1,3,0,1,3,0,1,3,0,2,-1,2,1,FALSE,FALSE
165,45,1,2,0,1,2,0,1,2,0,1,-1,1,1,FALSE,FALSE
165,46,1,1,0,1,1,0,1,1,0,0,-1,0,1,TRUE,FALSE
165,47,1,1,0,1,1,0,1,1,0,0,-1,0,1,TRUE,FALSE
165,48,1,1,0,1,1,0,1,1,0,0,-1,0,1,TRUE,FALSE
165,49,1,0,0,1,0,0,1,0,0,-1,-1,1,1,FALSE,FALSE
165,50,1,0,0,1,0,0,1,0,0,-1,-1,1,1,FALSE,FALSE
165,51,1,0,0,1,0,0,1,0,0,-1,-1,1,1,FALSE,FALSE
165,52,1,0,0,1,0,0,1,0,0,-1,-1,1,1,FALSE,FALSE
165,53,1,0,0,1,0,0,1,0,0,-1,-1,1,1,FALSE,FALSE
165,54,0,0,0,0,0,0,0,0,0,0,0,0,0,TRUE,TRUE
165,55,0,0,0,0,0,0,0,0,0,0,0,0,0,TRUE,TRUE
165,56,0,0,0,0,0,0,0,0,0,0,0,0,0,TRUE,TRUE
165,57,0,0,0,0,0,0,0,0,0,0,0,0,0,TRUE,TRUE
165,58,0,0,0,0,0,0,0,0,0,0,0,0,0,TRUE,TRUE
165,59,0,0,0,0,0,0,0,0,0,0,0,0,0,TRUE,TRUE
165,60,0,0,0,0,0,0,0,0,0,0,0,0,0,TRUE,TRUE
166,0,73,73,73,73,73,73,73,73,73,0,0,0,0,TRUE,TRUE
166,1,108,99,94,108,99,94,108,99,94,-9,-14,9,14,FALSE,FALSE
166,2,160,150,134,160,150,134,160,150,134,-10,-26,10,26,FALSE,FALSE
166,3,227,223,196,227,223,196,227,223,196,-4,-31,4,31,FALSE,FALSE
166,4,349,334,269,349,334,269,349,334,269,-15,-80,15,80,FALSE,FALSE
166,5,511,479,393,511,479,393,511,479,393,-32,-118,32,118,FALSE,FALSE
166,6,719,649,573,719,649,573,719,649,573,-70,-146,70,146,FALSE,FALSE
166,7,957,873,790,957,873,790,957,873,790,-84,-167,84,167,FALSE,FALSE
166,8,1250,1172,1090,1250,1172,1090,1250,1172,1090,-78,-160,78,160,FALSE,FALSE
166,9,1512,1467,1372,1512,1467,1372,1512,1467,1372,-45,-140,45,140,FALSE,FALSE
166,10,1820,1742,1702,1820,1742,1702,1820,1742,1702,-78,-118,78,118,FALSE,FALSE
166,11,2057,1962,1942,2057,1962,1942,2057,1962,1942,-95,-115,95,115,FALSE,FALSE
166,12,2186,2126,2142,2186,2126,2142,2186,2126,2142,-60,-44,60,44,FALSE,FALSE
166,13,2253,2142,2244,2253,2142,2244,2253,2142,2244,-111,-9,111,9,FALSE,FALSE
166,14,2194,2128,2245,2194,2128,2245,2194,2128,2245,-66,51,66,51,FALSE,FALSE
166,15,2085,2061,2145,2085,2061,2145,2085,2061,2145,-24,60,24,60,FALSE,FALSE
166,16,1952,1950,1990,1952,1950,1990,1952,1950,1990,-2,38,2,38,FALSE,FALSE
166,17,1819,1800,1843,1819,1800,1843,1819,1800,1843,-19,24,19,24,FALSE,FALSE
166,18,1629,1663,1659,1629,1663,1659,1629,1663,1659,34,30,34,30,FALSE,FALSE
166,19,1436,1516,1473,1436,1516,1473,1436,1516,1473,80,37,80,37,FALSE,FALSE
166,20,1244,1359,1320,1244,1359,1320,1244,1359,1320,115,76,115,76,FALSE,FALSE
166,21,1104,1208,1175,1104,1208,1175,1104,1208,1175,104,71,104,71,FALSE,FALSE
166,22,966,1070,1051,966,1070,1051,966,1070,1051,104,85,104,85,FALSE,FALSE
166,23,819,950,910,819,950,910,819,950,910,131,91,131,91,FALSE,FALSE
166,24,706,826,813,706,826,813,706,826,813,120,107,120,107,FALSE,FALSE
166,25,607,729,692,607,729,692,607,729,692,122,85,122,85,FALSE,FALSE
166,26,525,639,596,525,639,596,525,639,596,114,71,114,71,FALSE,FALSE
166,27,459,559,517,459,559,517,459,559,517,100,58,100,58,FALSE,FALSE
166,28,404,486,442,404,486,442,404,486,442,82,38,82,38,FALSE,FALSE
166,29,343,422,381,343,422,381,343,422,381,79,38,79,38,FALSE,FALSE
166,30,300,369,320,300,369,320,300,369,320,69,20,69,20,FALSE,FALSE
166,31,254,335,267,254,335,267,254,335,267,81,13,81,13,FALSE,FALSE
166,32,231,293,236,231,293,236,231,293,236,62,5,62,5,FALSE,FALSE
166,33,195,255,206,195,255,206,195,255,206,60,11,60,11,FALSE,FALSE
166,34,167,220,172,167,220,172,167,220,172,53,5,53,5,FALSE,FALSE
166,35,146,191,142,146,191,142,146,191,142,45,-4,45,4,FALSE,FALSE
166,36,142,168,115,142,168,115,142,168,115,26,-27,26,27,FALSE,FALSE
166,37,123,140,99,123,140,99,123,140,99,17,-24,17,24,FALSE,FALSE
166,38,108,122,86,108,122,86,108,122,86,14,-22,14,22,FALSE,FALSE
166,39,94,106,74,94,106,74,94,106,74,12,-20,12,20,FALSE,FALSE
166,40,83,85,63,83,85,63,83,85,63,2,-20,2,20,FALSE,FALSE
166,41,71,73,54,71,73,54,71,73,54,2,-17,2,17,FALSE,FALSE
166,42,58,61,46,58,61,46,58,61,46,3,-12,3,12,FALSE,FALSE
166,43,51,48,42,51,48,42,51,48,42,-3,-9,3,9,FALSE,FALSE
166,44,44,37,36,44,37,36,44,37,36,-7,-8,7,8,FALSE,FALSE
166,45,39,32,35,39,32,35,39,32,35,-7,-4,7,4,FALSE,FALSE
166,46,34,28,32,34,28,32,34,28,32,-6,-2,6,2,FALSE,FALSE
166,47,32,21,25,32,21,25,32,21,25,-11,-7,11,7,FALSE,FALSE
166,48,29,15,22,29,15,22,29,15,22,-14,-7,14,7,FALSE,FALSE
166,49,25,13,20,25,13,20,25,13,20,-12,-5,12,5,FALSE,FALSE
166,50,20,11,16,20,11,16,20,11,16,-9,-4,9,4,FALSE,FALSE
166,51,15,11,15,15,11,15,15,11,15,-4,0,4,0,FALSE,TRUE
166,52,12,9,14,12,9,14,12,9,14,-3,2,3,2,FALSE,FALSE
166,53,8,7,12,8,7,12,8,7,12,-1,4,1,4,FALSE,FALSE
166,54,6,6,11,6,6,11,6,6,11,0,5,0,5,TRUE,FALSE
166,55,5,4,10,5,4,10,5,4,10,-1,5,1,5,FALSE,FALSE
166,56,4,4,10,4,4,10,4,4,10,0,6,0,6,TRUE,FALSE
166,57,3,4,8,3,4,8,3,4,8,1,5,1,5,FALSE,FALSE
166,58,1,4,7,1,4,7,1,4,7,3,6,3,6,FALSE,FALSE
166,59,1,3,9,1,3,9,1,3,9,2,8,2,8,FALSE,FALSE
166,60,1,3,8,1,3,8,1,3,8,2,7,2,7,FALSE,FALSE
167,0,95,95,95,95,95,95,95,95,95,0,0,0,0,TRUE,TRUE
167,1,122,112,111,122,112,111,122,112,111,-10,-11,10,11,FALSE,FALSE
167,2,155,143,149,155,143,149,155,143,149,-12,-6,12,6,FALSE,FALSE
167,3,179,170,178,179,170,178,179,170,178,-9,-1,9,1,FALSE,FALSE
167,4,234,213,220,234,213,220,234,213,220,-21,-14,21,14,FALSE,FALSE
167,5,294,259,281,294,259,281,294,259,281,-35,-13,35,13,FALSE,FALSE
167,6,345,321,335,345,321,335,345,321,335,-24,-10,24,10,FALSE,FALSE
167,7,417,386,402,417,386,402,417,386,402,-31,-15,31,15,FALSE,FALSE
167,8,496,458,504,496,458,504,496,458,504,-38,8,38,8,FALSE,FALSE
167,9,596,559,612,596,559,612,596,559,612,-37,16,37,16,FALSE,FALSE
167,10,707,676,730,707,676,730,707,676,730,-31,23,31,23,FALSE,FALSE
167,11,830,812,838,830,812,838,830,812,838,-18,8,18,8,FALSE,FALSE
167,12,983,966,982,983,966,982,983,966,982,-17,-1,17,1,FALSE,FALSE
167,13,1136,1125,1117,1136,1125,1117,1136,1125,1117,-11,-19,11,19,FALSE,FALSE
167,14,1286,1290,1297,1286,1290,1297,1286,1290,1297,4,11,4,11,FALSE,FALSE
167,15,1420,1434,1447,1420,1434,1447,1420,1434,1447,14,27,14,27,FALSE,FALSE
167,16,1572,1613,1613,1572,1613,1613,1572,1613,1613,41,41,41,41,FALSE,FALSE
167,17,1731,1749,1736,1731,1749,1736,1731,1749,1736,18,5,18,5,FALSE,FALSE
167,18,1851,1885,1877,1851,1885,1877,1851,1885,1877,34,26,34,26,FALSE,FALSE
167,19,1950,2004,1967,1950,2004,1967,1950,2004,1967,54,17,54,17,FALSE,FALSE
167,20,1973,2101,2071,1973,2101,2071,1973,2101,2071,128,98,128,98,FALSE,FALSE
167,21,2044,2181,2091,2044,2181,2091,2044,2181,2091,137,47,137,47,FALSE,FALSE
167,22,2042,2190,2110,2042,2190,2110,2042,2190,2110,148,68,148,68,FALSE,FALSE
167,23,2066,2217,2076,2066,2217,2076,2066,2217,2076,151,10,151,10,FALSE,FALSE
167,24,2015,2165,2005,2015,2165,2005,2015,2165,2005,150,-10,150,10,FALSE,FALSE
167,25,1924,2090,1958,1924,2090,1958,1924,2090,1958,166,34,166,34,FALSE,FALSE
167,26,1845,1989,1904,1845,1989,1904,1845,1989,1904,144,59,144,59,FALSE,FALSE
167,27,1763,1914,1797,1763,1914,1797,1763,1914,1797,151,34,151,34,FALSE,FALSE
167,28,1687,1837,1701,1687,1837,1701,1687,1837,1701,150,14,150,14,FALSE,FALSE
167,29,1625,1696,1605,1625,1696,1605,1625,1696,1605,71,-20,71,20,FALSE,FALSE
167,30,1516,1610,1509,1516,1610,1509,1516,1610,1509,94,-7,94,7,FALSE,FALSE
167,31,1418,1503,1355,1418,1503,1355,1418,1503,1355,85,-63,85,63,FALSE,FALSE
167,32,1329,1368,1258,1329,1368,1258,1329,1368,1258,39,-71,39,71,FALSE,FALSE
167,33,1246,1248,1157,1246,1248,1157,1246,1248,1157,2,-89,2,89,FALSE,FALSE
167,34,1158,1169,1069,1158,1169,1069,1158,1169,1069,11,-89,11,89,FALSE,FALSE
167,35,1055,1060,970,1055,1060,970,1055,1060,970,5,-85,5,85,FALSE,FALSE
167,36,959,988,898,959,988,898,959,988,898,29,-61,29,61,FALSE,FALSE
167,37,893,913,829,893,913,829,893,913,829,20,-64,20,64,FALSE,FALSE
167,38,830,816,761,830,816,761,830,816,761,-14,-69,14,69,FALSE,FALSE
167,39,761,725,700,761,725,700,761,725,700,-36,-61,36,61,FALSE,FALSE
167,40,699,636,648,699,636,648,699,636,648,-63,-51,63,51,FALSE,FALSE
167,41,626,569,589,626,569,589,626,569,589,-57,-37,57,37,FALSE,FALSE
167,42,577,521,546,577,521,546,577,521,546,-56,-31,56,31,FALSE,FALSE
167,43,541,480,514,541,480,514,541,480,514,-61,-27,61,27,FALSE,FALSE
167,44,481,434,471,481,434,471,481,434,471,-47,-10,47,10,FALSE,FALSE
167,45,443,399,419,443,399,419,443,399,419,-44,-24,44,24,FALSE,FALSE
167,46,392,353,372,392,353,372,392,353,372,-39,-20,39,20,FALSE,FALSE
167,47,351,318,331,351,318,331,351,318,331,-33,-20,33,20,FALSE,FALSE
167,48,308,287,292,308,287,292,308,287,292,-21,-16,21,16,FALSE,FALSE
167,49,275,272,259,275,272,259,275,272,259,-3,-16,3,16,FALSE,FALSE
167,50,251,245,231,251,245,231,251,245,231,-6,-20,6,20,FALSE,FALSE
167,51,236,218,219,236,218,219,236,218,219,-18,-17,18,17,FALSE,FALSE
167,52,218,207,204,218,207,204,218,207,204,-11,-14,11,14,FALSE,FALSE
167,53,199,185,188,199,185,188,199,185,188,-14,-11,14,11,FALSE,FALSE
167,54,179,171,171,179,171,171,179,171,171,-8,-8,8,8,FALSE,FALSE
167,55,158,158,154,158,158,154,158,158,154,0,-4,0,4,TRUE,FALSE
167,56,145,136,143,145,136,143,145,136,143,-9,-2,9,2,FALSE,FALSE
167,57,126,121,122,126,121,122,126,121,122,-5,-4,5,4,FALSE,FALSE
167,58,120,109,108,120,109,108,120,109,108,-11,-12,11,12,FALSE,FALSE
167,59,103,99,99,103,99,99,103,99,99,-4,-4,4,4,FALSE,FALSE
167,60,92,88,90,92,88,90,92,88,90,-4,-2,4,2,FALSE,FALSE
168,0,82,82,82,82,82,82,82,82,82,0,0,0,0,TRUE,TRUE
168,1,129,122,165,129,122,165,129,122,165,-7,36,7,36,FALSE,FALSE
168,2,211,203,264,211,203,264,211,203,264,-8,53,8,53,FALSE,FALSE
168,3,347,333,472,347,333,472,347,333,472,-14,125,14,125,FALSE,FALSE
168,4,557,548,787,557,548,787,557,548,787,-9,230,9,230,FALSE,FALSE
168,5,865,846,1202,865,846,1202,865,846,1202,-19,337,19,337,FALSE,FALSE
168,6,1260,1273,1713,1260,1273,1713,1260,1273,1713,13,453,13,453,FALSE,FALSE
168,7,1750,1743,2266,1750,1743,2266,1750,1743,2266,-7,516,7,516,FALSE,FALSE
168,8,2221,2124,2588,2221,2124,2588,2221,2124,2588,-97,367,97,367,FALSE,FALSE
168,9,2526,2422,2643,2526,2422,2643,2526,2422,2643,-104,117,104,117,FALSE,FALSE
168,10,2504,2525,2525,2504,2525,2525,2504,2525,2525,21,21,21,21,FALSE,FALSE
168,11,2383,2499,2290,2383,2499,2290,2383,2499,2290,116,-93,116,93,FALSE,FALSE
168,12,2230,2233,1964,2230,2233,1964,2230,2233,1964,3,-266,3,266,FALSE,FALSE
168,13,1953,1970,1631,1953,1970,1631,1953,1970,1631,17,-322,17,322,FALSE,FALSE
168,14,1685,1754,1362,1685,1754,1362,1685,1754,1362,69,-323,69,323,FALSE,FALSE
168,15,1404,1493,1107,1404,1493,1107,1404,1493,1107,89,-297,89,297,FALSE,FALSE
168,16,1169,1233,902,1169,1233,902,1169,1233,902,64,-267,64,267,FALSE,FALSE
168,17,953,1000,727,953,1000,727,953,1000,727,47,-226,47,226,FALSE,FALSE
168,18,778,831,577,778,831,577,778,831,577,53,-201,53,201,FALSE,FALSE
168,19,622,685,478,622,685,478,622,685,478,63,-144,63,144,FALSE,FALSE
168,20,513,565,380,513,565,380,513,565,380,52,-133,52,133,FALSE,FALSE
168,21,424,455,307,424,455,307,424,455,307,31,-117,31,117,FALSE,FALSE
168,22,343,372,231,343,372,231,343,372,231,29,-112,29,112,FALSE,FALSE
168,23,277,315,181,277,315,181,277,315,181,38,-96,38,96,FALSE,FALSE
168,24,221,269,130,221,269,130,221,269,130,48,-91,48,91,FALSE,FALSE
168,25,185,224,107,185,224,107,185,224,107,39,-78,39,78,FALSE,FALSE
168,26,150,182,87,150,182,87,150,182,87,32,-63,32,63,FALSE,FALSE
168,27,115,147,75,115,147,75,115,147,75,32,-40,32,40,FALSE,FALSE
168,28,89,122,60,89,122,60,89,122,60,33,-29,33,29,FALSE,FALSE
168,29,75,102,48,75,102,48,75,102,48,27,-27,27,27,FALSE,FALSE
168,30,64,84,35,64,84,35,64,84,35,20,-29,20,29,FALSE,FALSE
168,31,51,61,32,51,61,32,51,61,32,10,-19,10,19,FALSE,FALSE
168,32,36,51,28,36,51,28,36,51,28,15,-8,15,8,FALSE,FALSE
168,33,23,45,20,23,45,20,23,45,20,22,-3,22,3,FALSE,FALSE
168,34,20,35,19,20,35,19,20,35,19,15,-1,15,1,FALSE,FALSE
168,35,16,29,14,16,29,14,16,29,14,13,-2,13,2,FALSE,FALSE
168,36,11,25,15,11,25,15,11,25,15,14,4,14,4,FALSE,FALSE
168,37,8,20,13,8,20,13,8,20,13,12,5,12,5,FALSE,FALSE
168,38,7,15,9,7,15,9,7,15,9,8,2,8,2,FALSE,FALSE
168,39,6,10,7,6,10,7,6,10,7,4,1,4,1,FALSE,FALSE
168,40,5,8,7,5,8,7,5,8,7,3,2,3,2,FALSE,FALSE
168,41,4,7,7,4,7,7,4,7,7,3,3,3,3,FALSE,FALSE
168,42,4,6,5,4,6,5,4,6,5,2,1,2,1,FALSE,FALSE
168,43,4,6,4,4,6,4,4,6,4,2,0,2,0,FALSE,TRUE
168,44,4,6,3,4,6,3,4,6,3,2,-1,2,1,FALSE,FALSE
168,45,4,6,2,4,6,2,4,6,2,2,-2,2,2,FALSE,FALSE
168,46,2,6,2,2,6,2,2,6,2,4,0,4,0,FALSE,TRUE
168,47,0,5,1,0,5,1,0,5,1,5,1,5,1,FALSE,FALSE
168,48,0,4,1,0,4,1,0,4,1,4,1,4,1,FALSE,FALSE
168,49,0,4,1,0,4,1,0,4,1,4,1,4,1,FALSE,FALSE
168,50,0,3,1,0,3,1,0,3,1,3,1,3,1,FALSE,FALSE
168,51,0,2,1,0,2,1,0,2,1,2,1,2,1,FALSE,FALSE
168,52,0,1,0,0,1,0,0,1,0,1,0,1,0,FALSE,TRUE
168,53,0,0,0,0,0,0,0,0,0,0,0,0,0,TRUE,TRUE
168,54,0,0,0,0,0,0,0,0,0,0,0,0,0,TRUE,TRUE
168,55,0,0,0,0,0,0,0,0,0,0,0,0,0,TRUE,TRUE
168,56,0,0,0,0,0,0,0,0,0,0,0,0,0,TRUE,TRUE
168,57,0,0,0,0,0,0,0,0,0,0,0,0,0,TRUE,TRUE
168,58,0,0,0,0,0,0,0,0,0,0,0,0,0,TRUE,TRUE
168,59,0,0,0,0,0,0,0,0,0,0,0,0,0,TRUE,TRUE
168,60,0,0,0,0,0,0,0,0,0,0,0,0,0,TRUE,TRUE
169,0,48,48,48,48,48,48,48,48,48,0,0,0,0,TRUE,TRUE
169,1,50,57,53,50,57,53,50,57,53,7,3,7,3,FALSE,FALSE
169,2,50,68,55,50,68,55,50,68,55,18,5,18,5,FALSE,FALSE
169,3,59,73,55,59,73,55,59,73,55,14,-4,14,4,FALSE,FALSE
169,4,58,77,56,58,77,56,58,77,56,19,-2,19,2,FALSE,FALSE
169,5,59,77,55,59,77,55,59,77,55,18,-4,18,4,FALSE,FALSE
169,6,69,83,58,69,83,58,69,83,58,14,-11,14,11,FALSE,FALSE
169,7,75,90,61,75,90,61,75,90,61,15,-14,15,14,FALSE,FALSE
169,8,71,95,67,71,95,67,71,95,67,24,-4,24,4,FALSE,FALSE
169,9,76,100,63,76,100,63,76,100,63,24,-13,24,13,FALSE,FALSE
169,10,79,100,64,79,100,64,79,100,64,21,-15,21,15,FALSE,FALSE
169,11,81,108,62,81,108,62,81,108,62,27,-19,27,19,FALSE,FALSE
169,12,83,121,66,83,121,66,83,121,66,38,-17,38,17,FALSE,FALSE
169,13,87,135,72,87,135,72,87,135,72,48,-15,48,15,FALSE,FALSE
169,14,87,139,70,87,139,70,87,139,70,52,-17,52,17,FALSE,FALSE
169,15,93,148,76,93,148,76,93,148,76,55,-17,55,17,FALSE,FALSE
169,16,92,168,77,92,168,77,92,168,77,76,-15,76,15,FALSE,FALSE
169,17,96,181,75,96,181,75,96,181,75,85,-21,85,21,FALSE,FALSE
169,18,99,186,74,99,186,74,99,186,74,87,-25,87,25,FALSE,FALSE
169,19,111,185,72,111,185,72,111,185,72,74,-39,74,39,FALSE,FALSE
169,20,119,191,72,119,191,72,119,191,72,72,-47,72,47,FALSE,FALSE
169,21,103,191,72,103,191,72,103,191,72,88,-31,88,31,FALSE,FALSE
169,22,100,195,67,100,195,67,100,195,67,95,-33,95,33,FALSE,FALSE
169,23,100,214,69,100,214,69,100,214,69,114,-31,114,31,FALSE,FALSE
169,24,108,222,69,108,222,69,108,222,69,114,-39,114,39,FALSE,FALSE
169,25,115,219,72,115,219,72,115,219,72,104,-43,104,43,FALSE,FALSE
169,26,119,222,72,119,222,72,119,222,72,103,-47,103,47,FALSE,FALSE
169,27,133,224,71,133,224,71,133,224,71,91,-62,91,62,FALSE,FALSE
169,28,144,239,73,144,239,73,144,239,73,95,-71,95,71,FALSE,FALSE
169,29,155,241,76,155,241,76,155,241,76,86,-79,86,79,FALSE,FALSE
169,30,166,251,80,166,251,80,166,251,80,85,-86,85,86,FALSE,FALSE
169,31,170,247,85,170,247,85,170,247,85,77,-85,77,85,FALSE,FALSE
169,32,184,254,80,184,254,80,184,254,80,70,-104,70,104,FALSE,FALSE
169,33,192,251,90,192,251,90,192,251,90,59,-102,59,102,FALSE,FALSE
169,34,191,261,91,191,261,91,191,261,91,70,-100,70,100,FALSE,FALSE
169,35,199,272,90,199,272,90,199,272,90,73,-109,73,109,FALSE,FALSE
169,36,196,275,93,196,275,93,196,275,93,79,-103,79,103,FALSE,FALSE
169,37,206,271,96,206,271,96,206,271,96,65,-110,65,110,FALSE,FALSE
169,38,206,277,102,206,277,102,206,277,102,71,-104,71,104,FALSE,FALSE
169,39,215,275,99,215,275,99,215,275,99,60,-116,60,116,FALSE,FALSE
169,40,226,271,107,226,271,107,226,271,107,45,-119,45,119,FALSE,FALSE
169,41,226,277,106,226,277,106,226,277,106,51,-120,51,120,FALSE,FALSE
169,42,230,270,104,230,270,104,230,270,104,40,-126,40,126,FALSE,FALSE
169,43,239,276,107,239,276,107,239,276,107,37,-132,37,132,FALSE,FALSE
169,44,251,268,111,251,268,111,251,268,111,17,-140,17,140,FALSE,FALSE
169,45,250,263,112,250,263,112,250,263,112,13,-138,13,138,FALSE,FALSE
169,46,253,257,111,253,257,111,253,257,111,4,-142,4,142,FALSE,FALSE
169,47,251,240,108,251,240,108,251,240,108,-11,-143,11,143,FALSE,FALSE
169,48,256,244,116,256,244,116,256,244,116,-12,-140,12,140,FALSE,FALSE
169,49,263,248,125,263,248,125,263,248,125,-15,-138,15,138,FALSE,FALSE
169,50,265,245,135,265,245,135,265,245,135,-20,-130,20,130,FALSE,FALSE
169,51,263,258,139,263,258,139,263,258,139,-5,-124,5,124,FALSE,FALSE
169,52,265,255,133,265,255,133,265,255,133,-10,-132,10,132,FALSE,FALSE
169,53,261,245,130,261,245,130,261,245,130,-16,-131,16,131,FALSE,FALSE
169,54,257,246,135,257,246,135,257,246,135,-11,-122,11,122,FALSE,FALSE
169,55,272,267,136,272,267,136,272,267,136,-5,-136,5,136,FALSE,FALSE
169,56,275,259,142,275,259,142,275,259,142,-16,-133,16,133,FALSE,FALSE
169,57,267,266,145,267,266,145,267,266,145,-1,-122,1,122,FALSE,FALSE
169,58,268,272,153,268,272,153,268,272,153,4,-115,4,115,FALSE,FALSE
169,59,267,263,160,267,263,160,267,263,160,-4,-107,4,107,FALSE,FALSE
169,60,264,254,161,264,254,161,264,254,161,-10,-103,10,103,FALSE,FALSE
170,0,117,117,117,117,117,117,117,117,117,0,0,0,0,TRUE,TRUE
170,1,203,191,183,203,191,183,203,191,183,-12,-20,12,20,FALSE,FALSE
170,2,321,288,299,321,288,299,321,288,299,-33,-22,33,22,FALSE,FALSE
170,3,520,437,497,520,437,497,520,437,497,-83,-23,83,23,FALSE,FALSE
170,4,835,692,752,835,692,752,835,692,752,-143,-83,143,83,FALSE,FALSE
170,5,1226,1022,1163,1226,1022,1163,1226,1022,1163,-204,-63,204,63,FALSE,FALSE
170,6,1749,1516,1728,1749,1516,1728,1749,1516,1728,-233,-21,233,21,FALSE,FALSE
170,7,2414,2077,2441,2414,2077,2441,2414,2077,2441,-337,27,337,27,FALSE,FALSE
170,8,3089,2737,3148,3089,2737,3148,3089,2737,3148,-352,59,352,59,FALSE,FALSE
170,9,3695,3326,3690,3695,3326,3690,3695,3326,3690,-369,-5,369,5,FALSE,FALSE
170,10,4094,3783,4045,4094,3783,4045,4094,3783,4045,-311,-49,311,49,FALSE,FALSE
170,11,4168,3956,4111,4168,3956,4111,4168,3956,4111,-212,-57,212,57,FALSE,FALSE
170,12,4005,3920,3864,4005,3920,3864,4005,3920,3864,-85,-141,85,141,FALSE,FALSE
170,13,3690,3702,3581,3690,3702,3581,3690,3702,3581,12,-109,12,109,FALSE,FALSE
170,14,3291,3401,3226,3291,3401,3226,3291,3401,3226,110,-65,110,65,FALSE,FALSE
170,15,2851,3064,2858,2851,3064,2858,2851,3064,2858,213,7,213,7,FALSE,FALSE
170,16,2434,2732,2467,2434,2732,2467,2434,2732,2467,298,33,298,33,FALSE,FALSE
170,17,2072,2387,2114,2072,2387,2114,2072,2387,2114,315,42,315,42,FALSE,FALSE
170,18,1753,2033,1804,1753,2033,1804,1753,2033,1804,280,51,280,51,FALSE,FALSE
170,19,1470,1737,1539,1470,1737,1539,1470,1737,1539,267,69,267,69,FALSE,FALSE
170,20,1248,1506,1304,1248,1506,1304,1248,1506,1304,258,56,258,56,FALSE,FALSE
170,21,1056,1296,1113,1056,1296,1113,1056,1296,1113,240,57,240,57,FALSE,FALSE
170,22,871,1088,932,871,1088,932,871,1088,932,217,61,217,61,FALSE,FALSE
170,23,765,899,791,765,899,791,765,899,791,134,26,134,26,FALSE,FALSE
170,24,641,755,665,641,755,665,641,755,665,114,24,114,24,FALSE,FALSE
170,25,531,633,558,531,633,558,531,633,558,102,27,102,27,FALSE,FALSE
170,26,437,534,463,437,534,463,437,534,463,97,26,97,26,FALSE,FALSE
170,27,358,452,386,358,452,386,358,452,386,94,28,94,28,FALSE,FALSE
170,28,291,371,325,291,371,325,291,371,325,80,34,80,34,FALSE,FALSE
170,29,234,310,280,234,310,280,234,310,280,76,46,76,46,FALSE,FALSE
170,30,200,274,244,200,274,244,200,274,244,74,44,74,44,FALSE,FALSE
170,31,170,225,206,170,225,206,170,225,206,55,36,55,36,FALSE,FALSE
170,32,143,195,178,143,195,178,143,195,178,52,35,52,35,FALSE,FALSE
170,33,117,165,146,117,165,146,117,165,146,48,29,48,29,FALSE,FALSE
170,34,102,139,122,102,139,122,102,139,122,37,20,37,20,FALSE,FALSE
170,35,88,112,105,88,112,105,88,112,105,24,17,24,17,FALSE,FALSE
170,36,71,83,91,71,83,91,71,83,91,12,20,12,20,FALSE,FALSE
170,37,53,72,74,53,72,74,53,72,74,19,21,19,21,FALSE,FALSE
170,38,43,54,63,43,54,63,43,54,63,11,20,11,20,FALSE,FALSE
170,39,35,44,52,35,44,52,35,44,52,9,17,9,17,FALSE,FALSE
170,40,27,38,46,27,38,46,27,38,46,11,19,11,19,FALSE,FALSE
170,41,23,30,41,23,30,41,23,30,41,7,18,7,18,FALSE,FALSE
170,42,21,26,37,21,26,37,21,26,37,5,16,5,16,FALSE,FALSE
170,43,17,19,34,17,19,34,17,19,34,2,17,2,17,FALSE,FALSE
170,44,15,15,29,15,15,29,15,15,29,0,14,0,14,TRUE,FALSE
170,45,14,12,23,14,12,23,14,12,23,-2,9,2,9,FALSE,FALSE
170,46,13,9,20,13,9,20,13,9,20,-4,7,4,7,FALSE,FALSE
170,47,13,9,17,13,9,17,13,9,17,-4,4,4,4,FALSE,FALSE
170,48,7,5,13,7,5,13,7,5,13,-2,6,2,6,FALSE,FALSE
170,49,5,4,14,5,4,14,5,4,14,-1,9,1,9,FALSE,FALSE
170,50,1,3,14,1,3,14,1,3,14,2,13,2,13,FALSE,FALSE
170,51,1,3,9,1,3,9,1,3,9,2,8,2,8,FALSE,FALSE
170,52,1,2,10,1,2,10,1,2,10,1,9,1,9,FALSE,FALSE
170,53,1,2,7,1,2,7,1,2,7,1,6,1,6,FALSE,FALSE
170,54,1,2,5,1,2,5,1,2,5,1,4,1,4,FALSE,FALSE
170,55,1,2,5,1,2,5,1,2,5,1,4,1,4,FALSE,FALSE
170,56,1,2,5,1,2,5,1,2,5,1,4,1,4,FALSE,FALSE
170,57,1,2,5,1,2,5,1,2,5,1,4,1,4,FALSE,FALSE
170,58,0,1,5,0,1,5,0,1,5,1,5,1,5,FALSE,FALSE
170,59,0,1,5,0,1,5,0,1,5,1,5,1,5,FALSE,FALSE
170,60,0,1,3,0,1,3,0,1,3,1,3,1,3,FALSE,FALSE
171,0,112,112,112,112,112,112,112,112,112,0,0,0,0,TRUE,TRUE
171,1,168,156,180,168,156,180,168,156,180,-12,12,12,12,FALSE,FALSE
171,2,255,239,272,255,239,272,255,239,272,-16,17,16,17,FALSE,FALSE
171,3,363,365,414,363,365,414,363,365,414,2,51,2,51,FALSE,FALSE
171,4,510,532,582,510,532,582,510,532,582,22,72,22,72,FALSE,FALSE
171,5,712,766,808,712,766,808,712,766,808,54,96,54,96,FALSE,FALSE
171,6,927,1021,1093,927,1021,1093,927,1021,1093,94,166,94,166,FALSE,FALSE
171,7,1193,1283,1415,1193,1283,1415,1193,1283,1415,90,222,90,222,FALSE,FALSE
171,8,1469,1592,1712,1469,1592,1712,1469,1592,1712,123,243,123,243,FALSE,FALSE
171,9,1733,1772,1995,1733,1772,1995,1733,1772,1995,39,262,39,262,FALSE,FALSE
171,10,1932,1920,2181,1932,1920,2181,1932,1920,2181,-12,249,12,249,FALSE,FALSE
171,11,2076,2024,2203,2076,2024,2203,2076,2024,2203,-52,127,52,127,FALSE,FALSE
171,12,2081,2017,2168,2081,2017,2168,2081,2017,2168,-64,87,64,87,FALSE,FALSE
171,13,2022,1907,2027,2022,1907,2027,2022,1907,2027,-115,5,115,5,FALSE,FALSE
171,14,1901,1790,1849,1901,1790,1849,1901,1790,1849,-111,-52,111,52,FALSE,FALSE
171,15,1782,1615,1641,1782,1615,1641,1782,1615,1641,-167,-141,167,141,FALSE,FALSE
171,16,1593,1412,1468,1593,1412,1468,1593,1412,1468,-181,-125,181,125,FALSE,FALSE
171,17,1364,1268,1279,1364,1268,1279,1364,1268,1279,-96,-85,96,85,FALSE,FALSE
171,18,1196,1113,1094,1196,1113,1094,1196,1113,1094,-83,-102,83,102,FALSE,FALSE
171,19,1069,960,951,1069,960,951,1069,960,951,-109,-118,109,118,FALSE,FALSE
171,20,892,836,807,892,836,807,892,836,807,-56,-85,56,85,FALSE,FALSE
171,21,756,733,674,756,733,674,756,733,674,-23,-82,23,82,FALSE,FALSE
171,22,630,640,581,630,640,581,630,640,581,10,-49,10,49,FALSE,FALSE
171,23,519,536,486,519,536,486,519,536,486,17,-33,17,33,FALSE,FALSE
171,24,441,455,407,441,455,407,441,455,407,14,-34,14,34,FALSE,FALSE
171,25,372,386,353,372,386,353,372,386,353,14,-19,14,19,FALSE,FALSE
171,26,316,325,299,316,325,299,316,325,299,9,-17,9,17,FALSE,FALSE
171,27,271,273,256,271,273,256,271,273,256,2,-15,2,15,FALSE,FALSE
171,28,219,248,215,219,248,215,219,248,215,29,-4,29,4,FALSE,FALSE
171,29,185,203,187,185,203,187,185,203,187,18,2,18,2,FALSE,FALSE
171,30,156,171,171,156,171,171,156,171,171,15,15,15,15,FALSE,FALSE
171,31,123,145,144,123,145,144,123,145,144,22,21,22,21,FALSE,FALSE
171,32,108,125,115,108,125,115,108,125,115,17,7,17,7,FALSE,FALSE
171,33,89,108,85,89,108,85,89,108,85,19,-4,19,4,FALSE,FALSE
171,34,76,90,76,76,90,76,76,90,76,14,0,14,0,FALSE,TRUE
171,35,61,78,66,61,78,66,61,78,66,17,5,17,5,FALSE,FALSE
171,36,53,66,56,53,66,56,53,66,56,13,3,13,3,FALSE,FALSE
171,37,45,53,50,45,53,50,45,53,50,8,5,8,5,FALSE,FALSE
171,38,36,42,44,36,42,44,36,42,44,6,8,6,8,FALSE,FALSE
171,39,34,32,38,34,32,38,34,32,38,-2,4,2,4,FALSE,FALSE
171,40,28,26,30,28,26,30,28,26,30,-2,2,2,2,FALSE,FALSE
171,41,23,23,23,23,23,23,23,23,23,0,0,0,0,TRUE,TRUE
171,42,24,18,20,24,18,20,24,18,20,-6,-4,6,4,FALSE,FALSE
171,43,21,16,19,21,16,19,21,16,19,-5,-2,5,2,FALSE,FALSE
171,44,18,10,17,18,10,17,18,10,17,-8,-1,8,1,FALSE,FALSE
171,45,15,9,13,15,9,13,15,9,13,-6,-2,6,2,FALSE,FALSE
171,46,12,10,8,12,10,8,12,10,8,-2,-4,2,4,FALSE,FALSE
171,47,9,10,6,9,10,6,9,10,6,1,-3,1,3,FALSE,FALSE
171,48,9,9,5,9,9,5,9,9,5,0,-4,0,4,TRUE,FALSE
171,49,8,8,4,8,8,4,8,8,4,0,-4,0,4,TRUE,FALSE
171,50,7,6,2,7,6,2,7,6,2,-1,-5,1,5,FALSE,FALSE
171,51,6,5,1,6,5,1,6,5,1,-1,-5,1,5,FALSE,FALSE
171,52,5,4,1,5,4,1,5,4,1,-1,-4,1,4,FALSE,FALSE
171,53,5,2,1,5,2,1,5,2,1,-3,-4,3,4,FALSE,FALSE
171,54,5,2,1,5,2,1,5,2,1,-3,-4,3,4,FALSE,FALSE
171,55,5,1,1,5,1,1,5,1,1,-4,-4,4,4,FALSE,FALSE
171,56,4,1,1,4,1,1,4,1,1,-3,-3,3,3,FALSE,FALSE
171,57,3,1,1,3,1,1,3,1,1,-2,-2,2,2,FALSE,FALSE
171,58,3,1,0,3,1,0,3,1,0,-2,-3,2,3,FALSE,FALSE
171,59,3,1,0,3,1,0,3,1,0,-2,-3,2,3,FALSE,FALSE
171,60,3,1,0,3,1,0,3,1,0,-2,-3,2,3,FALSE,FALSE
172,0,137,137,137,137,137,137,137,137,137,0,0,0,0,TRUE,TRUE
172,1,215,205,196,215,205,196,215,205,196,-10,-19,10,19,FALSE,FALSE
172,2,295,306,282,295,306,282,295,306,282,11,-13,11,13,FALSE,FALSE
172,3,413,444,399,413,444,399,413,444,399,31,-14,31,14,FALSE,FALSE
172,4,560,646,538,560,646,538,560,646,538,86,-22,86,22,FALSE,FALSE
172,5,758,903,758,758,903,758,758,903,758,145,0,145,0,FALSE,TRUE
172,6,1010,1236,1020,1010,1236,1020,1010,1236,1020,226,10,226,10,FALSE,FALSE
172,7,1331,1605,1358,1331,1605,1358,1331,1605,1358,274,27,274,27,FALSE,FALSE
172,8,1693,2076,1769,1693,2076,1769,1693,2076,1769,383,76,383,76,FALSE,FALSE
172,9,2036,2568,2173,2036,2568,2173,2036,2568,2173,532,137,532,137,FALSE,FALSE
172,10,2420,2949,2562,2420,2949,2562,2420,2949,2562,529,142,529,142,FALSE,FALSE
172,11,2668,3240,2898,2668,3240,2898,2668,3240,2898,572,230,572,230,FALSE,FALSE
172,12,2965,3350,3131,2965,3350,3131,2965,3350,3131,385,166,385,166,FALSE,FALSE
172,13,3108,3343,3221,3108,3343,3221,3108,3343,3221,235,113,235,113,FALSE,FALSE
172,14,3131,3305,3213,3131,3305,3213,3131,3305,3213,174,82,174,82,FALSE,FALSE
172,15,3108,3121,3124,3108,3121,3124,3108,3121,3124,13,16,13,16,FALSE,FALSE
172,16,2967,2875,3005,2967,2875,3005,2967,2875,3005,-92,38,92,38,FALSE,FALSE
172,17,2763,2633,2765,2763,2633,2765,2763,2633,2765,-130,2,130,2,FALSE,FALSE
172,18,2547,2350,2533,2547,2350,2533,2547,2350,2533,-197,-14,197,14,FALSE,FALSE
172,19,2345,2097,2281,2345,2097,2281,2345,2097,2281,-248,-64,248,64,FALSE,FALSE
172,20,2164,1880,2038,2164,1880,2038,2164,1880,2038,-284,-126,284,126,FALSE,FALSE
172,21,1910,1663,1832,1910,1663,1832,1910,1663,1832,-247,-78,247,78,FALSE,FALSE
172,22,1706,1475,1627,1706,1475,1627,1706,1475,1627,-231,-79,231,79,FALSE,FALSE
172,23,1497,1292,1444,1497,1292,1444,1497,1292,1444,-205,-53,205,53,FALSE,FALSE
172,24,1321,1132,1302,1321,1132,1302,1321,1132,1302,-189,-19,189,19,FALSE,FALSE
172,25,1197,989,1139,1197,989,1139,1197,989,1139,-208,-58,208,58,FALSE,FALSE
172,26,1050,877,1014,1050,877,1014,1050,877,1014,-173,-36,173,36,FALSE,FALSE
172,27,920,748,876,920,748,876,920,748,876,-172,-44,172,44,FALSE,FALSE
172,28,795,656,763,795,656,763,795,656,763,-139,-32,139,32,FALSE,FALSE
172,29,655,557,658,655,557,658,655,557,658,-98,3,98,3,FALSE,FALSE
172,30,573,485,576,573,485,576,573,485,576,-88,3,88,3,FALSE,FALSE
172,31,491,403,508,491,403,508,491,403,508,-88,17,88,17,FALSE,FALSE
172,32,430,340,447,430,340,447,430,340,447,-90,17,90,17,FALSE,FALSE
172,33,374,292,395,374,292,395,374,292,395,-82,21,82,21,FALSE,FALSE
172,34,317,254,345,317,254,345,317,254,345,-63,28,63,28,FALSE,FALSE
172,35,280,227,298,280,227,298,280,227,298,-53,18,53,18,FALSE,FALSE
172,36,233,202,268,233,202,268,233,202,268,-31,35,31,35,FALSE,FALSE
172,37,200,179,227,200,179,227,200,179,227,-21,27,21,27,FALSE,FALSE
172,38,175,154,190,175,154,190,175,154,190,-21,15,21,15,FALSE,FALSE
172,39,155,130,162,155,130,162,155,130,162,-25,7,25,7,FALSE,FALSE
172,40,138,108,138,138,108,138,138,108,138,-30,0,30,0,FALSE,TRUE
172,41,118,94,120,118,94,120,118,94,120,-24,2,24,2,FALSE,FALSE
172,42,106,77,111,106,77,111,106,77,111,-29,5,29,5,FALSE,FALSE
172,43,90,67,100,90,67,100,90,67,100,-23,10,23,10,FALSE,FALSE
172,44,74,55,90,74,55,90,74,55,90,-19,16,19,16,FALSE,FALSE
172,45,59,45,73,59,45,73,59,45,73,-14,14,14,14,FALSE,FALSE
172,46,45,40,63,45,40,63,45,40,63,-5,18,5,18,FALSE,FALSE
172,47,38,29,51,38,29,51,38,29,51,-9,13,9,13,FALSE,FALSE
172,48,33,26,48,33,26,48,33,26,48,-7,15,7,15,FALSE,FALSE
172,49,30,24,40,30,24,40,30,24,40,-6,10,6,10,FALSE,FALSE
172,50,27,20,34,27,20,34,27,20,34,-7,7,7,7,FALSE,FALSE
172,51,22,17,30,22,17,30,22,17,30,-5,8,5,8,FALSE,FALSE
172,52,19,15,30,19,15,30,19,15,30,-4,11,4,11,FALSE,FALSE
172,53,17,12,27,17,12,27,17,12,27,-5,10,5,10,FALSE,FALSE
172,54,15,11,24,15,11,24,15,11,24,-4,9,4,9,FALSE,FALSE
172,55,12,9,21,12,9,21,12,9,21,-3,9,3,9,FALSE,FALSE
172,56,11,6,16,11,6,16,11,6,16,-5,5,5,5,FALSE,FALSE
172,57,8,4,15,8,4,15,8,4,15,-4,7,4,7,FALSE,FALSE
172,58,6,4,14,6,4,14,6,4,14,-2,8,2,8,FALSE,FALSE
172,59,5,2,12,5,2,12,5,2,12,-3,7,3,7,FALSE,FALSE
172,60,5,1,8,5,1,8,5,1,8,-4,3,4,3,FALSE,FALSE
173,0,130,130,130,130,130,130,130,130,130,0,0,0,0,TRUE,TRUE
173,1,232,218,247,232,218,247,232,218,247,-14,15,14,15,FALSE,FALSE
173,2,419,356,447,419,356,447,419,356,447,-63,28,63,28,FALSE,FALSE
173,3,694,569,747,694,569,747,694,569,747,-125,53,125,53,FALSE,FALSE
173,4,1074,890,1273,1074,890,1273,1074,890,1273,-184,199,184,199,FALSE,FALSE
173,5,1646,1347,1959,1646,1347,1959,1646,1347,1959,-299,313,299,313,FALSE,FALSE
173,6,2362,1894,2732,2362,1894,2732,2362,1894,2732,-468,370,468,370,FALSE,FALSE
173,7,3208,2567,3524,3208,2567,3524,3208,2567,3524,-641,316,641,316,FALSE,FALSE
173,8,3816,3145,4001,3816,3145,4001,3816,3145,4001,-671,185,671,185,FALSE,FALSE
173,9,4113,3486,4100,4113,3486,4100,4113,3486,4100,-627,-13,627,13,FALSE,FALSE
173,10,4007,3625,3892,4007,3625,3892,4007,3625,3892,-382,-115,382,115,FALSE,FALSE
173,11,3654,3482,3495,3654,3482,3495,3654,3482,3495,-172,-159,172,159,FALSE,FALSE
173,12,3219,3219,3001,3219,3219,3001,3219,3219,3001,0,-218,0,218,TRUE,FALSE
173,13,2759,2847,2458,2759,2847,2458,2759,2847,2458,88,-301,88,301,FALSE,FALSE
173,14,2287,2482,2089,2287,2482,2089,2287,2482,2089,195,-198,195,198,FALSE,FALSE
173,15,1857,2104,1688,1857,2104,1688,1857,2104,1688,247,-169,247,169,FALSE,FALSE
173,16,1489,1799,1363,1489,1799,1363,1489,1799,1363,310,-126,310,126,FALSE,FALSE
173,17,1253,1469,1122,1253,1469,1122,1253,1469,1122,216,-131,216,131,FALSE,FALSE
173,18,1018,1203,929,1018,1203,929,1018,1203,929,185,-89,185,89,FALSE,FALSE
173,19,806,988,750,806,988,750,806,988,750,182,-56,182,56,FALSE,FALSE
173,20,652,811,623,652,811,623,652,811,623,159,-29,159,29,FALSE,FALSE
173,21,520,649,516,520,649,516,520,649,516,129,-4,129,4,FALSE,FALSE
173,22,423,547,405,423,547,405,423,547,405,124,-18,124,18,FALSE,FALSE
173,23,339,408,334,339,408,334,339,408,334,69,-5,69,5,FALSE,FALSE
173,24,279,324,253,279,324,253,279,324,253,45,-26,45,26,FALSE,FALSE
173,25,225,257,189,225,257,189,225,257,189,32,-36,32,36,FALSE,FALSE
173,26,187,204,154,187,204,154,187,204,154,17,-33,17,33,FALSE,FALSE
173,27,156,164,120,156,164,120,156,164,120,8,-36,8,36,FALSE,FALSE
173,28,119,125,95,119,125,95,119,125,95,6,-24,6,24,FALSE,FALSE
173,29,94,98,73,94,98,73,94,98,73,4,-21,4,21,FALSE,FALSE
173,30,79,76,60,79,76,60,79,76,60,-3,-19,3,19,FALSE,FALSE
173,31,55,57,47,55,57,47,55,57,47,2,-8,2,8,FALSE,FALSE
173,32,42,43,37,42,43,37,42,43,37,1,-5,1,5,FALSE,FALSE
173,33,34,34,29,34,34,29,34,34,29,0,-5,0,5,TRUE,FALSE
173,34,28,28,23,28,28,23,28,28,23,0,-5,0,5,TRUE,FALSE
173,35,25,19,18,25,19,18,25,19,18,-6,-7,6,7,FALSE,FALSE
173,36,22,16,15,22,16,15,22,16,15,-6,-7,6,7,FALSE,FALSE
173,37,20,15,11,20,15,11,20,15,11,-5,-9,5,9,FALSE,FALSE
173,38,16,12,7,16,12,7,16,12,7,-4,-9,4,9,FALSE,FALSE
173,39,13,5,7,13,5,7,13,5,7,-8,-6,8,6,FALSE,FALSE
173,40,10,3,7,10,3,7,10,3,7,-7,-3,7,3,FALSE,FALSE
173,41,6,2,6,6,2,6,6,2,6,-4,0,4,0,FALSE,TRUE
173,42,6,2,4,6,2,4,6,2,4,-4,-2,4,2,FALSE,FALSE
173,43,3,2,3,3,2,3,3,2,3,-1,0,1,0,FALSE,TRUE
173,44,3,2,2,3,2,2,3,2,2,-1,-1,1,1,FALSE,FALSE
173,45,3,2,1,3,2,1,3,2,1,-1,-2,1,2,FALSE,FALSE
173,46,3,2,1,3,2,1,3,2,1,-1,-2,1,2,FALSE,FALSE
173,47,2,1,1,2,1,1,2,1,1,-1,-1,1,1,FALSE,FALSE
173,48,2,1,1,2,1,1,2,1,1,-1,-1,1,1,FALSE,FALSE
173,49,2,0,1,2,0,1,2,0,1,-2,-1,2,1,FALSE,FALSE
173,50,2,0,0,2,0,0,2,0,0,-2,-2,2,2,FALSE,FALSE
173,51,1,0,0,1,0,0,1,0,0,-1,-1,1,1,FALSE,FALSE
173,52,0,0,0,0,0,0,0,0,0,0,0,0,0,TRUE,TRUE
173,53,0,0,0,0,0,0,0,0,0,0,0,0,0,TRUE,TRUE
173,54,0,0,0,0,0,0,0,0,0,0,0,0,0,TRUE,TRUE
173,55,0,0,0,0,0,0,0,0,0,0,0,0,0,TRUE,TRUE
173,56,0,0,0,0,0,0,0,0,0,0,0,0,0,TRUE,TRUE
173,57,0,0,0,0,0,0,0,0,0,0,0,0,0,TRUE,TRUE
173,58,0,0,0,0,0,0,0,0,0,0,0,0,0,TRUE,TRUE
173,59,0,0,0,0,0,0,0,0,0,0,0,0,0,TRUE,TRUE
173,60,0,0,0,0,0,0,0,0,0,0,0,0,0,TRUE,TRUE
174,0,122,122,122,122,122,122,122,122,122,0,0,0,0,TRUE,TRUE
174,1,132,136,117,132,136,117,132,136,117,4,-15,4,15,FALSE,FALSE
174,2,145,145,123,145,145,123,145,145,123,0,-22,0,22,TRUE,FALSE
174,3,158,156,128,158,156,128,158,156,128,-2,-30,2,30,FALSE,FALSE
174,4,169,166,137,169,166,137,169,166,137,-3,-32,3,32,FALSE,FALSE
174,5,179,175,153,179,175,153,179,175,153,-4,-26,4,26,FALSE,FALSE
174,6,196,178,166,196,178,166,196,178,166,-18,-30,18,30,FALSE,FALSE
174,7,211,173,176,211,173,176,211,173,176,-38,-35,38,35,FALSE,FALSE
174,8,233,174,179,233,174,179,233,174,179,-59,-54,59,54,FALSE,FALSE
174,9,253,184,202,253,184,202,253,184,202,-69,-51,69,51,FALSE,FALSE
174,10,277,187,229,277,187,229,277,187,229,-90,-48,90,48,FALSE,FALSE
174,11,279,196,230,279,196,230,279,196,230,-83,-49,83,49,FALSE,FALSE
174,12,298,205,240,298,205,240,298,205,240,-93,-58,93,58,FALSE,FALSE
174,13,325,214,249,325,214,249,325,214,249,-111,-76,111,76,FALSE,FALSE
174,14,354,217,250,354,217,250,354,217,250,-137,-104,137,104,FALSE,FALSE
174,15,369,218,245,369,218,245,369,218,245,-151,-124,151,124,FALSE,FALSE
174,16,381,232,252,381,232,252,381,232,252,-149,-129,149,129,FALSE,FALSE
174,17,391,236,263,391,236,263,391,236,263,-155,-128,155,128,FALSE,FALSE
174,18,403,225,284,403,225,284,403,225,284,-178,-119,178,119,FALSE,FALSE
174,19,405,240,294,405,240,294,405,240,294,-165,-111,165,111,FALSE,FALSE
174,20,414,254,307,414,254,307,414,254,307,-160,-107,160,107,FALSE,FALSE
174,21,405,264,308,405,264,308,405,264,308,-141,-97,141,97,FALSE,FALSE
174,22,414,282,319,414,282,319,414,282,319,-132,-95,132,95,FALSE,FALSE
174,23,416,288,329,416,288,329,416,288,329,-128,-87,128,87,FALSE,FALSE
174,24,416,276,323,416,276,323,416,276,323,-140,-93,140,93,FALSE,FALSE
174,25,401,290,323,401,290,323,401,290,323,-111,-78,111,78,FALSE,FALSE
174,26,396,302,338,396,302,338,396,302,338,-94,-58,94,58,FALSE,FALSE
174,27,397,313,345,397,313,345,397,313,345,-84,-52,84,52,FALSE,FALSE
174,28,397,309,350,397,309,350,397,309,350,-88,-47,88,47,FALSE,FALSE
174,29,405,314,340,405,314,340,405,314,340,-91,-65,91,65,FALSE,FALSE
174,30,394,313,344,394,313,344,394,313,344,-81,-50,81,50,FALSE,FALSE
174,31,407,316,336,407,316,336,407,316,336,-91,-71,91,71,FALSE,FALSE
174,32,396,314,335,396,314,335,396,314,335,-82,-61,82,61,FALSE,FALSE
174,33,406,316,312,406,316,312,406,316,312,-90,-94,90,94,FALSE,FALSE
174,34,415,306,325,415,306,325,415,306,325,-109,-90,109,90,FALSE,FALSE
174,35,407,301,332,407,301,332,407,301,332,-106,-75,106,75,FALSE,FALSE
174,36,391,291,318,391,291,318,391,291,318,-100,-73,100,73,FALSE,FALSE
174,37,377,279,307,377,279,307,377,279,307,-98,-70,98,70,FALSE,FALSE
174,38,395,267,313,395,267,313,395,267,313,-128,-82,128,82,FALSE,FALSE
174,39,387,242,300,387,242,300,387,242,300,-145,-87,145,87,FALSE,FALSE
174,40,375,229,307,375,229,307,375,229,307,-146,-68,146,68,FALSE,FALSE
174,41,351,224,329,351,224,329,351,224,329,-127,-22,127,22,FALSE,FALSE
174,42,357,226,324,357,226,324,357,226,324,-131,-33,131,33,FALSE,FALSE
174,43,361,218,309,361,218,309,361,218,309,-143,-52,143,52,FALSE,FALSE
174,44,350,219,304,350,219,304,350,219,304,-131,-46,131,46,FALSE,FALSE
174,45,344,223,306,344,223,306,344,223,306,-121,-38,121,38,FALSE,FALSE
174,46,321,217,295,321,217,295,321,217,295,-104,-26,104,26,FALSE,FALSE
174,47,321,218,279,321,218,279,321,218,279,-103,-42,103,42,FALSE,FALSE
174,48,309,212,268,309,212,268,309,212,268,-97,-41,97,41,FALSE,FALSE
174,49,293,200,263,293,200,263,293,200,263,-93,-30,93,30,FALSE,FALSE
174,50,279,197,255,279,197,255,279,197,255,-82,-24,82,24,FALSE,FALSE
174,51,272,178,250,272,178,250,272,178,250,-94,-22,94,22,FALSE,FALSE
174,52,260,176,246,260,176,246,260,176,246,-84,-14,84,14,FALSE,FALSE
174,53,236,163,233,236,163,233,236,163,233,-73,-3,73,3,FALSE,FALSE
174,54,224,172,210,224,172,210,224,172,210,-52,-14,52,14,FALSE,FALSE
174,55,203,173,205,203,173,205,203,173,205,-30,2,30,2,FALSE,FALSE
174,56,182,177,206,182,177,206,182,177,206,-5,24,5,24,FALSE,FALSE
174,57,194,182,197,194,182,197,194,182,197,-12,3,12,3,FALSE,FALSE
174,58,191,189,192,191,189,192,191,189,192,-2,1,2,1,FALSE,FALSE
174,59,178,176,181,178,176,181,178,176,181,-2,3,2,3,FALSE,FALSE
174,60,173,180,174,173,180,174,173,180,174,7,1,7,1,FALSE,FALSE
175,0,66,66,66,66,66,66,66,66,66,0,0,0,0,TRUE,TRUE
175,1,82,84,91,82,84,91,82,84,91,2,9,2,9,FALSE,FALSE
175,2,105,115,108,105,115,108,105,115,108,10,3,10,3,FALSE,FALSE
175,3,118,149,129,118,149,129,118,149,129,31,11,31,11,FALSE,FALSE
175,4,136,178,150,136,178,150,136,178,150,42,14,42,14,FALSE,FALSE
175,5,181,217,170,181,217,170,181,217,170,36,-11,36,11,FALSE,FALSE
175,6,228,254,207,228,254,207,228,254,207,26,-21,26,21,FALSE,FALSE
175,7,269,314,260,269,314,260,269,314,260,45,-9,45,9,FALSE,FALSE
175,8,336,371,309,336,371,309,336,371,309,35,-27,35,27,FALSE,FALSE
175,9,392,443,374,392,443,374,392,443,374,51,-18,51,18,FALSE,FALSE
175,10,461,525,471,461,525,471,461,525,471,64,10,64,10,FALSE,FALSE
175,11,545,642,573,545,642,573,545,642,573,97,28,97,28,FALSE,FALSE
175,12,639,740,669,639,740,669,639,740,669,101,30,101,30,FALSE,FALSE
175,13,771,849,825,771,849,825,771,849,825,78,54,78,54,FALSE,FALSE
175,14,899,946,945,899,946,945,899,946,945,47,46,47,46,FALSE,FALSE
175,15,1024,1060,1063,1024,1060,1063,1024,1060,1063,36,39,36,39,FALSE,FALSE
175,16,1202,1172,1199,1202,1172,1199,1202,1172,1199,-30,-3,30,3,FALSE,FALSE
175,17,1321,1272,1323,1321,1272,1323,1321,1272,1323,-49,2,49,2,FALSE,FALSE
175,18,1469,1373,1456,1469,1373,1456,1469,1373,1456,-96,-13,96,13,FALSE,FALSE
175,19,1539,1451,1540,1539,1451,1540,1539,1451,1540,-88,1,88,1,FALSE,FALSE
175,20,1568,1518,1624,1568,1518,1624,1568,1518,1624,-50,56,50,56,FALSE,FALSE
175,21,1587,1572,1685,1587,1572,1685,1587,1572,1685,-15,98,15,98,FALSE,FALSE
175,22,1597,1603,1697,1597,1603,1697,1597,1603,1697,6,100,6,100,FALSE,FALSE
175,23,1572,1586,1713,1572,1586,1713,1572,1586,1713,14,141,14,141,FALSE,FALSE
175,24,1551,1497,1672,1551,1497,1672,1551,1497,1672,-54,121,54,121,FALSE,FALSE
175,25,1513,1477,1610,1513,1477,1610,1513,1477,1610,-36,97,36,97,FALSE,FALSE
175,26,1483,1371,1563,1483,1371,1563,1483,1371,1563,-112,80,112,80,FALSE,FALSE
175,27,1393,1322,1480,1393,1322,1480,1393,1322,1480,-71,87,71,87,FALSE,FALSE
175,28,1294,1238,1397,1294,1238,1397,1294,1238,1397,-56,103,56,103,FALSE,FALSE
175,29,1230,1152,1305,1230,1152,1305,1230,1152,1305,-78,75,78,75,FALSE,FALSE
175,30,1148,1069,1218,1148,1069,1218,1148,1069,1218,-79,70,79,70,FALSE,FALSE
175,31,1051,953,1143,1051,953,1143,1051,953,1143,-98,92,98,92,FALSE,FALSE
175,32,984,885,1057,984,885,1057,984,885,1057,-99,73,99,73,FALSE,FALSE
175,33,897,786,973,897,786,973,897,786,973,-111,76,111,76,FALSE,FALSE
175,34,830,707,898,830,707,898,830,707,898,-123,68,123,68,FALSE,FALSE
175,35,766,619,789,766,619,789,766,619,789,-147,23,147,23,FALSE,FALSE
175,36,701,556,702,701,556,702,701,556,702,-145,1,145,1,FALSE,FALSE
175,37,593,492,632,593,492,632,593,492,632,-101,39,101,39,FALSE,FALSE
175,38,544,464,571,544,464,571,544,464,571,-80,27,80,27,FALSE,FALSE
175,39,485,404,498,485,404,498,485,404,498,-81,13,81,13,FALSE,FALSE
175,40,415,360,435,415,360,435,415,360,435,-55,20,55,20,FALSE,FALSE
175,41,385,334,395,385,334,395,385,334,395,-51,10,51,10,FALSE,FALSE
175,42,338,288,346,338,288,346,338,288,346,-50,8,50,8,FALSE,FALSE
175,43,306,250,299,306,250,299,306,250,299,-56,-7,56,7,FALSE,FALSE
175,44,280,226,253,280,226,253,280,226,253,-54,-27,54,27,FALSE,FALSE
175,45,264,193,227,264,193,227,264,193,227,-71,-37,71,37,FALSE,FALSE
175,46,253,165,207,253,165,207,253,165,207,-88,-46,88,46,FALSE,FALSE
175,47,237,138,192,237,138,192,237,138,192,-99,-45,99,45,FALSE,FALSE
175,48,213,126,171,213,126,171,213,126,171,-87,-42,87,42,FALSE,FALSE
175,49,189,105,152,189,105,152,189,105,152,-84,-37,84,37,FALSE,FALSE
175,50,170,92,132,170,92,132,170,92,132,-78,-38,78,38,FALSE,FALSE
175,51,166,82,112,166,82,112,166,82,112,-84,-54,84,54,FALSE,FALSE
175,52,142,73,100,142,73,100,142,73,100,-69,-42,69,42,FALSE,FALSE
175,53,128,61,90,128,61,90,128,61,90,-67,-38,67,38,FALSE,FALSE
175,54,112,53,75,112,53,75,112,53,75,-59,-37,59,37,FALSE,FALSE
175,55,98,45,67,98,45,67,98,45,67,-53,-31,53,31,FALSE,FALSE
175,56,83,40,63,83,40,63,83,40,63,-43,-20,43,20,FALSE,FALSE
175,57,73,34,55,73,34,55,73,34,55,-39,-18,39,18,FALSE,FALSE
175,58,66,36,47,66,36,47,66,36,47,-30,-19,30,19,FALSE,FALSE
175,59,60,31,38,60,31,38,60,31,38,-29,-22,29,22,FALSE,FALSE
175,60,55,24,37,55,24,37,55,24,37,-31,-18,31,18,FALSE,FALSE
176,0,89,89,89,89,89,89,89,89,89,0,0,0,0,TRUE,TRUE
176,1,96,92,92,96,92,92,96,92,92,-4,-4,4,4,FALSE,FALSE
176,2,109,100,96,109,100,96,109,100,96,-9,-13,9,13,FALSE,FALSE
176,3,112,105,100,112,105,100,112,105,100,-7,-12,7,12,FALSE,FALSE
176,4,119,108,111,119,108,111,119,108,111,-11,-8,11,8,FALSE,FALSE
176,5,121,108,124,121,108,124,121,108,124,-13,3,13,3,FALSE,FALSE
176,6,133,109,130,133,109,130,133,109,130,-24,-3,24,3,FALSE,FALSE
176,7,149,112,139,149,112,139,149,112,139,-37,-10,37,10,FALSE,FALSE
176,8,177,126,148,177,126,148,177,126,148,-51,-29,51,29,FALSE,FALSE
176,9,184,138,173,184,138,173,184,138,173,-46,-11,46,11,FALSE,FALSE
176,10,206,148,191,206,148,191,206,148,191,-58,-15,58,15,FALSE,FALSE
176,11,218,164,214,218,164,214,218,164,214,-54,-4,54,4,FALSE,FALSE
176,12,240,166,213,240,166,213,240,166,213,-74,-27,74,27,FALSE,FALSE
176,13,250,176,230,250,176,230,250,176,230,-74,-20,74,20,FALSE,FALSE
176,14,266,186,250,266,186,250,266,186,250,-80,-16,80,16,FALSE,FALSE
176,15,287,204,271,287,204,271,287,204,271,-83,-16,83,16,FALSE,FALSE
176,16,305,206,289,305,206,289,305,206,289,-99,-16,99,16,FALSE,FALSE
176,17,342,224,297,342,224,297,342,224,297,-118,-45,118,45,FALSE,FALSE
176,18,356,234,315,356,234,315,356,234,315,-122,-41,122,41,FALSE,FALSE
176,19,372,242,330,372,242,330,372,242,330,-130,-42,130,42,FALSE,FALSE
176,20,391,256,353,391,256,353,391,256,353,-135,-38,135,38,FALSE,FALSE
176,21,415,263,376,415,263,376,415,263,376,-152,-39,152,39,FALSE,FALSE
176,22,430,271,420,430,271,420,430,271,420,-159,-10,159,10,FALSE,FALSE
176,23,439,289,470,439,289,470,439,289,470,-150,31,150,31,FALSE,FALSE
176,24,461,309,493,461,309,493,461,309,493,-152,32,152,32,FALSE,FALSE
176,25,483,333,527,483,333,527,483,333,527,-150,44,150,44,FALSE,FALSE
176,26,493,341,549,493,341,549,493,341,549,-152,56,152,56,FALSE,FALSE
176,27,479,374,561,479,374,561,479,374,561,-105,82,105,82,FALSE,FALSE
176,28,482,388,591,482,388,591,482,388,591,-94,109,94,109,FALSE,FALSE
176,29,505,391,618,505,391,618,505,391,618,-114,113,114,113,FALSE,FALSE
176,30,529,408,635,529,408,635,529,408,635,-121,106,121,106,FALSE,FALSE
176,31,525,414,646,525,414,646,525,414,646,-111,121,111,121,FALSE,FALSE
176,32,542,428,673,542,428,673,542,428,673,-114,131,114,131,FALSE,FALSE
176,33,550,429,689,550,429,689,550,429,689,-121,139,121,139,FALSE,FALSE
176,34,559,432,703,559,432,703,559,432,703,-127,144,127,144,FALSE,FALSE
176,35,579,444,722,579,444,722,579,444,722,-135,143,135,143,FALSE,FALSE
176,36,593,459,748,593,459,748,593,459,748,-134,155,134,155,FALSE,FALSE
176,37,600,490,779,600,490,779,600,490,779,-110,179,110,179,FALSE,FALSE
176,38,627,499,799,627,499,799,627,499,799,-128,172,128,172,FALSE,FALSE
176,39,651,497,795,651,497,795,651,497,795,-154,144,154,144,FALSE,FALSE
176,40,669,509,786,669,509,786,669,509,786,-160,117,160,117,FALSE,FALSE
176,41,653,516,777,653,516,777,653,516,777,-137,124,137,124,FALSE,FALSE
176,42,666,515,774,666,515,774,666,515,774,-151,108,151,108,FALSE,FALSE
176,43,669,531,767,669,531,767,669,531,767,-138,98,138,98,FALSE,FALSE
176,44,663,530,752,663,530,752,663,530,752,-133,89,133,89,FALSE,FALSE
176,45,659,535,738,659,535,738,659,535,738,-124,79,124,79,FALSE,FALSE
176,46,638,557,719,638,557,719,638,557,719,-81,81,81,81,FALSE,FALSE
176,47,630,561,710,630,561,710,630,561,710,-69,80,69,80,FALSE,FALSE
176,48,630,557,708,630,557,708,630,557,708,-73,78,73,78,FALSE,FALSE
176,49,623,563,689,623,563,689,623,563,689,-60,66,60,66,FALSE,FALSE
176,50,610,577,646,610,577,646,610,577,646,-33,36,33,36,FALSE,FALSE
176,51,599,600,632,599,600,632,599,600,632,1,33,1,33,FALSE,FALSE
176,52,584,599,602,584,599,602,584,599,602,15,18,15,18,FALSE,FALSE
176,53,579,606,603,579,606,603,579,606,603,27,24,27,24,FALSE,FALSE
176,54,580,594,594,580,594,594,580,594,594,14,14,14,14,FALSE,FALSE
176,55,571,585,590,571,585,590,571,585,590,14,19,14,19,FALSE,FALSE
176,56,551,590,584,551,590,584,551,590,584,39,33,39,33,FALSE,FALSE
176,57,542,599,560,542,599,560,542,599,560,57,18,57,18,FALSE,FALSE
176,58,538,586,553,538,586,553,538,586,553,48,15,48,15,FALSE,FALSE
176,59,532,580,533,532,580,533,532,580,533,48,1,48,1,FALSE,FALSE
176,60,509,558,519,509,558,519,509,558,519,49,10,49,10,FALSE,FALSE
177,0,57,57,57,57,57,57,57,57,57,0,0,0,0,TRUE,TRUE
177,1,69,70,68,69,70,68,69,70,68,1,-1,1,1,FALSE,FALSE
177,2,87,89,87,87,89,87,87,89,87,2,0,2,0,FALSE,TRUE
177,3,104,107,104,104,107,104,104,107,104,3,0,3,0,FALSE,TRUE
177,4,135,124,128,135,124,128,135,124,128,-11,-7,11,7,FALSE,FALSE
177,5,165,159,135,165,159,135,165,159,135,-6,-30,6,30,FALSE,FALSE
177,6,199,196,151,199,196,151,199,196,151,-3,-48,3,48,FALSE,FALSE
177,7,230,231,181,230,231,181,230,231,181,1,-49,1,49,FALSE,FALSE
177,8,256,266,211,256,266,211,256,266,211,10,-45,10,45,FALSE,FALSE
177,9,319,317,253,319,317,253,319,317,253,-2,-66,2,66,FALSE,FALSE
177,10,392,391,288,392,391,288,392,391,288,-1,-104,1,104,FALSE,FALSE
177,11,468,486,341,468,486,341,468,486,341,18,-127,18,127,FALSE,FALSE
177,12,573,600,405,573,600,405,573,600,405,27,-168,27,168,FALSE,FALSE
177,13,680,690,477,680,690,477,680,690,477,10,-203,10,203,FALSE,FALSE
177,14,812,790,558,812,790,558,812,790,558,-22,-254,22,254,FALSE,FALSE
177,15,942,943,638,942,943,638,942,943,638,1,-304,1,304,FALSE,FALSE
177,16,1115,1113,740,1115,1113,740,1115,1113,740,-2,-375,2,375,FALSE,FALSE
177,17,1290,1303,870,1290,1303,870,1290,1303,870,13,-420,13,420,FALSE,FALSE
177,18,1485,1480,984,1485,1480,984,1485,1480,984,-5,-501,5,501,FALSE,FALSE
177,19,1670,1690,1141,1670,1690,1141,1670,1690,1141,20,-529,20,529,FALSE,FALSE
177,20,1839,1888,1308,1839,1888,1308,1839,1888,1308,49,-531,49,531,FALSE,FALSE
177,21,1980,2067,1477,1980,2067,1477,1980,2067,1477,87,-503,87,503,FALSE,FALSE
177,22,2127,2193,1661,2127,2193,1661,2127,2193,1661,66,-466,66,466,FALSE,FALSE
177,23,2246,2341,1842,2246,2341,1842,2246,2341,1842,95,-404,95,404,FALSE,FALSE
177,24,2391,2524,2036,2391,2524,2036,2391,2524,2036,133,-355,133,355,FALSE,FALSE
177,25,2474,2646,2230,2474,2646,2230,2474,2646,2230,172,-244,172,244,FALSE,FALSE
177,26,2541,2730,2379,2541,2730,2379,2541,2730,2379,189,-162,189,162,FALSE,FALSE
177,27,2629,2785,2511,2629,2785,2511,2629,2785,2511,156,-118,156,118,FALSE,FALSE
177,28,2672,2836,2581,2672,2836,2581,2672,2836,2581,164,-91,164,91,FALSE,FALSE
177,29,2654,2872,2664,2654,2872,2664,2654,2872,2664,218,10,218,10,FALSE,FALSE
177,30,2650,2870,2714,2650,2870,2714,2650,2870,2714,220,64,220,64,FALSE,FALSE
177,31,2650,2835,2699,2650,2835,2699,2650,2835,2699,185,49,185,49,FALSE,FALSE
177,32,2613,2746,2702,2613,2746,2702,2613,2746,2702,133,89,133,89,FALSE,FALSE
177,33,2565,2688,2681,2565,2688,2681,2565,2688,2681,123,116,123,116,FALSE,FALSE
177,34,2537,2620,2646,2537,2620,2646,2537,2620,2646,83,109,83,109,FALSE,FALSE
177,35,2463,2526,2616,2463,2526,2616,2463,2526,2616,63,153,63,153,FALSE,FALSE
177,36,2380,2421,2563,2380,2421,2563,2380,2421,2563,41,183,41,183,FALSE,FALSE
177,37,2281,2313,2498,2281,2313,2498,2281,2313,2498,32,217,32,217,FALSE,FALSE
177,38,2187,2198,2437,2187,2198,2437,2187,2198,2437,11,250,11,250,FALSE,FALSE
177,39,2079,2109,2365,2079,2109,2365,2079,2109,2365,30,286,30,286,FALSE,FALSE
177,40,1977,2026,2266,1977,2026,2266,1977,2026,2266,49,289,49,289,FALSE,FALSE
177,41,1873,1913,2187,1873,1913,2187,1873,1913,2187,40,314,40,314,FALSE,FALSE
177,42,1770,1794,2092,1770,1794,2092,1770,1794,2092,24,322,24,322,FALSE,FALSE
177,43,1686,1712,2018,1686,1712,2018,1686,1712,2018,26,332,26,332,FALSE,FALSE
177,44,1574,1615,1913,1574,1615,1913,1574,1615,1913,41,339,41,339,FALSE,FALSE
177,45,1495,1514,1819,1495,1514,1819,1495,1514,1819,19,324,19,324,FALSE,FALSE
177,46,1415,1413,1730,1415,1413,1730,1415,1413,1730,-2,315,2,315,FALSE,FALSE
177,47,1322,1320,1633,1322,1320,1633,1322,1320,1633,-2,311,2,311,FALSE,FALSE
177,48,1249,1221,1527,1249,1221,1527,1249,1221,1527,-28,278,28,278,FALSE,FALSE
177,49,1170,1138,1443,1170,1138,1443,1170,1138,1443,-32,273,32,273,FALSE,FALSE
177,50,1091,1074,1380,1091,1074,1380,1091,1074,1380,-17,289,17,289,FALSE,FALSE
177,51,1014,1018,1309,1014,1018,1309,1014,1018,1309,4,295,4,295,FALSE,FALSE
177,52,946,959,1234,946,959,1234,946,959,1234,13,288,13,288,FALSE,FALSE
177,53,884,901,1155,884,901,1155,884,901,1155,17,271,17,271,FALSE,FALSE
177,54,829,846,1077,829,846,1077,829,846,1077,17,248,17,248,FALSE,FALSE
177,55,783,799,1003,783,799,1003,783,799,1003,16,220,16,220,FALSE,FALSE
177,56,730,748,954,730,748,954,730,748,954,18,224,18,224,FALSE,FALSE
177,57,679,683,904,679,683,904,679,683,904,4,225,4,225,FALSE,FALSE
177,58,652,642,847,652,642,847,652,642,847,-10,195,10,195,FALSE,FALSE
177,59,610,612,798,610,612,798,610,612,798,2,188,2,188,FALSE,FALSE
177,60,569,582,749,569,582,749,569,582,749,13,180,13,180,FALSE,FALSE
178,0,104,104,104,104,104,104,104,104,104,0,0,0,0,TRUE,TRUE
178,1,121,134,116,121,134,116,121,134,116,13,-5,13,5,FALSE,FALSE
178,2,137,175,149,137,175,149,137,175,149,38,12,38,12,FALSE,FALSE
178,3,170,206,173,170,206,173,170,206,173,36,3,36,3,FALSE,FALSE
178,4,204,245,218,204,245,218,204,245,218,41,14,41,14,FALSE,FALSE
178,5,236,291,280,236,291,280,236,291,280,55,44,55,44,FALSE,FALSE
178,6,279,334,340,279,334,340,279,334,340,55,61,55,61,FALSE,FALSE
178,7,328,373,420,328,373,420,328,373,420,45,92,45,92,FALSE,FALSE
178,8,394,447,482,394,447,482,394,447,482,53,88,53,88,FALSE,FALSE
178,9,471,515,556,471,515,556,471,515,556,44,85,44,85,FALSE,FALSE
178,10,527,575,663,527,575,663,527,575,663,48,136,48,136,FALSE,FALSE
178,11,593,686,806,593,686,806,593,686,806,93,213,93,213,FALSE,FALSE
178,12,653,771,880,653,771,880,653,771,880,118,227,118,227,FALSE,FALSE
178,13,743,847,1002,743,847,1002,743,847,1002,104,259,104,259,FALSE,FALSE
178,14,805,933,1131,805,933,1131,805,933,1131,128,326,128,326,FALSE,FALSE
178,15,869,975,1227,869,975,1227,869,975,1227,106,358,106,358,FALSE,FALSE
178,16,965,1020,1348,965,1020,1348,965,1020,1348,55,383,55,383,FALSE,FALSE
178,17,1023,1080,1436,1023,1080,1436,1023,1080,1436,57,413,57,413,FALSE,FALSE
178,18,1073,1153,1467,1073,1153,1467,1073,1153,1467,80,394,80,394,FALSE,FALSE
178,19,1135,1182,1537,1135,1182,1537,1135,1182,1537,47,402,47,402,FALSE,FALSE
178,20,1188,1233,1570,1188,1233,1570,1188,1233,1570,45,382,45,382,FALSE,FALSE
178,21,1235,1265,1564,1235,1265,1564,1235,1265,1564,30,329,30,329,FALSE,FALSE
178,22,1235,1284,1526,1235,1284,1526,1235,1284,1526,49,291,49,291,FALSE,FALSE
178,23,1237,1317,1485,1237,1317,1485,1237,1317,1485,80,248,80,248,FALSE,FALSE
178,24,1220,1298,1424,1220,1298,1424,1220,1298,1424,78,204,78,204,FALSE,FALSE
178,25,1235,1304,1326,1235,1304,1326,1235,1304,1326,69,91,69,91,FALSE,FALSE
178,26,1184,1287,1268,1184,1287,1268,1184,1287,1268,103,84,103,84,FALSE,FALSE
178,27,1192,1238,1190,1192,1238,1190,1192,1238,1190,46,-2,46,2,FALSE,FALSE
178,28,1184,1154,1114,1184,1154,1114,1184,1154,1114,-30,-70,30,70,FALSE,FALSE
178,29,1126,1097,1029,1126,1097,1029,1126,1097,1029,-29,-97,29,97,FALSE,FALSE
178,30,1076,1042,987,1076,1042,987,1076,1042,987,-34,-89,34,89,FALSE,FALSE
178,31,1015,995,881,1015,995,881,1015,995,881,-20,-134,20,134,FALSE,FALSE
178,32,967,920,801,967,920,801,967,920,801,-47,-166,47,166,FALSE,FALSE
178,33,901,862,734,901,862,734,901,862,734,-39,-167,39,167,FALSE,FALSE
178,34,843,783,669,843,783,669,843,783,669,-60,-174,60,174,FALSE,FALSE
178,35,798,727,610,798,727,610,798,727,610,-71,-188,71,188,FALSE,FALSE
178,36,714,681,557,714,681,557,714,681,557,-33,-157,33,157,FALSE,FALSE
178,37,640,642,517,640,642,517,640,642,517,2,-123,2,123,FALSE,FALSE
178,38,573,561,461,573,561,461,573,561,461,-12,-112,12,112,FALSE,FALSE
178,39,525,519,428,525,519,428,525,519,428,-6,-97,6,97,FALSE,FALSE
178,40,492,471,378,492,471,378,492,471,378,-21,-114,21,114,FALSE,FALSE
178,41,428,426,343,428,426,343,428,426,343,-2,-85,2,85,FALSE,FALSE
178,42,404,391,327,404,391,327,404,391,327,-13,-77,13,77,FALSE,FALSE
178,43,363,346,290,363,346,290,363,346,290,-17,-73,17,73,FALSE,FALSE
178,44,316,317,262,316,317,262,316,317,262,1,-54,1,54,FALSE,FALSE
178,45,296,296,237,296,296,237,296,296,237,0,-59,0,59,TRUE,FALSE
178,46,258,277,216,258,277,216,258,277,216,19,-42,19,42,FALSE,FALSE
178,47,227,252,201,227,252,201,227,252,201,25,-26,25,26,FALSE,FALSE
178,48,206,230,176,206,230,176,206,230,176,24,-30,24,30,FALSE,FALSE
178,49,192,212,162,192,212,162,192,212,162,20,-30,20,30,FALSE,FALSE
178,50,182,196,143,182,196,143,182,196,143,14,-39,14,39,FALSE,FALSE
178,51,176,176,130,176,176,130,176,176,130,0,-46,0,46,TRUE,FALSE
178,52,166,169,122,166,169,122,166,169,122,3,-44,3,44,FALSE,FALSE
178,53,156,160,115,156,160,115,156,160,115,4,-41,4,41,FALSE,FALSE
178,54,149,144,97,149,144,97,149,144,97,-5,-52,5,52,FALSE,FALSE
178,55,128,128,83,128,128,83,128,128,83,0,-45,0,45,TRUE,FALSE
178,56,115,115,76,115,115,76,115,115,76,0,-39,0,39,TRUE,FALSE
178,57,109,93,66,109,93,66,109,93,66,-16,-43,16,43,FALSE,FALSE
178,58,94,79,58,94,79,58,94,79,58,-15,-36,15,36,FALSE,FALSE
178,59,81,73,49,81,73,49,81,73,49,-8,-32,8,32,FALSE,FALSE
178,60,76,69,45,76,69,45,76,69,45,-7,-31,7,31,FALSE,FALSE
179,0,111,111,111,111,111,111,111,111,111,0,0,0,0,TRUE,TRUE
179,1,160,163,165,160,163,165,160,163,165,3,5,3,5,FALSE,FALSE
179,2,226,233,245,226,233,245,226,233,245,7,19,7,19,FALSE,FALSE
179,3,298,340,338,298,340,338,298,340,338,42,40,42,40,FALSE,FALSE
179,4,377,471,476,377,471,476,377,471,476,94,99,94,99,FALSE,FALSE
179,5,538,639,673,538,639,673,538,639,673,101,135,101,135,FALSE,FALSE
179,6,724,850,941,724,850,941,724,850,941,126,217,126,217,FALSE,FALSE
179,7,930,1143,1259,930,1143,1259,930,1143,1259,213,329,213,329,FALSE,FALSE
179,8,1224,1483,1593,1224,1483,1593,1224,1483,1593,259,369,259,369,FALSE,FALSE
179,9,1522,1840,1980,1522,1840,1980,1522,1840,1980,318,458,318,458,FALSE,FALSE
179,10,1844,2226,2300,1844,2226,2300,1844,2226,2300,382,456,382,456,FALSE,FALSE
179,11,2186,2521,2626,2186,2521,2626,2186,2521,2626,335,440,335,440,FALSE,FALSE
179,12,2493,2764,2844,2493,2764,2844,2493,2764,2844,271,351,271,351,FALSE,FALSE
179,13,2734,2879,2910,2734,2879,2910,2734,2879,2910,145,176,145,176,FALSE,FALSE
179,14,2898,2944,2914,2898,2944,2914,2898,2944,2914,46,16,46,16,FALSE,FALSE
179,15,2927,2870,2846,2927,2870,2846,2927,2870,2846,-57,-81,57,81,FALSE,FALSE
179,16,2850,2732,2723,2850,2732,2723,2850,2732,2723,-118,-127,118,127,FALSE,FALSE
179,17,2732,2548,2515,2732,2548,2515,2732,2548,2515,-184,-217,184,217,FALSE,FALSE
179,18,2538,2344,2317,2538,2344,2317,2538,2344,2317,-194,-221,194,221,FALSE,FALSE
179,19,2353,2130,2073,2353,2130,2073,2353,2130,2073,-223,-280,223,280,FALSE,FALSE
179,20,2119,1907,1842,2119,1907,1842,2119,1907,1842,-212,-277,212,277,FALSE,FALSE
179,21,1901,1708,1627,1901,1708,1627,1901,1708,1627,-193,-274,193,274,FALSE,FALSE
179,22,1672,1501,1434,1672,1501,1434,1672,1501,1434,-171,-238,171,238,FALSE,FALSE
179,23,1482,1301,1247,1482,1301,1247,1482,1301,1247,-181,-235,181,235,FALSE,FALSE
179,24,1292,1142,1117,1292,1142,1117,1292,1142,1117,-150,-175,150,175,FALSE,FALSE
179,25,1118,982,973,1118,982,973,1118,982,973,-136,-145,136,145,FALSE,FALSE
179,26,978,854,860,978,854,860,978,854,860,-124,-118,124,118,FALSE,FALSE
179,27,858,724,761,858,724,761,858,724,761,-134,-97,134,97,FALSE,FALSE
179,28,747,637,659,747,637,659,747,637,659,-110,-88,110,88,FALSE,FALSE
179,29,659,561,575,659,561,575,659,561,575,-98,-84,98,84,FALSE,FALSE
179,30,575,478,507,575,478,507,575,478,507,-97,-68,97,68,FALSE,FALSE
179,31,498,404,440,498,404,440,498,404,440,-94,-58,94,58,FALSE,FALSE
179,32,417,341,378,417,341,378,417,341,378,-76,-39,76,39,FALSE,FALSE
179,33,352,302,314,352,302,314,352,302,314,-50,-38,50,38,FALSE,FALSE
179,34,317,255,268,317,255,268,317,255,268,-62,-49,62,49,FALSE,FALSE
179,35,266,223,228,266,223,228,266,223,228,-43,-38,43,38,FALSE,FALSE
179,36,229,195,201,229,195,201,229,195,201,-34,-28,34,28,FALSE,FALSE
179,37,190,171,175,190,171,175,190,171,175,-19,-15,19,15,FALSE,FALSE
179,38,173,144,152,173,144,152,173,144,152,-29,-21,29,21,FALSE,FALSE
179,39,154,124,125,154,124,125,154,124,125,-30,-29,30,29,FALSE,FALSE
179,40,129,108,105,129,108,105,129,108,105,-21,-24,21,24,FALSE,FALSE
179,41,113,96,90,113,96,90,113,96,90,-17,-23,17,23,FALSE,FALSE
179,42,100,77,73,100,77,73,100,77,73,-23,-27,23,27,FALSE,FALSE
179,43,92,60,63,92,60,63,92,60,63,-32,-29,32,29,FALSE,FALSE
179,44,80,46,56,80,46,56,80,46,56,-34,-24,34,24,FALSE,FALSE
179,45,73,36,52,73,36,52,73,36,52,-37,-21,37,21,FALSE,FALSE
179,46,69,30,47,69,30,47,69,30,47,-39,-22,39,22,FALSE,FALSE
179,47,62,30,37,62,30,37,62,30,37,-32,-25,32,25,FALSE,FALSE
179,48,55,21,33,55,21,33,55,21,33,-34,-22,34,22,FALSE,FALSE
179,49,46,20,32,46,20,32,46,20,32,-26,-14,26,14,FALSE,FALSE
179,50,39,19,29,39,19,29,39,19,29,-20,-10,20,10,FALSE,FALSE
179,51,32,16,22,32,16,22,32,16,22,-16,-10,16,10,FALSE,FALSE
179,52,29,14,22,29,14,22,29,14,22,-15,-7,15,7,FALSE,FALSE
179,53,26,10,20,26,10,20,26,10,20,-16,-6,16,6,FALSE,FALSE
179,54,19,9,15,19,9,15,19,9,15,-10,-4,10,4,FALSE,FALSE
179,55,17,6,12,17,6,12,17,6,12,-11,-5,11,5,FALSE,FALSE
179,56,12,4,13,12,4,13,12,4,13,-8,1,8,1,FALSE,FALSE
179,57,11,3,10,11,3,10,11,3,10,-8,-1,8,1,FALSE,FALSE
179,58,11,3,10,11,3,10,11,3,10,-8,-1,8,1,FALSE,FALSE
179,59,9,3,9,9,3,9,9,3,9,-6,0,6,0,FALSE,TRUE
179,60,7,2,8,7,2,8,7,2,8,-5,1,5,1,FALSE,FALSE
180,0,68,68,68,68,68,68,68,68,68,0,0,0,0,TRUE,TRUE
180,1,96,93,73,96,93,73,96,93,73,-3,-23,3,23,FALSE,FALSE
180,2,123,115,78,123,115,78,123,115,78,-8,-45,8,45,FALSE,FALSE
180,3,154,133,91,154,133,91,154,133,91,-21,-63,21,63,FALSE,FALSE
180,4,186,165,105,186,165,105,186,165,105,-21,-81,21,81,FALSE,FALSE
180,5,216,192,114,216,192,114,216,192,114,-24,-102,24,102,FALSE,FALSE
180,6,251,229,134,251,229,134,251,229,134,-22,-117,22,117,FALSE,FALSE
180,7,298,284,155,298,284,155,298,284,155,-14,-143,14,143,FALSE,FALSE
180,8,365,339,183,365,339,183,365,339,183,-26,-182,26,182,FALSE,FALSE
180,9,440,386,210,440,386,210,440,386,210,-54,-230,54,230,FALSE,FALSE
180,10,502,484,237,502,484,237,502,484,237,-18,-265,18,265,FALSE,FALSE
180,11,541,568,290,541,568,290,541,568,290,27,-251,27,251,FALSE,FALSE
180,12,584,638,330,584,638,330,584,638,330,54,-254,54,254,FALSE,FALSE
180,13,635,690,354,635,690,354,635,690,354,55,-281,55,281,FALSE,FALSE
180,14,684,803,390,684,803,390,684,803,390,119,-294,119,294,FALSE,FALSE
180,15,720,837,451,720,837,451,720,837,451,117,-269,117,269,FALSE,FALSE
180,16,755,858,485,755,858,485,755,858,485,103,-270,103,270,FALSE,FALSE
180,17,767,860,540,767,860,540,767,860,540,93,-227,93,227,FALSE,FALSE
180,18,744,848,575,744,848,575,744,848,575,104,-169,104,169,FALSE,FALSE
180,19,715,826,606,715,826,606,715,826,606,111,-109,111,109,FALSE,FALSE
180,20,705,785,606,705,785,606,705,785,606,80,-99,80,99,FALSE,FALSE
180,21,646,740,627,646,740,627,646,740,627,94,-19,94,19,FALSE,FALSE
180,22,613,668,658,613,668,658,613,668,658,55,45,55,45,FALSE,FALSE
180,23,581,590,645,581,590,645,581,590,645,9,64,9,64,FALSE,FALSE
180,24,551,528,619,551,528,619,551,528,619,-23,68,23,68,FALSE,FALSE
180,25,514,472,589,514,472,589,514,472,589,-42,75,42,75,FALSE,FALSE
180,26,448,399,560,448,399,560,448,399,560,-49,112,49,112,FALSE,FALSE
180,27,402,343,520,402,343,520,402,343,520,-59,118,59,118,FALSE,FALSE
180,28,376,292,487,376,292,487,376,292,487,-84,111,84,111,FALSE,FALSE
180,29,319,251,466,319,251,466,319,251,466,-68,147,68,147,FALSE,FALSE
180,30,272,223,446,272,223,446,272,223,446,-49,174,49,174,FALSE,FALSE
180,31,251,179,405,251,179,405,251,179,405,-72,154,72,154,FALSE,FALSE
180,32,223,152,358,223,152,358,223,152,358,-71,135,71,135,FALSE,FALSE
180,33,210,128,313,210,128,313,210,128,313,-82,103,82,103,FALSE,FALSE
180,34,185,105,286,185,105,286,185,105,286,-80,101,80,101,FALSE,FALSE
180,35,159,86,250,159,86,250,159,86,250,-73,91,73,91,FALSE,FALSE
180,36,139,75,217,139,75,217,139,75,217,-64,78,64,78,FALSE,FALSE
180,37,135,68,196,135,68,196,135,68,196,-67,61,67,61,FALSE,FALSE
180,38,118,54,178,118,54,178,118,54,178,-64,60,64,60,FALSE,FALSE
180,39,101,47,156,101,47,156,101,47,156,-54,55,54,55,FALSE,FALSE
180,40,97,41,143,97,41,143,97,41,143,-56,46,56,46,FALSE,FALSE
180,41,84,35,124,84,35,124,84,35,124,-49,40,49,40,FALSE,FALSE
180,42,73,32,100,73,32,100,73,32,100,-41,27,41,27,FALSE,FALSE
180,43,62,26,84,62,26,84,62,26,84,-36,22,36,22,FALSE,FALSE
180,44,53,19,71,53,19,71,53,19,71,-34,18,34,18,FALSE,FALSE
180,45,41,15,63,41,15,63,41,15,63,-26,22,26,22,FALSE,FALSE
180,46,35,14,58,35,14,58,35,14,58,-21,23,21,23,FALSE,FALSE
180,47,30,14,49,30,14,49,30,14,49,-16,19,16,19,FALSE,FALSE
180,48,33,10,47,33,10,47,33,10,47,-23,14,23,14,FALSE,FALSE
180,49,36,9,41,36,9,41,36,9,41,-27,5,27,5,FALSE,FALSE
180,50,34,7,29,34,7,29,34,7,29,-27,-5,27,5,FALSE,FALSE
180,51,30,5,24,30,5,24,30,5,24,-25,-6,25,6,FALSE,FALSE
180,52,24,3,18,24,3,18,24,3,18,-21,-6,21,6,FALSE,FALSE
180,53,21,3,16,21,3,16,21,3,16,-18,-5,18,5,FALSE,FALSE
180,54,20,3,13,20,3,13,20,3,13,-17,-7,17,7,FALSE,FALSE
180,55,20,3,14,20,3,14,20,3,14,-17,-6,17,6,FALSE,FALSE
180,56,20,2,17,20,2,17,20,2,17,-18,-3,18,3,FALSE,FALSE
180,57,15,1,12,15,1,12,15,1,12,-14,-3,14,3,FALSE,FALSE
180,58,15,1,9,15,1,9,15,1,9,-14,-6,14,6,FALSE,FALSE
180,59,15,1,8,15,1,8,15,1,8,-14,-7,14,7,FALSE,FALSE
180,60,12,1,6,12,1,6,12,1,6,-11,-6,11,6,FALSE,FALSE
181,0,163,163,163,163,163,163,163,163,163,0,0,0,0,TRUE,TRUE
181,1,156,176,164,156,176,164,156,176,164,20,8,20,8,FALSE,FALSE
181,2,162,179,171,162,179,171,162,179,171,17,9,17,9,FALSE,FALSE
181,3,169,181,176,169,181,176,169,181,176,12,7,12,7,FALSE,FALSE
181,4,180,195,178,180,195,178,180,195,178,15,-2,15,2,FALSE,FALSE
181,5,190,213,184,190,213,184,190,213,184,23,-6,23,6,FALSE,FALSE
181,6,200,217,190,200,217,190,200,217,190,17,-10,17,10,FALSE,FALSE
181,7,206,233,200,206,233,200,206,233,200,27,-6,27,6,FALSE,FALSE
181,8,215,244,210,215,244,210,215,244,210,29,-5,29,5,FALSE,FALSE
181,9,233,260,217,233,260,217,233,260,217,27,-16,27,16,FALSE,FALSE
181,10,242,278,228,242,278,228,242,278,228,36,-14,36,14,FALSE,FALSE
181,11,269,293,228,269,293,228,269,293,228,24,-41,24,41,FALSE,FALSE
181,12,272,319,239,272,319,239,272,319,239,47,-33,47,33,FALSE,FALSE
181,13,273,328,238,273,328,238,273,328,238,55,-35,55,35,FALSE,FALSE
181,14,296,324,255,296,324,255,296,324,255,28,-41,28,41,FALSE,FALSE
181,15,307,354,276,307,354,276,307,354,276,47,-31,47,31,FALSE,FALSE
181,16,332,361,301,332,361,301,332,361,301,29,-31,29,31,FALSE,FALSE
181,17,340,386,299,340,386,299,340,386,299,46,-41,46,41,FALSE,FALSE
181,18,367,408,305,367,408,305,367,408,305,41,-62,41,62,FALSE,FALSE
181,19,379,421,315,379,421,315,379,421,315,42,-64,42,64,FALSE,FALSE
181,20,389,427,332,389,427,332,389,427,332,38,-57,38,57,FALSE,FALSE
181,21,402,436,343,402,436,343,402,436,343,34,-59,34,59,FALSE,FALSE
181,22,420,451,361,420,451,361,420,451,361,31,-59,31,59,FALSE,FALSE
181,23,437,463,383,437,463,383,437,463,383,26,-54,26,54,FALSE,FALSE
181,24,461,478,399,461,478,399,461,478,399,17,-62,17,62,FALSE,FALSE
181,25,493,497,434,493,497,434,493,497,434,4,-59,4,59,FALSE,FALSE
181,26,500,530,430,500,530,430,500,530,430,30,-70,30,70,FALSE,FALSE
181,27,520,540,448,520,540,448,520,540,448,20,-72,20,72,FALSE,FALSE
181,28,539,534,463,539,534,463,539,534,463,-5,-76,5,76,FALSE,FALSE
181,29,548,553,470,548,553,470,548,553,470,5,-78,5,78,FALSE,FALSE
181,30,581,570,479,581,570,479,581,570,479,-11,-102,11,102,FALSE,FALSE
181,31,620,596,500,620,596,500,620,596,500,-24,-120,24,120,FALSE,FALSE
181,32,629,620,514,629,620,514,629,620,514,-9,-115,9,115,FALSE,FALSE
181,33,643,625,547,643,625,547,643,625,547,-18,-96,18,96,FALSE,FALSE
181,34,682,629,550,682,629,550,682,629,550,-53,-132,53,132,FALSE,FALSE
181,35,686,623,569,686,623,569,686,623,569,-63,-117,63,117,FALSE,FALSE
181,36,675,634,559,675,634,559,675,634,559,-41,-116,41,116,FALSE,FALSE
181,37,685,629,560,685,629,560,685,629,560,-56,-125,56,125,FALSE,FALSE
181,38,701,620,565,701,620,565,701,620,565,-81,-136,81,136,FALSE,FALSE
181,39,720,632,576,720,632,576,720,632,576,-88,-144,88,144,FALSE,FALSE
181,40,743,627,592,743,627,592,743,627,592,-116,-151,116,151,FALSE,FALSE
181,41,745,644,591,745,644,591,745,644,591,-101,-154,101,154,FALSE,FALSE
181,42,758,643,584,758,643,584,758,643,584,-115,-174,115,174,FALSE,FALSE
181,43,766,640,613,766,640,613,766,640,613,-126,-153,126,153,FALSE,FALSE
181,44,778,655,603,778,655,603,778,655,603,-123,-175,123,175,FALSE,FALSE
181,45,779,644,600,779,644,600,779,644,600,-135,-179,135,179,FALSE,FALSE
181,46,762,649,608,762,649,608,762,649,608,-113,-154,113,154,FALSE,FALSE
181,47,766,642,608,766,642,608,766,642,608,-124,-158,124,158,FALSE,FALSE
181,48,773,621,650,773,621,650,773,621,650,-152,-123,152,123,FALSE,FALSE
181,49,763,616,649,763,616,649,763,616,649,-147,-114,147,114,FALSE,FALSE
181,50,760,617,643,760,617,643,760,617,643,-143,-117,143,117,FALSE,FALSE
181,51,745,615,656,745,615,656,745,615,656,-130,-89,130,89,FALSE,FALSE
181,52,723,616,644,723,616,644,723,616,644,-107,-79,107,79,FALSE,FALSE
181,53,719,609,649,719,609,649,719,609,649,-110,-70,110,70,FALSE,FALSE
181,54,701,595,642,701,595,642,701,595,642,-106,-59,106,59,FALSE,FALSE
181,55,702,567,668,702,567,668,702,567,668,-135,-34,135,34,FALSE,FALSE
181,56,721,556,658,721,556,658,721,556,658,-165,-63,165,63,FALSE,FALSE
181,57,715,548,650,715,548,650,715,548,650,-167,-65,167,65,FALSE,FALSE
181,58,712,550,674,712,550,674,712,550,674,-162,-38,162,38,FALSE,FALSE
181,59,703,542,681,703,542,681,703,542,681,-161,-22,161,22,FALSE,FALSE
181,60,685,528,670,685,528,670,685,528,670,-157,-15,157,15,FALSE,FALSE
182,0,55,55,55,55,55,55,55,55,55,0,0,0,0,TRUE,TRUE
182,1,55,57,63,55,57,63,55,57,63,2,8,2,8,FALSE,FALSE
182,2,60,60,71,60,60,71,60,60,71,0,11,0,11,TRUE,FALSE
182,3,68,66,81,68,66,81,68,66,81,-2,13,2,13,FALSE,FALSE
182,4,74,68,89,74,68,89,74,68,89,-6,15,6,15,FALSE,FALSE
182,5,82,73,99,82,73,99,82,73,99,-9,17,9,17,FALSE,FALSE
182,6,87,77,110,87,77,110,87,77,110,-10,23,10,23,FALSE,FALSE
182,7,94,87,119,94,87,119,94,87,119,-7,25,7,25,FALSE,FALSE
182,8,102,90,125,102,90,125,102,90,125,-12,23,12,23,FALSE,FALSE
182,9,109,97,143,109,97,143,109,97,143,-12,34,12,34,FALSE,FALSE
182,10,109,100,157,109,100,157,109,100,157,-9,48,9,48,FALSE,FALSE
182,11,132,115,162,132,115,162,132,115,162,-17,30,17,30,FALSE,FALSE
182,12,140,120,176,140,120,176,140,120,176,-20,36,20,36,FALSE,FALSE
182,13,156,134,190,156,134,190,156,134,190,-22,34,22,34,FALSE,FALSE
182,14,174,148,208,174,148,208,174,148,208,-26,34,26,34,FALSE,FALSE
182,15,192,164,225,192,164,225,192,164,225,-28,33,28,33,FALSE,FALSE
182,16,211,184,237,211,184,237,211,184,237,-27,26,27,26,FALSE,FALSE
182,17,232,194,261,232,194,261,232,194,261,-38,29,38,29,FALSE,FALSE
182,18,265,214,273,265,214,273,265,214,273,-51,8,51,8,FALSE,FALSE
182,19,288,234,289,288,234,289,288,234,289,-54,1,54,1,FALSE,FALSE
182,20,311,248,318,311,248,318,311,248,318,-63,7,63,7,FALSE,FALSE
182,21,343,273,346,343,273,346,343,273,346,-70,3,70,3,FALSE,FALSE
182,22,361,298,368,361,298,368,361,298,368,-63,7,63,7,FALSE,FALSE
182,23,401,334,394,401,334,394,401,334,394,-67,-7,67,7,FALSE,FALSE
182,24,427,360,420,427,360,420,427,360,420,-67,-7,67,7,FALSE,FALSE
182,25,468,392,450,468,392,450,468,392,450,-76,-18,76,18,FALSE,FALSE
182,26,517,426,464,517,426,464,517,426,464,-91,-53,91,53,FALSE,FALSE
182,27,551,461,482,551,461,482,551,461,482,-90,-69,90,69,FALSE,FALSE
182,28,577,503,504,577,503,504,577,503,504,-74,-73,74,73,FALSE,FALSE
182,29,608,547,541,608,547,541,608,547,541,-61,-67,61,67,FALSE,FALSE
182,30,653,584,562,653,584,562,653,584,562,-69,-91,69,91,FALSE,FALSE
182,31,677,617,595,677,617,595,677,617,595,-60,-82,60,82,FALSE,FALSE
182,32,715,673,609,715,673,609,715,673,609,-42,-106,42,106,FALSE,FALSE
182,33,741,716,628,741,716,628,741,716,628,-25,-113,25,113,FALSE,FALSE
182,34,798,766,652,798,766,652,798,766,652,-32,-146,32,146,FALSE,FALSE
182,35,838,809,703,838,809,703,838,809,703,-29,-135,29,135,FALSE,FALSE
182,36,870,856,721,870,856,721,870,856,721,-14,-149,14,149,FALSE,FALSE
182,37,908,880,735,908,880,735,908,880,735,-28,-173,28,173,FALSE,FALSE
182,38,936,899,760,936,899,760,936,899,760,-37,-176,37,176,FALSE,FALSE
182,39,965,934,795,965,934,795,965,934,795,-31,-170,31,170,FALSE,FALSE
182,40,991,967,828,991,967,828,991,967,828,-24,-163,24,163,FALSE,FALSE
182,41,1009,1007,858,1009,1007,858,1009,1007,858,-2,-151,2,151,FALSE,FALSE
182,42,1040,1036,895,1040,1036,895,1040,1036,895,-4,-145,4,145,FALSE,FALSE
182,43,1070,1065,919,1070,1065,919,1070,1065,919,-5,-151,5,151,FALSE,FALSE
182,44,1088,1049,956,1088,1049,956,1088,1049,956,-39,-132,39,132,FALSE,FALSE
182,45,1102,1067,966,1102,1067,966,1102,1067,966,-35,-136,35,136,FALSE,FALSE
182,46,1112,1104,980,1112,1104,980,1112,1104,980,-8,-132,8,132,FALSE,FALSE
182,47,1096,1130,998,1096,1130,998,1096,1130,998,34,-98,34,98,FALSE,FALSE
182,48,1107,1131,1011,1107,1131,1011,1107,1131,1011,24,-96,24,96,FALSE,FALSE
182,49,1124,1152,1021,1124,1152,1021,1124,1152,1021,28,-103,28,103,FALSE,FALSE
182,50,1126,1148,1036,1126,1148,1036,1126,1148,1036,22,-90,22,90,FALSE,FALSE
182,51,1138,1162,1020,1138,1162,1020,1138,1162,1020,24,-118,24,118,FALSE,FALSE
182,52,1136,1176,1035,1136,1176,1035,1136,1176,1035,40,-101,40,101,FALSE,FALSE
182,53,1140,1139,1036,1140,1139,1036,1140,1139,1036,-1,-104,1,104,FALSE,FALSE
182,54,1141,1111,1020,1141,1111,1020,1141,1111,1020,-30,-121,30,121,FALSE,FALSE
182,55,1135,1105,1022,1135,1105,1022,1135,1105,1022,-30,-113,30,113,FALSE,FALSE
182,56,1122,1086,1007,1122,1086,1007,1122,1086,1007,-36,-115,36,115,FALSE,FALSE
182,57,1113,1048,992,1113,1048,992,1113,1048,992,-65,-121,65,121,FALSE,FALSE
182,58,1117,1023,997,1117,1023,997,1117,1023,997,-94,-120,94,120,FALSE,FALSE
182,59,1087,974,978,1087,974,978,1087,974,978,-113,-109,113,109,FALSE,FALSE
182,60,1068,954,954,1068,954,954,1068,954,954,-114,-114,114,114,FALSE,FALSE
183,0,62,62,62,62,62,62,62,62,62,0,0,0,0,TRUE,TRUE
183,1,87,89,105,87,89,105,87,89,105,2,18,2,18,FALSE,FALSE
183,2,124,125,164,124,125,164,124,125,164,1,40,1,40,FALSE,FALSE
183,3,185,188,251,185,188,251,185,188,251,3,66,3,66,FALSE,FALSE
183,4,266,264,359,266,264,359,266,264,359,-2,93,2,93,FALSE,FALSE
183,5,388,365,519,388,365,519,388,365,519,-23,131,23,131,FALSE,FALSE
183,6,533,503,755,533,503,755,533,503,755,-30,222,30,222,FALSE,FALSE
183,7,741,650,1002,741,650,1002,741,650,1002,-91,261,91,261,FALSE,FALSE
183,8,946,857,1296,946,857,1296,946,857,1296,-89,350,89,350,FALSE,FALSE
183,9,1206,1069,1536,1206,1069,1536,1206,1069,1536,-137,330,137,330,FALSE,FALSE
183,10,1493,1306,1747,1493,1306,1747,1493,1306,1747,-187,254,187,254,FALSE,FALSE
183,11,1705,1529,1878,1705,1529,1878,1705,1529,1878,-176,173,176,173,FALSE,FALSE
183,12,1837,1641,1923,1837,1641,1923,1837,1641,1923,-196,86,196,86,FALSE,FALSE
183,13,1887,1731,1899,1887,1731,1899,1887,1731,1899,-156,12,156,12,FALSE,FALSE
183,14,1911,1793,1800,1911,1793,1800,1911,1793,1800,-118,-111,118,111,FALSE,FALSE
183,15,1852,1776,1678,1852,1776,1678,1852,1776,1678,-76,-174,76,174,FALSE,FALSE
183,16,1701,1667,1516,1701,1667,1516,1701,1667,1516,-34,-185,34,185,FALSE,FALSE
183,17,1535,1549,1343,1535,1549,1343,1535,1549,1343,14,-192,14,192,FALSE,FALSE
183,18,1320,1401,1167,1320,1401,1167,1320,1401,1167,81,-153,81,153,FALSE,FALSE
183,19,1118,1226,975,1118,1226,975,1118,1226,975,108,-143,108,143,FALSE,FALSE
183,20,974,1107,836,974,1107,836,974,1107,836,133,-138,133,138,FALSE,FALSE
183,21,842,965,689,842,965,689,842,965,689,123,-153,123,153,FALSE,FALSE
183,22,715,818,581,715,818,581,715,818,581,103,-134,103,134,FALSE,FALSE
183,23,582,700,469,582,700,469,582,700,469,118,-113,118,113,FALSE,FALSE
183,24,488,591,401,488,591,401,488,591,401,103,-87,103,87,FALSE,FALSE
183,25,411,500,341,411,500,341,411,500,341,89,-70,89,70,FALSE,FALSE
183,26,349,421,293,349,421,293,349,421,293,72,-56,72,56,FALSE,FALSE
183,27,284,366,252,284,366,252,284,366,252,82,-32,82,32,FALSE,FALSE
183,28,245,303,201,245,303,201,245,303,201,58,-44,58,44,FALSE,FALSE
183,29,199,257,162,199,257,162,199,257,162,58,-37,58,37,FALSE,FALSE
183,30,167,211,130,167,211,130,167,211,130,44,-37,44,37,FALSE,FALSE
183,31,143,180,100,143,180,100,143,180,100,37,-43,37,43,FALSE,FALSE
183,32,116,156,81,116,156,81,116,156,81,40,-35,40,35,FALSE,FALSE
183,33,95,127,71,95,127,71,95,127,71,32,-24,32,24,FALSE,FALSE
183,34,75,101,58,75,101,58,75,101,58,26,-17,26,17,FALSE,FALSE
183,35,61,81,45,61,81,45,61,81,45,20,-16,20,16,FALSE,FALSE
183,36,54,73,39,54,73,39,54,73,39,19,-15,19,15,FALSE,FALSE
183,37,39,65,34,39,65,34,39,65,34,26,-5,26,5,FALSE,FALSE
183,38,28,51,29,28,51,29,28,51,29,23,1,23,1,FALSE,FALSE
183,39,27,41,24,27,41,24,27,41,24,14,-3,14,3,FALSE,FALSE
183,40,24,36,15,24,36,15,24,36,15,12,-9,12,9,FALSE,FALSE
183,41,21,29,11,21,29,11,21,29,11,8,-10,8,10,FALSE,FALSE
183,42,17,21,9,17,21,9,17,21,9,4,-8,4,8,FALSE,FALSE
183,43,14,19,7,14,19,7,14,19,7,5,-7,5,7,FALSE,FALSE
183,44,11,15,7,11,15,7,11,15,7,4,-4,4,4,FALSE,FALSE
183,45,8,13,4,8,13,4,8,13,4,5,-4,5,4,FALSE,FALSE
183,46,5,13,3,5,13,3,5,13,3,8,-2,8,2,FALSE,FALSE
183,47,5,9,3,5,9,3,5,9,3,4,-2,4,2,FALSE,FALSE
183,48,5,7,1,5,7,1,5,7,1,2,-4,2,4,FALSE,FALSE
183,49,5,7,1,5,7,1,5,7,1,2,-4,2,4,FALSE,FALSE
183,50,5,6,1,5,6,1,5,6,1,1,-4,1,4,FALSE,FALSE
183,51,6,5,1,6,5,1,6,5,1,-1,-5,1,5,FALSE,FALSE
183,52,5,5,1,5,5,1,5,5,1,0,-4,0,4,TRUE,FALSE
183,53,4,4,1,4,4,1,4,4,1,0,-3,0,3,TRUE,FALSE
183,54,3,3,1,3,3,1,3,3,1,0,-2,0,2,TRUE,FALSE
183,55,2,4,1,2,4,1,2,4,1,2,-1,2,1,FALSE,FALSE
183,56,1,3,0,1,3,0,1,3,0,2,-1,2,1,FALSE,FALSE
183,57,0,3,0,0,3,0,0,3,0,3,0,3,0,FALSE,TRUE
183,58,0,3,0,0,3,0,0,3,0,3,0,3,0,FALSE,TRUE
183,59,0,2,0,0,2,0,0,2,0,2,0,2,0,FALSE,TRUE
183,60,0,2,0,0,2,0,0,2,0,2,0,2,0,FALSE,TRUE
184,0,153,153,153,153,153,153,153,153,153,0,0,0,0,TRUE,TRUE
184,1,242,286,274,242,286,274,242,286,274,44,32,44,32,FALSE,FALSE
184,2,402,520,447,402,520,447,402,520,447,118,45,118,45,FALSE,FALSE
184,3,638,891,743,638,891,743,638,891,743,253,105,253,105,FALSE,FALSE
184,4,1040,1454,1162,1040,1454,1162,1040,1454,1162,414,122,414,122,FALSE,FALSE
184,5,1579,2123,1705,1579,2123,1705,1579,2123,1705,544,126,544,126,FALSE,FALSE
184,6,2254,2831,2367,2254,2831,2367,2254,2831,2367,577,113,577,113,FALSE,FALSE
184,7,2897,3332,2989,2897,3332,2989,2897,3332,2989,435,92,435,92,FALSE,FALSE
184,8,3312,3583,3520,3312,3583,3520,3312,3583,3520,271,208,271,208,FALSE,FALSE
184,9,3495,3562,3667,3495,3562,3667,3495,3562,3667,67,172,67,172,FALSE,FALSE
184,10,3456,3340,3515,3456,3340,3515,3456,3340,3515,-116,59,116,59,FALSE,FALSE
184,11,3234,3005,3203,3234,3005,3203,3234,3005,3203,-229,-31,229,31,FALSE,FALSE
184,12,2837,2575,2802,2837,2575,2802,2837,2575,2802,-262,-35,262,35,FALSE,FALSE
184,13,2395,2190,2344,2395,2190,2344,2395,2190,2344,-205,-51,205,51,FALSE,FALSE
184,14,2055,1868,1966,2055,1868,1966,2055,1868,1966,-187,-89,187,89,FALSE,FALSE
184,15,1692,1557,1623,1692,1557,1623,1692,1557,1623,-135,-69,135,69,FALSE,FALSE
184,16,1440,1276,1308,1440,1276,1308,1440,1276,1308,-164,-132,164,132,FALSE,FALSE
184,17,1173,1031,1072,1173,1031,1072,1173,1031,1072,-142,-101,142,101,FALSE,FALSE
184,18,948,823,863,948,823,863,948,823,863,-125,-85,125,85,FALSE,FALSE
184,19,759,663,686,759,663,686,759,663,686,-96,-73,96,73,FALSE,FALSE
184,20,611,507,559,611,507,559,611,507,559,-104,-52,104,52,FALSE,FALSE
184,21,498,413,437,498,413,437,498,413,437,-85,-61,85,61,FALSE,FALSE
184,22,399,338,364,399,338,364,399,338,364,-61,-35,61,35,FALSE,FALSE
184,23,319,260,296,319,260,296,319,260,296,-59,-23,59,23,FALSE,FALSE
184,24,248,200,233,248,200,233,248,200,233,-48,-15,48,15,FALSE,FALSE
184,25,197,153,186,197,153,186,197,153,186,-44,-11,44,11,FALSE,FALSE
184,26,154,116,155,154,116,155,154,116,155,-38,1,38,1,FALSE,FALSE
184,27,128,93,125,128,93,125,128,93,125,-35,-3,35,3,FALSE,FALSE
184,28,104,77,104,104,77,104,104,77,104,-27,0,27,0,FALSE,TRUE
184,29,78,64,78,78,64,78,78,64,78,-14,0,14,0,FALSE,TRUE
184,30,57,51,62,57,51,62,57,51,62,-6,5,6,5,FALSE,FALSE
184,31,47,45,46,47,45,46,47,45,46,-2,-1,2,1,FALSE,FALSE
184,32,37,41,38,37,41,38,37,41,38,4,1,4,1,FALSE,FALSE
184,33,30,34,32,30,34,32,30,34,32,4,2,4,2,FALSE,FALSE
184,34,26,27,25,26,27,25,26,27,25,1,-1,1,1,FALSE,FALSE
184,35,23,26,20,23,26,20,23,26,20,3,-3,3,3,FALSE,FALSE
184,36,20,21,18,20,21,18,20,21,18,1,-2,1,2,FALSE,FALSE
184,37,16,15,14,16,15,14,16,15,14,-1,-2,1,2,FALSE,FALSE
184,38,12,13,11,12,13,11,12,13,11,1,-1,1,1,FALSE,FALSE
184,39,7,13,9,7,13,9,7,13,9,6,2,6,2,FALSE,FALSE
184,40,6,10,8,6,10,8,6,10,8,4,2,4,2,FALSE,FALSE
184,41,4,10,7,4,10,7,4,10,7,6,3,6,3,FALSE,FALSE
184,42,3,8,7,3,8,7,3,8,7,5,4,5,4,FALSE,FALSE
184,43,2,7,7,2,7,7,2,7,7,5,5,5,5,FALSE,FALSE
184,44,1,6,5,1,6,5,1,6,5,5,4,5,4,FALSE,FALSE
184,45,1,6,5,1,6,5,1,6,5,5,4,5,4,FALSE,FALSE
184,46,1,6,4,1,6,4,1,6,4,5,3,5,3,FALSE,FALSE
184,47,0,6,4,0,6,4,0,6,4,6,4,6,4,FALSE,FALSE
184,48,0,5,3,0,5,3,0,5,3,5,3,5,3,FALSE,FALSE
184,49,0,3,2,0,3,2,0,3,2,3,2,3,2,FALSE,FALSE
184,50,0,2,1,0,2,1,0,2,1,2,1,2,1,FALSE,FALSE
184,51,0,2,1,0,2,1,0,2,1,2,1,2,1,FALSE,FALSE
184,52,0,2,1,0,2,1,0,2,1,2,1,2,1,FALSE,FALSE
184,53,0,1,1,0,1,1,0,1,1,1,1,1,1,FALSE,FALSE
184,54,0,0,0,0,0,0,0,0,0,0,0,0,0,TRUE,TRUE
184,55,0,0,0,0,0,0,0,0,0,0,0,0,0,TRUE,TRUE
184,56,0,0,0,0,0,0,0,0,0,0,0,0,0,TRUE,TRUE
184,57,0,0,0,0,0,0,0,0,0,0,0,0,0,TRUE,TRUE
184,58,0,0,0,0,0,0,0,0,0,0,0,0,0,TRUE,TRUE
184,59,0,0,0,0,0,0,0,0,0,0,0,0,0,TRUE,TRUE
184,60,0,0,0,0,0,0,0,0,0,0,0,0,0,TRUE,TRUE
185,0,111,111,111,111,111,111,111,111,111,0,0,0,0,TRUE,TRUE
185,1,146,134,127,146,134,127,146,134,127,-12,-19,12,19,FALSE,FALSE
185,2,177,169,165,177,169,165,177,169,165,-8,-12,8,12,FALSE,FALSE
185,3,191,207,210,191,207,210,191,207,210,16,19,16,19,FALSE,FALSE
185,4,227,264,246,227,264,246,227,264,246,37,19,37,19,FALSE,FALSE
185,5,273,327,307,273,327,307,273,327,307,54,34,54,34,FALSE,FALSE
185,6,327,385,392,327,385,392,327,385,392,58,65,58,65,FALSE,FALSE
185,7,395,473,488,395,473,488,395,473,488,78,93,78,93,FALSE,FALSE
185,8,487,582,611,487,582,611,487,582,611,95,124,95,124,FALSE,FALSE
185,9,581,700,741,581,700,741,581,700,741,119,160,119,160,FALSE,FALSE
185,10,652,829,850,652,829,850,652,829,850,177,198,177,198,FALSE,FALSE
185,11,796,951,972,796,951,972,796,951,972,155,176,155,176,FALSE,FALSE
185,12,947,1098,1142,947,1098,1142,947,1098,1142,151,195,151,195,FALSE,FALSE
185,13,1099,1249,1296,1099,1249,1296,1099,1249,1296,150,197,150,197,FALSE,FALSE
185,14,1259,1425,1479,1259,1425,1479,1259,1425,1479,166,220,166,220,FALSE,FALSE
185,15,1442,1573,1662,1442,1573,1662,1442,1573,1662,131,220,131,220,FALSE,FALSE
185,16,1547,1741,1804,1547,1741,1804,1547,1741,1804,194,257,194,257,FALSE,FALSE
185,17,1706,1829,1974,1706,1829,1974,1706,1829,1974,123,268,123,268,FALSE,FALSE
185,18,1821,1929,2132,1821,1929,2132,1821,1929,2132,108,311,108,311,FALSE,FALSE
185,19,1929,2000,2183,1929,2000,2183,1929,2000,2183,71,254,71,254,FALSE,FALSE
185,20,2010,2044,2187,2010,2044,2187,2010,2044,2187,34,177,34,177,FALSE,FALSE
185,21,2050,2075,2200,2050,2075,2200,2050,2075,2200,25,150,25,150,FALSE,FALSE
185,22,2056,2050,2153,2056,2050,2153,2056,2050,2153,-6,97,6,97,FALSE,FALSE
185,23,2028,1987,2114,2028,1987,2114,2028,1987,2114,-41,86,41,86,FALSE,FALSE
185,24,2004,1932,2058,2004,1932,2058,2004,1932,2058,-72,54,72,54,FALSE,FALSE
185,25,1973,1858,1992,1973,1858,1992,1973,1858,1992,-115,19,115,19,FALSE,FALSE
185,26,1891,1777,1908,1891,1777,1908,1891,1777,1908,-114,17,114,17,FALSE,FALSE
185,27,1793,1663,1805,1793,1663,1805,1793,1663,1805,-130,12,130,12,FALSE,FALSE
185,28,1717,1528,1698,1717,1528,1698,1717,1528,1698,-189,-19,189,19,FALSE,FALSE
185,29,1620,1420,1566,1620,1420,1566,1620,1420,1566,-200,-54,200,54,FALSE,FALSE
185,30,1565,1311,1453,1565,1311,1453,1565,1311,1453,-254,-112,254,112,FALSE,FALSE
185,31,1462,1225,1342,1462,1225,1342,1462,1225,1342,-237,-120,237,120,FALSE,FALSE
185,32,1386,1128,1249,1386,1128,1249,1386,1128,1249,-258,-137,258,137,FALSE,FALSE
185,33,1285,1055,1155,1285,1055,1155,1285,1055,1155,-230,-130,230,130,FALSE,FALSE
185,34,1181,969,1058,1181,969,1058,1181,969,1058,-212,-123,212,123,FALSE,FALSE
185,35,1089,891,966,1089,891,966,1089,891,966,-198,-123,198,123,FALSE,FALSE
185,36,993,809,877,993,809,877,993,809,877,-184,-116,184,116,FALSE,FALSE
185,37,887,729,817,887,729,817,887,729,817,-158,-70,158,70,FALSE,FALSE
185,38,810,660,750,810,660,750,810,660,750,-150,-60,150,60,FALSE,FALSE
185,39,735,602,659,735,602,659,735,602,659,-133,-76,133,76,FALSE,FALSE
185,40,663,538,592,663,538,592,663,538,592,-125,-71,125,71,FALSE,FALSE
185,41,592,500,538,592,500,538,592,500,538,-92,-54,92,54,FALSE,FALSE
185,42,535,457,471,535,457,471,535,457,471,-78,-64,78,64,FALSE,FALSE
185,43,490,416,432,490,416,432,490,416,432,-74,-58,74,58,FALSE,FALSE
185,44,437,383,392,437,383,392,437,383,392,-54,-45,54,45,FALSE,FALSE
185,45,400,360,354,400,360,354,400,360,354,-40,-46,40,46,FALSE,FALSE
185,46,365,332,321,365,332,321,365,332,321,-33,-44,33,44,FALSE,FALSE
185,47,322,302,296,322,302,296,322,302,296,-20,-26,20,26,FALSE,FALSE
185,48,280,268,258,280,268,258,280,268,258,-12,-22,12,22,FALSE,FALSE
185,49,252,239,228,252,239,228,252,239,228,-13,-24,13,24,FALSE,FALSE
185,50,235,221,202,235,221,202,235,221,202,-14,-33,14,33,FALSE,FALSE
185,51,210,208,174,210,208,174,210,208,174,-2,-36,2,36,FALSE,FALSE
185,52,183,183,153,183,183,153,183,183,153,0,-30,0,30,TRUE,FALSE
185,53,167,165,145,167,165,145,167,165,145,-2,-22,2,22,FALSE,FALSE
185,54,152,141,135,152,141,135,152,141,135,-11,-17,11,17,FALSE,FALSE
185,55,135,135,120,135,135,120,135,135,120,0,-15,0,15,TRUE,FALSE
185,56,123,116,113,123,116,113,123,116,113,-7,-10,7,10,FALSE,FALSE
185,57,113,99,107,113,99,107,113,99,107,-14,-6,14,6,FALSE,FALSE
185,58,97,84,95,97,84,95,97,84,95,-13,-2,13,2,FALSE,FALSE
185,59,93,76,86,93,76,86,93,76,86,-17,-7,17,7,FALSE,FALSE
185,60,87,67,81,87,67,81,87,67,81,-20,-6,20,6,FALSE,FALSE
186,0,65,65,65,65,65,65,65,65,65,0,0,0,0,TRUE,TRUE
186,1,94,90,101,94,90,101,94,90,101,-4,7,4,7,FALSE,FALSE
186,2,139,122,144,139,122,144,139,122,144,-17,5,17,5,FALSE,FALSE
186,3,187,170,199,187,170,199,187,170,199,-17,12,17,12,FALSE,FALSE
186,4,261,244,262,261,244,262,261,244,262,-17,1,17,1,FALSE,FALSE
186,5,323,335,363,323,335,363,323,335,363,12,40,12,40,FALSE,FALSE
186,6,444,442,487,444,442,487,444,442,487,-2,43,2,43,FALSE,FALSE
186,7,574,601,612,574,601,612,574,601,612,27,38,27,38,FALSE,FALSE
186,8,723,747,792,723,747,792,723,747,792,24,69,24,69,FALSE,FALSE
186,9,923,939,979,923,939,979,923,939,979,16,56,16,56,FALSE,FALSE
186,10,1158,1186,1184,1158,1186,1184,1158,1186,1184,28,26,28,26,FALSE,FALSE
186,11,1371,1459,1453,1371,1459,1453,1371,1459,1453,88,82,88,82,FALSE,FALSE
186,12,1623,1715,1723,1623,1715,1723,1623,1715,1723,92,100,92,100,FALSE,FALSE
186,13,1836,1988,1912,1836,1988,1912,1836,1988,1912,152,76,152,76,FALSE,FALSE
186,14,2030,2194,2084,2030,2194,2084,2030,2194,2084,164,54,164,54,FALSE,FALSE
186,15,2162,2337,2266,2162,2337,2266,2162,2337,2266,175,104,175,104,FALSE,FALSE
186,16,2252,2396,2380,2252,2396,2380,2252,2396,2380,144,128,144,128,FALSE,FALSE
186,17,2299,2402,2356,2299,2402,2356,2299,2402,2356,103,57,103,57,FALSE,FALSE
186,18,2309,2365,2330,2309,2365,2330,2309,2365,2330,56,21,56,21,FALSE,FALSE
186,19,2224,2288,2235,2224,2288,2235,2224,2288,2235,64,11,64,11,FALSE,FALSE
186,20,2108,2155,2114,2108,2155,2114,2108,2155,2114,47,6,47,6,FALSE,FALSE
186,21,1987,2009,1986,1987,2009,1986,1987,2009,1986,22,-1,22,1,FALSE,FALSE
186,22,1862,1827,1831,1862,1827,1831,1862,1827,1831,-35,-31,35,31,FALSE,FALSE
186,23,1686,1661,1702,1686,1661,1702,1686,1661,1702,-25,16,25,16,FALSE,FALSE
186,24,1567,1506,1553,1567,1506,1553,1567,1506,1553,-61,-14,61,14,FALSE,FALSE
186,25,1433,1378,1396,1433,1378,1396,1433,1378,1396,-55,-37,55,37,FALSE,FALSE
186,26,1284,1235,1263,1284,1235,1263,1284,1235,1263,-49,-21,49,21,FALSE,FALSE
186,27,1144,1120,1116,1144,1120,1116,1144,1120,1116,-24,-28,24,28,FALSE,FALSE
186,28,1022,999,997,1022,999,997,1022,999,997,-23,-25,23,25,FALSE,FALSE
186,29,922,892,882,922,892,882,922,892,882,-30,-40,30,40,FALSE,FALSE
186,30,808,788,795,808,788,795,808,788,795,-20,-13,20,13,FALSE,FALSE
186,31,720,699,697,720,699,697,720,699,697,-21,-23,21,23,FALSE,FALSE
186,32,623,607,638,623,607,638,623,607,638,-16,15,16,15,FALSE,FALSE
186,33,541,542,564,541,542,564,541,542,564,1,23,1,23,FALSE,FALSE
186,34,491,475,491,491,475,491,491,475,491,-16,0,16,0,FALSE,TRUE
186,35,435,411,437,435,411,437,435,411,437,-24,2,24,2,FALSE,FALSE
186,36,383,357,386,383,357,386,383,357,386,-26,3,26,3,FALSE,FALSE
186,37,348,315,340,348,315,340,348,315,340,-33,-8,33,8,FALSE,FALSE
186,38,300,286,300,300,286,300,300,286,300,-14,0,14,0,FALSE,TRUE
186,39,261,252,269,261,252,269,261,252,269,-9,8,9,8,FALSE,FALSE
186,40,224,221,247,224,221,247,224,221,247,-3,23,3,23,FALSE,FALSE
186,41,190,194,213,190,194,213,190,194,213,4,23,4,23,FALSE,FALSE
186,42,169,178,187,169,178,187,169,178,187,9,18,9,18,FALSE,FALSE
186,43,141,159,163,141,159,163,141,159,163,18,22,18,22,FALSE,FALSE
186,44,122,141,147,122,141,147,122,141,147,19,25,19,25,FALSE,FALSE
186,45,108,120,126,108,120,126,108,120,126,12,18,12,18,FALSE,FALSE
186,46,99,105,107,99,105,107,99,105,107,6,8,6,8,FALSE,FALSE
186,47,93,92,97,93,92,97,93,92,97,-1,4,1,4,FALSE,FALSE
186,48,84,82,90,84,82,90,84,82,90,-2,6,2,6,FALSE,FALSE
186,49,75,71,77,75,71,77,75,71,77,-4,2,4,2,FALSE,FALSE
186,50,67,62,61,67,62,61,67,62,61,-5,-6,5,6,FALSE,FALSE
186,51,61,59,51,61,59,51,61,59,51,-2,-10,2,10,FALSE,FALSE
186,52,59,51,43,59,51,43,59,51,43,-8,-16,8,16,FALSE,FALSE
186,53,49,42,40,49,42,40,49,42,40,-7,-9,7,9,FALSE,FALSE
186,54,44,33,32,44,33,32,44,33,32,-11,-12,11,12,FALSE,FALSE
186,55,40,29,26,40,29,26,40,29,26,-11,-14,11,14,FALSE,FALSE
186,56,37,27,23,37,27,23,37,27,23,-10,-14,10,14,FALSE,FALSE
186,57,30,25,18,30,25,18,30,25,18,-5,-12,5,12,FALSE,FALSE
186,58,23,20,17,23,20,17,23,20,17,-3,-6,3,6,FALSE,FALSE
186,59,17,18,15,17,18,15,17,18,15,1,-2,1,2,FALSE,FALSE
186,60,16,18,12,16,18,12,16,18,12,2,-4,2,4,FALSE,FALSE
187,0,152,152,152,152,152,152,152,152,152,0,0,0,0,TRUE,TRUE
187,1,250,216,249,250,216,249,250,216,249,-34,-1,34,1,FALSE,FALSE
187,2,405,330,387,405,330,387,405,330,387,-75,-18,75,18,FALSE,FALSE
187,3,618,493,618,618,493,618,618,493,618,-125,0,125,0,FALSE,TRUE
187,4,958,774,969,958,774,969,958,774,969,-184,11,184,11,FALSE,FALSE
187,5,1371,1092,1430,1371,1092,1430,1371,1092,1430,-279,59,279,59,FALSE,FALSE
187,6,1922,1488,2012,1922,1488,2012,1922,1488,2012,-434,90,434,90,FALSE,FALSE
187,7,2482,1938,2602,2482,1938,2602,2482,1938,2602,-544,120,544,120,FALSE,FALSE
187,8,3015,2382,3071,3015,2382,3071,3015,2382,3071,-633,56,633,56,FALSE,FALSE
187,9,3387,2688,3373,3387,2688,3373,3387,2688,3373,-699,-14,699,14,FALSE,FALSE
187,10,3518,2927,3456,3518,2927,3456,3518,2927,3456,-591,-62,591,62,FALSE,FALSE
187,11,3391,3077,3324,3391,3077,3324,3391,3077,3324,-314,-67,314,67,FALSE,FALSE
187,12,3191,2970,3064,3191,2970,3064,3191,2970,3064,-221,-127,221,127,FALSE,FALSE
187,13,2834,2790,2749,2834,2790,2749,2834,2790,2749,-44,-85,44,85,FALSE,FALSE
187,14,2462,2583,2405,2462,2583,2405,2462,2583,2405,121,-57,121,57,FALSE,FALSE
187,15,2114,2334,2054,2114,2334,2054,2114,2334,2054,220,-60,220,60,FALSE,FALSE
187,16,1806,2045,1759,1806,2045,1759,1806,2045,1759,239,-47,239,47,FALSE,FALSE
187,17,1531,1813,1514,1531,1813,1514,1531,1813,1514,282,-17,282,17,FALSE,FALSE
187,18,1251,1547,1264,1251,1547,1264,1251,1547,1264,296,13,296,13,FALSE,FALSE
187,19,1059,1309,1066,1059,1309,1066,1059,1309,1066,250,7,250,7,FALSE,FALSE
187,20,908,1090,901,908,1090,901,908,1090,901,182,-7,182,7,FALSE,FALSE
187,21,749,923,784,749,923,784,749,923,784,174,35,174,35,FALSE,FALSE
187,22,619,780,645,619,780,645,619,780,645,161,26,161,26,FALSE,FALSE
187,23,512,664,529,512,664,529,512,664,529,152,17,152,17,FALSE,FALSE
187,24,430,569,438,430,569,438,430,569,438,139,8,139,8,FALSE,FALSE
187,25,343,472,361,343,472,361,343,472,361,129,18,129,18,FALSE,FALSE
187,26,286,390,304,286,390,304,286,390,304,104,18,104,18,FALSE,FALSE
187,27,231,314,238,231,314,238,231,314,238,83,7,83,7,FALSE,FALSE
187,28,190,274,198,190,274,198,190,274,198,84,8,84,8,FALSE,FALSE
187,29,151,222,174,151,222,174,151,222,174,71,23,71,23,FALSE,FALSE
187,30,115,192,134,115,192,134,115,192,134,77,19,77,19,FALSE,FALSE
187,31,94,158,104,94,158,104,94,158,104,64,10,64,10,FALSE,FALSE
187,32,79,131,77,79,131,77,79,131,77,52,-2,52,2,FALSE,FALSE
187,33,68,113,62,68,113,62,68,113,62,45,-6,45,6,FALSE,FALSE
187,34,57,99,50,57,99,50,57,99,50,42,-7,42,7,FALSE,FALSE
187,35,53,80,38,53,80,38,53,80,38,27,-15,27,15,FALSE,FALSE
187,36,46,66,33,46,66,33,46,66,33,20,-13,20,13,FALSE,FALSE
187,37,38,60,26,38,60,26,38,60,26,22,-12,22,12,FALSE,FALSE
187,38,30,46,19,30,46,19,30,46,19,16,-11,16,11,FALSE,FALSE
187,39,24,39,16,24,39,16,24,39,16,15,-8,15,8,FALSE,FALSE
187,40,18,39,12,18,39,12,18,39,12,21,-6,21,6,FALSE,FALSE
187,41,17,36,11,17,36,11,17,36,11,19,-6,19,6,FALSE,FALSE
187,42,15,27,7,15,27,7,15,27,7,12,-8,12,8,FALSE,FALSE
187,43,11,25,7,11,25,7,11,25,7,14,-4,14,4,FALSE,FALSE
187,44,7,22,6,7,22,6,7,22,6,15,-1,15,1,FALSE,FALSE
187,45,6,16,6,6,16,6,6,16,6,10,0,10,0,FALSE,TRUE
187,46,5,12,4,5,12,4,5,12,4,7,-1,7,1,FALSE,FALSE
187,47,5,11,4,5,11,4,5,11,4,6,-1,6,1,FALSE,FALSE
187,48,4,9,4,4,9,4,4,9,4,5,0,5,0,FALSE,TRUE
187,49,3,8,2,3,8,2,3,8,2,5,-1,5,1,FALSE,FALSE
187,50,2,6,2,2,6,2,2,6,2,4,0,4,0,FALSE,TRUE
187,51,2,5,2,2,5,2,2,5,2,3,0,3,0,FALSE,TRUE
187,52,2,4,2,2,4,2,2,4,2,2,0,2,0,FALSE,TRUE
187,53,2,3,2,2,3,2,2,3,2,1,0,1,0,FALSE,TRUE
187,54,1,3,1,1,3,1,1,3,1,2,0,2,0,FALSE,TRUE
187,55,0,2,1,0,2,1,0,2,1,2,1,2,1,FALSE,FALSE
187,56,0,2,1,0,2,1,0,2,1,2,1,2,1,FALSE,FALSE
187,57,0,1,1,0,1,1,0,1,1,1,1,1,1,FALSE,FALSE
187,58,0,1,1,0,1,1,0,1,1,1,1,1,1,FALSE,FALSE
187,59,0,0,1,0,0,1,0,0,1,0,1,0,1,TRUE,FALSE
187,60,0,0,1,0,0,1,0,0,1,0,1,0,1,TRUE,FALSE
188,0,151,151,151,151,151,151,151,151,151,0,0,0,0,TRUE,TRUE
188,1,174,182,192,174,182,192,174,182,192,8,18,8,18,FALSE,FALSE
188,2,209,215,235,209,215,235,209,215,235,6,26,6,26,FALSE,FALSE
188,3,262,266,272,262,266,272,262,266,272,4,10,4,10,FALSE,FALSE
188,4,328,329,328,328,329,328,328,329,328,1,0,1,0,FALSE,TRUE
188,5,395,383,388,395,383,388,395,383,388,-12,-7,12,7,FALSE,FALSE
188,6,488,440,472,488,440,472,488,440,472,-48,-16,48,16,FALSE,FALSE
188,7,568,555,559,568,555,559,568,555,559,-13,-9,13,9,FALSE,FALSE
188,8,693,640,655,693,640,655,693,640,655,-53,-38,53,38,FALSE,FALSE
188,9,792,748,730,792,748,730,792,748,730,-44,-62,44,62,FALSE,FALSE
188,10,900,837,831,900,837,831,900,837,831,-63,-69,63,69,FALSE,FALSE
188,11,1001,945,924,1001,945,924,1001,945,924,-56,-77,56,77,FALSE,FALSE
188,12,1073,1014,1090,1073,1014,1090,1073,1014,1090,-59,17,59,17,FALSE,FALSE
188,13,1169,1080,1208,1169,1080,1208,1169,1080,1208,-89,39,89,39,FALSE,FALSE
188,14,1269,1169,1285,1269,1169,1285,1269,1169,1285,-100,16,100,16,FALSE,FALSE
188,15,1355,1256,1324,1355,1256,1324,1355,1256,1324,-99,-31,99,31,FALSE,FALSE
188,16,1395,1310,1383,1395,1310,1383,1395,1310,1383,-85,-12,85,12,FALSE,FALSE
188,17,1344,1356,1385,1344,1356,1385,1344,1356,1385,12,41,12,41,FALSE,FALSE
188,18,1286,1398,1412,1286,1398,1412,1286,1398,1412,112,126,112,126,FALSE,FALSE
188,19,1263,1405,1334,1263,1405,1334,1263,1405,1334,142,71,142,71,FALSE,FALSE
188,20,1200,1333,1289,1200,1333,1289,1200,1333,1289,133,89,133,89,FALSE,FALSE
188,21,1138,1270,1232,1138,1270,1232,1138,1270,1232,132,94,132,94,FALSE,FALSE
188,22,1071,1224,1180,1071,1224,1180,1071,1224,1180,153,109,153,109,FALSE,FALSE
188,23,1032,1129,1084,1032,1129,1084,1032,1129,1084,97,52,97,52,FALSE,FALSE
188,24,971,1049,1014,971,1049,1014,971,1049,1014,78,43,78,43,FALSE,FALSE
188,25,881,977,943,881,977,943,881,977,943,96,62,96,62,FALSE,FALSE
188,26,809,931,862,809,931,862,809,931,862,122,53,122,53,FALSE,FALSE
188,27,746,842,740,746,842,740,746,842,740,96,-6,96,6,FALSE,FALSE
188,28,661,782,662,661,782,662,661,782,662,121,1,121,1,FALSE,FALSE
188,29,610,687,576,610,687,576,610,687,576,77,-34,77,34,FALSE,FALSE
188,30,552,615,513,552,615,513,552,615,513,63,-39,63,39,FALSE,FALSE
188,31,510,540,459,510,540,459,510,540,459,30,-51,30,51,FALSE,FALSE
188,32,456,481,403,456,481,403,456,481,403,25,-53,25,53,FALSE,FALSE
188,33,411,418,362,411,418,362,411,418,362,7,-49,7,49,FALSE,FALSE
188,34,364,371,306,364,371,306,364,371,306,7,-58,7,58,FALSE,FALSE
188,35,311,346,278,311,346,278,311,346,278,35,-33,35,33,FALSE,FALSE
188,36,259,300,225,259,300,225,259,300,225,41,-34,41,34,FALSE,FALSE
188,37,217,250,214,217,250,214,217,250,214,33,-3,33,3,FALSE,FALSE
188,38,183,219,189,183,219,189,183,219,189,36,6,36,6,FALSE,FALSE
188,39,156,185,172,156,185,172,156,185,172,29,16,29,16,FALSE,FALSE
188,40,139,157,145,139,157,145,139,157,145,18,6,18,6,FALSE,FALSE
188,41,112,141,125,112,141,125,112,141,125,29,13,29,13,FALSE,FALSE
188,42,91,114,107,91,114,107,91,114,107,23,16,23,16,FALSE,FALSE
188,43,76,93,98,76,93,98,76,93,98,17,22,17,22,FALSE,FALSE
188,44,68,86,81,68,86,81,68,86,81,18,13,18,13,FALSE,FALSE
188,45,57,81,68,57,81,68,57,81,68,24,11,24,11,FALSE,FALSE
188,46,47,71,67,47,71,67,47,71,67,24,20,24,20,FALSE,FALSE
188,47,44,67,49,44,67,49,44,67,49,23,5,23,5,FALSE,FALSE
188,48,38,55,38,38,55,38,38,55,38,17,0,17,0,FALSE,TRUE
188,49,37,49,34,37,49,34,37,49,34,12,-3,12,3,FALSE,FALSE
188,50,37,48,29,37,48,29,37,48,29,11,-8,11,8,FALSE,FALSE
188,51,31,43,22,31,43,22,31,43,22,12,-9,12,9,FALSE,FALSE
188,52,24,38,18,24,38,18,24,38,18,14,-6,14,6,FALSE,FALSE
188,53,20,28,14,20,28,14,20,28,14,8,-6,8,6,FALSE,FALSE
188,54,16,24,14,16,24,14,16,24,14,8,-2,8,2,FALSE,FALSE
188,55,20,21,11,20,21,11,20,21,11,1,-9,1,9,FALSE,FALSE
188,56,20,16,8,20,16,8,20,16,8,-4,-12,4,12,FALSE,FALSE
188,57,17,16,7,17,16,7,17,16,7,-1,-10,1,10,FALSE,FALSE
188,58,16,16,5,16,16,5,16,16,5,0,-11,0,11,TRUE,FALSE
188,59,17,14,4,17,14,4,17,14,4,-3,-13,3,13,FALSE,FALSE
188,60,13,16,4,13,16,4,13,16,4,3,-9,3,9,FALSE,FALSE
189,0,100,100,100,100,100,100,100,100,100,0,0,0,0,TRUE,TRUE
189,1,156,161,148,156,161,148,156,161,148,5,-8,5,8,FALSE,FALSE
189,2,239,261,239,239,261,239,239,261,239,22,0,22,0,FALSE,TRUE
189,3,358,389,367,358,389,367,358,389,367,31,9,31,9,FALSE,FALSE
189,4,521,564,535,521,564,535,521,564,535,43,14,43,14,FALSE,FALSE
189,5,752,805,764,752,805,764,752,805,764,53,12,53,12,FALSE,FALSE
189,6,1078,1111,1042,1078,1111,1042,1078,1111,1042,33,-36,33,36,FALSE,FALSE
189,7,1481,1425,1425,1481,1425,1425,1481,1425,1425,-56,-56,56,56,FALSE,FALSE
189,8,1909,1760,1849,1909,1760,1849,1909,1760,1849,-149,-60,149,60,FALSE,FALSE
189,9,2318,2072,2240,2318,2072,2240,2318,2072,2240,-246,-78,246,78,FALSE,FALSE
189,10,2545,2331,2509,2545,2331,2509,2545,2331,2509,-214,-36,214,36,FALSE,FALSE
189,11,2695,2524,2641,2695,2524,2641,2695,2524,2641,-171,-54,171,54,FALSE,FALSE
189,12,2688,2599,2615,2688,2599,2615,2688,2599,2615,-89,-73,89,73,FALSE,FALSE
189,13,2584,2553,2588,2584,2553,2588,2584,2553,2588,-31,4,31,4,FALSE,FALSE
189,14,2445,2423,2454,2445,2423,2454,2445,2423,2454,-22,9,22,9,FALSE,FALSE
189,15,2269,2253,2232,2269,2253,2232,2269,2253,2232,-16,-37,16,37,FALSE,FALSE
189,16,2034,2025,2002,2034,2025,2002,2034,2025,2002,-9,-32,9,32,FALSE,FALSE
189,17,1808,1766,1784,1808,1766,1784,1808,1766,1784,-42,-24,42,24,FALSE,FALSE
189,18,1610,1552,1590,1610,1552,1590,1610,1552,1590,-58,-20,58,20,FALSE,FALSE
189,19,1397,1360,1380,1397,1360,1380,1397,1360,1380,-37,-17,37,17,FALSE,FALSE
189,20,1189,1186,1201,1189,1186,1201,1189,1186,1201,-3,12,3,12,FALSE,FALSE
189,21,1056,1033,1033,1056,1033,1033,1056,1033,1033,-23,-23,23,23,FALSE,FALSE
189,22,913,903,905,913,903,905,913,903,905,-10,-8,10,8,FALSE,FALSE
189,23,784,784,787,784,784,787,784,784,787,0,3,0,3,TRUE,FALSE
189,24,690,688,685,690,688,685,690,688,685,-2,-5,2,5,FALSE,FALSE
189,25,599,571,600,599,571,600,599,571,600,-28,1,28,1,FALSE,FALSE
189,26,497,504,518,497,504,518,497,504,518,7,21,7,21,FALSE,FALSE
189,27,434,433,445,434,433,445,434,433,445,-1,11,1,11,FALSE,FALSE
189,28,379,375,374,379,375,374,379,375,374,-4,-5,4,5,FALSE,FALSE
189,29,319,310,322,319,310,322,319,310,322,-9,3,9,3,FALSE,FALSE
189,30,270,262,280,270,262,280,270,262,280,-8,10,8,10,FALSE,FALSE
189,31,243,214,235,243,214,235,243,214,235,-29,-8,29,8,FALSE,FALSE
189,32,203,185,201,203,185,201,203,185,201,-18,-2,18,2,FALSE,FALSE
189,33,169,150,163,169,150,163,169,150,163,-19,-6,19,6,FALSE,FALSE
189,34,155,126,138,155,126,138,155,126,138,-29,-17,29,17,FALSE,FALSE
189,35,132,117,109,132,117,109,132,117,109,-15,-23,15,23,FALSE,FALSE
189,36,106,102,90,106,102,90,106,102,90,-4,-16,4,16,FALSE,FALSE
189,37,91,95,74,91,95,74,91,95,74,4,-17,4,17,FALSE,FALSE
189,38,78,84,64,78,84,64,78,84,64,6,-14,6,14,FALSE,FALSE
189,39,67,76,56,67,76,56,67,76,56,9,-11,9,11,FALSE,FALSE
189,40,54,70,49,54,70,49,54,70,49,16,-5,16,5,FALSE,FALSE
189,41,43,55,42,43,55,42,43,55,42,12,-1,12,1,FALSE,FALSE
189,42,36,47,34,36,47,34,36,47,34,11,-2,11,2,FALSE,FALSE
189,43,33,45,28,33,45,28,33,45,28,12,-5,12,5,FALSE,FALSE
189,44,26,37,22,26,37,22,26,37,22,11,-4,11,4,FALSE,FALSE
189,45,24,31,22,24,31,22,24,31,22,7,-2,7,2,FALSE,FALSE
189,46,24,25,16,24,25,16,24,25,16,1,-8,1,8,FALSE,FALSE
189,47,19,22,14,19,22,14,19,22,14,3,-5,3,5,FALSE,FALSE
189,48,16,18,9,16,18,9,16,18,9,2,-7,2,7,FALSE,FALSE
189,49,14,14,8,14,14,8,14,14,8,0,-6,0,6,TRUE,FALSE
189,50,13,14,6,13,14,6,13,14,6,1,-7,1,7,FALSE,FALSE
189,51,9,13,3,9,13,3,9,13,3,4,-6,4,6,FALSE,FALSE
189,52,8,10,3,8,10,3,8,10,3,2,-5,2,5,FALSE,FALSE
189,53,8,8,3,8,8,3,8,8,3,0,-5,0,5,TRUE,FALSE
189,54,8,8,3,8,8,3,8,8,3,0,-5,0,5,TRUE,FALSE
189,55,6,8,3,6,8,3,6,8,3,2,-3,2,3,FALSE,FALSE
189,56,4,7,3,4,7,3,4,7,3,3,-1,3,1,FALSE,FALSE
189,57,4,5,4,4,5,4,4,5,4,1,0,1,0,FALSE,TRUE
189,58,4,5,2,4,5,2,4,5,2,1,-2,1,2,FALSE,FALSE
189,59,4,4,2,4,4,2,4,4,2,0,-2,0,2,TRUE,FALSE
189,60,3,2,2,3,2,2,3,2,2,-1,-1,1,1,FALSE,FALSE
190,0,110,110,110,110,110,110,110,110,110,0,0,0,0,TRUE,TRUE
190,1,140,137,125,140,137,125,140,137,125,-3,-15,3,15,FALSE,FALSE
190,2,176,163,141,176,163,141,176,163,141,-13,-35,13,35,FALSE,FALSE
190,3,217,196,158,217,196,158,217,196,158,-21,-59,21,59,FALSE,FALSE
190,4,259,244,191,259,244,191,259,244,191,-15,-68,15,68,FALSE,FALSE
190,5,314,311,220,314,311,220,314,311,220,-3,-94,3,94,FALSE,FALSE
190,6,390,373,262,390,373,262,390,373,262,-17,-128,17,128,FALSE,FALSE
190,7,478,473,318,478,473,318,478,473,318,-5,-160,5,160,FALSE,FALSE
190,8,573,563,398,573,563,398,573,563,398,-10,-175,10,175,FALSE,FALSE
190,9,722,662,487,722,662,487,722,662,487,-60,-235,60,235,FALSE,FALSE
190,10,852,794,589,852,794,589,852,794,589,-58,-263,58,263,FALSE,FALSE
190,11,1008,910,732,1008,910,732,1008,910,732,-98,-276,98,276,FALSE,FALSE
190,12,1178,1074,859,1178,1074,859,1178,1074,859,-104,-319,104,319,FALSE,FALSE
190,13,1347,1257,1014,1347,1257,1014,1347,1257,1014,-90,-333,90,333,FALSE,FALSE
190,14,1525,1426,1169,1525,1426,1169,1525,1426,1169,-99,-356,99,356,FALSE,FALSE
190,15,1728,1585,1328,1728,1585,1328,1728,1585,1328,-143,-400,143,400,FALSE,FALSE
190,16,1892,1791,1484,1892,1791,1484,1892,1791,1484,-101,-408,101,408,FALSE,FALSE
190,17,2071,1960,1620,2071,1960,1620,2071,1960,1620,-111,-451,111,451,FALSE,FALSE
190,18,2236,2135,1803,2236,2135,1803,2236,2135,1803,-101,-433,101,433,FALSE,FALSE
190,19,2384,2271,1973,2384,2271,1973,2384,2271,1973,-113,-411,113,411,FALSE,FALSE
190,20,2497,2370,2141,2497,2370,2141,2497,2370,2141,-127,-356,127,356,FALSE,FALSE
190,21,2563,2480,2281,2563,2480,2281,2563,2480,2281,-83,-282,83,282,FALSE,FALSE
190,22,2603,2522,2396,2603,2522,2396,2603,2522,2396,-81,-207,81,207,FALSE,FALSE
190,23,2634,2518,2475,2634,2518,2475,2634,2518,2475,-116,-159,116,159,FALSE,FALSE
190,24,2643,2533,2547,2643,2533,2547,2643,2533,2547,-110,-96,110,96,FALSE,FALSE
190,25,2611,2533,2578,2611,2533,2578,2611,2533,2578,-78,-33,78,33,FALSE,FALSE
190,26,2560,2447,2619,2560,2447,2619,2560,2447,2619,-113,59,113,59,FALSE,FALSE
190,27,2457,2368,2608,2457,2368,2608,2457,2368,2608,-89,151,89,151,FALSE,FALSE
190,28,2347,2263,2563,2347,2263,2563,2347,2263,2563,-84,216,84,216,FALSE,FALSE
190,29,2233,2176,2518,2233,2176,2518,2233,2176,2518,-57,285,57,285,FALSE,FALSE
190,30,2083,2054,2398,2083,2054,2398,2083,2054,2398,-29,315,29,315,FALSE,FALSE
190,31,1935,1920,2270,1935,1920,2270,1935,1920,2270,-15,335,15,335,FALSE,FALSE
190,32,1814,1759,2161,1814,1759,2161,1814,1759,2161,-55,347,55,347,FALSE,FALSE
190,33,1704,1647,2009,1704,1647,2009,1704,1647,2009,-57,305,57,305,FALSE,FALSE
190,34,1605,1515,1899,1605,1515,1899,1605,1515,1899,-90,294,90,294,FALSE,FALSE
190,35,1503,1392,1775,1503,1392,1775,1503,1392,1775,-111,272,111,272,FALSE,FALSE
190,36,1365,1270,1664,1365,1270,1664,1365,1270,1664,-95,299,95,299,FALSE,FALSE
190,37,1233,1174,1529,1233,1174,1529,1233,1174,1529,-59,296,59,296,FALSE,FALSE
190,38,1118,1054,1395,1118,1054,1395,1118,1054,1395,-64,277,64,277,FALSE,FALSE
190,39,1018,955,1267,1018,955,1267,1018,955,1267,-63,249,63,249,FALSE,FALSE
190,40,906,868,1177,906,868,1177,906,868,1177,-38,271,38,271,FALSE,FALSE
190,41,820,788,1075,820,788,1075,820,788,1075,-32,255,32,255,FALSE,FALSE
190,42,750,704,968,750,704,968,750,704,968,-46,218,46,218,FALSE,FALSE
190,43,676,634,876,676,634,876,676,634,876,-42,200,42,200,FALSE,FALSE
190,44,626,566,798,626,566,798,626,566,798,-60,172,60,172,FALSE,FALSE
190,45,566,518,749,566,518,749,566,518,749,-48,183,48,183,FALSE,FALSE
190,46,533,480,663,533,480,663,533,480,663,-53,130,53,130,FALSE,FALSE
190,47,488,427,616,488,427,616,488,427,616,-61,128,61,128,FALSE,FALSE
190,48,435,388,554,435,388,554,435,388,554,-47,119,47,119,FALSE,FALSE
190,49,387,347,506,387,347,506,387,347,506,-40,119,40,119,FALSE,FALSE
190,50,348,308,460,348,308,460,348,308,460,-40,112,40,112,FALSE,FALSE
190,51,320,284,417,320,284,417,320,284,417,-36,97,36,97,FALSE,FALSE
190,52,291,247,385,291,247,385,291,247,385,-44,94,44,94,FALSE,FALSE
190,53,268,227,338,268,227,338,268,227,338,-41,70,41,70,FALSE,FALSE
190,54,251,197,306,251,197,306,251,197,306,-54,55,54,55,FALSE,FALSE
190,55,221,172,274,221,172,274,221,172,274,-49,53,49,53,FALSE,FALSE
190,56,195,144,235,195,144,235,195,144,235,-51,40,51,40,FALSE,FALSE
190,57,179,122,217,179,122,217,179,122,217,-57,38,57,38,FALSE,FALSE
190,58,172,109,199,172,109,199,172,109,199,-63,27,63,27,FALSE,FALSE
190,59,159,101,174,159,101,174,159,101,174,-58,15,58,15,FALSE,FALSE
190,60,142,94,153,142,94,153,142,94,153,-48,11,48,11,FALSE,FALSE
191,0,97,97,97,97,97,97,97,97,97,0,0,0,0,TRUE,TRUE
191,1,110,101,104,110,101,104,110,101,104,-9,-6,9,6,FALSE,FALSE
191,2,114,111,116,114,111,116,114,111,116,-3,2,3,2,FALSE,FALSE
191,3,120,116,120,120,116,120,120,116,120,-4,0,4,0,FALSE,TRUE
191,4,140,122,131,140,122,131,140,122,131,-18,-9,18,9,FALSE,FALSE
191,5,146,134,142,146,134,142,146,134,142,-12,-4,12,4,FALSE,FALSE
191,6,162,145,173,162,145,173,162,145,173,-17,11,17,11,FALSE,FALSE
191,7,179,159,186,179,159,186,179,159,186,-20,7,20,7,FALSE,FALSE
191,8,208,170,205,208,170,205,208,170,205,-38,-3,38,3,FALSE,FALSE
191,9,227,184,226,227,184,226,227,184,226,-43,-1,43,1,FALSE,FALSE
191,10,250,210,251,250,210,251,250,210,251,-40,1,40,1,FALSE,FALSE
191,11,273,241,284,273,241,284,273,241,284,-32,11,32,11,FALSE,FALSE
191,12,297,255,313,297,255,313,297,255,313,-42,16,42,16,FALSE,FALSE
191,13,324,287,358,324,287,358,324,287,358,-37,34,37,34,FALSE,FALSE
191,14,338,321,368,338,321,368,338,321,368,-17,30,17,30,FALSE,FALSE
191,15,370,353,400,370,353,400,370,353,400,-17,30,17,30,FALSE,FALSE
191,16,395,399,428,395,399,428,395,399,428,4,33,4,33,FALSE,FALSE
191,17,460,446,465,460,446,465,460,446,465,-14,5,14,5,FALSE,FALSE
191,18,501,486,495,501,486,495,501,486,495,-15,-6,15,6,FALSE,FALSE
191,19,520,507,530,520,507,530,520,507,530,-13,10,13,10,FALSE,FALSE
191,20,551,528,538,551,528,538,551,528,538,-23,-13,23,13,FALSE,FALSE
191,21,587,547,594,587,547,594,587,547,594,-40,7,40,7,FALSE,FALSE
191,22,617,587,658,617,587,658,617,587,658,-30,41,30,41,FALSE,FALSE
191,23,655,608,693,655,608,693,655,608,693,-47,38,47,38,FALSE,FALSE
191,24,704,668,742,704,668,742,704,668,742,-36,38,36,38,FALSE,FALSE
191,25,740,700,770,740,700,770,740,700,770,-40,30,40,30,FALSE,FALSE
191,26,800,712,791,800,712,791,800,712,791,-88,-9,88,9,FALSE,FALSE
191,27,830,716,850,830,716,850,830,716,850,-114,20,114,20,FALSE,FALSE
191,28,866,748,884,866,748,884,866,748,884,-118,18,118,18,FALSE,FALSE
191,29,903,777,920,903,777,920,903,777,920,-126,17,126,17,FALSE,FALSE
191,30,924,798,924,924,798,924,924,798,924,-126,0,126,0,FALSE,TRUE
191,31,963,837,933,963,837,933,963,837,933,-126,-30,126,30,FALSE,FALSE
191,32,970,831,938,970,831,938,970,831,938,-139,-32,139,32,FALSE,FALSE
191,33,988,857,940,988,857,940,988,857,940,-131,-48,131,48,FALSE,FALSE
191,34,1029,889,950,1029,889,950,1029,889,950,-140,-79,140,79,FALSE,FALSE
191,35,1050,923,968,1050,923,968,1050,923,968,-127,-82,127,82,FALSE,FALSE
191,36,1086,935,945,1086,935,945,1086,935,945,-151,-141,151,141,FALSE,FALSE
191,37,1087,955,969,1087,955,969,1087,955,969,-132,-118,132,118,FALSE,FALSE
191,38,1096,946,955,1096,946,955,1096,946,955,-150,-141,150,141,FALSE,FALSE
191,39,1058,950,933,1058,950,933,1058,950,933,-108,-125,108,125,FALSE,FALSE
191,40,1055,930,924,1055,930,924,1055,930,924,-125,-131,125,131,FALSE,FALSE
191,41,1032,926,915,1032,926,915,1032,926,915,-106,-117,106,117,FALSE,FALSE
191,42,990,924,887,990,924,887,990,924,887,-66,-103,66,103,FALSE,FALSE
191,43,958,910,851,958,910,851,958,910,851,-48,-107,48,107,FALSE,FALSE
191,44,929,892,841,929,892,841,929,892,841,-37,-88,37,88,FALSE,FALSE
191,45,899,884,846,899,884,846,899,884,846,-15,-53,15,53,FALSE,FALSE
191,46,878,871,817,878,871,817,878,871,817,-7,-61,7,61,FALSE,FALSE
191,47,834,845,787,834,845,787,834,845,787,11,-47,11,47,FALSE,FALSE
191,48,804,829,765,804,829,765,804,829,765,25,-39,25,39,FALSE,FALSE
191,49,783,812,737,783,812,737,783,812,737,29,-46,29,46,FALSE,FALSE
191,50,756,780,701,756,780,701,756,780,701,24,-55,24,55,FALSE,FALSE
191,51,731,755,687,731,755,687,731,755,687,24,-44,24,44,FALSE,FALSE
191,52,680,715,659,680,715,659,680,715,659,35,-21,35,21,FALSE,FALSE
191,53,637,691,626,637,691,626,637,691,626,54,-11,54,11,FALSE,FALSE
191,54,627,685,610,627,685,610,627,685,610,58,-17,58,17,FALSE,FALSE
191,55,604,667,577,604,667,577,604,667,577,63,-27,63,27,FALSE,FALSE
191,56,578,652,538,578,652,538,578,652,538,74,-40,74,40,FALSE,FALSE
191,57,544,608,510,544,608,510,544,608,510,64,-34,64,34,FALSE,FALSE
191,58,528,584,484,528,584,484,528,584,484,56,-44,56,44,FALSE,FALSE
191,59,485,568,466,485,568,466,485,568,466,83,-19,83,19,FALSE,FALSE
191,60,452,537,440,452,537,440,452,537,440,85,-12,85,12,FALSE,FALSE
192,0,93,93,93,93,93,93,93,93,93,0,0,0,0,TRUE,TRUE
192,1,130,121,125,130,121,125,130,121,125,-9,-5,9,5,FALSE,FALSE
192,2,173,152,158,173,152,158,173,152,158,-21,-15,21,15,FALSE,FALSE
192,3,225,207,192,225,207,192,225,207,192,-18,-33,18,33,FALSE,FALSE
192,4,279,270,232,279,270,232,279,270,232,-9,-47,9,47,FALSE,FALSE
192,5,362,355,305,362,355,305,362,355,305,-7,-57,7,57,FALSE,FALSE
192,6,473,450,383,473,450,383,473,450,383,-23,-90,23,90,FALSE,FALSE
192,7,555,577,506,555,577,506,555,577,506,22,-49,22,49,FALSE,FALSE
192,8,685,697,628,685,697,628,685,697,628,12,-57,12,57,FALSE,FALSE
192,9,867,839,756,867,839,756,867,839,756,-28,-111,28,111,FALSE,FALSE
192,10,1037,987,949,1037,987,949,1037,987,949,-50,-88,50,88,FALSE,FALSE
192,11,1207,1156,1136,1207,1156,1136,1207,1156,1136,-51,-71,51,71,FALSE,FALSE
192,12,1407,1314,1325,1407,1314,1325,1407,1314,1325,-93,-82,93,82,FALSE,FALSE
192,13,1594,1464,1480,1594,1464,1480,1594,1464,1480,-130,-114,130,114,FALSE,FALSE
192,14,1718,1600,1629,1718,1600,1629,1718,1600,1629,-118,-89,118,89,FALSE,FALSE
192,15,1883,1741,1732,1883,1741,1732,1883,1741,1732,-142,-151,142,151,FALSE,FALSE
192,16,1915,1809,1830,1915,1809,1830,1915,1809,1830,-106,-85,106,85,FALSE,FALSE
192,17,1933,1817,1951,1933,1817,1951,1933,1817,1951,-116,18,116,18,FALSE,FALSE
192,18,1885,1792,1962,1885,1792,1962,1885,1792,1962,-93,77,93,77,FALSE,FALSE
192,19,1847,1785,1905,1847,1785,1905,1847,1785,1905,-62,58,62,58,FALSE,FALSE
192,20,1735,1706,1840,1735,1706,1840,1735,1706,1840,-29,105,29,105,FALSE,FALSE
192,21,1619,1611,1743,1619,1611,1743,1619,1611,1743,-8,124,8,124,FALSE,FALSE
192,22,1498,1536,1608,1498,1536,1608,1498,1536,1608,38,110,38,110,FALSE,FALSE
192,23,1388,1411,1476,1388,1411,1476,1388,1411,1476,23,88,23,88,FALSE,FALSE
192,24,1224,1284,1335,1224,1284,1335,1224,1284,1335,60,111,60,111,FALSE,FALSE
192,25,1085,1174,1202,1085,1174,1202,1085,1174,1202,89,117,89,117,FALSE,FALSE
192,26,964,1065,1082,964,1065,1082,964,1065,1082,101,118,101,118,FALSE,FALSE
192,27,844,983,949,844,983,949,844,983,949,139,105,139,105,FALSE,FALSE
192,28,736,884,852,736,884,852,736,884,852,148,116,148,116,FALSE,FALSE
192,29,648,788,736,648,788,736,648,788,736,140,88,140,88,FALSE,FALSE
192,30,564,707,636,564,707,636,564,707,636,143,72,143,72,FALSE,FALSE
192,31,485,614,579,485,614,579,485,614,579,129,94,129,94,FALSE,FALSE
192,32,419,538,500,419,538,500,419,538,500,119,81,119,81,FALSE,FALSE
192,33,364,478,443,364,478,443,364,478,443,114,79,114,79,FALSE,FALSE
192,34,313,431,375,313,431,375,313,431,375,118,62,118,62,FALSE,FALSE
192,35,283,380,319,283,380,319,283,380,319,97,36,97,36,FALSE,FALSE
192,36,247,336,274,247,336,274,247,336,274,89,27,89,27,FALSE,FALSE
192,37,211,299,229,211,299,229,211,299,229,88,18,88,18,FALSE,FALSE
192,38,182,262,206,182,262,206,182,262,206,80,24,80,24,FALSE,FALSE
192,39,157,223,174,157,223,174,157,223,174,66,17,66,17,FALSE,FALSE
192,40,132,197,143,132,197,143,132,197,143,65,11,65,11,FALSE,FALSE
192,41,113,167,126,113,167,126,113,167,126,54,13,54,13,FALSE,FALSE
192,42,102,155,101,102,155,101,102,155,101,53,-1,53,1,FALSE,FALSE
192,43,92,136,88,92,136,88,92,136,88,44,-4,44,4,FALSE,FALSE
192,44,83,110,74,83,110,74,83,110,74,27,-9,27,9,FALSE,FALSE
192,45,68,91,59,68,91,59,68,91,59,23,-9,23,9,FALSE,FALSE
192,46,57,76,50,57,76,50,57,76,50,19,-7,19,7,FALSE,FALSE
192,47,44,73,45,44,73,45,44,73,45,29,1,29,1,FALSE,FALSE
192,48,35,67,34,35,67,34,35,67,34,32,-1,32,1,FALSE,FALSE
192,49,31,59,30,31,59,30,31,59,30,28,-1,28,1,FALSE,FALSE
192,50,25,52,22,25,52,22,25,52,22,27,-3,27,3,FALSE,FALSE
192,51,22,47,20,22,47,20,22,47,20,25,-2,25,2,FALSE,FALSE
192,52,17,38,14,17,38,14,17,38,14,21,-3,21,3,FALSE,FALSE
192,53,14,30,11,14,30,11,14,30,11,16,-3,16,3,FALSE,FALSE
192,54,12,24,9,12,24,9,12,24,9,12,-3,12,3,FALSE,FALSE
192,55,10,22,7,10,22,7,10,22,7,12,-3,12,3,FALSE,FALSE
192,56,8,24,7,8,24,7,8,24,7,16,-1,16,1,FALSE,FALSE
192,57,6,23,5,6,23,5,6,23,5,17,-1,17,1,FALSE,FALSE
192,58,5,21,5,5,21,5,5,21,5,16,0,16,0,FALSE,TRUE
192,59,4,22,2,4,22,2,4,22,2,18,-2,18,2,FALSE,FALSE
192,60,4,20,1,4,20,1,4,20,1,16,-3,16,3,FALSE,FALSE
193,0,76,76,76,76,76,76,76,76,76,0,0,0,0,TRUE,TRUE
193,1,104,89,89,104,89,89,104,89,89,-15,-15,15,15,FALSE,FALSE
193,2,136,110,111,136,110,111,136,110,111,-26,-25,26,25,FALSE,FALSE
193,3,171,137,127,171,137,127,171,137,127,-34,-44,34,44,FALSE,FALSE
193,4,203,159,149,203,159,149,203,159,149,-44,-54,44,54,FALSE,FALSE
193,5,240,200,174,240,200,174,240,200,174,-40,-66,40,66,FALSE,FALSE
193,6,309,239,228,309,239,228,309,239,228,-70,-81,70,81,FALSE,FALSE
193,7,366,304,284,366,304,284,366,304,284,-62,-82,62,82,FALSE,FALSE
193,8,450,354,357,450,354,357,450,354,357,-96,-93,96,93,FALSE,FALSE
193,9,538,413,428,538,413,428,538,413,428,-125,-110,125,110,FALSE,FALSE
193,10,639,473,494,639,473,494,639,473,494,-166,-145,166,145,FALSE,FALSE
193,11,784,559,594,784,559,594,784,559,594,-225,-190,225,190,FALSE,FALSE
193,12,913,647,654,913,647,654,913,647,654,-266,-259,266,259,FALSE,FALSE
193,13,1023,739,793,1023,739,793,1023,739,793,-284,-230,284,230,FALSE,FALSE
193,14,1177,851,907,1177,851,907,1177,851,907,-326,-270,326,270,FALSE,FALSE
193,15,1295,951,1015,1295,951,1015,1295,951,1015,-344,-280,344,280,FALSE,FALSE
193,16,1417,1075,1138,1417,1075,1138,1417,1075,1138,-342,-279,342,279,FALSE,FALSE
193,17,1453,1198,1244,1453,1198,1244,1453,1198,1244,-255,-209,255,209,FALSE,FALSE
193,18,1567,1302,1362,1567,1302,1362,1567,1302,1362,-265,-205,265,205,FALSE,FALSE
193,19,1641,1395,1465,1641,1395,1465,1641,1395,1465,-246,-176,246,176,FALSE,FALSE
193,20,1665,1460,1520,1665,1460,1520,1665,1460,1520,-205,-145,205,145,FALSE,FALSE
193,21,1686,1532,1594,1686,1532,1594,1686,1532,1594,-154,-92,154,92,FALSE,FALSE
193,22,1659,1559,1609,1659,1559,1609,1659,1559,1609,-100,-50,100,50,FALSE,FALSE
193,23,1662,1570,1638,1662,1570,1638,1662,1570,1638,-92,-24,92,24,FALSE,FALSE
193,24,1626,1569,1616,1626,1569,1616,1626,1569,1616,-57,-10,57,10,FALSE,FALSE
193,25,1585,1533,1576,1585,1533,1576,1585,1533,1576,-52,-9,52,9,FALSE,FALSE
193,26,1488,1490,1543,1488,1490,1543,1488,1490,1543,2,55,2,55,FALSE,FALSE
193,27,1438,1476,1505,1438,1476,1505,1438,1476,1505,38,67,38,67,FALSE,FALSE
193,28,1340,1402,1427,1340,1402,1427,1340,1402,1427,62,87,62,87,FALSE,FALSE
193,29,1237,1334,1335,1237,1334,1335,1237,1334,1335,97,98,97,98,FALSE,FALSE
193,30,1170,1275,1274,1170,1275,1274,1170,1275,1274,105,104,105,104,FALSE,FALSE
193,31,1108,1188,1190,1108,1188,1190,1108,1188,1190,80,82,80,82,FALSE,FALSE
193,32,1029,1108,1126,1029,1108,1126,1029,1108,1126,79,97,79,97,FALSE,FALSE
193,33,942,1021,1021,942,1021,1021,942,1021,1021,79,79,79,79,FALSE,FALSE
193,34,862,939,964,862,939,964,862,939,964,77,102,77,102,FALSE,FALSE
193,35,782,872,897,782,872,897,782,872,897,90,115,90,115,FALSE,FALSE
193,36,715,813,809,715,813,809,715,813,809,98,94,98,94,FALSE,FALSE
193,37,655,743,738,655,743,738,655,743,738,88,83,88,83,FALSE,FALSE
193,38,588,682,676,588,682,676,588,682,676,94,88,94,88,FALSE,FALSE
193,39,540,622,620,540,622,620,540,622,620,82,80,82,80,FALSE,FALSE
193,40,480,570,571,480,570,571,480,570,571,90,91,90,91,FALSE,FALSE
193,41,426,530,505,426,530,505,426,530,505,104,79,104,79,FALSE,FALSE
193,42,378,490,461,378,490,461,378,490,461,112,83,112,83,FALSE,FALSE
193,43,338,430,432,338,430,432,338,430,432,92,94,92,94,FALSE,FALSE
193,44,307,404,387,307,404,387,307,404,387,97,80,97,80,FALSE,FALSE
193,45,280,361,353,280,361,353,280,361,353,81,73,81,73,FALSE,FALSE
193,46,256,329,317,256,329,317,256,329,317,73,61,73,61,FALSE,FALSE
193,47,220,295,287,220,295,287,220,295,287,75,67,75,67,FALSE,FALSE
193,48,191,265,260,191,265,260,191,265,260,74,69,74,69,FALSE,FALSE
193,49,169,233,241,169,233,241,169,233,241,64,72,64,72,FALSE,FALSE
193,50,150,209,209,150,209,209,150,209,209,59,59,59,59,FALSE,FALSE
193,51,133,179,199,133,179,199,133,179,199,46,66,46,66,FALSE,FALSE
193,52,119,161,170,119,161,170,119,161,170,42,51,42,51,FALSE,FALSE
193,53,105,149,142,105,149,142,105,149,142,44,37,44,37,FALSE,FALSE
193,54,95,135,125,95,135,125,95,135,125,40,30,40,30,FALSE,FALSE
193,55,85,116,113,85,116,113,85,116,113,31,28,31,28,FALSE,FALSE
193,56,74,105,97,74,105,97,74,105,97,31,23,31,23,FALSE,FALSE
193,57,66,90,92,66,90,92,66,90,92,24,26,24,26,FALSE,FALSE
193,58,54,83,85,54,83,85,54,83,85,29,31,29,31,FALSE,FALSE
193,59,52,78,70,52,78,70,52,78,70,26,18,26,18,FALSE,FALSE
193,60,46,70,63,46,70,63,46,70,63,24,17,24,17,FALSE,FALSE
194,0,102,102,102,102,102,102,102,102,102,0,0,0,0,TRUE,TRUE
194,1,119,122,104,119,122,104,119,122,104,3,-15,3,15,FALSE,FALSE
194,2,131,141,114,131,141,114,131,141,114,10,-17,10,17,FALSE,FALSE
194,3,151,164,122,151,164,122,151,164,122,13,-29,13,29,FALSE,FALSE
194,4,169,171,144,169,171,144,169,171,144,2,-25,2,25,FALSE,FALSE
194,5,203,192,157,203,192,157,203,192,157,-11,-46,11,46,FALSE,FALSE
194,6,229,233,174,229,233,174,229,233,174,4,-55,4,55,FALSE,FALSE
194,7,255,253,199,255,253,199,255,253,199,-2,-56,2,56,FALSE,FALSE
194,8,286,286,215,286,286,215,286,286,215,0,-71,0,71,TRUE,FALSE
194,9,319,302,235,319,302,235,319,302,235,-17,-84,17,84,FALSE,FALSE
194,10,318,327,264,318,327,264,318,327,264,9,-54,9,54,FALSE,FALSE
194,11,332,377,286,332,377,286,332,377,286,45,-46,45,46,FALSE,FALSE
194,12,375,405,316,375,405,316,375,405,316,30,-59,30,59,FALSE,FALSE
194,13,400,419,361,400,419,361,400,419,361,19,-39,19,39,FALSE,FALSE
194,14,423,448,374,423,448,374,423,448,374,25,-49,25,49,FALSE,FALSE
194,15,477,480,412,477,480,412,477,480,412,3,-65,3,65,FALSE,FALSE
194,16,519,491,429,519,491,429,519,491,429,-28,-90,28,90,FALSE,FALSE
194,17,542,529,465,542,529,465,542,529,465,-13,-77,13,77,FALSE,FALSE
194,18,556,553,514,556,553,514,556,553,514,-3,-42,3,42,FALSE,FALSE
194,19,592,623,541,592,623,541,592,623,541,31,-51,31,51,FALSE,FALSE
194,20,633,657,553,633,657,553,633,657,553,24,-80,24,80,FALSE,FALSE
194,21,632,691,561,632,691,561,632,691,561,59,-71,59,71,FALSE,FALSE
194,22,644,720,613,644,720,613,644,720,613,76,-31,76,31,FALSE,FALSE
194,23,647,759,634,647,759,634,647,759,634,112,-13,112,13,FALSE,FALSE
194,24,645,760,611,645,760,611,645,760,611,115,-34,115,34,FALSE,FALSE
194,25,659,744,630,659,744,630,659,744,630,85,-29,85,29,FALSE,FALSE
194,26,676,729,635,676,729,635,676,729,635,53,-41,53,41,FALSE,FALSE
194,27,647,713,638,647,713,638,647,713,638,66,-9,66,9,FALSE,FALSE
194,28,617,696,623,617,696,623,617,696,623,79,6,79,6,FALSE,FALSE
194,29,603,695,613,603,695,613,603,695,613,92,10,92,10,FALSE,FALSE
194,30,583,674,592,583,674,592,583,674,592,91,9,91,9,FALSE,FALSE
194,31,559,653,566,559,653,566,559,653,566,94,7,94,7,FALSE,FALSE
194,32,544,641,566,544,641,566,544,641,566,97,22,97,22,FALSE,FALSE
194,33,517,584,538,517,584,538,517,584,538,67,21,67,21,FALSE,FALSE
194,34,510,553,494,510,553,494,510,553,494,43,-16,43,16,FALSE,FALSE
194,35,487,535,483,487,535,483,487,535,483,48,-4,48,4,FALSE,FALSE
194,36,472,509,471,472,509,471,472,509,471,37,-1,37,1,FALSE,FALSE
194,37,457,459,431,457,459,431,457,459,431,2,-26,2,26,FALSE,FALSE
194,38,432,433,411,432,433,411,432,433,411,1,-21,1,21,FALSE,FALSE
194,39,409,394,385,409,394,385,409,394,385,-15,-24,15,24,FALSE,FALSE
194,40,393,363,360,393,363,360,393,363,360,-30,-33,30,33,FALSE,FALSE
194,41,358,345,333,358,345,333,358,345,333,-13,-25,13,25,FALSE,FALSE
194,42,324,316,320,324,316,320,324,316,320,-8,-4,8,4,FALSE,FALSE
194,43,308,287,314,308,287,314,308,287,314,-21,6,21,6,FALSE,FALSE
194,44,296,269,296,296,269,296,296,269,296,-27,0,27,0,FALSE,TRUE
194,45,256,261,266,256,261,266,256,261,266,5,10,5,10,FALSE,FALSE
194,46,227,235,241,227,235,241,227,235,241,8,14,8,14,FALSE,FALSE
194,47,201,216,229,201,216,229,201,216,229,15,28,15,28,FALSE,FALSE
194,48,192,198,224,192,198,224,192,198,224,6,32,6,32,FALSE,FALSE
194,49,160,192,214,160,192,214,160,192,214,32,54,32,54,FALSE,FALSE
194,50,146,177,186,146,177,186,146,177,186,31,40,31,40,FALSE,FALSE
194,51,142,165,162,142,165,162,142,165,162,23,20,23,20,FALSE,FALSE
194,52,136,146,138,136,146,138,136,146,138,10,2,10,2,FALSE,FALSE
194,53,126,125,122,126,125,122,126,125,122,-1,-4,1,4,FALSE,FALSE
194,54,116,118,117,116,118,117,116,118,117,2,1,2,1,FALSE,FALSE
194,55,105,108,99,105,108,99,105,108,99,3,-6,3,6,FALSE,FALSE
194,56,98,99,92,98,99,92,98,99,92,1,-6,1,6,FALSE,FALSE
194,57,92,89,92,92,89,92,92,89,92,-3,0,3,0,FALSE,TRUE
194,58,87,77,80,87,77,80,87,77,80,-10,-7,10,7,FALSE,FALSE
194,59,78,68,76,78,68,76,78,68,76,-10,-2,10,2,FALSE,FALSE
194,60,73,58,66,73,58,66,73,58,66,-15,-7,15,7,FALSE,FALSE
195,0,133,133,133,133,133,133,133,133,133,0,0,0,0,TRUE,TRUE
195,1,177,161,172,177,161,172,177,161,172,-16,-5,16,5,FALSE,FALSE
195,2,224,206,234,224,206,234,224,206,234,-18,10,18,10,FALSE,FALSE
195,3,300,244,290,300,244,290,300,244,290,-56,-10,56,10,FALSE,FALSE
195,4,367,317,347,367,317,347,367,317,347,-50,-20,50,20,FALSE,FALSE
195,5,445,394,397,445,394,397,445,394,397,-51,-48,51,48,FALSE,FALSE
195,6,536,481,477,536,481,477,536,481,477,-55,-59,55,59,FALSE,FALSE
195,7,664,599,580,664,599,580,664,599,580,-65,-84,65,84,FALSE,FALSE
195,8,804,689,706,804,689,706,804,689,706,-115,-98,115,98,FALSE,FALSE
195,9,935,828,829,935,828,829,935,828,829,-107,-106,107,106,FALSE,FALSE
195,10,1103,958,970,1103,958,970,1103,958,970,-145,-133,145,133,FALSE,FALSE
195,11,1284,1122,1125,1284,1122,1125,1284,1122,1125,-162,-159,162,159,FALSE,FALSE
195,12,1459,1294,1298,1459,1294,1298,1459,1294,1298,-165,-161,165,161,FALSE,FALSE
195,13,1589,1432,1436,1589,1432,1436,1589,1432,1436,-157,-153,157,153,FALSE,FALSE
195,14,1657,1530,1518,1657,1530,1518,1657,1530,1518,-127,-139,127,139,FALSE,FALSE
195,15,1703,1612,1618,1703,1612,1618,1703,1612,1618,-91,-85,91,85,FALSE,FALSE
195,16,1699,1666,1687,1699,1666,1687,1699,1666,1687,-33,-12,33,12,FALSE,FALSE
195,17,1687,1677,1729,1687,1677,1729,1687,1677,1729,-10,42,10,42,FALSE,FALSE
195,18,1621,1726,1736,1621,1726,1736,1621,1726,1736,105,115,105,115,FALSE,FALSE
195,19,1573,1632,1697,1573,1632,1697,1573,1632,1697,59,124,59,124,FALSE,FALSE
195,20,1465,1567,1614,1465,1567,1614,1465,1567,1614,102,149,102,149,FALSE,FALSE
195,21,1340,1515,1512,1340,1515,1512,1340,1515,1512,175,172,175,172,FALSE,FALSE
195,22,1222,1444,1377,1222,1444,1377,1222,1444,1377,222,155,222,155,FALSE,FALSE
195,23,1089,1325,1257,1089,1325,1257,1089,1325,1257,236,168,236,168,FALSE,FALSE
195,24,977,1214,1160,977,1214,1160,977,1214,1160,237,183,237,183,FALSE,FALSE
195,25,835,1114,1037,835,1114,1037,835,1114,1037,279,202,279,202,FALSE,FALSE
195,26,759,1028,913,759,1028,913,759,1028,913,269,154,269,154,FALSE,FALSE
195,27,644,942,790,644,942,790,644,942,790,298,146,298,146,FALSE,FALSE
195,28,569,832,708,569,832,708,569,832,708,263,139,263,139,FALSE,FALSE
195,29,466,745,610,466,745,610,466,745,610,279,144,279,144,FALSE,FALSE
195,30,417,661,519,417,661,519,417,661,519,244,102,244,102,FALSE,FALSE
195,31,351,559,443,351,559,443,351,559,443,208,92,208,92,FALSE,FALSE
195,32,301,476,372,301,476,372,301,476,372,175,71,175,71,FALSE,FALSE
195,33,271,398,296,271,398,296,271,398,296,127,25,127,25,FALSE,FALSE
195,34,232,343,259,232,343,259,232,343,259,111,27,111,27,FALSE,FALSE
195,35,192,292,236,192,292,236,192,292,236,100,44,100,44,FALSE,FALSE
195,36,162,246,199,162,246,199,162,246,199,84,37,84,37,FALSE,FALSE
195,37,140,206,172,140,206,172,140,206,172,66,32,66,32,FALSE,FALSE
195,38,123,175,144,123,175,144,123,175,144,52,21,52,21,FALSE,FALSE
195,39,104,148,122,104,148,122,104,148,122,44,18,44,18,FALSE,FALSE
195,40,82,132,103,82,132,103,82,132,103,50,21,50,21,FALSE,FALSE
195,41,74,109,92,74,109,92,74,109,92,35,18,35,18,FALSE,FALSE
195,42,60,95,83,60,95,83,60,95,83,35,23,35,23,FALSE,FALSE
195,43,56,77,68,56,77,68,56,77,68,21,12,21,12,FALSE,FALSE
195,44,54,60,53,54,60,53,54,60,53,6,-1,6,1,FALSE,FALSE
195,45,49,50,39,49,50,39,49,50,39,1,-10,1,10,FALSE,FALSE
195,46,49,43,31,49,43,31,49,43,31,-6,-18,6,18,FALSE,FALSE
195,47,40,36,23,40,36,23,40,36,23,-4,-17,4,17,FALSE,FALSE
195,48,31,30,22,31,30,22,31,30,22,-1,-9,1,9,FALSE,FALSE
195,49,24,27,18,24,27,18,24,27,18,3,-6,3,6,FALSE,FALSE
195,50,19,21,13,19,21,13,19,21,13,2,-6,2,6,FALSE,FALSE
195,51,16,18,7,16,18,7,16,18,7,2,-9,2,9,FALSE,FALSE
195,52,12,17,7,12,17,7,12,17,7,5,-5,5,5,FALSE,FALSE
195,53,12,13,5,12,13,5,12,13,5,1,-7,1,7,FALSE,FALSE
195,54,9,10,3,9,10,3,9,10,3,1,-6,1,6,FALSE,FALSE
195,55,7,7,4,7,7,4,7,7,4,0,-3,0,3,TRUE,FALSE
195,56,7,7,3,7,7,3,7,7,3,0,-4,0,4,TRUE,FALSE
195,57,7,7,2,7,7,2,7,7,2,0,-5,0,5,TRUE,FALSE
195,58,5,5,2,5,5,2,5,5,2,0,-3,0,3,TRUE,FALSE
195,59,6,2,1,6,2,1,6,2,1,-4,-5,4,5,FALSE,FALSE
195,60,5,2,1,5,2,1,5,2,1,-3,-4,3,4,FALSE,FALSE
196,0,134,134,134,134,134,134,134,134,134,0,0,0,0,TRUE,TRUE
196,1,151,139,137,151,139,137,151,139,137,-12,-14,12,14,FALSE,FALSE
196,2,153,144,131,153,144,131,153,144,131,-9,-22,9,22,FALSE,FALSE
196,3,157,147,140,157,147,140,157,147,140,-10,-17,10,17,FALSE,FALSE
196,4,157,158,144,157,158,144,157,158,144,1,-13,1,13,FALSE,FALSE
196,5,166,160,143,166,160,143,166,160,143,-6,-23,6,23,FALSE,FALSE
196,6,170,167,140,170,167,140,170,167,140,-3,-30,3,30,FALSE,FALSE
196,7,172,176,141,172,176,141,172,176,141,4,-31,4,31,FALSE,FALSE
196,8,175,179,147,175,179,147,175,179,147,4,-28,4,28,FALSE,FALSE
196,9,186,190,155,186,190,155,186,190,155,4,-31,4,31,FALSE,FALSE
196,10,196,202,165,196,202,165,196,202,165,6,-31,6,31,FALSE,FALSE
196,11,211,217,173,211,217,173,211,217,173,6,-38,6,38,FALSE,FALSE
196,12,230,211,194,230,211,194,230,211,194,-19,-36,19,36,FALSE,FALSE
196,13,236,198,213,236,198,213,236,198,213,-38,-23,38,23,FALSE,FALSE
196,14,249,197,212,249,197,212,249,197,212,-52,-37,52,37,FALSE,FALSE
196,15,263,211,214,263,211,214,263,211,214,-52,-49,52,49,FALSE,FALSE
196,16,275,214,221,275,214,221,275,214,221,-61,-54,61,54,FALSE,FALSE
196,17,282,236,227,282,236,227,282,236,227,-46,-55,46,55,FALSE,FALSE
196,18,290,238,246,290,238,246,290,238,246,-52,-44,52,44,FALSE,FALSE
196,19,301,245,257,301,245,257,301,245,257,-56,-44,56,44,FALSE,FALSE
196,20,317,254,263,317,254,263,317,254,263,-63,-54,63,54,FALSE,FALSE
196,21,332,257,271,332,257,271,332,257,271,-75,-61,75,61,FALSE,FALSE
196,22,348,274,289,348,274,289,348,274,289,-74,-59,74,59,FALSE,FALSE
196,23,356,301,290,356,301,290,356,301,290,-55,-66,55,66,FALSE,FALSE
196,24,368,306,299,368,306,299,368,306,299,-62,-69,62,69,FALSE,FALSE
196,25,375,307,311,375,307,311,375,307,311,-68,-64,68,64,FALSE,FALSE
196,26,399,318,315,399,318,315,399,318,315,-81,-84,81,84,FALSE,FALSE
196,27,417,330,325,417,330,325,417,330,325,-87,-92,87,92,FALSE,FALSE
196,28,429,331,355,429,331,355,429,331,355,-98,-74,98,74,FALSE,FALSE
196,29,420,335,366,420,335,366,420,335,366,-85,-54,85,54,FALSE,FALSE
196,30,444,344,374,444,344,374,444,344,374,-100,-70,100,70,FALSE,FALSE
196,31,445,349,394,445,349,394,445,349,394,-96,-51,96,51,FALSE,FALSE
196,32,466,363,416,466,363,416,466,363,416,-103,-50,103,50,FALSE,FALSE
196,33,473,359,428,473,359,428,473,359,428,-114,-45,114,45,FALSE,FALSE
196,34,481,355,425,481,355,425,481,355,425,-126,-56,126,56,FALSE,FALSE
196,35,482,349,455,482,349,455,482,349,455,-133,-27,133,27,FALSE,FALSE
196,36,501,372,469,501,372,469,501,372,469,-129,-32,129,32,FALSE,FALSE
196,37,502,380,491,502,380,491,502,380,491,-122,-11,122,11,FALSE,FALSE
196,38,510,378,501,510,378,501,510,378,501,-132,-9,132,9,FALSE,FALSE
196,39,508,398,506,508,398,506,508,398,506,-110,-2,110,2,FALSE,FALSE
196,40,515,414,521,515,414,521,515,414,521,-101,6,101,6,FALSE,FALSE
196,41,522,438,522,522,438,522,522,438,522,-84,0,84,0,FALSE,TRUE
196,42,525,439,522,525,439,522,525,439,522,-86,-3,86,3,FALSE,FALSE
196,43,547,446,544,547,446,544,547,446,544,-101,-3,101,3,FALSE,FALSE
196,44,566,454,552,566,454,552,566,454,552,-112,-14,112,14,FALSE,FALSE
196,45,585,469,554,585,469,554,585,469,554,-116,-31,116,31,FALSE,FALSE
196,46,587,469,555,587,469,555,587,469,555,-118,-32,118,32,FALSE,FALSE
196,47,616,476,571,616,476,571,616,476,571,-140,-45,140,45,FALSE,FALSE
196,48,617,468,579,617,468,579,617,468,579,-149,-38,149,38,FALSE,FALSE
196,49,636,470,593,636,470,593,636,470,593,-166,-43,166,43,FALSE,FALSE
196,50,634,498,604,634,498,604,634,498,604,-136,-30,136,30,FALSE,FALSE
196,51,632,499,604,632,499,604,632,499,604,-133,-28,133,28,FALSE,FALSE
196,52,634,505,611,634,505,611,634,505,611,-129,-23,129,23,FALSE,FALSE
196,53,624,523,654,624,523,654,624,523,654,-101,30,101,30,FALSE,FALSE
196,54,624,518,654,624,518,654,624,518,654,-106,30,106,30,FALSE,FALSE
196,55,607,522,679,607,522,679,607,522,679,-85,72,85,72,FALSE,FALSE
196,56,601,537,671,601,537,671,601,537,671,-64,70,64,70,FALSE,FALSE
196,57,589,537,688,589,537,688,589,537,688,-52,99,52,99,FALSE,FALSE
196,58,590,536,681,590,536,681,590,536,681,-54,91,54,91,FALSE,FALSE
196,59,611,542,676,611,542,676,611,542,676,-69,65,69,65,FALSE,FALSE
196,60,607,540,680,607,540,680,607,540,680,-67,73,67,73,FALSE,FALSE
197,0,120,120,120,120,120,120,120,120,120,0,0,0,0,TRUE,TRUE
197,1,151,163,165,151,163,165,151,163,165,12,14,12,14,FALSE,FALSE
197,2,202,211,234,202,211,234,202,211,234,9,32,9,32,FALSE,FALSE
197,3,279,283,305,279,283,305,279,283,305,4,26,4,26,FALSE,FALSE
197,4,377,367,408,377,367,408,377,367,408,-10,31,10,31,FALSE,FALSE
197,5,485,473,526,485,473,526,485,473,526,-12,41,12,41,FALSE,FALSE
197,6,639,603,654,639,603,654,639,603,654,-36,15,36,15,FALSE,FALSE
197,7,780,780,813,780,780,813,780,780,813,0,33,0,33,TRUE,FALSE
197,8,937,994,969,937,994,969,937,994,969,57,32,57,32,FALSE,FALSE
197,9,1147,1240,1182,1147,1240,1182,1147,1240,1182,93,35,93,35,FALSE,FALSE
197,10,1397,1513,1436,1397,1513,1436,1397,1513,1436,116,39,116,39,FALSE,FALSE
197,11,1699,1737,1667,1699,1737,1667,1699,1737,1667,38,-32,38,32,FALSE,FALSE
197,12,1972,1976,1864,1972,1976,1864,1972,1976,1864,4,-108,4,108,FALSE,FALSE
197,13,2159,2217,2107,2159,2217,2107,2159,2217,2107,58,-52,58,52,FALSE,FALSE
197,14,2331,2404,2279,2331,2404,2279,2331,2404,2279,73,-52,73,52,FALSE,FALSE
197,15,2529,2553,2368,2529,2553,2368,2529,2553,2368,24,-161,24,161,FALSE,FALSE
197,16,2635,2615,2460,2635,2615,2460,2635,2615,2460,-20,-175,20,175,FALSE,FALSE
197,17,2659,2643,2461,2659,2643,2461,2659,2643,2461,-16,-198,16,198,FALSE,FALSE
197,18,2620,2556,2394,2620,2556,2394,2620,2556,2394,-64,-226,64,226,FALSE,FALSE
197,19,2535,2449,2350,2535,2449,2350,2535,2449,2350,-86,-185,86,185,FALSE,FALSE
197,20,2388,2307,2230,2388,2307,2230,2388,2307,2230,-81,-158,81,158,FALSE,FALSE
197,21,2218,2130,2123,2218,2130,2123,2218,2130,2123,-88,-95,88,95,FALSE,FALSE
197,22,2085,1969,1967,2085,1969,1967,2085,1969,1967,-116,-118,116,118,FALSE,FALSE
197,23,1915,1750,1818,1915,1750,1818,1915,1750,1818,-165,-97,165,97,FALSE,FALSE
197,24,1760,1570,1641,1760,1570,1641,1760,1570,1641,-190,-119,190,119,FALSE,FALSE
197,25,1607,1386,1482,1607,1386,1482,1607,1386,1482,-221,-125,221,125,FALSE,FALSE
197,26,1417,1223,1334,1417,1223,1334,1417,1223,1334,-194,-83,194,83,FALSE,FALSE
197,27,1264,1053,1166,1264,1053,1166,1264,1053,1166,-211,-98,211,98,FALSE,FALSE
197,28,1094,926,1048,1094,926,1048,1094,926,1048,-168,-46,168,46,FALSE,FALSE
197,29,949,812,924,949,812,924,949,812,924,-137,-25,137,25,FALSE,FALSE
197,30,846,700,818,846,700,818,846,700,818,-146,-28,146,28,FALSE,FALSE
197,31,748,630,709,748,630,709,748,630,709,-118,-39,118,39,FALSE,FALSE
197,32,650,546,626,650,546,626,650,546,626,-104,-24,104,24,FALSE,FALSE
197,33,582,484,527,582,484,527,582,484,527,-98,-55,98,55,FALSE,FALSE
197,34,495,412,463,495,412,463,495,412,463,-83,-32,83,32,FALSE,FALSE
197,35,419,356,409,419,356,409,419,356,409,-63,-10,63,10,FALSE,FALSE
197,36,344,312,352,344,312,352,344,312,352,-32,8,32,8,FALSE,FALSE
197,37,280,270,313,280,270,313,280,270,313,-10,33,10,33,FALSE,FALSE
197,38,239,234,266,239,234,266,239,234,266,-5,27,5,27,FALSE,FALSE
197,39,209,193,224,209,193,224,209,193,224,-16,15,16,15,FALSE,FALSE
197,40,178,166,202,178,166,202,178,166,202,-12,24,12,24,FALSE,FALSE
197,41,159,134,176,159,134,176,159,134,176,-25,17,25,17,FALSE,FALSE
197,42,141,117,152,141,117,152,141,117,152,-24,11,24,11,FALSE,FALSE
197,43,120,99,135,120,99,135,120,99,135,-21,15,21,15,FALSE,FALSE
197,44,105,89,131,105,89,131,105,89,131,-16,26,16,26,FALSE,FALSE
197,45,88,76,112,88,76,112,88,76,112,-12,24,12,24,FALSE,FALSE
197,46,72,69,101,72,69,101,72,69,101,-3,29,3,29,FALSE,FALSE
197,47,58,55,79,58,55,79,58,55,79,-3,21,3,21,FALSE,FALSE
197,48,52,46,67,52,46,67,52,46,67,-6,15,6,15,FALSE,FALSE
197,49,41,41,60,41,41,60,41,41,60,0,19,0,19,TRUE,FALSE
197,50,35,34,52,35,34,52,35,34,52,-1,17,1,17,FALSE,FALSE
197,51,32,33,43,32,33,43,32,33,43,1,11,1,11,FALSE,FALSE
197,52,28,32,40,28,32,40,28,32,40,4,12,4,12,FALSE,FALSE
197,53,27,22,31,27,22,31,27,22,31,-5,4,5,4,FALSE,FALSE
197,54,23,20,28,23,20,28,23,20,28,-3,5,3,5,FALSE,FALSE
197,55,21,19,24,21,19,24,21,19,24,-2,3,2,3,FALSE,FALSE
197,56,19,15,21,19,15,21,19,15,21,-4,2,4,2,FALSE,FALSE
197,57,15,13,18,15,13,18,15,13,18,-2,3,2,3,FALSE,FALSE
197,58,12,11,17,12,11,17,12,11,17,-1,5,1,5,FALSE,FALSE
197,59,8,8,12,8,8,12,8,8,12,0,4,0,4,TRUE,FALSE
197,60,8,9,9,8,9,9,8,9,9,1,1,1,1,FALSE,FALSE
198,0,155,155,155,155,155,155,155,155,155,0,0,0,0,TRUE,TRUE
198,1,179,152,176,179,152,176,179,152,176,-27,-3,27,3,FALSE,FALSE
198,2,195,163,203,195,163,203,195,163,203,-32,8,32,8,FALSE,FALSE
198,3,221,188,204,221,188,204,221,188,204,-33,-17,33,17,FALSE,FALSE
198,4,265,197,240,265,197,240,265,197,240,-68,-25,68,25,FALSE,FALSE
198,5,304,210,270,304,210,270,304,210,270,-94,-34,94,34,FALSE,FALSE
198,6,334,243,315,334,243,315,334,243,315,-91,-19,91,19,FALSE,FALSE
198,7,387,267,356,387,267,356,387,267,356,-120,-31,120,31,FALSE,FALSE
198,8,435,310,403,435,310,403,435,310,403,-125,-32,125,32,FALSE,FALSE
198,9,482,349,426,482,349,426,482,349,426,-133,-56,133,56,FALSE,FALSE
198,10,563,414,459,563,414,459,563,414,459,-149,-104,149,104,FALSE,FALSE
198,11,624,457,497,624,457,497,624,457,497,-167,-127,167,127,FALSE,FALSE
198,12,678,516,564,678,516,564,678,516,564,-162,-114,162,114,FALSE,FALSE
198,13,710,571,622,710,571,622,710,571,622,-139,-88,139,88,FALSE,FALSE
198,14,766,603,711,766,603,711,766,603,711,-163,-55,163,55,FALSE,FALSE
198,15,817,654,760,817,654,760,817,654,760,-163,-57,163,57,FALSE,FALSE
198,16,849,690,841,849,690,841,849,690,841,-159,-8,159,8,FALSE,FALSE
198,17,919,749,863,919,749,863,919,749,863,-170,-56,170,56,FALSE,FALSE
198,18,991,809,895,991,809,895,991,809,895,-182,-96,182,96,FALSE,FALSE
198,19,1035,870,939,1035,870,939,1035,870,939,-165,-96,165,96,FALSE,FALSE
198,20,1069,910,967,1069,910,967,1069,910,967,-159,-102,159,102,FALSE,FALSE
198,21,1097,962,989,1097,962,989,1097,962,989,-135,-108,135,108,FALSE,FALSE
198,22,1111,1018,1023,1111,1018,1023,1111,1018,1023,-93,-88,93,88,FALSE,FALSE
198,23,1093,1032,1042,1093,1032,1042,1093,1032,1042,-61,-51,61,51,FALSE,FALSE
198,24,1067,1031,1052,1067,1031,1052,1067,1031,1052,-36,-15,36,15,FALSE,FALSE
198,25,1027,1048,1048,1027,1048,1048,1027,1048,1048,21,21,21,21,FALSE,FALSE
198,26,1001,1084,1036,1001,1084,1036,1001,1084,1036,83,35,83,35,FALSE,FALSE
198,27,963,1083,994,963,1083,994,963,1083,994,120,31,120,31,FALSE,FALSE
198,28,929,1029,959,929,1029,959,929,1029,959,100,30,100,30,FALSE,FALSE
198,29,872,1019,900,872,1019,900,872,1019,900,147,28,147,28,FALSE,FALSE
198,30,836,985,907,836,985,907,836,985,907,149,71,149,71,FALSE,FALSE
198,31,781,936,847,781,936,847,781,936,847,155,66,155,66,FALSE,FALSE
198,32,718,918,782,718,918,782,718,918,782,200,64,200,64,FALSE,FALSE
198,33,665,840,741,665,840,741,665,840,741,175,76,175,76,FALSE,FALSE
198,34,610,781,680,610,781,680,610,781,680,171,70,171,70,FALSE,FALSE
198,35,585,742,635,585,742,635,585,742,635,157,50,157,50,FALSE,FALSE
198,36,545,695,589,545,695,589,545,695,589,150,44,150,44,FALSE,FALSE
198,37,485,663,545,485,663,545,485,663,545,178,60,178,60,FALSE,FALSE
198,38,446,618,497,446,618,497,446,618,497,172,51,172,51,FALSE,FALSE
198,39,421,581,456,421,581,456,421,581,456,160,35,160,35,FALSE,FALSE
198,40,376,535,426,376,535,426,376,535,426,159,50,159,50,FALSE,FALSE
198,41,347,492,400,347,492,400,347,492,400,145,53,145,53,FALSE,FALSE
198,42,313,466,393,313,466,393,313,466,393,153,80,153,80,FALSE,FALSE
198,43,263,405,367,263,405,367,263,405,367,142,104,142,104,FALSE,FALSE
198,44,229,372,336,229,372,336,229,372,336,143,107,143,107,FALSE,FALSE
198,45,200,338,296,200,338,296,200,338,296,138,96,138,96,FALSE,FALSE
198,46,191,300,294,191,300,294,191,300,294,109,103,109,103,FALSE,FALSE
198,47,184,261,273,184,261,273,184,261,273,77,89,77,89,FALSE,FALSE
198,48,159,229,239,159,229,239,159,229,239,70,80,70,80,FALSE,FALSE
198,49,133,202,209,133,202,209,133,202,209,69,76,69,76,FALSE,FALSE
198,50,120,181,189,120,181,189,120,181,189,61,69,61,69,FALSE,FALSE
198,51,111,154,171,111,154,171,111,154,171,43,60,43,60,FALSE,FALSE
198,52,91,140,150,91,140,150,91,140,150,49,59,49,59,FALSE,FALSE
198,53,75,144,135,75,144,135,75,144,135,69,60,69,60,FALSE,FALSE
198,54,70,130,119,70,130,119,70,130,119,60,49,60,49,FALSE,FALSE
198,55,54,112,113,54,112,113,54,112,113,58,59,58,59,FALSE,FALSE
198,56,44,106,106,44,106,106,44,106,106,62,62,62,62,FALSE,FALSE
198,57,39,97,103,39,97,103,39,97,103,58,64,58,64,FALSE,FALSE
198,58,28,84,98,28,84,98,28,84,98,56,70,56,70,FALSE,FALSE
198,59,25,72,94,25,72,94,25,72,94,47,69,47,69,FALSE,FALSE
198,60,23,70,82,23,70,82,23,70,82,47,59,47,59,FALSE,FALSE
199,0,115,115,115,115,115,115,115,115,115,0,0,0,0,TRUE,TRUE
199,1,163,160,169,163,160,169,163,160,169,-3,6,3,6,FALSE,FALSE
199,2,234,228,238,234,228,238,234,228,238,-6,4,6,4,FALSE,FALSE
199,3,313,304,332,313,304,332,313,304,332,-9,19,9,19,FALSE,FALSE
199,4,434,403,454,434,403,454,434,403,454,-31,20,31,20,FALSE,FALSE
199,5,592,512,599,592,512,599,592,512,599,-80,7,80,7,FALSE,FALSE
199,6,755,660,769,755,660,769,755,660,769,-95,14,95,14,FALSE,FALSE
199,7,997,884,952,997,884,952,997,884,952,-113,-45,113,45,FALSE,FALSE
199,8,1211,1083,1145,1211,1083,1145,1211,1083,1145,-128,-66,128,66,FALSE,FALSE
199,9,1460,1326,1365,1460,1326,1365,1460,1326,1365,-134,-95,134,95,FALSE,FALSE
199,10,1674,1571,1514,1674,1571,1514,1674,1571,1514,-103,-160,103,160,FALSE,FALSE
199,11,1768,1786,1616,1768,1786,1616,1768,1786,1616,18,-152,18,152,FALSE,FALSE
199,12,1767,1855,1663,1767,1855,1663,1767,1855,1663,88,-104,88,104,FALSE,FALSE
199,13,1794,1845,1666,1794,1845,1666,1794,1845,1666,51,-128,51,128,FALSE,FALSE
199,14,1713,1765,1653,1713,1765,1653,1713,1765,1653,52,-60,52,60,FALSE,FALSE
199,15,1585,1653,1579,1585,1653,1579,1585,1653,1579,68,-6,68,6,FALSE,FALSE
199,16,1430,1542,1457,1430,1542,1457,1430,1542,1457,112,27,112,27,FALSE,FALSE
199,17,1256,1411,1300,1256,1411,1300,1256,1411,1300,155,44,155,44,FALSE,FALSE
199,18,1100,1237,1120,1100,1237,1120,1100,1237,1120,137,20,137,20,FALSE,FALSE
199,19,944,1044,971,944,1044,971,944,1044,971,100,27,100,27,FALSE,FALSE
199,20,788,895,832,788,895,832,788,895,832,107,44,107,44,FALSE,FALSE
199,21,658,777,700,658,777,700,658,777,700,119,42,119,42,FALSE,FALSE
199,22,546,674,590,546,674,590,546,674,590,128,44,128,44,FALSE,FALSE
199,23,477,584,467,477,584,467,477,584,467,107,-10,107,10,FALSE,FALSE
199,24,408,476,403,408,476,403,408,476,403,68,-5,68,5,FALSE,FALSE
199,25,344,364,321,344,364,321,344,364,321,20,-23,20,23,FALSE,FALSE
199,26,287,306,262,287,306,262,287,306,262,19,-25,19,25,FALSE,FALSE
199,27,240,256,211,240,256,211,240,256,211,16,-29,16,29,FALSE,FALSE
199,28,210,206,170,210,206,170,210,206,170,-4,-40,4,40,FALSE,FALSE
199,29,167,169,140,167,169,140,167,169,140,2,-27,2,27,FALSE,FALSE
199,30,131,142,123,131,142,123,131,142,123,11,-8,11,8,FALSE,FALSE
199,31,105,111,113,105,111,113,105,111,113,6,8,6,8,FALSE,FALSE
199,32,85,88,94,85,88,94,85,88,94,3,9,3,9,FALSE,FALSE
199,33,70,77,75,70,77,75,70,77,75,7,5,7,5,FALSE,FALSE
199,34,58,63,64,58,63,64,58,63,64,5,6,5,6,FALSE,FALSE
199,35,42,53,50,42,53,50,42,53,50,11,8,11,8,FALSE,FALSE
199,36,34,49,42,34,49,42,34,49,42,15,8,15,8,FALSE,FALSE
199,37,24,47,31,24,47,31,24,47,31,23,7,23,7,FALSE,FALSE
199,38,20,37,19,20,37,19,20,37,19,17,-1,17,1,FALSE,FALSE
199,39,16,26,14,16,26,14,16,26,14,10,-2,10,2,FALSE,FALSE
199,40,11,17,10,11,17,10,11,17,10,6,-1,6,1,FALSE,FALSE
199,41,5,13,9,5,13,9,5,13,9,8,4,8,4,FALSE,FALSE
199,42,4,10,8,4,10,8,4,10,8,6,4,6,4,FALSE,FALSE
199,43,4,8,6,4,8,6,4,8,6,4,2,4,2,FALSE,FALSE
199,44,4,6,6,4,6,6,4,6,6,2,2,2,2,FALSE,FALSE
199,45,4,4,6,4,4,6,4,4,6,0,2,0,2,TRUE,FALSE
199,46,3,4,6,3,4,6,3,4,6,1,3,1,3,FALSE,FALSE
199,47,3,4,5,3,4,5,3,4,5,1,2,1,2,FALSE,FALSE
199,48,1,3,6,1,3,6,1,3,6,2,5,2,5,FALSE,FALSE
199,49,1,2,6,1,2,6,1,2,6,1,5,1,5,FALSE,FALSE
199,50,0,1,6,0,1,6,0,1,6,1,6,1,6,FALSE,FALSE
199,51,0,1,5,0,1,5,0,1,5,1,5,1,5,FALSE,FALSE
199,52,0,0,4,0,0,4,0,0,4,0,4,0,4,TRUE,FALSE
199,53,0,0,3,0,0,3,0,0,3,0,3,0,3,TRUE,FALSE
199,54,0,0,3,0,0,3,0,0,3,0,3,0,3,TRUE,FALSE
199,55,0,0,1,0,0,1,0,0,1,0,1,0,1,TRUE,FALSE
199,56,0,0,1,0,0,1,0,0,1,0,1,0,1,TRUE,FALSE
199,57,0,0,1,0,0,1,0,0,1,0,1,0,1,TRUE,FALSE
199,58,0,0,0,0,0,0,0,0,0,0,0,0,0,TRUE,TRUE
199,59,0,0,0,0,0,0,0,0,0,0,0,0,0,TRUE,TRUE
199,60,0,0,0,0,0,0,0,0,0,0,0,0,0,TRUE,TRUE
200,0,155,155,155,155,155,155,155,155,155,0,0,0,0,TRUE,TRUE
200,1,260,273,268,260,273,268,260,273,268,13,8,13,8,FALSE,FALSE
200,2,428,461,469,428,461,469,428,461,469,33,41,33,41,FALSE,FALSE
200,3,742,811,761,742,811,761,742,811,761,69,19,69,19,FALSE,FALSE
200,4,1158,1348,1254,1158,1348,1254,1158,1348,1254,190,96,190,96,FALSE,FALSE
200,5,1784,2025,1914,1784,2025,1914,1784,2025,1914,241,130,241,130,FALSE,FALSE
200,6,2575,2938,2748,2575,2938,2748,2575,2938,2748,363,173,363,173,FALSE,FALSE
200,7,3350,3684,3555,3350,3684,3555,3350,3684,3555,334,205,334,205,FALSE,FALSE
200,8,3911,4109,4188,3911,4109,4188,3911,4109,4188,198,277,198,277,FALSE,FALSE
200,9,4183,4242,4372,4183,4242,4372,4183,4242,4372,59,189,59,189,FALSE,FALSE
200,10,4156,4121,4301,4156,4121,4301,4156,4121,4301,-35,145,35,145,FALSE,FALSE
200,11,3837,3806,3914,3837,3806,3914,3837,3806,3914,-31,77,31,77,FALSE,FALSE
200,12,3472,3476,3489,3472,3476,3489,3472,3476,3489,4,17,4,17,FALSE,FALSE
200,13,2991,3008,2989,2991,3008,2989,2991,3008,2989,17,-2,17,2,FALSE,FALSE
200,14,2591,2594,2563,2591,2594,2563,2591,2594,2563,3,-28,3,28,FALSE,FALSE
200,15,2195,2201,2182,2195,2201,2182,2195,2201,2182,6,-13,6,13,FALSE,FALSE
200,16,1840,1879,1818,1840,1879,1818,1840,1879,1818,39,-22,39,22,FALSE,FALSE
200,17,1537,1556,1511,1537,1556,1511,1537,1556,1511,19,-26,19,26,FALSE,FALSE
200,18,1274,1321,1261,1274,1321,1261,1274,1321,1261,47,-13,47,13,FALSE,FALSE
200,19,1045,1081,1044,1045,1081,1044,1045,1081,1044,36,-1,36,1,FALSE,FALSE
200,20,858,904,876,858,904,876,858,904,876,46,18,46,18,FALSE,FALSE
200,21,717,747,734,717,747,734,717,747,734,30,17,30,17,FALSE,FALSE
200,22,588,601,590,588,601,590,588,601,590,13,2,13,2,FALSE,FALSE
200,23,504,498,489,504,498,489,504,498,489,-6,-15,6,15,FALSE,FALSE
200,24,409,405,397,409,405,397,409,405,397,-4,-12,4,12,FALSE,FALSE
200,25,334,336,325,334,336,325,334,336,325,2,-9,2,9,FALSE,FALSE
200,26,274,285,262,274,285,262,274,285,262,11,-12,11,12,FALSE,FALSE
200,27,229,228,217,229,228,217,229,228,217,-1,-12,1,12,FALSE,FALSE
200,28,193,183,177,193,183,177,193,183,177,-10,-16,10,16,FALSE,FALSE
200,29,164,162,137,164,162,137,164,162,137,-2,-27,2,27,FALSE,FALSE
200,30,134,129,119,134,129,119,134,129,119,-5,-15,5,15,FALSE,FALSE
200,31,99,103,105,99,103,105,99,103,105,4,6,4,6,FALSE,FALSE
200,32,80,81,90,80,81,90,80,81,90,1,10,1,10,FALSE,FALSE
200,33,62,67,74,62,67,74,62,67,74,5,12,5,12,FALSE,FALSE
200,34,49,56,64,49,56,64,49,56,64,7,15,7,15,FALSE,FALSE
200,35,39,47,50,39,47,50,39,47,50,8,11,8,11,FALSE,FALSE
200,36,34,37,39,34,37,39,34,37,39,3,5,3,5,FALSE,FALSE
200,37,32,32,33,32,32,33,32,32,33,0,1,0,1,TRUE,FALSE
200,38,26,25,28,26,25,28,26,25,28,-1,2,1,2,FALSE,FALSE
200,39,21,21,23,21,21,23,21,21,23,0,2,0,2,TRUE,FALSE
200,40,20,16,20,20,16,20,20,16,20,-4,0,4,0,FALSE,TRUE
200,41,14,14,19,14,14,19,14,14,19,0,5,0,5,TRUE,FALSE
200,42,13,10,16,13,10,16,13,10,16,-3,3,3,3,FALSE,FALSE
200,43,10,9,14,10,9,14,10,9,14,-1,4,1,4,FALSE,FALSE
200,44,10,8,12,10,8,12,10,8,12,-2,2,2,2,FALSE,FALSE
200,45,5,7,11,5,7,11,5,7,11,2,6,2,6,FALSE,FALSE
200,46,5,6,9,5,6,9,5,6,9,1,4,1,4,FALSE,FALSE
200,47,5,4,9,5,4,9,5,4,9,-1,4,1,4,FALSE,FALSE
200,48,4,4,9,4,4,9,4,4,9,0,5,0,5,TRUE,FALSE
200,49,2,4,8,2,4,8,2,4,8,2,6,2,6,FALSE,FALSE
200,50,2,4,4,2,4,4,2,4,4,2,2,2,2,FALSE,FALSE
200,51,1,2,2,1,2,2,1,2,2,1,1,1,1,FALSE,FALSE
200,52,1,2,2,1,2,2,1,2,2,1,1,1,1,FALSE,FALSE
200,53,1,1,1,1,1,1,1,1,1,0,0,0,0,TRUE,TRUE
200,54,1,1,1,1,1,1,1,1,1,0,0,0,0,TRUE,TRUE
200,55,1,1,1,1,1,1,1,1,1,0,0,0,0,TRUE,TRUE
200,56,1,1,1,1,1,1,1,1,1,0,0,0,0,TRUE,TRUE
200,57,1,1,1,1,1,1,1,1,1,0,0,0,0,TRUE,TRUE
200,58,1,1,1,1,1,1,1,1,1,0,0,0,0,TRUE,TRUE
200,59,1,1,1,1,1,1,1,1,1,0,0,0,0,TRUE,TRUE
200,60,1,1,1,1,1,1,1,1,1,0,0,0,0,TRUE,TRUE
201,0,90,90,90,90,90,90,90,90,90,0,0,0,0,TRUE,TRUE
201,1,106,115,104,106,115,104,106,115,104,9,-2,9,2,FALSE,FALSE
201,2,119,136,134,119,136,134,119,136,134,17,15,17,15,FALSE,FALSE
201,3,137,160,151,137,160,151,137,160,151,23,14,23,14,FALSE,FALSE
201,4,157,191,166,157,191,166,157,191,166,34,9,34,9,FALSE,FALSE
201,5,182,212,189,182,212,189,182,212,189,30,7,30,7,FALSE,FALSE
201,6,211,252,215,211,252,215,211,252,215,41,4,41,4,FALSE,FALSE
201,7,244,289,240,244,289,240,244,289,240,45,-4,45,4,FALSE,FALSE
201,8,277,322,260,277,322,260,277,322,260,45,-17,45,17,FALSE,FALSE
201,9,329,372,283,329,372,283,329,372,283,43,-46,43,46,FALSE,FALSE
201,10,349,417,305,349,417,305,349,417,305,68,-44,68,44,FALSE,FALSE
201,11,393,448,350,393,448,350,393,448,350,55,-43,55,43,FALSE,FALSE
201,12,446,490,402,446,490,402,446,490,402,44,-44,44,44,FALSE,FALSE
201,13,510,533,453,510,533,453,510,533,453,23,-57,23,57,FALSE,FALSE
201,14,566,586,498,566,586,498,566,586,498,20,-68,20,68,FALSE,FALSE
201,15,630,642,554,630,642,554,630,642,554,12,-76,12,76,FALSE,FALSE
201,16,708,722,619,708,722,619,708,722,619,14,-89,14,89,FALSE,FALSE
201,17,755,794,699,755,794,699,755,794,699,39,-56,39,56,FALSE,FALSE
201,18,815,866,755,815,866,755,815,866,755,51,-60,51,60,FALSE,FALSE
201,19,848,918,814,848,918,814,848,918,814,70,-34,70,34,FALSE,FALSE
201,20,901,996,892,901,996,892,901,996,892,95,-9,95,9,FALSE,FALSE
201,21,936,1063,931,936,1063,931,936,1063,931,127,-5,127,5,FALSE,FALSE
201,22,1026,1112,981,1026,1112,981,1026,1112,981,86,-45,86,45,FALSE,FALSE
201,23,1091,1176,1029,1091,1176,1029,1091,1176,1029,85,-62,85,62,FALSE,FALSE
201,24,1143,1214,1081,1143,1214,1081,1143,1214,1081,71,-62,71,62,FALSE,FALSE
201,25,1171,1222,1125,1171,1222,1125,1171,1222,1125,51,-46,51,46,FALSE,FALSE
201,26,1202,1249,1154,1202,1249,1154,1202,1249,1154,47,-48,47,48,FALSE,FALSE
201,27,1236,1260,1176,1236,1260,1176,1236,1260,1176,24,-60,24,60,FALSE,FALSE
201,28,1229,1254,1176,1229,1254,1176,1229,1254,1176,25,-53,25,53,FALSE,FALSE
201,29,1215,1242,1190,1215,1242,1190,1215,1242,1190,27,-25,27,25,FALSE,FALSE
201,30,1224,1249,1204,1224,1249,1204,1224,1249,1204,25,-20,25,20,FALSE,FALSE
201,31,1218,1212,1196,1218,1212,1196,1218,1212,1196,-6,-22,6,22,FALSE,FALSE
201,32,1190,1166,1181,1190,1166,1181,1190,1166,1181,-24,-9,24,9,FALSE,FALSE
201,33,1192,1130,1162,1192,1130,1162,1192,1130,1162,-62,-30,62,30,FALSE,FALSE
201,34,1160,1102,1124,1160,1102,1124,1160,1102,1124,-58,-36,58,36,FALSE,FALSE
201,35,1141,1080,1115,1141,1080,1115,1141,1080,1115,-61,-26,61,26,FALSE,FALSE
201,36,1089,1032,1065,1089,1032,1065,1089,1032,1065,-57,-24,57,24,FALSE,FALSE
201,37,1056,986,1014,1056,986,1014,1056,986,1014,-70,-42,70,42,FALSE,FALSE
201,38,1024,941,963,1024,941,963,1024,941,963,-83,-61,83,61,FALSE,FALSE
201,39,979,896,919,979,896,919,979,896,919,-83,-60,83,60,FALSE,FALSE
201,40,955,864,894,955,864,894,955,864,894,-91,-61,91,61,FALSE,FALSE
201,41,931,811,842,931,811,842,931,811,842,-120,-89,120,89,FALSE,FALSE
201,42,914,770,804,914,770,804,914,770,804,-144,-110,144,110,FALSE,FALSE
201,43,854,728,773,854,728,773,854,728,773,-126,-81,126,81,FALSE,FALSE
201,44,814,689,722,814,689,722,814,689,722,-125,-92,125,92,FALSE,FALSE
201,45,772,644,680,772,644,680,772,644,680,-128,-92,128,92,FALSE,FALSE
201,46,731,619,651,731,619,651,731,619,651,-112,-80,112,80,FALSE,FALSE
201,47,703,591,610,703,591,610,703,591,610,-112,-93,112,93,FALSE,FALSE
201,48,644,547,568,644,547,568,644,547,568,-97,-76,97,76,FALSE,FALSE
201,49,601,518,537,601,518,537,601,518,537,-83,-64,83,64,FALSE,FALSE
201,50,571,477,499,571,477,499,571,477,499,-94,-72,94,72,FALSE,FALSE
201,51,545,453,461,545,453,461,545,453,461,-92,-84,92,84,FALSE,FALSE
201,52,507,413,418,507,413,418,507,413,418,-94,-89,94,89,FALSE,FALSE
201,53,468,384,398,468,384,398,468,384,398,-84,-70,84,70,FALSE,FALSE
201,54,435,350,364,435,350,364,435,350,364,-85,-71,85,71,FALSE,FALSE
201,55,400,324,330,400,324,330,400,324,330,-76,-70,76,70,FALSE,FALSE
201,56,376,299,309,376,299,309,376,299,309,-77,-67,77,67,FALSE,FALSE
201,57,335,272,286,335,272,286,335,272,286,-63,-49,63,49,FALSE,FALSE
201,58,308,258,258,308,258,258,308,258,258,-50,-50,50,50,FALSE,FALSE
201,59,285,239,237,285,239,237,285,239,237,-46,-48,46,48,FALSE,FALSE
201,60,258,225,225,258,225,225,258,225,225,-33,-33,33,33,FALSE,FALSE
202,0,158,158,158,158,158,158,158,158,158,0,0,0,0,TRUE,TRUE
202,1,225,225,225,225,225,225,225,225,225,0,0,0,0,TRUE,TRUE
202,2,296,332,305,296,332,305,296,332,305,36,9,36,9,FALSE,FALSE
202,3,392,456,426,392,456,426,392,456,426,64,34,64,34,FALSE,FALSE
202,4,544,628,591,544,628,591,544,628,591,84,47,84,47,FALSE,FALSE
202,5,730,861,824,730,861,824,730,861,824,131,94,131,94,FALSE,FALSE
202,6,953,1180,1101,953,1180,1101,953,1180,1101,227,148,227,148,FALSE,FALSE
202,7,1209,1455,1454,1209,1455,1454,1209,1455,1454,246,245,246,245,FALSE,FALSE
202,8,1548,1793,1855,1548,1793,1855,1548,1793,1855,245,307,245,307,FALSE,FALSE
202,9,1890,2173,2164,1890,2173,2164,1890,2173,2164,283,274,283,274,FALSE,FALSE
202,10,2159,2487,2562,2159,2487,2562,2159,2487,2562,328,403,328,403,FALSE,FALSE
202,11,2492,2664,2813,2492,2664,2813,2492,2664,2813,172,321,172,321,FALSE,FALSE
202,12,2733,2806,2950,2733,2806,2950,2733,2806,2950,73,217,73,217,FALSE,FALSE
202,13,2821,2775,2998,2821,2775,2998,2821,2775,2998,-46,177,46,177,FALSE,FALSE
202,14,2808,2668,2843,2808,2668,2843,2808,2668,2843,-140,35,140,35,FALSE,FALSE
202,15,2709,2500,2687,2709,2500,2687,2709,2500,2687,-209,-22,209,22,FALSE,FALSE
202,16,2521,2326,2485,2521,2326,2485,2521,2326,2485,-195,-36,195,36,FALSE,FALSE
202,17,2324,2104,2203,2324,2104,2203,2324,2104,2203,-220,-121,220,121,FALSE,FALSE
202,18,2102,1845,1909,2102,1845,1909,2102,1845,1909,-257,-193,257,193,FALSE,FALSE
202,19,1871,1659,1711,1871,1659,1711,1871,1659,1711,-212,-160,212,160,FALSE,FALSE
202,20,1654,1422,1467,1654,1422,1467,1654,1422,1467,-232,-187,232,187,FALSE,FALSE
202,21,1461,1226,1250,1461,1226,1250,1461,1226,1250,-235,-211,235,211,FALSE,FALSE
202,22,1263,1063,1080,1263,1063,1080,1263,1063,1080,-200,-183,200,183,FALSE,FALSE
202,23,1080,908,921,1080,908,921,1080,908,921,-172,-159,172,159,FALSE,FALSE
202,24,903,799,774,903,799,774,903,799,774,-104,-129,104,129,FALSE,FALSE
202,25,753,684,668,753,684,668,753,684,668,-69,-85,69,85,FALSE,FALSE
202,26,641,580,559,641,580,559,641,580,559,-61,-82,61,82,FALSE,FALSE
202,27,552,495,442,552,495,442,552,495,442,-57,-110,57,110,FALSE,FALSE
202,28,470,422,369,470,422,369,470,422,369,-48,-101,48,101,FALSE,FALSE
202,29,384,351,306,384,351,306,384,351,306,-33,-78,33,78,FALSE,FALSE
202,30,333,286,267,333,286,267,333,286,267,-47,-66,47,66,FALSE,FALSE
202,31,276,240,236,276,240,236,276,240,236,-36,-40,36,40,FALSE,FALSE
202,32,238,191,184,238,191,184,238,191,184,-47,-54,47,54,FALSE,FALSE
202,33,203,150,159,203,150,159,203,150,159,-53,-44,53,44,FALSE,FALSE
202,34,169,114,135,169,114,135,169,114,135,-55,-34,55,34,FALSE,FALSE
202,35,138,90,113,138,90,113,138,90,113,-48,-25,48,25,FALSE,FALSE
202,36,121,72,93,121,72,93,121,72,93,-49,-28,49,28,FALSE,FALSE
202,37,101,58,75,101,58,75,101,58,75,-43,-26,43,26,FALSE,FALSE
202,38,76,48,64,76,48,64,76,48,64,-28,-12,28,12,FALSE,FALSE
202,39,62,42,49,62,42,49,62,42,49,-20,-13,20,13,FALSE,FALSE
202,40,44,35,42,44,35,42,44,35,42,-9,-2,9,2,FALSE,FALSE
202,41,36,28,37,36,28,37,36,28,37,-8,1,8,1,FALSE,FALSE
202,42,29,23,30,29,23,30,29,23,30,-6,1,6,1,FALSE,FALSE
202,43,24,19,25,24,19,25,24,19,25,-5,1,5,1,FALSE,FALSE
202,44,21,17,22,21,17,22,21,17,22,-4,1,4,1,FALSE,FALSE
202,45,16,16,18,16,16,18,16,16,18,0,2,0,2,TRUE,FALSE
202,46,12,15,16,12,15,16,12,15,16,3,4,3,4,FALSE,FALSE
202,47,13,13,14,13,13,14,13,13,14,0,1,0,1,TRUE,FALSE
202,48,10,11,9,10,11,9,10,11,9,1,-1,1,1,FALSE,FALSE
202,49,9,7,6,9,7,6,9,7,6,-2,-3,2,3,FALSE,FALSE
202,50,8,7,6,8,7,6,8,7,6,-1,-2,1,2,FALSE,FALSE
202,51,6,6,8,6,6,8,6,6,8,0,2,0,2,TRUE,FALSE
202,52,6,5,6,6,5,6,6,5,6,-1,0,1,0,FALSE,TRUE
202,53,6,2,2,6,2,2,6,2,2,-4,-4,4,4,FALSE,FALSE
202,54,1,1,2,1,1,2,1,1,2,0,1,0,1,TRUE,FALSE
202,55,1,1,1,1,1,1,1,1,1,0,0,0,0,TRUE,TRUE
202,56,0,1,1,0,1,1,0,1,1,1,1,1,1,FALSE,FALSE
202,57,0,1,1,0,1,1,0,1,1,1,1,1,1,FALSE,FALSE
202,58,0,1,0,0,1,0,0,1,0,1,0,1,0,FALSE,TRUE
202,59,0,1,0,0,1,0,0,1,0,1,0,1,0,FALSE,TRUE
202,60,0,1,0,0,1,0,0,1,0,1,0,1,0,FALSE,TRUE
203,0,66,66,66,66,66,66,66,66,66,0,0,0,0,TRUE,TRUE
203,1,74,75,74,74,75,74,74,75,74,1,0,1,0,FALSE,TRUE
203,2,80,76,81,80,76,81,80,76,81,-4,1,4,1,FALSE,FALSE
203,3,84,86,89,84,86,89,84,86,89,2,5,2,5,FALSE,FALSE
203,4,89,92,93,89,92,93,89,92,93,3,4,3,4,FALSE,FALSE
203,5,100,94,106,100,94,106,100,94,106,-6,6,6,6,FALSE,FALSE
203,6,119,100,115,119,100,115,119,100,115,-19,-4,19,4,FALSE,FALSE
203,7,123,109,117,123,109,117,123,109,117,-14,-6,14,6,FALSE,FALSE
203,8,133,116,127,133,116,127,133,116,127,-17,-6,17,6,FALSE,FALSE
203,9,144,114,138,144,114,138,144,114,138,-30,-6,30,6,FALSE,FALSE
203,10,161,127,146,161,127,146,161,127,146,-34,-15,34,15,FALSE,FALSE
203,11,169,133,158,169,133,158,169,133,158,-36,-11,36,11,FALSE,FALSE
203,12,185,141,166,185,141,166,185,141,166,-44,-19,44,19,FALSE,FALSE
203,13,193,153,173,193,153,173,193,153,173,-40,-20,40,20,FALSE,FALSE
203,14,206,171,186,206,171,186,206,171,186,-35,-20,35,20,FALSE,FALSE
203,15,224,187,212,224,187,212,224,187,212,-37,-12,37,12,FALSE,FALSE
203,16,255,216,237,255,216,237,255,216,237,-39,-18,39,18,FALSE,FALSE
203,17,279,234,246,279,234,246,279,234,246,-45,-33,45,33,FALSE,FALSE
203,18,307,252,267,307,252,267,307,252,267,-55,-40,55,40,FALSE,FALSE
203,19,335,263,275,335,263,275,335,263,275,-72,-60,72,60,FALSE,FALSE
203,20,348,286,306,348,286,306,348,286,306,-62,-42,62,42,FALSE,FALSE
203,21,376,305,316,376,305,316,376,305,316,-71,-60,71,60,FALSE,FALSE
203,22,412,335,340,412,335,340,412,335,340,-77,-72,77,72,FALSE,FALSE
203,23,441,364,376,441,364,376,441,364,376,-77,-65,77,65,FALSE,FALSE
203,24,474,393,404,474,393,404,474,393,404,-81,-70,81,70,FALSE,FALSE
203,25,511,412,425,511,412,425,511,412,425,-99,-86,99,86,FALSE,FALSE
203,26,543,443,471,543,443,471,543,443,471,-100,-72,100,72,FALSE,FALSE
203,27,585,490,496,585,490,496,585,490,496,-95,-89,95,89,FALSE,FALSE
203,28,619,530,534,619,530,534,619,530,534,-89,-85,89,85,FALSE,FALSE
203,29,630,561,567,630,561,567,630,561,567,-69,-63,69,63,FALSE,FALSE
203,30,668,595,596,668,595,596,668,595,596,-73,-72,73,72,FALSE,FALSE
203,31,708,639,613,708,639,613,708,639,613,-69,-95,69,95,FALSE,FALSE
203,32,721,666,641,721,666,641,721,666,641,-55,-80,55,80,FALSE,FALSE
203,33,772,695,661,772,695,661,772,695,661,-77,-111,77,111,FALSE,FALSE
203,34,826,713,691,826,713,691,826,713,691,-113,-135,113,135,FALSE,FALSE
203,35,870,760,713,870,760,713,870,760,713,-110,-157,110,157,FALSE,FALSE
203,36,888,792,746,888,792,746,888,792,746,-96,-142,96,142,FALSE,FALSE
203,37,934,846,766,934,846,766,934,846,766,-88,-168,88,168,FALSE,FALSE
203,38,973,895,805,973,895,805,973,895,805,-78,-168,78,168,FALSE,FALSE
203,39,1025,952,816,1025,952,816,1025,952,816,-73,-209,73,209,FALSE,FALSE
203,40,1067,1004,873,1067,1004,873,1067,1004,873,-63,-194,63,194,FALSE,FALSE
203,41,1096,1042,898,1096,1042,898,1096,1042,898,-54,-198,54,198,FALSE,FALSE
203,42,1126,1085,933,1126,1085,933,1126,1085,933,-41,-193,41,193,FALSE,FALSE
203,43,1185,1104,963,1185,1104,963,1185,1104,963,-81,-222,81,222,FALSE,FALSE
203,44,1204,1150,991,1204,1150,991,1204,1150,991,-54,-213,54,213,FALSE,FALSE
203,45,1248,1179,1030,1248,1179,1030,1248,1179,1030,-69,-218,69,218,FALSE,FALSE
203,46,1245,1204,1057,1245,1204,1057,1245,1204,1057,-41,-188,41,188,FALSE,FALSE
203,47,1254,1237,1088,1254,1237,1088,1254,1237,1088,-17,-166,17,166,FALSE,FALSE
203,48,1278,1269,1121,1278,1269,1121,1278,1269,1121,-9,-157,9,157,FALSE,FALSE
203,49,1299,1279,1132,1299,1279,1132,1299,1279,1132,-20,-167,20,167,FALSE,FALSE
203,50,1310,1313,1139,1310,1313,1139,1310,1313,1139,3,-171,3,171,FALSE,FALSE
203,51,1324,1348,1146,1324,1348,1146,1324,1348,1146,24,-178,24,178,FALSE,FALSE
203,52,1327,1358,1151,1327,1358,1151,1327,1358,1151,31,-176,31,176,FALSE,FALSE
203,53,1336,1377,1160,1336,1377,1160,1336,1377,1160,41,-176,41,176,FALSE,FALSE
203,54,1337,1392,1157,1337,1392,1157,1337,1392,1157,55,-180,55,180,FALSE,FALSE
203,55,1326,1405,1202,1326,1405,1202,1326,1405,1202,79,-124,79,124,FALSE,FALSE
203,56,1293,1406,1176,1293,1406,1176,1293,1406,1176,113,-117,113,117,FALSE,FALSE
203,57,1281,1427,1179,1281,1427,1179,1281,1427,1179,146,-102,146,102,FALSE,FALSE
203,58,1258,1401,1171,1258,1401,1171,1258,1401,1171,143,-87,143,87,FALSE,FALSE
203,59,1253,1404,1176,1253,1404,1176,1253,1404,1176,151,-77,151,77,FALSE,FALSE
203,60,1236,1376,1158,1236,1376,1158,1236,1376,1158,140,-78,140,78,FALSE,FALSE
204,0,120,120,120,120,120,120,120,120,120,0,0,0,0,TRUE,TRUE
204,1,144,135,158,144,135,158,144,135,158,-9,14,9,14,FALSE,FALSE
204,2,168,158,175,168,158,175,168,158,175,-10,7,10,7,FALSE,FALSE
204,3,187,174,192,187,174,192,187,174,192,-13,5,13,5,FALSE,FALSE
204,4,216,207,219,216,207,219,216,207,219,-9,3,9,3,FALSE,FALSE
204,5,258,243,241,258,243,241,258,243,241,-15,-17,15,17,FALSE,FALSE
204,6,292,271,274,292,271,274,292,271,274,-21,-18,21,18,FALSE,FALSE
204,7,321,330,335,321,330,335,321,330,335,9,14,9,14,FALSE,FALSE
204,8,364,384,389,364,384,389,364,384,389,20,25,20,25,FALSE,FALSE
204,9,412,426,443,412,426,443,412,426,443,14,31,14,31,FALSE,FALSE
204,10,458,487,512,458,487,512,458,487,512,29,54,29,54,FALSE,FALSE
204,11,492,550,586,492,550,586,492,550,586,58,94,58,94,FALSE,FALSE
204,12,540,595,631,540,595,631,540,595,631,55,91,55,91,FALSE,FALSE
204,13,593,675,707,593,675,707,593,675,707,82,114,82,114,FALSE,FALSE
204,14,634,755,751,634,755,751,634,755,751,121,117,121,117,FALSE,FALSE
204,15,695,830,830,695,830,830,695,830,830,135,135,135,135,FALSE,FALSE
204,16,749,872,908,749,872,908,749,872,908,123,159,123,159,FALSE,FALSE
204,17,832,921,967,832,921,967,832,921,967,89,135,89,135,FALSE,FALSE
204,18,884,958,997,884,958,997,884,958,997,74,113,74,113,FALSE,FALSE
204,19,939,1005,1038,939,1005,1038,939,1005,1038,66,99,66,99,FALSE,FALSE
204,20,1001,1047,1092,1001,1047,1092,1001,1047,1092,46,91,46,91,FALSE,FALSE
204,21,1050,1058,1125,1050,1058,1125,1050,1058,1125,8,75,8,75,FALSE,FALSE
204,22,1083,1076,1163,1083,1076,1163,1083,1076,1163,-7,80,7,80,FALSE,FALSE
204,23,1102,1098,1148,1102,1098,1148,1102,1098,1148,-4,46,4,46,FALSE,FALSE
204,24,1099,1108,1130,1099,1108,1130,1099,1108,1130,9,31,9,31,FALSE,FALSE
204,25,1103,1131,1138,1103,1131,1138,1103,1131,1138,28,35,28,35,FALSE,FALSE
204,26,1131,1146,1135,1131,1146,1135,1131,1146,1135,15,4,15,4,FALSE,FALSE
204,27,1122,1118,1130,1122,1118,1130,1122,1118,1130,-4,8,4,8,FALSE,FALSE
204,28,1096,1094,1113,1096,1094,1113,1096,1094,1113,-2,17,2,17,FALSE,FALSE
204,29,1062,1049,1098,1062,1049,1098,1062,1049,1098,-13,36,13,36,FALSE,FALSE
204,30,1039,998,1047,1039,998,1047,1039,998,1047,-41,8,41,8,FALSE,FALSE
204,31,995,937,994,995,937,994,995,937,994,-58,-1,58,1,FALSE,FALSE
204,32,945,906,968,945,906,968,945,906,968,-39,23,39,23,FALSE,FALSE
204,33,906,870,901,906,870,901,906,870,901,-36,-5,36,5,FALSE,FALSE
204,34,855,819,831,855,819,831,855,819,831,-36,-24,36,24,FALSE,FALSE
204,35,799,767,747,799,767,747,799,767,747,-32,-52,32,52,FALSE,FALSE
204,36,741,717,683,741,717,683,741,717,683,-24,-58,24,58,FALSE,FALSE
204,37,670,672,636,670,672,636,670,672,636,2,-34,2,34,FALSE,FALSE
204,38,621,645,566,621,645,566,621,645,566,24,-55,24,55,FALSE,FALSE
204,39,571,574,522,571,574,522,571,574,522,3,-49,3,49,FALSE,FALSE
204,40,526,532,485,526,532,485,526,532,485,6,-41,6,41,FALSE,FALSE
204,41,483,494,425,483,494,425,483,494,425,11,-58,11,58,FALSE,FALSE
204,42,436,459,393,436,459,393,436,459,393,23,-43,23,43,FALSE,FALSE
204,43,389,425,359,389,425,359,389,425,359,36,-30,36,30,FALSE,FALSE
204,44,369,398,324,369,398,324,369,398,324,29,-45,29,45,FALSE,FALSE
204,45,346,350,278,346,350,278,346,350,278,4,-68,4,68,FALSE,FALSE
204,46,332,316,263,332,316,263,332,316,263,-16,-69,16,69,FALSE,FALSE
204,47,309,290,240,309,290,240,309,290,240,-19,-69,19,69,FALSE,FALSE
204,48,279,265,212,279,265,212,279,265,212,-14,-67,14,67,FALSE,FALSE
204,49,257,244,205,257,244,205,257,244,205,-13,-52,13,52,FALSE,FALSE
204,50,242,224,185,242,224,185,242,224,185,-18,-57,18,57,FALSE,FALSE
204,51,212,206,165,212,206,165,212,206,165,-6,-47,6,47,FALSE,FALSE
204,52,178,181,146,178,181,146,178,181,146,3,-32,3,32,FALSE,FALSE
204,53,155,161,129,155,161,129,155,161,129,6,-26,6,26,FALSE,FALSE
204,54,137,145,116,137,145,116,137,145,116,8,-21,8,21,FALSE,FALSE
204,55,121,122,112,121,122,112,121,122,112,1,-9,1,9,FALSE,FALSE
204,56,113,113,96,113,113,96,113,113,96,0,-17,0,17,TRUE,FALSE
204,57,107,101,83,107,101,83,107,101,83,-6,-24,6,24,FALSE,FALSE
204,58,101,87,82,101,87,82,101,87,82,-14,-19,14,19,FALSE,FALSE
204,59,96,79,73,96,79,73,96,79,73,-17,-23,17,23,FALSE,FALSE
204,60,85,68,71,85,68,71,85,68,71,-17,-14,17,14,FALSE,FALSE
205,0,74,74,74,74,74,74,74,74,74,0,0,0,0,TRUE,TRUE
205,1,80,82,73,80,82,73,80,82,73,2,-7,2,7,FALSE,FALSE
205,2,78,85,71,78,85,71,78,85,71,7,-7,7,7,FALSE,FALSE
205,3,79,92,72,79,92,72,79,92,72,13,-7,13,7,FALSE,FALSE
205,4,78,99,70,78,99,70,78,99,70,21,-8,21,8,FALSE,FALSE
205,5,81,103,75,81,103,75,81,103,75,22,-6,22,6,FALSE,FALSE
205,6,87,105,75,87,105,75,87,105,75,18,-12,18,12,FALSE,FALSE
205,7,84,113,75,84,113,75,84,113,75,29,-9,29,9,FALSE,FALSE
205,8,87,120,77,87,120,77,87,120,77,33,-10,33,10,FALSE,FALSE
205,9,90,117,79,90,117,79,90,117,79,27,-11,27,11,FALSE,FALSE
205,10,95,123,92,95,123,92,95,123,92,28,-3,28,3,FALSE,FALSE
205,11,91,121,95,91,121,95,91,121,95,30,4,30,4,FALSE,FALSE
205,12,88,126,94,88,126,94,88,126,94,38,6,38,6,FALSE,FALSE
205,13,93,121,103,93,121,103,93,121,103,28,10,28,10,FALSE,FALSE
205,14,90,125,100,90,125,100,90,125,100,35,10,35,10,FALSE,FALSE
205,15,93,126,107,93,126,107,93,126,107,33,14,33,14,FALSE,FALSE
205,16,95,124,105,95,124,105,95,124,105,29,10,29,10,FALSE,FALSE
205,17,100,109,104,100,109,104,100,109,104,9,4,9,4,FALSE,FALSE
205,18,106,115,108,106,115,108,106,115,108,9,2,9,2,FALSE,FALSE
205,19,110,119,108,110,119,108,110,119,108,9,-2,9,2,FALSE,FALSE
205,20,111,117,107,111,117,107,111,117,107,6,-4,6,4,FALSE,FALSE
205,21,115,118,106,115,118,106,115,118,106,3,-9,3,9,FALSE,FALSE
205,22,115,106,111,115,106,111,115,106,111,-9,-4,9,4,FALSE,FALSE
205,23,115,107,116,115,107,116,115,107,116,-8,1,8,1,FALSE,FALSE
205,24,120,108,122,120,108,122,120,108,122,-12,2,12,2,FALSE,FALSE
205,25,122,110,122,122,110,122,122,110,122,-12,0,12,0,FALSE,TRUE
205,26,136,111,121,136,111,121,136,111,121,-25,-15,25,15,FALSE,FALSE
205,27,131,113,123,131,113,123,131,113,123,-18,-8,18,8,FALSE,FALSE
205,28,132,115,124,132,115,124,132,115,124,-17,-8,17,8,FALSE,FALSE
205,29,136,115,128,136,115,128,136,115,128,-21,-8,21,8,FALSE,FALSE
205,30,139,118,137,139,118,137,139,118,137,-21,-2,21,2,FALSE,FALSE
205,31,146,120,145,146,120,145,146,120,145,-26,-1,26,1,FALSE,FALSE
205,32,149,118,153,149,118,153,149,118,153,-31,4,31,4,FALSE,FALSE
205,33,155,124,149,155,124,149,155,124,149,-31,-6,31,6,FALSE,FALSE
205,34,159,123,160,159,123,160,159,123,160,-36,1,36,1,FALSE,FALSE
205,35,166,123,166,166,123,166,166,123,166,-43,0,43,0,FALSE,TRUE
205,36,172,124,163,172,124,163,172,124,163,-48,-9,48,9,FALSE,FALSE
205,37,173,123,164,173,123,164,173,123,164,-50,-9,50,9,FALSE,FALSE
205,38,184,120,165,184,120,165,184,120,165,-64,-19,64,19,FALSE,FALSE
205,39,183,117,172,183,117,172,183,117,172,-66,-11,66,11,FALSE,FALSE
205,40,184,124,169,184,124,169,184,124,169,-60,-15,60,15,FALSE,FALSE
205,41,195,119,176,195,119,176,195,119,176,-76,-19,76,19,FALSE,FALSE
205,42,202,119,169,202,119,169,202,119,169,-83,-33,83,33,FALSE,FALSE
205,43,198,123,171,198,123,171,198,123,171,-75,-27,75,27,FALSE,FALSE
205,44,201,111,172,201,111,172,201,111,172,-90,-29,90,29,FALSE,FALSE
205,45,206,112,174,206,112,174,206,112,174,-94,-32,94,32,FALSE,FALSE
205,46,221,113,177,221,113,177,221,113,177,-108,-44,108,44,FALSE,FALSE
205,47,217,121,193,217,121,193,217,121,193,-96,-24,96,24,FALSE,FALSE
205,48,221,106,201,221,106,201,221,106,201,-115,-20,115,20,FALSE,FALSE
205,49,219,103,218,219,103,218,219,103,218,-116,-1,116,1,FALSE,FALSE
205,50,230,105,219,230,105,219,230,105,219,-125,-11,125,11,FALSE,FALSE
205,51,226,99,213,226,99,213,226,99,213,-127,-13,127,13,FALSE,FALSE
205,52,228,94,215,228,94,215,228,94,215,-134,-13,134,13,FALSE,FALSE
205,53,232,92,212,232,92,212,232,92,212,-140,-20,140,20,FALSE,FALSE
205,54,232,96,217,232,96,217,232,96,217,-136,-15,136,15,FALSE,FALSE
205,55,237,100,220,237,100,220,237,100,220,-137,-17,137,17,FALSE,FALSE
205,56,230,94,222,230,94,222,230,94,222,-136,-8,136,8,FALSE,FALSE
205,57,227,89,228,227,89,228,227,89,228,-138,1,138,1,FALSE,FALSE
205,58,216,89,252,216,89,252,216,89,252,-127,36,127,36,FALSE,FALSE
205,59,225,87,250,225,87,250,225,87,250,-138,25,138,25,FALSE,FALSE
205,60,222,89,257,222,89,257,222,89,257,-133,35,133,35,FALSE,FALSE
206,0,65,65,65,65,65,65,65,65,65,0,0,0,0,TRUE,TRUE
206,1,89,87,82,89,87,82,89,87,82,-2,-7,2,7,FALSE,FALSE
206,2,117,117,109,117,117,109,117,117,109,0,-8,0,8,TRUE,FALSE
206,3,155,152,157,155,152,157,155,152,157,-3,2,3,2,FALSE,FALSE
206,4,218,185,201,218,185,201,218,185,201,-33,-17,33,17,FALSE,FALSE
206,5,301,259,267,301,259,267,301,259,267,-42,-34,42,34,FALSE,FALSE
206,6,396,355,349,396,355,349,396,355,349,-41,-47,41,47,FALSE,FALSE
206,7,487,469,456,487,469,456,487,469,456,-18,-31,18,31,FALSE,FALSE
206,8,630,627,551,630,627,551,630,627,551,-3,-79,3,79,FALSE,FALSE
206,9,806,802,701,806,802,701,806,802,701,-4,-105,4,105,FALSE,FALSE
206,10,1005,1014,852,1005,1014,852,1005,1014,852,9,-153,9,153,FALSE,FALSE
206,11,1236,1240,1087,1236,1240,1087,1236,1240,1087,4,-149,4,149,FALSE,FALSE
206,12,1476,1544,1324,1476,1544,1324,1476,1544,1324,68,-152,68,152,FALSE,FALSE
206,13,1708,1823,1596,1708,1823,1596,1708,1823,1596,115,-112,115,112,FALSE,FALSE
206,14,1969,2068,1861,1969,2068,1861,1969,2068,1861,99,-108,99,108,FALSE,FALSE
206,15,2198,2285,2084,2198,2285,2084,2198,2285,2084,87,-114,87,114,FALSE,FALSE
206,16,2386,2470,2293,2386,2470,2293,2386,2470,2293,84,-93,84,93,FALSE,FALSE
206,17,2541,2586,2440,2541,2586,2440,2541,2586,2440,45,-101,45,101,FALSE,FALSE
206,18,2607,2621,2534,2607,2621,2534,2607,2621,2534,14,-73,14,73,FALSE,FALSE
206,19,2625,2600,2605,2625,2600,2605,2625,2600,2605,-25,-20,25,20,FALSE,FALSE
206,20,2565,2539,2609,2565,2539,2609,2565,2539,2609,-26,44,26,44,FALSE,FALSE
206,21,2486,2459,2554,2486,2459,2554,2486,2459,2554,-27,68,27,68,FALSE,FALSE
206,22,2416,2342,2488,2416,2342,2488,2416,2342,2488,-74,72,74,72,FALSE,FALSE
206,23,2321,2218,2381,2321,2218,2381,2321,2218,2381,-103,60,103,60,FALSE,FALSE
206,24,2221,2101,2247,2221,2101,2247,2221,2101,2247,-120,26,120,26,FALSE,FALSE
206,25,2101,1948,2137,2101,1948,2137,2101,1948,2137,-153,36,153,36,FALSE,FALSE
206,26,1991,1785,2003,1991,1785,2003,1991,1785,2003,-206,12,206,12,FALSE,FALSE
206,27,1854,1665,1882,1854,1665,1882,1854,1665,1882,-189,28,189,28,FALSE,FALSE
206,28,1721,1552,1754,1721,1552,1754,1721,1552,1754,-169,33,169,33,FALSE,FALSE
206,29,1612,1423,1619,1612,1423,1619,1612,1423,1619,-189,7,189,7,FALSE,FALSE
206,30,1480,1299,1512,1480,1299,1512,1480,1299,1512,-181,32,181,32,FALSE,FALSE
206,31,1367,1181,1388,1367,1181,1388,1367,1181,1388,-186,21,186,21,FALSE,FALSE
206,32,1239,1070,1285,1239,1070,1285,1239,1070,1285,-169,46,169,46,FALSE,FALSE
206,33,1152,973,1173,1152,973,1173,1152,973,1173,-179,21,179,21,FALSE,FALSE
206,34,1056,905,1065,1056,905,1065,1056,905,1065,-151,9,151,9,FALSE,FALSE
206,35,984,813,982,984,813,982,984,813,982,-171,-2,171,2,FALSE,FALSE
206,36,914,746,901,914,746,901,914,746,901,-168,-13,168,13,FALSE,FALSE
206,37,834,672,832,834,672,832,834,672,832,-162,-2,162,2,FALSE,FALSE
206,38,776,613,763,776,613,763,776,613,763,-163,-13,163,13,FALSE,FALSE
206,39,707,574,684,707,574,684,707,574,684,-133,-23,133,23,FALSE,FALSE
206,40,650,526,610,650,526,610,650,526,610,-124,-40,124,40,FALSE,FALSE
206,41,597,480,562,597,480,562,597,480,562,-117,-35,117,35,FALSE,FALSE
206,42,540,421,511,540,421,511,540,421,511,-119,-29,119,29,FALSE,FALSE
206,43,484,387,470,484,387,470,484,387,470,-97,-14,97,14,FALSE,FALSE
206,44,436,355,442,436,355,442,436,355,442,-81,6,81,6,FALSE,FALSE
206,45,391,317,399,391,317,399,391,317,399,-74,8,74,8,FALSE,FALSE
206,46,357,291,352,357,291,352,357,291,352,-66,-5,66,5,FALSE,FALSE
206,47,331,258,297,331,258,297,331,258,297,-73,-34,73,34,FALSE,FALSE
206,48,304,238,269,304,238,269,304,238,269,-66,-35,66,35,FALSE,FALSE
206,49,283,209,240,283,209,240,283,209,240,-74,-43,74,43,FALSE,FALSE
206,50,255,194,224,255,194,224,255,194,224,-61,-31,61,31,FALSE,FALSE
206,51,232,174,200,232,174,200,232,174,200,-58,-32,58,32,FALSE,FALSE
206,52,214,149,190,214,149,190,214,149,190,-65,-24,65,24,FALSE,FALSE
206,53,192,140,170,192,140,170,192,140,170,-52,-22,52,22,FALSE,FALSE
206,54,174,124,157,174,124,157,174,124,157,-50,-17,50,17,FALSE,FALSE
206,55,164,119,143,164,119,143,164,119,143,-45,-21,45,21,FALSE,FALSE
206,56,149,107,132,149,107,132,149,107,132,-42,-17,42,17,FALSE,FALSE
206,57,139,101,121,139,101,121,139,101,121,-38,-18,38,18,FALSE,FALSE
206,58,128,89,106,128,89,106,128,89,106,-39,-22,39,22,FALSE,FALSE
206,59,113,79,100,113,79,100,113,79,100,-34,-13,34,13,FALSE,FALSE
206,60,95,75,95,95,75,95,95,75,95,-20,0,20,0,FALSE,TRUE
207,0,46,46,46,46,46,46,46,46,46,0,0,0,0,TRUE,TRUE
207,1,51,48,46,51,48,46,51,48,46,-3,-5,3,5,FALSE,FALSE
207,2,50,54,48,50,54,48,50,54,48,4,-2,4,2,FALSE,FALSE
207,3,54,66,48,54,66,48,54,66,48,12,-6,12,6,FALSE,FALSE
207,4,56,66,47,56,66,47,56,66,47,10,-9,10,9,FALSE,FALSE
207,5,54,72,52,54,72,52,54,72,52,18,-2,18,2,FALSE,FALSE
207,6,55,81,58,55,81,58,55,81,58,26,3,26,3,FALSE,FALSE
207,7,53,84,61,53,84,61,53,84,61,31,8,31,8,FALSE,FALSE
207,8,62,91,65,62,91,65,62,91,65,29,3,29,3,FALSE,FALSE
207,9,62,92,70,62,92,70,62,92,70,30,8,30,8,FALSE,FALSE
207,10,67,101,70,67,101,70,67,101,70,34,3,34,3,FALSE,FALSE
207,11,68,98,78,68,98,78,68,98,78,30,10,30,10,FALSE,FALSE
207,12,65,106,84,65,106,84,65,106,84,41,19,41,19,FALSE,FALSE
207,13,62,107,84,62,107,84,62,107,84,45,22,45,22,FALSE,FALSE
207,14,63,115,82,63,115,82,63,115,82,52,19,52,19,FALSE,FALSE
207,15,64,124,92,64,124,92,64,124,92,60,28,60,28,FALSE,FALSE
207,16,59,137,98,59,137,98,59,137,98,78,39,78,39,FALSE,FALSE
207,17,53,135,107,53,135,107,53,135,107,82,54,82,54,FALSE,FALSE
207,18,57,133,120,57,133,120,57,133,120,76,63,76,63,FALSE,FALSE
207,19,57,138,120,57,138,120,57,138,120,81,63,81,63,FALSE,FALSE
207,20,54,126,123,54,126,123,54,126,123,72,69,72,69,FALSE,FALSE
207,21,57,125,121,57,125,121,57,125,121,68,64,68,64,FALSE,FALSE
207,22,52,124,120,52,124,120,52,124,120,72,68,72,68,FALSE,FALSE
207,23,53,122,134,53,122,134,53,122,134,69,81,69,81,FALSE,FALSE
207,24,50,118,133,50,118,133,50,118,133,68,83,68,83,FALSE,FALSE
207,25,50,119,141,50,119,141,50,119,141,69,91,69,91,FALSE,FALSE
207,26,55,113,144,55,113,144,55,113,144,58,89,58,89,FALSE,FALSE
207,27,55,129,155,55,129,155,55,129,155,74,100,74,100,FALSE,FALSE
207,28,60,123,159,60,123,159,60,123,159,63,99,63,99,FALSE,FALSE
207,29,59,120,162,59,120,162,59,120,162,61,103,61,103,FALSE,FALSE
207,30,65,134,165,65,134,165,65,134,165,69,100,69,100,FALSE,FALSE
207,31,73,129,168,73,129,168,73,129,168,56,95,56,95,FALSE,FALSE
207,32,68,117,179,68,117,179,68,117,179,49,111,49,111,FALSE,FALSE
207,33,62,120,179,62,120,179,62,120,179,58,117,58,117,FALSE,FALSE
207,34,63,122,186,63,122,186,63,122,186,59,123,59,123,FALSE,FALSE
207,35,72,119,192,72,119,192,72,119,192,47,120,47,120,FALSE,FALSE
207,36,73,108,188,73,108,188,73,108,188,35,115,35,115,FALSE,FALSE
207,37,73,110,192,73,110,192,73,110,192,37,119,37,119,FALSE,FALSE
207,38,79,111,197,79,111,197,79,111,197,32,118,32,118,FALSE,FALSE
207,39,76,113,207,76,113,207,76,113,207,37,131,37,131,FALSE,FALSE
207,40,78,120,207,78,120,207,78,120,207,42,129,42,129,FALSE,FALSE
207,41,77,125,209,77,125,209,77,125,209,48,132,48,132,FALSE,FALSE
207,42,76,113,217,76,113,217,76,113,217,37,141,37,141,FALSE,FALSE
207,43,77,101,217,77,101,217,77,101,217,24,140,24,140,FALSE,FALSE
207,44,76,111,205,76,111,205,76,111,205,35,129,35,129,FALSE,FALSE
207,45,75,108,204,75,108,204,75,108,204,33,129,33,129,FALSE,FALSE
207,46,81,101,203,81,101,203,81,101,203,20,122,20,122,FALSE,FALSE
207,47,86,95,220,86,95,220,86,95,220,9,134,9,134,FALSE,FALSE
207,48,85,83,234,85,83,234,85,83,234,-2,149,2,149,FALSE,FALSE
207,49,87,90,245,87,90,245,87,90,245,3,158,3,158,FALSE,FALSE
207,50,88,99,245,88,99,245,88,99,245,11,157,11,157,FALSE,FALSE
207,51,82,100,246,82,100,246,82,100,246,18,164,18,164,FALSE,FALSE
207,52,78,95,252,78,95,252,78,95,252,17,174,17,174,FALSE,FALSE
207,53,82,95,242,82,95,242,82,95,242,13,160,13,160,FALSE,FALSE
207,54,87,97,243,87,97,243,87,97,243,10,156,10,156,FALSE,FALSE
207,55,93,93,254,93,93,254,93,93,254,0,161,0,161,TRUE,FALSE
207,56,91,91,254,91,91,254,91,91,254,0,163,0,163,TRUE,FALSE
207,57,87,85,249,87,85,249,87,85,249,-2,162,2,162,FALSE,FALSE
207,58,84,85,257,84,85,257,84,85,257,1,173,1,173,FALSE,FALSE
207,59,92,82,257,92,82,257,92,82,257,-10,165,10,165,FALSE,FALSE
207,60,92,83,247,92,83,247,92,83,247,-9,155,9,155,FALSE,FALSE
208,0,150,150,150,150,150,150,150,150,150,0,0,0,0,TRUE,TRUE
208,1,195,187,211,195,187,211,195,187,211,-8,16,8,16,FALSE,FALSE
208,2,267,248,278,267,248,278,267,248,278,-19,11,19,11,FALSE,FALSE
208,3,354,311,367,354,311,367,354,311,367,-43,13,43,13,FALSE,FALSE
208,4,459,417,492,459,417,492,459,417,492,-42,33,42,33,FALSE,FALSE
208,5,592,555,615,592,555,615,592,555,615,-37,23,37,23,FALSE,FALSE
208,6,765,722,815,765,722,815,765,722,815,-43,50,43,50,FALSE,FALSE
208,7,952,928,1043,952,928,1043,952,928,1043,-24,91,24,91,FALSE,FALSE
208,8,1183,1178,1261,1183,1178,1261,1183,1178,1261,-5,78,5,78,FALSE,FALSE
208,9,1451,1436,1505,1451,1436,1505,1451,1436,1505,-15,54,15,54,FALSE,FALSE
208,10,1684,1712,1778,1684,1712,1778,1684,1712,1778,28,94,28,94,FALSE,FALSE
208,11,1923,2005,2033,1923,2005,2033,1923,2005,2033,82,110,82,110,FALSE,FALSE
208,12,2118,2225,2278,2118,2225,2278,2118,2225,2278,107,160,107,160,FALSE,FALSE
208,13,2274,2419,2437,2274,2419,2437,2274,2419,2437,145,163,145,163,FALSE,FALSE
208,14,2398,2551,2566,2398,2551,2566,2398,2551,2566,153,168,153,168,FALSE,FALSE
208,15,2455,2580,2575,2455,2580,2575,2455,2580,2575,125,120,125,120,FALSE,FALSE
208,16,2424,2571,2539,2424,2571,2539,2424,2571,2539,147,115,147,115,FALSE,FALSE
208,17,2381,2437,2485,2381,2437,2485,2381,2437,2485,56,104,56,104,FALSE,FALSE
208,18,2286,2321,2337,2286,2321,2337,2286,2321,2337,35,51,35,51,FALSE,FALSE
208,19,2132,2135,2184,2132,2135,2184,2132,2135,2184,3,52,3,52,FALSE,FALSE
208,20,1967,1965,2057,1967,1965,2057,1967,1965,2057,-2,90,2,90,FALSE,FALSE
208,21,1805,1757,1845,1805,1757,1845,1805,1757,1845,-48,40,48,40,FALSE,FALSE
208,22,1610,1548,1691,1610,1548,1691,1610,1548,1691,-62,81,62,81,FALSE,FALSE
208,23,1431,1375,1486,1431,1375,1486,1431,1375,1486,-56,55,56,55,FALSE,FALSE
208,24,1270,1192,1311,1270,1192,1311,1270,1192,1311,-78,41,78,41,FALSE,FALSE
208,25,1113,1041,1150,1113,1041,1150,1113,1041,1150,-72,37,72,37,FALSE,FALSE
208,26,999,918,1021,999,918,1021,999,918,1021,-81,22,81,22,FALSE,FALSE
208,27,876,780,886,876,780,886,876,780,886,-96,10,96,10,FALSE,FALSE
208,28,733,676,766,733,676,766,733,676,766,-57,33,57,33,FALSE,FALSE
208,29,642,577,672,642,577,672,642,577,672,-65,30,65,30,FALSE,FALSE
208,30,568,503,568,568,503,568,568,503,568,-65,0,65,0,FALSE,TRUE
208,31,500,447,482,500,447,482,500,447,482,-53,-18,53,18,FALSE,FALSE
208,32,439,384,417,439,384,417,439,384,417,-55,-22,55,22,FALSE,FALSE
208,33,370,335,365,370,335,365,370,335,365,-35,-5,35,5,FALSE,FALSE
208,34,319,286,307,319,286,307,319,286,307,-33,-12,33,12,FALSE,FALSE
208,35,275,237,271,275,237,271,275,237,271,-38,-4,38,4,FALSE,FALSE
208,36,241,205,228,241,205,228,241,205,228,-36,-13,36,13,FALSE,FALSE
208,37,215,181,195,215,181,195,215,181,195,-34,-20,34,20,FALSE,FALSE
208,38,173,150,166,173,150,166,173,150,166,-23,-7,23,7,FALSE,FALSE
208,39,151,133,141,151,133,141,151,133,141,-18,-10,18,10,FALSE,FALSE
208,40,136,117,119,136,117,119,136,117,119,-19,-17,19,17,FALSE,FALSE
208,41,116,106,93,116,106,93,116,106,93,-10,-23,10,23,FALSE,FALSE
208,42,96,92,80,96,92,80,96,92,80,-4,-16,4,16,FALSE,FALSE
208,43,78,80,67,78,80,67,78,80,67,2,-11,2,11,FALSE,FALSE
208,44,70,76,60,70,76,60,70,76,60,6,-10,6,10,FALSE,FALSE
208,45,58,60,47,58,60,47,58,60,47,2,-11,2,11,FALSE,FALSE
208,46,55,54,39,55,54,39,55,54,39,-1,-16,1,16,FALSE,FALSE
208,47,48,48,31,48,48,31,48,48,31,0,-17,0,17,TRUE,FALSE
208,48,41,42,23,41,42,23,41,42,23,1,-18,1,18,FALSE,FALSE
208,49,31,38,19,31,38,19,31,38,19,7,-12,7,12,FALSE,FALSE
208,50,24,37,13,24,37,13,24,37,13,13,-11,13,11,FALSE,FALSE
208,51,21,31,9,21,31,9,21,31,9,10,-12,10,12,FALSE,FALSE
208,52,17,23,9,17,23,9,17,23,9,6,-8,6,8,FALSE,FALSE
208,53,14,18,6,14,18,6,14,18,6,4,-8,4,8,FALSE,FALSE
208,54,11,14,5,11,14,5,11,14,5,3,-6,3,6,FALSE,FALSE
208,55,10,11,4,10,11,4,10,11,4,1,-6,1,6,FALSE,FALSE
208,56,8,10,2,8,10,2,8,10,2,2,-6,2,6,FALSE,FALSE
208,57,6,8,1,6,8,1,6,8,1,2,-5,2,5,FALSE,FALSE
208,58,6,8,1,6,8,1,6,8,1,2,-5,2,5,FALSE,FALSE
208,59,6,6,1,6,6,1,6,6,1,0,-5,0,5,TRUE,FALSE
208,60,5,5,0,5,5,0,5,5,0,0,-5,0,5,TRUE,FALSE
209,0,125,125,125,125,125,125,125,125,125,0,0,0,0,TRUE,TRUE
209,1,178,179,183,178,179,183,178,179,183,1,5,1,5,FALSE,FALSE
209,2,246,238,252,246,238,252,246,238,252,-8,6,8,6,FALSE,FALSE
209,3,336,325,337,336,325,337,336,325,337,-11,1,11,1,FALSE,FALSE
209,4,450,434,447,450,434,447,450,434,447,-16,-3,16,3,FALSE,FALSE
209,5,617,578,599,617,578,599,617,578,599,-39,-18,39,18,FALSE,FALSE
209,6,756,740,790,756,740,790,756,740,790,-16,34,16,34,FALSE,FALSE
209,7,979,954,1055,979,954,1055,979,954,1055,-25,76,25,76,FALSE,FALSE
209,8,1247,1186,1366,1247,1186,1366,1247,1186,1366,-61,119,61,119,FALSE,FALSE
209,9,1529,1450,1727,1529,1450,1727,1529,1450,1727,-79,198,79,198,FALSE,FALSE
209,10,1836,1800,2069,1836,1800,2069,1836,1800,2069,-36,233,36,233,FALSE,FALSE
209,11,2232,2099,2436,2232,2099,2436,2232,2099,2436,-133,204,133,204,FALSE,FALSE
209,12,2511,2408,2791,2511,2408,2791,2511,2408,2791,-103,280,103,280,FALSE,FALSE
209,13,2814,2732,3060,2814,2732,3060,2814,2732,3060,-82,246,82,246,FALSE,FALSE
209,14,2990,2985,3241,2990,2985,3241,2990,2985,3241,-5,251,5,251,FALSE,FALSE
209,15,3124,3133,3367,3124,3133,3367,3124,3133,3367,9,243,9,243,FALSE,FALSE
209,16,3216,3224,3433,3216,3224,3433,3216,3224,3433,8,217,8,217,FALSE,FALSE
209,17,3184,3244,3366,3184,3244,3366,3184,3244,3366,60,182,60,182,FALSE,FALSE
209,18,3125,3192,3272,3125,3192,3272,3125,3192,3272,67,147,67,147,FALSE,FALSE
209,19,3031,3077,3122,3031,3077,3122,3031,3077,3122,46,91,46,91,FALSE,FALSE
209,20,2895,2950,2944,2895,2950,2944,2895,2950,2944,55,49,55,49,FALSE,FALSE
209,21,2722,2793,2749,2722,2793,2749,2722,2793,2749,71,27,71,27,FALSE,FALSE
209,22,2571,2650,2554,2571,2650,2554,2571,2650,2554,79,-17,79,17,FALSE,FALSE
209,23,2410,2432,2361,2410,2432,2361,2410,2432,2361,22,-49,22,49,FALSE,FALSE
209,24,2186,2235,2151,2186,2235,2151,2186,2235,2151,49,-35,49,35,FALSE,FALSE
209,25,1990,2046,1997,1990,2046,1997,1990,2046,1997,56,7,56,7,FALSE,FALSE
209,26,1840,1884,1810,1840,1884,1810,1840,1884,1810,44,-30,44,30,FALSE,FALSE
209,27,1685,1707,1668,1685,1707,1668,1685,1707,1668,22,-17,22,17,FALSE,FALSE
209,28,1547,1558,1511,1547,1558,1511,1547,1558,1511,11,-36,11,36,FALSE,FALSE
209,29,1439,1431,1357,1439,1431,1357,1439,1431,1357,-8,-82,8,82,FALSE,FALSE
209,30,1316,1290,1206,1316,1290,1206,1316,1290,1206,-26,-110,26,110,FALSE,FALSE
209,31,1210,1142,1081,1210,1142,1081,1210,1142,1081,-68,-129,68,129,FALSE,FALSE
209,32,1093,1023,990,1093,1023,990,1093,1023,990,-70,-103,70,103,FALSE,FALSE
209,33,1001,910,890,1001,910,890,1001,910,890,-91,-111,91,111,FALSE,FALSE
209,34,885,824,800,885,824,800,885,824,800,-61,-85,61,85,FALSE,FALSE
209,35,819,754,712,819,754,712,819,754,712,-65,-107,65,107,FALSE,FALSE
209,36,745,674,649,745,674,649,745,674,649,-71,-96,71,96,FALSE,FALSE
209,37,666,601,587,666,601,587,666,601,587,-65,-79,65,79,FALSE,FALSE
209,38,605,545,523,605,545,523,605,545,523,-60,-82,60,82,FALSE,FALSE
209,39,541,489,470,541,489,470,541,489,470,-52,-71,52,71,FALSE,FALSE
209,40,483,448,421,483,448,421,483,448,421,-35,-62,35,62,FALSE,FALSE
209,41,451,411,379,451,411,379,451,411,379,-40,-72,40,72,FALSE,FALSE
209,42,403,371,351,403,371,351,403,371,351,-32,-52,32,52,FALSE,FALSE
209,43,358,336,323,358,336,323,358,336,323,-22,-35,22,35,FALSE,FALSE
209,44,316,295,294,316,295,294,316,295,294,-21,-22,21,22,FALSE,FALSE
209,45,289,263,260,289,263,260,289,263,260,-26,-29,26,29,FALSE,FALSE
209,46,251,241,236,251,241,236,251,241,236,-10,-15,10,15,FALSE,FALSE
209,47,233,208,201,233,208,201,233,208,201,-25,-32,25,32,FALSE,FALSE
209,48,207,192,183,207,192,183,207,192,183,-15,-24,15,24,FALSE,FALSE
209,49,192,162,166,192,162,166,192,162,166,-30,-26,30,26,FALSE,FALSE
209,50,169,143,151,169,143,151,169,143,151,-26,-18,26,18,FALSE,FALSE
209,51,151,125,136,151,125,136,151,125,136,-26,-15,26,15,FALSE,FALSE
209,52,138,117,131,138,117,131,138,117,131,-21,-7,21,7,FALSE,FALSE
209,53,123,100,115,123,100,115,123,100,115,-23,-8,23,8,FALSE,FALSE
209,54,117,87,100,117,87,100,117,87,100,-30,-17,30,17,FALSE,FALSE
209,55,107,81,88,107,81,88,107,81,88,-26,-19,26,19,FALSE,FALSE
209,56,96,74,83,96,74,83,96,74,83,-22,-13,22,13,FALSE,FALSE
209,57,90,64,73,90,64,73,90,64,73,-26,-17,26,17,FALSE,FALSE
209,58,84,61,63,84,61,63,84,61,63,-23,-21,23,21,FALSE,FALSE
209,59,72,59,55,72,59,55,72,59,55,-13,-17,13,17,FALSE,FALSE
209,60,66,52,51,66,52,51,66,52,51,-14,-15,14,15,FALSE,FALSE
210,0,152,152,152,152,152,152,152,152,152,0,0,0,0,TRUE,TRUE
210,1,189,193,192,189,193,192,189,193,192,4,3,4,3,FALSE,FALSE
210,2,245,239,248,245,239,248,245,239,248,-6,3,6,3,FALSE,FALSE
210,3,322,297,301,322,297,301,322,297,301,-25,-21,25,21,FALSE,FALSE
210,4,406,388,391,406,388,391,406,388,391,-18,-15,18,15,FALSE,FALSE
210,5,515,481,495,515,481,495,515,481,495,-34,-20,34,20,FALSE,FALSE
210,6,657,609,626,657,609,626,657,609,626,-48,-31,48,31,FALSE,FALSE
210,7,812,753,779,812,753,779,812,753,779,-59,-33,59,33,FALSE,FALSE
210,8,982,888,1001,982,888,1001,982,888,1001,-94,19,94,19,FALSE,FALSE
210,9,1201,1056,1209,1201,1056,1209,1201,1056,1209,-145,8,145,8,FALSE,FALSE
210,10,1402,1264,1393,1402,1264,1393,1402,1264,1393,-138,-9,138,9,FALSE,FALSE
210,11,1654,1438,1643,1654,1438,1643,1654,1438,1643,-216,-11,216,11,FALSE,FALSE
210,12,1906,1636,1850,1906,1636,1850,1906,1636,1850,-270,-56,270,56,FALSE,FALSE
210,13,2047,1810,2069,2047,1810,2069,2047,1810,2069,-237,22,237,22,FALSE,FALSE
210,14,2167,1921,2262,2167,1921,2262,2167,1921,2262,-246,95,246,95,FALSE,FALSE
210,15,2298,2038,2415,2298,2038,2415,2298,2038,2415,-260,117,260,117,FALSE,FALSE
210,16,2411,2119,2518,2411,2119,2518,2411,2119,2518,-292,107,292,107,FALSE,FALSE
210,17,2466,2143,2543,2466,2143,2543,2466,2143,2543,-323,77,323,77,FALSE,FALSE
210,18,2496,2195,2549,2496,2195,2549,2496,2195,2549,-301,53,301,53,FALSE,FALSE
210,19,2479,2161,2486,2479,2161,2486,2479,2161,2486,-318,7,318,7,FALSE,FALSE
210,20,2455,2134,2424,2455,2134,2424,2455,2134,2424,-321,-31,321,31,FALSE,FALSE
210,21,2377,2107,2349,2377,2107,2349,2377,2107,2349,-270,-28,270,28,FALSE,FALSE
210,22,2261,2040,2216,2261,2040,2216,2261,2040,2216,-221,-45,221,45,FALSE,FALSE
210,23,2121,1945,2072,2121,1945,2072,2121,1945,2072,-176,-49,176,49,FALSE,FALSE
210,24,1988,1859,1918,1988,1859,1918,1988,1859,1918,-129,-70,129,70,FALSE,FALSE
210,25,1831,1771,1775,1831,1771,1775,1831,1771,1775,-60,-56,60,56,FALSE,FALSE
210,26,1693,1651,1643,1693,1651,1643,1693,1651,1643,-42,-50,42,50,FALSE,FALSE
210,27,1549,1532,1482,1549,1532,1482,1549,1532,1482,-17,-67,17,67,FALSE,FALSE
210,28,1398,1408,1344,1398,1408,1344,1398,1408,1344,10,-54,10,54,FALSE,FALSE
210,29,1269,1301,1242,1269,1301,1242,1269,1301,1242,32,-27,32,27,FALSE,FALSE
210,30,1129,1215,1115,1129,1215,1115,1129,1215,1115,86,-14,86,14,FALSE,FALSE
210,31,1006,1102,1032,1006,1102,1032,1006,1102,1032,96,26,96,26,FALSE,FALSE
210,32,935,1008,899,935,1008,899,935,1008,899,73,-36,73,36,FALSE,FALSE
210,33,846,924,793,846,924,793,846,924,793,78,-53,78,53,FALSE,FALSE
210,34,754,869,696,754,869,696,754,869,696,115,-58,115,58,FALSE,FALSE
210,35,675,801,637,675,801,637,675,801,637,126,-38,126,38,FALSE,FALSE
210,36,597,716,582,597,716,582,597,716,582,119,-15,119,15,FALSE,FALSE
210,37,527,672,525,527,672,525,527,672,525,145,-2,145,2,FALSE,FALSE
210,38,459,601,463,459,601,463,459,601,463,142,4,142,4,FALSE,FALSE
210,39,423,545,426,423,545,426,423,545,426,122,3,122,3,FALSE,FALSE
210,40,369,475,378,369,475,378,369,475,378,106,9,106,9,FALSE,FALSE
210,41,331,424,333,331,424,333,331,424,333,93,2,93,2,FALSE,FALSE
210,42,312,382,297,312,382,297,312,382,297,70,-15,70,15,FALSE,FALSE
210,43,273,334,259,273,334,259,273,334,259,61,-14,61,14,FALSE,FALSE
210,44,242,313,240,242,313,240,242,313,240,71,-2,71,2,FALSE,FALSE
210,45,220,286,223,220,286,223,220,286,223,66,3,66,3,FALSE,FALSE
210,46,191,264,217,191,264,217,191,264,217,73,26,73,26,FALSE,FALSE
210,47,175,234,192,175,234,192,175,234,192,59,17,59,17,FALSE,FALSE
210,48,159,206,179,159,206,179,159,206,179,47,20,47,20,FALSE,FALSE
210,49,134,184,160,134,184,160,134,184,160,50,26,50,26,FALSE,FALSE
210,50,122,167,141,122,167,141,122,167,141,45,19,45,19,FALSE,FALSE
210,51,107,146,118,107,146,118,107,146,118,39,11,39,11,FALSE,FALSE
210,52,96,123,108,96,123,108,96,123,108,27,12,27,12,FALSE,FALSE
210,53,88,113,95,88,113,95,88,113,95,25,7,25,7,FALSE,FALSE
210,54,82,103,80,82,103,80,82,103,80,21,-2,21,2,FALSE,FALSE
210,55,68,93,72,68,93,72,68,93,72,25,4,25,4,FALSE,FALSE
210,56,60,80,60,60,80,60,60,80,60,20,0,20,0,FALSE,TRUE
210,57,55,72,52,55,72,52,55,72,52,17,-3,17,3,FALSE,FALSE
210,58,47,66,46,47,66,46,47,66,46,19,-1,19,1,FALSE,FALSE
210,59,39,63,41,39,63,41,39,63,41,24,2,24,2,FALSE,FALSE
210,60,34,56,39,34,56,39,34,56,39,22,5,22,5,FALSE,FALSE
211,0,105,105,105,105,105,105,105,105,105,0,0,0,0,TRUE,TRUE
211,1,103,114,119,103,114,119,103,114,119,11,16,11,16,FALSE,FALSE
211,2,102,119,121,102,119,121,102,119,121,17,19,17,19,FALSE,FALSE
211,3,99,131,115,99,131,115,99,131,115,32,16,32,16,FALSE,FALSE
211,4,95,129,128,95,129,128,95,129,128,34,33,34,33,FALSE,FALSE
211,5,92,139,134,92,139,134,92,139,134,47,42,47,42,FALSE,FALSE
211,6,94,142,148,94,142,148,94,142,148,48,54,48,54,FALSE,FALSE
211,7,98,152,148,98,152,148,98,152,148,54,50,54,50,FALSE,FALSE
211,8,109,164,146,109,164,146,109,164,146,55,37,55,37,FALSE,FALSE
211,9,104,181,153,104,181,153,104,181,153,77,49,77,49,FALSE,FALSE
211,10,110,169,168,110,169,168,110,169,168,59,58,59,58,FALSE,FALSE
211,11,106,172,176,106,172,176,106,172,176,66,70,66,70,FALSE,FALSE
211,12,113,182,184,113,182,184,113,182,184,69,71,69,71,FALSE,FALSE
211,13,121,201,190,121,201,190,121,201,190,80,69,80,69,FALSE,FALSE
211,14,123,194,188,123,194,188,123,194,188,71,65,71,65,FALSE,FALSE
211,15,128,221,194,128,221,194,128,221,194,93,66,93,66,FALSE,FALSE
211,16,130,236,208,130,236,208,130,236,208,106,78,106,78,FALSE,FALSE
211,17,144,246,209,144,246,209,144,246,209,102,65,102,65,FALSE,FALSE
211,18,145,256,223,145,256,223,145,256,223,111,78,111,78,FALSE,FALSE
211,19,153,267,214,153,267,214,153,267,214,114,61,114,61,FALSE,FALSE
211,20,166,282,206,166,282,206,166,282,206,116,40,116,40,FALSE,FALSE
211,21,168,300,216,168,300,216,168,300,216,132,48,132,48,FALSE,FALSE
211,22,170,313,225,170,313,225,170,313,225,143,55,143,55,FALSE,FALSE
211,23,184,334,221,184,334,221,184,334,221,150,37,150,37,FALSE,FALSE
211,24,188,347,218,188,347,218,188,347,218,159,30,159,30,FALSE,FALSE
211,25,182,352,233,182,352,233,182,352,233,170,51,170,51,FALSE,FALSE
211,26,182,364,251,182,364,251,182,364,251,182,69,182,69,FALSE,FALSE
211,27,202,357,264,202,357,264,202,357,264,155,62,155,62,FALSE,FALSE
211,28,219,350,268,219,350,268,219,350,268,131,49,131,49,FALSE,FALSE
211,29,221,357,273,221,357,273,221,357,273,136,52,136,52,FALSE,FALSE
211,30,222,334,288,222,334,288,222,334,288,112,66,112,66,FALSE,FALSE
211,31,246,327,306,246,327,306,246,327,306,81,60,81,60,FALSE,FALSE
211,32,263,331,312,263,331,312,263,331,312,68,49,68,49,FALSE,FALSE
211,33,257,338,315,257,338,315,257,338,315,81,58,81,58,FALSE,FALSE
211,34,263,340,315,263,340,315,263,340,315,77,52,77,52,FALSE,FALSE
211,35,274,354,326,274,354,326,274,354,326,80,52,80,52,FALSE,FALSE
211,36,272,352,326,272,352,326,272,352,326,80,54,80,54,FALSE,FALSE
211,37,282,359,330,282,359,330,282,359,330,77,48,77,48,FALSE,FALSE
211,38,276,345,326,276,345,326,276,345,326,69,50,69,50,FALSE,FALSE
211,39,259,341,325,259,341,325,259,341,325,82,66,82,66,FALSE,FALSE
211,40,278,325,317,278,325,317,278,325,317,47,39,47,39,FALSE,FALSE
211,41,287,309,321,287,309,321,287,309,321,22,34,22,34,FALSE,FALSE
211,42,295,308,317,295,308,317,295,308,317,13,22,13,22,FALSE,FALSE
211,43,285,297,333,285,297,333,285,297,333,12,48,12,48,FALSE,FALSE
211,44,292,297,325,292,297,325,292,297,325,5,33,5,33,FALSE,FALSE
211,45,293,285,340,293,285,340,293,285,340,-8,47,8,47,FALSE,FALSE
211,46,285,282,351,285,282,351,285,282,351,-3,66,3,66,FALSE,FALSE
211,47,287,281,353,287,281,353,287,281,353,-6,66,6,66,FALSE,FALSE
211,48,308,286,338,308,286,338,308,286,338,-22,30,22,30,FALSE,FALSE
211,49,317,288,337,317,288,337,317,288,337,-29,20,29,20,FALSE,FALSE
211,50,306,268,321,306,268,321,306,268,321,-38,15,38,15,FALSE,FALSE
211,51,298,256,305,298,256,305,298,256,305,-42,7,42,7,FALSE,FALSE
211,52,298,246,287,298,246,287,298,246,287,-52,-11,52,11,FALSE,FALSE
211,53,298,233,303,298,233,303,298,233,303,-65,5,65,5,FALSE,FALSE
211,54,300,232,268,300,232,268,300,232,268,-68,-32,68,32,FALSE,FALSE
211,55,301,224,253,301,224,253,301,224,253,-77,-48,77,48,FALSE,FALSE
211,56,317,217,247,317,217,247,317,217,247,-100,-70,100,70,FALSE,FALSE
211,57,329,214,242,329,214,242,329,214,242,-115,-87,115,87,FALSE,FALSE
211,58,306,210,244,306,210,244,306,210,244,-96,-62,96,62,FALSE,FALSE
211,59,304,194,248,304,194,248,304,194,248,-110,-56,110,56,FALSE,FALSE
211,60,318,183,222,318,183,222,318,183,222,-135,-96,135,96,FALSE,FALSE
212,0,108,108,108,108,108,108,108,108,108,0,0,0,0,TRUE,TRUE
212,1,124,143,119,124,143,119,124,143,119,19,-5,19,5,FALSE,FALSE
212,2,159,170,142,159,170,142,159,170,142,11,-17,11,17,FALSE,FALSE
212,3,180,191,156,180,191,156,180,191,156,11,-24,11,24,FALSE,FALSE
212,4,234,217,184,234,217,184,234,217,184,-17,-50,17,50,FALSE,FALSE
212,5,252,254,221,252,254,221,252,254,221,2,-31,2,31,FALSE,FALSE
212,6,302,269,269,302,269,269,302,269,269,-33,-33,33,33,FALSE,FALSE
212,7,353,313,311,353,313,311,353,313,311,-40,-42,40,42,FALSE,FALSE
212,8,411,335,361,411,335,361,411,335,361,-76,-50,76,50,FALSE,FALSE
212,9,495,378,386,495,378,386,495,378,386,-117,-109,117,109,FALSE,FALSE
212,10,564,426,435,564,426,435,564,426,435,-138,-129,138,129,FALSE,FALSE
212,11,628,500,494,628,500,494,628,500,494,-128,-134,128,134,FALSE,FALSE
212,12,711,564,572,711,564,572,711,564,572,-147,-139,147,139,FALSE,FALSE
212,13,786,608,662,786,608,662,786,608,662,-178,-124,178,124,FALSE,FALSE
212,14,865,628,732,865,628,732,865,628,732,-237,-133,237,133,FALSE,FALSE
212,15,904,671,809,904,671,809,904,671,809,-233,-95,233,95,FALSE,FALSE
212,16,947,701,849,947,701,849,947,701,849,-246,-98,246,98,FALSE,FALSE
212,17,962,738,860,962,738,860,962,738,860,-224,-102,224,102,FALSE,FALSE
212,18,956,758,906,956,758,906,956,758,906,-198,-50,198,50,FALSE,FALSE
212,19,970,797,916,970,797,916,970,797,916,-173,-54,173,54,FALSE,FALSE
212,20,952,821,955,952,821,955,952,821,955,-131,3,131,3,FALSE,FALSE
212,21,918,820,926,918,820,926,918,820,926,-98,8,98,8,FALSE,FALSE
212,22,874,829,932,874,829,932,874,829,932,-45,58,45,58,FALSE,FALSE
212,23,803,818,908,803,818,908,803,818,908,15,105,15,105,FALSE,FALSE
212,24,774,786,851,774,786,851,774,786,851,12,77,12,77,FALSE,FALSE
212,25,708,754,776,708,754,776,708,754,776,46,68,46,68,FALSE,FALSE
212,26,650,705,712,650,705,712,650,705,712,55,62,55,62,FALSE,FALSE
212,27,605,699,664,605,699,664,605,699,664,94,59,94,59,FALSE,FALSE
212,28,561,647,603,561,647,603,561,647,603,86,42,86,42,FALSE,FALSE
212,29,483,593,571,483,593,571,483,593,571,110,88,110,88,FALSE,FALSE
212,30,420,564,496,420,564,496,420,564,496,144,76,144,76,FALSE,FALSE
212,31,384,516,458,384,516,458,384,516,458,132,74,132,74,FALSE,FALSE
212,32,353,459,417,353,459,417,353,459,417,106,64,106,64,FALSE,FALSE
212,33,308,412,382,308,412,382,308,412,382,104,74,104,74,FALSE,FALSE
212,34,297,376,333,297,376,333,297,376,333,79,36,79,36,FALSE,FALSE
212,35,260,333,290,260,333,290,260,333,290,73,30,73,30,FALSE,FALSE
212,36,220,300,237,220,300,237,220,300,237,80,17,80,17,FALSE,FALSE
212,37,194,265,216,194,265,216,194,265,216,71,22,71,22,FALSE,FALSE
212,38,176,231,190,176,231,190,176,231,190,55,14,55,14,FALSE,FALSE
212,39,148,212,158,148,212,158,148,212,158,64,10,64,10,FALSE,FALSE
212,40,129,186,144,129,186,144,129,186,144,57,15,57,15,FALSE,FALSE
212,41,116,175,133,116,175,133,116,175,133,59,17,59,17,FALSE,FALSE
212,42,105,144,125,105,144,125,105,144,125,39,20,39,20,FALSE,FALSE
212,43,95,135,104,95,135,104,95,135,104,40,9,40,9,FALSE,FALSE
212,44,89,123,91,89,123,91,89,123,91,34,2,34,2,FALSE,FALSE
212,45,68,111,84,68,111,84,68,111,84,43,16,43,16,FALSE,FALSE
212,46,62,102,83,62,102,83,62,102,83,40,21,40,21,FALSE,FALSE
212,47,57,90,75,57,90,75,57,90,75,33,18,33,18,FALSE,FALSE
212,48,53,76,66,53,76,66,53,76,66,23,13,23,13,FALSE,FALSE
212,49,46,67,61,46,67,61,46,67,61,21,15,21,15,FALSE,FALSE
212,50,43,64,55,43,64,55,43,64,55,21,12,21,12,FALSE,FALSE
212,51,41,51,45,41,51,45,41,51,45,10,4,10,4,FALSE,FALSE
212,52,39,49,38,39,49,38,39,49,38,10,-1,10,1,FALSE,FALSE
212,53,32,33,31,32,33,31,32,33,31,1,-1,1,1,FALSE,FALSE
212,54,27,28,28,27,28,28,27,28,28,1,1,1,1,FALSE,FALSE
212,55,22,21,22,22,21,22,22,21,22,-1,0,1,0,FALSE,TRUE
212,56,18,18,16,18,18,16,18,18,16,0,-2,0,2,TRUE,FALSE
212,57,15,14,16,15,14,16,15,14,16,-1,1,1,1,FALSE,FALSE
212,58,11,15,14,11,15,14,11,15,14,4,3,4,3,FALSE,FALSE
212,59,6,13,10,6,13,10,6,13,10,7,4,7,4,FALSE,FALSE
212,60,6,11,7,6,11,7,6,11,7,5,1,5,1,FALSE,FALSE
213,0,58,58,58,58,58,58,58,58,58,0,0,0,0,TRUE,TRUE
213,1,67,70,63,67,70,63,67,70,63,3,-4,3,4,FALSE,FALSE
213,2,77,82,66,77,82,66,77,82,66,5,-11,5,11,FALSE,FALSE
213,3,89,87,71,89,87,71,89,87,71,-2,-18,2,18,FALSE,FALSE
213,4,101,101,84,101,101,84,101,101,84,0,-17,0,17,TRUE,FALSE
213,5,107,103,89,107,103,89,107,103,89,-4,-18,4,18,FALSE,FALSE
213,6,116,119,93,116,119,93,116,119,93,3,-23,3,23,FALSE,FALSE
213,7,135,125,103,135,125,103,135,125,103,-10,-32,10,32,FALSE,FALSE
213,8,143,134,118,143,134,118,143,134,118,-9,-25,9,25,FALSE,FALSE
213,9,157,154,126,157,154,126,157,154,126,-3,-31,3,31,FALSE,FALSE
213,10,167,181,133,167,181,133,167,181,133,14,-34,14,34,FALSE,FALSE
213,11,185,195,144,185,195,144,185,195,144,10,-41,10,41,FALSE,FALSE
213,12,195,214,152,195,214,152,195,214,152,19,-43,19,43,FALSE,FALSE
213,13,215,232,157,215,232,157,215,232,157,17,-58,17,58,FALSE,FALSE
213,14,236,257,181,236,257,181,236,257,181,21,-55,21,55,FALSE,FALSE
213,15,251,276,201,251,276,201,251,276,201,25,-50,25,50,FALSE,FALSE
213,16,289,317,227,289,317,227,289,317,227,28,-62,28,62,FALSE,FALSE
213,17,317,363,257,317,363,257,317,363,257,46,-60,46,60,FALSE,FALSE
213,18,340,397,285,340,397,285,340,397,285,57,-55,57,55,FALSE,FALSE
213,19,376,456,326,376,456,326,376,456,326,80,-50,80,50,FALSE,FALSE
213,20,394,490,357,394,490,357,394,490,357,96,-37,96,37,FALSE,FALSE
213,21,429,536,397,429,536,397,429,536,397,107,-32,107,32,FALSE,FALSE
213,22,456,583,446,456,583,446,456,583,446,127,-10,127,10,FALSE,FALSE
213,23,475,635,491,475,635,491,475,635,491,160,16,160,16,FALSE,FALSE
213,24,491,671,537,491,671,537,491,671,537,180,46,180,46,FALSE,FALSE
213,25,526,742,581,526,742,581,526,742,581,216,55,216,55,FALSE,FALSE
213,26,575,816,618,575,816,618,575,816,618,241,43,241,43,FALSE,FALSE
213,27,621,874,653,621,874,653,621,874,653,253,32,253,32,FALSE,FALSE
213,28,656,933,686,656,933,686,656,933,686,277,30,277,30,FALSE,FALSE
213,29,704,983,752,704,983,752,704,983,752,279,48,279,48,FALSE,FALSE
213,30,761,1032,793,761,1032,793,761,1032,793,271,32,271,32,FALSE,FALSE
213,31,838,1066,834,838,1066,834,838,1066,834,228,-4,228,4,FALSE,FALSE
213,32,880,1126,864,880,1126,864,880,1126,864,246,-16,246,16,FALSE,FALSE
213,33,929,1167,926,929,1167,926,929,1167,926,238,-3,238,3,FALSE,FALSE
213,34,958,1213,1000,958,1213,1000,958,1213,1000,255,42,255,42,FALSE,FALSE
213,35,1005,1266,1036,1005,1266,1036,1005,1266,1036,261,31,261,31,FALSE,FALSE
213,36,1018,1300,1083,1018,1300,1083,1018,1300,1083,282,65,282,65,FALSE,FALSE
213,37,1046,1345,1120,1046,1345,1120,1046,1345,1120,299,74,299,74,FALSE,FALSE
213,38,1094,1383,1174,1094,1383,1174,1094,1383,1174,289,80,289,80,FALSE,FALSE
213,39,1147,1423,1210,1147,1423,1210,1147,1423,1210,276,63,276,63,FALSE,FALSE
213,40,1198,1463,1242,1198,1463,1242,1198,1463,1242,265,44,265,44,FALSE,FALSE
213,41,1232,1459,1250,1232,1459,1250,1232,1459,1250,227,18,227,18,FALSE,FALSE
213,42,1250,1474,1279,1250,1474,1279,1250,1474,1279,224,29,224,29,FALSE,FALSE
213,43,1279,1491,1295,1279,1491,1295,1279,1491,1295,212,16,212,16,FALSE,FALSE
213,44,1303,1508,1322,1303,1508,1322,1303,1508,1322,205,19,205,19,FALSE,FALSE
213,45,1319,1525,1332,1319,1525,1332,1319,1525,1332,206,13,206,13,FALSE,FALSE
213,46,1329,1526,1337,1329,1526,1337,1329,1526,1337,197,8,197,8,FALSE,FALSE
213,47,1321,1511,1331,1321,1511,1331,1321,1511,1331,190,10,190,10,FALSE,FALSE
213,48,1308,1480,1323,1308,1480,1323,1308,1480,1323,172,15,172,15,FALSE,FALSE
213,49,1346,1448,1313,1346,1448,1313,1346,1448,1313,102,-33,102,33,FALSE,FALSE
213,50,1318,1417,1314,1318,1417,1314,1318,1417,1314,99,-4,99,4,FALSE,FALSE
213,51,1311,1391,1327,1311,1391,1327,1311,1391,1327,80,16,80,16,FALSE,FALSE
213,52,1300,1355,1306,1300,1355,1306,1300,1355,1306,55,6,55,6,FALSE,FALSE
213,53,1303,1326,1263,1303,1326,1263,1303,1326,1263,23,-40,23,40,FALSE,FALSE
213,54,1286,1278,1262,1286,1278,1262,1286,1278,1262,-8,-24,8,24,FALSE,FALSE
213,55,1243,1237,1244,1243,1237,1244,1243,1237,1244,-6,1,6,1,FALSE,FALSE
213,56,1229,1180,1218,1229,1180,1218,1229,1180,1218,-49,-11,49,11,FALSE,FALSE
213,57,1205,1136,1186,1205,1136,1186,1205,1136,1186,-69,-19,69,19,FALSE,FALSE
213,58,1172,1088,1156,1172,1088,1156,1172,1088,1156,-84,-16,84,16,FALSE,FALSE
213,59,1151,1043,1146,1151,1043,1146,1151,1043,1146,-108,-5,108,5,FALSE,FALSE
213,60,1118,1006,1111,1118,1006,1111,1118,1006,1111,-112,-7,112,7,FALSE,FALSE
214,0,75,75,75,75,75,75,75,75,75,0,0,0,0,TRUE,TRUE
214,1,93,82,89,93,82,89,93,82,89,-11,-4,11,4,FALSE,FALSE
214,2,120,98,103,120,98,103,120,98,103,-22,-17,22,17,FALSE,FALSE
214,3,140,121,133,140,121,133,140,121,133,-19,-7,19,7,FALSE,FALSE
214,4,182,154,160,182,154,160,182,154,160,-28,-22,28,22,FALSE,FALSE
214,5,229,190,188,229,190,188,229,190,188,-39,-41,39,41,FALSE,FALSE
214,6,253,228,226,253,228,226,253,228,226,-25,-27,25,27,FALSE,FALSE
214,7,306,255,249,306,255,249,306,255,249,-51,-57,51,57,FALSE,FALSE
214,8,369,313,317,369,313,317,369,313,317,-56,-52,56,52,FALSE,FALSE
214,9,422,380,380,422,380,380,422,380,380,-42,-42,42,42,FALSE,FALSE
214,10,480,444,425,480,444,425,480,444,425,-36,-55,36,55,FALSE,FALSE
214,11,559,517,492,559,517,492,559,517,492,-42,-67,42,67,FALSE,FALSE
214,12,640,598,544,640,598,544,640,598,544,-42,-96,42,96,FALSE,FALSE
214,13,735,669,666,735,669,666,735,669,666,-66,-69,66,69,FALSE,FALSE
214,14,840,791,761,840,791,761,840,791,761,-49,-79,49,79,FALSE,FALSE
214,15,943,848,847,943,848,847,943,848,847,-95,-96,95,96,FALSE,FALSE
214,16,1015,914,929,1015,914,929,1015,914,929,-101,-86,101,86,FALSE,FALSE
214,17,1110,980,1003,1110,980,1003,1110,980,1003,-130,-107,130,107,FALSE,FALSE
214,18,1182,1038,1110,1182,1038,1110,1182,1038,1110,-144,-72,144,72,FALSE,FALSE
214,19,1247,1104,1201,1247,1104,1201,1247,1104,1201,-143,-46,143,46,FALSE,FALSE
214,20,1294,1177,1286,1294,1177,1286,1294,1177,1286,-117,-8,117,8,FALSE,FALSE
214,21,1324,1201,1361,1324,1201,1361,1324,1201,1361,-123,37,123,37,FALSE,FALSE
214,22,1340,1189,1380,1340,1189,1380,1340,1189,1380,-151,40,151,40,FALSE,FALSE
214,23,1334,1220,1350,1334,1220,1350,1334,1220,1350,-114,16,114,16,FALSE,FALSE
214,24,1324,1223,1353,1324,1223,1353,1324,1223,1353,-101,29,101,29,FALSE,FALSE
214,25,1286,1190,1301,1286,1190,1301,1286,1190,1301,-96,15,96,15,FALSE,FALSE
214,26,1249,1165,1282,1249,1165,1282,1249,1165,1282,-84,33,84,33,FALSE,FALSE
214,27,1204,1104,1235,1204,1104,1235,1204,1104,1235,-100,31,100,31,FALSE,FALSE
214,28,1173,1058,1169,1173,1058,1169,1173,1058,1169,-115,-4,115,4,FALSE,FALSE
214,29,1095,1042,1111,1095,1042,1111,1095,1042,1111,-53,16,53,16,FALSE,FALSE
214,30,1026,966,1021,1026,966,1021,1026,966,1021,-60,-5,60,5,FALSE,FALSE
214,31,971,921,974,971,921,974,971,921,974,-50,3,50,3,FALSE,FALSE
214,32,919,865,911,919,865,911,919,865,911,-54,-8,54,8,FALSE,FALSE
214,33,857,804,858,857,804,858,857,804,858,-53,1,53,1,FALSE,FALSE
214,34,775,733,790,775,733,790,775,733,790,-42,15,42,15,FALSE,FALSE
214,35,734,670,707,734,670,707,734,670,707,-64,-27,64,27,FALSE,FALSE
214,36,696,609,666,696,609,666,696,609,666,-87,-30,87,30,FALSE,FALSE
214,37,630,552,622,630,552,622,630,552,622,-78,-8,78,8,FALSE,FALSE
214,38,573,517,571,573,517,571,573,517,571,-56,-2,56,2,FALSE,FALSE
214,39,530,474,515,530,474,515,530,474,515,-56,-15,56,15,FALSE,FALSE
214,40,471,432,476,471,432,476,471,432,476,-39,5,39,5,FALSE,FALSE
214,41,429,409,455,429,409,455,429,409,455,-20,26,20,26,FALSE,FALSE
214,42,401,374,414,401,374,414,401,374,414,-27,13,27,13,FALSE,FALSE
214,43,365,333,374,365,333,374,365,333,374,-32,9,32,9,FALSE,FALSE
214,44,338,302,344,338,302,344,338,302,344,-36,6,36,6,FALSE,FALSE
214,45,297,272,307,297,272,307,297,272,307,-25,10,25,10,FALSE,FALSE
214,46,268,239,279,268,239,279,268,239,279,-29,11,29,11,FALSE,FALSE
214,47,240,220,236,240,220,236,240,220,236,-20,-4,20,4,FALSE,FALSE
214,48,219,196,207,219,196,207,219,196,207,-23,-12,23,12,FALSE,FALSE
214,49,195,170,192,195,170,192,195,170,192,-25,-3,25,3,FALSE,FALSE
214,50,174,142,176,174,142,176,174,142,176,-32,2,32,2,FALSE,FALSE
214,51,158,123,156,158,123,156,158,123,156,-35,-2,35,2,FALSE,FALSE
214,52,140,110,134,140,110,134,140,110,134,-30,-6,30,6,FALSE,FALSE
214,53,127,103,117,127,103,117,127,103,117,-24,-10,24,10,FALSE,FALSE
214,54,122,93,104,122,93,104,122,93,104,-29,-18,29,18,FALSE,FALSE
214,55,112,85,84,112,85,84,112,85,84,-27,-28,27,28,FALSE,FALSE
214,56,99,81,76,99,81,76,99,81,76,-18,-23,18,23,FALSE,FALSE
214,57,85,76,67,85,76,67,85,76,67,-9,-18,9,18,FALSE,FALSE
214,58,83,61,59,83,61,59,83,61,59,-22,-24,22,24,FALSE,FALSE
214,59,68,58,55,68,58,55,68,58,55,-10,-13,10,13,FALSE,FALSE
214,60,60,50,51,60,50,51,60,50,51,-10,-9,10,9,FALSE,FALSE
215,0,102,102,102,102,102,102,102,102,102,0,0,0,0,TRUE,TRUE
215,1,130,119,111,130,119,111,130,119,111,-11,-19,11,19,FALSE,FALSE
215,2,147,140,133,147,140,133,147,140,133,-7,-14,7,14,FALSE,FALSE
215,3,185,164,151,185,164,151,185,164,151,-21,-34,21,34,FALSE,FALSE
215,4,205,177,170,205,177,170,205,177,170,-28,-35,28,35,FALSE,FALSE
215,5,230,206,194,230,206,194,230,206,194,-24,-36,24,36,FALSE,FALSE
215,6,257,242,202,257,242,202,257,242,202,-15,-55,15,55,FALSE,FALSE
215,7,298,280,213,298,280,213,298,280,213,-18,-85,18,85,FALSE,FALSE
215,8,341,318,255,341,318,255,341,318,255,-23,-86,23,86,FALSE,FALSE
215,9,396,331,302,396,331,302,396,331,302,-65,-94,65,94,FALSE,FALSE
215,10,470,372,344,470,372,344,470,372,344,-98,-126,98,126,FALSE,FALSE
215,11,513,410,367,513,410,367,513,410,367,-103,-146,103,146,FALSE,FALSE
215,12,558,472,403,558,472,403,558,472,403,-86,-155,86,155,FALSE,FALSE
215,13,615,524,473,615,524,473,615,524,473,-91,-142,91,142,FALSE,FALSE
215,14,674,613,538,674,613,538,674,613,538,-61,-136,61,136,FALSE,FALSE
215,15,740,654,600,740,654,600,740,654,600,-86,-140,86,140,FALSE,FALSE
215,16,809,716,659,809,716,659,809,716,659,-93,-150,93,150,FALSE,FALSE
215,17,901,814,725,901,814,725,901,814,725,-87,-176,87,176,FALSE,FALSE
215,18,963,869,811,963,869,811,963,869,811,-94,-152,94,152,FALSE,FALSE
215,19,1019,939,865,1019,939,865,1019,939,865,-80,-154,80,154,FALSE,FALSE
215,20,1078,980,910,1078,980,910,1078,980,910,-98,-168,98,168,FALSE,FALSE
215,21,1145,1018,970,1145,1018,970,1145,1018,970,-127,-175,127,175,FALSE,FALSE
215,22,1181,1046,1007,1181,1046,1007,1181,1046,1007,-135,-174,135,174,FALSE,FALSE
215,23,1194,1087,1039,1194,1087,1039,1194,1087,1039,-107,-155,107,155,FALSE,FALSE
215,24,1214,1121,1053,1214,1121,1053,1214,1121,1053,-93,-161,93,161,FALSE,FALSE
215,25,1202,1083,1046,1202,1083,1046,1202,1083,1046,-119,-156,119,156,FALSE,FALSE
215,26,1178,1062,1042,1178,1062,1042,1178,1062,1042,-116,-136,116,136,FALSE,FALSE
215,27,1143,1044,1043,1143,1044,1043,1143,1044,1043,-99,-100,99,100,FALSE,FALSE
215,28,1094,1008,1044,1094,1008,1044,1094,1008,1044,-86,-50,86,50,FALSE,FALSE
215,29,1044,985,1060,1044,985,1060,1044,985,1060,-59,16,59,16,FALSE,FALSE
215,30,1019,968,1070,1019,968,1070,1019,968,1070,-51,51,51,51,FALSE,FALSE
215,31,964,949,1053,964,949,1053,964,949,1053,-15,89,15,89,FALSE,FALSE
215,32,923,935,1011,923,935,1011,923,935,1011,12,88,12,88,FALSE,FALSE
215,33,880,882,968,880,882,968,880,882,968,2,88,2,88,FALSE,FALSE
215,34,843,857,931,843,857,931,843,857,931,14,88,14,88,FALSE,FALSE
215,35,787,828,894,787,828,894,787,828,894,41,107,41,107,FALSE,FALSE
215,36,764,789,839,764,789,839,764,789,839,25,75,25,75,FALSE,FALSE
215,37,717,725,789,717,725,789,717,725,789,8,72,8,72,FALSE,FALSE
215,38,656,689,745,656,689,745,656,689,745,33,89,33,89,FALSE,FALSE
215,39,611,637,691,611,637,691,611,637,691,26,80,26,80,FALSE,FALSE
215,40,555,608,662,555,608,662,555,608,662,53,107,53,107,FALSE,FALSE
215,41,535,566,625,535,566,625,535,566,625,31,90,31,90,FALSE,FALSE
215,42,493,525,566,493,525,566,493,525,566,32,73,32,73,FALSE,FALSE
215,43,454,495,514,454,495,514,454,495,514,41,60,41,60,FALSE,FALSE
215,44,414,458,479,414,458,479,414,458,479,44,65,44,65,FALSE,FALSE
215,45,386,419,457,386,419,457,386,419,457,33,71,33,71,FALSE,FALSE
215,46,357,397,424,357,397,424,357,397,424,40,67,40,67,FALSE,FALSE
215,47,333,352,396,333,352,396,333,352,396,19,63,19,63,FALSE,FALSE
215,48,300,321,367,300,321,367,300,321,367,21,67,21,67,FALSE,FALSE
215,49,273,293,347,273,293,347,273,293,347,20,74,20,74,FALSE,FALSE
215,50,255,259,318,255,259,318,255,259,318,4,63,4,63,FALSE,FALSE
215,51,233,234,299,233,234,299,233,234,299,1,66,1,66,FALSE,FALSE
215,52,211,213,257,211,213,257,211,213,257,2,46,2,46,FALSE,FALSE
215,53,203,206,242,203,206,242,203,206,242,3,39,3,39,FALSE,FALSE
215,54,195,193,230,195,193,230,195,193,230,-2,35,2,35,FALSE,FALSE
215,55,175,170,215,175,170,215,175,170,215,-5,40,5,40,FALSE,FALSE
215,56,159,158,194,159,158,194,159,158,194,-1,35,1,35,FALSE,FALSE
215,57,150,144,177,150,144,177,150,144,177,-6,27,6,27,FALSE,FALSE
215,58,138,134,164,138,134,164,138,134,164,-4,26,4,26,FALSE,FALSE
215,59,125,122,155,125,122,155,125,122,155,-3,30,3,30,FALSE,FALSE
215,60,112,111,151,112,111,151,112,111,151,-1,39,1,39,FALSE,FALSE
216,0,121,121,121,121,121,121,121,121,121,0,0,0,0,TRUE,TRUE
216,1,167,156,170,167,156,170,167,156,170,-11,3,11,3,FALSE,FALSE
216,2,218,218,229,218,218,229,218,218,229,0,11,0,11,TRUE,FALSE
216,3,286,301,326,286,301,326,286,301,326,15,40,15,40,FALSE,FALSE
216,4,390,412,442,390,412,442,390,412,442,22,52,22,52,FALSE,FALSE
216,5,512,572,602,512,572,602,512,572,602,60,90,60,90,FALSE,FALSE
216,6,671,787,785,671,787,785,671,787,785,116,114,116,114,FALSE,FALSE
216,7,869,1023,1007,869,1023,1007,869,1023,1007,154,138,154,138,FALSE,FALSE
216,8,1095,1294,1321,1095,1294,1321,1095,1294,1321,199,226,199,226,FALSE,FALSE
216,9,1322,1559,1640,1322,1559,1640,1322,1559,1640,237,318,237,318,FALSE,FALSE
216,10,1569,1804,1912,1569,1804,1912,1569,1804,1912,235,343,235,343,FALSE,FALSE
216,11,1787,1986,2122,1787,1986,2122,1787,1986,2122,199,335,199,335,FALSE,FALSE
216,12,1937,2119,2213,1937,2119,2213,1937,2119,2213,182,276,182,276,FALSE,FALSE
216,13,2046,2156,2210,2046,2156,2210,2046,2156,2210,110,164,110,164,FALSE,FALSE
216,14,2112,2173,2216,2112,2173,2216,2112,2173,2216,61,104,61,104,FALSE,FALSE
216,15,2047,2128,2168,2047,2128,2168,2047,2128,2168,81,121,81,121,FALSE,FALSE
216,16,1953,1960,1973,1953,1960,1973,1953,1960,1973,7,20,7,20,FALSE,FALSE
216,17,1786,1794,1743,1786,1794,1743,1786,1794,1743,8,-43,8,43,FALSE,FALSE
216,18,1609,1600,1546,1609,1600,1546,1609,1600,1546,-9,-63,9,63,FALSE,FALSE
216,19,1442,1404,1348,1442,1404,1348,1442,1404,1348,-38,-94,38,94,FALSE,FALSE
216,20,1310,1244,1188,1310,1244,1188,1310,1244,1188,-66,-122,66,122,FALSE,FALSE
216,21,1116,1080,1029,1116,1080,1029,1116,1080,1029,-36,-87,36,87,FALSE,FALSE
216,22,987,921,881,987,921,881,987,921,881,-66,-106,66,106,FALSE,FALSE
216,23,824,788,754,824,788,754,824,788,754,-36,-70,36,70,FALSE,FALSE
216,24,703,676,637,703,676,637,703,676,637,-27,-66,27,66,FALSE,FALSE
216,25,611,557,543,611,557,543,611,557,543,-54,-68,54,68,FALSE,FALSE
216,26,528,464,452,528,464,452,528,464,452,-64,-76,64,76,FALSE,FALSE
216,27,436,395,395,436,395,395,436,395,395,-41,-41,41,41,FALSE,FALSE
216,28,362,331,344,362,331,344,362,331,344,-31,-18,31,18,FALSE,FALSE
216,29,307,268,281,307,268,281,307,268,281,-39,-26,39,26,FALSE,FALSE
216,30,265,216,230,265,216,230,265,216,230,-49,-35,49,35,FALSE,FALSE
216,31,210,180,187,210,180,187,210,180,187,-30,-23,30,23,FALSE,FALSE
216,32,179,148,151,179,148,151,179,148,151,-31,-28,31,28,FALSE,FALSE
216,33,151,111,122,151,111,122,151,111,122,-40,-29,40,29,FALSE,FALSE
216,34,119,86,97,119,86,97,119,86,97,-33,-22,33,22,FALSE,FALSE
216,35,106,72,74,106,72,74,106,72,74,-34,-32,34,32,FALSE,FALSE
216,36,90,61,62,90,61,62,90,61,62,-29,-28,29,28,FALSE,FALSE
216,37,80,47,45,80,47,45,80,47,45,-33,-35,33,35,FALSE,FALSE
216,38,60,40,41,60,40,41,60,40,41,-20,-19,20,19,FALSE,FALSE
216,39,51,30,34,51,30,34,51,30,34,-21,-17,21,17,FALSE,FALSE
216,40,38,22,28,38,22,28,38,22,28,-16,-10,16,10,FALSE,FALSE
216,41,26,16,26,26,16,26,26,16,26,-10,0,10,0,FALSE,TRUE
216,42,21,15,17,21,15,17,21,15,17,-6,-4,6,4,FALSE,FALSE
216,43,15,11,14,15,11,14,15,11,14,-4,-1,4,1,FALSE,FALSE
216,44,14,10,12,14,10,12,14,10,12,-4,-2,4,2,FALSE,FALSE
216,45,7,8,10,7,8,10,7,8,10,1,3,1,3,FALSE,FALSE
216,46,5,5,10,5,5,10,5,5,10,0,5,0,5,TRUE,FALSE
216,47,4,3,8,4,3,8,4,3,8,-1,4,1,4,FALSE,FALSE
216,48,5,2,6,5,2,6,5,2,6,-3,1,3,1,FALSE,FALSE
216,49,5,3,5,5,3,5,5,3,5,-2,0,2,0,FALSE,TRUE
216,50,5,4,4,5,4,4,5,4,4,-1,-1,1,1,FALSE,FALSE
216,51,3,4,1,3,4,1,3,4,1,1,-2,1,2,FALSE,FALSE
216,52,3,3,0,3,3,0,3,3,0,0,-3,0,3,TRUE,FALSE
216,53,2,2,0,2,2,0,2,2,0,0,-2,0,2,TRUE,FALSE
216,54,2,2,0,2,2,0,2,2,0,0,-2,0,2,TRUE,FALSE
216,55,2,2,0,2,2,0,2,2,0,0,-2,0,2,TRUE,FALSE
216,56,1,2,0,1,2,0,1,2,0,1,-1,1,1,FALSE,FALSE
216,57,1,2,0,1,2,0,1,2,0,1,-1,1,1,FALSE,FALSE
216,58,0,2,0,0,2,0,0,2,0,2,0,2,0,FALSE,TRUE
216,59,0,1,0,0,1,0,0,1,0,1,0,1,0,FALSE,TRUE
216,60,0,0,0,0,0,0,0,0,0,0,0,0,0,TRUE,TRUE
217,0,112,112,112,112,112,112,112,112,112,0,0,0,0,TRUE,TRUE
217,1,171,167,184,171,167,184,171,167,184,-4,13,4,13,FALSE,FALSE
217,2,267,245,259,267,245,259,267,245,259,-22,-8,22,8,FALSE,FALSE
217,3,413,349,395,413,349,395,413,349,395,-64,-18,64,18,FALSE,FALSE
217,4,570,505,533,570,505,533,570,505,533,-65,-37,65,37,FALSE,FALSE
217,5,773,722,740,773,722,740,773,722,740,-51,-33,51,33,FALSE,FALSE
217,6,1057,1014,990,1057,1014,990,1057,1014,990,-43,-67,43,67,FALSE,FALSE
217,7,1358,1307,1311,1358,1307,1311,1358,1307,1311,-51,-47,51,47,FALSE,FALSE
217,8,1656,1616,1642,1656,1616,1642,1656,1616,1642,-40,-14,40,14,FALSE,FALSE
217,9,1960,1928,1978,1960,1928,1978,1960,1928,1978,-32,18,32,18,FALSE,FALSE
217,10,2168,2184,2161,2168,2184,2161,2168,2184,2161,16,-7,16,7,FALSE,FALSE
217,11,2215,2333,2295,2215,2333,2295,2215,2333,2295,118,80,118,80,FALSE,FALSE
217,12,2204,2341,2285,2204,2341,2285,2204,2341,2285,137,81,137,81,FALSE,FALSE
217,13,2142,2215,2206,2142,2215,2206,2142,2215,2206,73,64,73,64,FALSE,FALSE
217,14,2008,2054,2084,2008,2054,2084,2008,2054,2084,46,76,46,76,FALSE,FALSE
217,15,1792,1822,1873,1792,1822,1873,1792,1822,1873,30,81,30,81,FALSE,FALSE
217,16,1558,1600,1662,1558,1600,1662,1558,1600,1662,42,104,42,104,FALSE,FALSE
217,17,1365,1415,1430,1365,1415,1430,1365,1415,1430,50,65,50,65,FALSE,FALSE
217,18,1179,1217,1217,1179,1217,1217,1179,1217,1217,38,38,38,38,FALSE,FALSE
217,19,1007,1003,1009,1007,1003,1009,1007,1003,1009,-4,2,4,2,FALSE,FALSE
217,20,831,826,832,831,826,832,831,826,832,-5,1,5,1,FALSE,FALSE
217,21,697,690,703,697,690,703,697,690,703,-7,6,7,6,FALSE,FALSE
217,22,598,567,573,598,567,573,598,567,573,-31,-25,31,25,FALSE,FALSE
217,23,477,453,478,477,453,478,477,453,478,-24,1,24,1,FALSE,FALSE
217,24,406,384,389,406,384,389,406,384,389,-22,-17,22,17,FALSE,FALSE
217,25,325,329,307,325,329,307,325,329,307,4,-18,4,18,FALSE,FALSE
217,26,269,271,251,269,271,251,269,271,251,2,-18,2,18,FALSE,FALSE
217,27,225,223,200,225,223,200,225,223,200,-2,-25,2,25,FALSE,FALSE
217,28,183,196,162,183,196,162,183,196,162,13,-21,13,21,FALSE,FALSE
217,29,146,145,134,146,145,134,146,145,134,-1,-12,1,12,FALSE,FALSE
217,30,112,127,112,112,127,112,112,127,112,15,0,15,0,FALSE,TRUE
217,31,92,101,92,92,101,92,92,101,92,9,0,9,0,FALSE,TRUE
217,32,64,84,74,64,84,74,64,84,74,20,10,20,10,FALSE,FALSE
217,33,52,70,62,52,70,62,52,70,62,18,10,18,10,FALSE,FALSE
217,34,46,59,45,46,59,45,46,59,45,13,-1,13,1,FALSE,FALSE
217,35,33,49,38,33,49,38,33,49,38,16,5,16,5,FALSE,FALSE
217,36,30,38,28,30,38,28,30,38,28,8,-2,8,2,FALSE,FALSE
217,37,24,29,25,24,29,25,24,29,25,5,1,5,1,FALSE,FALSE
217,38,17,24,22,17,24,22,17,24,22,7,5,7,5,FALSE,FALSE
217,39,15,21,13,15,21,13,15,21,13,6,-2,6,2,FALSE,FALSE
217,40,12,16,10,12,16,10,12,16,10,4,-2,4,2,FALSE,FALSE
217,41,9,12,9,9,12,9,9,12,9,3,0,3,0,FALSE,TRUE
217,42,8,10,8,8,10,8,8,10,8,2,0,2,0,FALSE,TRUE
217,43,6,8,7,6,8,7,6,8,7,2,1,2,1,FALSE,FALSE
217,44,5,5,7,5,5,7,5,5,7,0,2,0,2,TRUE,FALSE
217,45,3,4,6,3,4,6,3,4,6,1,3,1,3,FALSE,FALSE
217,46,1,3,5,1,3,5,1,3,5,2,4,2,4,FALSE,FALSE
217,47,1,4,5,1,4,5,1,4,5,3,4,3,4,FALSE,FALSE
217,48,1,3,2,1,3,2,1,3,2,2,1,2,1,FALSE,FALSE
217,49,1,3,2,1,3,2,1,3,2,2,1,2,1,FALSE,FALSE
217,50,1,3,2,1,3,2,1,3,2,2,1,2,1,FALSE,FALSE
217,51,0,2,2,0,2,2,0,2,2,2,2,2,2,FALSE,FALSE
217,52,0,2,2,0,2,2,0,2,2,2,2,2,2,FALSE,FALSE
217,53,0,2,1,0,2,1,0,2,1,2,1,2,1,FALSE,FALSE
217,54,0,2,1,0,2,1,0,2,1,2,1,2,1,FALSE,FALSE
217,55,0,3,0,0,3,0,0,3,0,3,0,3,0,FALSE,TRUE
217,56,0,3,0,0,3,0,0,3,0,3,0,3,0,FALSE,TRUE
217,57,0,2,0,0,2,0,0,2,0,2,0,2,0,FALSE,TRUE
217,58,0,2,0,0,2,0,0,2,0,2,0,2,0,FALSE,TRUE
217,59,0,2,0,0,2,0,0,2,0,2,0,2,0,FALSE,TRUE
217,60,0,2,0,0,2,0,0,2,0,2,0,2,0,FALSE,TRUE
218,0,141,141,141,141,141,141,141,141,141,0,0,0,0,TRUE,TRUE
218,1,175,188,158,175,188,158,175,188,158,13,-17,13,17,FALSE,FALSE
218,2,222,229,193,222,229,193,222,229,193,7,-29,7,29,FALSE,FALSE
218,3,269,275,244,269,275,244,269,275,244,6,-25,6,25,FALSE,FALSE
218,4,320,338,295,320,338,295,320,338,295,18,-25,18,25,FALSE,FALSE
218,5,391,400,361,391,400,361,391,400,361,9,-30,9,30,FALSE,FALSE
218,6,477,488,454,477,488,454,477,488,454,11,-23,11,23,FALSE,FALSE
218,7,562,593,549,562,593,549,562,593,549,31,-13,31,13,FALSE,FALSE
218,8,683,708,668,683,708,668,683,708,668,25,-15,25,15,FALSE,FALSE
218,9,856,856,820,856,856,820,856,856,820,0,-36,0,36,TRUE,FALSE
218,10,992,1018,1005,992,1018,1005,992,1018,1005,26,13,26,13,FALSE,FALSE
218,11,1169,1189,1214,1169,1189,1214,1169,1189,1214,20,45,20,45,FALSE,FALSE
218,12,1381,1412,1446,1381,1412,1446,1381,1412,1446,31,65,31,65,FALSE,FALSE
218,13,1630,1647,1696,1630,1647,1696,1630,1647,1696,17,66,17,66,FALSE,FALSE
218,14,1869,1934,1972,1869,1934,1972,1869,1934,1972,65,103,65,103,FALSE,FALSE
218,15,2114,2187,2238,2114,2187,2238,2114,2187,2238,73,124,73,124,FALSE,FALSE
218,16,2353,2402,2456,2353,2402,2456,2353,2402,2456,49,103,49,103,FALSE,FALSE
218,17,2581,2658,2717,2581,2658,2717,2581,2658,2717,77,136,77,136,FALSE,FALSE
218,18,2780,2884,2973,2780,2884,2973,2780,2884,2973,104,193,104,193,FALSE,FALSE
218,19,2976,3139,3170,2976,3139,3170,2976,3139,3170,163,194,163,194,FALSE,FALSE
218,20,3176,3339,3317,3176,3339,3317,3176,3339,3317,163,141,163,141,FALSE,FALSE
218,21,3363,3489,3425,3363,3489,3425,3363,3489,3425,126,62,126,62,FALSE,FALSE
218,22,3463,3616,3542,3463,3616,3542,3463,3616,3542,153,79,153,79,FALSE,FALSE
218,23,3521,3677,3624,3521,3677,3624,3521,3677,3624,156,103,156,103,FALSE,FALSE
218,24,3586,3699,3649,3586,3699,3649,3586,3699,3649,113,63,113,63,FALSE,FALSE
218,25,3590,3687,3618,3590,3687,3618,3590,3687,3618,97,28,97,28,FALSE,FALSE
218,26,3583,3682,3567,3583,3682,3567,3583,3682,3567,99,-16,99,16,FALSE,FALSE
218,27,3510,3601,3495,3510,3601,3495,3510,3601,3495,91,-15,91,15,FALSE,FALSE
218,28,3429,3535,3428,3429,3535,3428,3429,3535,3428,106,-1,106,1,FALSE,FALSE
218,29,3345,3450,3324,3345,3450,3324,3345,3450,3324,105,-21,105,21,FALSE,FALSE
218,30,3239,3296,3182,3239,3296,3182,3239,3296,3182,57,-57,57,57,FALSE,FALSE
218,31,3104,3148,3076,3104,3148,3076,3104,3148,3076,44,-28,44,28,FALSE,FALSE
218,32,2973,3010,2938,2973,3010,2938,2973,3010,2938,37,-35,37,35,FALSE,FALSE
218,33,2828,2860,2787,2828,2860,2787,2828,2860,2787,32,-41,32,41,FALSE,FALSE
218,34,2676,2707,2655,2676,2707,2655,2676,2707,2655,31,-21,31,21,FALSE,FALSE
218,35,2557,2548,2525,2557,2548,2525,2557,2548,2525,-9,-32,9,32,FALSE,FALSE
218,36,2448,2405,2398,2448,2405,2398,2448,2405,2398,-43,-50,43,50,FALSE,FALSE
218,37,2296,2281,2259,2296,2281,2259,2296,2281,2259,-15,-37,15,37,FALSE,FALSE
218,38,2155,2144,2113,2155,2144,2113,2155,2144,2113,-11,-42,11,42,FALSE,FALSE
218,39,1987,2004,1949,1987,2004,1949,1987,2004,1949,17,-38,17,38,FALSE,FALSE
218,40,1885,1889,1832,1885,1889,1832,1885,1889,1832,4,-53,4,53,FALSE,FALSE
218,41,1763,1775,1713,1763,1775,1713,1763,1775,1713,12,-50,12,50,FALSE,FALSE
218,42,1654,1672,1578,1654,1672,1578,1654,1672,1578,18,-76,18,76,FALSE,FALSE
218,43,1557,1562,1487,1557,1562,1487,1557,1562,1487,5,-70,5,70,FALSE,FALSE
218,44,1466,1465,1404,1466,1465,1404,1466,1465,1404,-1,-62,1,62,FALSE,FALSE
218,45,1363,1368,1316,1363,1368,1316,1363,1368,1316,5,-47,5,47,FALSE,FALSE
218,46,1274,1275,1232,1274,1275,1232,1274,1275,1232,1,-42,1,42,FALSE,FALSE
218,47,1182,1186,1141,1182,1186,1141,1182,1186,1141,4,-41,4,41,FALSE,FALSE
218,48,1111,1106,1084,1111,1106,1084,1111,1106,1084,-5,-27,5,27,FALSE,FALSE
218,49,1038,1037,1004,1038,1037,1004,1038,1037,1004,-1,-34,1,34,FALSE,FALSE
218,50,965,980,941,965,980,941,965,980,941,15,-24,15,24,FALSE,FALSE
218,51,889,920,884,889,920,884,889,920,884,31,-5,31,5,FALSE,FALSE
218,52,822,861,831,822,861,831,822,861,831,39,9,39,9,FALSE,FALSE
218,53,750,801,770,750,801,770,750,801,770,51,20,51,20,FALSE,FALSE
218,54,710,749,710,710,749,710,710,749,710,39,0,39,0,FALSE,TRUE
218,55,667,688,661,667,688,661,667,688,661,21,-6,21,6,FALSE,FALSE
218,56,618,643,611,618,643,611,618,643,611,25,-7,25,7,FALSE,FALSE
218,57,581,592,575,581,592,575,581,592,575,11,-6,11,6,FALSE,FALSE
218,58,544,555,547,544,555,547,544,555,547,11,3,11,3,FALSE,FALSE
218,59,505,518,512,505,518,512,505,518,512,13,7,13,7,FALSE,FALSE
218,60,476,490,478,476,490,478,476,490,478,14,2,14,2,FALSE,FALSE
219,0,49,49,49,49,49,49,49,49,49,0,0,0,0,TRUE,TRUE
219,1,75,78,73,75,78,73,75,78,73,3,-2,3,2,FALSE,FALSE
219,2,115,110,108,115,110,108,115,110,108,-5,-7,5,7,FALSE,FALSE
219,3,173,158,169,173,158,169,173,158,169,-15,-4,15,4,FALSE,FALSE
219,4,235,210,236,235,210,236,235,210,236,-25,1,25,1,FALSE,FALSE
219,5,306,290,340,306,290,340,306,290,340,-16,34,16,34,FALSE,FALSE
219,6,429,393,463,429,393,463,429,393,463,-36,34,36,34,FALSE,FALSE
219,7,585,537,621,585,537,621,585,537,621,-48,36,48,36,FALSE,FALSE
219,8,793,746,797,793,746,797,793,746,797,-47,4,47,4,FALSE,FALSE
219,9,1020,990,984,1020,990,984,1020,990,984,-30,-36,30,36,FALSE,FALSE
219,10,1209,1200,1192,1209,1200,1192,1209,1200,1192,-9,-17,9,17,FALSE,FALSE
219,11,1421,1449,1450,1421,1449,1450,1421,1449,1450,28,29,28,29,FALSE,FALSE
219,12,1636,1656,1614,1636,1656,1614,1636,1656,1614,20,-22,20,22,FALSE,FALSE
219,13,1737,1766,1691,1737,1766,1691,1737,1766,1691,29,-46,29,46,FALSE,FALSE
219,14,1790,1814,1750,1790,1814,1750,1790,1814,1750,24,-40,24,40,FALSE,FALSE
219,15,1776,1788,1675,1776,1788,1675,1776,1788,1675,12,-101,12,101,FALSE,FALSE
219,16,1704,1714,1618,1704,1714,1618,1704,1714,1618,10,-86,10,86,FALSE,FALSE
219,17,1586,1577,1516,1586,1577,1516,1586,1577,1516,-9,-70,9,70,FALSE,FALSE
219,18,1498,1416,1419,1498,1416,1419,1498,1416,1419,-82,-79,82,79,FALSE,FALSE
219,19,1349,1256,1307,1349,1256,1307,1349,1256,1307,-93,-42,93,42,FALSE,FALSE
219,20,1216,1119,1184,1216,1119,1184,1216,1119,1184,-97,-32,97,32,FALSE,FALSE
219,21,1091,1020,1048,1091,1020,1048,1091,1020,1048,-71,-43,71,43,FALSE,FALSE
219,22,945,876,944,945,876,944,945,876,944,-69,-1,69,1,FALSE,FALSE
219,23,813,758,831,813,758,831,813,758,831,-55,18,55,18,FALSE,FALSE
219,24,699,664,691,699,664,691,699,664,691,-35,-8,35,8,FALSE,FALSE
219,25,602,577,616,602,577,616,602,577,616,-25,14,25,14,FALSE,FALSE
219,26,495,493,526,495,493,526,495,493,526,-2,31,2,31,FALSE,FALSE
219,27,446,411,451,446,411,451,446,411,451,-35,5,35,5,FALSE,FALSE
219,28,388,349,393,388,349,393,388,349,393,-39,5,39,5,FALSE,FALSE
219,29,326,296,351,326,296,351,326,296,351,-30,25,30,25,FALSE,FALSE
219,30,284,251,302,284,251,302,284,251,302,-33,18,33,18,FALSE,FALSE
219,31,252,214,267,252,214,267,252,214,267,-38,15,38,15,FALSE,FALSE
219,32,216,193,237,216,193,237,216,193,237,-23,21,23,21,FALSE,FALSE
219,33,191,169,207,191,169,207,191,169,207,-22,16,22,16,FALSE,FALSE
219,34,165,140,173,165,140,173,165,140,173,-25,8,25,8,FALSE,FALSE
219,35,141,114,139,141,114,139,141,114,139,-27,-2,27,2,FALSE,FALSE
219,36,116,100,123,116,100,123,116,100,123,-16,7,16,7,FALSE,FALSE
219,37,102,82,112,102,82,112,102,82,112,-20,10,20,10,FALSE,FALSE
219,38,84,65,97,84,65,97,84,65,97,-19,13,19,13,FALSE,FALSE
219,39,76,53,81,76,53,81,76,53,81,-23,5,23,5,FALSE,FALSE
219,40,63,41,67,63,41,67,63,41,67,-22,4,22,4,FALSE,FALSE
219,41,49,32,64,49,32,64,49,32,64,-17,15,17,15,FALSE,FALSE
219,42,42,27,54,42,27,54,42,27,54,-15,12,15,12,FALSE,FALSE
219,43,35,23,46,35,23,46,35,23,46,-12,11,12,11,FALSE,FALSE
219,44,29,20,39,29,20,39,29,20,39,-9,10,9,10,FALSE,FALSE
219,45,21,18,38,21,18,38,21,18,38,-3,17,3,17,FALSE,FALSE
219,46,18,15,33,18,15,33,18,15,33,-3,15,3,15,FALSE,FALSE
219,47,17,12,29,17,12,29,17,12,29,-5,12,5,12,FALSE,FALSE
219,48,13,11,25,13,11,25,13,11,25,-2,12,2,12,FALSE,FALSE
219,49,12,9,19,12,9,19,12,9,19,-3,7,3,7,FALSE,FALSE
219,50,8,6,18,8,6,18,8,6,18,-2,10,2,10,FALSE,FALSE
219,51,7,5,15,7,5,15,7,5,15,-2,8,2,8,FALSE,FALSE
219,52,5,4,11,5,4,11,5,4,11,-1,6,1,6,FALSE,FALSE
219,53,3,2,8,3,2,8,3,2,8,-1,5,1,5,FALSE,FALSE
219,54,3,2,8,3,2,8,3,2,8,-1,5,1,5,FALSE,FALSE
219,55,3,0,7,3,0,7,3,0,7,-3,4,3,4,FALSE,FALSE
219,56,3,0,5,3,0,5,3,0,5,-3,2,3,2,FALSE,FALSE
219,57,4,0,4,4,0,4,4,0,4,-4,0,4,0,FALSE,TRUE
219,58,4,0,4,4,0,4,4,0,4,-4,0,4,0,FALSE,TRUE
219,59,1,0,4,1,0,4,1,0,4,-1,3,1,3,FALSE,FALSE
219,60,1,0,4,1,0,4,1,0,4,-1,3,1,3,FALSE,FALSE
220,0,82,82,82,82,82,82,82,82,82,0,0,0,0,TRUE,TRUE
220,1,78,81,92,78,81,92,78,81,92,3,14,3,14,FALSE,FALSE
220,2,80,84,97,80,84,97,80,84,97,4,17,4,17,FALSE,FALSE
220,3,82,91,100,82,91,100,82,91,100,9,18,9,18,FALSE,FALSE
220,4,84,97,108,84,97,108,84,97,108,13,24,13,24,FALSE,FALSE
220,5,90,98,116,90,98,116,90,98,116,8,26,8,26,FALSE,FALSE
220,6,99,104,121,99,104,121,99,104,121,5,22,5,22,FALSE,FALSE
220,7,107,107,130,107,107,130,107,107,130,0,23,0,23,TRUE,FALSE
220,8,119,115,142,119,115,142,119,115,142,-4,23,4,23,FALSE,FALSE
220,9,120,108,143,120,108,143,120,108,143,-12,23,12,23,FALSE,FALSE
220,10,125,121,150,125,121,150,125,121,150,-4,25,4,25,FALSE,FALSE
220,11,149,123,165,149,123,165,149,123,165,-26,16,26,16,FALSE,FALSE
220,12,160,126,160,160,126,160,160,126,160,-34,0,34,0,FALSE,TRUE
220,13,165,125,167,165,125,167,165,125,167,-40,2,40,2,FALSE,FALSE
220,14,171,133,182,171,133,182,171,133,182,-38,11,38,11,FALSE,FALSE
220,15,183,138,182,183,138,182,183,138,182,-45,-1,45,1,FALSE,FALSE
220,16,189,151,192,189,151,192,189,151,192,-38,3,38,3,FALSE,FALSE
220,17,193,153,199,193,153,199,193,153,199,-40,6,40,6,FALSE,FALSE
220,18,205,171,205,205,171,205,205,171,205,-34,0,34,0,FALSE,TRUE
220,19,216,176,216,216,176,216,216,176,216,-40,0,40,0,FALSE,TRUE
220,20,230,190,222,230,190,222,230,190,222,-40,-8,40,8,FALSE,FALSE
220,21,234,198,223,234,198,223,234,198,223,-36,-11,36,11,FALSE,FALSE
220,22,242,214,242,242,214,242,242,214,242,-28,0,28,0,FALSE,TRUE
220,23,248,227,233,248,227,233,248,227,233,-21,-15,21,15,FALSE,FALSE
220,24,265,239,245,265,239,245,265,239,245,-26,-20,26,20,FALSE,FALSE
220,25,284,252,258,284,252,258,284,252,258,-32,-26,32,26,FALSE,FALSE
220,26,284,254,269,284,254,269,284,254,269,-30,-15,30,15,FALSE,FALSE
220,27,290,266,283,290,266,283,290,266,283,-24,-7,24,7,FALSE,FALSE
220,28,306,280,276,306,280,276,306,280,276,-26,-30,26,30,FALSE,FALSE
220,29,317,289,288,317,289,288,317,289,288,-28,-29,28,29,FALSE,FALSE
220,30,329,294,300,329,294,300,329,294,300,-35,-29,35,29,FALSE,FALSE
220,31,357,306,313,357,306,313,357,306,313,-51,-44,51,44,FALSE,FALSE
220,32,364,313,311,364,313,311,364,313,311,-51,-53,51,53,FALSE,FALSE
220,33,375,319,320,375,319,320,375,319,320,-56,-55,56,55,FALSE,FALSE
220,34,385,321,322,385,321,322,385,321,322,-64,-63,64,63,FALSE,FALSE
220,35,403,333,331,403,333,331,403,333,331,-70,-72,70,72,FALSE,FALSE
220,36,393,337,338,393,337,338,393,337,338,-56,-55,56,55,FALSE,FALSE
220,37,396,349,341,396,349,341,396,349,341,-47,-55,47,55,FALSE,FALSE
220,38,401,346,346,401,346,346,401,346,346,-55,-55,55,55,FALSE,FALSE
220,39,412,354,344,412,354,344,412,354,344,-58,-68,58,68,FALSE,FALSE
220,40,416,351,355,416,351,355,416,351,355,-65,-61,65,61,FALSE,FALSE
220,41,429,353,360,429,353,360,429,353,360,-76,-69,76,69,FALSE,FALSE
220,42,452,358,359,452,358,359,452,358,359,-94,-93,94,93,FALSE,FALSE
220,43,462,371,364,462,371,364,462,371,364,-91,-98,91,98,FALSE,FALSE
220,44,471,371,373,471,371,373,471,371,373,-100,-98,100,98,FALSE,FALSE
220,45,478,370,376,478,370,376,478,370,376,-108,-102,108,102,FALSE,FALSE
220,46,494,368,381,494,368,381,494,368,381,-126,-113,126,113,FALSE,FALSE
220,47,483,376,385,483,376,385,483,376,385,-107,-98,107,98,FALSE,FALSE
220,48,502,384,395,502,384,395,502,384,395,-118,-107,118,107,FALSE,FALSE
220,49,508,386,388,508,386,388,508,386,388,-122,-120,122,120,FALSE,FALSE
220,50,517,396,377,517,396,377,517,396,377,-121,-140,121,140,FALSE,FALSE
220,51,519,398,375,519,398,375,519,398,375,-121,-144,121,144,FALSE,FALSE
220,52,526,385,370,526,385,370,526,385,370,-141,-156,141,156,FALSE,FALSE
220,53,523,399,361,523,399,361,523,399,361,-124,-162,124,162,FALSE,FALSE
220,54,533,405,371,533,405,371,533,405,371,-128,-162,128,162,FALSE,FALSE
220,55,534,402,374,534,402,374,534,402,374,-132,-160,132,160,FALSE,FALSE
220,56,536,415,368,536,415,368,536,415,368,-121,-168,121,168,FALSE,FALSE
220,57,547,425,377,547,425,377,547,425,377,-122,-170,122,170,FALSE,FALSE
220,58,543,438,362,543,438,362,543,438,362,-105,-181,105,181,FALSE,FALSE
220,59,523,437,355,523,437,355,523,437,355,-86,-168,86,168,FALSE,FALSE
220,60,525,444,353,525,444,353,525,444,353,-81,-172,81,172,FALSE,FALSE
221,0,115,115,115,115,115,115,115,115,115,0,0,0,0,TRUE,TRUE
221,1,204,225,192,204,225,192,204,225,192,21,-12,21,12,FALSE,FALSE
221,2,336,396,342,336,396,342,336,396,342,60,6,60,6,FALSE,FALSE
221,3,539,673,560,539,673,560,539,673,560,134,21,134,21,FALSE,FALSE
221,4,913,1136,956,913,1136,956,913,1136,956,223,43,223,43,FALSE,FALSE
221,5,1365,1711,1526,1365,1711,1526,1365,1711,1526,346,161,346,161,FALSE,FALSE
221,6,1991,2402,2222,1991,2402,2222,1991,2402,2222,411,231,411,231,FALSE,FALSE
221,7,2552,2986,2811,2552,2986,2811,2552,2986,2811,434,259,434,259,FALSE,FALSE
221,8,2988,3249,3249,2988,3249,3249,2988,3249,3249,261,261,261,261,FALSE,FALSE
221,9,3089,3235,3273,3089,3235,3273,3089,3235,3273,146,184,146,184,FALSE,FALSE
221,10,2958,3017,3126,2958,3017,3126,2958,3017,3126,59,168,59,168,FALSE,FALSE
221,11,2697,2714,2761,2697,2714,2761,2697,2714,2761,17,64,17,64,FALSE,FALSE
221,12,2312,2373,2331,2312,2373,2331,2312,2373,2331,61,19,61,19,FALSE,FALSE
221,13,1962,2021,1939,1962,2021,1939,1962,2021,1939,59,-23,59,23,FALSE,FALSE
221,14,1648,1683,1598,1648,1683,1598,1648,1683,1598,35,-50,35,50,FALSE,FALSE
221,15,1364,1418,1326,1364,1418,1326,1364,1418,1326,54,-38,54,38,FALSE,FALSE
221,16,1113,1167,1055,1113,1167,1055,1113,1167,1055,54,-58,54,58,FALSE,FALSE
221,17,901,959,868,901,959,868,901,959,868,58,-33,58,33,FALSE,FALSE
221,18,737,762,702,737,762,702,737,762,702,25,-35,25,35,FALSE,FALSE
221,19,600,625,589,600,625,589,600,625,589,25,-11,25,11,FALSE,FALSE
221,20,474,513,471,474,513,471,474,513,471,39,-3,39,3,FALSE,FALSE
221,21,370,409,374,370,409,374,370,409,374,39,4,39,4,FALSE,FALSE
221,22,299,326,304,299,326,304,299,326,304,27,5,27,5,FALSE,FALSE
221,23,232,254,245,232,254,245,232,254,245,22,13,22,13,FALSE,FALSE
221,24,183,199,201,183,199,201,183,199,201,16,18,16,18,FALSE,FALSE
221,25,142,160,162,142,160,162,142,160,162,18,20,18,20,FALSE,FALSE
221,26,117,133,132,117,133,132,117,133,132,16,15,16,15,FALSE,FALSE
221,27,93,111,100,93,111,100,93,111,100,18,7,18,7,FALSE,FALSE
221,28,79,98,83,79,98,83,79,98,83,19,4,19,4,FALSE,FALSE
221,29,63,82,70,63,82,70,63,82,70,19,7,19,7,FALSE,FALSE
221,30,52,68,55,52,68,55,52,68,55,16,3,16,3,FALSE,FALSE
221,31,41,52,43,41,52,43,41,52,43,11,2,11,2,FALSE,FALSE
221,32,28,46,36,28,46,36,28,46,36,18,8,18,8,FALSE,FALSE
221,33,23,42,30,23,42,30,23,42,30,19,7,19,7,FALSE,FALSE
221,34,19,31,28,19,31,28,19,31,28,12,9,12,9,FALSE,FALSE
221,35,12,28,24,12,28,24,12,28,24,16,12,16,12,FALSE,FALSE
221,36,9,22,22,9,22,22,9,22,22,13,13,13,13,FALSE,FALSE
221,37,6,19,18,6,19,18,6,19,18,13,12,13,12,FALSE,FALSE
221,38,6,17,14,6,17,14,6,17,14,11,8,11,8,FALSE,FALSE
221,39,5,14,13,5,14,13,5,14,13,9,8,9,8,FALSE,FALSE
221,40,5,14,11,5,14,11,5,14,11,9,6,9,6,FALSE,FALSE
221,41,5,13,8,5,13,8,5,13,8,8,3,8,3,FALSE,FALSE
221,42,5,11,6,5,11,6,5,11,6,6,1,6,1,FALSE,FALSE
221,43,4,11,5,4,11,5,4,11,5,7,1,7,1,FALSE,FALSE
221,44,3,12,4,3,12,4,3,12,4,9,1,9,1,FALSE,FALSE
221,45,3,9,4,3,9,4,3,9,4,6,1,6,1,FALSE,FALSE
221,46,2,8,4,2,8,4,2,8,4,6,2,6,2,FALSE,FALSE
221,47,2,4,2,2,4,2,2,4,2,2,0,2,0,FALSE,TRUE
221,48,2,4,2,2,4,2,2,4,2,2,0,2,0,FALSE,TRUE
221,49,3,3,2,3,3,2,3,3,2,0,-1,0,1,TRUE,FALSE
221,50,2,2,0,2,2,0,2,2,0,0,-2,0,2,TRUE,FALSE
221,51,1,1,0,1,1,0,1,1,0,0,-1,0,1,TRUE,FALSE
221,52,1,1,0,1,1,0,1,1,0,0,-1,0,1,TRUE,FALSE
221,53,0,1,0,0,1,0,0,1,0,1,0,1,0,FALSE,TRUE
221,54,0,1,0,0,1,0,0,1,0,1,0,1,0,FALSE,TRUE
221,55,0,1,0,0,1,0,0,1,0,1,0,1,0,FALSE,TRUE
221,56,0,1,0,0,1,0,0,1,0,1,0,1,0,FALSE,TRUE
221,57,0,1,0,0,1,0,0,1,0,1,0,1,0,FALSE,TRUE
221,58,0,1,0,0,1,0,0,1,0,1,0,1,0,FALSE,TRUE
221,59,0,1,0,0,1,0,0,1,0,1,0,1,0,FALSE,TRUE
221,60,0,1,0,0,1,0,0,1,0,1,0,1,0,FALSE,TRUE
222,0,136,136,136,136,136,136,136,136,136,0,0,0,0,TRUE,TRUE
222,1,181,188,195,181,188,195,181,188,195,7,14,7,14,FALSE,FALSE
222,2,224,240,245,224,240,245,224,240,245,16,21,16,21,FALSE,FALSE
222,3,297,337,297,297,337,297,297,337,297,40,0,40,0,FALSE,TRUE
222,4,383,414,407,383,414,407,383,414,407,31,24,31,24,FALSE,FALSE
222,5,528,517,506,528,517,506,528,517,506,-11,-22,11,22,FALSE,FALSE
222,6,652,634,657,652,634,657,652,634,657,-18,5,18,5,FALSE,FALSE
222,7,814,787,836,814,787,836,814,787,836,-27,22,27,22,FALSE,FALSE
222,8,1022,955,1029,1022,955,1029,1022,955,1029,-67,7,67,7,FALSE,FALSE
222,9,1206,1197,1244,1206,1197,1244,1206,1197,1244,-9,38,9,38,FALSE,FALSE
222,10,1442,1406,1455,1442,1406,1455,1442,1406,1455,-36,13,36,13,FALSE,FALSE
222,11,1675,1619,1656,1675,1619,1656,1675,1619,1656,-56,-19,56,19,FALSE,FALSE
222,12,1891,1864,1797,1891,1864,1797,1891,1864,1797,-27,-94,27,94,FALSE,FALSE
222,13,2084,2024,2034,2084,2024,2034,2084,2024,2034,-60,-50,60,50,FALSE,FALSE
222,14,2260,2130,2167,2260,2130,2167,2260,2130,2167,-130,-93,130,93,FALSE,FALSE
222,15,2289,2185,2246,2289,2185,2246,2289,2185,2246,-104,-43,104,43,FALSE,FALSE
222,16,2300,2166,2275,2300,2166,2275,2300,2166,2275,-134,-25,134,25,FALSE,FALSE
222,17,2271,2133,2214,2271,2133,2214,2271,2133,2214,-138,-57,138,57,FALSE,FALSE
222,18,2150,2080,2146,2150,2080,2146,2150,2080,2146,-70,-4,70,4,FALSE,FALSE
222,19,2008,1971,2034,2008,1971,2034,2008,1971,2034,-37,26,37,26,FALSE,FALSE
222,20,1888,1847,1902,1888,1847,1902,1888,1847,1902,-41,14,41,14,FALSE,FALSE
222,21,1710,1683,1732,1710,1683,1732,1710,1683,1732,-27,22,27,22,FALSE,FALSE
222,22,1541,1512,1567,1541,1512,1567,1541,1512,1567,-29,26,29,26,FALSE,FALSE
222,23,1355,1359,1391,1355,1359,1391,1355,1359,1391,4,36,4,36,FALSE,FALSE
222,24,1182,1199,1219,1182,1199,1219,1182,1199,1219,17,37,17,37,FALSE,FALSE
222,25,1029,1031,1043,1029,1031,1043,1029,1031,1043,2,14,2,14,FALSE,FALSE
222,26,906,902,903,906,902,903,906,902,903,-4,-3,4,3,FALSE,FALSE
222,27,789,779,782,789,779,782,789,779,782,-10,-7,10,7,FALSE,FALSE
222,28,711,691,685,711,691,685,711,691,685,-20,-26,20,26,FALSE,FALSE
222,29,623,567,590,623,567,590,623,567,590,-56,-33,56,33,FALSE,FALSE
222,30,537,491,500,537,491,500,537,491,500,-46,-37,46,37,FALSE,FALSE
222,31,457,428,408,457,428,408,457,428,408,-29,-49,29,49,FALSE,FALSE
222,32,393,371,345,393,371,345,393,371,345,-22,-48,22,48,FALSE,FALSE
222,33,338,329,295,338,329,295,338,329,295,-9,-43,9,43,FALSE,FALSE
222,34,293,290,250,293,290,250,293,290,250,-3,-43,3,43,FALSE,FALSE
222,35,248,250,214,248,250,214,248,250,214,2,-34,2,34,FALSE,FALSE
222,36,220,214,171,220,214,171,220,214,171,-6,-49,6,49,FALSE,FALSE
222,37,168,183,144,168,183,144,168,183,144,15,-24,15,24,FALSE,FALSE
222,38,146,161,117,146,161,117,146,161,117,15,-29,15,29,FALSE,FALSE
222,39,126,134,102,126,134,102,126,134,102,8,-24,8,24,FALSE,FALSE
222,40,111,114,83,111,114,83,111,114,83,3,-28,3,28,FALSE,FALSE
222,41,92,105,75,92,105,75,92,105,75,13,-17,13,17,FALSE,FALSE
222,42,82,87,60,82,87,60,82,87,60,5,-22,5,22,FALSE,FALSE
222,43,63,82,51,63,82,51,63,82,51,19,-12,19,12,FALSE,FALSE
222,44,57,74,41,57,74,41,57,74,41,17,-16,17,16,FALSE,FALSE
222,45,49,65,37,49,65,37,49,65,37,16,-12,16,12,FALSE,FALSE
222,46,42,59,29,42,59,29,42,59,29,17,-13,17,13,FALSE,FALSE
222,47,38,44,27,38,44,27,38,44,27,6,-11,6,11,FALSE,FALSE
222,48,35,38,25,35,38,25,35,38,25,3,-10,3,10,FALSE,FALSE
222,49,29,34,20,29,34,20,29,34,20,5,-9,5,9,FALSE,FALSE
222,50,30,27,17,30,27,17,30,27,17,-3,-13,3,13,FALSE,FALSE
222,51,23,24,14,23,24,14,23,24,14,1,-9,1,9,FALSE,FALSE
222,52,18,20,13,18,20,13,18,20,13,2,-5,2,5,FALSE,FALSE
222,53,17,17,12,17,17,12,17,17,12,0,-5,0,5,TRUE,FALSE
222,54,15,13,12,15,13,12,15,13,12,-2,-3,2,3,FALSE,FALSE
222,55,16,9,12,16,9,12,16,9,12,-7,-4,7,4,FALSE,FALSE
222,56,11,6,12,11,6,12,11,6,12,-5,1,5,1,FALSE,FALSE
222,57,9,5,9,9,5,9,9,5,9,-4,0,4,0,FALSE,TRUE
222,58,7,6,9,7,6,9,7,6,9,-1,2,1,2,FALSE,FALSE
222,59,7,6,9,7,6,9,7,6,9,-1,2,1,2,FALSE,FALSE
222,60,5,4,8,5,4,8,5,4,8,-1,3,1,3,FALSE,FALSE
223,0,125,125,125,125,125,125,125,125,125,0,0,0,0,TRUE,TRUE
223,1,166,150,159,166,150,159,166,150,159,-16,-7,16,7,FALSE,FALSE
223,2,196,183,191,196,183,191,196,183,191,-13,-5,13,5,FALSE,FALSE
223,3,240,223,227,240,223,227,240,223,227,-17,-13,17,13,FALSE,FALSE
223,4,309,291,280,309,291,280,309,291,280,-18,-29,18,29,FALSE,FALSE
223,5,394,354,356,394,354,356,394,354,356,-40,-38,40,38,FALSE,FALSE
223,6,501,430,426,501,430,426,501,430,426,-71,-75,71,75,FALSE,FALSE
223,7,608,532,525,608,532,525,608,532,525,-76,-83,76,83,FALSE,FALSE
223,8,736,629,643,736,629,643,736,629,643,-107,-93,107,93,FALSE,FALSE
223,9,875,750,766,875,750,766,875,750,766,-125,-109,125,109,FALSE,FALSE
223,10,1041,897,925,1041,897,925,1041,897,925,-144,-116,144,116,FALSE,FALSE
223,11,1218,1094,1097,1218,1094,1097,1218,1094,1097,-124,-121,124,121,FALSE,FALSE
223,12,1425,1332,1292,1425,1332,1292,1425,1332,1292,-93,-133,93,133,FALSE,FALSE
223,13,1654,1560,1474,1654,1560,1474,1654,1560,1474,-94,-180,94,180,FALSE,FALSE
223,14,1863,1734,1687,1863,1734,1687,1863,1734,1687,-129,-176,129,176,FALSE,FALSE
223,15,2068,1913,1901,2068,1913,1901,2068,1913,1901,-155,-167,155,167,FALSE,FALSE
223,16,2227,2115,2076,2227,2115,2076,2227,2115,2076,-112,-151,112,151,FALSE,FALSE
223,17,2342,2235,2207,2342,2235,2207,2342,2235,2207,-107,-135,107,135,FALSE,FALSE
223,18,2446,2322,2319,2446,2322,2319,2446,2322,2319,-124,-127,124,127,FALSE,FALSE
223,19,2486,2419,2398,2486,2419,2398,2486,2419,2398,-67,-88,67,88,FALSE,FALSE
223,20,2475,2460,2480,2475,2460,2480,2475,2460,2480,-15,5,15,5,FALSE,FALSE
223,21,2479,2427,2497,2479,2427,2497,2479,2427,2497,-52,18,52,18,FALSE,FALSE
223,22,2445,2435,2490,2445,2435,2490,2445,2435,2490,-10,45,10,45,FALSE,FALSE
223,23,2406,2381,2475,2406,2381,2475,2406,2381,2475,-25,69,25,69,FALSE,FALSE
223,24,2302,2306,2430,2302,2306,2430,2302,2306,2430,4,128,4,128,FALSE,FALSE
223,25,2233,2231,2301,2233,2231,2301,2233,2231,2301,-2,68,2,68,FALSE,FALSE
223,26,2126,2119,2226,2126,2119,2226,2126,2119,2226,-7,100,7,100,FALSE,FALSE
223,27,2039,2016,2125,2039,2016,2125,2039,2016,2125,-23,86,23,86,FALSE,FALSE
223,28,1938,1935,2046,1938,1935,2046,1938,1935,2046,-3,108,3,108,FALSE,FALSE
223,29,1812,1830,1960,1812,1830,1960,1812,1830,1960,18,148,18,148,FALSE,FALSE
223,30,1699,1700,1821,1699,1700,1821,1699,1700,1821,1,122,1,122,FALSE,FALSE
223,31,1596,1592,1704,1596,1592,1704,1596,1592,1704,-4,108,4,108,FALSE,FALSE
223,32,1475,1468,1571,1475,1468,1571,1475,1468,1571,-7,96,7,96,FALSE,FALSE
223,33,1342,1362,1450,1342,1362,1450,1342,1362,1450,20,108,20,108,FALSE,FALSE
223,34,1234,1264,1309,1234,1264,1309,1234,1264,1309,30,75,30,75,FALSE,FALSE
223,35,1120,1172,1201,1120,1172,1201,1120,1172,1201,52,81,52,81,FALSE,FALSE
223,36,1020,1065,1107,1020,1065,1107,1020,1065,1107,45,87,45,87,FALSE,FALSE
223,37,922,974,1024,922,974,1024,922,974,1024,52,102,52,102,FALSE,FALSE
223,38,870,912,921,870,912,921,870,912,921,42,51,42,51,FALSE,FALSE
223,39,806,832,826,806,832,826,806,832,826,26,20,26,20,FALSE,FALSE
223,40,728,750,751,728,750,751,728,750,751,22,23,22,23,FALSE,FALSE
223,41,676,702,687,676,702,687,676,702,687,26,11,26,11,FALSE,FALSE
223,42,618,625,630,618,625,630,618,625,630,7,12,7,12,FALSE,FALSE
223,43,569,576,585,569,576,585,569,576,585,7,16,7,16,FALSE,FALSE
223,44,516,520,536,516,520,536,516,520,536,4,20,4,20,FALSE,FALSE
223,45,472,466,490,472,466,490,472,466,490,-6,18,6,18,FALSE,FALSE
223,46,437,418,441,437,418,441,437,418,441,-19,4,19,4,FALSE,FALSE
223,47,408,382,403,408,382,403,408,382,403,-26,-5,26,5,FALSE,FALSE
223,48,370,346,378,370,346,378,370,346,378,-24,8,24,8,FALSE,FALSE
223,49,338,313,343,338,313,343,338,313,343,-25,5,25,5,FALSE,FALSE
223,50,313,282,302,313,282,302,313,282,302,-31,-11,31,11,FALSE,FALSE
223,51,295,266,275,295,266,275,295,266,275,-29,-20,29,20,FALSE,FALSE
223,52,271,242,243,271,242,243,271,242,243,-29,-28,29,28,FALSE,FALSE
223,53,241,216,222,241,216,222,241,216,222,-25,-19,25,19,FALSE,FALSE
223,54,228,198,204,228,198,204,228,198,204,-30,-24,30,24,FALSE,FALSE
223,55,205,175,188,205,175,188,205,175,188,-30,-17,30,17,FALSE,FALSE
223,56,192,151,172,192,151,172,192,151,172,-41,-20,41,20,FALSE,FALSE
223,57,179,139,159,179,139,159,179,139,159,-40,-20,40,20,FALSE,FALSE
223,58,162,126,140,162,126,140,162,126,140,-36,-22,36,22,FALSE,FALSE
223,59,150,115,120,150,115,120,150,115,120,-35,-30,35,30,FALSE,FALSE
223,60,141,110,111,141,110,111,141,110,111,-31,-30,31,30,FALSE,FALSE
224,0,71,71,71,71,71,71,71,71,71,0,0,0,0,TRUE,TRUE
224,1,100,86,90,100,86,90,100,86,90,-14,-10,14,10,FALSE,FALSE
224,2,139,105,126,139,105,126,139,105,126,-34,-13,34,13,FALSE,FALSE
224,3,167,124,159,167,124,159,167,124,159,-43,-8,43,8,FALSE,FALSE
224,4,219,158,201,219,158,201,219,158,201,-61,-18,61,18,FALSE,FALSE
224,5,286,181,244,286,181,244,286,181,244,-105,-42,105,42,FALSE,FALSE
224,6,347,228,304,347,228,304,347,228,304,-119,-43,119,43,FALSE,FALSE
224,7,424,268,384,424,268,384,424,268,384,-156,-40,156,40,FALSE,FALSE
224,8,522,301,490,522,301,490,522,301,490,-221,-32,221,32,FALSE,FALSE
224,9,634,367,556,634,367,556,634,367,556,-267,-78,267,78,FALSE,FALSE
224,10,739,447,640,739,447,640,739,447,640,-292,-99,292,99,FALSE,FALSE
224,11,813,500,773,813,500,773,813,500,773,-313,-40,313,40,FALSE,FALSE
224,12,925,542,905,925,542,905,925,542,905,-383,-20,383,20,FALSE,FALSE
224,13,1026,618,983,1026,618,983,1026,618,983,-408,-43,408,43,FALSE,FALSE
224,14,1130,718,1023,1130,718,1023,1130,718,1023,-412,-107,412,107,FALSE,FALSE
224,15,1182,805,1094,1182,805,1094,1182,805,1094,-377,-88,377,88,FALSE,FALSE
224,16,1205,905,1119,1205,905,1119,1205,905,1119,-300,-86,300,86,FALSE,FALSE
224,17,1184,938,1167,1184,938,1167,1184,938,1167,-246,-17,246,17,FALSE,FALSE
224,18,1144,1000,1124,1144,1000,1124,1144,1000,1124,-144,-20,144,20,FALSE,FALSE
224,19,1100,1029,1104,1100,1029,1104,1100,1029,1104,-71,4,71,4,FALSE,FALSE
224,20,1028,1034,1009,1028,1034,1009,1028,1034,1009,6,-19,6,19,FALSE,FALSE
224,21,965,1007,940,965,1007,940,965,1007,940,42,-25,42,25,FALSE,FALSE
224,22,897,955,861,897,955,861,897,955,861,58,-36,58,36,FALSE,FALSE
224,23,830,925,797,830,925,797,830,925,797,95,-33,95,33,FALSE,FALSE
224,24,776,872,724,776,872,724,776,872,724,96,-52,96,52,FALSE,FALSE
224,25,664,823,655,664,823,655,664,823,655,159,-9,159,9,FALSE,FALSE
224,26,587,745,587,587,745,587,587,745,587,158,0,158,0,FALSE,TRUE
224,27,508,694,508,508,694,508,508,694,508,186,0,186,0,FALSE,TRUE
224,28,438,608,449,438,608,449,438,608,449,170,11,170,11,FALSE,FALSE
224,29,379,543,393,379,543,393,379,543,393,164,14,164,14,FALSE,FALSE
224,30,329,490,363,329,490,363,329,490,363,161,34,161,34,FALSE,FALSE
224,31,276,423,325,276,423,325,276,423,325,147,49,147,49,FALSE,FALSE
224,32,231,367,305,231,367,305,231,367,305,136,74,136,74,FALSE,FALSE
224,33,193,336,244,193,336,244,193,336,244,143,51,143,51,FALSE,FALSE
224,34,169,318,210,169,318,210,169,318,210,149,41,149,41,FALSE,FALSE
224,35,137,284,169,137,284,169,137,284,169,147,32,147,32,FALSE,FALSE
224,36,116,253,143,116,253,143,116,253,143,137,27,137,27,FALSE,FALSE
224,37,100,234,129,100,234,129,100,234,129,134,29,134,29,FALSE,FALSE
224,38,87,202,110,87,202,110,87,202,110,115,23,115,23,FALSE,FALSE
224,39,79,179,97,79,179,97,79,179,97,100,18,100,18,FALSE,FALSE
224,40,75,153,80,75,153,80,75,153,80,78,5,78,5,FALSE,FALSE
224,41,73,133,67,73,133,67,73,133,67,60,-6,60,6,FALSE,FALSE
224,42,61,117,62,61,117,62,61,117,62,56,1,56,1,FALSE,FALSE
224,43,47,114,52,47,114,52,47,114,52,67,5,67,5,FALSE,FALSE
224,44,38,104,45,38,104,45,38,104,45,66,7,66,7,FALSE,FALSE
224,45,34,92,36,34,92,36,34,92,36,58,2,58,2,FALSE,FALSE
224,46,28,85,33,28,85,33,28,85,33,57,5,57,5,FALSE,FALSE
224,47,24,65,28,24,65,28,24,65,28,41,4,41,4,FALSE,FALSE
224,48,18,55,24,18,55,24,18,55,24,37,6,37,6,FALSE,FALSE
224,49,16,51,25,16,51,25,16,51,25,35,9,35,9,FALSE,FALSE
224,50,10,44,22,10,44,22,10,44,22,34,12,34,12,FALSE,FALSE
224,51,7,35,16,7,35,16,7,35,16,28,9,28,9,FALSE,FALSE
224,52,5,23,9,5,23,9,5,23,9,18,4,18,4,FALSE,FALSE
224,53,3,23,6,3,23,6,3,23,6,20,3,20,3,FALSE,FALSE
224,54,2,17,6,2,17,6,2,17,6,15,4,15,4,FALSE,FALSE
224,55,1,14,5,1,14,5,1,14,5,13,4,13,4,FALSE,FALSE
224,56,1,13,3,1,13,3,1,13,3,12,2,12,2,FALSE,FALSE
224,57,1,11,2,1,11,2,1,11,2,10,1,10,1,FALSE,FALSE
224,58,0,11,2,0,11,2,0,11,2,11,2,11,2,FALSE,FALSE
224,59,0,7,1,0,7,1,0,7,1,7,1,7,1,FALSE,FALSE
224,60,0,5,1,0,5,1,0,5,1,5,1,5,1,FALSE,FALSE
225,0,151,151,151,151,151,151,151,151,151,0,0,0,0,TRUE,TRUE
225,1,202,220,234,202,220,234,202,220,234,18,32,18,32,FALSE,FALSE
225,2,301,304,338,301,304,338,301,304,338,3,37,3,37,FALSE,FALSE
225,3,423,425,452,423,425,452,423,425,452,2,29,2,29,FALSE,FALSE
225,4,607,556,636,607,556,636,607,556,636,-51,29,51,29,FALSE,FALSE
225,5,821,760,865,821,760,865,821,760,865,-61,44,61,44,FALSE,FALSE
225,6,1069,1004,1154,1069,1004,1154,1069,1004,1154,-65,85,65,85,FALSE,FALSE
225,7,1394,1335,1503,1394,1335,1503,1394,1335,1503,-59,109,59,109,FALSE,FALSE
225,8,1783,1711,1931,1783,1711,1931,1783,1711,1931,-72,148,72,148,FALSE,FALSE
225,9,2201,2097,2354,2201,2097,2354,2201,2097,2354,-104,153,104,153,FALSE,FALSE
225,10,2648,2480,2814,2648,2480,2814,2648,2480,2814,-168,166,168,166,FALSE,FALSE
225,11,2982,2792,3151,2982,2792,3151,2982,2792,3151,-190,169,190,169,FALSE,FALSE
225,12,3261,3094,3379,3261,3094,3379,3261,3094,3379,-167,118,167,118,FALSE,FALSE
225,13,3382,3241,3508,3382,3241,3508,3382,3241,3508,-141,126,141,126,FALSE,FALSE
225,14,3444,3344,3490,3444,3344,3490,3444,3344,3490,-100,46,100,46,FALSE,FALSE
225,15,3364,3347,3392,3364,3347,3392,3364,3347,3392,-17,28,17,28,FALSE,FALSE
225,16,3219,3224,3236,3219,3224,3236,3219,3224,3236,5,17,5,17,FALSE,FALSE
225,17,3010,3059,3044,3010,3059,3044,3010,3059,3044,49,34,49,34,FALSE,FALSE
225,18,2745,2907,2808,2745,2907,2808,2745,2907,2808,162,63,162,63,FALSE,FALSE
225,19,2500,2644,2550,2500,2644,2550,2500,2644,2550,144,50,144,50,FALSE,FALSE
225,20,2219,2439,2296,2219,2439,2296,2219,2439,2296,220,77,220,77,FALSE,FALSE
225,21,2014,2202,2034,2014,2202,2034,2014,2202,2034,188,20,188,20,FALSE,FALSE
225,22,1817,1996,1802,1817,1996,1802,1817,1996,1802,179,-15,179,15,FALSE,FALSE
225,23,1617,1787,1589,1617,1787,1589,1617,1787,1589,170,-28,170,28,FALSE,FALSE
225,24,1426,1589,1398,1426,1589,1398,1426,1589,1398,163,-28,163,28,FALSE,FALSE
225,25,1293,1430,1232,1293,1430,1232,1293,1430,1232,137,-61,137,61,FALSE,FALSE
225,26,1144,1249,1081,1144,1249,1081,1144,1249,1081,105,-63,105,63,FALSE,FALSE
225,27,1012,1106,945,1012,1106,945,1012,1106,945,94,-67,94,67,FALSE,FALSE
225,28,904,970,831,904,970,831,904,970,831,66,-73,66,73,FALSE,FALSE
225,29,812,855,731,812,855,731,812,855,731,43,-81,43,81,FALSE,FALSE
225,30,725,757,633,725,757,633,725,757,633,32,-92,32,92,FALSE,FALSE
225,31,642,644,540,642,644,540,642,644,540,2,-102,2,102,FALSE,FALSE
225,32,540,545,471,540,545,471,540,545,471,5,-69,5,69,FALSE,FALSE
225,33,479,474,406,479,474,406,479,474,406,-5,-73,5,73,FALSE,FALSE
225,34,409,414,352,409,414,352,409,414,352,5,-57,5,57,FALSE,FALSE
225,35,356,346,293,356,346,293,356,346,293,-10,-63,10,63,FALSE,FALSE
225,36,302,296,253,302,296,253,302,296,253,-6,-49,6,49,FALSE,FALSE
225,37,273,257,225,273,257,225,273,257,225,-16,-48,16,48,FALSE,FALSE
225,38,243,223,202,243,223,202,243,223,202,-20,-41,20,41,FALSE,FALSE
225,39,217,188,175,217,188,175,217,188,175,-29,-42,29,42,FALSE,FALSE
225,40,187,174,140,187,174,140,187,174,140,-13,-47,13,47,FALSE,FALSE
225,41,171,149,118,171,149,118,171,149,118,-22,-53,22,53,FALSE,FALSE
225,42,136,139,95,136,139,95,136,139,95,3,-41,3,41,FALSE,FALSE
225,43,113,133,81,113,133,81,113,133,81,20,-32,20,32,FALSE,FALSE
225,44,100,114,72,100,114,72,100,114,72,14,-28,14,28,FALSE,FALSE
225,45,86,102,66,86,102,66,86,102,66,16,-20,16,20,FALSE,FALSE
225,46,73,91,56,73,91,56,73,91,56,18,-17,18,17,FALSE,FALSE
225,47,64,81,42,64,81,42,64,81,42,17,-22,17,22,FALSE,FALSE
225,48,57,66,40,57,66,40,57,66,40,9,-17,9,17,FALSE,FALSE
225,49,54,57,33,54,57,33,54,57,33,3,-21,3,21,FALSE,FALSE
225,50,45,40,27,45,40,27,45,40,27,-5,-18,5,18,FALSE,FALSE
225,51,43,38,21,43,38,21,43,38,21,-5,-22,5,22,FALSE,FALSE
225,52,37,33,18,37,33,18,37,33,18,-4,-19,4,19,FALSE,FALSE
225,53,33,28,15,33,28,15,33,28,15,-5,-18,5,18,FALSE,FALSE
225,54,27,21,13,27,21,13,27,21,13,-6,-14,6,14,FALSE,FALSE
225,55,25,19,11,25,19,11,25,19,11,-6,-14,6,14,FALSE,FALSE
225,56,24,18,10,24,18,10,24,18,10,-6,-14,6,14,FALSE,FALSE
225,57,19,18,9,19,18,9,19,18,9,-1,-10,1,10,FALSE,FALSE
225,58,18,17,10,18,17,10,18,17,10,-1,-8,1,8,FALSE,FALSE
225,59,14,14,5,14,14,5,14,14,5,0,-9,0,9,TRUE,FALSE
225,60,11,12,5,11,12,5,11,12,5,1,-6,1,6,FALSE,FALSE
226,0,87,87,87,87,87,87,87,87,87,0,0,0,0,TRUE,TRUE
226,1,122,139,122,122,139,122,122,139,122,17,0,17,0,FALSE,TRUE
226,2,181,212,186,181,212,186,181,212,186,31,5,31,5,FALSE,FALSE
226,3,240,312,271,240,312,271,240,312,271,72,31,72,31,FALSE,FALSE
226,4,357,449,390,357,449,390,357,449,390,92,33,92,33,FALSE,FALSE
226,5,497,624,564,497,624,564,497,624,564,127,67,127,67,FALSE,FALSE
226,6,710,904,779,710,904,779,710,904,779,194,69,194,69,FALSE,FALSE
226,7,976,1266,1082,976,1266,1082,976,1266,1082,290,106,290,106,FALSE,FALSE
226,8,1290,1689,1430,1290,1689,1430,1290,1689,1430,399,140,399,140,FALSE,FALSE
226,9,1684,2112,1801,1684,2112,1801,1684,2112,1801,428,117,428,117,FALSE,FALSE
226,10,2026,2522,2204,2026,2522,2204,2026,2522,2204,496,178,496,178,FALSE,FALSE
226,11,2361,2787,2527,2361,2787,2527,2361,2787,2527,426,166,426,166,FALSE,FALSE
226,12,2641,3030,2786,2641,3030,2786,2641,3030,2786,389,145,389,145,FALSE,FALSE
226,13,2869,3057,2944,2869,3057,2944,2869,3057,2944,188,75,188,75,FALSE,FALSE
226,14,2948,2938,2984,2948,2938,2984,2948,2938,2984,-10,36,10,36,FALSE,FALSE
226,15,2843,2765,2901,2843,2765,2901,2843,2765,2901,-78,58,78,58,FALSE,FALSE
226,16,2770,2583,2761,2770,2583,2761,2770,2583,2761,-187,-9,187,9,FALSE,FALSE
226,17,2602,2346,2553,2602,2346,2553,2602,2346,2553,-256,-49,256,49,FALSE,FALSE
226,18,2408,2136,2343,2408,2136,2343,2408,2136,2343,-272,-65,272,65,FALSE,FALSE
226,19,2204,1915,2126,2204,1915,2126,2204,1915,2126,-289,-78,289,78,FALSE,FALSE
226,20,1990,1708,1897,1990,1708,1897,1990,1708,1897,-282,-93,282,93,FALSE,FALSE
226,21,1785,1507,1678,1785,1507,1678,1785,1507,1678,-278,-107,278,107,FALSE,FALSE
226,22,1589,1333,1497,1589,1333,1497,1589,1333,1497,-256,-92,256,92,FALSE,FALSE
226,23,1422,1179,1351,1422,1179,1351,1422,1179,1351,-243,-71,243,71,FALSE,FALSE
226,24,1230,1036,1157,1230,1036,1157,1230,1036,1157,-194,-73,194,73,FALSE,FALSE
226,25,1073,917,1039,1073,917,1039,1073,917,1039,-156,-34,156,34,FALSE,FALSE
226,26,918,801,891,918,801,891,918,801,891,-117,-27,117,27,FALSE,FALSE
226,27,808,698,782,808,698,782,808,698,782,-110,-26,110,26,FALSE,FALSE
226,28,709,598,680,709,598,680,709,598,680,-111,-29,111,29,FALSE,FALSE
226,29,598,543,576,598,543,576,598,543,576,-55,-22,55,22,FALSE,FALSE
226,30,541,478,501,541,478,501,541,478,501,-63,-40,63,40,FALSE,FALSE
226,31,485,419,447,485,419,447,485,419,447,-66,-38,66,38,FALSE,FALSE
226,32,436,368,394,436,368,394,436,368,394,-68,-42,68,42,FALSE,FALSE
226,33,368,321,338,368,321,338,368,321,338,-47,-30,47,30,FALSE,FALSE
226,34,308,284,280,308,284,280,308,284,280,-24,-28,24,28,FALSE,FALSE
226,35,266,251,246,266,251,246,266,251,246,-15,-20,15,20,FALSE,FALSE
226,36,241,223,210,241,223,210,241,223,210,-18,-31,18,31,FALSE,FALSE
226,37,220,192,192,220,192,192,220,192,192,-28,-28,28,28,FALSE,FALSE
226,38,187,172,161,187,172,161,187,172,161,-15,-26,15,26,FALSE,FALSE
226,39,165,144,145,165,144,145,165,144,145,-21,-20,21,20,FALSE,FALSE
226,40,136,127,131,136,127,131,136,127,131,-9,-5,9,5,FALSE,FALSE
226,41,119,117,119,119,117,119,119,117,119,-2,0,2,0,FALSE,TRUE
226,42,98,96,107,98,96,107,98,96,107,-2,9,2,9,FALSE,FALSE
226,43,79,80,89,79,80,89,79,80,89,1,10,1,10,FALSE,FALSE
226,44,72,67,79,72,67,79,72,67,79,-5,7,5,7,FALSE,FALSE
226,45,60,59,69,60,59,69,60,59,69,-1,9,1,9,FALSE,FALSE
226,46,49,53,58,49,53,58,49,53,58,4,9,4,9,FALSE,FALSE
226,47,41,47,48,41,47,48,41,47,48,6,7,6,7,FALSE,FALSE
226,48,28,38,45,28,38,45,28,38,45,10,17,10,17,FALSE,FALSE
226,49,23,36,40,23,36,40,23,36,40,13,17,13,17,FALSE,FALSE
226,50,21,29,36,21,29,36,21,29,36,8,15,8,15,FALSE,FALSE
226,51,18,26,33,18,26,33,18,26,33,8,15,8,15,FALSE,FALSE
226,52,13,23,29,13,23,29,13,23,29,10,16,10,16,FALSE,FALSE
226,53,7,21,24,7,21,24,7,21,24,14,17,14,17,FALSE,FALSE
226,54,7,17,20,7,17,20,7,17,20,10,13,10,13,FALSE,FALSE
226,55,7,17,15,7,17,15,7,17,15,10,8,10,8,FALSE,FALSE
226,56,6,16,8,6,16,8,6,16,8,10,2,10,2,FALSE,FALSE
226,57,5,14,7,5,14,7,5,14,7,9,2,9,2,FALSE,FALSE
226,58,5,13,6,5,13,6,5,13,6,8,1,8,1,FALSE,FALSE
226,59,5,11,5,5,11,5,5,11,5,6,0,6,0,FALSE,TRUE
226,60,5,11,5,5,11,5,5,11,5,6,0,6,0,FALSE,TRUE
227,0,53,53,53,53,53,53,53,53,53,0,0,0,0,TRUE,TRUE
227,1,53,57,65,53,57,65,53,57,65,4,12,4,12,FALSE,FALSE
227,2,65,71,78,65,71,78,65,71,78,6,13,6,13,FALSE,FALSE
227,3,70,79,91,70,79,91,70,79,91,9,21,9,21,FALSE,FALSE
227,4,80,88,100,80,88,100,80,88,100,8,20,8,20,FALSE,FALSE
227,5,91,104,119,91,104,119,91,104,119,13,28,13,28,FALSE,FALSE
227,6,107,114,142,107,114,142,107,114,142,7,35,7,35,FALSE,FALSE
227,7,117,137,158,117,137,158,117,137,158,20,41,20,41,FALSE,FALSE
227,8,128,158,190,128,158,190,128,158,190,30,62,30,62,FALSE,FALSE
227,9,154,201,226,154,201,226,154,201,226,47,72,47,72,FALSE,FALSE
227,10,166,232,291,166,232,291,166,232,291,66,125,66,125,FALSE,FALSE
227,11,186,277,335,186,277,335,186,277,335,91,149,91,149,FALSE,FALSE
227,12,212,327,379,212,327,379,212,327,379,115,167,115,167,FALSE,FALSE
227,13,241,373,418,241,373,418,241,373,418,132,177,132,177,FALSE,FALSE
227,14,295,413,463,295,413,463,295,413,463,118,168,118,168,FALSE,FALSE
227,15,339,469,506,339,469,506,339,469,506,130,167,130,167,FALSE,FALSE
227,16,375,517,576,375,517,576,375,517,576,142,201,142,201,FALSE,FALSE
227,17,427,572,655,427,572,655,427,572,655,145,228,145,228,FALSE,FALSE
227,18,493,636,724,493,636,724,493,636,724,143,231,143,231,FALSE,FALSE
227,19,546,725,778,546,725,778,546,725,778,179,232,179,232,FALSE,FALSE
227,20,633,770,861,633,770,861,633,770,861,137,228,137,228,FALSE,FALSE
227,21,719,844,924,719,844,924,719,844,924,125,205,125,205,FALSE,FALSE
227,22,772,898,1043,772,898,1043,772,898,1043,126,271,126,271,FALSE,FALSE
227,23,848,987,1103,848,987,1103,848,987,1103,139,255,139,255,FALSE,FALSE
227,24,917,1080,1183,917,1080,1183,917,1080,1183,163,266,163,266,FALSE,FALSE
227,25,1004,1161,1237,1004,1161,1237,1004,1161,1237,157,233,157,233,FALSE,FALSE
227,26,1067,1206,1295,1067,1206,1295,1067,1206,1295,139,228,139,228,FALSE,FALSE
227,27,1164,1260,1330,1164,1260,1330,1164,1260,1330,96,166,96,166,FALSE,FALSE
227,28,1226,1319,1358,1226,1319,1358,1226,1319,1358,93,132,93,132,FALSE,FALSE
227,29,1256,1372,1360,1256,1372,1360,1256,1372,1360,116,104,116,104,FALSE,FALSE
227,30,1307,1411,1391,1307,1411,1391,1307,1411,1391,104,84,104,84,FALSE,FALSE
227,31,1355,1456,1406,1355,1456,1406,1355,1456,1406,101,51,101,51,FALSE,FALSE
227,32,1389,1484,1417,1389,1484,1417,1389,1484,1417,95,28,95,28,FALSE,FALSE
227,33,1386,1486,1420,1386,1486,1420,1386,1486,1420,100,34,100,34,FALSE,FALSE
227,34,1424,1462,1376,1424,1462,1376,1424,1462,1376,38,-48,38,48,FALSE,FALSE
227,35,1446,1446,1337,1446,1446,1337,1446,1446,1337,0,-109,0,109,TRUE,FALSE
227,36,1442,1436,1325,1442,1436,1325,1442,1436,1325,-6,-117,6,117,FALSE,FALSE
227,37,1448,1433,1298,1448,1433,1298,1448,1433,1298,-15,-150,15,150,FALSE,FALSE
227,38,1455,1370,1252,1455,1370,1252,1455,1370,1252,-85,-203,85,203,FALSE,FALSE
227,39,1415,1331,1203,1415,1331,1203,1415,1331,1203,-84,-212,84,212,FALSE,FALSE
227,40,1374,1299,1151,1374,1299,1151,1374,1299,1151,-75,-223,75,223,FALSE,FALSE
227,41,1340,1234,1134,1340,1234,1134,1340,1234,1134,-106,-206,106,206,FALSE,FALSE
227,42,1300,1163,1070,1300,1163,1070,1300,1163,1070,-137,-230,137,230,FALSE,FALSE
227,43,1250,1094,1020,1250,1094,1020,1250,1094,1020,-156,-230,156,230,FALSE,FALSE
227,44,1188,1046,958,1188,1046,958,1188,1046,958,-142,-230,142,230,FALSE,FALSE
227,45,1128,992,908,1128,992,908,1128,992,908,-136,-220,136,220,FALSE,FALSE
227,46,1096,951,840,1096,951,840,1096,951,840,-145,-256,145,256,FALSE,FALSE
227,47,1045,901,800,1045,901,800,1045,901,800,-144,-245,144,245,FALSE,FALSE
227,48,991,845,737,991,845,737,991,845,737,-146,-254,146,254,FALSE,FALSE
227,49,935,814,693,935,814,693,935,814,693,-121,-242,121,242,FALSE,FALSE
227,50,884,760,659,884,760,659,884,760,659,-124,-225,124,225,FALSE,FALSE
227,51,817,720,601,817,720,601,817,720,601,-97,-216,97,216,FALSE,FALSE
227,52,788,666,546,788,666,546,788,666,546,-122,-242,122,242,FALSE,FALSE
227,53,757,617,513,757,617,513,757,617,513,-140,-244,140,244,FALSE,FALSE
227,54,723,576,471,723,576,471,723,576,471,-147,-252,147,252,FALSE,FALSE
227,55,677,560,441,677,560,441,677,560,441,-117,-236,117,236,FALSE,FALSE
227,56,617,502,427,617,502,427,617,502,427,-115,-190,115,190,FALSE,FALSE
227,57,558,474,392,558,474,392,558,474,392,-84,-166,84,166,FALSE,FALSE
227,58,525,436,369,525,436,369,525,436,369,-89,-156,89,156,FALSE,FALSE
227,59,480,398,345,480,398,345,480,398,345,-82,-135,82,135,FALSE,FALSE
227,60,439,362,305,439,362,305,439,362,305,-77,-134,77,134,FALSE,FALSE
228,0,122,122,122,122,122,122,122,122,122,0,0,0,0,TRUE,TRUE
228,1,140,149,147,140,149,147,140,149,147,9,7,9,7,FALSE,FALSE
228,2,188,168,182,188,168,182,188,168,182,-20,-6,20,6,FALSE,FALSE
228,3,217,193,232,217,193,232,217,193,232,-24,15,24,15,FALSE,FALSE
228,4,260,228,275,260,228,275,260,228,275,-32,15,32,15,FALSE,FALSE
228,5,305,287,334,305,287,334,305,287,334,-18,29,18,29,FALSE,FALSE
228,6,365,331,393,365,331,393,365,331,393,-34,28,34,28,FALSE,FALSE
228,7,437,378,467,437,378,467,437,378,467,-59,30,59,30,FALSE,FALSE
228,8,515,451,539,515,451,539,515,451,539,-64,24,64,24,FALSE,FALSE
228,9,623,522,605,623,522,605,623,522,605,-101,-18,101,18,FALSE,FALSE
228,10,737,613,714,737,613,714,737,613,714,-124,-23,124,23,FALSE,FALSE
228,11,852,705,835,852,705,835,852,705,835,-147,-17,147,17,FALSE,FALSE
228,12,926,791,969,926,791,969,926,791,969,-135,43,135,43,FALSE,FALSE
228,13,1101,910,1088,1101,910,1088,1101,910,1088,-191,-13,191,13,FALSE,FALSE
228,14,1283,1035,1205,1283,1035,1205,1283,1035,1205,-248,-78,248,78,FALSE,FALSE
228,15,1383,1160,1302,1383,1160,1302,1383,1160,1302,-223,-81,223,81,FALSE,FALSE
228,16,1486,1317,1416,1486,1317,1416,1486,1317,1416,-169,-70,169,70,FALSE,FALSE
228,17,1641,1432,1522,1641,1432,1522,1641,1432,1522,-209,-119,209,119,FALSE,FALSE
228,18,1720,1550,1606,1720,1550,1606,1720,1550,1606,-170,-114,170,114,FALSE,FALSE
228,19,1774,1635,1703,1774,1635,1703,1774,1635,1703,-139,-71,139,71,FALSE,FALSE
228,20,1878,1749,1778,1878,1749,1778,1878,1749,1778,-129,-100,129,100,FALSE,FALSE
228,21,1907,1780,1841,1907,1780,1841,1907,1780,1841,-127,-66,127,66,FALSE,FALSE
228,22,1942,1812,1872,1942,1812,1872,1942,1812,1872,-130,-70,130,70,FALSE,FALSE
228,23,1902,1832,1835,1902,1832,1835,1902,1832,1835,-70,-67,70,67,FALSE,FALSE
228,24,1848,1849,1834,1848,1849,1834,1848,1849,1834,1,-14,1,14,FALSE,FALSE
228,25,1792,1861,1826,1792,1861,1826,1792,1861,1826,69,34,69,34,FALSE,FALSE
228,26,1687,1790,1744,1687,1790,1744,1687,1790,1744,103,57,103,57,FALSE,FALSE
228,27,1618,1723,1676,1618,1723,1676,1618,1723,1676,105,58,105,58,FALSE,FALSE
228,28,1527,1701,1626,1527,1701,1626,1527,1701,1626,174,99,174,99,FALSE,FALSE
228,29,1445,1621,1517,1445,1621,1517,1445,1621,1517,176,72,176,72,FALSE,FALSE
228,30,1338,1544,1447,1338,1544,1447,1338,1544,1447,206,109,206,109,FALSE,FALSE
228,31,1232,1488,1361,1232,1488,1361,1232,1488,1361,256,129,256,129,FALSE,FALSE
228,32,1162,1409,1240,1162,1409,1240,1162,1409,1240,247,78,247,78,FALSE,FALSE
228,33,1080,1302,1142,1080,1302,1142,1080,1302,1142,222,62,222,62,FALSE,FALSE
228,34,1009,1182,1070,1009,1182,1070,1009,1182,1070,173,61,173,61,FALSE,FALSE
228,35,925,1091,975,925,1091,975,925,1091,975,166,50,166,50,FALSE,FALSE
228,36,853,1013,891,853,1013,891,853,1013,891,160,38,160,38,FALSE,FALSE
228,37,760,928,810,760,928,810,760,928,810,168,50,168,50,FALSE,FALSE
228,38,703,834,749,703,834,749,703,834,749,131,46,131,46,FALSE,FALSE
228,39,633,743,682,633,743,682,633,743,682,110,49,110,49,FALSE,FALSE
228,40,583,677,618,583,677,618,583,677,618,94,35,94,35,FALSE,FALSE
228,41,517,625,592,517,625,592,517,625,592,108,75,108,75,FALSE,FALSE
228,42,468,557,540,468,557,540,468,557,540,89,72,89,72,FALSE,FALSE
228,43,414,509,500,414,509,500,414,509,500,95,86,95,86,FALSE,FALSE
228,44,365,471,461,365,471,461,365,471,461,106,96,106,96,FALSE,FALSE
228,45,331,420,418,331,420,418,331,420,418,89,87,89,87,FALSE,FALSE
228,46,296,381,365,296,381,365,296,381,365,85,69,85,69,FALSE,FALSE
228,47,273,350,322,273,350,322,273,350,322,77,49,77,49,FALSE,FALSE
228,48,251,325,285,251,325,285,251,325,285,74,34,74,34,FALSE,FALSE
228,49,231,295,245,231,295,245,231,295,245,64,14,64,14,FALSE,FALSE
228,50,211,262,216,211,262,216,211,262,216,51,5,51,5,FALSE,FALSE
228,51,181,235,190,181,235,190,181,235,190,54,9,54,9,FALSE,FALSE
228,52,164,206,165,164,206,165,164,206,165,42,1,42,1,FALSE,FALSE
228,53,148,187,142,148,187,142,148,187,142,39,-6,39,6,FALSE,FALSE
228,54,132,166,130,132,166,130,132,166,130,34,-2,34,2,FALSE,FALSE
228,55,120,143,119,120,143,119,120,143,119,23,-1,23,1,FALSE,FALSE
228,56,100,126,100,100,126,100,100,126,100,26,0,26,0,FALSE,TRUE
228,57,95,107,84,95,107,84,95,107,84,12,-11,12,11,FALSE,FALSE
228,58,92,95,78,92,95,78,92,95,78,3,-14,3,14,FALSE,FALSE
228,59,93,85,63,93,85,63,93,85,63,-8,-30,8,30,FALSE,FALSE
228,60,88,76,56,88,76,56,88,76,56,-12,-32,12,32,FALSE,FALSE
229,0,45,45,45,45,45,45,45,45,45,0,0,0,0,TRUE,TRUE
229,1,64,55,55,64,55,55,64,55,55,-9,-9,9,9,FALSE,FALSE
229,2,94,69,74,94,69,74,94,69,74,-25,-20,25,20,FALSE,FALSE
229,3,128,87,93,128,87,93,128,87,93,-41,-35,41,35,FALSE,FALSE
229,4,185,97,135,185,97,135,185,97,135,-88,-50,88,50,FALSE,FALSE
229,5,234,124,194,234,124,194,234,124,194,-110,-40,110,40,FALSE,FALSE
229,6,312,161,243,312,161,243,312,161,243,-151,-69,151,69,FALSE,FALSE
229,7,414,220,311,414,220,311,414,220,311,-194,-103,194,103,FALSE,FALSE
229,8,557,294,389,557,294,389,557,294,389,-263,-168,263,168,FALSE,FALSE
229,9,741,381,519,741,381,519,741,381,519,-360,-222,360,222,FALSE,FALSE
229,10,939,504,667,939,504,667,939,504,667,-435,-272,435,272,FALSE,FALSE
229,11,1138,688,842,1138,688,842,1138,688,842,-450,-296,450,296,FALSE,FALSE
229,12,1368,875,1035,1368,875,1035,1368,875,1035,-493,-333,493,333,FALSE,FALSE
229,13,1581,1113,1258,1581,1113,1258,1581,1113,1258,-468,-323,468,323,FALSE,FALSE
229,14,1777,1320,1507,1777,1320,1507,1777,1320,1507,-457,-270,457,270,FALSE,FALSE
229,15,1959,1592,1718,1959,1592,1718,1959,1592,1718,-367,-241,367,241,FALSE,FALSE
229,16,2136,1789,1924,2136,1789,1924,2136,1789,1924,-347,-212,347,212,FALSE,FALSE
229,17,2225,1993,2071,2225,1993,2071,2225,1993,2071,-232,-154,232,154,FALSE,FALSE
229,18,2240,2138,2135,2240,2138,2135,2240,2138,2135,-102,-105,102,105,FALSE,FALSE
229,19,2235,2224,2206,2235,2224,2206,2235,2224,2206,-11,-29,11,29,FALSE,FALSE
229,20,2181,2259,2201,2181,2259,2201,2181,2259,2201,78,20,78,20,FALSE,FALSE
229,21,2097,2247,2213,2097,2247,2213,2097,2247,2213,150,116,150,116,FALSE,FALSE
229,22,1998,2187,2149,1998,2187,2149,1998,2187,2149,189,151,189,151,FALSE,FALSE
229,23,1897,2128,2036,1897,2128,2036,1897,2128,2036,231,139,231,139,FALSE,FALSE
229,24,1792,2009,1901,1792,2009,1901,1792,2009,1901,217,109,217,109,FALSE,FALSE
229,25,1653,1877,1774,1653,1877,1774,1653,1877,1774,224,121,224,121,FALSE,FALSE
229,26,1508,1762,1640,1508,1762,1640,1508,1762,1640,254,132,254,132,FALSE,FALSE
229,27,1395,1652,1490,1395,1652,1490,1395,1652,1490,257,95,257,95,FALSE,FALSE
229,28,1270,1524,1369,1270,1524,1369,1270,1524,1369,254,99,254,99,FALSE,FALSE
229,29,1142,1395,1263,1142,1395,1263,1142,1395,1263,253,121,253,121,FALSE,FALSE
229,30,1032,1281,1153,1032,1281,1153,1032,1281,1153,249,121,249,121,FALSE,FALSE
229,31,927,1172,1031,927,1172,1031,927,1172,1031,245,104,245,104,FALSE,FALSE
229,32,817,1050,932,817,1050,932,817,1050,932,233,115,233,115,FALSE,FALSE
229,33,737,953,840,737,953,840,737,953,840,216,103,216,103,FALSE,FALSE
229,34,660,858,757,660,858,757,660,858,757,198,97,198,97,FALSE,FALSE
229,35,599,776,674,599,776,674,599,776,674,177,75,177,75,FALSE,FALSE
229,36,529,694,604,529,694,604,529,694,604,165,75,165,75,FALSE,FALSE
229,37,467,630,533,467,630,533,467,630,533,163,66,163,66,FALSE,FALSE
229,38,419,570,486,419,570,486,419,570,486,151,67,151,67,FALSE,FALSE
229,39,379,512,437,379,512,437,379,512,437,133,58,133,58,FALSE,FALSE
229,40,341,472,384,341,472,384,341,472,384,131,43,131,43,FALSE,FALSE
229,41,298,430,342,298,430,342,298,430,342,132,44,132,44,FALSE,FALSE
229,42,266,382,307,266,382,307,266,382,307,116,41,116,41,FALSE,FALSE
229,43,243,330,273,243,330,273,243,330,273,87,30,87,30,FALSE,FALSE
229,44,215,308,244,215,308,244,215,308,244,93,29,93,29,FALSE,FALSE
229,45,189,268,212,189,268,212,189,268,212,79,23,79,23,FALSE,FALSE
229,46,171,242,189,171,242,189,171,242,189,71,18,71,18,FALSE,FALSE
229,47,152,211,160,152,211,160,152,211,160,59,8,59,8,FALSE,FALSE
229,48,139,181,149,139,181,149,139,181,149,42,10,42,10,FALSE,FALSE
229,49,123,158,131,123,158,131,123,158,131,35,8,35,8,FALSE,FALSE
229,50,112,144,119,112,144,119,112,144,119,32,7,32,7,FALSE,FALSE
229,51,102,133,102,102,133,102,102,133,102,31,0,31,0,FALSE,TRUE
229,52,93,121,87,93,121,87,93,121,87,28,-6,28,6,FALSE,FALSE
229,53,83,110,74,83,110,74,83,110,74,27,-9,27,9,FALSE,FALSE
229,54,78,102,64,78,102,64,78,102,64,24,-14,24,14,FALSE,FALSE
229,55,72,98,63,72,98,63,72,98,63,26,-9,26,9,FALSE,FALSE
229,56,63,91,56,63,91,56,63,91,56,28,-7,28,7,FALSE,FALSE
229,57,62,86,51,62,86,51,62,86,51,24,-11,24,11,FALSE,FALSE
229,58,61,75,49,61,75,49,61,75,49,14,-12,14,12,FALSE,FALSE
229,59,53,69,45,53,69,45,53,69,45,16,-8,16,8,FALSE,FALSE
229,60,47,59,38,47,59,38,47,59,38,12,-9,12,9,FALSE,FALSE
230,0,65,65,65,65,65,65,65,65,65,0,0,0,0,TRUE,TRUE
230,1,84,75,74,84,75,74,84,75,74,-9,-10,9,10,FALSE,FALSE
230,2,102,87,80,102,87,80,102,87,80,-15,-22,15,22,FALSE,FALSE
230,3,132,109,84,132,109,84,132,109,84,-23,-48,23,48,FALSE,FALSE
230,4,145,112,92,145,112,92,145,112,92,-33,-53,33,53,FALSE,FALSE
230,5,171,121,93,171,121,93,171,121,93,-50,-78,50,78,FALSE,FALSE
230,6,188,140,103,188,140,103,188,140,103,-48,-85,48,85,FALSE,FALSE
230,7,223,152,109,223,152,109,223,152,109,-71,-114,71,114,FALSE,FALSE
230,8,243,201,120,243,201,120,243,201,120,-42,-123,42,123,FALSE,FALSE
230,9,286,235,126,286,235,126,286,235,126,-51,-160,51,160,FALSE,FALSE
230,10,315,274,134,315,274,134,315,274,134,-41,-181,41,181,FALSE,FALSE
230,11,359,304,151,359,304,151,359,304,151,-55,-208,55,208,FALSE,FALSE
230,12,400,358,169,400,358,169,400,358,169,-42,-231,42,231,FALSE,FALSE
230,13,422,399,202,422,399,202,422,399,202,-23,-220,23,220,FALSE,FALSE
230,14,469,452,228,469,452,228,469,452,228,-17,-241,17,241,FALSE,FALSE
230,15,520,504,283,520,504,283,520,504,283,-16,-237,16,237,FALSE,FALSE
230,16,574,556,326,574,556,326,574,556,326,-18,-248,18,248,FALSE,FALSE
230,17,628,595,339,628,595,339,628,595,339,-33,-289,33,289,FALSE,FALSE
230,18,689,618,367,689,618,367,689,618,367,-71,-322,71,322,FALSE,FALSE
230,19,737,669,399,737,669,399,737,669,399,-68,-338,68,338,FALSE,FALSE
230,20,744,698,427,744,698,427,744,698,427,-46,-317,46,317,FALSE,FALSE
230,21,755,763,460,755,763,460,755,763,460,8,-295,8,295,FALSE,FALSE
230,22,766,804,521,766,804,521,766,804,521,38,-245,38,245,FALSE,FALSE
230,23,776,816,540,776,816,540,776,816,540,40,-236,40,236,FALSE,FALSE
230,24,790,834,573,790,834,573,790,834,573,44,-217,44,217,FALSE,FALSE
230,25,779,830,619,779,830,619,779,830,619,51,-160,51,160,FALSE,FALSE
230,26,773,830,665,773,830,665,773,830,665,57,-108,57,108,FALSE,FALSE
230,27,709,794,696,709,794,696,709,794,696,85,-13,85,13,FALSE,FALSE
230,28,658,787,700,658,787,700,658,787,700,129,42,129,42,FALSE,FALSE
230,29,613,769,693,613,769,693,613,769,693,156,80,156,80,FALSE,FALSE
230,30,581,719,675,581,719,675,581,719,675,138,94,138,94,FALSE,FALSE
230,31,550,681,665,550,681,665,550,681,665,131,115,131,115,FALSE,FALSE
230,32,509,646,642,509,646,642,509,646,642,137,133,137,133,FALSE,FALSE
230,33,489,610,608,489,610,608,489,610,608,121,119,121,119,FALSE,FALSE
230,34,460,544,583,460,544,583,460,544,583,84,123,84,123,FALSE,FALSE
230,35,418,493,569,418,493,569,418,493,569,75,151,75,151,FALSE,FALSE
230,36,398,446,567,398,446,567,398,446,567,48,169,48,169,FALSE,FALSE
230,37,356,417,536,356,417,536,356,417,536,61,180,61,180,FALSE,FALSE
230,38,327,395,532,327,395,532,327,395,532,68,205,68,205,FALSE,FALSE
230,39,299,353,509,299,353,509,299,353,509,54,210,54,210,FALSE,FALSE
230,40,283,323,482,283,323,482,283,323,482,40,199,40,199,FALSE,FALSE
230,41,244,298,452,244,298,452,244,298,452,54,208,54,208,FALSE,FALSE
230,42,225,267,420,225,267,420,225,267,420,42,195,42,195,FALSE,FALSE
230,43,203,236,399,203,236,399,203,236,399,33,196,33,196,FALSE,FALSE
230,44,188,219,359,188,219,359,188,219,359,31,171,31,171,FALSE,FALSE
230,45,156,191,332,156,191,332,156,191,332,35,176,35,176,FALSE,FALSE
230,46,133,183,300,133,183,300,133,183,300,50,167,50,167,FALSE,FALSE
230,47,112,181,263,112,181,263,112,181,263,69,151,69,151,FALSE,FALSE
230,48,109,164,243,109,164,243,109,164,243,55,134,55,134,FALSE,FALSE
230,49,99,156,228,99,156,228,99,156,228,57,129,57,129,FALSE,FALSE
230,50,85,148,208,85,148,208,85,148,208,63,123,63,123,FALSE,FALSE
230,51,75,136,187,75,136,187,75,136,187,61,112,61,112,FALSE,FALSE
230,52,71,118,160,71,118,160,71,118,160,47,89,47,89,FALSE,FALSE
230,53,61,114,138,61,114,138,61,114,138,53,77,53,77,FALSE,FALSE
230,54,48,107,125,48,107,125,48,107,125,59,77,59,77,FALSE,FALSE
230,55,45,90,117,45,90,117,45,90,117,45,72,45,72,FALSE,FALSE
230,56,36,80,102,36,80,102,36,80,102,44,66,44,66,FALSE,FALSE
230,57,37,74,89,37,74,89,37,74,89,37,52,37,52,FALSE,FALSE
230,58,29,71,77,29,71,77,29,71,77,42,48,42,48,FALSE,FALSE
230,59,22,65,68,22,65,68,22,65,68,43,46,43,46,FALSE,FALSE
230,60,16,52,58,16,52,58,16,52,58,36,42,36,42,FALSE,FALSE
231,0,101,101,101,101,101,101,101,101,101,0,0,0,0,TRUE,TRUE
231,1,136,143,140,136,143,140,136,143,140,7,4,7,4,FALSE,FALSE
231,2,207,223,197,207,223,197,207,223,197,16,-10,16,10,FALSE,FALSE
231,3,282,307,276,282,307,276,282,307,276,25,-6,25,6,FALSE,FALSE
231,4,379,413,393,379,413,393,379,413,393,34,14,34,14,FALSE,FALSE
231,5,526,574,559,526,574,559,526,574,559,48,33,48,33,FALSE,FALSE
231,6,697,778,782,697,778,782,697,778,782,81,85,81,85,FALSE,FALSE
231,7,929,1058,1048,929,1058,1048,929,1058,1048,129,119,129,119,FALSE,FALSE
231,8,1214,1363,1310,1214,1363,1310,1214,1363,1310,149,96,149,96,FALSE,FALSE
231,9,1531,1651,1626,1531,1651,1626,1531,1651,1626,120,95,120,95,FALSE,FALSE
231,10,1889,1974,1992,1889,1974,1992,1889,1974,1992,85,103,85,103,FALSE,FALSE
231,11,2263,2287,2350,2263,2287,2350,2263,2287,2350,24,87,24,87,FALSE,FALSE
231,12,2577,2501,2650,2577,2501,2650,2577,2501,2650,-76,73,76,73,FALSE,FALSE
231,13,2814,2654,2844,2814,2654,2844,2814,2654,2844,-160,30,160,30,FALSE,FALSE
231,14,2956,2755,3003,2956,2755,3003,2956,2755,3003,-201,47,201,47,FALSE,FALSE
231,15,2983,2802,3014,2983,2802,3014,2983,2802,3014,-181,31,181,31,FALSE,FALSE
231,16,2926,2800,2927,2926,2800,2927,2926,2800,2927,-126,1,126,1,FALSE,FALSE
231,17,2785,2685,2767,2785,2685,2767,2785,2685,2767,-100,-18,100,18,FALSE,FALSE
231,18,2592,2476,2585,2592,2476,2585,2592,2476,2585,-116,-7,116,7,FALSE,FALSE
231,19,2346,2259,2361,2346,2259,2361,2346,2259,2361,-87,15,87,15,FALSE,FALSE
231,20,2148,2053,2124,2148,2053,2124,2148,2053,2124,-95,-24,95,24,FALSE,FALSE
231,21,1924,1823,1870,1924,1823,1870,1924,1823,1870,-101,-54,101,54,FALSE,FALSE
231,22,1717,1623,1651,1717,1623,1651,1717,1623,1651,-94,-66,94,66,FALSE,FALSE
231,23,1494,1427,1443,1494,1427,1443,1494,1427,1443,-67,-51,67,51,FALSE,FALSE
231,24,1317,1231,1272,1317,1231,1272,1317,1231,1272,-86,-45,86,45,FALSE,FALSE
231,25,1173,1070,1097,1173,1070,1097,1173,1070,1097,-103,-76,103,76,FALSE,FALSE
231,26,1017,953,942,1017,953,942,1017,953,942,-64,-75,64,75,FALSE,FALSE
231,27,865,844,811,865,844,811,865,844,811,-21,-54,21,54,FALSE,FALSE
231,28,759,748,717,759,748,717,759,748,717,-11,-42,11,42,FALSE,FALSE
231,29,671,649,619,671,649,619,671,649,619,-22,-52,22,52,FALSE,FALSE
231,30,577,558,548,577,558,548,577,558,548,-19,-29,19,29,FALSE,FALSE
231,31,487,479,481,487,479,481,487,479,481,-8,-6,8,6,FALSE,FALSE
231,32,430,399,406,430,399,406,430,399,406,-31,-24,31,24,FALSE,FALSE
231,33,368,328,341,368,328,341,368,328,341,-40,-27,40,27,FALSE,FALSE
231,34,310,274,297,310,274,297,310,274,297,-36,-13,36,13,FALSE,FALSE
231,35,272,242,258,272,242,258,272,242,258,-30,-14,30,14,FALSE,FALSE
231,36,229,194,224,229,194,224,229,194,224,-35,-5,35,5,FALSE,FALSE
231,37,202,171,197,202,171,197,202,171,197,-31,-5,31,5,FALSE,FALSE
231,38,175,150,167,175,150,167,175,150,167,-25,-8,25,8,FALSE,FALSE
231,39,145,127,143,145,127,143,145,127,143,-18,-2,18,2,FALSE,FALSE
231,40,126,107,118,126,107,118,126,107,118,-19,-8,19,8,FALSE,FALSE
231,41,106,105,107,106,105,107,106,105,107,-1,1,1,1,FALSE,FALSE
231,42,101,88,99,101,88,99,101,88,99,-13,-2,13,2,FALSE,FALSE
231,43,87,77,90,87,77,90,87,77,90,-10,3,10,3,FALSE,FALSE
231,44,78,63,72,78,63,72,78,63,72,-15,-6,15,6,FALSE,FALSE
231,45,62,56,63,62,56,63,62,56,63,-6,1,6,1,FALSE,FALSE
231,46,52,50,52,52,50,52,52,50,52,-2,0,2,0,FALSE,TRUE
231,47,43,42,46,43,42,46,43,42,46,-1,3,1,3,FALSE,FALSE
231,48,38,36,38,38,36,38,38,36,38,-2,0,2,0,FALSE,TRUE
231,49,32,31,37,32,31,37,32,31,37,-1,5,1,5,FALSE,FALSE
231,50,29,28,36,29,28,36,29,28,36,-1,7,1,7,FALSE,FALSE
231,51,24,24,33,24,24,33,24,24,33,0,9,0,9,TRUE,FALSE
231,52,22,22,30,22,22,30,22,22,30,0,8,0,8,TRUE,FALSE
231,53,19,17,23,19,17,23,19,17,23,-2,4,2,4,FALSE,FALSE
231,54,19,13,20,19,13,20,19,13,20,-6,1,6,1,FALSE,FALSE
231,55,13,10,18,13,10,18,13,10,18,-3,5,3,5,FALSE,FALSE
231,56,12,10,15,12,10,15,12,10,15,-2,3,2,3,FALSE,FALSE
231,57,11,11,14,11,11,14,11,11,14,0,3,0,3,TRUE,FALSE
231,58,11,10,9,11,10,9,11,10,9,-1,-2,1,2,FALSE,FALSE
231,59,12,11,7,12,11,7,12,11,7,-1,-5,1,5,FALSE,FALSE
231,60,11,10,7,11,10,7,11,10,7,-1,-4,1,4,FALSE,FALSE
232,0,104,104,104,104,104,104,104,104,104,0,0,0,0,TRUE,TRUE
232,1,191,142,181,191,142,181,191,142,181,-49,-10,49,10,FALSE,FALSE
232,2,316,246,304,316,246,304,316,246,304,-70,-12,70,12,FALSE,FALSE
232,3,517,397,538,517,397,538,517,397,538,-120,21,120,21,FALSE,FALSE
232,4,870,650,894,870,650,894,870,650,894,-220,24,220,24,FALSE,FALSE
232,5,1406,1051,1409,1406,1051,1409,1406,1051,1409,-355,3,355,3,FALSE,FALSE
232,6,2124,1562,2088,2124,1562,2088,2124,1562,2088,-562,-36,562,36,FALSE,FALSE
232,7,2983,2206,2906,2983,2206,2906,2983,2206,2906,-777,-77,777,77,FALSE,FALSE
232,8,3635,2890,3599,3635,2890,3599,3635,2890,3599,-745,-36,745,36,FALSE,FALSE
232,9,4024,3434,3966,4024,3434,3966,4024,3434,3966,-590,-58,590,58,FALSE,FALSE
232,10,4068,3802,4066,4068,3802,4066,4068,3802,4066,-266,-2,266,2,FALSE,FALSE
232,11,3791,3795,3821,3791,3795,3821,3791,3795,3821,4,30,4,30,FALSE,FALSE
232,12,3451,3615,3434,3451,3615,3434,3451,3615,3434,164,-17,164,17,FALSE,FALSE
232,13,3047,3289,2974,3047,3289,2974,3047,3289,2974,242,-73,242,73,FALSE,FALSE
232,14,2583,2905,2529,2583,2905,2529,2583,2905,2529,322,-54,322,54,FALSE,FALSE
232,15,2151,2501,2078,2151,2501,2078,2151,2501,2078,350,-73,350,73,FALSE,FALSE
232,16,1760,2097,1754,1760,2097,1754,1760,2097,1754,337,-6,337,6,FALSE,FALSE
232,17,1399,1771,1430,1399,1771,1430,1399,1771,1430,372,31,372,31,FALSE,FALSE
232,18,1124,1477,1159,1124,1477,1159,1124,1477,1159,353,35,353,35,FALSE,FALSE
232,19,893,1207,968,893,1207,968,893,1207,968,314,75,314,75,FALSE,FALSE
232,20,731,998,764,731,998,764,731,998,764,267,33,267,33,FALSE,FALSE
232,21,607,802,622,607,802,622,607,802,622,195,15,195,15,FALSE,FALSE
232,22,502,653,502,502,653,502,502,653,502,151,0,151,0,FALSE,TRUE
232,23,385,554,393,385,554,393,385,554,393,169,8,169,8,FALSE,FALSE
232,24,303,448,321,303,448,321,303,448,321,145,18,145,18,FALSE,FALSE
232,25,248,377,254,248,377,254,248,377,254,129,6,129,6,FALSE,FALSE
232,26,191,298,186,191,298,186,191,298,186,107,-5,107,5,FALSE,FALSE
232,27,159,240,151,159,240,151,159,240,151,81,-8,81,8,FALSE,FALSE
232,28,130,194,114,130,194,114,130,194,114,64,-16,64,16,FALSE,FALSE
232,29,109,159,85,109,159,85,109,159,85,50,-24,50,24,FALSE,FALSE
232,30,79,126,62,79,126,62,79,126,62,47,-17,47,17,FALSE,FALSE
232,31,64,107,50,64,107,50,64,107,50,43,-14,43,14,FALSE,FALSE
232,32,53,93,42,53,93,42,53,93,42,40,-11,40,11,FALSE,FALSE
232,33,41,71,37,41,71,37,41,71,37,30,-4,30,4,FALSE,FALSE
232,34,30,53,29,30,53,29,30,53,29,23,-1,23,1,FALSE,FALSE
232,35,19,43,25,19,43,25,19,43,25,24,6,24,6,FALSE,FALSE
232,36,15,36,22,15,36,22,15,36,22,21,7,21,7,FALSE,FALSE
232,37,13,33,17,13,33,17,13,33,17,20,4,20,4,FALSE,FALSE
232,38,12,28,15,12,28,15,12,28,15,16,3,16,3,FALSE,FALSE
232,39,11,24,11,11,24,11,11,24,11,13,0,13,0,FALSE,TRUE
232,40,11,18,9,11,18,9,11,18,9,7,-2,7,2,FALSE,FALSE
232,41,11,14,8,11,14,8,11,14,8,3,-3,3,3,FALSE,FALSE
232,42,5,10,7,5,10,7,5,10,7,5,2,5,2,FALSE,FALSE
232,43,4,7,7,4,7,7,4,7,7,3,3,3,3,FALSE,FALSE
232,44,4,7,6,4,7,6,4,7,6,3,2,3,2,FALSE,FALSE
232,45,4,8,5,4,8,5,4,8,5,4,1,4,1,FALSE,FALSE
232,46,3,6,5,3,6,5,3,6,5,3,2,3,2,FALSE,FALSE
232,47,2,4,3,2,4,3,2,4,3,2,1,2,1,FALSE,FALSE
232,48,1,4,0,1,4,0,1,4,0,3,-1,3,1,FALSE,FALSE
232,49,1,3,0,1,3,0,1,3,0,2,-1,2,1,FALSE,FALSE
232,50,0,3,0,0,3,0,0,3,0,3,0,3,0,FALSE,TRUE
232,51,0,3,0,0,3,0,0,3,0,3,0,3,0,FALSE,TRUE
232,52,0,2,0,0,2,0,0,2,0,2,0,2,0,FALSE,TRUE
232,53,0,2,0,0,2,0,0,2,0,2,0,2,0,FALSE,TRUE
232,54,0,2,0,0,2,0,0,2,0,2,0,2,0,FALSE,TRUE
232,55,0,1,0,0,1,0,0,1,0,1,0,1,0,FALSE,TRUE
232,56,0,1,0,0,1,0,0,1,0,1,0,1,0,FALSE,TRUE
232,57,0,0,0,0,0,0,0,0,0,0,0,0,0,TRUE,TRUE
232,58,0,0,0,0,0,0,0,0,0,0,0,0,0,TRUE,TRUE
232,59,0,0,0,0,0,0,0,0,0,0,0,0,0,TRUE,TRUE
232,60,0,0,0,0,0,0,0,0,0,0,0,0,0,TRUE,TRUE
233,0,111,111,111,111,111,111,111,111,111,0,0,0,0,TRUE,TRUE
233,1,176,171,175,176,171,175,176,171,175,-5,-1,5,1,FALSE,FALSE
233,2,270,259,269,270,259,269,270,259,269,-11,-1,11,1,FALSE,FALSE
233,3,407,423,397,407,423,397,407,423,397,16,-10,16,10,FALSE,FALSE
233,4,622,666,585,622,666,585,622,666,585,44,-37,44,37,FALSE,FALSE
233,5,882,940,828,882,940,828,882,940,828,58,-54,58,54,FALSE,FALSE
233,6,1220,1285,1168,1220,1285,1168,1220,1285,1168,65,-52,65,52,FALSE,FALSE
233,7,1606,1589,1511,1606,1589,1511,1606,1589,1511,-17,-95,17,95,FALSE,FALSE
233,8,1915,1851,1806,1915,1851,1806,1915,1851,1806,-64,-109,64,109,FALSE,FALSE
233,9,2112,2036,1999,2112,2036,1999,2112,2036,1999,-76,-113,76,113,FALSE,FALSE
233,10,2168,2044,2143,2168,2044,2143,2168,2044,2143,-124,-25,124,25,FALSE,FALSE
233,11,2091,1990,2123,2091,1990,2123,2091,1990,2123,-101,32,101,32,FALSE,FALSE
233,12,1973,1869,2044,1973,1869,2044,1973,1869,2044,-104,71,104,71,FALSE,FALSE
233,13,1764,1669,1866,1764,1669,1866,1764,1669,1866,-95,102,95,102,FALSE,FALSE
233,14,1536,1489,1645,1536,1489,1645,1536,1489,1645,-47,109,47,109,FALSE,FALSE
233,15,1352,1284,1445,1352,1284,1445,1352,1284,1445,-68,93,68,93,FALSE,FALSE
233,16,1178,1133,1247,1178,1133,1247,1178,1133,1247,-45,69,45,69,FALSE,FALSE
233,17,995,966,1066,995,966,1066,995,966,1066,-29,71,29,71,FALSE,FALSE
233,18,835,822,898,835,822,898,835,822,898,-13,63,13,63,FALSE,FALSE
233,19,689,688,758,689,688,758,689,688,758,-1,69,1,69,FALSE,FALSE
233,20,583,565,638,583,565,638,583,565,638,-18,55,18,55,FALSE,FALSE
233,21,461,471,502,461,471,502,461,471,502,10,41,10,41,FALSE,FALSE
233,22,367,381,418,367,381,418,367,381,418,14,51,14,51,FALSE,FALSE
233,23,317,319,350,317,319,350,317,319,350,2,33,2,33,FALSE,FALSE
233,24,262,255,281,262,255,281,262,255,281,-7,19,7,19,FALSE,FALSE
233,25,220,214,227,220,214,227,220,214,227,-6,7,6,7,FALSE,FALSE
233,26,183,182,186,183,182,186,183,182,186,-1,3,1,3,FALSE,FALSE
233,27,140,157,155,140,157,155,140,157,155,17,15,17,15,FALSE,FALSE
233,28,106,124,128,106,124,128,106,124,128,18,22,18,22,FALSE,FALSE
233,29,88,101,112,88,101,112,88,101,112,13,24,13,24,FALSE,FALSE
233,30,78,83,87,78,83,87,78,83,87,5,9,5,9,FALSE,FALSE
233,31,64,65,65,64,65,65,64,65,65,1,1,1,1,FALSE,FALSE
233,32,51,55,52,51,55,52,51,55,52,4,1,4,1,FALSE,FALSE
233,33,46,48,41,46,48,41,46,48,41,2,-5,2,5,FALSE,FALSE
233,34,35,46,37,35,46,37,35,46,37,11,2,11,2,FALSE,FALSE
233,35,31,40,30,31,40,30,31,40,30,9,-1,9,1,FALSE,FALSE
233,36,23,34,27,23,34,27,23,34,27,11,4,11,4,FALSE,FALSE
233,37,21,30,22,21,30,22,21,30,22,9,1,9,1,FALSE,FALSE
233,38,19,25,20,19,25,20,19,25,20,6,1,6,1,FALSE,FALSE
233,39,15,20,15,15,20,15,15,20,15,5,0,5,0,FALSE,TRUE
233,40,10,19,12,10,19,12,10,19,12,9,2,9,2,FALSE,FALSE
233,41,9,17,9,9,17,9,9,17,9,8,0,8,0,FALSE,TRUE
233,42,7,15,7,7,15,7,7,15,7,8,0,8,0,FALSE,TRUE
233,43,8,14,6,8,14,6,8,14,6,6,-2,6,2,FALSE,FALSE
233,44,8,12,6,8,12,6,8,12,6,4,-2,4,2,FALSE,FALSE
233,45,7,12,6,7,12,6,7,12,6,5,-1,5,1,FALSE,FALSE
233,46,4,11,5,4,11,5,4,11,5,7,1,7,1,FALSE,FALSE
233,47,2,10,3,2,10,3,2,10,3,8,1,8,1,FALSE,FALSE
233,48,3,7,3,3,7,3,3,7,3,4,0,4,0,FALSE,TRUE
233,49,3,6,2,3,6,2,3,6,2,3,-1,3,1,FALSE,FALSE
233,50,2,5,2,2,5,2,2,5,2,3,0,3,0,FALSE,TRUE
233,51,0,5,2,0,5,2,0,5,2,5,2,5,2,FALSE,FALSE
233,52,0,3,2,0,3,2,0,3,2,3,2,3,2,FALSE,FALSE
233,53,0,2,1,0,2,1,0,2,1,2,1,2,1,FALSE,FALSE
233,54,0,2,1,0,2,1,0,2,1,2,1,2,1,FALSE,FALSE
233,55,0,0,0,0,0,0,0,0,0,0,0,0,0,TRUE,TRUE
233,56,0,0,0,0,0,0,0,0,0,0,0,0,0,TRUE,TRUE
233,57,0,0,0,0,0,0,0,0,0,0,0,0,0,TRUE,TRUE
233,58,0,0,0,0,0,0,0,0,0,0,0,0,0,TRUE,TRUE
233,59,0,0,0,0,0,0,0,0,0,0,0,0,0,TRUE,TRUE
233,60,0,0,0,0,0,0,0,0,0,0,0,0,0,TRUE,TRUE
234,0,104,104,104,104,104,104,104,104,104,0,0,0,0,TRUE,TRUE
234,1,115,120,112,115,120,112,115,120,112,5,-3,5,3,FALSE,FALSE
234,2,125,127,124,125,127,124,125,127,124,2,-1,2,1,FALSE,FALSE
234,3,141,157,145,141,157,145,141,157,145,16,4,16,4,FALSE,FALSE
234,4,157,196,167,157,196,167,157,196,167,39,10,39,10,FALSE,FALSE
234,5,169,197,186,169,197,186,169,197,186,28,17,28,17,FALSE,FALSE
234,6,188,224,204,188,224,204,188,224,204,36,16,36,16,FALSE,FALSE
234,7,203,252,223,203,252,223,203,252,223,49,20,49,20,FALSE,FALSE
234,8,220,285,243,220,285,243,220,285,243,65,23,65,23,FALSE,FALSE
234,9,252,300,275,252,300,275,252,300,275,48,23,48,23,FALSE,FALSE
234,10,287,326,298,287,326,298,287,326,298,39,11,39,11,FALSE,FALSE
234,11,326,346,329,326,346,329,326,346,329,20,3,20,3,FALSE,FALSE
234,12,358,404,368,358,404,368,358,404,368,46,10,46,10,FALSE,FALSE
234,13,399,445,399,399,445,399,399,445,399,46,0,46,0,FALSE,TRUE
234,14,449,497,431,449,497,431,449,497,431,48,-18,48,18,FALSE,FALSE
234,15,484,543,489,484,543,489,484,543,489,59,5,59,5,FALSE,FALSE
234,16,539,590,541,539,590,541,539,590,541,51,2,51,2,FALSE,FALSE
234,17,596,651,591,596,651,591,596,651,591,55,-5,55,5,FALSE,FALSE
234,18,635,729,648,635,729,648,635,729,648,94,13,94,13,FALSE,FALSE
234,19,698,796,716,698,796,716,698,796,716,98,18,98,18,FALSE,FALSE
234,20,768,851,772,768,851,772,768,851,772,83,4,83,4,FALSE,FALSE
234,21,816,907,819,816,907,819,816,907,819,91,3,91,3,FALSE,FALSE
234,22,886,975,862,886,975,862,886,975,862,89,-24,89,24,FALSE,FALSE
234,23,930,1050,901,930,1050,901,930,1050,901,120,-29,120,29,FALSE,FALSE
234,24,986,1127,973,986,1127,973,986,1127,973,141,-13,141,13,FALSE,FALSE
234,25,1034,1221,1022,1034,1221,1022,1034,1221,1022,187,-12,187,12,FALSE,FALSE
234,26,1090,1280,1066,1090,1280,1066,1090,1280,1066,190,-24,190,24,FALSE,FALSE
234,27,1154,1324,1171,1154,1324,1171,1154,1324,1171,170,17,170,17,FALSE,FALSE
234,28,1214,1387,1237,1214,1387,1237,1214,1387,1237,173,23,173,23,FALSE,FALSE
234,29,1246,1431,1281,1246,1431,1281,1246,1431,1281,185,35,185,35,FALSE,FALSE
234,30,1303,1485,1326,1303,1485,1326,1303,1485,1326,182,23,182,23,FALSE,FALSE
234,31,1350,1479,1360,1350,1479,1360,1350,1479,1360,129,10,129,10,FALSE,FALSE
234,32,1387,1509,1392,1387,1509,1392,1387,1509,1392,122,5,122,5,FALSE,FALSE
234,33,1395,1538,1417,1395,1538,1417,1395,1538,1417,143,22,143,22,FALSE,FALSE
234,34,1409,1525,1460,1409,1525,1460,1409,1525,1460,116,51,116,51,FALSE,FALSE
234,35,1437,1522,1461,1437,1522,1461,1437,1522,1461,85,24,85,24,FALSE,FALSE
234,36,1446,1531,1462,1446,1531,1462,1446,1531,1462,85,16,85,16,FALSE,FALSE
234,37,1428,1526,1430,1428,1526,1430,1428,1526,1430,98,2,98,2,FALSE,FALSE
234,38,1417,1475,1432,1417,1475,1432,1417,1475,1432,58,15,58,15,FALSE,FALSE
234,39,1424,1463,1446,1424,1463,1446,1424,1463,1446,39,22,39,22,FALSE,FALSE
234,40,1387,1421,1426,1387,1421,1426,1387,1421,1426,34,39,34,39,FALSE,FALSE
234,41,1368,1385,1391,1368,1385,1391,1368,1385,1391,17,23,17,23,FALSE,FALSE
234,42,1346,1362,1384,1346,1362,1384,1346,1362,1384,16,38,16,38,FALSE,FALSE
234,43,1321,1353,1348,1321,1353,1348,1321,1353,1348,32,27,32,27,FALSE,FALSE
234,44,1297,1316,1299,1297,1316,1299,1297,1316,1299,19,2,19,2,FALSE,FALSE
234,45,1259,1263,1242,1259,1263,1242,1259,1263,1242,4,-17,4,17,FALSE,FALSE
234,46,1227,1212,1196,1227,1212,1196,1227,1212,1196,-15,-31,15,31,FALSE,FALSE
234,47,1164,1170,1143,1164,1170,1143,1164,1170,1143,6,-21,6,21,FALSE,FALSE
234,48,1124,1098,1124,1124,1098,1124,1124,1098,1124,-26,0,26,0,FALSE,TRUE
234,49,1087,1045,1096,1087,1045,1096,1087,1045,1096,-42,9,42,9,FALSE,FALSE
234,50,1030,993,1077,1030,993,1077,1030,993,1077,-37,47,37,47,FALSE,FALSE
234,51,967,931,1018,967,931,1018,967,931,1018,-36,51,36,51,FALSE,FALSE
234,52,936,888,959,936,888,959,936,888,959,-48,23,48,23,FALSE,FALSE
234,53,904,841,921,904,841,921,904,841,921,-63,17,63,17,FALSE,FALSE
234,54,848,798,902,848,798,902,848,798,902,-50,54,50,54,FALSE,FALSE
234,55,821,745,867,821,745,867,821,745,867,-76,46,76,46,FALSE,FALSE
234,56,786,707,823,786,707,823,786,707,823,-79,37,79,37,FALSE,FALSE
234,57,765,672,792,765,672,792,765,672,792,-93,27,93,27,FALSE,FALSE
234,58,735,626,752,735,626,752,735,626,752,-109,17,109,17,FALSE,FALSE
234,59,700,585,708,700,585,708,700,585,708,-115,8,115,8,FALSE,FALSE
234,60,667,542,673,667,542,673,667,542,673,-125,6,125,6,FALSE,FALSE
235,0,84,84,84,84,84,84,84,84,84,0,0,0,0,TRUE,TRUE
235,1,144,138,119,144,138,119,144,138,119,-6,-25,6,25,FALSE,FALSE
235,2,216,215,177,216,215,177,216,215,177,-1,-39,1,39,FALSE,FALSE
235,3,337,324,309,337,324,309,337,324,309,-13,-28,13,28,FALSE,FALSE
235,4,515,484,480,515,484,480,515,484,480,-31,-35,31,35,FALSE,FALSE
235,5,794,734,744,794,734,744,794,734,744,-60,-50,60,50,FALSE,FALSE
235,6,1154,1090,1091,1154,1090,1091,1154,1090,1091,-64,-63,64,63,FALSE,FALSE
235,7,1565,1533,1554,1565,1533,1554,1565,1533,1554,-32,-11,32,11,FALSE,FALSE
235,8,2115,2019,2085,2115,2019,2085,2115,2019,2085,-96,-30,96,30,FALSE,FALSE
235,9,2652,2464,2650,2652,2464,2650,2652,2464,2650,-188,-2,188,2,FALSE,FALSE
235,10,3017,2845,3081,3017,2845,3081,3017,2845,3081,-172,64,172,64,FALSE,FALSE
235,11,3261,3079,3355,3261,3079,3355,3261,3079,3355,-182,94,182,94,FALSE,FALSE
235,12,3300,3161,3395,3300,3161,3395,3300,3161,3395,-139,95,139,95,FALSE,FALSE
235,13,3148,3096,3274,3148,3096,3274,3148,3096,3274,-52,126,52,126,FALSE,FALSE
235,14,2929,2921,3054,2929,2921,3054,2929,2921,3054,-8,125,8,125,FALSE,FALSE
235,15,2700,2706,2758,2700,2706,2758,2700,2706,2758,6,58,6,58,FALSE,FALSE
235,16,2395,2424,2441,2395,2424,2441,2395,2424,2441,29,46,29,46,FALSE,FALSE
235,17,2043,2127,2115,2043,2127,2115,2043,2127,2115,84,72,84,72,FALSE,FALSE
235,18,1786,1861,1796,1786,1861,1796,1786,1861,1796,75,10,75,10,FALSE,FALSE
235,19,1536,1602,1522,1536,1602,1522,1536,1602,1522,66,-14,66,14,FALSE,FALSE
235,20,1289,1356,1278,1289,1356,1278,1289,1356,1278,67,-11,67,11,FALSE,FALSE
235,21,1082,1160,1073,1082,1160,1073,1082,1160,1073,78,-9,78,9,FALSE,FALSE
235,22,927,977,924,927,977,924,927,977,924,50,-3,50,3,FALSE,FALSE
235,23,764,811,785,764,811,785,764,811,785,47,21,47,21,FALSE,FALSE
235,24,640,682,650,640,682,650,640,682,650,42,10,42,10,FALSE,FALSE
235,25,522,569,537,522,569,537,522,569,537,47,15,47,15,FALSE,FALSE
235,26,420,468,433,420,468,433,420,468,433,48,13,48,13,FALSE,FALSE
235,27,350,387,370,350,387,370,350,387,370,37,20,37,20,FALSE,FALSE
235,28,287,323,309,287,323,309,287,323,309,36,22,36,22,FALSE,FALSE
235,29,232,268,258,232,268,258,232,268,258,36,26,36,26,FALSE,FALSE
235,30,199,228,227,199,228,227,199,228,227,29,28,29,28,FALSE,FALSE
235,31,151,198,186,151,198,186,151,198,186,47,35,47,35,FALSE,FALSE
235,32,128,167,156,128,167,156,128,167,156,39,28,39,28,FALSE,FALSE
235,33,112,148,122,112,148,122,112,148,122,36,10,36,10,FALSE,FALSE
235,34,95,124,98,95,124,98,95,124,98,29,3,29,3,FALSE,FALSE
235,35,81,108,84,81,108,84,81,108,84,27,3,27,3,FALSE,FALSE
235,36,63,91,72,63,91,72,63,91,72,28,9,28,9,FALSE,FALSE
235,37,56,75,57,56,75,57,56,75,57,19,1,19,1,FALSE,FALSE
235,38,46,64,47,46,64,47,46,64,47,18,1,18,1,FALSE,FALSE
235,39,34,49,40,34,49,40,34,49,40,15,6,15,6,FALSE,FALSE
235,40,29,41,36,29,41,36,29,41,36,12,7,12,7,FALSE,FALSE
235,41,23,36,31,23,36,31,23,36,31,13,8,13,8,FALSE,FALSE
235,42,18,32,26,18,32,26,18,32,26,14,8,14,8,FALSE,FALSE
235,43,16,28,21,16,28,21,16,28,21,12,5,12,5,FALSE,FALSE
235,44,11,21,18,11,21,18,11,21,18,10,7,10,7,FALSE,FALSE
235,45,6,19,11,6,19,11,6,19,11,13,5,13,5,FALSE,FALSE
235,46,5,18,9,5,18,9,5,18,9,13,4,13,4,FALSE,FALSE
235,47,3,13,2,3,13,2,3,13,2,10,-1,10,1,FALSE,FALSE
235,48,3,10,2,3,10,2,3,10,2,7,-1,7,1,FALSE,FALSE
235,49,2,9,2,2,9,2,2,9,2,7,0,7,0,FALSE,TRUE
235,50,2,8,2,2,8,2,2,8,2,6,0,6,0,FALSE,TRUE
235,51,2,7,2,2,7,2,2,7,2,5,0,5,0,FALSE,TRUE
235,52,2,6,2,2,6,2,2,6,2,4,0,4,0,FALSE,TRUE
235,53,0,5,2,0,5,2,0,5,2,5,2,5,2,FALSE,FALSE
235,54,0,5,1,0,5,1,0,5,1,5,1,5,1,FALSE,FALSE
235,55,0,3,0,0,3,0,0,3,0,3,0,3,0,FALSE,TRUE
235,56,0,3,0,0,3,0,0,3,0,3,0,3,0,FALSE,TRUE
235,57,0,3,0,0,3,0,0,3,0,3,0,3,0,FALSE,TRUE
235,58,0,3,0,0,3,0,0,3,0,3,0,3,0,FALSE,TRUE
235,59,0,2,0,0,2,0,0,2,0,2,0,2,0,FALSE,TRUE
235,60,0,1,0,0,1,0,0,1,0,1,0,1,0,FALSE,TRUE
236,0,136,136,136,136,136,136,136,136,136,0,0,0,0,TRUE,TRUE
236,1,174,170,169,174,170,169,174,170,169,-4,-5,4,5,FALSE,FALSE
236,2,214,220,197,214,220,197,214,220,197,6,-17,6,17,FALSE,FALSE
236,3,281,281,254,281,281,254,281,281,254,0,-27,0,27,TRUE,FALSE
236,4,353,338,309,353,338,309,353,338,309,-15,-44,15,44,FALSE,FALSE
236,5,417,403,349,417,403,349,417,403,349,-14,-68,14,68,FALSE,FALSE
236,6,498,503,452,498,503,452,498,503,452,5,-46,5,46,FALSE,FALSE
236,7,601,622,533,601,622,533,601,622,533,21,-68,21,68,FALSE,FALSE
236,8,710,739,628,710,739,628,710,739,628,29,-82,29,82,FALSE,FALSE
236,9,850,859,743,850,859,743,850,859,743,9,-107,9,107,FALSE,FALSE
236,10,1024,1008,905,1024,1008,905,1024,1008,905,-16,-119,16,119,FALSE,FALSE
236,11,1175,1149,1050,1175,1149,1050,1175,1149,1050,-26,-125,26,125,FALSE,FALSE
236,12,1413,1383,1193,1413,1383,1193,1413,1383,1193,-30,-220,30,220,FALSE,FALSE
236,13,1652,1568,1357,1652,1568,1357,1652,1568,1357,-84,-295,84,295,FALSE,FALSE
236,14,1884,1778,1495,1884,1778,1495,1884,1778,1495,-106,-389,106,389,FALSE,FALSE
236,15,2062,1972,1717,2062,1972,1717,2062,1972,1717,-90,-345,90,345,FALSE,FALSE
236,16,2267,2179,1863,2267,2179,1863,2267,2179,1863,-88,-404,88,404,FALSE,FALSE
236,17,2451,2351,2032,2451,2351,2032,2451,2351,2032,-100,-419,100,419,FALSE,FALSE
236,18,2563,2480,2205,2563,2480,2205,2563,2480,2205,-83,-358,83,358,FALSE,FALSE
236,19,2692,2597,2367,2692,2597,2367,2692,2597,2367,-95,-325,95,325,FALSE,FALSE
236,20,2771,2689,2483,2771,2689,2483,2771,2689,2483,-82,-288,82,288,FALSE,FALSE
236,21,2837,2758,2578,2837,2758,2578,2837,2758,2578,-79,-259,79,259,FALSE,FALSE
236,22,2874,2829,2627,2874,2829,2627,2874,2829,2627,-45,-247,45,247,FALSE,FALSE
236,23,2883,2834,2659,2883,2834,2659,2883,2834,2659,-49,-224,49,224,FALSE,FALSE
236,24,2874,2845,2666,2874,2845,2666,2874,2845,2666,-29,-208,29,208,FALSE,FALSE
236,25,2838,2803,2656,2838,2803,2656,2838,2803,2656,-35,-182,35,182,FALSE,FALSE
236,26,2770,2731,2638,2770,2731,2638,2770,2731,2638,-39,-132,39,132,FALSE,FALSE
236,27,2675,2653,2623,2675,2653,2623,2675,2653,2623,-22,-52,22,52,FALSE,FALSE
236,28,2582,2555,2559,2582,2555,2559,2582,2555,2559,-27,-23,27,23,FALSE,FALSE
236,29,2497,2458,2491,2497,2458,2491,2497,2458,2491,-39,-6,39,6,FALSE,FALSE
236,30,2383,2331,2410,2383,2331,2410,2383,2331,2410,-52,27,52,27,FALSE,FALSE
236,31,2242,2217,2296,2242,2217,2296,2242,2217,2296,-25,54,25,54,FALSE,FALSE
236,32,2122,2088,2217,2122,2088,2217,2122,2088,2217,-34,95,34,95,FALSE,FALSE
236,33,2010,1960,2105,2010,1960,2105,2010,1960,2105,-50,95,50,95,FALSE,FALSE
236,34,1907,1854,1994,1907,1854,1994,1907,1854,1994,-53,87,53,87,FALSE,FALSE
236,35,1788,1730,1900,1788,1730,1900,1788,1730,1900,-58,112,58,112,FALSE,FALSE
236,36,1663,1601,1787,1663,1601,1787,1663,1601,1787,-62,124,62,124,FALSE,FALSE
236,37,1552,1485,1685,1552,1485,1685,1552,1485,1685,-67,133,67,133,FALSE,FALSE
236,38,1452,1381,1567,1452,1381,1567,1452,1381,1567,-71,115,71,115,FALSE,FALSE
236,39,1352,1281,1495,1352,1281,1495,1352,1281,1495,-71,143,71,143,FALSE,FALSE
236,40,1251,1187,1389,1251,1187,1389,1251,1187,1389,-64,138,64,138,FALSE,FALSE
236,41,1183,1108,1299,1183,1108,1299,1183,1108,1299,-75,116,75,116,FALSE,FALSE
236,42,1089,1013,1222,1089,1013,1222,1089,1013,1222,-76,133,76,133,FALSE,FALSE
236,43,1014,947,1132,1014,947,1132,1014,947,1132,-67,118,67,118,FALSE,FALSE
236,44,929,869,1045,929,869,1045,929,869,1045,-60,116,60,116,FALSE,FALSE
236,45,865,818,978,865,818,978,865,818,978,-47,113,47,113,FALSE,FALSE
236,46,792,775,906,792,775,906,792,775,906,-17,114,17,114,FALSE,FALSE
236,47,742,713,860,742,713,860,742,713,860,-29,118,29,118,FALSE,FALSE
236,48,684,658,810,684,658,810,684,658,810,-26,126,26,126,FALSE,FALSE
236,49,636,616,746,636,616,746,636,616,746,-20,110,20,110,FALSE,FALSE
236,50,591,578,700,591,578,700,591,578,700,-13,109,13,109,FALSE,FALSE
236,51,545,527,660,545,527,660,545,527,660,-18,115,18,115,FALSE,FALSE
236,52,502,492,620,502,492,620,502,492,620,-10,118,10,118,FALSE,FALSE
236,53,462,453,572,462,453,572,462,453,572,-9,110,9,110,FALSE,FALSE
236,54,432,417,527,432,417,527,432,417,527,-15,95,15,95,FALSE,FALSE
236,55,408,386,484,408,386,484,408,386,484,-22,76,22,76,FALSE,FALSE
236,56,383,360,452,383,360,452,383,360,452,-23,69,23,69,FALSE,FALSE
236,57,353,338,420,353,338,420,353,338,420,-15,67,15,67,FALSE,FALSE
236,58,330,312,388,330,312,388,330,312,388,-18,58,18,58,FALSE,FALSE
236,59,313,280,359,313,280,359,313,280,359,-33,46,33,46,FALSE,FALSE
236,60,283,261,330,283,261,330,283,261,330,-22,47,22,47,FALSE,FALSE
237,0,130,130,130,130,130,130,130,130,130,0,0,0,0,TRUE,TRUE
237,1,137,154,136,137,154,136,137,154,136,17,-1,17,1,FALSE,FALSE
237,2,145,175,150,145,175,150,145,175,150,30,5,30,5,FALSE,FALSE
237,3,156,199,170,156,199,170,156,199,170,43,14,43,14,FALSE,FALSE
237,4,182,210,193,182,210,193,182,210,193,28,11,28,11,FALSE,FALSE
237,5,200,235,208,200,235,208,200,235,208,35,8,35,8,FALSE,FALSE
237,6,220,252,227,220,252,227,220,252,227,32,7,32,7,FALSE,FALSE
237,7,259,279,251,259,279,251,259,279,251,20,-8,20,8,FALSE,FALSE
237,8,283,320,285,283,320,285,283,320,285,37,2,37,2,FALSE,FALSE
237,9,304,345,310,304,345,310,304,345,310,41,6,41,6,FALSE,FALSE
237,10,339,383,330,339,383,330,339,383,330,44,-9,44,9,FALSE,FALSE
237,11,362,423,375,362,423,375,362,423,375,61,13,61,13,FALSE,FALSE
237,12,392,458,395,392,458,395,392,458,395,66,3,66,3,FALSE,FALSE
237,13,440,488,437,440,488,437,440,488,437,48,-3,48,3,FALSE,FALSE
237,14,472,534,438,472,534,438,472,534,438,62,-34,62,34,FALSE,FALSE
237,15,518,573,469,518,573,469,518,573,469,55,-49,55,49,FALSE,FALSE
237,16,546,607,493,546,607,493,546,607,493,61,-53,61,53,FALSE,FALSE
237,17,604,646,536,604,646,536,604,646,536,42,-68,42,68,FALSE,FALSE
237,18,668,700,576,668,700,576,668,700,576,32,-92,32,92,FALSE,FALSE
237,19,716,739,613,716,739,613,716,739,613,23,-103,23,103,FALSE,FALSE
237,20,773,784,649,773,784,649,773,784,649,11,-124,11,124,FALSE,FALSE
237,21,816,831,690,816,831,690,816,831,690,15,-126,15,126,FALSE,FALSE
237,22,877,908,740,877,908,740,877,908,740,31,-137,31,137,FALSE,FALSE
237,23,911,952,789,911,952,789,911,952,789,41,-122,41,122,FALSE,FALSE
237,24,964,1003,823,964,1003,823,964,1003,823,39,-141,39,141,FALSE,FALSE
237,25,980,1065,854,980,1065,854,980,1065,854,85,-126,85,126,FALSE,FALSE
237,26,1036,1099,894,1036,1099,894,1036,1099,894,63,-142,63,142,FALSE,FALSE
237,27,1097,1182,952,1097,1182,952,1097,1182,952,85,-145,85,145,FALSE,FALSE
237,28,1106,1230,992,1106,1230,992,1106,1230,992,124,-114,124,114,FALSE,FALSE
237,29,1134,1304,1036,1134,1304,1036,1134,1304,1036,170,-98,170,98,FALSE,FALSE
237,30,1146,1367,1081,1146,1367,1081,1146,1367,1081,221,-65,221,65,FALSE,FALSE
237,31,1150,1364,1132,1150,1364,1132,1150,1364,1132,214,-18,214,18,FALSE,FALSE
237,32,1207,1373,1138,1207,1373,1138,1207,1373,1138,166,-69,166,69,FALSE,FALSE
237,33,1231,1395,1106,1231,1395,1106,1231,1395,1106,164,-125,164,125,FALSE,FALSE
237,34,1267,1433,1154,1267,1433,1154,1267,1433,1154,166,-113,166,113,FALSE,FALSE
237,35,1293,1453,1200,1293,1453,1200,1293,1453,1200,160,-93,160,93,FALSE,FALSE
237,36,1287,1433,1238,1287,1433,1238,1287,1433,1238,146,-49,146,49,FALSE,FALSE
237,37,1275,1439,1273,1275,1439,1273,1275,1439,1273,164,-2,164,2,FALSE,FALSE
237,38,1282,1441,1294,1282,1441,1294,1282,1441,1294,159,12,159,12,FALSE,FALSE
237,39,1308,1425,1291,1308,1425,1291,1308,1425,1291,117,-17,117,17,FALSE,FALSE
237,40,1289,1382,1289,1289,1382,1289,1289,1382,1289,93,0,93,0,FALSE,TRUE
237,41,1245,1350,1294,1245,1350,1294,1245,1350,1294,105,49,105,49,FALSE,FALSE
237,42,1203,1326,1278,1203,1326,1278,1203,1326,1278,123,75,123,75,FALSE,FALSE
237,43,1166,1283,1232,1166,1283,1232,1166,1283,1232,117,66,117,66,FALSE,FALSE
237,44,1124,1242,1210,1124,1242,1210,1124,1242,1210,118,86,118,86,FALSE,FALSE
237,45,1090,1208,1206,1090,1208,1206,1090,1208,1206,118,116,118,116,FALSE,FALSE
237,46,1042,1147,1179,1042,1147,1179,1042,1147,1179,105,137,105,137,FALSE,FALSE
237,47,1016,1111,1161,1016,1111,1161,1016,1111,1161,95,145,95,145,FALSE,FALSE
237,48,1008,1058,1132,1008,1058,1132,1008,1058,1132,50,124,50,124,FALSE,FALSE
237,49,971,1004,1074,971,1004,1074,971,1004,1074,33,103,33,103,FALSE,FALSE
237,50,957,942,1031,957,942,1031,957,942,1031,-15,74,15,74,FALSE,FALSE
237,51,939,913,987,939,913,987,939,913,987,-26,48,26,48,FALSE,FALSE
237,52,883,896,964,883,896,964,883,896,964,13,81,13,81,FALSE,FALSE
237,53,832,859,927,832,859,927,832,859,927,27,95,27,95,FALSE,FALSE
237,54,814,822,890,814,822,890,814,822,890,8,76,8,76,FALSE,FALSE
237,55,755,782,831,755,782,831,755,782,831,27,76,27,76,FALSE,FALSE
237,56,721,750,779,721,750,779,721,750,779,29,58,29,58,FALSE,FALSE
237,57,681,694,758,681,694,758,681,694,758,13,77,13,77,FALSE,FALSE
237,58,662,664,717,662,664,717,662,664,717,2,55,2,55,FALSE,FALSE
237,59,635,628,720,635,628,720,635,628,720,-7,85,7,85,FALSE,FALSE
237,60,609,583,684,609,583,684,609,583,684,-26,75,26,75,FALSE,FALSE
238,0,63,63,63,63,63,63,63,63,63,0,0,0,0,TRUE,TRUE
238,1,98,103,100,98,103,100,98,103,100,5,2,5,2,FALSE,FALSE
238,2,129,133,158,129,133,158,129,133,158,4,29,4,29,FALSE,FALSE
238,3,173,184,229,173,184,229,173,184,229,11,56,11,56,FALSE,FALSE
238,4,236,281,332,236,281,332,236,281,332,45,96,45,96,FALSE,FALSE
238,5,323,396,467,323,396,467,323,396,467,73,144,73,144,FALSE,FALSE
238,6,462,549,676,462,549,676,462,549,676,87,214,87,214,FALSE,FALSE
238,7,625,782,878,625,782,878,625,782,878,157,253,157,253,FALSE,FALSE
238,8,861,1044,1136,861,1044,1136,861,1044,1136,183,275,183,275,FALSE,FALSE
238,9,1106,1343,1386,1106,1343,1386,1106,1343,1386,237,280,237,280,FALSE,FALSE
238,10,1347,1639,1717,1347,1639,1717,1347,1639,1717,292,370,292,370,FALSE,FALSE
238,11,1624,1952,2005,1624,1952,2005,1624,1952,2005,328,381,328,381,FALSE,FALSE
238,12,1890,2245,2213,1890,2245,2213,1890,2245,2213,355,323,355,323,FALSE,FALSE
238,13,2039,2451,2374,2039,2451,2374,2039,2451,2374,412,335,412,335,FALSE,FALSE
238,14,2205,2485,2382,2205,2485,2382,2205,2485,2382,280,177,280,177,FALSE,FALSE
238,15,2274,2483,2296,2274,2483,2296,2274,2483,2296,209,22,209,22,FALSE,FALSE
238,16,2278,2302,2192,2278,2302,2192,2278,2302,2192,24,-86,24,86,FALSE,FALSE
238,17,2176,2147,2009,2176,2147,2009,2176,2147,2009,-29,-167,29,167,FALSE,FALSE
238,18,2019,1980,1814,2019,1980,1814,2019,1980,1814,-39,-205,39,205,FALSE,FALSE
238,19,1814,1780,1599,1814,1780,1599,1814,1780,1599,-34,-215,34,215,FALSE,FALSE
238,20,1580,1552,1402,1580,1552,1402,1580,1552,1402,-28,-178,28,178,FALSE,FALSE
238,21,1349,1395,1196,1349,1395,1196,1349,1395,1196,46,-153,46,153,FALSE,FALSE
238,22,1188,1186,1034,1188,1186,1034,1188,1186,1034,-2,-154,2,154,FALSE,FALSE
238,23,1007,995,881,1007,995,881,1007,995,881,-12,-126,12,126,FALSE,FALSE
238,24,838,847,730,838,847,730,838,847,730,9,-108,9,108,FALSE,FALSE
238,25,716,711,627,716,711,627,716,711,627,-5,-89,5,89,FALSE,FALSE
238,26,609,591,509,609,591,509,609,591,509,-18,-100,18,100,FALSE,FALSE
238,27,510,492,416,510,492,416,510,492,416,-18,-94,18,94,FALSE,FALSE
238,28,427,412,346,427,412,346,427,412,346,-15,-81,15,81,FALSE,FALSE
238,29,356,342,284,356,342,284,356,342,284,-14,-72,14,72,FALSE,FALSE
238,30,290,287,249,290,287,249,290,287,249,-3,-41,3,41,FALSE,FALSE
238,31,241,247,205,241,247,205,241,247,205,6,-36,6,36,FALSE,FALSE
238,32,198,200,162,198,200,162,198,200,162,2,-36,2,36,FALSE,FALSE
238,33,153,164,136,153,164,136,153,164,136,11,-17,11,17,FALSE,FALSE
238,34,129,139,108,129,139,108,129,139,108,10,-21,10,21,FALSE,FALSE
238,35,105,116,90,105,116,90,105,116,90,11,-15,11,15,FALSE,FALSE
238,36,89,96,82,89,96,82,89,96,82,7,-7,7,7,FALSE,FALSE
238,37,78,79,70,78,79,70,78,79,70,1,-8,1,8,FALSE,FALSE
238,38,62,63,60,62,63,60,62,63,60,1,-2,1,2,FALSE,FALSE
238,39,51,47,45,51,47,45,51,47,45,-4,-6,4,6,FALSE,FALSE
238,40,41,38,38,41,38,38,41,38,38,-3,-3,3,3,FALSE,FALSE
238,41,33,34,36,33,34,36,33,34,36,1,3,1,3,FALSE,FALSE
238,42,33,31,33,33,31,33,33,31,33,-2,0,2,0,FALSE,TRUE
238,43,26,29,26,26,29,26,26,29,26,3,0,3,0,FALSE,TRUE
238,44,24,20,20,24,20,20,24,20,20,-4,-4,4,4,FALSE,FALSE
238,45,20,18,17,20,18,17,20,18,17,-2,-3,2,3,FALSE,FALSE
238,46,18,16,15,18,16,15,18,16,15,-2,-3,2,3,FALSE,FALSE
238,47,15,13,12,15,13,12,15,13,12,-2,-3,2,3,FALSE,FALSE
238,48,17,10,11,17,10,11,17,10,11,-7,-6,7,6,FALSE,FALSE
238,49,15,8,7,15,8,7,15,8,7,-7,-8,7,8,FALSE,FALSE
238,50,14,5,5,14,5,5,14,5,5,-9,-9,9,9,FALSE,FALSE
238,51,10,3,4,10,3,4,10,3,4,-7,-6,7,6,FALSE,FALSE
238,52,10,3,4,10,3,4,10,3,4,-7,-6,7,6,FALSE,FALSE
238,53,8,4,3,8,4,3,8,4,3,-4,-5,4,5,FALSE,FALSE
238,54,7,3,2,7,3,2,7,3,2,-4,-5,4,5,FALSE,FALSE
238,55,5,2,1,5,2,1,5,2,1,-3,-4,3,4,FALSE,FALSE
238,56,3,2,1,3,2,1,3,2,1,-1,-2,1,2,FALSE,FALSE
238,57,3,2,0,3,2,0,3,2,0,-1,-3,1,3,FALSE,FALSE
238,58,3,1,0,3,1,0,3,1,0,-2,-3,2,3,FALSE,FALSE
238,59,2,1,0,2,1,0,2,1,0,-1,-2,1,2,FALSE,FALSE
238,60,2,0,0,2,0,0,2,0,0,-2,-2,2,2,FALSE,FALSE
239,0,132,132,132,132,132,132,132,132,132,0,0,0,0,TRUE,TRUE
239,1,151,144,139,151,144,139,151,144,139,-7,-12,7,12,FALSE,FALSE
239,2,166,159,150,166,159,150,166,159,150,-7,-16,7,16,FALSE,FALSE
239,3,175,171,160,175,171,160,175,171,160,-4,-15,4,15,FALSE,FALSE
239,4,190,175,180,190,175,180,190,175,180,-15,-10,15,10,FALSE,FALSE
239,5,212,201,201,212,201,201,212,201,201,-11,-11,11,11,FALSE,FALSE
239,6,238,217,224,238,217,224,238,217,224,-21,-14,21,14,FALSE,FALSE
239,7,262,229,243,262,229,243,262,229,243,-33,-19,33,19,FALSE,FALSE
239,8,295,243,266,295,243,266,295,243,266,-52,-29,52,29,FALSE,FALSE
239,9,321,268,302,321,268,302,321,268,302,-53,-19,53,19,FALSE,FALSE
239,10,335,278,326,335,278,326,335,278,326,-57,-9,57,9,FALSE,FALSE
239,11,376,303,351,376,303,351,376,303,351,-73,-25,73,25,FALSE,FALSE
239,12,410,320,377,410,320,377,410,320,377,-90,-33,90,33,FALSE,FALSE
239,13,444,346,423,444,346,423,444,346,423,-98,-21,98,21,FALSE,FALSE
239,14,476,372,473,476,372,473,476,372,473,-104,-3,104,3,FALSE,FALSE
239,15,548,397,508,548,397,508,548,397,508,-151,-40,151,40,FALSE,FALSE
239,16,610,436,542,610,436,542,610,436,542,-174,-68,174,68,FALSE,FALSE
239,17,642,446,587,642,446,587,642,446,587,-196,-55,196,55,FALSE,FALSE
239,18,673,491,642,673,491,642,673,491,642,-182,-31,182,31,FALSE,FALSE
239,19,712,518,699,712,518,699,712,518,699,-194,-13,194,13,FALSE,FALSE
239,20,724,552,731,724,552,731,724,552,731,-172,7,172,7,FALSE,FALSE
239,21,755,590,796,755,590,796,755,590,796,-165,41,165,41,FALSE,FALSE
239,22,806,652,824,806,652,824,806,652,824,-154,18,154,18,FALSE,FALSE
239,23,839,700,858,839,700,858,839,700,858,-139,19,139,19,FALSE,FALSE
239,24,846,738,873,846,738,873,846,738,873,-108,27,108,27,FALSE,FALSE
239,25,890,751,925,890,751,925,890,751,925,-139,35,139,35,FALSE,FALSE
239,26,932,785,956,932,785,956,932,785,956,-147,24,147,24,FALSE,FALSE
239,27,989,827,976,989,827,976,989,827,976,-162,-13,162,13,FALSE,FALSE
239,28,1015,874,1050,1015,874,1050,1015,874,1050,-141,35,141,35,FALSE,FALSE
239,29,1045,932,1106,1045,932,1106,1045,932,1106,-113,61,113,61,FALSE,FALSE
239,30,1059,957,1149,1059,957,1149,1059,957,1149,-102,90,102,90,FALSE,FALSE
239,31,1099,987,1143,1099,987,1143,1099,987,1143,-112,44,112,44,FALSE,FALSE
239,32,1110,973,1173,1110,973,1173,1110,973,1173,-137,63,137,63,FALSE,FALSE
239,33,1112,992,1194,1112,992,1194,1112,992,1194,-120,82,120,82,FALSE,FALSE
239,34,1133,1007,1208,1133,1007,1208,1133,1007,1208,-126,75,126,75,FALSE,FALSE
239,35,1143,1037,1208,1143,1037,1208,1143,1037,1208,-106,65,106,65,FALSE,FALSE
239,36,1142,1057,1196,1142,1057,1196,1142,1057,1196,-85,54,85,54,FALSE,FALSE
239,37,1141,1044,1206,1141,1044,1206,1141,1044,1206,-97,65,97,65,FALSE,FALSE
239,38,1145,1037,1221,1145,1037,1221,1145,1037,1221,-108,76,108,76,FALSE,FALSE
239,39,1134,1039,1225,1134,1039,1225,1134,1039,1225,-95,91,95,91,FALSE,FALSE
239,40,1127,1036,1225,1127,1036,1225,1127,1036,1225,-91,98,91,98,FALSE,FALSE
239,41,1125,1051,1205,1125,1051,1205,1125,1051,1205,-74,80,74,80,FALSE,FALSE
239,42,1107,1046,1173,1107,1046,1173,1107,1046,1173,-61,66,61,66,FALSE,FALSE
239,43,1072,1035,1138,1072,1035,1138,1072,1035,1138,-37,66,37,66,FALSE,FALSE
239,44,1048,1024,1111,1048,1024,1111,1048,1024,1111,-24,63,24,63,FALSE,FALSE
239,45,1035,1007,1082,1035,1007,1082,1035,1007,1082,-28,47,28,47,FALSE,FALSE
239,46,1017,981,1075,1017,981,1075,1017,981,1075,-36,58,36,58,FALSE,FALSE
239,47,987,961,1023,987,961,1023,987,961,1023,-26,36,26,36,FALSE,FALSE
239,48,955,937,978,955,937,978,955,937,978,-18,23,18,23,FALSE,FALSE
239,49,915,908,928,915,908,928,915,908,928,-7,13,7,13,FALSE,FALSE
239,50,898,888,882,898,888,882,898,888,882,-10,-16,10,16,FALSE,FALSE
239,51,855,880,840,855,880,840,855,880,840,25,-15,25,15,FALSE,FALSE
239,52,826,846,803,826,846,803,826,846,803,20,-23,20,23,FALSE,FALSE
239,53,783,815,766,783,815,766,783,815,766,32,-17,32,17,FALSE,FALSE
239,54,729,767,741,729,767,741,729,767,741,38,12,38,12,FALSE,FALSE
239,55,689,739,707,689,739,707,689,739,707,50,18,50,18,FALSE,FALSE
239,56,643,730,668,643,730,668,643,730,668,87,25,87,25,FALSE,FALSE
239,57,602,690,625,602,690,625,602,690,625,88,23,88,23,FALSE,FALSE
239,58,560,646,590,560,646,590,560,646,590,86,30,86,30,FALSE,FALSE
239,59,525,612,581,525,612,581,525,612,581,87,56,87,56,FALSE,FALSE
239,60,507,599,530,507,599,530,507,599,530,92,23,92,23,FALSE,FALSE
240,0,103,103,103,103,103,103,103,103,103,0,0,0,0,TRUE,TRUE
240,1,155,145,141,155,145,141,155,145,141,-10,-14,10,14,FALSE,FALSE
240,2,245,246,221,245,246,221,245,246,221,1,-24,1,24,FALSE,FALSE
240,3,361,348,346,361,348,346,361,348,346,-13,-15,13,15,FALSE,FALSE
240,4,536,492,505,536,492,505,536,492,505,-44,-31,44,31,FALSE,FALSE
240,5,719,688,722,719,688,722,719,688,722,-31,3,31,3,FALSE,FALSE
240,6,987,936,997,987,936,997,987,936,997,-51,10,51,10,FALSE,FALSE
240,7,1287,1220,1290,1287,1220,1290,1287,1220,1290,-67,3,67,3,FALSE,FALSE
240,8,1587,1503,1638,1587,1503,1638,1587,1503,1638,-84,51,84,51,FALSE,FALSE
240,9,1850,1756,1865,1850,1756,1865,1850,1756,1865,-94,15,94,15,FALSE,FALSE
240,10,1998,1957,2027,1998,1957,2027,1998,1957,2027,-41,29,41,29,FALSE,FALSE
240,11,2038,2014,2062,2038,2014,2062,2038,2014,2062,-24,24,24,24,FALSE,FALSE
240,12,1946,1916,2024,1946,1916,2024,1946,1916,2024,-30,78,30,78,FALSE,FALSE
240,13,1847,1799,1849,1847,1799,1849,1847,1799,1849,-48,2,48,2,FALSE,FALSE
240,14,1671,1613,1648,1671,1613,1648,1671,1613,1648,-58,-23,58,23,FALSE,FALSE
240,15,1421,1430,1418,1421,1430,1418,1421,1430,1418,9,-3,9,3,FALSE,FALSE
240,16,1185,1265,1195,1185,1265,1195,1185,1265,1195,80,10,80,10,FALSE,FALSE
240,17,984,1092,989,984,1092,989,984,1092,989,108,5,108,5,FALSE,FALSE
240,18,808,915,793,808,915,793,808,915,793,107,-15,107,15,FALSE,FALSE
240,19,626,766,648,626,766,648,626,766,648,140,22,140,22,FALSE,FALSE
240,20,498,630,514,498,630,514,498,630,514,132,16,132,16,FALSE,FALSE
240,21,409,489,428,409,489,428,409,489,428,80,19,80,19,FALSE,FALSE
240,22,310,399,333,310,399,333,310,399,333,89,23,89,23,FALSE,FALSE
240,23,247,314,265,247,314,265,247,314,265,67,18,67,18,FALSE,FALSE
240,24,203,239,218,203,239,218,203,239,218,36,15,36,15,FALSE,FALSE
240,25,164,199,170,164,199,170,164,199,170,35,6,35,6,FALSE,FALSE
240,26,124,167,124,124,167,124,124,167,124,43,0,43,0,FALSE,TRUE
240,27,95,127,99,95,127,99,95,127,99,32,4,32,4,FALSE,FALSE
240,28,73,98,76,73,98,76,73,98,76,25,3,25,3,FALSE,FALSE
240,29,50,83,55,50,83,55,50,83,55,33,5,33,5,FALSE,FALSE
240,30,46,62,48,46,62,48,46,62,48,16,2,16,2,FALSE,FALSE
240,31,37,54,38,37,54,38,37,54,38,17,1,17,1,FALSE,FALSE
240,32,29,47,29,29,47,29,29,47,29,18,0,18,0,FALSE,TRUE
240,33,21,36,22,21,36,22,21,36,22,15,1,15,1,FALSE,FALSE
240,34,15,29,18,15,29,18,15,29,18,14,3,14,3,FALSE,FALSE
240,35,9,19,17,9,19,17,9,19,17,10,8,10,8,FALSE,FALSE
240,36,7,14,15,7,14,15,7,14,15,7,8,7,8,FALSE,FALSE
240,37,4,12,11,4,12,11,4,12,11,8,7,8,7,FALSE,FALSE
240,38,4,5,9,4,5,9,4,5,9,1,5,1,5,FALSE,FALSE
240,39,4,4,10,4,4,10,4,4,10,0,6,0,6,TRUE,FALSE
240,40,3,3,6,3,3,6,3,3,6,0,3,0,3,TRUE,FALSE
240,41,2,1,6,2,1,6,2,1,6,-1,4,1,4,FALSE,FALSE
240,42,2,1,5,2,1,5,2,1,5,-1,3,1,3,FALSE,FALSE
240,43,1,0,4,1,0,4,1,0,4,-1,3,1,3,FALSE,FALSE
240,44,1,0,3,1,0,3,1,0,3,-1,2,1,2,FALSE,FALSE
240,45,1,0,3,1,0,3,1,0,3,-1,2,1,2,FALSE,FALSE
240,46,1,0,3,1,0,3,1,0,3,-1,2,1,2,FALSE,FALSE
240,47,1,0,3,1,0,3,1,0,3,-1,2,1,2,FALSE,FALSE
240,48,1,0,2,1,0,2,1,0,2,-1,1,1,1,FALSE,FALSE
240,49,0,0,0,0,0,0,0,0,0,0,0,0,0,TRUE,TRUE
240,50,0,0,0,0,0,0,0,0,0,0,0,0,0,TRUE,TRUE
240,51,0,0,0,0,0,0,0,0,0,0,0,0,0,TRUE,TRUE
240,52,0,0,0,0,0,0,0,0,0,0,0,0,0,TRUE,TRUE
240,53,0,0,0,0,0,0,0,0,0,0,0,0,0,TRUE,TRUE
240,54,0,0,0,0,0,0,0,0,0,0,0,0,0,TRUE,TRUE
240,55,0,0,0,0,0,0,0,0,0,0,0,0,0,TRUE,TRUE
240,56,0,0,0,0,0,0,0,0,0,0,0,0,0,TRUE,TRUE
240,57,0,0,0,0,0,0,0,0,0,0,0,0,0,TRUE,TRUE
240,58,0,0,0,0,0,0,0,0,0,0,0,0,0,TRUE,TRUE
240,59,0,0,0,0,0,0,0,0,0,0,0,0,0,TRUE,TRUE
240,60,0,0,0,0,0,0,0,0,0,0,0,0,0,TRUE,TRUE
241,0,122,122,122,122,122,122,122,122,122,0,0,0,0,TRUE,TRUE
241,1,165,168,169,165,168,169,165,168,169,3,4,3,4,FALSE,FALSE
241,2,216,221,232,216,221,232,216,221,232,5,16,5,16,FALSE,FALSE
241,3,296,324,306,296,324,306,296,324,306,28,10,28,10,FALSE,FALSE
241,4,400,458,420,400,458,420,400,458,420,58,20,58,20,FALSE,FALSE
241,5,543,629,556,543,629,556,543,629,556,86,13,86,13,FALSE,FALSE
241,6,731,847,713,731,847,713,731,847,713,116,-18,116,18,FALSE,FALSE
241,7,999,1113,947,999,1113,947,999,1113,947,114,-52,114,52,FALSE,FALSE
241,8,1276,1421,1215,1276,1421,1215,1276,1421,1215,145,-61,145,61,FALSE,FALSE
241,9,1568,1761,1480,1568,1761,1480,1568,1761,1480,193,-88,193,88,FALSE,FALSE
241,10,1935,2069,1793,1935,2069,1793,1935,2069,1793,134,-142,134,142,FALSE,FALSE
241,11,2272,2378,2092,2272,2378,2092,2272,2378,2092,106,-180,106,180,FALSE,FALSE
241,12,2574,2628,2366,2574,2628,2366,2574,2628,2366,54,-208,54,208,FALSE,FALSE
241,13,2773,2800,2579,2773,2800,2579,2773,2800,2579,27,-194,27,194,FALSE,FALSE
241,14,2923,2902,2735,2923,2902,2735,2923,2902,2735,-21,-188,21,188,FALSE,FALSE
241,15,2973,2938,2775,2973,2938,2775,2973,2938,2775,-35,-198,35,198,FALSE,FALSE
241,16,2949,2906,2740,2949,2906,2740,2949,2906,2740,-43,-209,43,209,FALSE,FALSE
241,17,2850,2782,2731,2850,2782,2731,2850,2782,2731,-68,-119,68,119,FALSE,FALSE
241,18,2668,2605,2622,2668,2605,2622,2668,2605,2622,-63,-46,63,46,FALSE,FALSE
241,19,2430,2424,2448,2430,2424,2448,2430,2424,2448,-6,18,6,18,FALSE,FALSE
241,20,2214,2224,2256,2214,2224,2256,2214,2224,2256,10,42,10,42,FALSE,FALSE
241,21,2014,2012,2043,2014,2012,2043,2014,2012,2043,-2,29,2,29,FALSE,FALSE
241,22,1817,1811,1845,1817,1811,1845,1817,1811,1845,-6,28,6,28,FALSE,FALSE
241,23,1634,1616,1650,1634,1616,1650,1634,1616,1650,-18,16,18,16,FALSE,FALSE
241,24,1473,1467,1499,1473,1467,1499,1473,1467,1499,-6,26,6,26,FALSE,FALSE
241,25,1345,1301,1333,1345,1301,1333,1345,1301,1333,-44,-12,44,12,FALSE,FALSE
241,26,1170,1177,1190,1170,1177,1190,1170,1177,1190,7,20,7,20,FALSE,FALSE
241,27,1043,1047,1063,1043,1047,1063,1043,1047,1063,4,20,4,20,FALSE,FALSE
241,28,942,935,955,942,935,955,942,935,955,-7,13,7,13,FALSE,FALSE
241,29,816,831,831,816,831,831,816,831,831,15,15,15,15,FALSE,FALSE
241,30,730,728,735,730,728,735,730,728,735,-2,5,2,5,FALSE,FALSE
241,31,632,663,653,632,663,653,632,663,653,31,21,31,21,FALSE,FALSE
241,32,545,610,569,545,610,569,545,610,569,65,24,65,24,FALSE,FALSE
241,33,479,553,511,479,553,511,479,553,511,74,32,74,32,FALSE,FALSE
241,34,412,485,447,412,485,447,412,485,447,73,35,73,35,FALSE,FALSE
241,35,357,435,394,357,435,394,357,435,394,78,37,78,37,FALSE,FALSE
241,36,290,369,335,290,369,335,290,369,335,79,45,79,45,FALSE,FALSE
241,37,252,339,297,252,339,297,252,339,297,87,45,87,45,FALSE,FALSE
241,38,224,298,278,224,298,278,224,298,278,74,54,74,54,FALSE,FALSE
241,39,201,268,247,201,268,247,201,268,247,67,46,67,46,FALSE,FALSE
241,40,173,246,226,173,246,226,173,246,226,73,53,73,53,FALSE,FALSE
241,41,146,215,193,146,215,193,146,215,193,69,47,69,47,FALSE,FALSE
241,42,118,194,166,118,194,166,118,194,166,76,48,76,48,FALSE,FALSE
241,43,106,169,139,106,169,139,106,169,139,63,33,63,33,FALSE,FALSE
241,44,94,147,119,94,147,119,94,147,119,53,25,53,25,FALSE,FALSE
241,45,78,121,104,78,121,104,78,121,104,43,26,43,26,FALSE,FALSE
241,46,64,107,88,64,107,88,64,107,88,43,24,43,24,FALSE,FALSE
241,47,54,98,80,54,98,80,54,98,80,44,26,44,26,FALSE,FALSE
241,48,46,84,70,46,84,70,46,84,70,38,24,38,24,FALSE,FALSE
241,49,39,74,65,39,74,65,39,74,65,35,26,35,26,FALSE,FALSE
241,50,33,70,61,33,70,61,33,70,61,37,28,37,28,FALSE,FALSE
241,51,30,63,50,30,63,50,30,63,50,33,20,33,20,FALSE,FALSE
241,52,24,55,45,24,55,45,24,55,45,31,21,31,21,FALSE,FALSE
241,53,22,51,42,22,51,42,22,51,42,29,20,29,20,FALSE,FALSE
241,54,17,51,38,17,51,38,17,51,38,34,21,34,21,FALSE,FALSE
241,55,16,46,36,16,46,36,16,46,36,30,20,30,20,FALSE,FALSE
241,56,16,38,30,16,38,30,16,38,30,22,14,22,14,FALSE,FALSE
241,57,14,34,24,14,34,24,14,34,24,20,10,20,10,FALSE,FALSE
241,58,13,30,21,13,30,21,13,30,21,17,8,17,8,FALSE,FALSE
241,59,11,30,16,11,30,16,11,30,16,19,5,19,5,FALSE,FALSE
241,60,8,26,11,8,26,11,8,26,11,18,3,18,3,FALSE,FALSE
242,0,78,78,78,78,78,78,78,78,78,0,0,0,0,TRUE,TRUE
242,1,96,96,90,96,96,90,96,96,90,0,-6,0,6,TRUE,FALSE
242,2,108,118,115,108,118,115,108,118,115,10,7,10,7,FALSE,FALSE
242,3,120,148,139,120,148,139,120,148,139,28,19,28,19,FALSE,FALSE
242,4,158,187,176,158,187,176,158,187,176,29,18,29,18,FALSE,FALSE
242,5,211,220,218,211,220,218,211,220,218,9,7,9,7,FALSE,FALSE
242,6,251,272,269,251,272,269,251,272,269,21,18,21,18,FALSE,FALSE
242,7,311,322,321,311,322,321,311,322,321,11,10,11,10,FALSE,FALSE
242,8,384,392,387,384,392,387,384,392,387,8,3,8,3,FALSE,FALSE
242,9,482,475,490,482,475,490,482,475,490,-7,8,7,8,FALSE,FALSE
242,10,576,579,595,576,579,595,576,579,595,3,19,3,19,FALSE,FALSE
242,11,687,684,715,687,684,715,687,684,715,-3,28,3,28,FALSE,FALSE
242,12,814,819,845,814,819,845,814,819,845,5,31,5,31,FALSE,FALSE
242,13,963,947,995,963,947,995,963,947,995,-16,32,16,32,FALSE,FALSE
242,14,1148,1122,1174,1148,1122,1174,1148,1122,1174,-26,26,26,26,FALSE,FALSE
242,15,1331,1275,1357,1331,1275,1357,1331,1275,1357,-56,26,56,26,FALSE,FALSE
242,16,1533,1452,1534,1533,1452,1534,1533,1452,1534,-81,1,81,1,FALSE,FALSE
242,17,1711,1616,1745,1711,1616,1745,1711,1616,1745,-95,34,95,34,FALSE,FALSE
242,18,1915,1788,1941,1915,1788,1941,1915,1788,1941,-127,26,127,26,FALSE,FALSE
242,19,2117,1964,2131,2117,1964,2131,2117,1964,2131,-153,14,153,14,FALSE,FALSE
242,20,2300,2159,2258,2300,2159,2258,2300,2159,2258,-141,-42,141,42,FALSE,FALSE
242,21,2434,2326,2451,2434,2326,2451,2434,2326,2451,-108,17,108,17,FALSE,FALSE
242,22,2559,2465,2617,2559,2465,2617,2559,2465,2617,-94,58,94,58,FALSE,FALSE
242,23,2674,2515,2721,2674,2515,2721,2674,2515,2721,-159,47,159,47,FALSE,FALSE
242,24,2734,2588,2743,2734,2588,2743,2734,2588,2743,-146,9,146,9,FALSE,FALSE
242,25,2765,2622,2790,2765,2622,2790,2765,2622,2790,-143,25,143,25,FALSE,FALSE
242,26,2778,2607,2796,2778,2607,2796,2778,2607,2796,-171,18,171,18,FALSE,FALSE
242,27,2759,2612,2779,2759,2612,2779,2759,2612,2779,-147,20,147,20,FALSE,FALSE
242,28,2704,2570,2709,2704,2570,2709,2704,2570,2709,-134,5,134,5,FALSE,FALSE
242,29,2628,2517,2606,2628,2517,2606,2628,2517,2606,-111,-22,111,22,FALSE,FALSE
242,30,2531,2454,2491,2531,2454,2491,2531,2454,2491,-77,-40,77,40,FALSE,FALSE
242,31,2418,2339,2382,2418,2339,2382,2418,2339,2382,-79,-36,79,36,FALSE,FALSE
242,32,2335,2249,2266,2335,2249,2266,2335,2249,2266,-86,-69,86,69,FALSE,FALSE
242,33,2234,2147,2160,2234,2147,2160,2234,2147,2160,-87,-74,87,74,FALSE,FALSE
242,34,2111,2060,2043,2111,2060,2043,2111,2060,2043,-51,-68,51,68,FALSE,FALSE
242,35,1989,1962,1938,1989,1962,1938,1989,1962,1938,-27,-51,27,51,FALSE,FALSE
242,36,1912,1835,1820,1912,1835,1820,1912,1835,1820,-77,-92,77,92,FALSE,FALSE
242,37,1799,1731,1719,1799,1731,1719,1799,1731,1719,-68,-80,68,80,FALSE,FALSE
242,38,1676,1623,1609,1676,1623,1609,1676,1623,1609,-53,-67,53,67,FALSE,FALSE
242,39,1587,1510,1503,1587,1510,1503,1587,1510,1503,-77,-84,77,84,FALSE,FALSE
242,40,1489,1413,1413,1489,1413,1413,1489,1413,1413,-76,-76,76,76,FALSE,FALSE
242,41,1398,1315,1322,1398,1315,1322,1398,1315,1322,-83,-76,83,76,FALSE,FALSE
242,42,1284,1229,1249,1284,1229,1249,1284,1229,1249,-55,-35,55,35,FALSE,FALSE
242,43,1188,1155,1181,1188,1155,1181,1188,1155,1181,-33,-7,33,7,FALSE,FALSE
242,44,1123,1074,1098,1123,1074,1098,1123,1074,1098,-49,-25,49,25,FALSE,FALSE
242,45,1055,997,1032,1055,997,1032,1055,997,1032,-58,-23,58,23,FALSE,FALSE
242,46,989,914,984,989,914,984,989,914,984,-75,-5,75,5,FALSE,FALSE
242,47,915,853,900,915,853,900,915,853,900,-62,-15,62,15,FALSE,FALSE
242,48,846,796,845,846,796,845,846,796,845,-50,-1,50,1,FALSE,FALSE
242,49,789,744,787,789,744,787,789,744,787,-45,-2,45,2,FALSE,FALSE
242,50,724,680,737,724,680,737,724,680,737,-44,13,44,13,FALSE,FALSE
242,51,667,616,689,667,616,689,667,616,689,-51,22,51,22,FALSE,FALSE
242,52,618,569,648,618,569,648,618,569,648,-49,30,49,30,FALSE,FALSE
242,53,574,522,606,574,522,606,574,522,606,-52,32,52,32,FALSE,FALSE
242,54,523,472,567,523,472,567,523,472,567,-51,44,51,44,FALSE,FALSE
242,55,494,438,531,494,438,531,494,438,531,-56,37,56,37,FALSE,FALSE
242,56,449,414,488,449,414,488,449,414,488,-35,39,35,39,FALSE,FALSE
242,57,414,379,445,414,379,445,414,379,445,-35,31,35,31,FALSE,FALSE
242,58,384,360,411,384,360,411,384,360,411,-24,27,24,27,FALSE,FALSE
242,59,351,325,385,351,325,385,351,325,385,-26,34,26,34,FALSE,FALSE
242,60,322,301,351,322,301,351,322,301,351,-21,29,21,29,FALSE,FALSE
243,0,75,75,75,75,75,75,75,75,75,0,0,0,0,TRUE,TRUE
243,1,110,126,125,110,126,125,110,126,125,16,15,16,15,FALSE,FALSE
243,2,189,206,199,189,206,199,189,206,199,17,10,17,10,FALSE,FALSE
243,3,314,342,337,314,342,337,314,342,337,28,23,28,23,FALSE,FALSE
243,4,536,571,553,536,571,553,536,571,553,35,17,35,17,FALSE,FALSE
243,5,865,918,910,865,918,910,865,918,910,53,45,53,45,FALSE,FALSE
243,6,1325,1349,1334,1325,1349,1334,1325,1349,1334,24,9,24,9,FALSE,FALSE
243,7,1863,1850,1918,1863,1850,1918,1863,1850,1918,-13,55,13,55,FALSE,FALSE
243,8,2377,2355,2494,2377,2355,2494,2377,2355,2494,-22,117,22,117,FALSE,FALSE
243,9,2794,2682,2854,2794,2682,2854,2794,2682,2854,-112,60,112,60,FALSE,FALSE
243,10,2990,2893,3027,2990,2893,3027,2990,2893,3027,-97,37,97,37,FALSE,FALSE
243,11,2930,2791,2931,2930,2791,2931,2930,2791,2931,-139,1,139,1,FALSE,FALSE
243,12,2714,2637,2745,2714,2637,2745,2714,2637,2745,-77,31,77,31,FALSE,FALSE
243,13,2435,2388,2421,2435,2388,2421,2435,2388,2421,-47,-14,47,14,FALSE,FALSE
243,14,2135,2110,2061,2135,2110,2061,2135,2110,2061,-25,-74,25,74,FALSE,FALSE
243,15,1841,1854,1767,1841,1854,1767,1841,1854,1767,13,-74,13,74,FALSE,FALSE
243,16,1571,1586,1487,1571,1586,1487,1571,1586,1487,15,-84,15,84,FALSE,FALSE
243,17,1334,1349,1267,1334,1349,1267,1334,1349,1267,15,-67,15,67,FALSE,FALSE
243,18,1118,1111,1020,1118,1111,1020,1118,1111,1020,-7,-98,7,98,FALSE,FALSE
243,19,922,946,852,922,946,852,922,946,852,24,-70,24,70,FALSE,FALSE
243,20,760,782,701,760,782,701,760,782,701,22,-59,22,59,FALSE,FALSE
243,21,643,630,587,643,630,587,643,630,587,-13,-56,13,56,FALSE,FALSE
243,22,532,534,473,532,534,473,532,534,473,2,-59,2,59,FALSE,FALSE
243,23,442,425,379,442,425,379,442,425,379,-17,-63,17,63,FALSE,FALSE
243,24,365,341,318,365,341,318,365,341,318,-24,-47,24,47,FALSE,FALSE
243,25,310,277,264,310,277,264,310,277,264,-33,-46,33,46,FALSE,FALSE
243,26,267,232,206,267,232,206,267,232,206,-35,-61,35,61,FALSE,FALSE
243,27,226,194,158,226,194,158,226,194,158,-32,-68,32,68,FALSE,FALSE
243,28,183,165,131,183,165,131,183,165,131,-18,-52,18,52,FALSE,FALSE
243,29,149,143,106,149,143,106,149,143,106,-6,-43,6,43,FALSE,FALSE
243,30,121,118,84,121,118,84,121,118,84,-3,-37,3,37,FALSE,FALSE
243,31,95,103,68,95,103,68,95,103,68,8,-27,8,27,FALSE,FALSE
243,32,82,88,55,82,88,55,82,88,55,6,-27,6,27,FALSE,FALSE
243,33,68,76,36,68,76,36,68,76,36,8,-32,8,32,FALSE,FALSE
243,34,54,58,31,54,58,31,54,58,31,4,-23,4,23,FALSE,FALSE
243,35,46,50,26,46,50,26,46,50,26,4,-20,4,20,FALSE,FALSE
243,36,36,44,23,36,44,23,36,44,23,8,-13,8,13,FALSE,FALSE
243,37,30,39,17,30,39,17,30,39,17,9,-13,9,13,FALSE,FALSE
243,38,21,32,15,21,32,15,21,32,15,11,-6,11,6,FALSE,FALSE
243,39,17,30,14,17,30,14,17,30,14,13,-3,13,3,FALSE,FALSE
243,40,15,27,16,15,27,16,15,27,16,12,1,12,1,FALSE,FALSE
243,41,11,20,11,11,20,11,11,20,11,9,0,9,0,FALSE,TRUE
243,42,10,16,7,10,16,7,10,16,7,6,-3,6,3,FALSE,FALSE
243,43,10,13,5,10,13,5,10,13,5,3,-5,3,5,FALSE,FALSE
243,44,10,13,4,10,13,4,10,13,4,3,-6,3,6,FALSE,FALSE
243,45,10,12,1,10,12,1,10,12,1,2,-9,2,9,FALSE,FALSE
243,46,7,8,0,7,8,0,7,8,0,1,-7,1,7,FALSE,FALSE
243,47,7,8,0,7,8,0,7,8,0,1,-7,1,7,FALSE,FALSE
243,48,6,7,0,6,7,0,6,7,0,1,-6,1,6,FALSE,FALSE
243,49,5,7,0,5,7,0,5,7,0,2,-5,2,5,FALSE,FALSE
243,50,4,7,0,4,7,0,4,7,0,3,-4,3,4,FALSE,FALSE
243,51,4,6,0,4,6,0,4,6,0,2,-4,2,4,FALSE,FALSE
243,52,3,6,0,3,6,0,3,6,0,3,-3,3,3,FALSE,FALSE
243,53,2,4,0,2,4,0,2,4,0,2,-2,2,2,FALSE,FALSE
243,54,2,3,0,2,3,0,2,3,0,1,-2,1,2,FALSE,FALSE
243,55,1,1,0,1,1,0,1,1,0,0,-1,0,1,TRUE,FALSE
243,56,1,1,0,1,1,0,1,1,0,0,-1,0,1,TRUE,FALSE
243,57,1,1,0,1,1,0,1,1,0,0,-1,0,1,TRUE,FALSE
243,58,1,0,0,1,0,0,1,0,0,-1,-1,1,1,FALSE,FALSE
243,59,1,0,0,1,0,0,1,0,0,-1,-1,1,1,FALSE,FALSE
243,60,1,0,0,1,0,0,1,0,0,-1,-1,1,1,FALSE,FALSE
244,0,78,78,78,78,78,78,78,78,78,0,0,0,0,TRUE,TRUE
244,1,87,85,85,87,85,85,87,85,85,-2,-2,2,2,FALSE,FALSE
244,2,90,95,85,90,95,85,90,95,85,5,-5,5,5,FALSE,FALSE
244,3,92,113,85,92,113,85,92,113,85,21,-7,21,7,FALSE,FALSE
244,4,96,114,98,96,114,98,96,114,98,18,2,18,2,FALSE,FALSE
244,5,115,132,97,115,132,97,115,132,97,17,-18,17,18,FALSE,FALSE
244,6,125,137,101,125,137,101,125,137,101,12,-24,12,24,FALSE,FALSE
244,7,135,137,106,135,137,106,135,137,106,2,-29,2,29,FALSE,FALSE
244,8,136,139,115,136,139,115,136,139,115,3,-21,3,21,FALSE,FALSE
244,9,149,165,129,149,165,129,149,165,129,16,-20,16,20,FALSE,FALSE
244,10,156,161,146,156,161,146,156,161,146,5,-10,5,10,FALSE,FALSE
244,11,162,154,162,162,154,162,162,154,162,-8,0,8,0,FALSE,TRUE
244,12,171,153,173,171,153,173,171,153,173,-18,2,18,2,FALSE,FALSE
244,13,184,154,181,184,154,181,184,154,181,-30,-3,30,3,FALSE,FALSE
244,14,194,161,180,194,161,180,194,161,180,-33,-14,33,14,FALSE,FALSE
244,15,190,175,175,190,175,175,190,175,175,-15,-15,15,15,FALSE,FALSE
244,16,204,188,184,204,188,184,204,188,184,-16,-20,16,20,FALSE,FALSE
244,17,214,200,190,214,200,190,214,200,190,-14,-24,14,24,FALSE,FALSE
244,18,233,190,212,233,190,212,233,190,212,-43,-21,43,21,FALSE,FALSE
244,19,231,187,231,231,187,231,231,187,231,-44,0,44,0,FALSE,TRUE
244,20,242,202,254,242,202,254,242,202,254,-40,12,40,12,FALSE,FALSE
244,21,244,209,273,244,209,273,244,209,273,-35,29,35,29,FALSE,FALSE
244,22,254,221,290,254,221,290,254,221,290,-33,36,33,36,FALSE,FALSE
244,23,275,220,302,275,220,302,275,220,302,-55,27,55,27,FALSE,FALSE
244,24,294,198,324,294,198,324,294,198,324,-96,30,96,30,FALSE,FALSE
244,25,323,203,333,323,203,333,323,203,333,-120,10,120,10,FALSE,FALSE
244,26,343,208,346,343,208,346,343,208,346,-135,3,135,3,FALSE,FALSE
244,27,338,220,344,338,220,344,338,220,344,-118,6,118,6,FALSE,FALSE
244,28,344,243,342,344,243,342,344,243,342,-101,-2,101,2,FALSE,FALSE
244,29,359,265,352,359,265,352,359,265,352,-94,-7,94,7,FALSE,FALSE
244,30,382,272,366,382,272,366,382,272,366,-110,-16,110,16,FALSE,FALSE
244,31,366,286,378,366,286,378,366,286,378,-80,12,80,12,FALSE,FALSE
244,32,352,280,377,352,280,377,352,280,377,-72,25,72,25,FALSE,FALSE
244,33,350,280,403,350,280,403,350,280,403,-70,53,70,53,FALSE,FALSE
244,34,352,278,428,352,278,428,352,278,428,-74,76,74,76,FALSE,FALSE
244,35,363,288,432,363,288,432,363,288,432,-75,69,75,69,FALSE,FALSE
244,36,363,299,440,363,299,440,363,299,440,-64,77,64,77,FALSE,FALSE
244,37,353,322,430,353,322,430,353,322,430,-31,77,31,77,FALSE,FALSE
244,38,347,333,419,347,333,419,347,333,419,-14,72,14,72,FALSE,FALSE
244,39,330,332,417,330,332,417,330,332,417,2,87,2,87,FALSE,FALSE
244,40,330,333,399,330,333,399,330,333,399,3,69,3,69,FALSE,FALSE
244,41,307,327,368,307,327,368,307,327,368,20,61,20,61,FALSE,FALSE
244,42,306,325,363,306,325,363,306,325,363,19,57,19,57,FALSE,FALSE
244,43,301,322,347,301,322,347,301,322,347,21,46,21,46,FALSE,FALSE
244,44,293,294,333,293,294,333,293,294,333,1,40,1,40,FALSE,FALSE
244,45,295,270,324,295,270,324,295,270,324,-25,29,25,29,FALSE,FALSE
244,46,275,255,316,275,255,316,275,255,316,-20,41,20,41,FALSE,FALSE
244,47,279,243,300,279,243,300,279,243,300,-36,21,36,21,FALSE,FALSE
244,48,271,241,285,271,241,285,271,241,285,-30,14,30,14,FALSE,FALSE
244,49,249,234,284,249,234,284,249,234,284,-15,35,15,35,FALSE,FALSE
244,50,237,218,266,237,218,266,237,218,266,-19,29,19,29,FALSE,FALSE
244,51,235,215,249,235,215,249,235,215,249,-20,14,20,14,FALSE,FALSE
244,52,210,204,235,210,204,235,210,204,235,-6,25,6,25,FALSE,FALSE
244,53,219,209,227,219,209,227,219,209,227,-10,8,10,8,FALSE,FALSE
244,54,201,195,226,201,195,226,201,195,226,-6,25,6,25,FALSE,FALSE
244,55,204,190,228,204,190,228,204,190,228,-14,24,14,24,FALSE,FALSE
244,56,187,195,213,187,195,213,187,195,213,8,26,8,26,FALSE,FALSE
244,57,179,197,199,179,197,199,179,197,199,18,20,18,20,FALSE,FALSE
244,58,173,185,183,173,185,183,173,185,183,12,10,12,10,FALSE,FALSE
244,59,167,181,164,167,181,164,167,181,164,14,-3,14,3,FALSE,FALSE
244,60,163,158,148,163,158,148,163,158,148,-5,-15,5,15,FALSE,FALSE
245,0,90,90,90,90,90,90,90,90,90,0,0,0,0,TRUE,TRUE
245,1,184,150,160,184,150,160,184,150,160,-34,-24,34,24,FALSE,FALSE
245,2,344,280,281,344,280,281,344,280,281,-64,-63,64,63,FALSE,FALSE
245,3,640,437,484,640,437,484,640,437,484,-203,-156,203,156,FALSE,FALSE
245,4,1087,704,810,1087,704,810,1087,704,810,-383,-277,383,277,FALSE,FALSE
245,5,1661,1069,1299,1661,1069,1299,1661,1069,1299,-592,-362,592,362,FALSE,FALSE
245,6,2382,1634,1969,2382,1634,1969,2382,1634,1969,-748,-413,748,413,FALSE,FALSE
245,7,3027,2210,2704,3027,2210,2704,3027,2210,2704,-817,-323,817,323,FALSE,FALSE
245,8,3446,2715,3314,3446,2715,3314,3446,2715,3314,-731,-132,731,132,FALSE,FALSE
245,9,3409,3064,3531,3409,3064,3531,3409,3064,3531,-345,122,345,122,FALSE,FALSE
245,10,3190,3103,3326,3190,3103,3326,3190,3103,3326,-87,136,87,136,FALSE,FALSE
245,11,2765,2928,2964,2765,2928,2964,2765,2928,2964,163,199,163,199,FALSE,FALSE
245,12,2348,2655,2557,2348,2655,2557,2348,2655,2557,307,209,307,209,FALSE,FALSE
245,13,1970,2298,2106,1970,2298,2106,1970,2298,2106,328,136,328,136,FALSE,FALSE
245,14,1596,1984,1714,1596,1984,1714,1596,1984,1714,388,118,388,118,FALSE,FALSE
245,15,1290,1644,1378,1290,1644,1378,1290,1644,1378,354,88,354,88,FALSE,FALSE
245,16,1011,1339,1074,1011,1339,1074,1011,1339,1074,328,63,328,63,FALSE,FALSE
245,17,793,1074,825,793,1074,825,793,1074,825,281,32,281,32,FALSE,FALSE
245,18,610,858,659,610,858,659,610,858,659,248,49,248,49,FALSE,FALSE
245,19,470,676,522,470,676,522,470,676,522,206,52,206,52,FALSE,FALSE
245,20,357,554,415,357,554,415,357,554,415,197,58,197,58,FALSE,FALSE
245,21,282,458,319,282,458,319,282,458,319,176,37,176,37,FALSE,FALSE
245,22,203,361,253,203,361,253,203,361,253,158,50,158,50,FALSE,FALSE
245,23,158,282,187,158,282,187,158,282,187,124,29,124,29,FALSE,FALSE
245,24,121,227,143,121,227,143,121,227,143,106,22,106,22,FALSE,FALSE
245,25,103,186,112,103,186,112,103,186,112,83,9,83,9,FALSE,FALSE
245,26,74,144,88,74,144,88,74,144,88,70,14,70,14,FALSE,FALSE
245,27,52,111,62,52,111,62,52,111,62,59,10,59,10,FALSE,FALSE
245,28,36,79,48,36,79,48,36,79,48,43,12,43,12,FALSE,FALSE
245,29,32,68,42,32,68,42,32,68,42,36,10,36,10,FALSE,FALSE
245,30,26,54,28,26,54,28,26,54,28,28,2,28,2,FALSE,FALSE
245,31,16,46,19,16,46,19,16,46,19,30,3,30,3,FALSE,FALSE
245,32,11,38,16,11,38,16,11,38,16,27,5,27,5,FALSE,FALSE
245,33,11,32,11,11,32,11,11,32,11,21,0,21,0,FALSE,TRUE
245,34,10,26,9,10,26,9,10,26,9,16,-1,16,1,FALSE,FALSE
245,35,9,21,7,9,21,7,9,21,7,12,-2,12,2,FALSE,FALSE
245,36,5,12,3,5,12,3,5,12,3,7,-2,7,2,FALSE,FALSE
245,37,4,9,3,4,9,3,4,9,3,5,-1,5,1,FALSE,FALSE
245,38,3,5,3,3,5,3,3,5,3,2,0,2,0,FALSE,TRUE
245,39,1,3,3,1,3,3,1,3,3,2,2,2,2,FALSE,FALSE
245,40,0,3,1,0,3,1,0,3,1,3,1,3,1,FALSE,FALSE
245,41,0,2,1,0,2,1,0,2,1,2,1,2,1,FALSE,FALSE
245,42,0,2,1,0,2,1,0,2,1,2,1,2,1,FALSE,FALSE
245,43,0,0,1,0,0,1,0,0,1,0,1,0,1,TRUE,FALSE
245,44,0,0,1,0,0,1,0,0,1,0,1,0,1,TRUE,FALSE
245,45,0,0,1,0,0,1,0,0,1,0,1,0,1,TRUE,FALSE
245,46,0,0,1,0,0,1,0,0,1,0,1,0,1,TRUE,FALSE
245,47,0,0,1,0,0,1,0,0,1,0,1,0,1,TRUE,FALSE
245,48,0,0,1,0,0,1,0,0,1,0,1,0,1,TRUE,FALSE
245,49,0,0,1,0,0,1,0,0,1,0,1,0,1,TRUE,FALSE
245,50,0,0,1,0,0,1,0,0,1,0,1,0,1,TRUE,FALSE
245,51,0,0,1,0,0,1,0,0,1,0,1,0,1,TRUE,FALSE
245,52,0,0,1,0,0,1,0,0,1,0,1,0,1,TRUE,FALSE
245,53,0,0,1,0,0,1,0,0,1,0,1,0,1,TRUE,FALSE
245,54,0,0,0,0,0,0,0,0,0,0,0,0,0,TRUE,TRUE
245,55,0,0,0,0,0,0,0,0,0,0,0,0,0,TRUE,TRUE
245,56,0,0,0,0,0,0,0,0,0,0,0,0,0,TRUE,TRUE
245,57,0,0,0,0,0,0,0,0,0,0,0,0,0,TRUE,TRUE
245,58,0,0,0,0,0,0,0,0,0,0,0,0,0,TRUE,TRUE
245,59,0,0,0,0,0,0,0,0,0,0,0,0,0,TRUE,TRUE
245,60,0,0,0,0,0,0,0,0,0,0,0,0,0,TRUE,TRUE
246,0,82,82,82,82,82,82,82,82,82,0,0,0,0,TRUE,TRUE
246,1,138,95,122,138,95,122,138,95,122,-43,-16,43,16,FALSE,FALSE
246,2,260,105,213,260,105,213,260,105,213,-155,-47,155,47,FALSE,FALSE
246,3,446,114,349,446,114,349,446,114,349,-332,-97,332,97,FALSE,FALSE
246,4,711,120,568,711,120,568,711,120,568,-591,-143,591,143,FALSE,FALSE
246,5,1133,127,888,1133,127,888,1133,127,888,-1006,-245,1006,245,FALSE,FALSE
246,6,1548,132,1303,1548,132,1303,1548,132,1303,-1416,-245,1416,245,FALSE,FALSE
246,7,1862,135,1721,1862,135,1721,1862,135,1721,-1727,-141,1727,141,FALSE,FALSE
246,8,2027,145,2021,2027,145,2021,2027,145,2021,-1882,-6,1882,6,FALSE,FALSE
246,9,2033,145,2178,2033,145,2178,2033,145,2178,-1888,145,1888,145,FALSE,FALSE
246,10,1900,158,2077,1900,158,2077,1900,158,2077,-1742,177,1742,177,FALSE,FALSE
246,11,1733,176,1819,1733,176,1819,1733,176,1819,-1557,86,1557,86,FALSE,FALSE
246,12,1465,183,1536,1465,183,1536,1465,183,1536,-1282,71,1282,71,FALSE,FALSE
246,13,1217,186,1259,1217,186,1259,1217,186,1259,-1031,42,1031,42,FALSE,FALSE
246,14,966,204,1040,966,204,1040,966,204,1040,-762,74,762,74,FALSE,FALSE
246,15,800,211,836,800,211,836,800,211,836,-589,36,589,36,FALSE,FALSE
246,16,643,227,691,643,227,691,643,227,691,-416,48,416,48,FALSE,FALSE
246,17,513,231,548,513,231,548,513,231,548,-282,35,282,35,FALSE,FALSE
246,18,411,237,428,411,237,428,411,237,428,-174,17,174,17,FALSE,FALSE
246,19,315,240,340,315,240,340,315,240,340,-75,25,75,25,FALSE,FALSE
246,20,258,240,272,258,240,272,258,240,272,-18,14,18,14,FALSE,FALSE
246,21,212,243,216,212,243,216,212,243,216,31,4,31,4,FALSE,FALSE
246,22,172,231,167,172,231,167,172,231,167,59,-5,59,5,FALSE,FALSE
246,23,137,243,137,137,243,137,137,243,137,106,0,106,0,FALSE,TRUE
246,24,105,237,107,105,237,107,105,237,107,132,2,132,2,FALSE,FALSE
246,25,80,251,78,80,251,78,80,251,78,171,-2,171,2,FALSE,FALSE
246,26,65,244,58,65,244,58,65,244,58,179,-7,179,7,FALSE,FALSE
246,27,50,241,43,50,241,43,50,241,43,191,-7,191,7,FALSE,FALSE
246,28,49,240,38,49,240,38,49,240,38,191,-11,191,11,FALSE,FALSE
246,29,38,245,31,38,245,31,38,245,31,207,-7,207,7,FALSE,FALSE
246,30,32,239,23,32,239,23,32,239,23,207,-9,207,9,FALSE,FALSE
246,31,25,243,20,25,243,20,25,243,20,218,-5,218,5,FALSE,FALSE
246,32,17,244,12,17,244,12,17,244,12,227,-5,227,5,FALSE,FALSE
246,33,14,257,8,14,257,8,14,257,8,243,-6,243,6,FALSE,FALSE
246,34,11,260,7,11,260,7,11,260,7,249,-4,249,4,FALSE,FALSE
246,35,7,256,8,7,256,8,7,256,8,249,1,249,1,FALSE,FALSE
246,36,5,258,6,5,258,6,5,258,6,253,1,253,1,FALSE,FALSE
246,37,5,271,3,5,271,3,5,271,3,266,-2,266,2,FALSE,FALSE
246,38,3,286,3,3,286,3,3,286,3,283,0,283,0,FALSE,TRUE
246,39,2,293,3,2,293,3,2,293,3,291,1,291,1,FALSE,FALSE
246,40,0,299,3,0,299,3,0,299,3,299,3,299,3,FALSE,FALSE
246,41,0,277,3,0,277,3,0,277,3,277,3,277,3,FALSE,FALSE
246,42,0,279,3,0,279,3,0,279,3,279,3,279,3,FALSE,FALSE
246,43,0,274,3,0,274,3,0,274,3,274,3,274,3,FALSE,FALSE
246,44,0,273,3,0,273,3,0,273,3,273,3,273,3,FALSE,FALSE
246,45,0,270,2,0,270,2,0,270,2,270,2,270,2,FALSE,FALSE
246,46,0,276,1,0,276,1,0,276,1,276,1,276,1,FALSE,FALSE
246,47,0,286,1,0,286,1,0,286,1,286,1,286,1,FALSE,FALSE
246,48,0,289,1,0,289,1,0,289,1,289,1,289,1,FALSE,FALSE
246,49,0,270,1,0,270,1,0,270,1,270,1,270,1,FALSE,FALSE
246,50,0,267,1,0,267,1,0,267,1,267,1,267,1,FALSE,FALSE
246,51,0,250,0,0,250,0,0,250,0,250,0,250,0,FALSE,TRUE
246,52,0,244,0,0,244,0,0,244,0,244,0,244,0,FALSE,TRUE
246,53,0,232,0,0,232,0,0,232,0,232,0,232,0,FALSE,TRUE
246,54,0,231,0,0,231,0,0,231,0,231,0,231,0,FALSE,TRUE
246,55,0,229,0,0,229,0,0,229,0,229,0,229,0,FALSE,TRUE
246,56,0,221,0,0,221,0,0,221,0,221,0,221,0,FALSE,TRUE
246,57,0,205,0,0,205,0,0,205,0,205,0,205,0,FALSE,TRUE
246,58,0,205,0,0,205,0,0,205,0,205,0,205,0,FALSE,TRUE
246,59,0,206,0,0,206,0,0,206,0,206,0,206,0,FALSE,TRUE
246,60,0,199,0,0,199,0,0,199,0,199,0,199,0,FALSE,TRUE
247,0,91,91,91,91,91,91,91,91,91,0,0,0,0,TRUE,TRUE
247,1,120,115,151,120,115,151,120,115,151,-5,31,5,31,FALSE,FALSE
247,2,166,149,209,166,149,209,166,149,209,-17,43,17,43,FALSE,FALSE
247,3,218,206,305,218,206,305,218,206,305,-12,87,12,87,FALSE,FALSE
247,4,279,284,434,279,284,434,279,284,434,5,155,5,155,FALSE,FALSE
247,5,356,381,588,356,381,588,356,381,588,25,232,25,232,FALSE,FALSE
247,6,474,499,782,474,499,782,474,499,782,25,308,25,308,FALSE,FALSE
247,7,614,653,997,614,653,997,614,653,997,39,383,39,383,FALSE,FALSE
247,8,763,810,1239,763,810,1239,763,810,1239,47,476,47,476,FALSE,FALSE
247,9,944,984,1478,944,984,1478,944,984,1478,40,534,40,534,FALSE,FALSE
247,10,1065,1192,1695,1065,1192,1695,1065,1192,1695,127,630,127,630,FALSE,FALSE
247,11,1232,1360,1807,1232,1360,1807,1232,1360,1807,128,575,128,575,FALSE,FALSE
247,12,1402,1551,1894,1402,1551,1894,1402,1551,1894,149,492,149,492,FALSE,FALSE
247,13,1533,1662,1831,1533,1662,1831,1533,1662,1831,129,298,129,298,FALSE,FALSE
247,14,1607,1742,1785,1607,1742,1785,1607,1742,1785,135,178,135,178,FALSE,FALSE
247,15,1655,1755,1663,1655,1755,1663,1655,1755,1663,100,8,100,8,FALSE,FALSE
247,16,1635,1706,1491,1635,1706,1491,1635,1706,1491,71,-144,71,144,FALSE,FALSE
247,17,1599,1613,1335,1599,1613,1335,1599,1613,1335,14,-264,14,264,FALSE,FALSE
247,18,1513,1508,1201,1513,1508,1201,1513,1508,1201,-5,-312,5,312,FALSE,FALSE
247,19,1414,1400,1058,1414,1400,1058,1414,1400,1058,-14,-356,14,356,FALSE,FALSE
247,20,1296,1268,949,1296,1268,949,1296,1268,949,-28,-347,28,347,FALSE,FALSE
247,21,1176,1138,836,1176,1138,836,1176,1138,836,-38,-340,38,340,FALSE,FALSE
247,22,1052,992,718,1052,992,718,1052,992,718,-60,-334,60,334,FALSE,FALSE
247,23,915,889,619,915,889,619,915,889,619,-26,-296,26,296,FALSE,FALSE
247,24,808,778,530,808,778,530,808,778,530,-30,-278,30,278,FALSE,FALSE
247,25,693,677,446,693,677,446,693,677,446,-16,-247,16,247,FALSE,FALSE
247,26,589,588,370,589,588,370,589,588,370,-1,-219,1,219,FALSE,FALSE
247,27,514,501,317,514,501,317,514,501,317,-13,-197,13,197,FALSE,FALSE
247,28,445,442,267,445,442,267,445,442,267,-3,-178,3,178,FALSE,FALSE
247,29,389,411,237,389,411,237,389,411,237,22,-152,22,152,FALSE,FALSE
247,30,332,358,193,332,358,193,332,358,193,26,-139,26,139,FALSE,FALSE
247,31,287,314,169,287,314,169,287,314,169,27,-118,27,118,FALSE,FALSE
247,32,253,273,153,253,273,153,253,273,153,20,-100,20,100,FALSE,FALSE
247,33,210,246,132,210,246,132,210,246,132,36,-78,36,78,FALSE,FALSE
247,34,175,212,116,175,212,116,175,212,116,37,-59,37,59,FALSE,FALSE
247,35,138,180,100,138,180,100,138,180,100,42,-38,42,38,FALSE,FALSE
247,36,118,152,77,118,152,77,118,152,77,34,-41,34,41,FALSE,FALSE
247,37,98,141,59,98,141,59,98,141,59,43,-39,43,39,FALSE,FALSE
247,38,86,112,48,86,112,48,86,112,48,26,-38,26,38,FALSE,FALSE
247,39,77,101,42,77,101,42,77,101,42,24,-35,24,35,FALSE,FALSE
247,40,67,93,35,67,93,35,67,93,35,26,-32,26,32,FALSE,FALSE
247,41,52,79,28,52,79,28,52,79,28,27,-24,27,24,FALSE,FALSE
247,42,44,73,25,44,73,25,44,73,25,29,-19,29,19,FALSE,FALSE
247,43,38,62,19,38,62,19,38,62,19,24,-19,24,19,FALSE,FALSE
247,44,31,56,14,31,56,14,31,56,14,25,-17,25,17,FALSE,FALSE
247,45,28,49,12,28,49,12,28,49,12,21,-16,21,16,FALSE,FALSE
247,46,20,43,8,20,43,8,20,43,8,23,-12,23,12,FALSE,FALSE
247,47,14,38,6,14,38,6,14,38,6,24,-8,24,8,FALSE,FALSE
247,48,12,31,4,12,31,4,12,31,4,19,-8,19,8,FALSE,FALSE
247,49,8,26,4,8,26,4,8,26,4,18,-4,18,4,FALSE,FALSE
247,50,8,27,4,8,27,4,8,27,4,19,-4,19,4,FALSE,FALSE
247,51,6,22,4,6,22,4,6,22,4,16,-2,16,2,FALSE,FALSE
247,52,4,18,3,4,18,3,4,18,3,14,-1,14,1,FALSE,FALSE
247,53,4,16,2,4,16,2,4,16,2,12,-2,12,2,FALSE,FALSE
247,54,4,13,2,4,13,2,4,13,2,9,-2,9,2,FALSE,FALSE
247,55,4,10,2,4,10,2,4,10,2,6,-2,6,2,FALSE,FALSE
247,56,2,8,2,2,8,2,2,8,2,6,0,6,0,FALSE,TRUE
247,57,2,7,2,2,7,2,2,7,2,5,0,5,0,FALSE,TRUE
247,58,1,8,1,1,8,1,1,8,1,7,0,7,0,FALSE,TRUE
247,59,1,8,0,1,8,0,1,8,0,7,-1,7,1,FALSE,FALSE
247,60,0,6,0,0,6,0,0,6,0,6,0,6,0,FALSE,TRUE
248,0,100,100,100,100,100,100,100,100,100,0,0,0,0,TRUE,TRUE
248,1,161,156,166,161,156,166,161,156,166,-5,5,5,5,FALSE,FALSE
248,2,256,261,260,256,261,260,256,261,260,5,4,5,4,FALSE,FALSE
248,3,405,408,374,405,408,374,405,408,374,3,-31,3,31,FALSE,FALSE
248,4,658,611,570,658,611,570,658,611,570,-47,-88,47,88,FALSE,FALSE
248,5,930,912,838,930,912,838,930,912,838,-18,-92,18,92,FALSE,FALSE
248,6,1258,1309,1184,1258,1309,1184,1258,1309,1184,51,-74,51,74,FALSE,FALSE
248,7,1714,1815,1618,1714,1815,1618,1714,1815,1618,101,-96,101,96,FALSE,FALSE
248,8,2217,2313,2077,2217,2313,2077,2217,2313,2077,96,-140,96,140,FALSE,FALSE
248,9,2690,2783,2546,2690,2783,2546,2690,2783,2546,93,-144,93,144,FALSE,FALSE
248,10,3086,3101,2955,3086,3101,2955,3086,3101,2955,15,-131,15,131,FALSE,FALSE
248,11,3342,3264,3218,3342,3264,3218,3342,3264,3218,-78,-124,78,124,FALSE,FALSE
248,12,3409,3334,3333,3409,3334,3333,3409,3334,3333,-75,-76,75,76,FALSE,FALSE
248,13,3325,3250,3261,3325,3250,3261,3325,3250,3261,-75,-64,75,64,FALSE,FALSE
248,14,3122,3059,3164,3122,3059,3164,3122,3059,3164,-63,42,63,42,FALSE,FALSE
248,15,2907,2837,2983,2907,2837,2983,2907,2837,2983,-70,76,70,76,FALSE,FALSE
248,16,2669,2585,2714,2669,2585,2714,2669,2585,2714,-84,45,84,45,FALSE,FALSE
248,17,2370,2355,2411,2370,2355,2411,2370,2355,2411,-15,41,15,41,FALSE,FALSE
248,18,2143,2102,2136,2143,2102,2136,2143,2102,2136,-41,-7,41,7,FALSE,FALSE
248,19,1888,1845,1901,1888,1845,1901,1888,1845,1901,-43,13,43,13,FALSE,FALSE
248,20,1676,1639,1665,1676,1639,1665,1676,1639,1665,-37,-11,37,11,FALSE,FALSE
248,21,1487,1429,1448,1487,1429,1448,1487,1429,1448,-58,-39,58,39,FALSE,FALSE
248,22,1288,1260,1250,1288,1260,1250,1288,1260,1250,-28,-38,28,38,FALSE,FALSE
248,23,1129,1087,1084,1129,1087,1084,1129,1087,1084,-42,-45,42,45,FALSE,FALSE
248,24,987,938,928,987,938,928,987,938,928,-49,-59,49,59,FALSE,FALSE
248,25,860,815,812,860,815,812,860,815,812,-45,-48,45,48,FALSE,FALSE
248,26,747,699,715,747,699,715,747,699,715,-48,-32,48,32,FALSE,FALSE
248,27,635,620,623,635,620,623,635,620,623,-15,-12,15,12,FALSE,FALSE
248,28,558,540,526,558,540,526,558,540,526,-18,-32,18,32,FALSE,FALSE
248,29,476,482,433,476,482,433,476,482,433,6,-43,6,43,FALSE,FALSE
248,30,415,425,374,415,425,374,415,425,374,10,-41,10,41,FALSE,FALSE
248,31,348,370,323,348,370,323,348,370,323,22,-25,22,25,FALSE,FALSE
248,32,305,314,283,305,314,283,305,314,283,9,-22,9,22,FALSE,FALSE
248,33,277,268,245,277,268,245,277,268,245,-9,-32,9,32,FALSE,FALSE
248,34,237,230,213,237,230,213,237,230,213,-7,-24,7,24,FALSE,FALSE
248,35,202,203,183,202,203,183,202,203,183,1,-19,1,19,FALSE,FALSE
248,36,184,174,155,184,174,155,184,174,155,-10,-29,10,29,FALSE,FALSE
248,37,161,150,131,161,150,131,161,150,131,-11,-30,11,30,FALSE,FALSE
248,38,137,133,111,137,133,111,137,133,111,-4,-26,4,26,FALSE,FALSE
248,39,117,117,92,117,117,92,117,117,92,0,-25,0,25,TRUE,FALSE
248,40,99,97,82,99,97,82,99,97,82,-2,-17,2,17,FALSE,FALSE
248,41,87,79,75,87,79,75,87,79,75,-8,-12,8,12,FALSE,FALSE
248,42,78,64,62,78,64,62,78,64,62,-14,-16,14,16,FALSE,FALSE
248,43,69,55,53,69,55,53,69,55,53,-14,-16,14,16,FALSE,FALSE
248,44,63,47,45,63,47,45,63,47,45,-16,-18,16,18,FALSE,FALSE
248,45,59,42,41,59,42,41,59,42,41,-17,-18,17,18,FALSE,FALSE
248,46,53,36,35,53,36,35,53,36,35,-17,-18,17,18,FALSE,FALSE
248,47,44,27,29,44,27,29,44,27,29,-17,-15,17,15,FALSE,FALSE
248,48,38,25,28,38,25,28,38,25,28,-13,-10,13,10,FALSE,FALSE
248,49,35,19,22,35,19,22,35,19,22,-16,-13,16,13,FALSE,FALSE
248,50,34,16,17,34,16,17,34,16,17,-18,-17,18,17,FALSE,FALSE
248,51,28,14,13,28,14,13,28,14,13,-14,-15,14,15,FALSE,FALSE
248,52,22,11,12,22,11,12,22,11,12,-11,-10,11,10,FALSE,FALSE
248,53,18,8,9,18,8,9,18,8,9,-10,-9,10,9,FALSE,FALSE
248,54,14,7,8,14,7,8,14,7,8,-7,-6,7,6,FALSE,FALSE
248,55,12,5,8,12,5,8,12,5,8,-7,-4,7,4,FALSE,FALSE
248,56,13,3,7,13,3,7,13,3,7,-10,-6,10,6,FALSE,FALSE
248,57,11,3,6,11,3,6,11,3,6,-8,-5,8,5,FALSE,FALSE
248,58,8,2,6,8,2,6,8,2,6,-6,-2,6,2,FALSE,FALSE
248,59,5,2,6,5,2,6,5,2,6,-3,1,3,1,FALSE,FALSE
248,60,3,2,6,3,2,6,3,2,6,-1,3,1,3,FALSE,FALSE
249,0,170,170,170,170,170,170,170,170,170,0,0,0,0,TRUE,TRUE
249,1,233,259,258,233,259,258,233,259,258,26,25,26,25,FALSE,FALSE
249,2,334,363,387,334,363,387,334,363,387,29,53,29,53,FALSE,FALSE
249,3,471,480,521,471,480,521,471,480,521,9,50,9,50,FALSE,FALSE
249,4,643,646,684,643,646,684,643,646,684,3,41,3,41,FALSE,FALSE
249,5,881,853,918,881,853,918,881,853,918,-28,37,28,37,FALSE,FALSE
249,6,1138,1132,1186,1138,1132,1186,1138,1132,1186,-6,48,6,48,FALSE,FALSE
249,7,1417,1376,1538,1417,1376,1538,1417,1376,1538,-41,121,41,121,FALSE,FALSE
249,8,1717,1672,1847,1717,1672,1847,1717,1672,1847,-45,130,45,130,FALSE,FALSE
249,9,1990,1919,2118,1990,1919,2118,1990,1919,2118,-71,128,71,128,FALSE,FALSE
249,10,2183,2121,2290,2183,2121,2290,2183,2121,2290,-62,107,62,107,FALSE,FALSE
249,11,2289,2232,2359,2289,2232,2359,2289,2232,2359,-57,70,57,70,FALSE,FALSE
249,12,2270,2265,2309,2270,2265,2309,2270,2265,2309,-5,39,5,39,FALSE,FALSE
249,13,2186,2206,2175,2186,2206,2175,2186,2206,2175,20,-11,20,11,FALSE,FALSE
249,14,2059,2043,2003,2059,2043,2003,2059,2043,2003,-16,-56,16,56,FALSE,FALSE
249,15,1916,1896,1802,1916,1896,1802,1916,1896,1802,-20,-114,20,114,FALSE,FALSE
249,16,1682,1655,1579,1682,1655,1579,1682,1655,1579,-27,-103,27,103,FALSE,FALSE
249,17,1443,1453,1383,1443,1453,1383,1443,1453,1383,10,-60,10,60,FALSE,FALSE
249,18,1235,1271,1153,1235,1271,1153,1235,1271,1153,36,-82,36,82,FALSE,FALSE
249,19,1007,1071,960,1007,1071,960,1007,1071,960,64,-47,64,47,FALSE,FALSE
249,20,828,920,812,828,920,812,828,920,812,92,-16,92,16,FALSE,FALSE
249,21,666,763,680,666,763,680,666,763,680,97,14,97,14,FALSE,FALSE
249,22,558,633,560,558,633,560,558,633,560,75,2,75,2,FALSE,FALSE
249,23,456,534,478,456,534,478,456,534,478,78,22,78,22,FALSE,FALSE
249,24,391,419,397,391,419,397,391,419,397,28,6,28,6,FALSE,FALSE
249,25,325,361,319,325,361,319,325,361,319,36,-6,36,6,FALSE,FALSE
249,26,284,304,267,284,304,267,284,304,267,20,-17,20,17,FALSE,FALSE
249,27,240,240,212,240,240,212,240,240,212,0,-28,0,28,TRUE,FALSE
249,28,189,180,166,189,180,166,189,180,166,-9,-23,9,23,FALSE,FALSE
249,29,155,141,134,155,141,134,155,141,134,-14,-21,14,21,FALSE,FALSE
249,30,122,105,111,122,105,111,122,105,111,-17,-11,17,11,FALSE,FALSE
249,31,93,79,94,93,79,94,93,79,94,-14,1,14,1,FALSE,FALSE
249,32,75,59,77,75,59,77,75,59,77,-16,2,16,2,FALSE,FALSE
249,33,64,44,67,64,44,67,64,44,67,-20,3,20,3,FALSE,FALSE
249,34,46,33,52,46,33,52,46,33,52,-13,6,13,6,FALSE,FALSE
249,35,38,29,43,38,29,43,38,29,43,-9,5,9,5,FALSE,FALSE
249,36,27,27,41,27,27,41,27,27,41,0,14,0,14,TRUE,FALSE
249,37,22,22,32,22,22,32,22,22,32,0,10,0,10,TRUE,FALSE
249,38,21,16,26,21,16,26,21,16,26,-5,5,5,5,FALSE,FALSE
249,39,21,12,19,21,12,19,21,12,19,-9,-2,9,2,FALSE,FALSE
249,40,22,10,13,22,10,13,22,10,13,-12,-9,12,9,FALSE,FALSE
249,41,18,9,10,18,9,10,18,9,10,-9,-8,9,8,FALSE,FALSE
249,42,19,10,9,19,10,9,19,10,9,-9,-10,9,10,FALSE,FALSE
249,43,15,9,10,15,9,10,15,9,10,-6,-5,6,5,FALSE,FALSE
249,44,13,8,9,13,8,9,13,8,9,-5,-4,5,4,FALSE,FALSE
249,45,11,7,8,11,7,8,11,7,8,-4,-3,4,3,FALSE,FALSE
249,46,10,8,8,10,8,8,10,8,8,-2,-2,2,2,FALSE,FALSE
249,47,10,6,7,10,6,7,10,6,7,-4,-3,4,3,FALSE,FALSE
249,48,7,5,6,7,5,6,7,5,6,-2,-1,2,1,FALSE,FALSE
249,49,8,4,6,8,4,6,8,4,6,-4,-2,4,2,FALSE,FALSE
249,50,5,3,6,5,3,6,5,3,6,-2,1,2,1,FALSE,FALSE
249,51,4,1,6,4,1,6,4,1,6,-3,2,3,2,FALSE,FALSE
249,52,4,1,6,4,1,6,4,1,6,-3,2,3,2,FALSE,FALSE
249,53,4,1,3,4,1,3,4,1,3,-3,-1,3,1,FALSE,FALSE
249,54,1,0,2,1,0,2,1,0,2,-1,1,1,1,FALSE,FALSE
249,55,1,0,2,1,0,2,1,0,2,-1,1,1,1,FALSE,FALSE
249,56,1,0,2,1,0,2,1,0,2,-1,1,1,1,FALSE,FALSE
249,57,1,0,3,1,0,3,1,0,3,-1,2,1,2,FALSE,FALSE
249,58,1,0,2,1,0,2,1,0,2,-1,1,1,1,FALSE,FALSE
249,59,2,0,1,2,0,1,2,0,1,-2,-1,2,1,FALSE,FALSE
249,60,1,0,0,1,0,0,1,0,0,-1,-1,1,1,FALSE,FALSE
250,0,99,99,99,99,99,99,99,99,99,0,0,0,0,TRUE,TRUE
250,1,117,138,133,117,138,133,117,138,133,21,16,21,16,FALSE,FALSE
250,2,158,188,171,158,188,171,158,188,171,30,13,30,13,FALSE,FALSE
250,3,192,245,223,192,245,223,192,245,223,53,31,53,31,FALSE,FALSE
250,4,252,338,289,252,338,289,252,338,289,86,37,86,37,FALSE,FALSE
250,5,300,447,376,300,447,376,300,447,376,147,76,147,76,FALSE,FALSE
250,6,396,550,468,396,550,468,396,550,468,154,72,154,72,FALSE,FALSE
250,7,510,653,615,510,653,615,510,653,615,143,105,143,105,FALSE,FALSE
250,8,639,804,759,639,804,759,639,804,759,165,120,165,120,FALSE,FALSE
250,9,807,1022,936,807,1022,936,807,1022,936,215,129,215,129,FALSE,FALSE
250,10,996,1215,1116,996,1215,1116,996,1215,1116,219,120,219,120,FALSE,FALSE
250,11,1175,1477,1302,1175,1477,1302,1175,1477,1302,302,127,302,127,FALSE,FALSE
250,12,1358,1668,1542,1358,1668,1542,1358,1668,1542,310,184,310,184,FALSE,FALSE
250,13,1561,1862,1760,1561,1862,1760,1561,1862,1760,301,199,301,199,FALSE,FALSE
250,14,1806,2017,1935,1806,2017,1935,1806,2017,1935,211,129,211,129,FALSE,FALSE
250,15,2031,2115,2066,2031,2115,2066,2031,2115,2066,84,35,84,35,FALSE,FALSE
250,16,2161,2159,2149,2161,2159,2149,2161,2159,2149,-2,-12,2,12,FALSE,FALSE
250,17,2197,2138,2148,2197,2138,2148,2197,2138,2148,-59,-49,59,49,FALSE,FALSE
250,18,2203,2106,2127,2203,2106,2127,2203,2106,2127,-97,-76,97,76,FALSE,FALSE
250,19,2197,2039,2051,2197,2039,2051,2197,2039,2051,-158,-146,158,146,FALSE,FALSE
250,20,2145,1899,1948,2145,1899,1948,2145,1899,1948,-246,-197,246,197,FALSE,FALSE
250,21,2048,1814,1819,2048,1814,1819,2048,1814,1819,-234,-229,234,229,FALSE,FALSE
250,22,1889,1652,1689,1889,1652,1689,1889,1652,1689,-237,-200,237,200,FALSE,FALSE
250,23,1741,1507,1534,1741,1507,1534,1741,1507,1534,-234,-207,234,207,FALSE,FALSE
250,24,1601,1321,1410,1601,1321,1410,1601,1321,1410,-280,-191,280,191,FALSE,FALSE
250,25,1436,1176,1282,1436,1176,1282,1436,1176,1282,-260,-154,260,154,FALSE,FALSE
250,26,1296,1065,1146,1296,1065,1146,1296,1065,1146,-231,-150,231,150,FALSE,FALSE
250,27,1147,953,998,1147,953,998,1147,953,998,-194,-149,194,149,FALSE,FALSE
250,28,1014,842,874,1014,842,874,1014,842,874,-172,-140,172,140,FALSE,FALSE
250,29,896,747,783,896,747,783,896,747,783,-149,-113,149,113,FALSE,FALSE
250,30,791,635,689,791,635,689,791,635,689,-156,-102,156,102,FALSE,FALSE
250,31,689,550,614,689,550,614,689,550,614,-139,-75,139,75,FALSE,FALSE
250,32,611,479,548,611,479,548,611,479,548,-132,-63,132,63,FALSE,FALSE
250,33,541,414,458,541,414,458,541,414,458,-127,-83,127,83,FALSE,FALSE
250,34,448,357,405,448,357,405,448,357,405,-91,-43,91,43,FALSE,FALSE
250,35,369,311,353,369,311,353,369,311,353,-58,-16,58,16,FALSE,FALSE
250,36,320,263,304,320,263,304,320,263,304,-57,-16,57,16,FALSE,FALSE
250,37,272,240,266,272,240,266,272,240,266,-32,-6,32,6,FALSE,FALSE
250,38,225,226,236,225,226,236,225,226,236,1,11,1,11,FALSE,FALSE
250,39,187,196,206,187,196,206,187,196,206,9,19,9,19,FALSE,FALSE
250,40,164,174,184,164,174,184,164,174,184,10,20,10,20,FALSE,FALSE
250,41,153,157,165,153,157,165,153,157,165,4,12,4,12,FALSE,FALSE
250,42,125,137,145,125,137,145,125,137,145,12,20,12,20,FALSE,FALSE
250,43,110,113,128,110,113,128,110,113,128,3,18,3,18,FALSE,FALSE
250,44,94,92,108,94,92,108,94,92,108,-2,14,2,14,FALSE,FALSE
250,45,71,75,93,71,75,93,71,75,93,4,22,4,22,FALSE,FALSE
250,46,58,68,79,58,68,79,58,68,79,10,21,10,21,FALSE,FALSE
250,47,51,54,65,51,54,65,51,54,65,3,14,3,14,FALSE,FALSE
250,48,38,52,59,38,52,59,38,52,59,14,21,14,21,FALSE,FALSE
250,49,34,44,42,34,44,42,34,44,42,10,8,10,8,FALSE,FALSE
250,50,28,36,39,28,36,39,28,36,39,8,11,8,11,FALSE,FALSE
250,51,24,31,32,24,31,32,24,31,32,7,8,7,8,FALSE,FALSE
250,52,22,25,27,22,25,27,22,25,27,3,5,3,5,FALSE,FALSE
250,53,18,20,23,18,20,23,18,20,23,2,5,2,5,FALSE,FALSE
250,54,16,18,25,16,18,25,16,18,25,2,9,2,9,FALSE,FALSE
250,55,11,16,23,11,16,23,11,16,23,5,12,5,12,FALSE,FALSE
250,56,10,12,20,10,12,20,10,12,20,2,10,2,10,FALSE,FALSE
250,57,6,11,15,6,11,15,6,11,15,5,9,5,9,FALSE,FALSE
250,58,6,11,12,6,11,12,6,11,12,5,6,5,6,FALSE,FALSE
250,59,5,12,8,5,12,8,5,12,8,7,3,7,3,FALSE,FALSE
250,60,4,10,7,4,10,7,4,10,7,6,3,6,3,FALSE,FALSE
251,0,63,63,63,63,63,63,63,63,63,0,0,0,0,TRUE,TRUE
251,1,71,67,64,71,67,64,71,67,64,-4,-7,4,7,FALSE,FALSE
251,2,84,82,78,84,82,78,84,82,78,-2,-6,2,6,FALSE,FALSE
251,3,105,95,90,105,95,90,105,95,90,-10,-15,10,15,FALSE,FALSE
251,4,134,129,97,134,129,97,134,129,97,-5,-37,5,37,FALSE,FALSE
251,5,160,158,121,160,158,121,160,158,121,-2,-39,2,39,FALSE,FALSE
251,6,191,187,151,191,187,151,191,187,151,-4,-40,4,40,FALSE,FALSE
251,7,226,222,178,226,222,178,226,222,178,-4,-48,4,48,FALSE,FALSE
251,8,256,259,204,256,259,204,256,259,204,3,-52,3,52,FALSE,FALSE
251,9,323,319,247,323,319,247,323,319,247,-4,-76,4,76,FALSE,FALSE
251,10,396,360,289,396,360,289,396,360,289,-36,-107,36,107,FALSE,FALSE
251,11,468,410,344,468,410,344,468,410,344,-58,-124,58,124,FALSE,FALSE
251,12,559,459,395,559,459,395,559,459,395,-100,-164,100,164,FALSE,FALSE
251,13,653,524,458,653,524,458,653,524,458,-129,-195,129,195,FALSE,FALSE
251,14,746,579,535,746,579,535,746,579,535,-167,-211,167,211,FALSE,FALSE
251,15,864,652,599,864,652,599,864,652,599,-212,-265,212,265,FALSE,FALSE
251,16,964,732,667,964,732,667,964,732,667,-232,-297,232,297,FALSE,FALSE
251,17,1072,830,770,1072,830,770,1072,830,770,-242,-302,242,302,FALSE,FALSE
251,18,1154,929,848,1154,929,848,1154,929,848,-225,-306,225,306,FALSE,FALSE
251,19,1267,1013,949,1267,1013,949,1267,1013,949,-254,-318,254,318,FALSE,FALSE
251,20,1397,1092,1032,1397,1092,1032,1397,1092,1032,-305,-365,305,365,FALSE,FALSE
251,21,1509,1203,1132,1509,1203,1132,1509,1203,1132,-306,-377,306,377,FALSE,FALSE
251,22,1595,1287,1268,1595,1287,1268,1595,1287,1268,-308,-327,308,327,FALSE,FALSE
251,23,1665,1349,1360,1665,1349,1360,1665,1349,1360,-316,-305,316,305,FALSE,FALSE
251,24,1749,1394,1442,1749,1394,1442,1749,1394,1442,-355,-307,355,307,FALSE,FALSE
251,25,1749,1473,1482,1749,1473,1482,1749,1473,1482,-276,-267,276,267,FALSE,FALSE
251,26,1756,1545,1533,1756,1545,1533,1756,1545,1533,-211,-223,211,223,FALSE,FALSE
251,27,1761,1593,1592,1761,1593,1592,1761,1593,1592,-168,-169,168,169,FALSE,FALSE
251,28,1748,1617,1619,1748,1617,1619,1748,1617,1619,-131,-129,131,129,FALSE,FALSE
251,29,1730,1617,1635,1730,1617,1635,1730,1617,1635,-113,-95,113,95,FALSE,FALSE
251,30,1672,1606,1625,1672,1606,1625,1672,1606,1625,-66,-47,66,47,FALSE,FALSE
251,31,1602,1574,1589,1602,1574,1589,1602,1574,1589,-28,-13,28,13,FALSE,FALSE
251,32,1510,1523,1532,1510,1523,1532,1510,1523,1532,13,22,13,22,FALSE,FALSE
251,33,1427,1499,1506,1427,1499,1506,1427,1499,1506,72,79,72,79,FALSE,FALSE
251,34,1344,1451,1437,1344,1451,1437,1344,1451,1437,107,93,107,93,FALSE,FALSE
251,35,1284,1422,1414,1284,1422,1414,1284,1422,1414,138,130,138,130,FALSE,FALSE
251,36,1210,1341,1376,1210,1341,1376,1210,1341,1376,131,166,131,166,FALSE,FALSE
251,37,1132,1285,1333,1132,1285,1333,1132,1285,1333,153,201,153,201,FALSE,FALSE
251,38,1056,1213,1269,1056,1213,1269,1056,1213,1269,157,213,157,213,FALSE,FALSE
251,39,981,1175,1203,981,1175,1203,981,1175,1203,194,222,194,222,FALSE,FALSE
251,40,892,1117,1146,892,1117,1146,892,1117,1146,225,254,225,254,FALSE,FALSE
251,41,811,1060,1086,811,1060,1086,811,1060,1086,249,275,249,275,FALSE,FALSE
251,42,733,1009,1025,733,1009,1025,733,1009,1025,276,292,276,292,FALSE,FALSE
251,43,643,929,932,643,929,932,643,929,932,286,289,286,289,FALSE,FALSE
251,44,599,862,865,599,862,865,599,862,865,263,266,263,266,FALSE,FALSE
251,45,550,817,801,550,817,801,550,817,801,267,251,267,251,FALSE,FALSE
251,46,502,761,738,502,761,738,502,761,738,259,236,259,236,FALSE,FALSE
251,47,478,705,683,478,705,683,478,705,683,227,205,227,205,FALSE,FALSE
251,48,437,664,634,437,664,634,437,664,634,227,197,227,197,FALSE,FALSE
251,49,405,614,576,405,614,576,405,614,576,209,171,209,171,FALSE,FALSE
251,50,368,578,527,368,578,527,368,578,527,210,159,210,159,FALSE,FALSE
251,51,349,537,480,349,537,480,349,537,480,188,131,188,131,FALSE,FALSE
251,52,314,500,443,314,500,443,314,500,443,186,129,186,129,FALSE,FALSE
251,53,290,462,418,290,462,418,290,462,418,172,128,172,128,FALSE,FALSE
251,54,277,420,384,277,420,384,277,420,384,143,107,143,107,FALSE,FALSE
251,55,244,395,357,244,395,357,244,395,357,151,113,151,113,FALSE,FALSE
251,56,219,353,331,219,353,331,219,353,331,134,112,134,112,FALSE,FALSE
251,57,206,329,298,206,329,298,206,329,298,123,92,123,92,FALSE,FALSE
251,58,193,307,266,193,307,266,193,307,266,114,73,114,73,FALSE,FALSE
251,59,172,288,241,172,288,241,172,288,241,116,69,116,69,FALSE,FALSE
251,60,158,265,231,158,265,231,158,265,231,107,73,107,73,FALSE,FALSE
252,0,130,130,130,130,130,130,130,130,130,0,0,0,0,TRUE,TRUE
252,1,192,164,179,192,164,179,192,164,179,-28,-13,28,13,FALSE,FALSE
252,2,259,218,247,259,218,247,259,218,247,-41,-12,41,12,FALSE,FALSE
252,3,377,284,313,377,284,313,377,284,313,-93,-64,93,64,FALSE,FALSE
252,4,526,368,434,526,368,434,526,368,434,-158,-92,158,92,FALSE,FALSE
252,5,690,501,569,690,501,569,690,501,569,-189,-121,189,121,FALSE,FALSE
252,6,817,645,761,817,645,761,817,645,761,-172,-56,172,56,FALSE,FALSE
252,7,1001,797,942,1001,797,942,1001,797,942,-204,-59,204,59,FALSE,FALSE
252,8,1183,1013,1193,1183,1013,1193,1183,1013,1193,-170,10,170,10,FALSE,FALSE
252,9,1393,1196,1462,1393,1196,1462,1393,1196,1462,-197,69,197,69,FALSE,FALSE
252,10,1595,1432,1729,1595,1432,1729,1595,1432,1729,-163,134,163,134,FALSE,FALSE
252,11,1773,1640,1957,1773,1640,1957,1773,1640,1957,-133,184,133,184,FALSE,FALSE
252,12,1867,1817,2115,1867,1817,2115,1867,1817,2115,-50,248,50,248,FALSE,FALSE
252,13,1937,1955,2191,1937,1955,2191,1937,1955,2191,18,254,18,254,FALSE,FALSE
252,14,1982,2088,2187,1982,2088,2187,1982,2088,2187,106,205,106,205,FALSE,FALSE
252,15,1958,2161,2177,1958,2161,2177,1958,2161,2177,203,219,203,219,FALSE,FALSE
252,16,1910,2087,2085,1910,2087,2085,1910,2087,2085,177,175,177,175,FALSE,FALSE
252,17,1813,2048,1969,1813,2048,1969,1813,2048,1969,235,156,235,156,FALSE,FALSE
252,18,1649,1937,1791,1649,1937,1791,1649,1937,1791,288,142,288,142,FALSE,FALSE
252,19,1508,1831,1619,1508,1831,1619,1508,1831,1619,323,111,323,111,FALSE,FALSE
252,20,1366,1699,1427,1366,1699,1427,1366,1699,1427,333,61,333,61,FALSE,FALSE
252,21,1220,1533,1270,1220,1533,1270,1220,1533,1270,313,50,313,50,FALSE,FALSE
252,22,1079,1385,1127,1079,1385,1127,1079,1385,1127,306,48,306,48,FALSE,FALSE
252,23,955,1235,981,955,1235,981,955,1235,981,280,26,280,26,FALSE,FALSE
252,24,858,1083,849,858,1083,849,858,1083,849,225,-9,225,9,FALSE,FALSE
252,25,761,951,718,761,951,718,761,951,718,190,-43,190,43,FALSE,FALSE
252,26,662,849,617,662,849,617,662,849,617,187,-45,187,45,FALSE,FALSE
252,27,578,743,525,578,743,525,578,743,525,165,-53,165,53,FALSE,FALSE
252,28,501,655,456,501,655,456,501,655,456,154,-45,154,45,FALSE,FALSE
252,29,443,573,397,443,573,397,443,573,397,130,-46,130,46,FALSE,FALSE
252,30,375,499,339,375,499,339,375,499,339,124,-36,124,36,FALSE,FALSE
252,31,322,439,307,322,439,307,322,439,307,117,-15,117,15,FALSE,FALSE
252,32,277,386,266,277,386,266,277,386,266,109,-11,109,11,FALSE,FALSE
252,33,239,326,236,239,326,236,239,326,236,87,-3,87,3,FALSE,FALSE
252,34,204,289,210,204,289,210,204,289,210,85,6,85,6,FALSE,FALSE
252,35,181,258,171,181,258,171,181,258,171,77,-10,77,10,FALSE,FALSE
252,36,160,222,150,160,222,150,160,222,150,62,-10,62,10,FALSE,FALSE
252,37,129,195,139,129,195,139,129,195,139,66,10,66,10,FALSE,FALSE
252,38,112,177,123,112,177,123,112,177,123,65,11,65,11,FALSE,FALSE
252,39,97,152,107,97,152,107,97,152,107,55,10,55,10,FALSE,FALSE
252,40,77,125,91,77,125,91,77,125,91,48,14,48,14,FALSE,FALSE
252,41,66,109,72,66,109,72,66,109,72,43,6,43,6,FALSE,FALSE
252,42,53,95,57,53,95,57,53,95,57,42,4,42,4,FALSE,FALSE
252,43,40,82,48,40,82,48,40,82,48,42,8,42,8,FALSE,FALSE
252,44,39,63,41,39,63,41,39,63,41,24,2,24,2,FALSE,FALSE
252,45,30,49,35,30,49,35,30,49,35,19,5,19,5,FALSE,FALSE
252,46,25,43,27,25,43,27,25,43,27,18,2,18,2,FALSE,FALSE
252,47,24,35,23,24,35,23,24,35,23,11,-1,11,1,FALSE,FALSE
252,48,20,31,15,20,31,15,20,31,15,11,-5,11,5,FALSE,FALSE
252,49,16,27,10,16,27,10,16,27,10,11,-6,11,6,FALSE,FALSE
252,50,16,24,8,16,24,8,16,24,8,8,-8,8,8,FALSE,FALSE
252,51,14,19,6,14,19,6,14,19,6,5,-8,5,8,FALSE,FALSE
252,52,12,17,4,12,17,4,12,17,4,5,-8,5,8,FALSE,FALSE
252,53,11,12,4,11,12,4,11,12,4,1,-7,1,7,FALSE,FALSE
252,54,8,11,2,8,11,2,8,11,2,3,-6,3,6,FALSE,FALSE
252,55,7,13,2,7,13,2,7,13,2,6,-5,6,5,FALSE,FALSE
252,56,3,11,2,3,11,2,3,11,2,8,-1,8,1,FALSE,FALSE
252,57,3,12,2,3,12,2,3,12,2,9,-1,9,1,FALSE,FALSE
252,58,2,10,1,2,10,1,2,10,1,8,-1,8,1,FALSE,FALSE
252,59,2,10,2,2,10,2,2,10,2,8,0,8,0,FALSE,TRUE
252,60,1,9,1,1,9,1,1,9,1,8,0,8,0,FALSE,TRUE
253,0,102,102,102,102,102,102,102,102,102,0,0,0,0,TRUE,TRUE
253,1,108,101,115,108,101,115,108,101,115,-7,7,7,7,FALSE,FALSE
253,2,107,103,128,107,103,128,107,103,128,-4,21,4,21,FALSE,FALSE
253,3,120,102,140,120,102,140,120,102,140,-18,20,18,20,FALSE,FALSE
253,4,129,114,153,129,114,153,129,114,153,-15,24,15,24,FALSE,FALSE
253,5,137,114,159,137,114,159,137,114,159,-23,22,23,22,FALSE,FALSE
253,6,142,115,161,142,115,161,142,115,161,-27,19,27,19,FALSE,FALSE
253,7,146,115,171,146,115,171,146,115,171,-31,25,31,25,FALSE,FALSE
253,8,162,123,179,162,123,179,162,123,179,-39,17,39,17,FALSE,FALSE
253,9,166,128,178,166,128,178,166,128,178,-38,12,38,12,FALSE,FALSE
253,10,178,143,182,178,143,182,178,143,182,-35,4,35,4,FALSE,FALSE
253,11,189,137,199,189,137,199,189,137,199,-52,10,52,10,FALSE,FALSE
253,12,207,147,210,207,147,210,207,147,210,-60,3,60,3,FALSE,FALSE
253,13,221,146,230,221,146,230,221,146,230,-75,9,75,9,FALSE,FALSE
253,14,243,161,247,243,161,247,243,161,247,-82,4,82,4,FALSE,FALSE
253,15,254,163,273,254,163,273,254,163,273,-91,19,91,19,FALSE,FALSE
253,16,280,166,299,280,166,299,280,166,299,-114,19,114,19,FALSE,FALSE
253,17,304,171,325,304,171,325,304,171,325,-133,21,133,21,FALSE,FALSE
253,18,304,179,342,304,179,342,304,179,342,-125,38,125,38,FALSE,FALSE
253,19,314,174,379,314,174,379,314,174,379,-140,65,140,65,FALSE,FALSE
253,20,333,178,391,333,178,391,333,178,391,-155,58,155,58,FALSE,FALSE
253,21,327,184,408,327,184,408,327,184,408,-143,81,143,81,FALSE,FALSE
253,22,343,183,425,343,183,425,343,183,425,-160,82,160,82,FALSE,FALSE
253,23,356,186,429,356,186,429,356,186,429,-170,73,170,73,FALSE,FALSE
253,24,387,182,442,387,182,442,387,182,442,-205,55,205,55,FALSE,FALSE
253,25,406,196,459,406,196,459,406,196,459,-210,53,210,53,FALSE,FALSE
253,26,423,202,469,423,202,469,423,202,469,-221,46,221,46,FALSE,FALSE
253,27,417,219,473,417,219,473,417,219,473,-198,56,198,56,FALSE,FALSE
253,28,436,220,473,436,220,473,436,220,473,-216,37,216,37,FALSE,FALSE
253,29,462,231,480,462,231,480,462,231,480,-231,18,231,18,FALSE,FALSE
253,30,465,216,481,465,216,481,465,216,481,-249,16,249,16,FALSE,FALSE
253,31,471,230,475,471,230,475,471,230,475,-241,4,241,4,FALSE,FALSE
253,32,489,241,486,489,241,486,489,241,486,-248,-3,248,3,FALSE,FALSE
253,33,491,230,486,491,230,486,491,230,486,-261,-5,261,5,FALSE,FALSE
253,34,485,234,506,485,234,506,485,234,506,-251,21,251,21,FALSE,FALSE
253,35,497,228,506,497,228,506,497,228,506,-269,9,269,9,FALSE,FALSE
253,36,509,222,512,509,222,512,509,222,512,-287,3,287,3,FALSE,FALSE
253,37,500,224,531,500,224,531,500,224,531,-276,31,276,31,FALSE,FALSE
253,38,513,232,551,513,232,551,513,232,551,-281,38,281,38,FALSE,FALSE
253,39,490,244,545,490,244,545,490,244,545,-246,55,246,55,FALSE,FALSE
253,40,506,240,520,506,240,520,506,240,520,-266,14,266,14,FALSE,FALSE
253,41,510,243,517,510,243,517,510,243,517,-267,7,267,7,FALSE,FALSE
253,42,523,247,501,523,247,501,523,247,501,-276,-22,276,22,FALSE,FALSE
253,43,518,244,496,518,244,496,518,244,496,-274,-22,274,22,FALSE,FALSE
253,44,507,246,490,507,246,490,507,246,490,-261,-17,261,17,FALSE,FALSE
253,45,478,249,476,478,249,476,478,249,476,-229,-2,229,2,FALSE,FALSE
253,46,455,244,468,455,244,468,455,244,468,-211,13,211,13,FALSE,FALSE
253,47,435,248,461,435,248,461,435,248,461,-187,26,187,26,FALSE,FALSE
253,48,435,251,453,435,251,453,435,251,453,-184,18,184,18,FALSE,FALSE
253,49,407,266,457,407,266,457,407,266,457,-141,50,141,50,FALSE,FALSE
253,50,396,258,435,396,258,435,396,258,435,-138,39,138,39,FALSE,FALSE
253,51,390,261,407,390,261,407,390,261,407,-129,17,129,17,FALSE,FALSE
253,52,368,246,384,368,246,384,368,246,384,-122,16,122,16,FALSE,FALSE
253,53,351,254,376,351,254,376,351,254,376,-97,25,97,25,FALSE,FALSE
253,54,339,254,350,339,254,350,339,254,350,-85,11,85,11,FALSE,FALSE
253,55,330,259,309,330,259,309,330,259,309,-71,-21,71,21,FALSE,FALSE
253,56,303,262,296,303,262,296,303,262,296,-41,-7,41,7,FALSE,FALSE
253,57,294,265,295,294,265,295,294,265,295,-29,1,29,1,FALSE,FALSE
253,58,287,271,278,287,271,278,287,271,278,-16,-9,16,9,FALSE,FALSE
253,59,277,269,263,277,269,263,277,269,263,-8,-14,8,14,FALSE,FALSE
253,60,276,273,253,276,273,253,276,273,253,-3,-23,3,23,FALSE,FALSE
254,0,138,138,138,138,138,138,138,138,138,0,0,0,0,TRUE,TRUE
254,1,252,226,227,252,226,227,252,226,227,-26,-25,26,25,FALSE,FALSE
254,2,417,401,383,417,401,383,417,401,383,-16,-34,16,34,FALSE,FALSE
254,3,639,696,621,639,696,621,639,696,621,57,-18,57,18,FALSE,FALSE
254,4,965,1111,965,965,1111,965,965,1111,965,146,0,146,0,FALSE,TRUE
254,5,1436,1705,1485,1436,1705,1485,1436,1705,1485,269,49,269,49,FALSE,FALSE
254,6,2045,2349,2056,2045,2349,2056,2045,2349,2056,304,11,304,11,FALSE,FALSE
254,7,2668,2962,2706,2668,2962,2706,2668,2962,2706,294,38,294,38,FALSE,FALSE
254,8,3210,3494,3291,3210,3494,3291,3210,3494,3291,284,81,284,81,FALSE,FALSE
254,9,3601,3694,3643,3601,3694,3643,3601,3694,3643,93,42,93,42,FALSE,FALSE
254,10,3667,3685,3756,3667,3685,3756,3667,3685,3756,18,89,18,89,FALSE,FALSE
254,11,3551,3450,3607,3551,3450,3607,3551,3450,3607,-101,56,101,56,FALSE,FALSE
254,12,3274,3139,3294,3274,3139,3294,3274,3139,3294,-135,20,135,20,FALSE,FALSE
254,13,2920,2746,2919,2920,2746,2919,2920,2746,2919,-174,-1,174,1,FALSE,FALSE
254,14,2583,2371,2502,2583,2371,2502,2583,2371,2502,-212,-81,212,81,FALSE,FALSE
254,15,2239,2032,2140,2239,2032,2140,2239,2032,2140,-207,-99,207,99,FALSE,FALSE
254,16,1937,1732,1841,1937,1732,1841,1937,1732,1841,-205,-96,205,96,FALSE,FALSE
254,17,1641,1454,1534,1641,1454,1534,1641,1454,1534,-187,-107,187,107,FALSE,FALSE
254,18,1386,1238,1277,1386,1238,1277,1386,1238,1277,-148,-109,148,109,FALSE,FALSE
254,19,1166,1033,1084,1166,1033,1084,1166,1033,1084,-133,-82,133,82,FALSE,FALSE
254,20,985,858,889,985,858,889,985,858,889,-127,-96,127,96,FALSE,FALSE
254,21,810,726,753,810,726,753,810,726,753,-84,-57,84,57,FALSE,FALSE
254,22,680,625,641,680,625,641,680,625,641,-55,-39,55,39,FALSE,FALSE
254,23,564,520,544,564,520,544,564,520,544,-44,-20,44,20,FALSE,FALSE
254,24,461,440,449,461,440,449,461,440,449,-21,-12,21,12,FALSE,FALSE
254,25,376,352,384,376,352,384,376,352,384,-24,8,24,8,FALSE,FALSE
254,26,314,298,339,314,298,339,314,298,339,-16,25,16,25,FALSE,FALSE
254,27,248,246,285,248,246,285,248,246,285,-2,37,2,37,FALSE,FALSE
254,28,215,193,235,215,193,235,215,193,235,-22,20,22,20,FALSE,FALSE
254,29,185,156,208,185,156,208,185,156,208,-29,23,29,23,FALSE,FALSE
254,30,156,137,177,156,137,177,156,137,177,-19,21,19,21,FALSE,FALSE
254,31,133,105,145,133,105,145,133,105,145,-28,12,28,12,FALSE,FALSE
254,32,113,86,125,113,86,125,113,86,125,-27,12,27,12,FALSE,FALSE
254,33,98,71,103,98,71,103,98,71,103,-27,5,27,5,FALSE,FALSE
254,34,82,60,88,82,60,88,82,60,88,-22,6,22,6,FALSE,FALSE
254,35,68,46,79,68,46,79,68,46,79,-22,11,22,11,FALSE,FALSE
254,36,60,38,69,60,38,69,60,38,69,-22,9,22,9,FALSE,FALSE
254,37,52,32,55,52,32,55,52,32,55,-20,3,20,3,FALSE,FALSE
254,38,48,28,46,48,28,46,48,28,46,-20,-2,20,2,FALSE,FALSE
254,39,42,24,43,42,24,43,42,24,43,-18,1,18,1,FALSE,FALSE
254,40,34,20,35,34,20,35,34,20,35,-14,1,14,1,FALSE,FALSE
254,41,29,14,30,29,14,30,29,14,30,-15,1,15,1,FALSE,FALSE
254,42,25,12,25,25,12,25,25,12,25,-13,0,13,0,FALSE,TRUE
254,43,20,12,22,20,12,22,20,12,22,-8,2,8,2,FALSE,FALSE
254,44,17,9,19,17,9,19,17,9,19,-8,2,8,2,FALSE,FALSE
254,45,13,5,14,13,5,14,13,5,14,-8,1,8,1,FALSE,FALSE
254,46,12,5,10,12,5,10,12,5,10,-7,-2,7,2,FALSE,FALSE
254,47,9,4,7,9,4,7,9,4,7,-5,-2,5,2,FALSE,FALSE
254,48,7,0,7,7,0,7,7,0,7,-7,0,7,0,FALSE,TRUE
254,49,4,0,6,4,0,6,4,0,6,-4,2,4,2,FALSE,FALSE
254,50,5,0,6,5,0,6,5,0,6,-5,1,5,1,FALSE,FALSE
254,51,5,0,4,5,0,4,5,0,4,-5,-1,5,1,FALSE,FALSE
254,52,5,0,3,5,0,3,5,0,3,-5,-2,5,2,FALSE,FALSE
254,53,3,0,3,3,0,3,3,0,3,-3,0,3,0,FALSE,TRUE
254,54,2,0,3,2,0,3,2,0,3,-2,1,2,1,FALSE,FALSE
254,55,2,0,3,2,0,3,2,0,3,-2,1,2,1,FALSE,FALSE
254,56,2,0,3,2,0,3,2,0,3,-2,1,2,1,FALSE,FALSE
254,57,0,0,3,0,0,3,0,0,3,0,3,0,3,TRUE,FALSE
254,58,0,0,3,0,0,3,0,0,3,0,3,0,3,TRUE,FALSE
254,59,0,0,3,0,0,3,0,0,3,0,3,0,3,TRUE,FALSE
254,60,0,0,3,0,0,3,0,0,3,0,3,0,3,TRUE,FALSE
255,0,64,64,64,64,64,64,64,64,64,0,0,0,0,TRUE,TRUE
255,1,71,78,77,71,78,77,71,78,77,7,6,7,6,FALSE,FALSE
255,2,109,102,103,109,102,103,109,102,103,-7,-6,7,6,FALSE,FALSE
255,3,147,145,131,147,145,131,147,145,131,-2,-16,2,16,FALSE,FALSE
255,4,187,207,172,187,207,172,187,207,172,20,-15,20,15,FALSE,FALSE
255,5,265,248,237,265,248,237,265,248,237,-17,-28,17,28,FALSE,FALSE
255,6,343,290,291,343,290,291,343,290,291,-53,-52,53,52,FALSE,FALSE
255,7,448,349,369,448,349,369,448,349,369,-99,-79,99,79,FALSE,FALSE
255,8,585,434,456,585,434,456,585,434,456,-151,-129,151,129,FALSE,FALSE
255,9,739,547,524,739,547,524,739,547,524,-192,-215,192,215,FALSE,FALSE
255,10,932,671,653,932,671,653,932,671,653,-261,-279,261,279,FALSE,FALSE
255,11,1109,819,821,1109,819,821,1109,819,821,-290,-288,290,288,FALSE,FALSE
255,12,1320,1030,949,1320,1030,949,1320,1030,949,-290,-371,290,371,FALSE,FALSE
255,13,1539,1200,1146,1539,1200,1146,1539,1200,1146,-339,-393,339,393,FALSE,FALSE
255,14,1750,1353,1366,1750,1353,1366,1750,1353,1366,-397,-384,397,384,FALSE,FALSE
255,15,1912,1555,1536,1912,1555,1536,1912,1555,1536,-357,-376,357,376,FALSE,FALSE
255,16,2065,1703,1668,2065,1703,1668,2065,1703,1668,-362,-397,362,397,FALSE,FALSE
255,17,2198,1874,1805,2198,1874,1805,2198,1874,1805,-324,-393,324,393,FALSE,FALSE
255,18,2199,2023,1882,2199,2023,1882,2199,2023,1882,-176,-317,176,317,FALSE,FALSE
255,19,2162,2093,1949,2162,2093,1949,2162,2093,1949,-69,-213,69,213,FALSE,FALSE
255,20,2120,2093,1978,2120,2093,1978,2120,2093,1978,-27,-142,27,142,FALSE,FALSE
255,21,1988,2090,1967,1988,2090,1967,1988,2090,1967,102,-21,102,21,FALSE,FALSE
255,22,1831,2048,1924,1831,2048,1924,1831,2048,1924,217,93,217,93,FALSE,FALSE
255,23,1664,1965,1904,1664,1965,1904,1664,1965,1904,301,240,301,240,FALSE,FALSE
255,24,1551,1818,1774,1551,1818,1774,1551,1818,1774,267,223,267,223,FALSE,FALSE
255,25,1399,1721,1679,1399,1721,1679,1399,1721,1679,322,280,322,280,FALSE,FALSE
255,26,1253,1590,1555,1253,1590,1555,1253,1590,1555,337,302,337,302,FALSE,FALSE
255,27,1128,1452,1422,1128,1452,1422,1128,1452,1422,324,294,324,294,FALSE,FALSE
255,28,1039,1333,1294,1039,1333,1294,1039,1333,1294,294,255,294,255,FALSE,FALSE
255,29,897,1178,1139,897,1178,1139,897,1178,1139,281,242,281,242,FALSE,FALSE
255,30,801,1058,1021,801,1058,1021,801,1058,1021,257,220,257,220,FALSE,FALSE
255,31,703,966,913,703,966,913,703,966,913,263,210,263,210,FALSE,FALSE
255,32,592,867,812,592,867,812,592,867,812,275,220,275,220,FALSE,FALSE
255,33,515,768,731,515,768,731,515,768,731,253,216,253,216,FALSE,FALSE
255,34,445,668,644,445,668,644,445,668,644,223,199,223,199,FALSE,FALSE
255,35,389,575,554,389,575,554,389,575,554,186,165,186,165,FALSE,FALSE
255,36,341,519,483,341,519,483,341,519,483,178,142,178,142,FALSE,FALSE
255,37,298,450,428,298,450,428,298,450,428,152,130,152,130,FALSE,FALSE
255,38,250,402,386,250,402,386,250,402,386,152,136,152,136,FALSE,FALSE
255,39,224,354,317,224,354,317,224,354,317,130,93,130,93,FALSE,FALSE
255,40,191,320,273,191,320,273,191,320,273,129,82,129,82,FALSE,FALSE
255,41,164,278,230,164,278,230,164,278,230,114,66,114,66,FALSE,FALSE
255,42,142,237,200,142,237,200,142,237,200,95,58,95,58,FALSE,FALSE
255,43,121,221,175,121,221,175,121,221,175,100,54,100,54,FALSE,FALSE
255,44,102,193,152,102,193,152,102,193,152,91,50,91,50,FALSE,FALSE
255,45,84,165,132,84,165,132,84,165,132,81,48,81,48,FALSE,FALSE
255,46,69,139,117,69,139,117,69,139,117,70,48,70,48,FALSE,FALSE
255,47,53,114,93,53,114,93,53,114,93,61,40,61,40,FALSE,FALSE
255,48,43,93,83,43,93,83,43,93,83,50,40,50,40,FALSE,FALSE
255,49,40,77,71,40,77,71,40,77,71,37,31,37,31,FALSE,FALSE
255,50,33,67,61,33,67,61,33,67,61,34,28,34,28,FALSE,FALSE
255,51,30,57,50,30,57,50,30,57,50,27,20,27,20,FALSE,FALSE
255,52,25,51,43,25,51,43,25,51,43,26,18,26,18,FALSE,FALSE
255,53,23,41,44,23,41,44,23,41,44,18,21,18,21,FALSE,FALSE
255,54,23,40,38,23,40,38,23,40,38,17,15,17,15,FALSE,FALSE
255,55,20,34,32,20,34,32,20,34,32,14,12,14,12,FALSE,FALSE
255,56,17,30,24,17,30,24,17,30,24,13,7,13,7,FALSE,FALSE
255,57,15,29,19,15,29,19,15,29,19,14,4,14,4,FALSE,FALSE
255,58,12,27,17,12,27,17,12,27,17,15,5,15,5,FALSE,FALSE
255,59,10,27,15,10,27,15,10,27,15,17,5,17,5,FALSE,FALSE
255,60,8,23,10,8,23,10,8,23,10,15,2,15,2,FALSE,FALSE
256,0,156,156,156,156,156,156,156,156,156,0,0,0,0,TRUE,TRUE
256,1,168,169,163,168,169,163,168,169,163,1,-5,1,5,FALSE,FALSE
256,2,180,175,168,180,175,168,180,175,168,-5,-12,5,12,FALSE,FALSE
256,3,186,194,174,186,194,174,186,194,174,8,-12,8,12,FALSE,FALSE
256,4,199,216,171,199,216,171,199,216,171,17,-28,17,28,FALSE,FALSE
256,5,215,229,173,215,229,173,215,229,173,14,-42,14,42,FALSE,FALSE
256,6,220,248,186,220,248,186,220,248,186,28,-34,28,34,FALSE,FALSE
256,7,222,260,190,222,260,190,222,260,190,38,-32,38,32,FALSE,FALSE
256,8,226,274,203,226,274,203,226,274,203,48,-23,48,23,FALSE,FALSE
256,9,246,299,220,246,299,220,246,299,220,53,-26,53,26,FALSE,FALSE
256,10,257,323,233,257,323,233,257,323,233,66,-24,66,24,FALSE,FALSE
256,11,263,326,241,263,326,241,263,326,241,63,-22,63,22,FALSE,FALSE
256,12,276,365,254,276,365,254,276,365,254,89,-22,89,22,FALSE,FALSE
256,13,284,385,254,284,385,254,284,385,254,101,-30,101,30,FALSE,FALSE
256,14,308,399,276,308,399,276,308,399,276,91,-32,91,32,FALSE,FALSE
256,15,333,423,311,333,423,311,333,423,311,90,-22,90,22,FALSE,FALSE
256,16,351,457,321,351,457,321,351,457,321,106,-30,106,30,FALSE,FALSE
256,17,348,468,340,348,468,340,348,468,340,120,-8,120,8,FALSE,FALSE
256,18,355,512,371,355,512,371,355,512,371,157,16,157,16,FALSE,FALSE
256,19,371,562,389,371,562,389,371,562,389,191,18,191,18,FALSE,FALSE
256,20,390,597,405,390,597,405,390,597,405,207,15,207,15,FALSE,FALSE
256,21,401,627,408,401,627,408,401,627,408,226,7,226,7,FALSE,FALSE
256,22,413,658,445,413,658,445,413,658,445,245,32,245,32,FALSE,FALSE
256,23,427,687,452,427,687,452,427,687,452,260,25,260,25,FALSE,FALSE
256,24,431,742,477,431,742,477,431,742,477,311,46,311,46,FALSE,FALSE
256,25,456,786,489,456,786,489,456,786,489,330,33,330,33,FALSE,FALSE
256,26,478,796,523,478,796,523,478,796,523,318,45,318,45,FALSE,FALSE
256,27,507,820,558,507,820,558,507,820,558,313,51,313,51,FALSE,FALSE
256,28,518,854,584,518,854,584,518,854,584,336,66,336,66,FALSE,FALSE
256,29,527,877,618,527,877,618,527,877,618,350,91,350,91,FALSE,FALSE
256,30,542,889,646,542,889,646,542,889,646,347,104,347,104,FALSE,FALSE
256,31,553,926,691,553,926,691,553,926,691,373,138,373,138,FALSE,FALSE
256,32,565,920,697,565,920,697,565,920,697,355,132,355,132,FALSE,FALSE
256,33,575,932,736,575,932,736,575,932,736,357,161,357,161,FALSE,FALSE
256,34,589,957,753,589,957,753,589,957,753,368,164,368,164,FALSE,FALSE
256,35,609,974,769,609,974,769,609,974,769,365,160,365,160,FALSE,FALSE
256,36,652,971,764,652,971,764,652,971,764,319,112,319,112,FALSE,FALSE
256,37,657,999,776,657,999,776,657,999,776,342,119,342,119,FALSE,FALSE
256,38,679,1037,814,679,1037,814,679,1037,814,358,135,358,135,FALSE,FALSE
256,39,675,1025,807,675,1025,807,675,1025,807,350,132,350,132,FALSE,FALSE
256,40,709,1005,804,709,1005,804,709,1005,804,296,95,296,95,FALSE,FALSE
256,41,740,1011,803,740,1011,803,740,1011,803,271,63,271,63,FALSE,FALSE
256,42,747,1035,821,747,1035,821,747,1035,821,288,74,288,74,FALSE,FALSE
256,43,754,1042,818,754,1042,818,754,1042,818,288,64,288,64,FALSE,FALSE
256,44,751,1037,824,751,1037,824,751,1037,824,286,73,286,73,FALSE,FALSE
256,45,783,1051,847,783,1051,847,783,1051,847,268,64,268,64,FALSE,FALSE
256,46,787,1043,854,787,1043,854,787,1043,854,256,67,256,67,FALSE,FALSE
256,47,800,1049,844,800,1049,844,800,1049,844,249,44,249,44,FALSE,FALSE
256,48,812,1042,848,812,1042,848,812,1042,848,230,36,230,36,FALSE,FALSE
256,49,814,1024,851,814,1024,851,814,1024,851,210,37,210,37,FALSE,FALSE
256,50,816,1011,867,816,1011,867,816,1011,867,195,51,195,51,FALSE,FALSE
256,51,825,999,854,825,999,854,825,999,854,174,29,174,29,FALSE,FALSE
256,52,833,990,859,833,990,859,833,990,859,157,26,157,26,FALSE,FALSE
256,53,847,960,863,847,960,863,847,960,863,113,16,113,16,FALSE,FALSE
256,54,841,944,861,841,944,861,841,944,861,103,20,103,20,FALSE,FALSE
256,55,830,909,872,830,909,872,830,909,872,79,42,79,42,FALSE,FALSE
256,56,814,871,866,814,871,866,814,871,866,57,52,57,52,FALSE,FALSE
256,57,828,873,852,828,873,852,828,873,852,45,24,45,24,FALSE,FALSE
256,58,815,856,844,815,856,844,815,856,844,41,29,41,29,FALSE,FALSE
256,59,802,834,844,802,834,844,802,834,844,32,42,32,42,FALSE,FALSE
256,60,783,807,833,783,807,833,783,807,833,24,50,24,50,FALSE,FALSE
257,0,82,82,82,82,82,82,82,82,82,0,0,0,0,TRUE,TRUE
257,1,100,102,106,100,102,106,100,102,106,2,6,2,6,FALSE,FALSE
257,2,126,128,132,126,128,132,126,128,132,2,6,2,6,FALSE,FALSE
257,3,173,166,169,173,166,169,173,166,169,-7,-4,7,4,FALSE,FALSE
257,4,208,208,216,208,208,216,208,208,216,0,8,0,8,TRUE,FALSE
257,5,254,285,285,254,285,285,254,285,285,31,31,31,31,FALSE,FALSE
257,6,305,376,364,305,376,364,305,376,364,71,59,71,59,FALSE,FALSE
257,7,378,448,451,378,448,451,378,448,451,70,73,70,73,FALSE,FALSE
257,8,478,527,544,478,527,544,478,527,544,49,66,49,66,FALSE,FALSE
257,9,586,664,664,586,664,664,586,664,664,78,78,78,78,FALSE,FALSE
257,10,722,796,815,722,796,815,722,796,815,74,93,74,93,FALSE,FALSE
257,11,877,929,1003,877,929,1003,877,929,1003,52,126,52,126,FALSE,FALSE
257,12,1063,1111,1199,1063,1111,1199,1063,1111,1199,48,136,48,136,FALSE,FALSE
257,13,1272,1282,1369,1272,1282,1369,1272,1282,1369,10,97,10,97,FALSE,FALSE
257,14,1475,1486,1589,1475,1486,1589,1475,1486,1589,11,114,11,114,FALSE,FALSE
257,15,1653,1674,1773,1653,1674,1773,1653,1674,1773,21,120,21,120,FALSE,FALSE
257,16,1845,1872,1944,1845,1872,1944,1845,1872,1944,27,99,27,99,FALSE,FALSE
257,17,2024,2039,2150,2024,2039,2150,2024,2039,2150,15,126,15,126,FALSE,FALSE
257,18,2180,2208,2287,2180,2208,2287,2180,2208,2287,28,107,28,107,FALSE,FALSE
257,19,2354,2370,2424,2354,2370,2424,2354,2370,2424,16,70,16,70,FALSE,FALSE
257,20,2518,2473,2510,2518,2473,2510,2518,2473,2510,-45,-8,45,8,FALSE,FALSE
257,21,2560,2569,2571,2560,2569,2571,2560,2569,2571,9,11,9,11,FALSE,FALSE
257,22,2579,2619,2593,2579,2619,2593,2579,2619,2593,40,14,40,14,FALSE,FALSE
257,23,2589,2655,2582,2589,2655,2582,2589,2655,2582,66,-7,66,7,FALSE,FALSE
257,24,2595,2637,2530,2595,2637,2530,2595,2637,2530,42,-65,42,65,FALSE,FALSE
257,25,2540,2607,2477,2540,2607,2477,2540,2607,2477,67,-63,67,63,FALSE,FALSE
257,26,2475,2532,2415,2475,2532,2415,2475,2532,2415,57,-60,57,60,FALSE,FALSE
257,27,2411,2435,2327,2411,2435,2327,2411,2435,2327,24,-84,24,84,FALSE,FALSE
257,28,2324,2315,2211,2324,2315,2211,2324,2315,2211,-9,-113,9,113,FALSE,FALSE
257,29,2185,2204,2097,2185,2204,2097,2185,2204,2097,19,-88,19,88,FALSE,FALSE
257,30,2034,2095,2001,2034,2095,2001,2034,2095,2001,61,-33,61,33,FALSE,FALSE
257,31,1929,1982,1869,1929,1982,1869,1929,1982,1869,53,-60,53,60,FALSE,FALSE
257,32,1805,1880,1774,1805,1880,1774,1805,1880,1774,75,-31,75,31,FALSE,FALSE
257,33,1697,1750,1659,1697,1750,1659,1697,1750,1659,53,-38,53,38,FALSE,FALSE
257,34,1585,1650,1546,1585,1650,1546,1585,1650,1546,65,-39,65,39,FALSE,FALSE
257,35,1476,1537,1443,1476,1537,1443,1476,1537,1443,61,-33,61,33,FALSE,FALSE
257,36,1367,1426,1350,1367,1426,1350,1367,1426,1350,59,-17,59,17,FALSE,FALSE
257,37,1281,1333,1277,1281,1333,1277,1281,1333,1277,52,-4,52,4,FALSE,FALSE
257,38,1198,1250,1174,1198,1250,1174,1198,1250,1174,52,-24,52,24,FALSE,FALSE
257,39,1127,1152,1092,1127,1152,1092,1127,1152,1092,25,-35,25,35,FALSE,FALSE
257,40,1036,1083,1011,1036,1083,1011,1036,1083,1011,47,-25,47,25,FALSE,FALSE
257,41,952,1015,936,952,1015,936,952,1015,936,63,-16,63,16,FALSE,FALSE
257,42,894,945,861,894,945,861,894,945,861,51,-33,51,33,FALSE,FALSE
257,43,834,882,791,834,882,791,834,882,791,48,-43,48,43,FALSE,FALSE
257,44,782,814,735,782,814,735,782,814,735,32,-47,32,47,FALSE,FALSE
257,45,725,766,676,725,766,676,725,766,676,41,-49,41,49,FALSE,FALSE
257,46,676,704,633,676,704,633,676,704,633,28,-43,28,43,FALSE,FALSE
257,47,636,652,577,636,652,577,636,652,577,16,-59,16,59,FALSE,FALSE
257,48,605,611,545,605,611,545,605,611,545,6,-60,6,60,FALSE,FALSE
257,49,561,562,511,561,562,511,561,562,511,1,-50,1,50,FALSE,FALSE
257,50,523,524,472,523,524,472,523,524,472,1,-51,1,51,FALSE,FALSE
257,51,474,482,432,474,482,432,474,482,432,8,-42,8,42,FALSE,FALSE
257,52,440,454,397,440,454,397,440,454,397,14,-43,14,43,FALSE,FALSE
257,53,413,416,357,413,416,357,413,416,357,3,-56,3,56,FALSE,FALSE
257,54,382,388,339,382,388,339,382,388,339,6,-43,6,43,FALSE,FALSE
257,55,359,361,316,359,361,316,359,361,316,2,-43,2,43,FALSE,FALSE
257,56,335,338,302,335,338,302,335,338,302,3,-33,3,33,FALSE,FALSE
257,57,309,313,285,309,313,285,309,313,285,4,-24,4,24,FALSE,FALSE
257,58,287,287,264,287,287,264,287,287,264,0,-23,0,23,TRUE,FALSE
257,59,263,261,241,263,261,241,263,261,241,-2,-22,2,22,FALSE,FALSE
257,60,236,237,227,236,237,227,236,237,227,1,-9,1,9,FALSE,FALSE
258,0,100,100,100,100,100,100,100,100,100,0,0,0,0,TRUE,TRUE
258,1,191,98,193,191,98,193,191,98,193,-93,2,93,2,FALSE,FALSE
258,2,370,100,346,370,100,346,370,100,346,-270,-24,270,24,FALSE,FALSE
258,3,674,103,579,674,103,579,674,103,579,-571,-95,571,95,FALSE,FALSE
258,4,1124,111,982,1124,111,982,1124,111,982,-1013,-142,1013,142,FALSE,FALSE
258,5,1792,105,1517,1792,105,1517,1792,105,1517,-1687,-275,1687,275,FALSE,FALSE
258,6,2563,119,2206,2563,119,2206,2563,119,2206,-2444,-357,2444,357,FALSE,FALSE
258,7,3271,118,2905,3271,118,2905,3271,118,2905,-3153,-366,3153,366,FALSE,FALSE
258,8,3607,122,3409,3607,122,3409,3607,122,3409,-3485,-198,3485,198,FALSE,FALSE
258,9,3662,124,3566,3662,124,3566,3662,124,3566,-3538,-96,3538,96,FALSE,FALSE
258,10,3357,124,3383,3357,124,3383,3357,124,3383,-3233,26,3233,26,FALSE,FALSE
258,11,2942,130,2993,2942,130,2993,2942,130,2993,-2812,51,2812,51,FALSE,FALSE
258,12,2540,125,2578,2540,125,2578,2540,125,2578,-2415,38,2415,38,FALSE,FALSE
258,13,2098,129,2176,2098,129,2176,2098,129,2176,-1969,78,1969,78,FALSE,FALSE
258,14,1710,135,1792,1710,135,1792,1710,135,1792,-1575,82,1575,82,FALSE,FALSE
258,15,1381,140,1454,1381,140,1454,1381,140,1454,-1241,73,1241,73,FALSE,FALSE
258,16,1116,151,1180,1116,151,1180,1116,151,1180,-965,64,965,64,FALSE,FALSE
258,17,911,163,977,911,163,977,911,163,977,-748,66,748,66,FALSE,FALSE
258,18,719,170,771,719,170,771,719,170,771,-549,52,549,52,FALSE,FALSE
258,19,570,167,594,570,167,594,570,167,594,-403,24,403,24,FALSE,FALSE
258,20,445,183,497,445,183,497,445,183,497,-262,52,262,52,FALSE,FALSE
258,21,365,188,402,365,188,402,365,188,402,-177,37,177,37,FALSE,FALSE
258,22,281,187,319,281,187,319,281,187,319,-94,38,94,38,FALSE,FALSE
258,23,220,187,249,220,187,249,220,187,249,-33,29,33,29,FALSE,FALSE
258,24,168,200,199,168,200,199,168,200,199,32,31,32,31,FALSE,FALSE
258,25,136,196,154,136,196,154,136,196,154,60,18,60,18,FALSE,FALSE
258,26,105,196,119,105,196,119,105,196,119,91,14,91,14,FALSE,FALSE
258,27,90,195,92,90,195,92,90,195,92,105,2,105,2,FALSE,FALSE
258,28,61,194,74,61,194,74,61,194,74,133,13,133,13,FALSE,FALSE
258,29,53,198,60,53,198,60,53,198,60,145,7,145,7,FALSE,FALSE
258,30,39,194,52,39,194,52,39,194,52,155,13,155,13,FALSE,FALSE
258,31,37,194,41,37,194,41,37,194,41,157,4,157,4,FALSE,FALSE
258,32,26,179,33,26,179,33,26,179,33,153,7,153,7,FALSE,FALSE
258,33,22,172,23,22,172,23,22,172,23,150,1,150,1,FALSE,FALSE
258,34,19,174,20,19,174,20,19,174,20,155,1,155,1,FALSE,FALSE
258,35,14,182,16,14,182,16,14,182,16,168,2,168,2,FALSE,FALSE
258,36,8,185,15,8,185,15,8,185,15,177,7,177,7,FALSE,FALSE
258,37,7,192,11,7,192,11,7,192,11,185,4,185,4,FALSE,FALSE
258,38,4,181,9,4,181,9,4,181,9,177,5,177,5,FALSE,FALSE
258,39,3,172,6,3,172,6,3,172,6,169,3,169,3,FALSE,FALSE
258,40,2,171,6,2,171,6,2,171,6,169,4,169,4,FALSE,FALSE
258,41,1,159,4,1,159,4,1,159,4,158,3,158,3,FALSE,FALSE
258,42,1,167,4,1,167,4,1,167,4,166,3,166,3,FALSE,FALSE
258,43,1,166,3,1,166,3,1,166,3,165,2,165,2,FALSE,FALSE
258,44,0,171,3,0,171,3,0,171,3,171,3,171,3,FALSE,FALSE
258,45,0,164,2,0,164,2,0,164,2,164,2,164,2,FALSE,FALSE
258,46,0,162,1,0,162,1,0,162,1,162,1,162,1,FALSE,FALSE
258,47,0,158,1,0,158,1,0,158,1,158,1,158,1,FALSE,FALSE
258,48,0,153,1,0,153,1,0,153,1,153,1,153,1,FALSE,FALSE
258,49,0,170,1,0,170,1,0,170,1,170,1,170,1,FALSE,FALSE
258,50,0,167,1,0,167,1,0,167,1,167,1,167,1,FALSE,FALSE
258,51,0,158,1,0,158,1,0,158,1,158,1,158,1,FALSE,FALSE
258,52,0,159,2,0,159,2,0,159,2,159,2,159,2,FALSE,FALSE
258,53,0,167,1,0,167,1,0,167,1,167,1,167,1,FALSE,FALSE
258,54,0,176,1,0,176,1,0,176,1,176,1,176,1,FALSE,FALSE
258,55,0,169,1,0,169,1,0,169,1,169,1,169,1,FALSE,FALSE
258,56,0,172,1,0,172,1,0,172,1,172,1,172,1,FALSE,FALSE
258,57,0,168,1,0,168,1,0,168,1,168,1,168,1,FALSE,FALSE
258,58,0,163,1,0,163,1,0,163,1,163,1,163,1,FALSE,FALSE
258,59,0,161,0,0,161,0,0,161,0,161,0,161,0,FALSE,TRUE
258,60,0,157,0,0,157,0,0,157,0,157,0,157,0,FALSE,TRUE
259,0,101,101,101,101,101,101,101,101,101,0,0,0,0,TRUE,TRUE
259,1,138,145,146,138,145,146,138,145,146,7,8,7,8,FALSE,FALSE
259,2,182,202,194,182,202,194,182,202,194,20,12,20,12,FALSE,FALSE
259,3,228,256,246,228,256,246,228,256,246,28,18,28,18,FALSE,FALSE
259,4,303,344,314,303,344,314,303,344,314,41,11,41,11,FALSE,FALSE
259,5,393,481,423,393,481,423,393,481,423,88,30,88,30,FALSE,FALSE
259,6,508,597,550,508,597,550,508,597,550,89,42,89,42,FALSE,FALSE
259,7,659,751,700,659,751,700,659,751,700,92,41,92,41,FALSE,FALSE
259,8,787,974,895,787,974,895,787,974,895,187,108,187,108,FALSE,FALSE
259,9,1002,1208,1115,1002,1208,1115,1002,1208,1115,206,113,206,113,FALSE,FALSE
259,10,1211,1447,1343,1211,1447,1343,1211,1447,1343,236,132,236,132,FALSE,FALSE
259,11,1458,1695,1584,1458,1695,1584,1458,1695,1584,237,126,237,126,FALSE,FALSE
259,12,1719,1972,1826,1719,1972,1826,1719,1972,1826,253,107,253,107,FALSE,FALSE
259,13,1952,2201,2036,1952,2201,2036,1952,2201,2036,249,84,249,84,FALSE,FALSE
259,14,2256,2377,2292,2256,2377,2292,2256,2377,2292,121,36,121,36,FALSE,FALSE
259,15,2436,2501,2529,2436,2501,2529,2436,2501,2529,65,93,65,93,FALSE,FALSE
259,16,2505,2584,2624,2505,2584,2624,2505,2584,2624,79,119,79,119,FALSE,FALSE
259,17,2613,2659,2658,2613,2659,2658,2613,2659,2658,46,45,46,45,FALSE,FALSE
259,18,2614,2630,2646,2614,2630,2646,2614,2630,2646,16,32,16,32,FALSE,FALSE
259,19,2570,2532,2534,2570,2532,2534,2570,2532,2534,-38,-36,38,36,FALSE,FALSE
259,20,2452,2375,2448,2452,2375,2448,2452,2375,2448,-77,-4,77,4,FALSE,FALSE
259,21,2325,2212,2303,2325,2212,2303,2325,2212,2303,-113,-22,113,22,FALSE,FALSE
259,22,2152,2023,2145,2152,2023,2145,2152,2023,2145,-129,-7,129,7,FALSE,FALSE
259,23,2037,1810,1993,2037,1810,1993,2037,1810,1993,-227,-44,227,44,FALSE,FALSE
259,24,1870,1641,1799,1870,1641,1799,1870,1641,1799,-229,-71,229,71,FALSE,FALSE
259,25,1711,1494,1611,1711,1494,1611,1711,1494,1611,-217,-100,217,100,FALSE,FALSE
259,26,1541,1353,1424,1541,1353,1424,1541,1353,1424,-188,-117,188,117,FALSE,FALSE
259,27,1422,1212,1267,1422,1212,1267,1422,1212,1267,-210,-155,210,155,FALSE,FALSE
259,28,1264,1076,1134,1264,1076,1134,1264,1076,1134,-188,-130,188,130,FALSE,FALSE
259,29,1119,932,993,1119,932,993,1119,932,993,-187,-126,187,126,FALSE,FALSE
259,30,981,841,873,981,841,873,981,841,873,-140,-108,140,108,FALSE,FALSE
259,31,853,726,760,853,726,760,853,726,760,-127,-93,127,93,FALSE,FALSE
259,32,752,638,675,752,638,675,752,638,675,-114,-77,114,77,FALSE,FALSE
259,33,677,577,597,677,577,597,677,577,597,-100,-80,100,80,FALSE,FALSE
259,34,578,493,521,578,493,521,578,493,521,-85,-57,85,57,FALSE,FALSE
259,35,527,437,452,527,437,452,527,437,452,-90,-75,90,75,FALSE,FALSE
259,36,476,378,389,476,378,389,476,378,389,-98,-87,98,87,FALSE,FALSE
259,37,415,327,337,415,327,337,415,327,337,-88,-78,88,78,FALSE,FALSE
259,38,365,294,289,365,294,289,365,294,289,-71,-76,71,76,FALSE,FALSE
259,39,315,255,249,315,255,249,315,255,249,-60,-66,60,66,FALSE,FALSE
259,40,287,224,228,287,224,228,287,224,228,-63,-59,63,59,FALSE,FALSE
259,41,258,189,210,258,189,210,258,189,210,-69,-48,69,48,FALSE,FALSE
259,42,229,162,172,229,162,172,229,162,172,-67,-57,67,57,FALSE,FALSE
259,43,191,140,145,191,140,145,191,140,145,-51,-46,51,46,FALSE,FALSE
259,44,165,119,130,165,119,130,165,119,130,-46,-35,46,35,FALSE,FALSE
259,45,149,107,114,149,107,114,149,107,114,-42,-35,42,35,FALSE,FALSE
259,46,123,93,101,123,93,101,123,93,101,-30,-22,30,22,FALSE,FALSE
259,47,108,88,93,108,88,93,108,88,93,-20,-15,20,15,FALSE,FALSE
259,48,95,84,78,95,84,78,95,84,78,-11,-17,11,17,FALSE,FALSE
259,49,91,67,63,91,67,63,91,67,63,-24,-28,24,28,FALSE,FALSE
259,50,84,56,49,84,56,49,84,56,49,-28,-35,28,35,FALSE,FALSE
259,51,68,49,41,68,49,41,68,49,41,-19,-27,19,27,FALSE,FALSE
259,52,51,48,37,51,48,37,51,48,37,-3,-14,3,14,FALSE,FALSE
259,53,43,39,35,43,39,35,43,39,35,-4,-8,4,8,FALSE,FALSE
259,54,32,34,32,32,34,32,32,34,32,2,0,2,0,FALSE,TRUE
259,55,29,26,25,29,26,25,29,26,25,-3,-4,3,4,FALSE,FALSE
259,56,26,23,23,26,23,23,26,23,23,-3,-3,3,3,FALSE,FALSE
259,57,20,19,21,20,19,21,20,19,21,-1,1,1,1,FALSE,FALSE
259,58,17,14,19,17,14,19,17,14,19,-3,2,3,2,FALSE,FALSE
259,59,14,9,17,14,9,17,14,9,17,-5,3,5,3,FALSE,FALSE
259,60,9,7,14,9,7,14,9,7,14,-2,5,2,5,FALSE,FALSE
260,0,75,75,75,75,75,75,75,75,75,0,0,0,0,TRUE,TRUE
260,1,103,112,107,103,112,107,103,112,107,9,4,9,4,FALSE,FALSE
260,2,141,158,154,141,158,154,141,158,154,17,13,17,13,FALSE,FALSE
260,3,185,230,202,185,230,202,185,230,202,45,17,45,17,FALSE,FALSE
260,4,266,310,261,266,310,261,266,310,261,44,-5,44,5,FALSE,FALSE
260,5,363,377,352,363,377,352,363,377,352,14,-11,14,11,FALSE,FALSE
260,6,464,505,447,464,505,447,464,505,447,41,-17,41,17,FALSE,FALSE
260,7,635,653,590,635,653,590,635,653,590,18,-45,18,45,FALSE,FALSE
260,8,809,824,795,809,824,795,809,824,795,15,-14,15,14,FALSE,FALSE
260,9,999,991,992,999,991,992,999,991,992,-8,-7,8,7,FALSE,FALSE
260,10,1219,1181,1194,1219,1181,1194,1219,1181,1194,-38,-25,38,25,FALSE,FALSE
260,11,1490,1417,1397,1490,1417,1397,1490,1417,1397,-73,-93,73,93,FALSE,FALSE
260,12,1692,1622,1605,1692,1622,1605,1692,1622,1605,-70,-87,70,87,FALSE,FALSE
260,13,1875,1826,1803,1875,1826,1803,1875,1826,1803,-49,-72,49,72,FALSE,FALSE
260,14,1964,1924,1878,1964,1924,1878,1964,1924,1878,-40,-86,40,86,FALSE,FALSE
260,15,2028,1966,1896,2028,1966,1896,2028,1966,1896,-62,-132,62,132,FALSE,FALSE
260,16,2018,1938,1923,2018,1938,1923,2018,1938,1923,-80,-95,80,95,FALSE,FALSE
260,17,1950,1874,1913,1950,1874,1913,1950,1874,1913,-76,-37,76,37,FALSE,FALSE
260,18,1821,1776,1836,1821,1776,1836,1821,1776,1836,-45,15,45,15,FALSE,FALSE
260,19,1648,1633,1749,1648,1633,1749,1648,1633,1749,-15,101,15,101,FALSE,FALSE
260,20,1536,1515,1629,1536,1515,1629,1536,1515,1629,-21,93,21,93,FALSE,FALSE
260,21,1347,1355,1520,1347,1355,1520,1347,1355,1520,8,173,8,173,FALSE,FALSE
260,22,1211,1243,1336,1211,1243,1336,1211,1243,1336,32,125,32,125,FALSE,FALSE
260,23,1063,1095,1153,1063,1095,1153,1063,1095,1153,32,90,32,90,FALSE,FALSE
260,24,921,953,1015,921,953,1015,921,953,1015,32,94,32,94,FALSE,FALSE
260,25,793,820,881,793,820,881,793,820,881,27,88,27,88,FALSE,FALSE
260,26,714,726,787,714,726,787,714,726,787,12,73,12,73,FALSE,FALSE
260,27,596,617,689,596,617,689,596,617,689,21,93,21,93,FALSE,FALSE
260,28,495,544,590,495,544,590,495,544,590,49,95,49,95,FALSE,FALSE
260,29,438,473,487,438,473,487,438,473,487,35,49,35,49,FALSE,FALSE
260,30,367,393,415,367,393,415,367,393,415,26,48,26,48,FALSE,FALSE
260,31,310,312,340,310,312,340,310,312,340,2,30,2,30,FALSE,FALSE
260,32,261,261,277,261,261,277,261,261,277,0,16,0,16,TRUE,FALSE
260,33,221,239,233,221,239,233,221,239,233,18,12,18,12,FALSE,FALSE
260,34,188,203,206,188,203,206,188,203,206,15,18,15,18,FALSE,FALSE
260,35,154,169,172,154,169,172,154,169,172,15,18,15,18,FALSE,FALSE
260,36,119,126,132,119,126,132,119,126,132,7,13,7,13,FALSE,FALSE
260,37,97,98,110,97,98,110,97,98,110,1,13,1,13,FALSE,FALSE
260,38,88,81,80,88,81,80,88,81,80,-7,-8,7,8,FALSE,FALSE
260,39,75,61,68,75,61,68,75,61,68,-14,-7,14,7,FALSE,FALSE
260,40,57,55,56,57,55,56,57,55,56,-2,-1,2,1,FALSE,FALSE
260,41,54,48,46,54,48,46,54,48,46,-6,-8,6,8,FALSE,FALSE
260,42,37,41,38,37,41,38,37,41,38,4,1,4,1,FALSE,FALSE
260,43,29,37,34,29,37,34,29,37,34,8,5,8,5,FALSE,FALSE
260,44,27,32,31,27,32,31,27,32,31,5,4,5,4,FALSE,FALSE
260,45,20,29,28,20,29,28,20,29,28,9,8,9,8,FALSE,FALSE
260,46,17,29,27,17,29,27,17,29,27,12,10,12,10,FALSE,FALSE
260,47,15,26,23,15,26,23,15,26,23,11,8,11,8,FALSE,FALSE
260,48,12,17,21,12,17,21,12,17,21,5,9,5,9,FALSE,FALSE
260,49,11,10,18,11,10,18,11,10,18,-1,7,1,7,FALSE,FALSE
260,50,8,11,18,8,11,18,8,11,18,3,10,3,10,FALSE,FALSE
260,51,5,7,15,5,7,15,5,7,15,2,10,2,10,FALSE,FALSE
260,52,5,7,12,5,7,12,5,7,12,2,7,2,7,FALSE,FALSE
260,53,4,5,11,4,5,11,4,5,11,1,7,1,7,FALSE,FALSE
260,54,4,4,7,4,4,7,4,4,7,0,3,0,3,TRUE,FALSE
260,55,4,0,6,4,0,6,4,0,6,-4,2,4,2,FALSE,FALSE
260,56,3,0,5,3,0,5,3,0,5,-3,2,3,2,FALSE,FALSE
260,57,2,0,4,2,0,4,2,0,4,-2,2,2,2,FALSE,FALSE
260,58,2,0,3,2,0,3,2,0,3,-2,1,2,1,FALSE,FALSE
260,59,2,0,4,2,0,4,2,0,4,-2,2,2,2,FALSE,FALSE
260,60,2,0,3,2,0,3,2,0,3,-2,1,2,1,FALSE,FALSE
261,0,49,49,49,49,49,49,49,49,49,0,0,0,0,TRUE,TRUE
261,1,80,81,86,80,81,86,80,81,86,1,6,1,6,FALSE,FALSE
261,2,142,124,157,142,124,157,142,124,157,-18,15,18,15,FALSE,FALSE
261,3,264,196,266,264,196,266,264,196,266,-68,2,68,2,FALSE,FALSE
261,4,476,295,456,476,295,456,476,295,456,-181,-20,181,20,FALSE,FALSE
261,5,838,457,773,838,457,773,838,457,773,-381,-65,381,65,FALSE,FALSE
261,6,1385,715,1240,1385,715,1240,1385,715,1240,-670,-145,670,145,FALSE,FALSE
261,7,2054,1038,1836,2054,1038,1836,2054,1038,1836,-1016,-218,1016,218,FALSE,FALSE
261,8,2624,1442,2496,2624,1442,2496,2624,1442,2496,-1182,-128,1182,128,FALSE,FALSE
261,9,2994,1901,2924,2994,1901,2924,2994,1901,2924,-1093,-70,1093,70,FALSE,FALSE
261,10,3020,2260,3032,3020,2260,3032,3020,2260,3032,-760,12,760,12,FALSE,FALSE
261,11,2760,2438,2870,2760,2438,2870,2760,2438,2870,-322,110,322,110,FALSE,FALSE
261,12,2413,2518,2569,2413,2518,2569,2413,2518,2569,105,156,105,156,FALSE,FALSE
261,13,2051,2446,2168,2051,2446,2168,2051,2446,2168,395,117,395,117,FALSE,FALSE
261,14,1682,2267,1765,1682,2267,1765,1682,2267,1765,585,83,585,83,FALSE,FALSE
261,15,1336,2025,1419,1336,2025,1419,1336,2025,1419,689,83,689,83,FALSE,FALSE
261,16,1100,1752,1143,1100,1752,1143,1100,1752,1143,652,43,652,43,FALSE,FALSE
261,17,885,1496,936,885,1496,936,885,1496,936,611,51,611,51,FALSE,FALSE
261,18,742,1287,747,742,1287,747,742,1287,747,545,5,545,5,FALSE,FALSE
261,19,603,1091,602,603,1091,602,603,1091,602,488,-1,488,1,FALSE,FALSE
261,20,464,941,495,464,941,495,464,941,495,477,31,477,31,FALSE,FALSE
261,21,372,750,389,372,750,389,372,750,389,378,17,378,17,FALSE,FALSE
261,22,301,640,323,301,640,323,301,640,323,339,22,339,22,FALSE,FALSE
261,23,234,521,245,234,521,245,234,521,245,287,11,287,11,FALSE,FALSE
261,24,181,419,196,181,419,196,181,419,196,238,15,238,15,FALSE,FALSE
261,25,144,337,159,144,337,159,144,337,159,193,15,193,15,FALSE,FALSE
261,26,104,255,119,104,255,119,104,255,119,151,15,151,15,FALSE,FALSE
261,27,83,215,92,83,215,92,83,215,92,132,9,132,9,FALSE,FALSE
261,28,69,182,81,69,182,81,69,182,81,113,12,113,12,FALSE,FALSE
261,29,61,139,63,61,139,63,61,139,63,78,2,78,2,FALSE,FALSE
261,30,43,114,42,43,114,42,43,114,42,71,-1,71,1,FALSE,FALSE
261,31,33,95,34,33,95,34,33,95,34,62,1,62,1,FALSE,FALSE
261,32,30,83,29,30,83,29,30,83,29,53,-1,53,1,FALSE,FALSE
261,33,23,63,23,23,63,23,23,63,23,40,0,40,0,FALSE,TRUE
261,34,17,52,18,17,52,18,17,52,18,35,1,35,1,FALSE,FALSE
261,35,11,45,17,11,45,17,11,45,17,34,6,34,6,FALSE,FALSE
261,36,8,38,14,8,38,14,8,38,14,30,6,30,6,FALSE,FALSE
261,37,7,31,13,7,31,13,7,31,13,24,6,24,6,FALSE,FALSE
261,38,5,27,10,5,27,10,5,27,10,22,5,22,5,FALSE,FALSE
261,39,6,21,9,6,21,9,6,21,9,15,3,15,3,FALSE,FALSE
261,40,5,21,8,5,21,8,5,21,8,16,3,16,3,FALSE,FALSE
261,41,4,17,7,4,17,7,4,17,7,13,3,13,3,FALSE,FALSE
261,42,3,15,7,3,15,7,3,15,7,12,4,12,4,FALSE,FALSE
261,43,1,13,7,1,13,7,1,13,7,12,6,12,6,FALSE,FALSE
261,44,1,11,7,1,11,7,1,11,7,10,6,10,6,FALSE,FALSE
261,45,1,8,7,1,8,7,1,8,7,7,6,7,6,FALSE,FALSE
261,46,1,7,4,1,7,4,1,7,4,6,3,6,3,FALSE,FALSE
261,47,1,3,4,1,3,4,1,3,4,2,3,2,3,FALSE,FALSE
261,48,1,3,3,1,3,3,1,3,3,2,2,2,2,FALSE,FALSE
261,49,1,2,2,1,2,2,1,2,2,1,1,1,1,FALSE,FALSE
261,50,1,1,2,1,1,2,1,1,2,0,1,0,1,TRUE,FALSE
261,51,1,1,2,1,1,2,1,1,2,0,1,0,1,TRUE,FALSE
261,52,0,1,1,0,1,1,0,1,1,1,1,1,1,FALSE,FALSE
261,53,0,1,1,0,1,1,0,1,1,1,1,1,1,FALSE,FALSE
261,54,0,1,0,0,1,0,0,1,0,1,0,1,0,FALSE,TRUE
261,55,0,1,0,0,1,0,0,1,0,1,0,1,0,FALSE,TRUE
261,56,0,0,0,0,0,0,0,0,0,0,0,0,0,TRUE,TRUE
261,57,0,0,0,0,0,0,0,0,0,0,0,0,0,TRUE,TRUE
261,58,0,0,0,0,0,0,0,0,0,0,0,0,0,TRUE,TRUE
261,59,0,0,0,0,0,0,0,0,0,0,0,0,0,TRUE,TRUE
261,60,0,0,0,0,0,0,0,0,0,0,0,0,0,TRUE,TRUE
262,0,45,45,45,45,45,45,45,45,45,0,0,0,0,TRUE,TRUE
262,1,53,49,53,53,49,53,53,49,53,-4,0,4,0,FALSE,TRUE
262,2,59,57,63,59,57,63,59,57,63,-2,4,2,4,FALSE,FALSE
262,3,60,63,65,60,63,65,60,63,65,3,5,3,5,FALSE,FALSE
262,4,66,70,71,66,70,71,66,70,71,4,5,4,5,FALSE,FALSE
262,5,73,70,78,73,70,78,73,70,78,-3,5,3,5,FALSE,FALSE
262,6,80,80,77,80,80,77,80,80,77,0,-3,0,3,TRUE,FALSE
262,7,96,87,88,96,87,88,96,87,88,-9,-8,9,8,FALSE,FALSE
262,8,97,91,97,97,91,97,97,91,97,-6,0,6,0,FALSE,TRUE
262,9,101,105,107,101,105,107,101,105,107,4,6,4,6,FALSE,FALSE
262,10,104,106,120,104,106,120,104,106,120,2,16,2,16,FALSE,FALSE
262,11,109,112,120,109,112,120,109,112,120,3,11,3,11,FALSE,FALSE
262,12,127,130,129,127,130,129,127,130,129,3,2,3,2,FALSE,FALSE
262,13,122,139,147,122,139,147,122,139,147,17,25,17,25,FALSE,FALSE
262,14,137,150,164,137,150,164,137,150,164,13,27,13,27,FALSE,FALSE
262,15,149,164,169,149,164,169,149,164,169,15,20,15,20,FALSE,FALSE
262,16,161,180,192,161,180,192,161,180,192,19,31,19,31,FALSE,FALSE
262,17,183,201,216,183,201,216,183,201,216,18,33,18,33,FALSE,FALSE
262,18,190,223,241,190,223,241,190,223,241,33,51,33,51,FALSE,FALSE
262,19,199,248,261,199,248,261,199,248,261,49,62,49,62,FALSE,FALSE
262,20,203,278,274,203,278,274,203,278,274,75,71,75,71,FALSE,FALSE
262,21,222,292,294,222,292,294,222,292,294,70,72,70,72,FALSE,FALSE
262,22,230,317,324,230,317,324,230,317,324,87,94,87,94,FALSE,FALSE
262,23,248,322,350,248,322,350,248,322,350,74,102,74,102,FALSE,FALSE
262,24,268,345,367,268,345,367,268,345,367,77,99,77,99,FALSE,FALSE
262,25,279,375,389,279,375,389,279,375,389,96,110,96,110,FALSE,FALSE
262,26,301,396,408,301,396,408,301,396,408,95,107,95,107,FALSE,FALSE
262,27,317,432,428,317,432,428,317,432,428,115,111,115,111,FALSE,FALSE
262,28,338,462,441,338,462,441,338,462,441,124,103,124,103,FALSE,FALSE
262,29,357,459,456,357,459,456,357,459,456,102,99,102,99,FALSE,FALSE
262,30,367,489,467,367,489,467,367,489,467,122,100,122,100,FALSE,FALSE
262,31,382,514,496,382,514,496,382,514,496,132,114,132,114,FALSE,FALSE
262,32,415,542,517,415,542,517,415,542,517,127,102,127,102,FALSE,FALSE
262,33,440,557,554,440,557,554,440,557,554,117,114,117,114,FALSE,FALSE
262,34,444,573,578,444,573,578,444,573,578,129,134,129,134,FALSE,FALSE
262,35,465,584,614,465,584,614,465,584,614,119,149,119,149,FALSE,FALSE
262,36,498,617,653,498,617,653,498,617,653,119,155,119,155,FALSE,FALSE
262,37,523,634,675,523,634,675,523,634,675,111,152,111,152,FALSE,FALSE
262,38,547,652,696,547,652,696,547,652,696,105,149,105,149,FALSE,FALSE
262,39,575,686,698,575,686,698,575,686,698,111,123,111,123,FALSE,FALSE
262,40,597,714,731,597,714,731,597,714,731,117,134,117,134,FALSE,FALSE
262,41,610,721,742,610,721,742,610,721,742,111,132,111,132,FALSE,FALSE
262,42,633,718,771,633,718,771,633,718,771,85,138,85,138,FALSE,FALSE
262,43,650,738,790,650,738,790,650,738,790,88,140,88,140,FALSE,FALSE
262,44,671,738,794,671,738,794,671,738,794,67,123,67,123,FALSE,FALSE
262,45,701,760,796,701,760,796,701,760,796,59,95,59,95,FALSE,FALSE
262,46,717,754,798,717,754,798,717,754,798,37,81,37,81,FALSE,FALSE
262,47,743,760,813,743,760,813,743,760,813,17,70,17,70,FALSE,FALSE
262,48,773,770,813,773,770,813,773,770,813,-3,40,3,40,FALSE,FALSE
262,49,786,770,795,786,770,795,786,770,795,-16,9,16,9,FALSE,FALSE
262,50,772,765,816,772,765,816,772,765,816,-7,44,7,44,FALSE,FALSE
262,51,769,775,816,769,775,816,769,775,816,6,47,6,47,FALSE,FALSE
262,52,789,799,817,789,799,817,789,799,817,10,28,10,28,FALSE,FALSE
262,53,782,790,809,782,790,809,782,790,809,8,27,8,27,FALSE,FALSE
262,54,770,799,806,770,799,806,770,799,806,29,36,29,36,FALSE,FALSE
262,55,779,770,798,779,770,798,779,770,798,-9,19,9,19,FALSE,FALSE
262,56,767,751,790,767,751,790,767,751,790,-16,23,16,23,FALSE,FALSE
262,57,770,756,784,770,756,784,770,756,784,-14,14,14,14,FALSE,FALSE
262,58,787,742,790,787,742,790,787,742,790,-45,3,45,3,FALSE,FALSE
262,59,776,721,768,776,721,768,776,721,768,-55,-8,55,8,FALSE,FALSE
262,60,768,701,758,768,701,758,768,701,758,-67,-10,67,10,FALSE,FALSE
263,0,75,75,75,75,75,75,75,75,75,0,0,0,0,TRUE,TRUE
263,1,97,93,95,97,93,95,97,93,95,-4,-2,4,2,FALSE,FALSE
263,2,125,127,112,125,127,112,125,127,112,2,-13,2,13,FALSE,FALSE
263,3,146,156,145,146,156,145,146,156,145,10,-1,10,1,FALSE,FALSE
263,4,187,214,173,187,214,173,187,214,173,27,-14,27,14,FALSE,FALSE
263,5,235,264,240,235,264,240,235,264,240,29,5,29,5,FALSE,FALSE
263,6,287,333,289,287,333,289,287,333,289,46,2,46,2,FALSE,FALSE
263,7,345,424,366,345,424,366,345,424,366,79,21,79,21,FALSE,FALSE
263,8,428,521,441,428,521,441,428,521,441,93,13,93,13,FALSE,FALSE
263,9,507,629,509,507,629,509,507,629,509,122,2,122,2,FALSE,FALSE
263,10,622,739,632,622,739,632,622,739,632,117,10,117,10,FALSE,FALSE
263,11,732,917,726,732,917,726,732,917,726,185,-6,185,6,FALSE,FALSE
263,12,865,1037,856,865,1037,856,865,1037,856,172,-9,172,9,FALSE,FALSE
263,13,946,1177,991,946,1177,991,946,1177,991,231,45,231,45,FALSE,FALSE
263,14,1079,1295,1107,1079,1295,1107,1079,1295,1107,216,28,216,28,FALSE,FALSE
263,15,1137,1381,1231,1137,1381,1231,1137,1381,1231,244,94,244,94,FALSE,FALSE
263,16,1173,1433,1304,1173,1433,1304,1173,1433,1304,260,131,260,131,FALSE,FALSE
263,17,1209,1460,1359,1209,1460,1359,1209,1460,1359,251,150,251,150,FALSE,FALSE
263,18,1251,1513,1410,1251,1513,1410,1251,1513,1410,262,159,262,159,FALSE,FALSE
263,19,1238,1457,1420,1238,1457,1420,1238,1457,1420,219,182,219,182,FALSE,FALSE
263,20,1232,1385,1356,1232,1385,1356,1232,1385,1356,153,124,153,124,FALSE,FALSE
263,21,1215,1323,1261,1215,1323,1261,1215,1323,1261,108,46,108,46,FALSE,FALSE
263,22,1141,1256,1207,1141,1256,1207,1141,1256,1207,115,66,115,66,FALSE,FALSE
263,23,1060,1126,1123,1060,1126,1123,1060,1126,1123,66,63,66,63,FALSE,FALSE
263,24,983,998,1050,983,998,1050,983,998,1050,15,67,15,67,FALSE,FALSE
263,25,922,892,958,922,892,958,922,892,958,-30,36,30,36,FALSE,FALSE
263,26,830,771,891,830,771,891,830,771,891,-59,61,59,61,FALSE,FALSE
263,27,752,669,796,752,669,796,752,669,796,-83,44,83,44,FALSE,FALSE
263,28,667,597,684,667,597,684,667,597,684,-70,17,70,17,FALSE,FALSE
263,29,608,535,592,608,535,592,608,535,592,-73,-16,73,16,FALSE,FALSE
263,30,560,459,528,560,459,528,560,459,528,-101,-32,101,32,FALSE,FALSE
263,31,499,412,481,499,412,481,499,412,481,-87,-18,87,18,FALSE,FALSE
263,32,464,370,413,464,370,413,464,370,413,-94,-51,94,51,FALSE,FALSE
263,33,387,305,355,387,305,355,387,305,355,-82,-32,82,32,FALSE,FALSE
263,34,335,269,296,335,269,296,335,269,296,-66,-39,66,39,FALSE,FALSE
263,35,298,235,264,298,235,264,298,235,264,-63,-34,63,34,FALSE,FALSE
263,36,250,203,218,250,203,218,250,203,218,-47,-32,47,32,FALSE,FALSE
263,37,215,176,174,215,176,174,215,176,174,-39,-41,39,41,FALSE,FALSE
263,38,202,158,143,202,158,143,202,158,143,-44,-59,44,59,FALSE,FALSE
263,39,166,135,112,166,135,112,166,135,112,-31,-54,31,54,FALSE,FALSE
263,40,152,120,94,152,120,94,152,120,94,-32,-58,32,58,FALSE,FALSE
263,41,137,104,74,137,104,74,137,104,74,-33,-63,33,63,FALSE,FALSE
263,42,115,100,60,115,100,60,115,100,60,-15,-55,15,55,FALSE,FALSE
263,43,100,88,47,100,88,47,100,88,47,-12,-53,12,53,FALSE,FALSE
263,44,96,75,40,96,75,40,96,75,40,-21,-56,21,56,FALSE,FALSE
263,45,87,68,34,87,68,34,87,68,34,-19,-53,19,53,FALSE,FALSE
263,46,80,52,23,80,52,23,80,52,23,-28,-57,28,57,FALSE,FALSE
263,47,78,41,22,78,41,22,78,41,22,-37,-56,37,56,FALSE,FALSE
263,48,62,35,23,62,35,23,62,35,23,-27,-39,27,39,FALSE,FALSE
263,49,55,27,23,55,27,23,55,27,23,-28,-32,28,32,FALSE,FALSE
263,50,56,23,19,56,23,19,56,23,19,-33,-37,33,37,FALSE,FALSE
263,51,43,21,15,43,21,15,43,21,15,-22,-28,22,28,FALSE,FALSE
263,52,36,18,12,36,18,12,36,18,12,-18,-24,18,24,FALSE,FALSE
263,53,31,18,10,31,18,10,31,18,10,-13,-21,13,21,FALSE,FALSE
263,54,24,15,8,24,15,8,24,15,8,-9,-16,9,16,FALSE,FALSE
263,55,21,15,5,21,15,5,21,15,5,-6,-16,6,16,FALSE,FALSE
263,56,21,13,4,21,13,4,21,13,4,-8,-17,8,17,FALSE,FALSE
263,57,18,9,3,18,9,3,18,9,3,-9,-15,9,15,FALSE,FALSE
263,58,17,6,3,17,6,3,17,6,3,-11,-14,11,14,FALSE,FALSE
263,59,15,5,1,15,5,1,15,5,1,-10,-14,10,14,FALSE,FALSE
263,60,12,6,1,12,6,1,12,6,1,-6,-11,6,11,FALSE,FALSE
264,0,75,75,75,75,75,75,75,75,75,0,0,0,0,TRUE,TRUE
264,1,92,85,94,92,85,94,92,85,94,-7,2,7,2,FALSE,FALSE
264,2,114,102,111,114,102,111,114,102,111,-12,-3,12,3,FALSE,FALSE
264,3,149,128,147,149,128,147,149,128,147,-21,-2,21,2,FALSE,FALSE
264,4,195,160,179,195,160,179,195,160,179,-35,-16,35,16,FALSE,FALSE
264,5,239,204,219,239,204,219,239,204,219,-35,-20,35,20,FALSE,FALSE
264,6,289,267,249,289,267,249,289,267,249,-22,-40,22,40,FALSE,FALSE
264,7,345,336,317,345,336,317,345,336,317,-9,-28,9,28,FALSE,FALSE
264,8,442,401,386,442,401,386,442,401,386,-41,-56,41,56,FALSE,FALSE
264,9,558,491,473,558,491,473,558,491,473,-67,-85,67,85,FALSE,FALSE
264,10,700,597,546,700,597,546,700,597,546,-103,-154,103,154,FALSE,FALSE
264,11,872,742,673,872,742,673,872,742,673,-130,-199,130,199,FALSE,FALSE
264,12,1072,896,792,1072,896,792,1072,896,792,-176,-280,176,280,FALSE,FALSE
264,13,1264,1090,934,1264,1090,934,1264,1090,934,-174,-330,174,330,FALSE,FALSE
264,14,1511,1263,1107,1511,1263,1107,1511,1263,1107,-248,-404,248,404,FALSE,FALSE
264,15,1714,1490,1302,1714,1490,1302,1714,1490,1302,-224,-412,224,412,FALSE,FALSE
264,16,1995,1742,1508,1995,1742,1508,1995,1742,1508,-253,-487,253,487,FALSE,FALSE
264,17,2275,2016,1751,2275,2016,1751,2275,2016,1751,-259,-524,259,524,FALSE,FALSE
264,18,2569,2287,2071,2569,2287,2071,2569,2287,2071,-282,-498,282,498,FALSE,FALSE
264,19,2833,2564,2304,2833,2564,2304,2833,2564,2304,-269,-529,269,529,FALSE,FALSE
264,20,3072,2794,2584,3072,2794,2584,3072,2794,2584,-278,-488,278,488,FALSE,FALSE
264,21,3227,3000,2822,3227,3000,2822,3227,3000,2822,-227,-405,227,405,FALSE,FALSE
264,22,3402,3227,3075,3402,3227,3075,3402,3227,3075,-175,-327,175,327,FALSE,FALSE
264,23,3568,3390,3272,3568,3390,3272,3568,3390,3272,-178,-296,178,296,FALSE,FALSE
264,24,3610,3522,3448,3610,3522,3448,3610,3522,3448,-88,-162,88,162,FALSE,FALSE
264,25,3674,3655,3573,3674,3655,3573,3674,3655,3573,-19,-101,19,101,FALSE,FALSE
264,26,3706,3747,3655,3706,3747,3655,3706,3747,3655,41,-51,41,51,FALSE,FALSE
264,27,3669,3748,3722,3669,3748,3722,3669,3748,3722,79,53,79,53,FALSE,FALSE
264,28,3608,3704,3695,3608,3704,3695,3608,3704,3695,96,87,96,87,FALSE,FALSE
264,29,3515,3656,3624,3515,3656,3624,3515,3656,3624,141,109,141,109,FALSE,FALSE
264,30,3383,3570,3535,3383,3570,3535,3383,3570,3535,187,152,187,152,FALSE,FALSE
264,31,3235,3468,3466,3235,3468,3466,3235,3468,3466,233,231,233,231,FALSE,FALSE
264,32,3099,3308,3346,3099,3308,3346,3099,3308,3346,209,247,209,247,FALSE,FALSE
264,33,2954,3143,3208,2954,3143,3208,2954,3143,3208,189,254,189,254,FALSE,FALSE
264,34,2814,3037,3057,2814,3037,3057,2814,3037,3057,223,243,223,243,FALSE,FALSE
264,35,2647,2893,2878,2647,2893,2878,2647,2893,2878,246,231,246,231,FALSE,FALSE
264,36,2496,2768,2747,2496,2768,2747,2496,2768,2747,272,251,272,251,FALSE,FALSE
264,37,2367,2591,2597,2367,2591,2597,2367,2591,2597,224,230,224,230,FALSE,FALSE
264,38,2213,2439,2460,2213,2439,2460,2213,2439,2460,226,247,226,247,FALSE,FALSE
264,39,2078,2292,2300,2078,2292,2300,2078,2292,2300,214,222,214,222,FALSE,FALSE
264,40,1952,2131,2177,1952,2131,2177,1952,2131,2177,179,225,179,225,FALSE,FALSE
264,41,1806,2017,2028,1806,2017,2028,1806,2017,2028,211,222,211,222,FALSE,FALSE
264,42,1678,1891,1886,1678,1891,1886,1678,1891,1886,213,208,213,208,FALSE,FALSE
264,43,1547,1757,1742,1547,1757,1742,1547,1757,1742,210,195,210,195,FALSE,FALSE
264,44,1437,1640,1628,1437,1640,1628,1437,1640,1628,203,191,203,191,FALSE,FALSE
264,45,1345,1520,1517,1345,1520,1517,1345,1520,1517,175,172,175,172,FALSE,FALSE
264,46,1246,1417,1407,1246,1417,1407,1246,1417,1407,171,161,171,161,FALSE,FALSE
264,47,1166,1304,1308,1166,1304,1308,1166,1304,1308,138,142,138,142,FALSE,FALSE
264,48,1088,1206,1217,1088,1206,1217,1088,1206,1217,118,129,118,129,FALSE,FALSE
264,49,1027,1122,1128,1027,1122,1128,1027,1122,1128,95,101,95,101,FALSE,FALSE
264,50,954,1042,1035,954,1042,1035,954,1042,1035,88,81,88,81,FALSE,FALSE
264,51,903,972,958,903,972,958,903,972,958,69,55,69,55,FALSE,FALSE
264,52,833,897,874,833,897,874,833,897,874,64,41,64,41,FALSE,FALSE
264,53,769,830,813,769,830,813,769,830,813,61,44,61,44,FALSE,FALSE
264,54,721,784,754,721,784,754,721,784,754,63,33,63,33,FALSE,FALSE
264,55,678,732,690,678,732,690,678,732,690,54,12,54,12,FALSE,FALSE
264,56,630,682,636,630,682,636,630,682,636,52,6,52,6,FALSE,FALSE
264,57,572,629,588,572,629,588,572,629,588,57,16,57,16,FALSE,FALSE
264,58,531,575,537,531,575,537,531,575,537,44,6,44,6,FALSE,FALSE
264,59,488,536,501,488,536,501,488,536,501,48,13,48,13,FALSE,FALSE
264,60,453,480,454,453,480,454,453,480,454,27,1,27,1,FALSE,FALSE
265,0,91,91,91,91,91,91,91,91,91,0,0,0,0,TRUE,TRUE
265,1,102,113,121,102,113,121,102,113,121,11,19,11,19,FALSE,FALSE
265,2,135,158,163,135,158,163,135,158,163,23,28,23,28,FALSE,FALSE
265,3,172,213,197,172,213,197,172,213,197,41,25,41,25,FALSE,FALSE
265,4,231,268,250,231,268,250,231,268,250,37,19,37,19,FALSE,FALSE
265,5,279,334,310,279,334,310,279,334,310,55,31,55,31,FALSE,FALSE
265,6,347,409,388,347,409,388,347,409,388,62,41,62,41,FALSE,FALSE
265,7,431,527,515,431,527,515,431,527,515,96,84,96,84,FALSE,FALSE
265,8,533,638,617,533,638,617,533,638,617,105,84,105,84,FALSE,FALSE
265,9,645,756,768,645,756,768,645,756,768,111,123,111,123,FALSE,FALSE
265,10,791,910,941,791,910,941,791,910,941,119,150,119,150,FALSE,FALSE
265,11,966,1084,1083,966,1084,1083,966,1084,1083,118,117,118,117,FALSE,FALSE
265,12,1117,1235,1225,1117,1235,1225,1117,1235,1225,118,108,118,108,FALSE,FALSE
265,13,1289,1358,1397,1289,1358,1397,1289,1358,1397,69,108,69,108,FALSE,FALSE
265,14,1436,1498,1526,1436,1498,1526,1436,1498,1526,62,90,62,90,FALSE,FALSE
265,15,1562,1614,1652,1562,1614,1652,1562,1614,1652,52,90,52,90,FALSE,FALSE
265,16,1685,1716,1753,1685,1716,1753,1685,1716,1753,31,68,31,68,FALSE,FALSE
265,17,1748,1753,1817,1748,1753,1817,1748,1753,1817,5,69,5,69,FALSE,FALSE
265,18,1805,1784,1895,1805,1784,1895,1805,1784,1895,-21,90,21,90,FALSE,FALSE
265,19,1833,1826,1965,1833,1826,1965,1833,1826,1965,-7,132,7,132,FALSE,FALSE
265,20,1828,1775,1974,1828,1775,1974,1828,1775,1974,-53,146,53,146,FALSE,FALSE
265,21,1798,1753,1922,1798,1753,1922,1798,1753,1922,-45,124,45,124,FALSE,FALSE
265,22,1754,1651,1844,1754,1651,1844,1754,1651,1844,-103,90,103,90,FALSE,FALSE
265,23,1684,1602,1768,1684,1602,1768,1684,1602,1768,-82,84,82,84,FALSE,FALSE
265,24,1613,1507,1673,1613,1507,1673,1613,1507,1673,-106,60,106,60,FALSE,FALSE
265,25,1514,1409,1559,1514,1409,1559,1514,1409,1559,-105,45,105,45,FALSE,FALSE
265,26,1378,1312,1464,1378,1312,1464,1378,1312,1464,-66,86,66,86,FALSE,FALSE
265,27,1286,1220,1353,1286,1220,1353,1286,1220,1353,-66,67,66,67,FALSE,FALSE
265,28,1172,1144,1243,1172,1144,1243,1172,1144,1243,-28,71,28,71,FALSE,FALSE
265,29,1087,1058,1156,1087,1058,1156,1087,1058,1156,-29,69,29,69,FALSE,FALSE
265,30,997,972,1066,997,972,1066,997,972,1066,-25,69,25,69,FALSE,FALSE
265,31,911,903,965,911,903,965,911,903,965,-8,54,8,54,FALSE,FALSE
265,32,836,830,890,836,830,890,836,830,890,-6,54,6,54,FALSE,FALSE
265,33,775,779,808,775,779,808,775,779,808,4,33,4,33,FALSE,FALSE
265,34,719,712,743,719,712,743,719,712,743,-7,24,7,24,FALSE,FALSE
265,35,664,654,669,664,654,669,664,654,669,-10,5,10,5,FALSE,FALSE
265,36,618,592,620,618,592,620,618,592,620,-26,2,26,2,FALSE,FALSE
265,37,564,534,562,564,534,562,564,534,562,-30,-2,30,2,FALSE,FALSE
265,38,506,468,522,506,468,522,506,468,522,-38,16,38,16,FALSE,FALSE
265,39,460,427,467,460,427,467,460,427,467,-33,7,33,7,FALSE,FALSE
265,40,422,395,419,422,395,419,422,395,419,-27,-3,27,3,FALSE,FALSE
265,41,379,350,371,379,350,371,379,350,371,-29,-8,29,8,FALSE,FALSE
265,42,348,319,337,348,319,337,348,319,337,-29,-11,29,11,FALSE,FALSE
265,43,312,284,306,312,284,306,312,284,306,-28,-6,28,6,FALSE,FALSE
265,44,270,259,272,270,259,272,270,259,272,-11,2,11,2,FALSE,FALSE
265,45,246,234,245,246,234,245,246,234,245,-12,-1,12,1,FALSE,FALSE
265,46,225,213,219,225,213,219,225,213,219,-12,-6,12,6,FALSE,FALSE
265,47,207,190,198,207,190,198,207,190,198,-17,-9,17,9,FALSE,FALSE
265,48,189,177,179,189,177,179,189,177,179,-12,-10,12,10,FALSE,FALSE
265,49,174,160,163,174,160,163,174,160,163,-14,-11,14,11,FALSE,FALSE
265,50,154,140,152,154,140,152,154,140,152,-14,-2,14,2,FALSE,FALSE
265,51,136,122,141,136,122,141,136,122,141,-14,5,14,5,FALSE,FALSE
265,52,122,105,121,122,105,121,122,105,121,-17,-1,17,1,FALSE,FALSE
265,53,112,93,113,112,93,113,112,93,113,-19,1,19,1,FALSE,FALSE
265,54,101,87,100,101,87,100,101,87,100,-14,-1,14,1,FALSE,FALSE
265,55,90,71,84,90,71,84,90,71,84,-19,-6,19,6,FALSE,FALSE
265,56,82,65,74,82,65,74,82,65,74,-17,-8,17,8,FALSE,FALSE
265,57,71,56,73,71,56,73,71,56,73,-15,2,15,2,FALSE,FALSE
265,58,61,54,61,61,54,61,61,54,61,-7,0,7,0,FALSE,TRUE
265,59,55,46,54,55,46,54,55,46,54,-9,-1,9,1,FALSE,FALSE
265,60,48,39,45,48,39,45,48,39,45,-9,-3,9,3,FALSE,FALSE
266,0,89,89,89,89,89,89,89,89,89,0,0,0,0,TRUE,TRUE
266,1,93,87,87,93,87,87,93,87,87,-6,-6,6,6,FALSE,FALSE
266,2,91,97,84,91,97,84,91,97,84,6,-7,6,7,FALSE,FALSE
266,3,95,100,87,95,100,87,95,100,87,5,-8,5,8,FALSE,FALSE
266,4,102,101,89,102,101,89,102,101,89,-1,-13,1,13,FALSE,FALSE
266,5,98,106,90,98,106,90,98,106,90,8,-8,8,8,FALSE,FALSE
266,6,101,105,93,101,105,93,101,105,93,4,-8,4,8,FALSE,FALSE
266,7,103,104,89,103,104,89,103,104,89,1,-14,1,14,FALSE,FALSE
266,8,110,102,96,110,102,96,110,102,96,-8,-14,8,14,FALSE,FALSE
266,9,114,103,91,114,103,91,114,103,91,-11,-23,11,23,FALSE,FALSE
266,10,118,108,95,118,108,95,118,108,95,-10,-23,10,23,FALSE,FALSE
266,11,113,114,96,113,114,96,113,114,96,1,-17,1,17,FALSE,FALSE
266,12,127,122,107,127,122,107,127,122,107,-5,-20,5,20,FALSE,FALSE
266,13,126,137,105,126,137,105,126,137,105,11,-21,11,21,FALSE,FALSE
266,14,118,131,111,118,131,111,118,131,111,13,-7,13,7,FALSE,FALSE
266,15,114,132,116,114,132,116,114,132,116,18,2,18,2,FALSE,FALSE
266,16,113,132,117,113,132,117,113,132,117,19,4,19,4,FALSE,FALSE
266,17,117,129,121,117,129,121,117,129,121,12,4,12,4,FALSE,FALSE
266,18,125,132,132,125,132,132,125,132,132,7,7,7,7,FALSE,FALSE
266,19,128,130,130,128,130,130,128,130,130,2,2,2,2,FALSE,FALSE
266,20,126,128,145,126,128,145,126,128,145,2,19,2,19,FALSE,FALSE
266,21,125,131,144,125,131,144,125,131,144,6,19,6,19,FALSE,FALSE
266,22,122,124,138,122,124,138,122,124,138,2,16,2,16,FALSE,FALSE
266,23,119,133,137,119,133,137,119,133,137,14,18,14,18,FALSE,FALSE
266,24,118,130,139,118,130,139,118,130,139,12,21,12,21,FALSE,FALSE
266,25,121,138,135,121,138,135,121,138,135,17,14,17,14,FALSE,FALSE
266,26,135,135,125,135,135,125,135,135,125,0,-10,0,10,TRUE,FALSE
266,27,143,139,120,143,139,120,143,139,120,-4,-23,4,23,FALSE,FALSE
266,28,150,138,127,150,138,127,150,138,127,-12,-23,12,23,FALSE,FALSE
266,29,143,129,125,143,129,125,143,129,125,-14,-18,14,18,FALSE,FALSE
266,30,143,130,115,143,130,115,143,130,115,-13,-28,13,28,FALSE,FALSE
266,31,146,123,108,146,123,108,146,123,108,-23,-38,23,38,FALSE,FALSE
266,32,148,123,111,148,123,111,148,123,111,-25,-37,25,37,FALSE,FALSE
266,33,145,122,106,145,122,106,145,122,106,-23,-39,23,39,FALSE,FALSE
266,34,136,126,108,136,126,108,136,126,108,-10,-28,10,28,FALSE,FALSE
266,35,127,135,115,127,135,115,127,135,115,8,-12,8,12,FALSE,FALSE
266,36,122,136,120,122,136,120,122,136,120,14,-2,14,2,FALSE,FALSE
266,37,120,138,124,120,138,124,120,138,124,18,4,18,4,FALSE,FALSE
266,38,115,139,122,115,139,122,115,139,122,24,7,24,7,FALSE,FALSE
266,39,113,139,116,113,139,116,113,139,116,26,3,26,3,FALSE,FALSE
266,40,110,136,117,110,136,117,110,136,117,26,7,26,7,FALSE,FALSE
266,41,109,119,112,109,119,112,109,119,112,10,3,10,3,FALSE,FALSE
266,42,115,112,110,115,112,110,115,112,110,-3,-5,3,5,FALSE,FALSE
266,43,112,97,120,112,97,120,112,97,120,-15,8,15,8,FALSE,FALSE
266,44,121,95,119,121,95,119,121,95,119,-26,-2,26,2,FALSE,FALSE
266,45,128,107,121,128,107,121,128,107,121,-21,-7,21,7,FALSE,FALSE
266,46,125,96,104,125,96,104,125,96,104,-29,-21,29,21,FALSE,FALSE
266,47,120,96,93,120,96,93,120,96,93,-24,-27,24,27,FALSE,FALSE
266,48,122,90,91,122,90,91,122,90,91,-32,-31,32,31,FALSE,FALSE
266,49,138,82,90,138,82,90,138,82,90,-56,-48,56,48,FALSE,FALSE
266,50,141,72,89,141,72,89,141,72,89,-69,-52,69,52,FALSE,FALSE
266,51,137,70,92,137,70,92,137,70,92,-67,-45,67,45,FALSE,FALSE
266,52,131,60,92,131,60,92,131,60,92,-71,-39,71,39,FALSE,FALSE
266,53,126,61,92,126,61,92,126,61,92,-65,-34,65,34,FALSE,FALSE
266,54,122,56,86,122,56,86,122,56,86,-66,-36,66,36,FALSE,FALSE
266,55,118,60,89,118,60,89,118,60,89,-58,-29,58,29,FALSE,FALSE
266,56,116,61,90,116,61,90,116,61,90,-55,-26,55,26,FALSE,FALSE
266,57,105,60,94,105,60,94,105,60,94,-45,-11,45,11,FALSE,FALSE
266,58,101,56,91,101,56,91,101,56,91,-45,-10,45,10,FALSE,FALSE
266,59,97,52,92,97,52,92,97,52,92,-45,-5,45,5,FALSE,FALSE
266,60,95,52,93,95,52,93,95,52,93,-43,-2,43,2,FALSE,FALSE
267,0,45,45,45,45,45,45,45,45,45,0,0,0,0,TRUE,TRUE
267,1,62,67,78,62,67,78,62,67,78,5,16,5,16,FALSE,FALSE
267,2,93,89,110,93,89,110,93,89,110,-4,17,4,17,FALSE,FALSE
267,3,133,133,157,133,133,157,133,133,157,0,24,0,24,TRUE,FALSE
267,4,191,191,241,191,191,241,191,191,241,0,50,0,50,TRUE,FALSE
267,5,257,275,349,257,275,349,257,275,349,18,92,18,92,FALSE,FALSE
267,6,372,369,469,372,369,469,372,369,469,-3,97,3,97,FALSE,FALSE
267,7,488,476,655,488,476,655,488,476,655,-12,167,12,167,FALSE,FALSE
267,8,672,631,844,672,631,844,672,631,844,-41,172,41,172,FALSE,FALSE
267,9,877,813,1133,877,813,1133,877,813,1133,-64,256,64,256,FALSE,FALSE
267,10,1151,1023,1431,1151,1023,1431,1151,1023,1431,-128,280,128,280,FALSE,FALSE
267,11,1427,1237,1691,1427,1237,1691,1427,1237,1691,-190,264,190,264,FALSE,FALSE
267,12,1714,1496,1932,1714,1496,1932,1714,1496,1932,-218,218,218,218,FALSE,FALSE
267,13,1957,1709,2118,1957,1709,2118,1957,1709,2118,-248,161,248,161,FALSE,FALSE
267,14,2131,1973,2263,2131,1973,2263,2131,1973,2263,-158,132,158,132,FALSE,FALSE
267,15,2304,2135,2288,2304,2135,2288,2304,2135,2288,-169,-16,169,16,FALSE,FALSE
267,16,2396,2237,2279,2396,2237,2279,2396,2237,2279,-159,-117,159,117,FALSE,FALSE
267,17,2392,2239,2191,2392,2239,2191,2392,2239,2191,-153,-201,153,201,FALSE,FALSE
267,18,2305,2229,2062,2305,2229,2062,2305,2229,2062,-76,-243,76,243,FALSE,FALSE
267,19,2164,2137,1941,2164,2137,1941,2164,2137,1941,-27,-223,27,223,FALSE,FALSE
267,20,2005,1999,1800,2005,1999,1800,2005,1999,1800,-6,-205,6,205,FALSE,FALSE
267,21,1845,1846,1657,1845,1846,1657,1845,1846,1657,1,-188,1,188,FALSE,FALSE
267,22,1665,1702,1450,1665,1702,1450,1665,1702,1450,37,-215,37,215,FALSE,FALSE
267,23,1467,1496,1315,1467,1496,1315,1467,1496,1315,29,-152,29,152,FALSE,FALSE
267,24,1295,1344,1163,1295,1344,1163,1295,1344,1163,49,-132,49,132,FALSE,FALSE
267,25,1165,1193,1021,1165,1193,1021,1165,1193,1021,28,-144,28,144,FALSE,FALSE
267,26,1024,1079,880,1024,1079,880,1024,1079,880,55,-144,55,144,FALSE,FALSE
267,27,870,953,769,870,953,769,870,953,769,83,-101,83,101,FALSE,FALSE
267,28,746,860,688,746,860,688,746,860,688,114,-58,114,58,FALSE,FALSE
267,29,653,751,591,653,751,591,653,751,591,98,-62,98,62,FALSE,FALSE
267,30,588,667,523,588,667,523,588,667,523,79,-65,79,65,FALSE,FALSE
267,31,507,596,457,507,596,457,507,596,457,89,-50,89,50,FALSE,FALSE
267,32,425,515,397,425,515,397,425,515,397,90,-28,90,28,FALSE,FALSE
267,33,366,458,344,366,458,344,366,458,344,92,-22,92,22,FALSE,FALSE
267,34,318,388,294,318,388,294,318,388,294,70,-24,70,24,FALSE,FALSE
267,35,270,338,247,270,338,247,270,338,247,68,-23,68,23,FALSE,FALSE
267,36,223,281,216,223,281,216,223,281,216,58,-7,58,7,FALSE,FALSE
267,37,203,239,183,203,239,183,203,239,183,36,-20,36,20,FALSE,FALSE
267,38,169,212,162,169,212,162,169,212,162,43,-7,43,7,FALSE,FALSE
267,39,152,179,134,152,179,134,152,179,134,27,-18,27,18,FALSE,FALSE
267,40,130,153,119,130,153,119,130,153,119,23,-11,23,11,FALSE,FALSE
267,41,114,130,100,114,130,100,114,130,100,16,-14,16,14,FALSE,FALSE
267,42,97,116,88,97,116,88,97,116,88,19,-9,19,9,FALSE,FALSE
267,43,84,98,74,84,98,74,84,98,74,14,-10,14,10,FALSE,FALSE
267,44,71,78,64,71,78,64,71,78,64,7,-7,7,7,FALSE,FALSE
267,45,64,74,56,64,74,56,64,74,56,10,-8,10,8,FALSE,FALSE
267,46,58,65,56,58,65,56,58,65,56,7,-2,7,2,FALSE,FALSE
267,47,55,56,50,55,56,50,55,56,50,1,-5,1,5,FALSE,FALSE
267,48,50,52,43,50,52,43,50,52,43,2,-7,2,7,FALSE,FALSE
267,49,43,42,36,43,42,36,43,42,36,-1,-7,1,7,FALSE,FALSE
267,50,36,37,32,36,37,32,36,37,32,1,-4,1,4,FALSE,FALSE
267,51,31,29,27,31,29,27,31,29,27,-2,-4,2,4,FALSE,FALSE
267,52,26,26,23,26,26,23,26,26,23,0,-3,0,3,TRUE,FALSE
267,53,21,23,21,21,23,21,21,23,21,2,0,2,0,FALSE,TRUE
267,54,18,21,17,18,21,17,18,21,17,3,-1,3,1,FALSE,FALSE
267,55,13,18,16,13,18,16,13,18,16,5,3,5,3,FALSE,FALSE
267,56,9,16,14,9,16,14,9,16,14,7,5,7,5,FALSE,FALSE
267,57,7,15,12,7,15,12,7,15,12,8,5,8,5,FALSE,FALSE
267,58,7,14,11,7,14,11,7,14,11,7,4,7,4,FALSE,FALSE
267,59,8,10,7,8,10,7,8,10,7,2,-1,2,1,FALSE,FALSE
267,60,5,9,3,5,9,3,5,9,3,4,-2,4,2,FALSE,FALSE
268,0,139,139,139,139,139,139,139,139,139,0,0,0,0,TRUE,TRUE
268,1,182,187,196,182,187,196,182,187,196,5,14,5,14,FALSE,FALSE
268,2,245,261,263,245,261,263,245,261,263,16,18,16,18,FALSE,FALSE
268,3,328,348,344,328,348,344,328,348,344,20,16,20,16,FALSE,FALSE
268,4,430,474,466,430,474,466,430,474,466,44,36,44,36,FALSE,FALSE
268,5,581,603,601,581,603,601,581,603,601,22,20,22,20,FALSE,FALSE
268,6,786,772,813,786,772,813,786,772,813,-14,27,14,27,FALSE,FALSE
268,7,1012,1009,1053,1012,1009,1053,1012,1009,1053,-3,41,3,41,FALSE,FALSE
268,8,1305,1221,1311,1305,1221,1311,1305,1221,1311,-84,6,84,6,FALSE,FALSE
268,9,1612,1551,1614,1612,1551,1614,1612,1551,1614,-61,2,61,2,FALSE,FALSE
268,10,1954,1892,1953,1954,1892,1953,1954,1892,1953,-62,-1,62,1,FALSE,FALSE
268,11,2342,2239,2359,2342,2239,2359,2342,2239,2359,-103,17,103,17,FALSE,FALSE
268,12,2713,2561,2780,2713,2561,2780,2713,2561,2780,-152,67,152,67,FALSE,FALSE
268,13,3075,2880,3101,3075,2880,3101,3075,2880,3101,-195,26,195,26,FALSE,FALSE
268,14,3379,3163,3342,3379,3163,3342,3379,3163,3342,-216,-37,216,37,FALSE,FALSE
268,15,3594,3428,3548,3594,3428,3548,3594,3428,3548,-166,-46,166,46,FALSE,FALSE
268,16,3741,3599,3634,3741,3599,3634,3741,3599,3634,-142,-107,142,107,FALSE,FALSE
268,17,3783,3692,3655,3783,3692,3655,3783,3692,3655,-91,-128,91,128,FALSE,FALSE
268,18,3720,3670,3608,3720,3670,3608,3720,3670,3608,-50,-112,50,112,FALSE,FALSE
268,19,3612,3615,3531,3612,3615,3531,3612,3615,3531,3,-81,3,81,FALSE,FALSE
268,20,3455,3480,3444,3455,3480,3444,3455,3480,3444,25,-11,25,11,FALSE,FALSE
268,21,3300,3340,3220,3300,3340,3220,3300,3340,3220,40,-80,40,80,FALSE,FALSE
268,22,3092,3143,3044,3092,3143,3044,3092,3143,3044,51,-48,51,48,FALSE,FALSE
268,23,2891,2935,2842,2891,2935,2842,2891,2935,2842,44,-49,44,49,FALSE,FALSE
268,24,2662,2677,2620,2662,2677,2620,2662,2677,2620,15,-42,15,42,FALSE,FALSE
268,25,2429,2447,2415,2429,2447,2415,2429,2447,2415,18,-14,18,14,FALSE,FALSE
268,26,2181,2227,2222,2181,2227,2222,2181,2227,2222,46,41,46,41,FALSE,FALSE
268,27,1988,2010,2021,1988,2010,2021,1988,2010,2021,22,33,22,33,FALSE,FALSE
268,28,1798,1823,1821,1798,1823,1821,1798,1823,1821,25,23,25,23,FALSE,FALSE
268,29,1639,1656,1646,1639,1656,1646,1639,1656,1646,17,7,17,7,FALSE,FALSE
268,30,1442,1507,1501,1442,1507,1501,1442,1507,1501,65,59,65,59,FALSE,FALSE
268,31,1286,1347,1370,1286,1347,1370,1286,1347,1370,61,84,61,84,FALSE,FALSE
268,32,1123,1214,1225,1123,1214,1225,1123,1214,1225,91,102,91,102,FALSE,FALSE
268,33,1001,1099,1098,1001,1099,1098,1001,1099,1098,98,97,98,97,FALSE,FALSE
268,34,900,973,975,900,973,975,900,973,975,73,75,73,75,FALSE,FALSE
268,35,808,883,875,808,883,875,808,883,875,75,67,75,67,FALSE,FALSE
268,36,714,778,791,714,778,791,714,778,791,64,77,64,77,FALSE,FALSE
268,37,644,712,682,644,712,682,644,712,682,68,38,68,38,FALSE,FALSE
268,38,589,626,613,589,626,613,589,626,613,37,24,37,24,FALSE,FALSE
268,39,525,555,556,525,555,556,525,555,556,30,31,30,31,FALSE,FALSE
268,40,464,500,495,464,500,495,464,500,495,36,31,36,31,FALSE,FALSE
268,41,397,461,433,397,461,433,397,461,433,64,36,64,36,FALSE,FALSE
268,42,359,406,391,359,406,391,359,406,391,47,32,47,32,FALSE,FALSE
268,43,320,356,354,320,356,354,320,356,354,36,34,36,34,FALSE,FALSE
268,44,284,314,316,284,314,316,284,314,316,30,32,30,32,FALSE,FALSE
268,45,249,276,279,249,276,279,249,276,279,27,30,27,30,FALSE,FALSE
268,46,224,248,246,224,248,246,224,248,246,24,22,24,22,FALSE,FALSE
268,47,196,213,217,196,213,217,196,213,217,17,21,17,21,FALSE,FALSE
268,48,161,184,191,161,184,191,161,184,191,23,30,23,30,FALSE,FALSE
268,49,142,176,163,142,176,163,142,176,163,34,21,34,21,FALSE,FALSE
268,50,130,154,143,130,154,143,130,154,143,24,13,24,13,FALSE,FALSE
268,51,110,136,126,110,136,126,110,136,126,26,16,26,16,FALSE,FALSE
268,52,102,124,111,102,124,111,102,124,111,22,9,22,9,FALSE,FALSE
268,53,97,104,104,97,104,104,97,104,104,7,7,7,7,FALSE,FALSE
268,54,84,96,95,84,96,95,84,96,95,12,11,12,11,FALSE,FALSE
268,55,76,84,87,76,84,87,76,84,87,8,11,8,11,FALSE,FALSE
268,56,71,77,76,71,77,76,71,77,76,6,5,6,5,FALSE,FALSE
268,57,63,63,62,63,63,62,63,63,62,0,-1,0,1,TRUE,FALSE
268,58,57,53,61,57,53,61,57,53,61,-4,4,4,4,FALSE,FALSE
268,59,53,46,56,53,46,56,53,46,56,-7,3,7,3,FALSE,FALSE
268,60,49,40,47,49,40,47,49,40,47,-9,-2,9,2,FALSE,FALSE
269,0,76,76,76,76,76,76,76,76,76,0,0,0,0,TRUE,TRUE
269,1,105,100,100,105,100,100,105,100,100,-5,-5,5,5,FALSE,FALSE
269,2,130,131,129,130,131,129,130,131,129,1,-1,1,1,FALSE,FALSE
269,3,165,170,156,165,170,156,165,170,156,5,-9,5,9,FALSE,FALSE
269,4,217,223,187,217,223,187,217,223,187,6,-30,6,30,FALSE,FALSE
269,5,258,282,233,258,282,233,258,282,233,24,-25,24,25,FALSE,FALSE
269,6,322,379,285,322,379,285,322,379,285,57,-37,57,37,FALSE,FALSE
269,7,391,501,345,391,501,345,391,501,345,110,-46,110,46,FALSE,FALSE
269,8,481,625,440,481,625,440,481,625,440,144,-41,144,41,FALSE,FALSE
269,9,599,739,560,599,739,560,599,739,560,140,-39,140,39,FALSE,FALSE
269,10,713,899,664,713,899,664,713,899,664,186,-49,186,49,FALSE,FALSE
269,11,849,1094,827,849,1094,827,849,1094,827,245,-22,245,22,FALSE,FALSE
269,12,1028,1289,984,1028,1289,984,1028,1289,984,261,-44,261,44,FALSE,FALSE
269,13,1204,1473,1171,1204,1473,1171,1204,1473,1171,269,-33,269,33,FALSE,FALSE
269,14,1413,1693,1339,1413,1693,1339,1413,1693,1339,280,-74,280,74,FALSE,FALSE
269,15,1595,1924,1551,1595,1924,1551,1595,1924,1551,329,-44,329,44,FALSE,FALSE
269,16,1838,2113,1737,1838,2113,1737,1838,2113,1737,275,-101,275,101,FALSE,FALSE
269,17,2024,2282,1958,2024,2282,1958,2024,2282,1958,258,-66,258,66,FALSE,FALSE
269,18,2165,2477,2131,2165,2477,2131,2165,2477,2131,312,-34,312,34,FALSE,FALSE
269,19,2332,2557,2330,2332,2557,2330,2332,2557,2330,225,-2,225,2,FALSE,FALSE
269,20,2436,2639,2452,2436,2639,2452,2436,2639,2452,203,16,203,16,FALSE,FALSE
269,21,2518,2698,2504,2518,2698,2504,2518,2698,2504,180,-14,180,14,FALSE,FALSE
269,22,2545,2715,2562,2545,2715,2562,2545,2715,2562,170,17,170,17,FALSE,FALSE
269,23,2527,2673,2582,2527,2673,2582,2527,2673,2582,146,55,146,55,FALSE,FALSE
269,24,2506,2624,2575,2506,2624,2575,2506,2624,2575,118,69,118,69,FALSE,FALSE
269,25,2441,2561,2564,2441,2561,2564,2441,2561,2564,120,123,120,123,FALSE,FALSE
269,26,2393,2483,2496,2393,2483,2496,2393,2483,2496,90,103,90,103,FALSE,FALSE
269,27,2274,2371,2409,2274,2371,2409,2274,2371,2409,97,135,97,135,FALSE,FALSE
269,28,2182,2225,2335,2182,2225,2335,2182,2225,2335,43,153,43,153,FALSE,FALSE
269,29,2097,2131,2231,2097,2131,2231,2097,2131,2231,34,134,34,134,FALSE,FALSE
269,30,2006,2035,2148,2006,2035,2148,2006,2035,2148,29,142,29,142,FALSE,FALSE
269,31,1904,1892,2042,1904,1892,2042,1904,1892,2042,-12,138,12,138,FALSE,FALSE
269,32,1826,1781,1909,1826,1781,1909,1826,1781,1909,-45,83,45,83,FALSE,FALSE
269,33,1719,1676,1801,1719,1676,1801,1719,1676,1801,-43,82,43,82,FALSE,FALSE
269,34,1611,1560,1696,1611,1560,1696,1611,1560,1696,-51,85,51,85,FALSE,FALSE
269,35,1516,1472,1588,1516,1472,1588,1516,1472,1588,-44,72,44,72,FALSE,FALSE
269,36,1412,1394,1476,1412,1394,1476,1412,1394,1476,-18,64,18,64,FALSE,FALSE
269,37,1321,1312,1378,1321,1312,1378,1321,1312,1378,-9,57,9,57,FALSE,FALSE
269,38,1232,1235,1272,1232,1235,1272,1232,1235,1272,3,40,3,40,FALSE,FALSE
269,39,1136,1143,1196,1136,1143,1196,1136,1143,1196,7,60,7,60,FALSE,FALSE
269,40,1066,1058,1111,1066,1058,1111,1066,1058,1111,-8,45,8,45,FALSE,FALSE
269,41,981,986,1024,981,986,1024,981,986,1024,5,43,5,43,FALSE,FALSE
269,42,915,914,949,915,914,949,915,914,949,-1,34,1,34,FALSE,FALSE
269,43,862,848,875,862,848,875,862,848,875,-14,13,14,13,FALSE,FALSE
269,44,807,795,827,807,795,827,807,795,827,-12,20,12,20,FALSE,FALSE
269,45,740,717,768,740,717,768,740,717,768,-23,28,23,28,FALSE,FALSE
269,46,706,654,715,706,654,715,706,654,715,-52,9,52,9,FALSE,FALSE
269,47,644,605,655,644,605,655,644,605,655,-39,11,39,11,FALSE,FALSE
269,48,591,565,607,591,565,607,591,565,607,-26,16,26,16,FALSE,FALSE
269,49,541,521,555,541,521,555,541,521,555,-20,14,20,14,FALSE,FALSE
269,50,506,488,505,506,488,505,506,488,505,-18,-1,18,1,FALSE,FALSE
269,51,467,450,466,467,450,466,467,450,466,-17,-1,17,1,FALSE,FALSE
269,52,423,416,438,423,416,438,423,416,438,-7,15,7,15,FALSE,FALSE
269,53,388,390,398,388,390,398,388,390,398,2,10,2,10,FALSE,FALSE
269,54,354,369,368,354,369,368,354,369,368,15,14,15,14,FALSE,FALSE
269,55,330,345,331,330,345,331,330,345,331,15,1,15,1,FALSE,FALSE
269,56,294,324,310,294,324,310,294,324,310,30,16,30,16,FALSE,FALSE
269,57,278,292,283,278,292,283,278,292,283,14,5,14,5,FALSE,FALSE
269,58,260,274,260,260,274,260,260,274,260,14,0,14,0,FALSE,TRUE
269,59,228,250,240,228,250,240,228,250,240,22,12,22,12,FALSE,FALSE
269,60,210,224,220,210,224,220,210,224,220,14,10,14,10,FALSE,FALSE
270,0,82,82,82,82,82,82,82,82,82,0,0,0,0,TRUE,TRUE
270,1,94,94,97,94,94,97,94,94,97,0,3,0,3,TRUE,FALSE
270,2,113,114,110,113,114,110,113,114,110,1,-3,1,3,FALSE,FALSE
270,3,146,132,128,146,132,128,146,132,128,-14,-18,14,18,FALSE,FALSE
270,4,165,159,148,165,159,148,165,159,148,-6,-17,6,17,FALSE,FALSE
270,5,194,179,180,194,179,180,194,179,180,-15,-14,15,14,FALSE,FALSE
270,6,228,232,201,228,232,201,228,232,201,4,-27,4,27,FALSE,FALSE
270,7,268,278,223,268,278,223,268,278,223,10,-45,10,45,FALSE,FALSE
270,8,313,316,261,313,316,261,313,316,261,3,-52,3,52,FALSE,FALSE
270,9,343,369,308,343,369,308,343,369,308,26,-35,26,35,FALSE,FALSE
270,10,387,421,365,387,421,365,387,421,365,34,-22,34,22,FALSE,FALSE
270,11,449,483,426,449,483,426,449,483,426,34,-23,34,23,FALSE,FALSE
270,12,545,549,484,545,549,484,545,549,484,4,-61,4,61,FALSE,FALSE
270,13,637,616,533,637,616,533,637,616,533,-21,-104,21,104,FALSE,FALSE
270,14,712,689,619,712,689,619,712,689,619,-23,-93,23,93,FALSE,FALSE
270,15,791,764,679,791,764,679,791,764,679,-27,-112,27,112,FALSE,FALSE
270,16,858,839,749,858,839,749,858,839,749,-19,-109,19,109,FALSE,FALSE
270,17,952,883,828,952,883,828,952,883,828,-69,-124,69,124,FALSE,FALSE
270,18,1049,978,927,1049,978,927,1049,978,927,-71,-122,71,122,FALSE,FALSE
270,19,1087,1024,956,1087,1024,956,1087,1024,956,-63,-131,63,131,FALSE,FALSE
270,20,1136,1087,1000,1136,1087,1000,1136,1087,1000,-49,-136,49,136,FALSE,FALSE
270,21,1188,1146,1056,1188,1146,1056,1188,1146,1056,-42,-132,42,132,FALSE,FALSE
270,22,1198,1215,1103,1198,1215,1103,1198,1215,1103,17,-95,17,95,FALSE,FALSE
270,23,1192,1260,1132,1192,1260,1132,1192,1260,1132,68,-60,68,60,FALSE,FALSE
270,24,1173,1311,1193,1173,1311,1193,1173,1311,1193,138,20,138,20,FALSE,FALSE
270,25,1166,1322,1185,1166,1322,1185,1166,1322,1185,156,19,156,19,FALSE,FALSE
270,26,1141,1313,1146,1141,1313,1146,1141,1313,1146,172,5,172,5,FALSE,FALSE
270,27,1133,1264,1142,1133,1264,1142,1133,1264,1142,131,9,131,9,FALSE,FALSE
270,28,1087,1222,1123,1087,1222,1123,1087,1222,1123,135,36,135,36,FALSE,FALSE
270,29,1040,1135,1117,1040,1135,1117,1040,1135,1117,95,77,95,77,FALSE,FALSE
270,30,1019,1108,1052,1019,1108,1052,1019,1108,1052,89,33,89,33,FALSE,FALSE
270,31,981,1056,1010,981,1056,1010,981,1056,1010,75,29,75,29,FALSE,FALSE
270,32,911,977,969,911,977,969,911,977,969,66,58,66,58,FALSE,FALSE
270,33,874,934,927,874,934,927,874,934,927,60,53,60,53,FALSE,FALSE
270,34,828,872,858,828,872,858,828,872,858,44,30,44,30,FALSE,FALSE
270,35,768,820,827,768,820,827,768,820,827,52,59,52,59,FALSE,FALSE
270,36,715,767,768,715,767,768,715,767,768,52,53,52,53,FALSE,FALSE
270,37,685,750,702,685,750,702,685,750,702,65,17,65,17,FALSE,FALSE
270,38,630,696,681,630,696,681,630,696,681,66,51,66,51,FALSE,FALSE
270,39,581,623,621,581,623,621,581,623,621,42,40,42,40,FALSE,FALSE
270,40,549,585,587,549,585,587,549,585,587,36,38,36,38,FALSE,FALSE
270,41,512,539,547,512,539,547,512,539,547,27,35,27,35,FALSE,FALSE
270,42,462,489,507,462,489,507,462,489,507,27,45,27,45,FALSE,FALSE
270,43,419,450,459,419,450,459,419,450,459,31,40,31,40,FALSE,FALSE
270,44,389,409,420,389,409,420,389,409,420,20,31,20,31,FALSE,FALSE
270,45,354,381,385,354,381,385,354,381,385,27,31,27,31,FALSE,FALSE
270,46,332,358,342,332,358,342,332,358,342,26,10,26,10,FALSE,FALSE
270,47,310,327,317,310,327,317,310,327,317,17,7,17,7,FALSE,FALSE
270,48,291,310,288,291,310,288,291,310,288,19,-3,19,3,FALSE,FALSE
270,49,261,275,248,261,275,248,261,275,248,14,-13,14,13,FALSE,FALSE
270,50,233,261,243,233,261,243,233,261,243,28,10,28,10,FALSE,FALSE
270,51,216,240,213,216,240,213,216,240,213,24,-3,24,3,FALSE,FALSE
270,52,191,216,196,191,216,196,191,216,196,25,5,25,5,FALSE,FALSE
270,53,181,196,179,181,196,179,181,196,179,15,-2,15,2,FALSE,FALSE
270,54,163,170,161,163,170,161,163,170,161,7,-2,7,2,FALSE,FALSE
270,55,153,158,151,153,158,151,153,158,151,5,-2,5,2,FALSE,FALSE
270,56,139,147,143,139,147,143,139,147,143,8,4,8,4,FALSE,FALSE
270,57,125,134,132,125,134,132,125,134,132,9,7,9,7,FALSE,FALSE
270,58,103,118,119,103,118,119,103,118,119,15,16,15,16,FALSE,FALSE
270,59,96,110,110,96,110,110,96,110,110,14,14,14,14,FALSE,FALSE
270,60,86,96,102,86,96,102,86,96,102,10,16,10,16,FALSE,FALSE
271,0,95,95,95,95,95,95,95,95,95,0,0,0,0,TRUE,TRUE
271,1,120,110,103,120,110,103,120,110,103,-10,-17,10,17,FALSE,FALSE
271,2,156,129,131,156,129,131,156,129,131,-27,-25,27,25,FALSE,FALSE
271,3,172,155,152,172,155,152,172,155,152,-17,-20,17,20,FALSE,FALSE
271,4,221,189,179,221,189,179,221,189,179,-32,-42,32,42,FALSE,FALSE
271,5,250,227,218,250,227,218,250,227,218,-23,-32,23,32,FALSE,FALSE
271,6,316,278,258,316,278,258,316,278,258,-38,-58,38,58,FALSE,FALSE
271,7,380,327,284,380,327,284,380,327,284,-53,-96,53,96,FALSE,FALSE
271,8,451,389,343,451,389,343,451,389,343,-62,-108,62,108,FALSE,FALSE
271,9,572,432,408,572,432,408,572,432,408,-140,-164,140,164,FALSE,FALSE
271,10,665,509,501,665,509,501,665,509,501,-156,-164,156,164,FALSE,FALSE
271,11,783,574,579,783,574,579,783,574,579,-209,-204,209,204,FALSE,FALSE
271,12,914,667,696,914,667,696,914,667,696,-247,-218,247,218,FALSE,FALSE
271,13,1013,791,777,1013,791,777,1013,791,777,-222,-236,222,236,FALSE,FALSE
271,14,1137,893,913,1137,893,913,1137,893,913,-244,-224,244,224,FALSE,FALSE
271,15,1287,1012,1026,1287,1012,1026,1287,1012,1026,-275,-261,275,261,FALSE,FALSE
271,16,1456,1162,1156,1456,1162,1156,1456,1162,1156,-294,-300,294,300,FALSE,FALSE
271,17,1610,1327,1279,1610,1327,1279,1610,1327,1279,-283,-331,283,331,FALSE,FALSE
271,18,1740,1482,1454,1740,1482,1454,1740,1482,1454,-258,-286,258,286,FALSE,FALSE
271,19,1862,1638,1576,1862,1638,1576,1862,1638,1576,-224,-286,224,286,FALSE,FALSE
271,20,2009,1796,1697,2009,1796,1697,2009,1796,1697,-213,-312,213,312,FALSE,FALSE
271,21,2103,1933,1808,2103,1933,1808,2103,1933,1808,-170,-295,170,295,FALSE,FALSE
271,22,2186,2039,1897,2186,2039,1897,2186,2039,1897,-147,-289,147,289,FALSE,FALSE
271,23,2253,2131,2009,2253,2131,2009,2253,2131,2009,-122,-244,122,244,FALSE,FALSE
271,24,2279,2206,2092,2279,2206,2092,2279,2206,2092,-73,-187,73,187,FALSE,FALSE
271,25,2265,2219,2142,2265,2219,2142,2265,2219,2142,-46,-123,46,123,FALSE,FALSE
271,26,2247,2260,2191,2247,2260,2191,2247,2260,2191,13,-56,13,56,FALSE,FALSE
271,27,2204,2282,2243,2204,2282,2243,2204,2282,2243,78,39,78,39,FALSE,FALSE
271,28,2178,2283,2265,2178,2283,2265,2178,2283,2265,105,87,105,87,FALSE,FALSE
271,29,2110,2247,2244,2110,2247,2244,2110,2247,2244,137,134,137,134,FALSE,FALSE
271,30,2052,2221,2224,2052,2221,2224,2052,2221,2224,169,172,169,172,FALSE,FALSE
271,31,1988,2194,2153,1988,2194,2153,1988,2194,2153,206,165,206,165,FALSE,FALSE
271,32,1928,2133,2058,1928,2133,2058,1928,2133,2058,205,130,205,130,FALSE,FALSE
271,33,1824,2021,1965,1824,2021,1965,1824,2021,1965,197,141,197,141,FALSE,FALSE
271,34,1754,1933,1857,1754,1933,1857,1754,1933,1857,179,103,179,103,FALSE,FALSE
271,35,1646,1803,1790,1646,1803,1790,1646,1803,1790,157,144,157,144,FALSE,FALSE
271,36,1561,1689,1727,1561,1689,1727,1561,1689,1727,128,166,128,166,FALSE,FALSE
271,37,1474,1596,1623,1474,1596,1623,1474,1596,1623,122,149,122,149,FALSE,FALSE
271,38,1399,1493,1523,1399,1493,1523,1399,1493,1523,94,124,94,124,FALSE,FALSE
271,39,1320,1378,1431,1320,1378,1431,1320,1378,1431,58,111,58,111,FALSE,FALSE
271,40,1229,1264,1315,1229,1264,1315,1229,1264,1315,35,86,35,86,FALSE,FALSE
271,41,1157,1180,1222,1157,1180,1222,1157,1180,1222,23,65,23,65,FALSE,FALSE
271,42,1066,1088,1136,1066,1088,1136,1066,1088,1136,22,70,22,70,FALSE,FALSE
271,43,979,1019,1067,979,1019,1067,979,1019,1067,40,88,40,88,FALSE,FALSE
271,44,899,965,1014,899,965,1014,899,965,1014,66,115,66,115,FALSE,FALSE
271,45,830,880,944,830,880,944,830,880,944,50,114,50,114,FALSE,FALSE
271,46,764,816,867,764,816,867,764,816,867,52,103,52,103,FALSE,FALSE
271,47,693,730,792,693,730,792,693,730,792,37,99,37,99,FALSE,FALSE
271,48,633,667,730,633,667,730,633,667,730,34,97,34,97,FALSE,FALSE
271,49,586,617,674,586,617,674,586,617,674,31,88,31,88,FALSE,FALSE
271,50,537,571,628,537,571,628,537,571,628,34,91,34,91,FALSE,FALSE
271,51,488,518,582,488,518,582,488,518,582,30,94,30,94,FALSE,FALSE
271,52,455,483,548,455,483,548,455,483,548,28,93,28,93,FALSE,FALSE
271,53,428,440,506,428,440,506,428,440,506,12,78,12,78,FALSE,FALSE
271,54,392,402,456,392,402,456,392,402,456,10,64,10,64,FALSE,FALSE
271,55,366,359,422,366,359,422,366,359,422,-7,56,7,56,FALSE,FALSE
271,56,331,322,379,331,322,379,331,322,379,-9,48,9,48,FALSE,FALSE
271,57,307,297,352,307,297,352,307,297,352,-10,45,10,45,FALSE,FALSE
271,58,269,273,326,269,273,326,269,273,326,4,57,4,57,FALSE,FALSE
271,59,243,253,307,243,253,307,243,253,307,10,64,10,64,FALSE,FALSE
271,60,224,221,282,224,221,282,224,221,282,-3,58,3,58,FALSE,FALSE
272,0,167,167,167,167,167,167,167,167,167,0,0,0,0,TRUE,TRUE
272,1,232,225,221,232,225,221,232,225,221,-7,-11,7,11,FALSE,FALSE
272,2,288,270,295,288,270,295,288,270,295,-18,7,18,7,FALSE,FALSE
272,3,367,340,361,367,340,361,367,340,361,-27,-6,27,6,FALSE,FALSE
272,4,505,441,447,505,441,447,505,441,447,-64,-58,64,58,FALSE,FALSE
272,5,646,604,566,646,604,566,646,604,566,-42,-80,42,80,FALSE,FALSE
272,6,832,781,718,832,781,718,832,781,718,-51,-114,51,114,FALSE,FALSE
272,7,1053,1015,887,1053,1015,887,1053,1015,887,-38,-166,38,166,FALSE,FALSE
272,8,1289,1292,1108,1289,1292,1108,1289,1292,1108,3,-181,3,181,FALSE,FALSE
272,9,1532,1603,1357,1532,1603,1357,1532,1603,1357,71,-175,71,175,FALSE,FALSE
272,10,1826,1872,1656,1826,1872,1656,1826,1872,1656,46,-170,46,170,FALSE,FALSE
272,11,2115,2193,1956,2115,2193,1956,2115,2193,1956,78,-159,78,159,FALSE,FALSE
272,12,2383,2459,2236,2383,2459,2236,2383,2459,2236,76,-147,76,147,FALSE,FALSE
272,13,2604,2721,2497,2604,2721,2497,2604,2721,2497,117,-107,117,107,FALSE,FALSE
272,14,2778,2881,2681,2778,2881,2681,2778,2881,2681,103,-97,103,97,FALSE,FALSE
272,15,2874,2992,2794,2874,2992,2794,2874,2992,2794,118,-80,118,80,FALSE,FALSE
272,16,2971,3062,2892,2971,3062,2892,2971,3062,2892,91,-79,91,79,FALSE,FALSE
272,17,2950,3002,2928,2950,3002,2928,2950,3002,2928,52,-22,52,22,FALSE,FALSE
272,18,2906,2941,2895,2906,2941,2895,2906,2941,2895,35,-11,35,11,FALSE,FALSE
272,19,2835,2771,2798,2835,2771,2798,2835,2771,2798,-64,-37,64,37,FALSE,FALSE
272,20,2684,2618,2702,2684,2618,2702,2684,2618,2702,-66,18,66,18,FALSE,FALSE
272,21,2544,2459,2564,2544,2459,2564,2544,2459,2564,-85,20,85,20,FALSE,FALSE
272,22,2392,2277,2389,2392,2277,2389,2392,2277,2389,-115,-3,115,3,FALSE,FALSE
272,23,2196,2090,2221,2196,2090,2221,2196,2090,2221,-106,25,106,25,FALSE,FALSE
272,24,1989,1910,2053,1989,1910,2053,1989,1910,2053,-79,64,79,64,FALSE,FALSE
272,25,1803,1748,1873,1803,1748,1873,1803,1748,1873,-55,70,55,70,FALSE,FALSE
272,26,1624,1556,1687,1624,1556,1687,1624,1556,1687,-68,63,68,63,FALSE,FALSE
272,27,1441,1412,1531,1441,1412,1531,1441,1412,1531,-29,90,29,90,FALSE,FALSE
272,28,1304,1277,1379,1304,1277,1379,1304,1277,1379,-27,75,27,75,FALSE,FALSE
272,29,1187,1160,1266,1187,1160,1266,1187,1160,1266,-27,79,27,79,FALSE,FALSE
272,30,1072,1009,1141,1072,1009,1141,1072,1009,1141,-63,69,63,69,FALSE,FALSE
272,31,951,917,1017,951,917,1017,951,917,1017,-34,66,34,66,FALSE,FALSE
272,32,832,839,920,832,839,920,832,839,920,7,88,7,88,FALSE,FALSE
272,33,751,743,839,751,743,839,751,743,839,-8,88,8,88,FALSE,FALSE
272,34,644,668,768,644,668,768,644,668,768,24,124,24,124,FALSE,FALSE
272,35,584,605,690,584,605,690,584,605,690,21,106,21,106,FALSE,FALSE
272,36,519,531,625,519,531,625,519,531,625,12,106,12,106,FALSE,FALSE
272,37,467,467,563,467,467,563,467,467,563,0,96,0,96,TRUE,FALSE
272,38,418,419,500,418,419,500,418,419,500,1,82,1,82,FALSE,FALSE
272,39,372,390,450,372,390,450,372,390,450,18,78,18,78,FALSE,FALSE
272,40,331,350,394,331,350,394,331,350,394,19,63,19,63,FALSE,FALSE
272,41,294,309,358,294,309,358,294,309,358,15,64,15,64,FALSE,FALSE
272,42,265,279,328,265,279,328,265,279,328,14,63,14,63,FALSE,FALSE
272,43,234,248,297,234,248,297,234,248,297,14,63,14,63,FALSE,FALSE
272,44,212,218,258,212,218,258,212,218,258,6,46,6,46,FALSE,FALSE
272,45,180,191,235,180,191,235,180,191,235,11,55,11,55,FALSE,FALSE
272,46,155,160,215,155,160,215,155,160,215,5,60,5,60,FALSE,FALSE
272,47,135,138,198,135,138,198,135,138,198,3,63,3,63,FALSE,FALSE
272,48,120,124,170,120,124,170,120,124,170,4,50,4,50,FALSE,FALSE
272,49,111,114,155,111,114,155,111,114,155,3,44,3,44,FALSE,FALSE
272,50,99,99,133,99,99,133,99,99,133,0,34,0,34,TRUE,FALSE
272,51,86,84,108,86,84,108,86,84,108,-2,22,2,22,FALSE,FALSE
272,52,74,80,100,74,80,100,74,80,100,6,26,6,26,FALSE,FALSE
272,53,68,71,86,68,71,86,68,71,86,3,18,3,18,FALSE,FALSE
272,54,58,68,72,58,68,72,58,68,72,10,14,10,14,FALSE,FALSE
272,55,48,61,68,48,61,68,48,61,68,13,20,13,20,FALSE,FALSE
272,56,42,54,60,42,54,60,42,54,60,12,18,12,18,FALSE,FALSE
272,57,37,47,52,37,47,52,37,47,52,10,15,10,15,FALSE,FALSE
272,58,34,39,46,34,39,46,34,39,46,5,12,5,12,FALSE,FALSE
272,59,27,34,38,27,34,38,27,34,38,7,11,7,11,FALSE,FALSE
272,60,25,32,34,25,32,34,25,32,34,7,9,7,9,FALSE,FALSE
273,0,70,70,70,70,70,70,70,70,70,0,0,0,0,TRUE,TRUE
273,1,73,73,85,73,73,85,73,73,85,0,12,0,12,TRUE,FALSE
273,2,85,80,97,85,80,97,85,80,97,-5,12,5,12,FALSE,FALSE
273,3,89,89,95,89,89,95,89,89,95,0,6,0,6,TRUE,FALSE
273,4,88,93,98,88,93,98,88,93,98,5,10,5,10,FALSE,FALSE
273,5,89,104,99,89,104,99,89,104,99,15,10,15,10,FALSE,FALSE
273,6,86,106,109,86,106,109,86,106,109,20,23,20,23,FALSE,FALSE
273,7,92,106,109,92,106,109,92,106,109,14,17,14,17,FALSE,FALSE
273,8,89,116,115,89,116,115,89,116,115,27,26,27,26,FALSE,FALSE
273,9,97,120,119,97,120,119,97,120,119,23,22,23,22,FALSE,FALSE
273,10,104,128,123,104,128,123,104,128,123,24,19,24,19,FALSE,FALSE
273,11,109,122,129,109,122,129,109,122,129,13,20,13,20,FALSE,FALSE
273,12,120,128,139,120,128,139,120,128,139,8,19,8,19,FALSE,FALSE
273,13,116,128,135,116,128,135,116,128,135,12,19,12,19,FALSE,FALSE
273,14,112,125,136,112,125,136,112,125,136,13,24,13,24,FALSE,FALSE
273,15,108,133,136,108,133,136,108,133,136,25,28,25,28,FALSE,FALSE
273,16,112,132,139,112,132,139,112,132,139,20,27,20,27,FALSE,FALSE
273,17,112,136,143,112,136,143,112,136,143,24,31,24,31,FALSE,FALSE
273,18,110,151,148,110,151,148,110,151,148,41,38,41,38,FALSE,FALSE
273,19,119,153,151,119,153,151,119,153,151,34,32,34,32,FALSE,FALSE
273,20,124,142,161,124,142,161,124,142,161,18,37,18,37,FALSE,FALSE
273,21,125,144,173,125,144,173,125,144,173,19,48,19,48,FALSE,FALSE
273,22,133,147,183,133,147,183,133,147,183,14,50,14,50,FALSE,FALSE
273,23,133,165,180,133,165,180,133,165,180,32,47,32,47,FALSE,FALSE
273,24,131,165,185,131,165,185,131,165,185,34,54,34,54,FALSE,FALSE
273,25,126,172,186,126,172,186,126,172,186,46,60,46,60,FALSE,FALSE
273,26,138,175,186,138,175,186,138,175,186,37,48,37,48,FALSE,FALSE
273,27,143,179,188,143,179,188,143,179,188,36,45,36,45,FALSE,FALSE
273,28,143,176,193,143,176,193,143,176,193,33,50,33,50,FALSE,FALSE
273,29,137,177,190,137,177,190,137,177,190,40,53,40,53,FALSE,FALSE
273,30,138,183,204,138,183,204,138,183,204,45,66,45,66,FALSE,FALSE
273,31,146,174,210,146,174,210,146,174,210,28,64,28,64,FALSE,FALSE
273,32,147,182,222,147,182,222,147,182,222,35,75,35,75,FALSE,FALSE
273,33,155,190,242,155,190,242,155,190,242,35,87,35,87,FALSE,FALSE
273,34,163,192,245,163,192,245,163,192,245,29,82,29,82,FALSE,FALSE
273,35,171,182,263,171,182,263,171,182,263,11,92,11,92,FALSE,FALSE
273,36,179,181,273,179,181,273,179,181,273,2,94,2,94,FALSE,FALSE
273,37,184,179,286,184,179,286,184,179,286,-5,102,5,102,FALSE,FALSE
273,38,187,169,284,187,169,284,187,169,284,-18,97,18,97,FALSE,FALSE
273,39,198,180,297,198,180,297,198,180,297,-18,99,18,99,FALSE,FALSE
273,40,203,167,306,203,167,306,203,167,306,-36,103,36,103,FALSE,FALSE
273,41,199,159,323,199,159,323,199,159,323,-40,124,40,124,FALSE,FALSE
273,42,194,166,322,194,166,322,194,166,322,-28,128,28,128,FALSE,FALSE
273,43,209,162,337,209,162,337,209,162,337,-47,128,47,128,FALSE,FALSE
273,44,217,158,346,217,158,346,217,158,346,-59,129,59,129,FALSE,FALSE
273,45,227,151,361,227,151,361,227,151,361,-76,134,76,134,FALSE,FALSE
273,46,226,143,383,226,143,383,226,143,383,-83,157,83,157,FALSE,FALSE
273,47,235,140,407,235,140,407,235,140,407,-95,172,95,172,FALSE,FALSE
273,48,237,142,409,237,142,409,237,142,409,-95,172,95,172,FALSE,FALSE
273,49,258,144,404,258,144,404,258,144,404,-114,146,114,146,FALSE,FALSE
273,50,258,142,406,258,142,406,258,142,406,-116,148,116,148,FALSE,FALSE
273,51,268,152,415,268,152,415,268,152,415,-116,147,116,147,FALSE,FALSE
273,52,280,147,414,280,147,414,280,147,414,-133,134,133,134,FALSE,FALSE
273,53,284,146,432,284,146,432,284,146,432,-138,148,138,148,FALSE,FALSE
273,54,291,151,439,291,151,439,291,151,439,-140,148,140,148,FALSE,FALSE
273,55,294,146,437,294,146,437,294,146,437,-148,143,148,143,FALSE,FALSE
273,56,300,146,440,300,146,440,300,146,440,-154,140,154,140,FALSE,FALSE
273,57,299,149,457,299,149,457,299,149,457,-150,158,150,158,FALSE,FALSE
273,58,298,142,468,298,142,468,298,142,468,-156,170,156,170,FALSE,FALSE
273,59,302,145,484,302,145,484,302,145,484,-157,182,157,182,FALSE,FALSE
273,60,312,129,480,312,129,480,312,129,480,-183,168,183,168,FALSE,FALSE
274,0,149,149,149,149,149,149,149,149,149,0,0,0,0,TRUE,TRUE
274,1,183,196,183,183,196,183,183,196,183,13,0,13,0,FALSE,TRUE
274,2,234,257,215,234,257,215,234,257,215,23,-19,23,19,FALSE,FALSE
274,3,290,317,271,290,317,271,290,317,271,27,-19,27,19,FALSE,FALSE
274,4,354,385,335,354,385,335,354,385,335,31,-19,31,19,FALSE,FALSE
274,5,431,481,406,431,481,406,431,481,406,50,-25,50,25,FALSE,FALSE
274,6,537,592,518,537,592,518,537,592,518,55,-19,55,19,FALSE,FALSE
274,7,655,743,640,655,743,640,655,743,640,88,-15,88,15,FALSE,FALSE
274,8,782,871,776,782,871,776,782,871,776,89,-6,89,6,FALSE,FALSE
274,9,942,1050,928,942,1050,928,942,1050,928,108,-14,108,14,FALSE,FALSE
274,10,1118,1267,1130,1118,1267,1130,1118,1267,1130,149,12,149,12,FALSE,FALSE
274,11,1289,1495,1350,1289,1495,1350,1289,1495,1350,206,61,206,61,FALSE,FALSE
274,12,1512,1739,1596,1512,1739,1596,1512,1739,1596,227,84,227,84,FALSE,FALSE
274,13,1781,1968,1891,1781,1968,1891,1781,1968,1891,187,110,187,110,FALSE,FALSE
274,14,1996,2207,2136,1996,2207,2136,1996,2207,2136,211,140,211,140,FALSE,FALSE
274,15,2241,2451,2379,2241,2451,2379,2241,2451,2379,210,138,210,138,FALSE,FALSE
274,16,2495,2634,2620,2495,2634,2620,2495,2634,2620,139,125,139,125,FALSE,FALSE
274,17,2708,2847,2875,2708,2847,2875,2708,2847,2875,139,167,139,167,FALSE,FALSE
274,18,2883,2971,3050,2883,2971,3050,2883,2971,3050,88,167,88,167,FALSE,FALSE
274,19,3079,3181,3198,3079,3181,3198,3079,3181,3198,102,119,102,119,FALSE,FALSE
274,20,3227,3278,3360,3227,3278,3360,3227,3278,3360,51,133,51,133,FALSE,FALSE
274,21,3335,3310,3450,3335,3310,3450,3335,3310,3450,-25,115,25,115,FALSE,FALSE
274,22,3351,3306,3461,3351,3306,3461,3351,3306,3461,-45,110,45,110,FALSE,FALSE
274,23,3318,3330,3454,3318,3330,3454,3318,3330,3454,12,136,12,136,FALSE,FALSE
274,24,3268,3301,3415,3268,3301,3415,3268,3301,3415,33,147,33,147,FALSE,FALSE
274,25,3195,3179,3329,3195,3179,3329,3195,3179,3329,-16,134,16,134,FALSE,FALSE
274,26,3057,3076,3221,3057,3076,3221,3057,3076,3221,19,164,19,164,FALSE,FALSE
274,27,2982,2929,3072,2982,2929,3072,2982,2929,3072,-53,90,53,90,FALSE,FALSE
274,28,2854,2745,2934,2854,2745,2934,2854,2745,2934,-109,80,109,80,FALSE,FALSE
274,29,2686,2586,2773,2686,2586,2773,2686,2586,2773,-100,87,100,87,FALSE,FALSE
274,30,2512,2430,2635,2512,2430,2635,2512,2430,2635,-82,123,82,123,FALSE,FALSE
274,31,2373,2242,2479,2373,2242,2479,2373,2242,2479,-131,106,131,106,FALSE,FALSE
274,32,2238,2108,2279,2238,2108,2279,2238,2108,2279,-130,41,130,41,FALSE,FALSE
274,33,2113,1957,2116,2113,1957,2116,2113,1957,2116,-156,3,156,3,FALSE,FALSE
274,34,1970,1814,1975,1970,1814,1975,1970,1814,1975,-156,5,156,5,FALSE,FALSE
274,35,1844,1690,1861,1844,1690,1861,1844,1690,1861,-154,17,154,17,FALSE,FALSE
274,36,1730,1581,1732,1730,1581,1732,1730,1581,1732,-149,2,149,2,FALSE,FALSE
274,37,1607,1449,1612,1607,1449,1612,1607,1449,1612,-158,5,158,5,FALSE,FALSE
274,38,1483,1339,1492,1483,1339,1492,1483,1339,1492,-144,9,144,9,FALSE,FALSE
274,39,1379,1222,1372,1379,1222,1372,1379,1222,1372,-157,-7,157,7,FALSE,FALSE
274,40,1293,1117,1251,1293,1117,1251,1293,1117,1251,-176,-42,176,42,FALSE,FALSE
274,41,1201,1033,1148,1201,1033,1148,1201,1033,1148,-168,-53,168,53,FALSE,FALSE
274,42,1120,939,1065,1120,939,1065,1120,939,1065,-181,-55,181,55,FALSE,FALSE
274,43,1028,858,975,1028,858,975,1028,858,975,-170,-53,170,53,FALSE,FALSE
274,44,964,783,890,964,783,890,964,783,890,-181,-74,181,74,FALSE,FALSE
274,45,883,723,819,883,723,819,883,723,819,-160,-64,160,64,FALSE,FALSE
274,46,822,662,762,822,662,762,822,662,762,-160,-60,160,60,FALSE,FALSE
274,47,750,615,696,750,615,696,750,615,696,-135,-54,135,54,FALSE,FALSE
274,48,686,563,642,686,563,642,686,563,642,-123,-44,123,44,FALSE,FALSE
274,49,646,506,594,646,506,594,646,506,594,-140,-52,140,52,FALSE,FALSE
274,50,591,467,541,591,467,541,591,467,541,-124,-50,124,50,FALSE,FALSE
274,51,539,441,505,539,441,505,539,441,505,-98,-34,98,34,FALSE,FALSE
274,52,492,387,463,492,387,463,492,387,463,-105,-29,105,29,FALSE,FALSE
274,53,445,359,425,445,359,425,445,359,425,-86,-20,86,20,FALSE,FALSE
274,54,399,330,390,399,330,390,399,330,390,-69,-9,69,9,FALSE,FALSE
274,55,362,300,369,362,300,369,362,300,369,-62,7,62,7,FALSE,FALSE
274,56,336,270,338,336,270,338,336,270,338,-66,2,66,2,FALSE,FALSE
274,57,311,248,314,311,248,314,311,248,314,-63,3,63,3,FALSE,FALSE
274,58,276,221,291,276,221,291,276,221,291,-55,15,55,15,FALSE,FALSE
274,59,254,200,267,254,200,267,254,200,267,-54,13,54,13,FALSE,FALSE
274,60,237,184,239,237,184,239,237,184,239,-53,2,53,2,FALSE,FALSE
275,0,92,92,92,92,92,92,92,92,92,0,0,0,0,TRUE,TRUE
275,1,124,136,109,124,136,109,124,136,109,12,-15,12,15,FALSE,FALSE
275,2,172,184,155,172,184,155,172,184,155,12,-17,12,17,FALSE,FALSE
275,3,229,249,202,229,249,202,229,249,202,20,-27,20,27,FALSE,FALSE
275,4,289,342,272,289,342,272,289,342,272,53,-17,53,17,FALSE,FALSE
275,5,380,456,366,380,456,366,380,456,366,76,-14,76,14,FALSE,FALSE
275,6,484,596,477,484,596,477,484,596,477,112,-7,112,7,FALSE,FALSE
275,7,625,762,630,625,762,630,625,762,630,137,5,137,5,FALSE,FALSE
275,8,809,980,813,809,980,813,809,980,813,171,4,171,4,FALSE,FALSE
275,9,993,1218,1039,993,1218,1039,993,1218,1039,225,46,225,46,FALSE,FALSE
275,10,1195,1538,1257,1195,1538,1257,1195,1538,1257,343,62,343,62,FALSE,FALSE
275,11,1452,1854,1514,1452,1854,1514,1452,1854,1514,402,62,402,62,FALSE,FALSE
275,12,1709,2126,1784,1709,2126,1784,1709,2126,1784,417,75,417,75,FALSE,FALSE
275,13,1959,2308,2029,1959,2308,2029,1959,2308,2029,349,70,349,70,FALSE,FALSE
275,14,2143,2505,2253,2143,2505,2253,2143,2505,2253,362,110,362,110,FALSE,FALSE
275,15,2295,2626,2457,2295,2626,2457,2295,2626,2457,331,162,331,162,FALSE,FALSE
275,16,2402,2661,2590,2402,2661,2590,2402,2661,2590,259,188,259,188,FALSE,FALSE
275,17,2478,2634,2669,2478,2634,2669,2478,2634,2669,156,191,156,191,FALSE,FALSE
275,18,2516,2605,2712,2516,2605,2712,2516,2605,2712,89,196,89,196,FALSE,FALSE
275,19,2478,2496,2697,2478,2496,2697,2478,2496,2697,18,219,18,219,FALSE,FALSE
275,20,2424,2384,2604,2424,2384,2604,2424,2384,2604,-40,180,40,180,FALSE,FALSE
275,21,2335,2225,2488,2335,2225,2488,2335,2225,2488,-110,153,110,153,FALSE,FALSE
275,22,2235,2095,2391,2235,2095,2391,2235,2095,2391,-140,156,140,156,FALSE,FALSE
275,23,2091,1931,2224,2091,1931,2224,2091,1931,2224,-160,133,160,133,FALSE,FALSE
275,24,1946,1752,2073,1946,1752,2073,1946,1752,2073,-194,127,194,127,FALSE,FALSE
275,25,1810,1609,1889,1810,1609,1889,1810,1609,1889,-201,79,201,79,FALSE,FALSE
275,26,1681,1470,1703,1681,1470,1703,1681,1470,1703,-211,22,211,22,FALSE,FALSE
275,27,1546,1329,1541,1546,1329,1541,1546,1329,1541,-217,-5,217,5,FALSE,FALSE
275,28,1389,1201,1384,1389,1201,1384,1389,1201,1384,-188,-5,188,5,FALSE,FALSE
275,29,1226,1085,1241,1226,1085,1241,1226,1085,1241,-141,15,141,15,FALSE,FALSE
275,30,1101,977,1107,1101,977,1107,1101,977,1107,-124,6,124,6,FALSE,FALSE
275,31,996,886,1018,996,886,1018,996,886,1018,-110,22,110,22,FALSE,FALSE
275,32,896,784,900,896,784,900,896,784,900,-112,4,112,4,FALSE,FALSE
275,33,806,699,799,806,699,799,806,699,799,-107,-7,107,7,FALSE,FALSE
275,34,722,626,712,722,626,712,722,626,712,-96,-10,96,10,FALSE,FALSE
275,35,644,561,652,644,561,652,644,561,652,-83,8,83,8,FALSE,FALSE
275,36,569,494,580,569,494,580,569,494,580,-75,11,75,11,FALSE,FALSE
275,37,506,446,523,506,446,523,506,446,523,-60,17,60,17,FALSE,FALSE
275,38,456,400,463,456,400,463,456,400,463,-56,7,56,7,FALSE,FALSE
275,39,414,358,407,414,358,407,414,358,407,-56,-7,56,7,FALSE,FALSE
275,40,365,322,359,365,322,359,365,322,359,-43,-6,43,6,FALSE,FALSE
275,41,329,285,325,329,285,325,329,285,325,-44,-4,44,4,FALSE,FALSE
275,42,298,258,274,298,258,274,298,258,274,-40,-24,40,24,FALSE,FALSE
275,43,267,237,240,267,237,240,267,237,240,-30,-27,30,27,FALSE,FALSE
275,44,234,201,215,234,201,215,234,201,215,-33,-19,33,19,FALSE,FALSE
275,45,202,179,180,202,179,180,202,179,180,-23,-22,23,22,FALSE,FALSE
275,46,185,165,151,185,165,151,185,165,151,-20,-34,20,34,FALSE,FALSE
275,47,166,147,140,166,147,140,166,147,140,-19,-26,19,26,FALSE,FALSE
275,48,147,121,128,147,121,128,147,121,128,-26,-19,26,19,FALSE,FALSE
275,49,137,114,108,137,114,108,137,114,108,-23,-29,23,29,FALSE,FALSE
275,50,120,99,98,120,99,98,120,99,98,-21,-22,21,22,FALSE,FALSE
275,51,109,86,86,109,86,86,109,86,86,-23,-23,23,23,FALSE,FALSE
275,52,87,73,73,87,73,73,87,73,73,-14,-14,14,14,FALSE,FALSE
275,53,76,64,70,76,64,70,76,64,70,-12,-6,12,6,FALSE,FALSE
275,54,65,58,60,65,58,60,65,58,60,-7,-5,7,5,FALSE,FALSE
275,55,55,50,53,55,50,53,55,50,53,-5,-2,5,2,FALSE,FALSE
275,56,49,44,47,49,44,47,49,44,47,-5,-2,5,2,FALSE,FALSE
275,57,41,35,41,41,35,41,41,35,41,-6,0,6,0,FALSE,TRUE
275,58,37,28,33,37,28,33,37,28,33,-9,-4,9,4,FALSE,FALSE
275,59,34,23,26,34,23,26,34,23,26,-11,-8,11,8,FALSE,FALSE
275,60,31,18,25,31,18,25,31,18,25,-13,-6,13,6,FALSE,FALSE
276,0,122,122,122,122,122,122,122,122,122,0,0,0,0,TRUE,TRUE
276,1,152,154,164,152,154,164,152,154,164,2,12,2,12,FALSE,FALSE
276,2,181,200,210,181,200,210,181,200,210,19,29,19,29,FALSE,FALSE
276,3,232,254,276,232,254,276,232,254,276,22,44,22,44,FALSE,FALSE
276,4,303,344,367,303,344,367,303,344,367,41,64,41,64,FALSE,FALSE
276,5,399,432,485,399,432,485,399,432,485,33,86,33,86,FALSE,FALSE
276,6,499,538,649,499,538,649,499,538,649,39,150,39,150,FALSE,FALSE
276,7,642,678,840,642,678,840,642,678,840,36,198,36,198,FALSE,FALSE
276,8,797,812,1092,797,812,1092,797,812,1092,15,295,15,295,FALSE,FALSE
276,9,994,1014,1335,994,1014,1335,994,1014,1335,20,341,20,341,FALSE,FALSE
276,10,1213,1248,1708,1213,1248,1708,1213,1248,1708,35,495,35,495,FALSE,FALSE
276,11,1520,1495,2055,1520,1495,2055,1520,1495,2055,-25,535,25,535,FALSE,FALSE
276,12,1868,1787,2439,1868,1787,2439,1868,1787,2439,-81,571,81,571,FALSE,FALSE
276,13,2210,2106,2823,2210,2106,2823,2210,2106,2823,-104,613,104,613,FALSE,FALSE
276,14,2573,2447,3219,2573,2447,3219,2573,2447,3219,-126,646,126,646,FALSE,FALSE
276,15,2938,2799,3543,2938,2799,3543,2938,2799,3543,-139,605,139,605,FALSE,FALSE
276,16,3265,3108,3805,3265,3108,3805,3265,3108,3805,-157,540,157,540,FALSE,FALSE
276,17,3576,3400,4076,3576,3400,4076,3576,3400,4076,-176,500,176,500,FALSE,FALSE
276,18,3772,3585,4203,3772,3585,4203,3772,3585,4203,-187,431,187,431,FALSE,FALSE
276,19,3944,3724,4266,3944,3724,4266,3944,3724,4266,-220,322,220,322,FALSE,FALSE
276,20,4046,3840,4250,4046,3840,4250,4046,3840,4250,-206,204,206,204,FALSE,FALSE
276,21,4088,3916,4176,4088,3916,4176,4088,3916,4176,-172,88,172,88,FALSE,FALSE
276,22,4126,3915,4112,4126,3915,4112,4126,3915,4112,-211,-14,211,14,FALSE,FALSE
276,23,4053,3897,3997,4053,3897,3997,4053,3897,3997,-156,-56,156,56,FALSE,FALSE
276,24,3945,3839,3816,3945,3839,3816,3945,3839,3816,-106,-129,106,129,FALSE,FALSE
276,25,3789,3702,3614,3789,3702,3614,3789,3702,3614,-87,-175,87,175,FALSE,FALSE
276,26,3631,3535,3429,3631,3535,3429,3631,3535,3429,-96,-202,96,202,FALSE,FALSE
276,27,3419,3375,3257,3419,3375,3257,3419,3375,3257,-44,-162,44,162,FALSE,FALSE
276,28,3253,3225,3029,3253,3225,3029,3253,3225,3029,-28,-224,28,224,FALSE,FALSE
276,29,3053,3049,2841,3053,3049,2841,3053,3049,2841,-4,-212,4,212,FALSE,FALSE
276,30,2838,2880,2631,2838,2880,2631,2838,2880,2631,42,-207,42,207,FALSE,FALSE
276,31,2676,2744,2407,2676,2744,2407,2676,2744,2407,68,-269,68,269,FALSE,FALSE
276,32,2501,2575,2205,2501,2575,2205,2501,2575,2205,74,-296,74,296,FALSE,FALSE
276,33,2330,2404,2041,2330,2404,2041,2330,2404,2041,74,-289,74,289,FALSE,FALSE
276,34,2163,2249,1883,2163,2249,1883,2163,2249,1883,86,-280,86,280,FALSE,FALSE
276,35,1998,2070,1736,1998,2070,1736,1998,2070,1736,72,-262,72,262,FALSE,FALSE
276,36,1809,1929,1608,1809,1929,1608,1809,1929,1608,120,-201,120,201,FALSE,FALSE
276,37,1692,1800,1491,1692,1800,1491,1692,1800,1491,108,-201,108,201,FALSE,FALSE
276,38,1566,1703,1386,1566,1703,1386,1566,1703,1386,137,-180,137,180,FALSE,FALSE
276,39,1430,1574,1280,1430,1574,1280,1430,1574,1280,144,-150,144,150,FALSE,FALSE
276,40,1332,1485,1175,1332,1485,1175,1332,1485,1175,153,-157,153,157,FALSE,FALSE
276,41,1228,1385,1082,1228,1385,1082,1228,1385,1082,157,-146,157,146,FALSE,FALSE
276,42,1138,1291,999,1138,1291,999,1138,1291,999,153,-139,153,139,FALSE,FALSE
276,43,1060,1190,931,1060,1190,931,1060,1190,931,130,-129,130,129,FALSE,FALSE
276,44,975,1098,841,975,1098,841,975,1098,841,123,-134,123,134,FALSE,FALSE
276,45,895,1010,767,895,1010,767,895,1010,767,115,-128,115,128,FALSE,FALSE
276,46,822,947,708,822,947,708,822,947,708,125,-114,125,114,FALSE,FALSE
276,47,764,866,647,764,866,647,764,866,647,102,-117,102,117,FALSE,FALSE
276,48,711,790,590,711,790,590,711,790,590,79,-121,79,121,FALSE,FALSE
276,49,664,733,540,664,733,540,664,733,540,69,-124,69,124,FALSE,FALSE
276,50,599,658,500,599,658,500,599,658,500,59,-99,59,99,FALSE,FALSE
276,51,554,604,462,554,604,462,554,604,462,50,-92,50,92,FALSE,FALSE
276,52,505,544,427,505,544,427,505,544,427,39,-78,39,78,FALSE,FALSE
276,53,460,499,395,460,499,395,460,499,395,39,-65,39,65,FALSE,FALSE
276,54,419,459,357,419,459,357,419,459,357,40,-62,40,62,FALSE,FALSE
276,55,383,419,328,383,419,328,383,419,328,36,-55,36,55,FALSE,FALSE
276,56,355,386,301,355,386,301,355,386,301,31,-54,31,54,FALSE,FALSE
276,57,327,353,285,327,353,285,327,353,285,26,-42,26,42,FALSE,FALSE
276,58,303,327,255,303,327,255,303,327,255,24,-48,24,48,FALSE,FALSE
276,59,273,310,233,273,310,233,273,310,233,37,-40,37,40,FALSE,FALSE
276,60,244,280,213,244,280,213,244,280,213,36,-31,36,31,FALSE,FALSE
277,0,116,116,116,116,116,116,116,116,116,0,0,0,0,TRUE,TRUE
277,1,183,161,164,183,161,164,183,161,164,-22,-19,22,19,FALSE,FALSE
277,2,264,224,240,264,224,240,264,224,240,-40,-24,40,24,FALSE,FALSE
277,3,383,320,326,383,320,326,383,320,326,-63,-57,63,57,FALSE,FALSE
277,4,495,447,484,495,447,484,495,447,484,-48,-11,48,11,FALSE,FALSE
277,5,669,585,687,669,585,687,669,585,687,-84,18,84,18,FALSE,FALSE
277,6,899,841,942,899,841,942,899,841,942,-58,43,58,43,FALSE,FALSE
277,7,1213,1112,1261,1213,1112,1261,1213,1112,1261,-101,48,101,48,FALSE,FALSE
277,8,1593,1423,1642,1593,1423,1642,1593,1423,1642,-170,49,170,49,FALSE,FALSE
277,9,1963,1819,2070,1963,1819,2070,1963,1819,2070,-144,107,144,107,FALSE,FALSE
277,10,2444,2255,2565,2444,2255,2565,2444,2255,2565,-189,121,189,121,FALSE,FALSE
277,11,2764,2698,3010,2764,2698,3010,2764,2698,3010,-66,246,66,246,FALSE,FALSE
277,12,3108,3018,3287,3108,3018,3287,3108,3018,3287,-90,179,90,179,FALSE,FALSE
277,13,3335,3281,3453,3335,3281,3453,3335,3281,3453,-54,118,54,118,FALSE,FALSE
277,14,3444,3381,3507,3444,3381,3507,3444,3381,3507,-63,63,63,63,FALSE,FALSE
277,15,3406,3434,3446,3406,3434,3446,3406,3434,3446,28,40,28,40,FALSE,FALSE
277,16,3251,3339,3331,3251,3339,3331,3251,3339,3331,88,80,88,80,FALSE,FALSE
277,17,3020,3170,3097,3020,3170,3097,3020,3170,3097,150,77,150,77,FALSE,FALSE
277,18,2806,2916,2871,2806,2916,2871,2806,2916,2871,110,65,110,65,FALSE,FALSE
277,19,2556,2637,2621,2556,2637,2621,2556,2637,2621,81,65,81,65,FALSE,FALSE
277,20,2307,2407,2379,2307,2407,2379,2307,2407,2379,100,72,100,72,FALSE,FALSE
277,21,2099,2164,2121,2099,2164,2121,2099,2164,2121,65,22,65,22,FALSE,FALSE
277,22,1892,1940,1864,1892,1940,1864,1892,1940,1864,48,-28,48,28,FALSE,FALSE
277,23,1638,1749,1657,1638,1749,1657,1638,1749,1657,111,19,111,19,FALSE,FALSE
277,24,1448,1536,1505,1448,1536,1505,1448,1536,1505,88,57,88,57,FALSE,FALSE
277,25,1277,1351,1314,1277,1351,1314,1277,1351,1314,74,37,74,37,FALSE,FALSE
277,26,1099,1199,1141,1099,1199,1141,1099,1199,1141,100,42,100,42,FALSE,FALSE
277,27,970,1039,988,970,1039,988,970,1039,988,69,18,69,18,FALSE,FALSE
277,28,878,903,874,878,903,874,878,903,874,25,-4,25,4,FALSE,FALSE
277,29,768,779,771,768,779,771,768,779,771,11,3,11,3,FALSE,FALSE
277,30,662,688,673,662,688,673,662,688,673,26,11,26,11,FALSE,FALSE
277,31,590,591,592,590,591,592,590,591,592,1,2,1,2,FALSE,FALSE
277,32,526,495,527,526,495,527,526,495,527,-31,1,31,1,FALSE,FALSE
277,33,454,417,466,454,417,466,454,417,466,-37,12,37,12,FALSE,FALSE
277,34,405,358,395,405,358,395,405,358,395,-47,-10,47,10,FALSE,FALSE
277,35,349,315,330,349,315,330,349,315,330,-34,-19,34,19,FALSE,FALSE
277,36,301,274,275,301,274,275,301,274,275,-27,-26,27,26,FALSE,FALSE
277,37,259,232,235,259,232,235,259,232,235,-27,-24,27,24,FALSE,FALSE
277,38,206,196,203,206,196,203,206,196,203,-10,-3,10,3,FALSE,FALSE
277,39,176,171,178,176,171,178,176,171,178,-5,2,5,2,FALSE,FALSE
277,40,149,153,153,149,153,153,149,153,153,4,4,4,4,FALSE,FALSE
277,41,125,133,125,125,133,125,125,133,125,8,0,8,0,FALSE,TRUE
277,42,108,117,99,108,117,99,108,117,99,9,-9,9,9,FALSE,FALSE
277,43,87,99,84,87,99,84,87,99,84,12,-3,12,3,FALSE,FALSE
277,44,80,81,76,80,81,76,80,81,76,1,-4,1,4,FALSE,FALSE
277,45,74,76,63,74,76,63,74,76,63,2,-11,2,11,FALSE,FALSE
277,46,66,68,51,66,68,51,66,68,51,2,-15,2,15,FALSE,FALSE
277,47,62,61,40,62,61,40,62,61,40,-1,-22,1,22,FALSE,FALSE
277,48,57,55,35,57,55,35,57,55,35,-2,-22,2,22,FALSE,FALSE
277,49,48,49,30,48,49,30,48,49,30,1,-18,1,18,FALSE,FALSE
277,50,43,40,25,43,40,25,43,40,25,-3,-18,3,18,FALSE,FALSE
277,51,38,35,15,38,35,15,38,35,15,-3,-23,3,23,FALSE,FALSE
277,52,27,32,13,27,32,13,27,32,13,5,-14,5,14,FALSE,FALSE
277,53,22,30,12,22,30,12,22,30,12,8,-10,8,10,FALSE,FALSE
277,54,20,27,8,20,27,8,20,27,8,7,-12,7,12,FALSE,FALSE
277,55,19,24,6,19,24,6,19,24,6,5,-13,5,13,FALSE,FALSE
277,56,15,22,5,15,22,5,15,22,5,7,-10,7,10,FALSE,FALSE
277,57,13,19,5,13,19,5,13,19,5,6,-8,6,8,FALSE,FALSE
277,58,12,16,3,12,16,3,12,16,3,4,-9,4,9,FALSE,FALSE
277,59,9,16,2,9,16,2,9,16,2,7,-7,7,7,FALSE,FALSE
277,60,7,14,1,7,14,1,7,14,1,7,-6,7,6,FALSE,FALSE
278,0,93,93,93,93,93,93,93,93,93,0,0,0,0,TRUE,TRUE
278,1,104,106,97,104,106,97,104,106,97,2,-7,2,7,FALSE,FALSE
278,2,112,123,113,112,123,113,112,123,113,11,1,11,1,FALSE,FALSE
278,3,132,139,134,132,139,134,132,139,134,7,2,7,2,FALSE,FALSE
278,4,142,160,143,142,160,143,142,160,143,18,1,18,1,FALSE,FALSE
278,5,160,182,169,160,182,169,160,182,169,22,9,22,9,FALSE,FALSE
278,6,186,214,200,186,214,200,186,214,200,28,14,28,14,FALSE,FALSE
278,7,219,236,233,219,236,233,219,236,233,17,14,17,14,FALSE,FALSE
278,8,258,281,287,258,281,287,258,281,287,23,29,23,29,FALSE,FALSE
278,9,281,338,304,281,338,304,281,338,304,57,23,57,23,FALSE,FALSE
278,10,307,372,321,307,372,321,307,372,321,65,14,65,14,FALSE,FALSE
278,11,353,444,371,353,444,371,353,444,371,91,18,91,18,FALSE,FALSE
278,12,384,501,393,384,501,393,384,501,393,117,9,117,9,FALSE,FALSE
278,13,411,576,422,411,576,422,411,576,422,165,11,165,11,FALSE,FALSE
278,14,477,626,466,477,626,466,477,626,466,149,-11,149,11,FALSE,FALSE
278,15,546,695,506,546,695,506,546,695,506,149,-40,149,40,FALSE,FALSE
278,16,547,753,580,547,753,580,547,753,580,206,33,206,33,FALSE,FALSE
278,17,587,806,625,587,806,625,587,806,625,219,38,219,38,FALSE,FALSE
278,18,651,863,663,651,863,663,651,863,663,212,12,212,12,FALSE,FALSE
278,19,688,902,728,688,902,728,688,902,728,214,40,214,40,FALSE,FALSE
278,20,723,963,797,723,963,797,723,963,797,240,74,240,74,FALSE,FALSE
278,21,783,1003,835,783,1003,835,783,1003,835,220,52,220,52,FALSE,FALSE
278,22,798,1022,873,798,1022,873,798,1022,873,224,75,224,75,FALSE,FALSE
278,23,813,1047,875,813,1047,875,813,1047,875,234,62,234,62,FALSE,FALSE
278,24,857,1056,906,857,1056,906,857,1056,906,199,49,199,49,FALSE,FALSE
278,25,845,1049,879,845,1049,879,845,1049,879,204,34,204,34,FALSE,FALSE
278,26,887,1010,897,887,1010,897,887,1010,897,123,10,123,10,FALSE,FALSE
278,27,903,994,882,903,994,882,903,994,882,91,-21,91,21,FALSE,FALSE
278,28,910,961,873,910,961,873,910,961,873,51,-37,51,37,FALSE,FALSE
278,29,922,918,850,922,918,850,922,918,850,-4,-72,4,72,FALSE,FALSE
278,30,911,898,836,911,898,836,911,898,836,-13,-75,13,75,FALSE,FALSE
278,31,864,866,811,864,866,811,864,866,811,2,-53,2,53,FALSE,FALSE
278,32,826,792,761,826,792,761,826,792,761,-34,-65,34,65,FALSE,FALSE
278,33,793,739,704,793,739,704,793,739,704,-54,-89,54,89,FALSE,FALSE
278,34,767,689,675,767,689,675,767,689,675,-78,-92,78,92,FALSE,FALSE
278,35,694,653,656,694,653,656,694,653,656,-41,-38,41,38,FALSE,FALSE
278,36,666,596,615,666,596,615,666,596,615,-70,-51,70,51,FALSE,FALSE
278,37,619,544,578,619,544,578,619,544,578,-75,-41,75,41,FALSE,FALSE
278,38,580,523,553,580,523,553,580,523,553,-57,-27,57,27,FALSE,FALSE
278,39,557,487,519,557,487,519,557,487,519,-70,-38,70,38,FALSE,FALSE
278,40,526,442,493,526,442,493,526,442,493,-84,-33,84,33,FALSE,FALSE
278,41,506,400,451,506,400,451,506,400,451,-106,-55,106,55,FALSE,FALSE
278,42,463,367,415,463,367,415,463,367,415,-96,-48,96,48,FALSE,FALSE
278,43,440,325,397,440,325,397,440,325,397,-115,-43,115,43,FALSE,FALSE
278,44,411,301,369,411,301,369,411,301,369,-110,-42,110,42,FALSE,FALSE
278,45,383,274,355,383,274,355,383,274,355,-109,-28,109,28,FALSE,FALSE
278,46,338,246,331,338,246,331,338,246,331,-92,-7,92,7,FALSE,FALSE
278,47,326,231,304,326,231,304,326,231,304,-95,-22,95,22,FALSE,FALSE
278,48,277,207,269,277,207,269,277,207,269,-70,-8,70,8,FALSE,FALSE
278,49,246,186,256,246,186,256,246,186,256,-60,10,60,10,FALSE,FALSE
278,50,226,161,232,226,161,232,226,161,232,-65,6,65,6,FALSE,FALSE
278,51,202,138,213,202,138,213,202,138,213,-64,11,64,11,FALSE,FALSE
278,52,171,131,191,171,131,191,171,131,191,-40,20,40,20,FALSE,FALSE
278,53,159,112,182,159,112,182,159,112,182,-47,23,47,23,FALSE,FALSE
278,54,136,94,158,136,94,158,136,94,158,-42,22,42,22,FALSE,FALSE
278,55,118,81,143,118,81,143,118,81,143,-37,25,37,25,FALSE,FALSE
278,56,108,74,133,108,74,133,108,74,133,-34,25,34,25,FALSE,FALSE
278,57,91,64,111,91,64,111,91,64,111,-27,20,27,20,FALSE,FALSE
278,58,76,56,103,76,56,103,76,56,103,-20,27,20,27,FALSE,FALSE
278,59,68,52,97,68,52,97,68,52,97,-16,29,16,29,FALSE,FALSE
278,60,59,41,82,59,41,82,59,41,82,-18,23,18,23,FALSE,FALSE
279,0,135,135,135,135,135,135,135,135,135,0,0,0,0,TRUE,TRUE
279,1,183,154,162,183,154,162,183,154,162,-29,-21,29,21,FALSE,FALSE
279,2,220,177,190,220,177,190,220,177,190,-43,-30,43,30,FALSE,FALSE
279,3,272,220,227,272,220,227,272,220,227,-52,-45,52,45,FALSE,FALSE
279,4,316,263,282,316,263,282,316,263,282,-53,-34,53,34,FALSE,FALSE
279,5,384,315,357,384,315,357,384,315,357,-69,-27,69,27,FALSE,FALSE
279,6,440,361,435,440,361,435,440,361,435,-79,-5,79,5,FALSE,FALSE
279,7,533,446,531,533,446,531,533,446,531,-87,-2,87,2,FALSE,FALSE
279,8,603,517,613,603,517,613,603,517,613,-86,10,86,10,FALSE,FALSE
279,9,683,602,701,683,602,701,683,602,701,-81,18,81,18,FALSE,FALSE
279,10,742,678,764,742,678,764,742,678,764,-64,22,64,22,FALSE,FALSE
279,11,849,759,845,849,759,845,849,759,845,-90,-4,90,4,FALSE,FALSE
279,12,896,843,866,896,843,866,896,843,866,-53,-30,53,30,FALSE,FALSE
279,13,938,925,914,938,925,914,938,925,914,-13,-24,13,24,FALSE,FALSE
279,14,992,987,942,992,987,942,992,987,942,-5,-50,5,50,FALSE,FALSE
279,15,1038,1028,1001,1038,1028,1001,1038,1028,1001,-10,-37,10,37,FALSE,FALSE
279,16,1040,1080,1018,1040,1080,1018,1040,1080,1018,40,-22,40,22,FALSE,FALSE
279,17,1104,1136,1001,1104,1136,1001,1104,1136,1001,32,-103,32,103,FALSE,FALSE
279,18,1084,1168,1006,1084,1168,1006,1084,1168,1006,84,-78,84,78,FALSE,FALSE
279,19,1051,1157,973,1051,1157,973,1051,1157,973,106,-78,106,78,FALSE,FALSE
279,20,1038,1185,946,1038,1185,946,1038,1185,946,147,-92,147,92,FALSE,FALSE
279,21,963,1150,941,963,1150,941,963,1150,941,187,-22,187,22,FALSE,FALSE
279,22,893,1096,889,893,1096,889,893,1096,889,203,-4,203,4,FALSE,FALSE
279,23,857,1045,822,857,1045,822,857,1045,822,188,-35,188,35,FALSE,FALSE
279,24,822,967,748,822,967,748,822,967,748,145,-74,145,74,FALSE,FALSE
279,25,765,885,707,765,885,707,765,885,707,120,-58,120,58,FALSE,FALSE
279,26,688,811,671,688,811,671,688,811,671,123,-17,123,17,FALSE,FALSE
279,27,606,753,610,606,753,610,606,753,610,147,4,147,4,FALSE,FALSE
279,28,562,662,562,562,662,562,562,662,562,100,0,100,0,FALSE,TRUE
279,29,514,596,497,514,596,497,514,596,497,82,-17,82,17,FALSE,FALSE
279,30,457,538,448,457,538,448,457,538,448,81,-9,81,9,FALSE,FALSE
279,31,392,483,383,392,483,383,392,483,383,91,-9,91,9,FALSE,FALSE
279,32,346,433,348,346,433,348,346,433,348,87,2,87,2,FALSE,FALSE
279,33,307,373,297,307,373,297,307,373,297,66,-10,66,10,FALSE,FALSE
279,34,284,343,256,284,343,256,284,343,256,59,-28,59,28,FALSE,FALSE
279,35,234,299,230,234,299,230,234,299,230,65,-4,65,4,FALSE,FALSE
279,36,190,247,197,190,247,197,190,247,197,57,7,57,7,FALSE,FALSE
279,37,172,213,176,172,213,176,172,213,176,41,4,41,4,FALSE,FALSE
279,38,148,185,146,148,185,146,148,185,146,37,-2,37,2,FALSE,FALSE
279,39,135,171,132,135,171,132,135,171,132,36,-3,36,3,FALSE,FALSE
279,40,115,156,123,115,156,123,115,156,123,41,8,41,8,FALSE,FALSE
279,41,98,139,106,98,139,106,98,139,106,41,8,41,8,FALSE,FALSE
279,42,80,127,93,80,127,93,80,127,93,47,13,47,13,FALSE,FALSE
279,43,69,108,82,69,108,82,69,108,82,39,13,39,13,FALSE,FALSE
279,44,58,95,67,58,95,67,58,95,67,37,9,37,9,FALSE,FALSE
279,45,49,83,58,49,83,58,49,83,58,34,9,34,9,FALSE,FALSE
279,46,47,70,50,47,70,50,47,70,50,23,3,23,3,FALSE,FALSE
279,47,36,57,46,36,57,46,36,57,46,21,10,21,10,FALSE,FALSE
279,48,35,51,39,35,51,39,35,51,39,16,4,16,4,FALSE,FALSE
279,49,36,45,31,36,45,31,36,45,31,9,-5,9,5,FALSE,FALSE
279,50,32,40,22,32,40,22,32,40,22,8,-10,8,10,FALSE,FALSE
279,51,21,38,18,21,38,18,21,38,18,17,-3,17,3,FALSE,FALSE
279,52,19,34,16,19,34,16,19,34,16,15,-3,15,3,FALSE,FALSE
279,53,19,32,15,19,32,15,19,32,15,13,-4,13,4,FALSE,FALSE
279,54,16,29,12,16,29,12,16,29,12,13,-4,13,4,FALSE,FALSE
279,55,16,20,6,16,20,6,16,20,6,4,-10,4,10,FALSE,FALSE
279,56,14,19,4,14,19,4,14,19,4,5,-10,5,10,FALSE,FALSE
279,57,15,18,4,15,18,4,15,18,4,3,-11,3,11,FALSE,FALSE
279,58,11,16,3,11,16,3,11,16,3,5,-8,5,8,FALSE,FALSE
279,59,14,15,3,14,15,3,14,15,3,1,-11,1,11,FALSE,FALSE
279,60,13,13,2,13,13,2,13,13,2,0,-11,0,11,TRUE,FALSE
280,0,138,138,138,138,138,138,138,138,138,0,0,0,0,TRUE,TRUE
280,1,176,171,164,176,171,164,176,171,164,-5,-12,5,12,FALSE,FALSE
280,2,208,216,190,208,216,190,208,216,190,8,-18,8,18,FALSE,FALSE
280,3,239,259,238,239,259,238,239,259,238,20,-1,20,1,FALSE,FALSE
280,4,296,290,275,296,290,275,296,290,275,-6,-21,6,21,FALSE,FALSE
280,5,355,342,335,355,342,335,355,342,335,-13,-20,13,20,FALSE,FALSE
280,6,433,399,411,433,399,411,433,399,411,-34,-22,34,22,FALSE,FALSE
280,7,495,466,487,495,466,487,495,466,487,-29,-8,29,8,FALSE,FALSE
280,8,562,553,572,562,553,572,562,553,572,-9,10,9,10,FALSE,FALSE
280,9,629,626,666,629,626,666,629,626,666,-3,37,3,37,FALSE,FALSE
280,10,728,707,758,728,707,758,728,707,758,-21,30,21,30,FALSE,FALSE
280,11,822,801,800,822,801,800,822,801,800,-21,-22,21,22,FALSE,FALSE
280,12,930,893,901,930,893,901,930,893,901,-37,-29,37,29,FALSE,FALSE
280,13,1039,974,997,1039,974,997,1039,974,997,-65,-42,65,42,FALSE,FALSE
280,14,1145,1055,1096,1145,1055,1096,1145,1055,1096,-90,-49,90,49,FALSE,FALSE
280,15,1205,1103,1188,1205,1103,1188,1205,1103,1188,-102,-17,102,17,FALSE,FALSE
280,16,1255,1171,1252,1255,1171,1252,1255,1171,1252,-84,-3,84,3,FALSE,FALSE
280,17,1258,1220,1289,1258,1220,1289,1258,1220,1289,-38,31,38,31,FALSE,FALSE
280,18,1291,1251,1325,1291,1251,1325,1291,1251,1325,-40,34,40,34,FALSE,FALSE
280,19,1306,1281,1329,1306,1281,1329,1306,1281,1329,-25,23,25,23,FALSE,FALSE
280,20,1313,1274,1314,1313,1274,1314,1313,1274,1314,-39,1,39,1,FALSE,FALSE
280,21,1274,1245,1259,1274,1245,1259,1274,1245,1259,-29,-15,29,15,FALSE,FALSE
280,22,1261,1215,1212,1261,1215,1212,1261,1215,1212,-46,-49,46,49,FALSE,FALSE
280,23,1219,1178,1183,1219,1178,1183,1219,1178,1183,-41,-36,41,36,FALSE,FALSE
280,24,1136,1112,1099,1136,1112,1099,1136,1112,1099,-24,-37,24,37,FALSE,FALSE
280,25,1041,1043,1026,1041,1043,1026,1041,1043,1026,2,-15,2,15,FALSE,FALSE
280,26,949,972,936,949,972,936,949,972,936,23,-13,23,13,FALSE,FALSE
280,27,859,885,837,859,885,837,859,885,837,26,-22,26,22,FALSE,FALSE
280,28,781,818,779,781,818,779,781,818,779,37,-2,37,2,FALSE,FALSE
280,29,748,761,707,748,761,707,748,761,707,13,-41,13,41,FALSE,FALSE
280,30,684,711,631,684,711,631,684,711,631,27,-53,27,53,FALSE,FALSE
280,31,625,645,583,625,645,583,625,645,583,20,-42,20,42,FALSE,FALSE
280,32,581,576,533,581,576,533,581,576,533,-5,-48,5,48,FALSE,FALSE
280,33,529,518,474,529,518,474,529,518,474,-11,-55,11,55,FALSE,FALSE
280,34,516,475,417,516,475,417,516,475,417,-41,-99,41,99,FALSE,FALSE
280,35,436,418,380,436,418,380,436,418,380,-18,-56,18,56,FALSE,FALSE
280,36,391,383,331,391,383,331,391,383,331,-8,-60,8,60,FALSE,FALSE
280,37,341,357,280,341,357,280,341,357,280,16,-61,16,61,FALSE,FALSE
280,38,301,332,250,301,332,250,301,332,250,31,-51,31,51,FALSE,FALSE
280,39,259,292,216,259,292,216,259,292,216,33,-43,33,43,FALSE,FALSE
280,40,231,261,192,231,261,192,231,261,192,30,-39,30,39,FALSE,FALSE
280,41,193,234,181,193,234,181,193,234,181,41,-12,41,12,FALSE,FALSE
280,42,164,199,157,164,199,157,164,199,157,35,-7,35,7,FALSE,FALSE
280,43,142,164,149,142,164,149,142,164,149,22,7,22,7,FALSE,FALSE
280,44,125,160,125,125,160,125,125,160,125,35,0,35,0,FALSE,TRUE
280,45,115,145,107,115,145,107,115,145,107,30,-8,30,8,FALSE,FALSE
280,46,103,135,100,103,135,100,103,135,100,32,-3,32,3,FALSE,FALSE
280,47,89,107,82,89,107,82,89,107,82,18,-7,18,7,FALSE,FALSE
280,48,75,104,81,75,104,81,75,104,81,29,6,29,6,FALSE,FALSE
280,49,67,88,68,67,88,68,67,88,68,21,1,21,1,FALSE,FALSE
280,50,55,69,55,55,69,55,55,69,55,14,0,14,0,FALSE,TRUE
280,51,50,69,43,50,69,43,50,69,43,19,-7,19,7,FALSE,FALSE
280,52,38,62,39,38,62,39,38,62,39,24,1,24,1,FALSE,FALSE
280,53,29,51,33,29,51,33,29,51,33,22,4,22,4,FALSE,FALSE
280,54,23,44,27,23,44,27,23,44,27,21,4,21,4,FALSE,FALSE
280,55,23,37,25,23,37,25,23,37,25,14,2,14,2,FALSE,FALSE
280,56,16,35,22,16,35,22,16,35,22,19,6,19,6,FALSE,FALSE
280,57,13,31,12,13,31,12,13,31,12,18,-1,18,1,FALSE,FALSE
280,58,13,25,8,13,25,8,13,25,8,12,-5,12,5,FALSE,FALSE
280,59,11,22,6,11,22,6,11,22,6,11,-5,11,5,FALSE,FALSE
280,60,11,21,5,11,21,5,11,21,5,10,-6,10,6,FALSE,FALSE
281,0,55,55,55,55,55,55,55,55,55,0,0,0,0,TRUE,TRUE
281,1,60,59,62,60,59,62,60,59,62,-1,2,1,2,FALSE,FALSE
281,2,65,64,72,65,64,72,65,64,72,-1,7,1,7,FALSE,FALSE
281,3,69,66,90,69,66,90,69,66,90,-3,21,3,21,FALSE,FALSE
281,4,78,68,94,78,68,94,78,68,94,-10,16,10,16,FALSE,FALSE
281,5,81,65,100,81,65,100,81,65,100,-16,19,16,19,FALSE,FALSE
281,6,93,68,106,93,68,106,93,68,106,-25,13,25,13,FALSE,FALSE
281,7,90,62,111,90,62,111,90,62,111,-28,21,28,21,FALSE,FALSE
281,8,101,69,131,101,69,131,101,69,131,-32,30,32,30,FALSE,FALSE
281,9,108,78,142,108,78,142,108,78,142,-30,34,30,34,FALSE,FALSE
281,10,121,91,155,121,91,155,121,91,155,-30,34,30,34,FALSE,FALSE
281,11,136,103,159,136,103,159,136,103,159,-33,23,33,23,FALSE,FALSE
281,12,153,114,179,153,114,179,153,114,179,-39,26,39,26,FALSE,FALSE
281,13,159,118,191,159,118,191,159,118,191,-41,32,41,32,FALSE,FALSE
281,14,164,131,208,164,131,208,164,131,208,-33,44,33,44,FALSE,FALSE
281,15,191,151,235,191,151,235,191,151,235,-40,44,40,44,FALSE,FALSE
281,16,203,164,253,203,164,253,203,164,253,-39,50,39,50,FALSE,FALSE
281,17,229,176,277,229,176,277,229,176,277,-53,48,53,48,FALSE,FALSE
281,18,250,191,288,250,191,288,250,191,288,-59,38,59,38,FALSE,FALSE
281,19,254,205,323,254,205,323,254,205,323,-49,69,49,69,FALSE,FALSE
281,20,277,217,344,277,217,344,277,217,344,-60,67,60,67,FALSE,FALSE
281,21,304,226,366,304,226,366,304,226,366,-78,62,78,62,FALSE,FALSE
281,22,327,249,408,327,249,408,327,249,408,-78,81,78,81,FALSE,FALSE
281,23,341,267,426,341,267,426,341,267,426,-74,85,74,85,FALSE,FALSE
281,24,359,275,460,359,275,460,359,275,460,-84,101,84,101,FALSE,FALSE
281,25,363,293,471,363,293,471,363,293,471,-70,108,70,108,FALSE,FALSE
281,26,385,307,523,385,307,523,385,307,523,-78,138,78,138,FALSE,FALSE
281,27,415,345,567,415,345,567,415,345,567,-70,152,70,152,FALSE,FALSE
281,28,449,372,575,449,372,575,449,372,575,-77,126,77,126,FALSE,FALSE
281,29,459,403,613,459,403,613,459,403,613,-56,154,56,154,FALSE,FALSE
281,30,498,426,650,498,426,650,498,426,650,-72,152,72,152,FALSE,FALSE
281,31,514,447,699,514,447,699,514,447,699,-67,185,67,185,FALSE,FALSE
281,32,538,460,721,538,460,721,538,460,721,-78,183,78,183,FALSE,FALSE
281,33,545,493,753,545,493,753,545,493,753,-52,208,52,208,FALSE,FALSE
281,34,553,512,796,553,512,796,553,512,796,-41,243,41,243,FALSE,FALSE
281,35,570,498,819,570,498,819,570,498,819,-72,249,72,249,FALSE,FALSE
281,36,606,522,822,606,522,822,606,522,822,-84,216,84,216,FALSE,FALSE
281,37,601,534,849,601,534,849,601,534,849,-67,248,67,248,FALSE,FALSE
281,38,613,559,878,613,559,878,613,559,878,-54,265,54,265,FALSE,FALSE
281,39,621,580,910,621,580,910,621,580,910,-41,289,41,289,FALSE,FALSE
281,40,629,598,928,629,598,928,629,598,928,-31,299,31,299,FALSE,FALSE
281,41,655,627,949,655,627,949,655,627,949,-28,294,28,294,FALSE,FALSE
281,42,694,654,942,694,654,942,694,654,942,-40,248,40,248,FALSE,FALSE
281,43,710,665,949,710,665,949,710,665,949,-45,239,45,239,FALSE,FALSE
281,44,719,708,925,719,708,925,719,708,925,-11,206,11,206,FALSE,FALSE
281,45,730,727,916,730,727,916,730,727,916,-3,186,3,186,FALSE,FALSE
281,46,729,731,883,729,731,883,729,731,883,2,154,2,154,FALSE,FALSE
281,47,726,717,881,726,717,881,726,717,881,-9,155,9,155,FALSE,FALSE
281,48,741,728,870,741,728,870,741,728,870,-13,129,13,129,FALSE,FALSE
281,49,725,726,883,725,726,883,725,726,883,1,158,1,158,FALSE,FALSE
281,50,707,741,863,707,741,863,707,741,863,34,156,34,156,FALSE,FALSE
281,51,720,731,829,720,731,829,720,731,829,11,109,11,109,FALSE,FALSE
281,52,745,740,804,745,740,804,745,740,804,-5,59,5,59,FALSE,FALSE
281,53,764,748,771,764,748,771,764,748,771,-16,7,16,7,FALSE,FALSE
281,54,765,748,765,765,748,765,765,748,765,-17,0,17,0,FALSE,TRUE
281,55,788,740,744,788,740,744,788,740,744,-48,-44,48,44,FALSE,FALSE
281,56,774,743,711,774,743,711,774,743,711,-31,-63,31,63,FALSE,FALSE
281,57,761,723,681,761,723,681,761,723,681,-38,-80,38,80,FALSE,FALSE
281,58,744,707,664,744,707,664,744,707,664,-37,-80,37,80,FALSE,FALSE
281,59,724,699,635,724,699,635,724,699,635,-25,-89,25,89,FALSE,FALSE
281,60,706,704,614,706,704,614,706,704,614,-2,-92,2,92,FALSE,FALSE
282,0,158,158,158,158,158,158,158,158,158,0,0,0,0,TRUE,TRUE
282,1,174,187,192,174,187,192,174,187,192,13,18,13,18,FALSE,FALSE
282,2,205,219,217,205,219,217,205,219,217,14,12,14,12,FALSE,FALSE
282,3,231,255,261,231,255,261,231,255,261,24,30,24,30,FALSE,FALSE
282,4,269,294,309,269,294,309,269,294,309,25,40,25,40,FALSE,FALSE
282,5,304,324,343,304,324,343,304,324,343,20,39,20,39,FALSE,FALSE
282,6,339,376,390,339,376,390,339,376,390,37,51,37,51,FALSE,FALSE
282,7,388,420,471,388,420,471,388,420,471,32,83,32,83,FALSE,FALSE
282,8,455,485,521,455,485,521,455,485,521,30,66,30,66,FALSE,FALSE
282,9,518,550,580,518,550,580,518,550,580,32,62,32,62,FALSE,FALSE
282,10,604,612,631,604,612,631,604,612,631,8,27,8,27,FALSE,FALSE
282,11,669,687,708,669,687,708,669,687,708,18,39,18,39,FALSE,FALSE
282,12,737,769,824,737,769,824,737,769,824,32,87,32,87,FALSE,FALSE
282,13,833,870,924,833,870,924,833,870,924,37,91,37,91,FALSE,FALSE
282,14,922,925,1046,922,925,1046,922,925,1046,3,124,3,124,FALSE,FALSE
282,15,1008,1027,1122,1008,1027,1122,1008,1027,1122,19,114,19,114,FALSE,FALSE
282,16,1107,1118,1229,1107,1118,1229,1107,1118,1229,11,122,11,122,FALSE,FALSE
282,17,1194,1217,1326,1194,1217,1326,1194,1217,1326,23,132,23,132,FALSE,FALSE
282,18,1309,1300,1432,1309,1300,1432,1309,1300,1432,-9,123,9,123,FALSE,FALSE
282,19,1389,1400,1559,1389,1400,1559,1389,1400,1559,11,170,11,170,FALSE,FALSE
282,20,1447,1441,1678,1447,1441,1678,1447,1441,1678,-6,231,6,231,FALSE,FALSE
282,21,1536,1516,1788,1536,1516,1788,1536,1516,1788,-20,252,20,252,FALSE,FALSE
282,22,1565,1562,1855,1565,1562,1855,1565,1562,1855,-3,290,3,290,FALSE,FALSE
282,23,1651,1647,1904,1651,1647,1904,1651,1647,1904,-4,253,4,253,FALSE,FALSE
282,24,1667,1666,1941,1667,1666,1941,1667,1666,1941,-1,274,1,274,FALSE,FALSE
282,25,1735,1674,1978,1735,1674,1978,1735,1674,1978,-61,243,61,243,FALSE,FALSE
282,26,1749,1666,1976,1749,1666,1976,1749,1666,1976,-83,227,83,227,FALSE,FALSE
282,27,1739,1666,1946,1739,1666,1946,1739,1666,1946,-73,207,73,207,FALSE,FALSE
282,28,1757,1651,1895,1757,1651,1895,1757,1651,1895,-106,138,106,138,FALSE,FALSE
282,29,1765,1649,1864,1765,1649,1864,1765,1649,1864,-116,99,116,99,FALSE,FALSE
282,30,1754,1625,1840,1754,1625,1840,1754,1625,1840,-129,86,129,86,FALSE,FALSE
282,31,1761,1598,1791,1761,1598,1791,1761,1598,1791,-163,30,163,30,FALSE,FALSE
282,32,1733,1542,1718,1733,1542,1718,1733,1542,1718,-191,-15,191,15,FALSE,FALSE
282,33,1692,1472,1709,1692,1472,1709,1692,1472,1709,-220,17,220,17,FALSE,FALSE
282,34,1669,1418,1638,1669,1418,1638,1669,1418,1638,-251,-31,251,31,FALSE,FALSE
282,35,1621,1345,1560,1621,1345,1560,1621,1345,1560,-276,-61,276,61,FALSE,FALSE
282,36,1527,1303,1501,1527,1303,1501,1527,1303,1501,-224,-26,224,26,FALSE,FALSE
282,37,1457,1232,1417,1457,1232,1417,1457,1232,1417,-225,-40,225,40,FALSE,FALSE
282,38,1373,1180,1314,1373,1180,1314,1373,1180,1314,-193,-59,193,59,FALSE,FALSE
282,39,1302,1136,1244,1302,1136,1244,1302,1136,1244,-166,-58,166,58,FALSE,FALSE
282,40,1220,1074,1174,1220,1074,1174,1220,1074,1174,-146,-46,146,46,FALSE,FALSE
282,41,1168,1020,1081,1168,1020,1081,1168,1020,1081,-148,-87,148,87,FALSE,FALSE
282,42,1086,955,1015,1086,955,1015,1086,955,1015,-131,-71,131,71,FALSE,FALSE
282,43,1011,920,966,1011,920,966,1011,920,966,-91,-45,91,45,FALSE,FALSE
282,44,934,843,881,934,843,881,934,843,881,-91,-53,91,53,FALSE,FALSE
282,45,860,784,815,860,784,815,860,784,815,-76,-45,76,45,FALSE,FALSE
282,46,824,734,742,824,734,742,824,734,742,-90,-82,90,82,FALSE,FALSE
282,47,777,687,674,777,687,674,777,687,674,-90,-103,90,103,FALSE,FALSE
282,48,723,644,633,723,644,633,723,644,633,-79,-90,79,90,FALSE,FALSE
282,49,683,596,573,683,596,573,683,596,573,-87,-110,87,110,FALSE,FALSE
282,50,638,561,520,638,561,520,638,561,520,-77,-118,77,118,FALSE,FALSE
282,51,605,526,483,605,526,483,605,526,483,-79,-122,79,122,FALSE,FALSE
282,52,564,483,442,564,483,442,564,483,442,-81,-122,81,122,FALSE,FALSE
282,53,529,430,422,529,430,422,529,430,422,-99,-107,99,107,FALSE,FALSE
282,54,487,412,391,487,412,391,487,412,391,-75,-96,75,96,FALSE,FALSE
282,55,460,379,362,460,379,362,460,379,362,-81,-98,81,98,FALSE,FALSE
282,56,412,349,335,412,349,335,412,349,335,-63,-77,63,77,FALSE,FALSE
282,57,385,324,319,385,324,319,385,324,319,-61,-66,61,66,FALSE,FALSE
282,58,363,288,290,363,288,290,363,288,290,-75,-73,75,73,FALSE,FALSE
282,59,338,271,261,338,271,261,338,271,261,-67,-77,67,77,FALSE,FALSE
282,60,316,249,238,316,249,238,316,249,238,-67,-78,67,78,FALSE,FALSE
283,0,86,86,86,86,86,86,86,86,86,0,0,0,0,TRUE,TRUE
283,1,122,128,142,122,128,142,122,128,142,6,20,6,20,FALSE,FALSE
283,2,161,178,204,161,178,204,161,178,204,17,43,17,43,FALSE,FALSE
283,3,260,273,303,260,273,303,260,273,303,13,43,13,43,FALSE,FALSE
283,4,401,418,448,401,418,448,401,418,448,17,47,17,47,FALSE,FALSE
283,5,598,625,646,598,625,646,598,625,646,27,48,27,48,FALSE,FALSE
283,6,855,912,931,855,912,931,855,912,931,57,76,57,76,FALSE,FALSE
283,7,1198,1310,1288,1198,1310,1288,1198,1310,1288,112,90,112,90,FALSE,FALSE
283,8,1601,1780,1730,1601,1780,1730,1601,1780,1730,179,129,179,129,FALSE,FALSE
283,9,2082,2336,2308,2082,2336,2308,2082,2336,2308,254,226,254,226,FALSE,FALSE
283,10,2664,2830,2910,2664,2830,2910,2664,2830,2910,166,246,166,246,FALSE,FALSE
283,11,3186,3292,3459,3186,3292,3459,3186,3292,3459,106,273,106,273,FALSE,FALSE
283,12,3616,3636,3910,3616,3636,3910,3616,3636,3910,20,294,20,294,FALSE,FALSE
283,13,3906,3905,4109,3906,3905,4109,3906,3905,4109,-1,203,1,203,FALSE,FALSE
283,14,3990,3885,4095,3990,3885,4095,3990,3885,4095,-105,105,105,105,FALSE,FALSE
283,15,3906,3772,3905,3906,3772,3905,3906,3772,3905,-134,-1,134,1,FALSE,FALSE
283,16,3695,3539,3619,3695,3539,3619,3695,3539,3619,-156,-76,156,76,FALSE,FALSE
283,17,3366,3236,3267,3366,3236,3267,3366,3236,3267,-130,-99,130,99,FALSE,FALSE
283,18,3013,2939,2889,3013,2939,2889,3013,2939,2889,-74,-124,74,124,FALSE,FALSE
283,19,2687,2608,2551,2687,2608,2551,2687,2608,2551,-79,-136,79,136,FALSE,FALSE
283,20,2379,2285,2231,2379,2285,2231,2379,2285,2231,-94,-148,94,148,FALSE,FALSE
283,21,2074,2033,1921,2074,2033,1921,2074,2033,1921,-41,-153,41,153,FALSE,FALSE
283,22,1806,1764,1649,1806,1764,1649,1806,1764,1649,-42,-157,42,157,FALSE,FALSE
283,23,1544,1530,1408,1544,1530,1408,1544,1530,1408,-14,-136,14,136,FALSE,FALSE
283,24,1364,1386,1231,1364,1386,1231,1364,1386,1231,22,-133,22,133,FALSE,FALSE
283,25,1173,1208,1045,1173,1208,1045,1173,1208,1045,35,-128,35,128,FALSE,FALSE
283,26,996,1028,890,996,1028,890,996,1028,890,32,-106,32,106,FALSE,FALSE
283,27,870,867,759,870,867,759,870,867,759,-3,-111,3,111,FALSE,FALSE
283,28,735,727,664,735,727,664,735,727,664,-8,-71,8,71,FALSE,FALSE
283,29,621,605,569,621,605,569,621,605,569,-16,-52,16,52,FALSE,FALSE
283,30,524,521,483,524,521,483,524,521,483,-3,-41,3,41,FALSE,FALSE
283,31,458,449,412,458,449,412,458,449,412,-9,-46,9,46,FALSE,FALSE
283,32,367,370,343,367,370,343,367,370,343,3,-24,3,24,FALSE,FALSE
283,33,303,307,291,303,307,291,303,307,291,4,-12,4,12,FALSE,FALSE
283,34,261,259,253,261,259,253,261,259,253,-2,-8,2,8,FALSE,FALSE
283,35,224,229,216,224,229,216,224,229,216,5,-8,5,8,FALSE,FALSE
283,36,188,191,179,188,191,179,188,191,179,3,-9,3,9,FALSE,FALSE
283,37,166,158,152,166,158,152,166,158,152,-8,-14,8,14,FALSE,FALSE
283,38,136,138,136,136,138,136,136,138,136,2,0,2,0,FALSE,TRUE
283,39,114,118,111,114,118,111,114,118,111,4,-3,4,3,FALSE,FALSE
283,40,98,101,99,98,101,99,98,101,99,3,1,3,1,FALSE,FALSE
283,41,80,89,78,80,89,78,80,89,78,9,-2,9,2,FALSE,FALSE
283,42,67,74,67,67,74,67,67,74,67,7,0,7,0,FALSE,TRUE
283,43,62,61,63,62,61,63,62,61,63,-1,1,1,1,FALSE,FALSE
283,44,56,45,54,56,45,54,56,45,54,-11,-2,11,2,FALSE,FALSE
283,45,49,36,47,49,36,47,49,36,47,-13,-2,13,2,FALSE,FALSE
283,46,39,29,44,39,29,44,39,29,44,-10,5,10,5,FALSE,FALSE
283,47,35,24,38,35,24,38,35,24,38,-11,3,11,3,FALSE,FALSE
283,48,32,19,34,32,19,34,32,19,34,-13,2,13,2,FALSE,FALSE
283,49,29,18,30,29,18,30,29,18,30,-11,1,11,1,FALSE,FALSE
283,50,24,17,23,24,17,23,24,17,23,-7,-1,7,1,FALSE,FALSE
283,51,17,12,20,17,12,20,17,12,20,-5,3,5,3,FALSE,FALSE
283,52,13,10,19,13,10,19,13,10,19,-3,6,3,6,FALSE,FALSE
283,53,13,9,18,13,9,18,13,9,18,-4,5,4,5,FALSE,FALSE
283,54,14,8,15,14,8,15,14,8,15,-6,1,6,1,FALSE,FALSE
283,55,12,7,12,12,7,12,12,7,12,-5,0,5,0,FALSE,TRUE
283,56,10,7,9,10,7,9,10,7,9,-3,-1,3,1,FALSE,FALSE
283,57,8,7,7,8,7,7,8,7,7,-1,-1,1,1,FALSE,FALSE
283,58,8,4,5,8,4,5,8,4,5,-4,-3,4,3,FALSE,FALSE
283,59,5,4,3,5,4,3,5,4,3,-1,-2,1,2,FALSE,FALSE
283,60,4,1,2,4,1,2,4,1,2,-3,-2,3,2,FALSE,FALSE
284,0,134,134,134,134,134,134,134,134,134,0,0,0,0,TRUE,TRUE
284,1,207,198,200,207,198,200,207,198,200,-9,-7,9,7,FALSE,FALSE
284,2,292,277,315,292,277,315,292,277,315,-15,23,15,23,FALSE,FALSE
284,3,417,351,444,417,351,444,417,351,444,-66,27,66,27,FALSE,FALSE
284,4,594,489,613,594,489,613,594,489,613,-105,19,105,19,FALSE,FALSE
284,5,800,643,885,800,643,885,800,643,885,-157,85,157,85,FALSE,FALSE
284,6,1071,828,1193,1071,828,1193,1071,828,1193,-243,122,243,122,FALSE,FALSE
284,7,1378,1054,1587,1378,1054,1587,1378,1054,1587,-324,209,324,209,FALSE,FALSE
284,8,1655,1379,1946,1655,1379,1946,1655,1379,1946,-276,291,276,291,FALSE,FALSE
284,9,1989,1669,2250,1989,1669,2250,1989,1669,2250,-320,261,320,261,FALSE,FALSE
284,10,2215,1942,2510,2215,1942,2510,2215,1942,2510,-273,295,273,295,FALSE,FALSE
284,11,2367,2161,2599,2367,2161,2599,2367,2161,2599,-206,232,206,232,FALSE,FALSE
284,12,2425,2284,2602,2425,2284,2602,2425,2284,2602,-141,177,141,177,FALSE,FALSE
284,13,2358,2294,2495,2358,2294,2495,2358,2294,2495,-64,137,64,137,FALSE,FALSE
284,14,2272,2301,2288,2272,2301,2288,2272,2301,2288,29,16,29,16,FALSE,FALSE
284,15,2146,2195,2114,2146,2195,2114,2146,2195,2114,49,-32,49,32,FALSE,FALSE
284,16,1902,1971,1853,1902,1971,1853,1902,1971,1853,69,-49,69,49,FALSE,FALSE
284,17,1686,1812,1613,1686,1812,1613,1686,1812,1613,126,-73,126,73,FALSE,FALSE
284,18,1505,1560,1426,1505,1560,1426,1505,1560,1426,55,-79,55,79,FALSE,FALSE
284,19,1286,1381,1235,1286,1381,1235,1286,1381,1235,95,-51,95,51,FALSE,FALSE
284,20,1116,1187,1048,1116,1187,1048,1116,1187,1048,71,-68,71,68,FALSE,FALSE
284,21,927,997,852,927,997,852,927,997,852,70,-75,70,75,FALSE,FALSE
284,22,791,840,701,791,840,701,791,840,701,49,-90,49,90,FALSE,FALSE
284,23,657,735,575,657,735,575,657,735,575,78,-82,78,82,FALSE,FALSE
284,24,555,639,473,555,639,473,555,639,473,84,-82,84,82,FALSE,FALSE
284,25,473,534,393,473,534,393,473,534,393,61,-80,61,80,FALSE,FALSE
284,26,388,438,331,388,438,331,388,438,331,50,-57,50,57,FALSE,FALSE
284,27,318,365,271,318,365,271,318,365,271,47,-47,47,47,FALSE,FALSE
284,28,251,289,227,251,289,227,251,289,227,38,-24,38,24,FALSE,FALSE
284,29,193,250,178,193,250,178,193,250,178,57,-15,57,15,FALSE,FALSE
284,30,161,210,142,161,210,142,161,210,142,49,-19,49,19,FALSE,FALSE
284,31,141,184,112,141,184,112,141,184,112,43,-29,43,29,FALSE,FALSE
284,32,119,161,89,119,161,89,119,161,89,42,-30,42,30,FALSE,FALSE
284,33,97,126,74,97,126,74,97,126,74,29,-23,29,23,FALSE,FALSE
284,34,82,103,60,82,103,60,82,103,60,21,-22,21,22,FALSE,FALSE
284,35,70,90,47,70,90,47,70,90,47,20,-23,20,23,FALSE,FALSE
284,36,56,79,40,56,79,40,56,79,40,23,-16,23,16,FALSE,FALSE
284,37,46,68,32,46,68,32,46,68,32,22,-14,22,14,FALSE,FALSE
284,38,38,59,28,38,59,28,38,59,28,21,-10,21,10,FALSE,FALSE
284,39,33,48,21,33,48,21,33,48,21,15,-12,15,12,FALSE,FALSE
284,40,23,35,18,23,35,18,23,35,18,12,-5,12,5,FALSE,FALSE
284,41,21,34,18,21,34,18,21,34,18,13,-3,13,3,FALSE,FALSE
284,42,16,34,15,16,34,15,16,34,15,18,-1,18,1,FALSE,FALSE
284,43,14,24,12,14,24,12,14,24,12,10,-2,10,2,FALSE,FALSE
284,44,14,20,9,14,20,9,14,20,9,6,-5,6,5,FALSE,FALSE
284,45,12,13,6,12,13,6,12,13,6,1,-6,1,6,FALSE,FALSE
284,46,10,10,5,10,10,5,10,10,5,0,-5,0,5,TRUE,FALSE
284,47,9,8,3,9,8,3,9,8,3,-1,-6,1,6,FALSE,FALSE
284,48,6,8,3,6,8,3,6,8,3,2,-3,2,3,FALSE,FALSE
284,49,5,6,2,5,6,2,5,6,2,1,-3,1,3,FALSE,FALSE
284,50,3,6,1,3,6,1,3,6,1,3,-2,3,2,FALSE,FALSE
284,51,2,5,1,2,5,1,2,5,1,3,-1,3,1,FALSE,FALSE
284,52,2,4,1,2,4,1,2,4,1,2,-1,2,1,FALSE,FALSE
284,53,3,3,1,3,3,1,3,3,1,0,-2,0,2,TRUE,FALSE
284,54,3,2,1,3,2,1,3,2,1,-1,-2,1,2,FALSE,FALSE
284,55,4,2,1,4,2,1,4,2,1,-2,-3,2,3,FALSE,FALSE
284,56,3,2,1,3,2,1,3,2,1,-1,-2,1,2,FALSE,FALSE
284,57,1,2,1,1,2,1,1,2,1,1,0,1,0,FALSE,TRUE
284,58,1,2,1,1,2,1,1,2,1,1,0,1,0,FALSE,TRUE
284,59,1,2,1,1,2,1,1,2,1,1,0,1,0,FALSE,TRUE
284,60,1,2,1,1,2,1,1,2,1,1,0,1,0,FALSE,TRUE
285,0,85,85,85,85,85,85,85,85,85,0,0,0,0,TRUE,TRUE
285,1,129,126,132,129,126,132,129,126,132,-3,3,3,3,FALSE,FALSE
285,2,218,206,220,218,206,220,218,206,220,-12,2,12,2,FALSE,FALSE
285,3,337,328,315,337,328,315,337,328,315,-9,-22,9,22,FALSE,FALSE
285,4,520,497,463,520,497,463,520,497,463,-23,-57,23,57,FALSE,FALSE
285,5,735,684,654,735,684,654,735,684,654,-51,-81,51,81,FALSE,FALSE
285,6,1000,926,928,1000,926,928,1000,926,928,-74,-72,74,72,FALSE,FALSE
285,7,1271,1236,1231,1271,1236,1231,1271,1236,1231,-35,-40,35,40,FALSE,FALSE
285,8,1536,1515,1487,1536,1515,1487,1536,1515,1487,-21,-49,21,49,FALSE,FALSE
285,9,1706,1698,1681,1706,1698,1681,1706,1698,1681,-8,-25,8,25,FALSE,FALSE
285,10,1858,1844,1786,1858,1844,1786,1858,1844,1786,-14,-72,14,72,FALSE,FALSE
285,11,1860,1838,1802,1860,1838,1802,1860,1838,1802,-22,-58,22,58,FALSE,FALSE
285,12,1767,1754,1716,1767,1754,1716,1767,1754,1716,-13,-51,13,51,FALSE,FALSE
285,13,1549,1639,1580,1549,1639,1580,1549,1639,1580,90,31,90,31,FALSE,FALSE
285,14,1347,1452,1437,1347,1452,1437,1347,1452,1437,105,90,105,90,FALSE,FALSE
285,15,1150,1255,1253,1150,1255,1253,1150,1255,1253,105,103,105,103,FALSE,FALSE
285,16,972,1053,1057,972,1053,1057,972,1053,1057,81,85,81,85,FALSE,FALSE
285,17,828,895,896,828,895,896,828,895,896,67,68,67,68,FALSE,FALSE
285,18,661,762,722,661,762,722,661,762,722,101,61,101,61,FALSE,FALSE
285,19,543,643,572,543,643,572,543,643,572,100,29,100,29,FALSE,FALSE
285,20,441,532,476,441,532,476,441,532,476,91,35,91,35,FALSE,FALSE
285,21,343,430,392,343,430,392,343,430,392,87,49,87,49,FALSE,FALSE
285,22,289,340,325,289,340,325,289,340,325,51,36,51,36,FALSE,FALSE
285,23,228,276,263,228,276,263,228,276,263,48,35,48,35,FALSE,FALSE
285,24,204,211,225,204,211,225,204,211,225,7,21,7,21,FALSE,FALSE
285,25,166,185,176,166,185,176,166,185,176,19,10,19,10,FALSE,FALSE
285,26,139,155,145,139,155,145,139,155,145,16,6,16,6,FALSE,FALSE
285,27,119,136,120,119,136,120,119,136,120,17,1,17,1,FALSE,FALSE
285,28,91,113,97,91,113,97,91,113,97,22,6,22,6,FALSE,FALSE
285,29,81,89,71,81,89,71,81,89,71,8,-10,8,10,FALSE,FALSE
285,30,71,60,57,71,60,57,71,60,57,-11,-14,11,14,FALSE,FALSE
285,31,58,51,47,58,51,47,58,51,47,-7,-11,7,11,FALSE,FALSE
285,32,49,40,34,49,40,34,49,40,34,-9,-15,9,15,FALSE,FALSE
285,33,31,38,32,31,38,32,31,38,32,7,1,7,1,FALSE,FALSE
285,34,26,29,27,26,29,27,26,29,27,3,1,3,1,FALSE,FALSE
285,35,20,24,27,20,24,27,20,24,27,4,7,4,7,FALSE,FALSE
285,36,20,20,21,20,20,21,20,20,21,0,1,0,1,TRUE,FALSE
285,37,16,17,17,16,17,17,16,17,17,1,1,1,1,FALSE,FALSE
285,38,13,11,18,13,11,18,13,11,18,-2,5,2,5,FALSE,FALSE
285,39,8,7,14,8,7,14,8,7,14,-1,6,1,6,FALSE,FALSE
285,40,6,7,14,6,7,14,6,7,14,1,8,1,8,FALSE,FALSE
285,41,5,5,11,5,5,11,5,5,11,0,6,0,6,TRUE,FALSE
285,42,5,5,10,5,5,10,5,5,10,0,5,0,5,TRUE,FALSE
285,43,6,4,9,6,4,9,6,4,9,-2,3,2,3,FALSE,FALSE
285,44,4,3,8,4,3,8,4,3,8,-1,4,1,4,FALSE,FALSE
285,45,3,3,6,3,3,6,3,3,6,0,3,0,3,TRUE,FALSE
285,46,2,3,5,2,3,5,2,3,5,1,3,1,3,FALSE,FALSE
285,47,2,4,5,2,4,5,2,4,5,2,3,2,3,FALSE,FALSE
285,48,2,3,4,2,3,4,2,3,4,1,2,1,2,FALSE,FALSE
285,49,3,2,3,3,2,3,3,2,3,-1,0,1,0,FALSE,TRUE
285,50,2,2,3,2,2,3,2,2,3,0,1,0,1,TRUE,FALSE
285,51,1,2,3,1,2,3,1,2,3,1,2,1,2,FALSE,FALSE
285,52,1,2,3,1,2,3,1,2,3,1,2,1,2,FALSE,FALSE
285,53,1,2,2,1,2,2,1,2,2,1,1,1,1,FALSE,FALSE
285,54,1,2,2,1,2,2,1,2,2,1,1,1,1,FALSE,FALSE
285,55,0,2,2,0,2,2,0,2,2,2,2,2,2,FALSE,FALSE
285,56,0,1,1,0,1,1,0,1,1,1,1,1,1,FALSE,FALSE
285,57,0,0,1,0,0,1,0,0,1,0,1,0,1,TRUE,FALSE
285,58,0,0,1,0,0,1,0,0,1,0,1,0,1,TRUE,FALSE
285,59,0,0,1,0,0,1,0,0,1,0,1,0,1,TRUE,FALSE
285,60,0,0,1,0,0,1,0,0,1,0,1,0,1,TRUE,FALSE
286,0,84,84,84,84,84,84,84,84,84,0,0,0,0,TRUE,TRUE
286,1,137,83,141,137,83,141,137,83,141,-54,4,54,4,FALSE,FALSE
286,2,195,95,223,195,95,223,195,95,223,-100,28,100,28,FALSE,FALSE
286,3,318,102,336,318,102,336,318,102,336,-216,18,216,18,FALSE,FALSE
286,4,469,109,493,469,109,493,469,109,493,-360,24,360,24,FALSE,FALSE
286,5,673,102,733,673,102,733,673,102,733,-571,60,571,60,FALSE,FALSE
286,6,915,107,1034,915,107,1034,915,107,1034,-808,119,808,119,FALSE,FALSE
286,7,1189,101,1337,1189,101,1337,1189,101,1337,-1088,148,1088,148,FALSE,FALSE
286,8,1429,108,1649,1429,108,1649,1429,108,1649,-1321,220,1321,220,FALSE,FALSE
286,9,1669,120,1847,1669,120,1847,1669,120,1847,-1549,178,1549,178,FALSE,FALSE
286,10,1784,121,1919,1784,121,1919,1784,121,1919,-1663,135,1663,135,FALSE,FALSE
286,11,1808,116,1793,1808,116,1793,1808,116,1793,-1692,-15,1692,15,FALSE,FALSE
286,12,1684,125,1650,1684,125,1650,1684,125,1650,-1559,-34,1559,34,FALSE,FALSE
286,13,1482,126,1408,1482,126,1408,1482,126,1408,-1356,-74,1356,74,FALSE,FALSE
286,14,1256,130,1173,1256,130,1173,1256,130,1173,-1126,-83,1126,83,FALSE,FALSE
286,15,1083,126,987,1083,126,987,1083,126,987,-957,-96,957,96,FALSE,FALSE
286,16,907,129,819,907,129,819,907,129,819,-778,-88,778,88,FALSE,FALSE
286,17,770,133,658,770,133,658,770,133,658,-637,-112,637,112,FALSE,FALSE
286,18,615,138,545,615,138,545,615,138,545,-477,-70,477,70,FALSE,FALSE
286,19,502,143,417,502,143,417,502,143,417,-359,-85,359,85,FALSE,FALSE
286,20,413,143,337,413,143,337,413,143,337,-270,-76,270,76,FALSE,FALSE
286,21,317,144,264,317,144,264,317,144,264,-173,-53,173,53,FALSE,FALSE
286,22,248,137,203,248,137,203,248,137,203,-111,-45,111,45,FALSE,FALSE
286,23,195,140,163,195,140,163,195,140,163,-55,-32,55,32,FALSE,FALSE
286,24,140,141,133,140,141,133,140,141,133,1,-7,1,7,FALSE,FALSE
286,25,110,144,107,110,144,107,110,144,107,34,-3,34,3,FALSE,FALSE
286,26,91,155,86,91,155,86,91,155,86,64,-5,64,5,FALSE,FALSE
286,27,66,151,63,66,151,63,66,151,63,85,-3,85,3,FALSE,FALSE
286,28,51,153,49,51,153,49,51,153,49,102,-2,102,2,FALSE,FALSE
286,29,39,153,37,39,153,37,39,153,37,114,-2,114,2,FALSE,FALSE
286,30,29,164,36,29,164,36,29,164,36,135,7,135,7,FALSE,FALSE
286,31,19,173,26,19,173,26,19,173,26,154,7,154,7,FALSE,FALSE
286,32,15,180,23,15,180,23,15,180,23,165,8,165,8,FALSE,FALSE
286,33,12,182,18,12,182,18,12,182,18,170,6,170,6,FALSE,FALSE
286,34,12,186,16,12,186,16,12,186,16,174,4,174,4,FALSE,FALSE
286,35,10,179,12,10,179,12,10,179,12,169,2,169,2,FALSE,FALSE
286,36,9,176,9,9,176,9,9,176,9,167,0,167,0,FALSE,TRUE
286,37,6,185,6,6,185,6,6,185,6,179,0,179,0,FALSE,TRUE
286,38,3,184,7,3,184,7,3,184,7,181,4,181,4,FALSE,FALSE
286,39,3,189,4,3,189,4,3,189,4,186,1,186,1,FALSE,FALSE
286,40,3,198,3,3,198,3,3,198,3,195,0,195,0,FALSE,TRUE
286,41,3,198,3,3,198,3,3,198,3,195,0,195,0,FALSE,TRUE
286,42,3,191,3,3,191,3,3,191,3,188,0,188,0,FALSE,TRUE
286,43,3,192,2,3,192,2,3,192,2,189,-1,189,1,FALSE,FALSE
286,44,1,199,2,1,199,2,1,199,2,198,1,198,1,FALSE,FALSE
286,45,0,202,1,0,202,1,0,202,1,202,1,202,1,FALSE,FALSE
286,46,0,190,1,0,190,1,0,190,1,190,1,190,1,FALSE,FALSE
286,47,0,199,1,0,199,1,0,199,1,199,1,199,1,FALSE,FALSE
286,48,0,197,1,0,197,1,0,197,1,197,1,197,1,FALSE,FALSE
286,49,0,169,1,0,169,1,0,169,1,169,1,169,1,FALSE,FALSE
286,50,0,165,1,0,165,1,0,165,1,165,1,165,1,FALSE,FALSE
286,51,0,163,0,0,163,0,0,163,0,163,0,163,0,FALSE,TRUE
286,52,0,170,0,0,170,0,0,170,0,170,0,170,0,FALSE,TRUE
286,53,0,164,0,0,164,0,0,164,0,164,0,164,0,FALSE,TRUE
286,54,0,162,0,0,162,0,0,162,0,162,0,162,0,FALSE,TRUE
286,55,0,148,0,0,148,0,0,148,0,148,0,148,0,FALSE,TRUE
286,56,0,146,0,0,146,0,0,146,0,146,0,146,0,FALSE,TRUE
286,57,0,137,0,0,137,0,0,137,0,137,0,137,0,FALSE,TRUE
286,58,0,130,0,0,130,0,0,130,0,130,0,130,0,FALSE,TRUE
286,59,0,128,0,0,128,0,0,128,0,128,0,128,0,FALSE,TRUE
286,60,0,124,0,0,124,0,0,124,0,124,0,124,0,FALSE,TRUE
287,0,129,129,129,129,129,129,129,129,129,0,0,0,0,TRUE,TRUE
287,1,197,203,198,197,203,198,197,203,198,6,1,6,1,FALSE,FALSE
287,2,303,291,328,303,291,328,303,291,328,-12,25,12,25,FALSE,FALSE
287,3,451,426,485,451,426,485,451,426,485,-25,34,25,34,FALSE,FALSE
287,4,656,657,719,656,657,719,656,657,719,1,63,1,63,FALSE,FALSE
287,5,960,941,988,960,941,988,960,941,988,-19,28,19,28,FALSE,FALSE
287,6,1320,1255,1344,1320,1255,1344,1320,1255,1344,-65,24,65,24,FALSE,FALSE
287,7,1698,1655,1781,1698,1655,1781,1698,1655,1781,-43,83,43,83,FALSE,FALSE
287,8,2147,2008,2264,2147,2008,2264,2147,2008,2264,-139,117,139,117,FALSE,FALSE
287,9,2551,2372,2705,2551,2372,2705,2551,2372,2705,-179,154,179,154,FALSE,FALSE
287,10,2866,2704,2943,2866,2704,2943,2866,2704,2943,-162,77,162,77,FALSE,FALSE
287,11,3004,2897,3094,3004,2897,3094,3004,2897,3094,-107,90,107,90,FALSE,FALSE
287,12,3063,2939,3045,3063,2939,3045,3063,2939,3045,-124,-18,124,18,FALSE,FALSE
287,13,3047,2880,2973,3047,2880,2973,3047,2880,2973,-167,-74,167,74,FALSE,FALSE
287,14,2884,2720,2757,2884,2720,2757,2884,2720,2757,-164,-127,164,127,FALSE,FALSE
287,15,2639,2520,2526,2639,2520,2526,2639,2520,2526,-119,-113,119,113,FALSE,FALSE
287,16,2394,2329,2301,2394,2329,2301,2394,2329,2301,-65,-93,65,93,FALSE,FALSE
287,17,2156,2132,2037,2156,2132,2037,2156,2132,2037,-24,-119,24,119,FALSE,FALSE
287,18,1910,1894,1811,1910,1894,1811,1910,1894,1811,-16,-99,16,99,FALSE,FALSE
287,19,1665,1674,1624,1665,1674,1624,1665,1674,1624,9,-41,9,41,FALSE,FALSE
287,20,1456,1462,1447,1456,1462,1447,1456,1462,1447,6,-9,6,9,FALSE,FALSE
287,21,1301,1254,1259,1301,1254,1259,1301,1254,1259,-47,-42,47,42,FALSE,FALSE
287,22,1134,1117,1082,1134,1117,1082,1134,1117,1082,-17,-52,17,52,FALSE,FALSE
287,23,987,972,962,987,972,962,987,972,962,-15,-25,15,25,FALSE,FALSE
287,24,873,852,835,873,852,835,873,852,835,-21,-38,21,38,FALSE,FALSE
287,25,757,749,735,757,749,735,757,749,735,-8,-22,8,22,FALSE,FALSE
287,26,643,647,632,643,647,632,643,647,632,4,-11,4,11,FALSE,FALSE
287,27,571,575,559,571,575,559,571,575,559,4,-12,4,12,FALSE,FALSE
287,28,492,505,496,492,505,496,492,505,496,13,4,13,4,FALSE,FALSE
287,29,427,452,424,427,452,424,427,452,424,25,-3,25,3,FALSE,FALSE
287,30,364,404,367,364,404,367,364,404,367,40,3,40,3,FALSE,FALSE
287,31,308,347,316,308,347,316,308,347,316,39,8,39,8,FALSE,FALSE
287,32,255,295,288,255,295,288,255,295,288,40,33,40,33,FALSE,FALSE
287,33,210,256,247,210,256,247,210,256,247,46,37,46,37,FALSE,FALSE
287,34,179,217,214,179,217,214,179,217,214,38,35,38,35,FALSE,FALSE
287,35,147,196,187,147,196,187,147,196,187,49,40,49,40,FALSE,FALSE
287,36,129,169,166,129,169,166,129,169,166,40,37,40,37,FALSE,FALSE
287,37,112,157,143,112,157,143,112,157,143,45,31,45,31,FALSE,FALSE
287,38,98,139,125,98,139,125,98,139,125,41,27,41,27,FALSE,FALSE
287,39,84,119,109,84,119,109,84,119,109,35,25,35,25,FALSE,FALSE
287,40,81,107,95,81,107,95,81,107,95,26,14,26,14,FALSE,FALSE
287,41,69,98,82,69,98,82,69,98,82,29,13,29,13,FALSE,FALSE
287,42,57,86,71,57,86,71,57,86,71,29,14,29,14,FALSE,FALSE
287,43,50,76,62,50,76,62,50,76,62,26,12,26,12,FALSE,FALSE
287,44,45,60,53,45,60,53,45,60,53,15,8,15,8,FALSE,FALSE
287,45,42,54,50,42,54,50,42,54,50,12,8,12,8,FALSE,FALSE
287,46,34,51,37,34,51,37,34,51,37,17,3,17,3,FALSE,FALSE
287,47,30,44,32,30,44,32,30,44,32,14,2,14,2,FALSE,FALSE
287,48,27,38,24,27,38,24,27,38,24,11,-3,11,3,FALSE,FALSE
287,49,26,32,23,26,32,23,26,32,23,6,-3,6,3,FALSE,FALSE
287,50,24,27,21,24,27,21,24,27,21,3,-3,3,3,FALSE,FALSE
287,51,21,24,18,21,24,18,21,24,18,3,-3,3,3,FALSE,FALSE
287,52,20,17,16,20,17,16,20,17,16,-3,-4,3,4,FALSE,FALSE
287,53,19,15,15,19,15,15,19,15,15,-4,-4,4,4,FALSE,FALSE
287,54,18,13,12,18,13,12,18,13,12,-5,-6,5,6,FALSE,FALSE
287,55,17,12,8,17,12,8,17,12,8,-5,-9,5,9,FALSE,FALSE
287,56,15,10,7,15,10,7,15,10,7,-5,-8,5,8,FALSE,FALSE
287,57,13,9,5,13,9,5,13,9,5,-4,-8,4,8,FALSE,FALSE
287,58,11,8,5,11,8,5,11,8,5,-3,-6,3,6,FALSE,FALSE
287,59,10,8,4,10,8,4,10,8,4,-2,-6,2,6,FALSE,FALSE
287,60,7,7,4,7,7,4,7,7,4,0,-3,0,3,TRUE,FALSE
288,0,161,161,161,161,161,161,161,161,161,0,0,0,0,TRUE,TRUE
288,1,291,267,297,291,267,297,291,267,297,-24,6,24,6,FALSE,FALSE
288,2,516,429,510,516,429,510,516,429,510,-87,-6,87,6,FALSE,FALSE
288,3,849,684,929,849,684,929,849,684,929,-165,80,165,80,FALSE,FALSE
288,4,1393,1120,1540,1393,1120,1540,1393,1120,1540,-273,147,273,147,FALSE,FALSE
288,5,2124,1724,2383,2124,1724,2383,2124,1724,2383,-400,259,400,259,FALSE,FALSE
288,6,3035,2463,3345,3035,2463,3345,3035,2463,3345,-572,310,572,310,FALSE,FALSE
288,7,3868,3258,4112,3868,3258,4112,3868,3258,4112,-610,244,610,244,FALSE,FALSE
288,8,4301,3722,4395,4301,3722,4395,4301,3722,4395,-579,94,579,94,FALSE,FALSE
288,9,4267,3968,4212,4267,3968,4212,4267,3968,4212,-299,-55,299,55,FALSE,FALSE
288,10,3880,3789,3774,3880,3789,3774,3880,3789,3774,-91,-106,91,106,FALSE,FALSE
288,11,3422,3531,3227,3422,3531,3227,3422,3531,3227,109,-195,109,195,FALSE,FALSE
288,12,2872,3118,2669,2872,3118,2669,2872,3118,2669,246,-203,246,203,FALSE,FALSE
288,13,2316,2686,2136,2316,2686,2136,2316,2686,2136,370,-180,370,180,FALSE,FALSE
288,14,1905,2276,1717,1905,2276,1717,1905,2276,1717,371,-188,371,188,FALSE,FALSE
288,15,1500,1889,1409,1500,1889,1409,1500,1889,1409,389,-91,389,91,FALSE,FALSE
288,16,1212,1491,1110,1212,1491,1110,1212,1491,1110,279,-102,279,102,FALSE,FALSE
288,17,975,1195,864,975,1195,864,975,1195,864,220,-111,220,111,FALSE,FALSE
288,18,750,974,688,750,974,688,750,974,688,224,-62,224,62,FALSE,FALSE
288,19,591,802,546,591,802,546,591,802,546,211,-45,211,45,FALSE,FALSE
288,20,464,630,423,464,630,423,464,630,423,166,-41,166,41,FALSE,FALSE
288,21,372,510,314,372,510,314,372,510,314,138,-58,138,58,FALSE,FALSE
288,22,290,413,251,290,413,251,290,413,251,123,-39,123,39,FALSE,FALSE
288,23,232,315,195,232,315,195,232,315,195,83,-37,83,37,FALSE,FALSE
288,24,184,246,156,184,246,156,184,246,156,62,-28,62,28,FALSE,FALSE
288,25,150,196,129,150,196,129,150,196,129,46,-21,46,21,FALSE,FALSE
288,26,115,150,108,115,150,108,115,150,108,35,-7,35,7,FALSE,FALSE
288,27,97,123,89,97,123,89,97,123,89,26,-8,26,8,FALSE,FALSE
288,28,80,100,68,80,100,68,80,100,68,20,-12,20,12,FALSE,FALSE
288,29,65,77,53,65,77,53,65,77,53,12,-12,12,12,FALSE,FALSE
288,30,49,61,41,49,61,41,49,61,41,12,-8,12,8,FALSE,FALSE
288,31,40,52,32,40,52,32,40,52,32,12,-8,12,8,FALSE,FALSE
288,32,31,42,25,31,42,25,31,42,25,11,-6,11,6,FALSE,FALSE
288,33,24,39,18,24,39,18,24,39,18,15,-6,15,6,FALSE,FALSE
288,34,16,33,13,16,33,13,16,33,13,17,-3,17,3,FALSE,FALSE
288,35,11,31,10,11,31,10,11,31,10,20,-1,20,1,FALSE,FALSE
288,36,11,28,7,11,28,7,11,28,7,17,-4,17,4,FALSE,FALSE
288,37,7,21,5,7,21,5,7,21,5,14,-2,14,2,FALSE,FALSE
288,38,7,14,5,7,14,5,7,14,5,7,-2,7,2,FALSE,FALSE
288,39,7,12,4,7,12,4,7,12,4,5,-3,5,3,FALSE,FALSE
288,40,6,9,2,6,9,2,6,9,2,3,-4,3,4,FALSE,FALSE
288,41,6,7,2,6,7,2,6,7,2,1,-4,1,4,FALSE,FALSE
288,42,6,7,2,6,7,2,6,7,2,1,-4,1,4,FALSE,FALSE
288,43,4,6,2,4,6,2,4,6,2,2,-2,2,2,FALSE,FALSE
288,44,4,3,2,4,3,2,4,3,2,-1,-2,1,2,FALSE,FALSE
288,45,4,2,1,4,2,1,4,2,1,-2,-3,2,3,FALSE,FALSE
288,46,4,3,0,4,3,0,4,3,0,-1,-4,1,4,FALSE,FALSE
288,47,4,3,0,4,3,0,4,3,0,-1,-4,1,4,FALSE,FALSE
288,48,2,3,0,2,3,0,2,3,0,1,-2,1,2,FALSE,FALSE
288,49,2,2,0,2,2,0,2,2,0,0,-2,0,2,TRUE,FALSE
288,50,2,1,0,2,1,0,2,1,0,-1,-2,1,2,FALSE,FALSE
288,51,2,1,0,2,1,0,2,1,0,-1,-2,1,2,FALSE,FALSE
288,52,2,2,0,2,2,0,2,2,0,0,-2,0,2,TRUE,FALSE
288,53,2,1,0,2,1,0,2,1,0,-1,-2,1,2,FALSE,FALSE
288,54,0,1,0,0,1,0,0,1,0,1,0,1,0,FALSE,TRUE
288,55,0,1,0,0,1,0,0,1,0,1,0,1,0,FALSE,TRUE
288,56,0,1,0,0,1,0,0,1,0,1,0,1,0,FALSE,TRUE
288,57,0,1,0,0,1,0,0,1,0,1,0,1,0,FALSE,TRUE
288,58,0,0,0,0,0,0,0,0,0,0,0,0,0,TRUE,TRUE
288,59,0,0,0,0,0,0,0,0,0,0,0,0,0,TRUE,TRUE
288,60,0,0,0,0,0,0,0,0,0,0,0,0,0,TRUE,TRUE
289,0,60,60,60,60,60,60,60,60,60,0,0,0,0,TRUE,TRUE
289,1,62,68,61,62,68,61,62,68,61,6,-1,6,1,FALSE,FALSE
289,2,71,62,66,71,62,66,71,62,66,-9,-5,9,5,FALSE,FALSE
289,3,72,66,71,72,66,71,72,66,71,-6,-1,6,1,FALSE,FALSE
289,4,73,71,82,73,71,82,73,71,82,-2,9,2,9,FALSE,FALSE
289,5,80,89,84,80,89,84,80,89,84,9,4,9,4,FALSE,FALSE
289,6,92,95,82,92,95,82,92,95,82,3,-10,3,10,FALSE,FALSE
289,7,89,95,81,89,95,81,89,95,81,6,-8,6,8,FALSE,FALSE
289,8,102,104,96,102,104,96,102,104,96,2,-6,2,6,FALSE,FALSE
289,9,117,104,97,117,104,97,117,104,97,-13,-20,13,20,FALSE,FALSE
289,10,126,107,108,126,107,108,126,107,108,-19,-18,19,18,FALSE,FALSE
289,11,132,115,117,132,115,117,132,115,117,-17,-15,17,15,FALSE,FALSE
289,12,136,113,123,136,113,123,136,113,123,-23,-13,23,13,FALSE,FALSE
289,13,163,118,132,163,118,132,163,118,132,-45,-31,45,31,FALSE,FALSE
289,14,177,130,138,177,130,138,177,130,138,-47,-39,47,39,FALSE,FALSE
289,15,181,131,157,181,131,157,181,131,157,-50,-24,50,24,FALSE,FALSE
289,16,182,136,165,182,136,165,182,136,165,-46,-17,46,17,FALSE,FALSE
289,17,193,145,168,193,145,168,193,145,168,-48,-25,48,25,FALSE,FALSE
289,18,200,150,167,200,150,167,200,150,167,-50,-33,50,33,FALSE,FALSE
289,19,218,171,177,218,171,177,218,171,177,-47,-41,47,41,FALSE,FALSE
289,20,236,168,186,236,168,186,236,168,186,-68,-50,68,50,FALSE,FALSE
289,21,238,170,195,238,170,195,238,170,195,-68,-43,68,43,FALSE,FALSE
289,22,253,183,204,253,183,204,253,183,204,-70,-49,70,49,FALSE,FALSE
289,23,254,189,202,254,189,202,254,189,202,-65,-52,65,52,FALSE,FALSE
289,24,267,196,206,267,196,206,267,196,206,-71,-61,71,61,FALSE,FALSE
289,25,285,218,215,285,218,215,285,218,215,-67,-70,67,70,FALSE,FALSE
289,26,306,234,221,306,234,221,306,234,221,-72,-85,72,85,FALSE,FALSE
289,27,307,247,229,307,247,229,307,247,229,-60,-78,60,78,FALSE,FALSE
289,28,309,253,248,309,253,248,309,253,248,-56,-61,56,61,FALSE,FALSE
289,29,324,263,268,324,263,268,324,263,268,-61,-56,61,56,FALSE,FALSE
289,30,352,287,275,352,287,275,352,287,275,-65,-77,65,77,FALSE,FALSE
289,31,386,283,294,386,283,294,386,283,294,-103,-92,103,92,FALSE,FALSE
289,32,410,303,292,410,303,292,410,303,292,-107,-118,107,118,FALSE,FALSE
289,33,416,324,307,416,324,307,416,324,307,-92,-109,92,109,FALSE,FALSE
289,34,437,320,331,437,320,331,437,320,331,-117,-106,117,106,FALSE,FALSE
289,35,437,323,323,437,323,323,437,323,323,-114,-114,114,114,FALSE,FALSE
289,36,435,335,335,435,335,335,435,335,335,-100,-100,100,100,FALSE,FALSE
289,37,446,340,332,446,340,332,446,340,332,-106,-114,106,114,FALSE,FALSE
289,38,450,334,340,450,334,340,450,334,340,-116,-110,116,110,FALSE,FALSE
289,39,441,341,351,441,341,351,441,341,351,-100,-90,100,90,FALSE,FALSE
289,40,442,347,348,442,347,348,442,347,348,-95,-94,95,94,FALSE,FALSE
289,41,423,369,354,423,369,354,423,369,354,-54,-69,54,69,FALSE,FALSE
289,42,406,375,350,406,375,350,406,375,350,-31,-56,31,56,FALSE,FALSE
289,43,410,373,352,410,373,352,410,373,352,-37,-58,37,58,FALSE,FALSE
289,44,415,359,356,415,359,356,415,359,356,-56,-59,56,59,FALSE,FALSE
289,45,408,358,366,408,358,366,408,358,366,-50,-42,50,42,FALSE,FALSE
289,46,390,354,364,390,354,364,390,354,364,-36,-26,36,26,FALSE,FALSE
289,47,386,358,335,386,358,335,386,358,335,-28,-51,28,51,FALSE,FALSE
289,48,351,370,318,351,370,318,351,370,318,19,-33,19,33,FALSE,FALSE
289,49,329,364,298,329,364,298,329,364,298,35,-31,35,31,FALSE,FALSE
289,50,331,349,294,331,349,294,331,349,294,18,-37,18,37,FALSE,FALSE
289,51,313,352,289,313,352,289,313,352,289,39,-24,39,24,FALSE,FALSE
289,52,294,339,275,294,339,275,294,339,275,45,-19,45,19,FALSE,FALSE
289,53,281,359,254,281,359,254,281,359,254,78,-27,78,27,FALSE,FALSE
289,54,264,373,249,264,373,249,264,373,249,109,-15,109,15,FALSE,FALSE
289,55,254,363,235,254,363,235,254,363,235,109,-19,109,19,FALSE,FALSE
289,56,239,345,248,239,345,248,239,345,248,106,9,106,9,FALSE,FALSE
289,57,232,347,242,232,347,242,232,347,242,115,10,115,10,FALSE,FALSE
289,58,225,335,248,225,335,248,225,335,248,110,23,110,23,FALSE,FALSE
289,59,206,336,243,206,336,243,206,336,243,130,37,130,37,FALSE,FALSE
289,60,208,320,233,208,320,233,208,320,233,112,25,112,25,FALSE,FALSE
290,0,147,147,147,147,147,147,147,147,147,0,0,0,0,TRUE,TRUE
290,1,198,202,193,198,202,193,198,202,193,4,-5,4,5,FALSE,FALSE
290,2,285,288,268,285,288,268,285,288,268,3,-17,3,17,FALSE,FALSE
290,3,395,416,366,395,416,366,395,416,366,21,-29,21,29,FALSE,FALSE
290,4,515,555,498,515,555,498,515,555,498,40,-17,40,17,FALSE,FALSE
290,5,686,708,667,686,708,667,686,708,667,22,-19,22,19,FALSE,FALSE
290,6,925,936,865,925,936,865,925,936,865,11,-60,11,60,FALSE,FALSE
290,7,1245,1258,1138,1245,1258,1138,1245,1258,1138,13,-107,13,107,FALSE,FALSE
290,8,1577,1582,1438,1577,1582,1438,1577,1582,1438,5,-139,5,139,FALSE,FALSE
290,9,1942,1893,1807,1942,1893,1807,1942,1893,1807,-49,-135,49,135,FALSE,FALSE
290,10,2341,2310,2198,2341,2310,2198,2341,2310,2198,-31,-143,31,143,FALSE,FALSE
290,11,2741,2720,2618,2741,2720,2618,2741,2720,2618,-21,-123,21,123,FALSE,FALSE
290,12,3076,3081,2996,3076,3081,2996,3076,3081,2996,5,-80,5,80,FALSE,FALSE
290,13,3410,3402,3329,3410,3402,3329,3410,3402,3329,-8,-81,8,81,FALSE,FALSE
290,14,3660,3587,3551,3660,3587,3551,3660,3587,3551,-73,-109,73,109,FALSE,FALSE
290,15,3792,3697,3749,3792,3697,3749,3792,3697,3749,-95,-43,95,43,FALSE,FALSE
290,16,3821,3685,3821,3821,3685,3821,3821,3685,3821,-136,0,136,0,FALSE,TRUE
290,17,3714,3641,3768,3714,3641,3768,3714,3641,3768,-73,54,73,54,FALSE,FALSE
290,18,3559,3541,3626,3559,3541,3626,3559,3541,3626,-18,67,18,67,FALSE,FALSE
290,19,3364,3324,3469,3364,3324,3469,3364,3324,3469,-40,105,40,105,FALSE,FALSE
290,20,3158,3112,3278,3158,3112,3278,3158,3112,3278,-46,120,46,120,FALSE,FALSE
290,21,2941,2902,3065,2941,2902,3065,2941,2902,3065,-39,124,39,124,FALSE,FALSE
290,22,2726,2693,2834,2726,2693,2834,2726,2693,2834,-33,108,33,108,FALSE,FALSE
290,23,2491,2460,2590,2491,2460,2590,2491,2460,2590,-31,99,31,99,FALSE,FALSE
290,24,2260,2254,2372,2260,2254,2372,2260,2254,2372,-6,112,6,112,FALSE,FALSE
290,25,2049,2068,2162,2049,2068,2162,2049,2068,2162,19,113,19,113,FALSE,FALSE
290,26,1905,1863,2000,1905,1863,2000,1905,1863,2000,-42,95,42,95,FALSE,FALSE
290,27,1730,1698,1813,1730,1698,1813,1730,1698,1813,-32,83,32,83,FALSE,FALSE
290,28,1556,1530,1651,1556,1530,1651,1556,1530,1651,-26,95,26,95,FALSE,FALSE
290,29,1400,1390,1485,1400,1390,1485,1400,1390,1485,-10,85,10,85,FALSE,FALSE
290,30,1256,1243,1335,1256,1243,1335,1256,1243,1335,-13,79,13,79,FALSE,FALSE
290,31,1134,1122,1229,1134,1122,1229,1134,1122,1229,-12,95,12,95,FALSE,FALSE
290,32,1013,1005,1093,1013,1005,1093,1013,1005,1093,-8,80,8,80,FALSE,FALSE
290,33,902,904,990,902,904,990,902,904,990,2,88,2,88,FALSE,FALSE
290,34,809,811,869,809,811,869,809,811,869,2,60,2,60,FALSE,FALSE
290,35,728,725,777,728,725,777,728,725,777,-3,49,3,49,FALSE,FALSE
290,36,647,656,683,647,656,683,647,656,683,9,36,9,36,FALSE,FALSE
290,37,585,595,612,585,595,612,585,595,612,10,27,10,27,FALSE,FALSE
290,38,516,522,550,516,522,550,516,522,550,6,34,6,34,FALSE,FALSE
290,39,450,473,488,450,473,488,450,473,488,23,38,23,38,FALSE,FALSE
290,40,414,428,439,414,428,439,414,428,439,14,25,14,25,FALSE,FALSE
290,41,375,392,389,375,392,389,375,392,389,17,14,17,14,FALSE,FALSE
290,42,326,340,344,326,340,344,326,340,344,14,18,14,18,FALSE,FALSE
290,43,285,301,300,285,301,300,285,301,300,16,15,16,15,FALSE,FALSE
290,44,257,266,270,257,266,270,257,266,270,9,13,9,13,FALSE,FALSE
290,45,221,240,247,221,240,247,221,240,247,19,26,19,26,FALSE,FALSE
290,46,196,216,216,196,216,216,196,216,216,20,20,20,20,FALSE,FALSE
290,47,166,193,189,166,193,189,166,193,189,27,23,27,23,FALSE,FALSE
290,48,146,171,166,146,171,166,146,171,166,25,20,25,20,FALSE,FALSE
290,49,129,151,148,129,151,148,129,151,148,22,19,22,19,FALSE,FALSE
290,50,113,130,137,113,130,137,113,130,137,17,24,17,24,FALSE,FALSE
290,51,105,117,122,105,117,122,105,117,122,12,17,12,17,FALSE,FALSE
290,52,91,100,110,91,100,110,91,100,110,9,19,9,19,FALSE,FALSE
290,53,78,87,94,78,87,94,78,87,94,9,16,9,16,FALSE,FALSE
290,54,70,68,88,70,68,88,70,68,88,-2,18,2,18,FALSE,FALSE
290,55,60,63,78,60,63,78,60,63,78,3,18,3,18,FALSE,FALSE
290,56,54,57,73,54,57,73,54,57,73,3,19,3,19,FALSE,FALSE
290,57,44,53,66,44,53,66,44,53,66,9,22,9,22,FALSE,FALSE
290,58,40,50,62,40,50,62,40,50,62,10,22,10,22,FALSE,FALSE
290,59,35,41,57,35,41,57,35,41,57,6,22,6,22,FALSE,FALSE
290,60,31,36,50,31,36,50,31,36,50,5,19,5,19,FALSE,FALSE
291,0,94,94,94,94,94,94,94,94,94,0,0,0,0,TRUE,TRUE
291,1,131,129,135,131,129,135,131,129,135,-2,4,2,4,FALSE,FALSE
291,2,173,179,192,173,179,192,173,179,192,6,19,6,19,FALSE,FALSE
291,3,240,246,268,240,246,268,240,246,268,6,28,6,28,FALSE,FALSE
291,4,344,353,397,344,353,397,344,353,397,9,53,9,53,FALSE,FALSE
291,5,459,513,538,459,513,538,459,513,538,54,79,54,79,FALSE,FALSE
291,6,640,732,764,640,732,764,640,732,764,92,124,92,124,FALSE,FALSE
291,7,832,993,1016,832,993,1016,832,993,1016,161,184,161,184,FALSE,FALSE
291,8,1068,1267,1368,1068,1267,1368,1068,1267,1368,199,300,199,300,FALSE,FALSE
291,9,1349,1596,1668,1349,1596,1668,1349,1596,1668,247,319,247,319,FALSE,FALSE
291,10,1679,1963,2034,1679,1963,2034,1679,1963,2034,284,355,284,355,FALSE,FALSE
291,11,2010,2315,2329,2010,2315,2329,2010,2315,2329,305,319,305,319,FALSE,FALSE
291,12,2278,2521,2510,2278,2521,2510,2278,2521,2510,243,232,243,232,FALSE,FALSE
291,13,2484,2662,2658,2484,2662,2658,2484,2662,2658,178,174,178,174,FALSE,FALSE
291,14,2614,2731,2703,2614,2731,2703,2614,2731,2703,117,89,117,89,FALSE,FALSE
291,15,2703,2718,2675,2703,2718,2675,2703,2718,2675,15,-28,15,28,FALSE,FALSE
291,16,2644,2655,2580,2644,2655,2580,2644,2655,2580,11,-64,11,64,FALSE,FALSE
291,17,2579,2488,2470,2579,2488,2470,2579,2488,2470,-91,-109,91,109,FALSE,FALSE
291,18,2494,2314,2273,2494,2314,2273,2494,2314,2273,-180,-221,180,221,FALSE,FALSE
291,19,2331,2166,2087,2331,2166,2087,2331,2166,2087,-165,-244,165,244,FALSE,FALSE
291,20,2166,1999,1927,2166,1999,1927,2166,1999,1927,-167,-239,167,239,FALSE,FALSE
291,21,1959,1809,1754,1959,1809,1754,1959,1809,1754,-150,-205,150,205,FALSE,FALSE
291,22,1775,1628,1611,1775,1628,1611,1775,1628,1611,-147,-164,147,164,FALSE,FALSE
291,23,1608,1466,1448,1608,1466,1448,1608,1466,1448,-142,-160,142,160,FALSE,FALSE
291,24,1453,1307,1296,1453,1307,1296,1453,1307,1296,-146,-157,146,157,FALSE,FALSE
291,25,1316,1171,1138,1316,1171,1138,1316,1171,1138,-145,-178,145,178,FALSE,FALSE
291,26,1156,1064,1026,1156,1064,1026,1156,1064,1026,-92,-130,92,130,FALSE,FALSE
291,27,1039,968,911,1039,968,911,1039,968,911,-71,-128,71,128,FALSE,FALSE
291,28,930,870,825,930,870,825,930,870,825,-60,-105,60,105,FALSE,FALSE
291,29,842,754,730,842,754,730,842,754,730,-88,-112,88,112,FALSE,FALSE
291,30,762,649,639,762,649,639,762,649,639,-113,-123,113,123,FALSE,FALSE
291,31,687,587,567,687,587,567,687,587,567,-100,-120,100,120,FALSE,FALSE
291,32,615,523,507,615,523,507,615,523,507,-92,-108,92,108,FALSE,FALSE
291,33,547,444,461,547,444,461,547,444,461,-103,-86,103,86,FALSE,FALSE
291,34,488,403,407,488,403,407,488,403,407,-85,-81,85,81,FALSE,FALSE
291,35,423,354,367,423,354,367,423,354,367,-69,-56,69,56,FALSE,FALSE
291,36,376,316,327,376,316,327,376,316,327,-60,-49,60,49,FALSE,FALSE
291,37,337,277,295,337,277,295,337,277,295,-60,-42,60,42,FALSE,FALSE
291,38,290,242,259,290,242,259,290,242,259,-48,-31,48,31,FALSE,FALSE
291,39,260,205,222,260,205,222,260,205,222,-55,-38,55,38,FALSE,FALSE
291,40,228,183,193,228,183,193,228,183,193,-45,-35,45,35,FALSE,FALSE
291,41,207,158,173,207,158,173,207,158,173,-49,-34,49,34,FALSE,FALSE
291,42,180,137,152,180,137,152,180,137,152,-43,-28,43,28,FALSE,FALSE
291,43,155,120,132,155,120,132,155,120,132,-35,-23,35,23,FALSE,FALSE
291,44,141,108,122,141,108,122,141,108,122,-33,-19,33,19,FALSE,FALSE
291,45,129,89,111,129,89,111,129,89,111,-40,-18,40,18,FALSE,FALSE
291,46,113,82,96,113,82,96,113,82,96,-31,-17,31,17,FALSE,FALSE
291,47,98,72,87,98,72,87,98,72,87,-26,-11,26,11,FALSE,FALSE
291,48,86,66,78,86,66,78,86,66,78,-20,-8,20,8,FALSE,FALSE
291,49,72,57,73,72,57,73,72,57,73,-15,1,15,1,FALSE,FALSE
291,50,61,51,63,61,51,63,61,51,63,-10,2,10,2,FALSE,FALSE
291,51,59,46,49,59,46,49,59,46,49,-13,-10,13,10,FALSE,FALSE
291,52,53,36,47,53,36,47,53,36,47,-17,-6,17,6,FALSE,FALSE
291,53,44,29,40,44,29,40,44,29,40,-15,-4,15,4,FALSE,FALSE
291,54,37,22,36,37,22,36,37,22,36,-15,-1,15,1,FALSE,FALSE
291,55,33,21,35,33,21,35,33,21,35,-12,2,12,2,FALSE,FALSE
291,56,29,19,32,29,19,32,29,19,32,-10,3,10,3,FALSE,FALSE
291,57,23,17,30,23,17,30,23,17,30,-6,7,6,7,FALSE,FALSE
291,58,22,17,28,22,17,28,22,17,28,-5,6,5,6,FALSE,FALSE
291,59,18,15,24,18,15,24,18,15,24,-3,6,3,6,FALSE,FALSE
291,60,17,15,23,17,15,23,17,15,23,-2,6,2,6,FALSE,FALSE
292,0,62,62,62,62,62,62,62,62,62,0,0,0,0,TRUE,TRUE
292,1,67,67,74,67,67,74,67,67,74,0,7,0,7,TRUE,FALSE
292,2,82,88,77,82,88,77,82,88,77,6,-5,6,5,FALSE,FALSE
292,3,84,96,87,84,96,87,84,96,87,12,3,12,3,FALSE,FALSE
292,4,91,109,104,91,109,104,91,109,104,18,13,18,13,FALSE,FALSE
292,5,114,121,119,114,121,119,114,121,119,7,5,7,5,FALSE,FALSE
292,6,123,141,137,123,141,137,123,141,137,18,14,18,14,FALSE,FALSE
292,7,138,173,147,138,173,147,138,173,147,35,9,35,9,FALSE,FALSE
292,8,156,189,162,156,189,162,156,189,162,33,6,33,6,FALSE,FALSE
292,9,170,207,181,170,207,181,170,207,181,37,11,37,11,FALSE,FALSE
292,10,176,232,195,176,232,195,176,232,195,56,19,56,19,FALSE,FALSE
292,11,201,271,219,201,271,219,201,271,219,70,18,70,18,FALSE,FALSE
292,12,219,309,256,219,309,256,219,309,256,90,37,90,37,FALSE,FALSE
292,13,238,350,290,238,350,290,238,350,290,112,52,112,52,FALSE,FALSE
292,14,281,401,316,281,401,316,281,401,316,120,35,120,35,FALSE,FALSE
292,15,319,458,339,319,458,339,319,458,339,139,20,139,20,FALSE,FALSE
292,16,372,520,362,372,520,362,372,520,362,148,-10,148,10,FALSE,FALSE
292,17,399,576,405,399,576,405,399,576,405,177,6,177,6,FALSE,FALSE
292,18,440,653,445,440,653,445,440,653,445,213,5,213,5,FALSE,FALSE
292,19,483,718,492,483,718,492,483,718,492,235,9,235,9,FALSE,FALSE
292,20,508,809,536,508,809,536,508,809,536,301,28,301,28,FALSE,FALSE
292,21,576,888,602,576,888,602,576,888,602,312,26,312,26,FALSE,FALSE
292,22,615,974,660,615,974,660,615,974,660,359,45,359,45,FALSE,FALSE
292,23,673,1047,727,673,1047,727,673,1047,727,374,54,374,54,FALSE,FALSE
292,24,739,1103,788,739,1103,788,739,1103,788,364,49,364,49,FALSE,FALSE
292,25,794,1176,846,794,1176,846,794,1176,846,382,52,382,52,FALSE,FALSE
292,26,839,1248,903,839,1248,903,839,1248,903,409,64,409,64,FALSE,FALSE
292,27,921,1307,974,921,1307,974,921,1307,974,386,53,386,53,FALSE,FALSE
292,28,980,1362,1038,980,1362,1038,980,1362,1038,382,58,382,58,FALSE,FALSE
292,29,1032,1453,1103,1032,1453,1103,1032,1453,1103,421,71,421,71,FALSE,FALSE
292,30,1084,1471,1152,1084,1471,1152,1084,1471,1152,387,68,387,68,FALSE,FALSE
292,31,1157,1509,1165,1157,1509,1165,1157,1509,1165,352,8,352,8,FALSE,FALSE
292,32,1202,1547,1200,1202,1547,1200,1202,1547,1200,345,-2,345,2,FALSE,FALSE
292,33,1245,1543,1228,1245,1543,1228,1245,1543,1228,298,-17,298,17,FALSE,FALSE
292,34,1255,1550,1248,1255,1550,1248,1255,1550,1248,295,-7,295,7,FALSE,FALSE
292,35,1275,1554,1285,1275,1554,1285,1275,1554,1285,279,10,279,10,FALSE,FALSE
292,36,1289,1530,1294,1289,1530,1294,1289,1530,1294,241,5,241,5,FALSE,FALSE
292,37,1311,1490,1358,1311,1490,1358,1311,1490,1358,179,47,179,47,FALSE,FALSE
292,38,1339,1435,1361,1339,1435,1361,1339,1435,1361,96,22,96,22,FALSE,FALSE
292,39,1348,1387,1379,1348,1387,1379,1348,1387,1379,39,31,39,31,FALSE,FALSE
292,40,1324,1350,1354,1324,1350,1354,1324,1350,1354,26,30,26,30,FALSE,FALSE
292,41,1334,1301,1332,1334,1301,1332,1334,1301,1332,-33,-2,33,2,FALSE,FALSE
292,42,1315,1210,1322,1315,1210,1322,1315,1210,1322,-105,7,105,7,FALSE,FALSE
292,43,1314,1189,1253,1314,1189,1253,1314,1189,1253,-125,-61,125,61,FALSE,FALSE
292,44,1277,1122,1209,1277,1122,1209,1277,1122,1209,-155,-68,155,68,FALSE,FALSE
292,45,1263,1065,1176,1263,1065,1176,1263,1065,1176,-198,-87,198,87,FALSE,FALSE
292,46,1218,1010,1102,1218,1010,1102,1218,1010,1102,-208,-116,208,116,FALSE,FALSE
292,47,1147,980,1072,1147,980,1072,1147,980,1072,-167,-75,167,75,FALSE,FALSE
292,48,1114,948,1007,1114,948,1007,1114,948,1007,-166,-107,166,107,FALSE,FALSE
292,49,1064,892,947,1064,892,947,1064,892,947,-172,-117,172,117,FALSE,FALSE
292,50,1034,831,921,1034,831,921,1034,831,921,-203,-113,203,113,FALSE,FALSE
292,51,979,778,873,979,778,873,979,778,873,-201,-106,201,106,FALSE,FALSE
292,52,927,709,833,927,709,833,927,709,833,-218,-94,218,94,FALSE,FALSE
292,53,875,660,786,875,660,786,875,660,786,-215,-89,215,89,FALSE,FALSE
292,54,834,606,728,834,606,728,834,606,728,-228,-106,228,106,FALSE,FALSE
292,55,788,581,682,788,581,682,788,581,682,-207,-106,207,106,FALSE,FALSE
292,56,732,544,620,732,544,620,732,544,620,-188,-112,188,112,FALSE,FALSE
292,57,676,514,571,676,514,571,676,514,571,-162,-105,162,105,FALSE,FALSE
292,58,597,469,542,597,469,542,597,469,542,-128,-55,128,55,FALSE,FALSE
292,59,545,430,510,545,430,510,545,430,510,-115,-35,115,35,FALSE,FALSE
292,60,513,392,482,513,392,482,513,392,482,-121,-31,121,31,FALSE,FALSE
293,0,64,64,64,64,64,64,64,64,64,0,0,0,0,TRUE,TRUE
293,1,80,75,73,80,75,73,80,75,73,-5,-7,5,7,FALSE,FALSE
293,2,94,89,87,94,89,87,94,89,87,-5,-7,5,7,FALSE,FALSE
293,3,114,104,106,114,104,106,114,104,106,-10,-8,10,8,FALSE,FALSE
293,4,150,132,113,150,132,113,150,132,113,-18,-37,18,37,FALSE,FALSE
293,5,171,150,133,171,150,133,171,150,133,-21,-38,21,38,FALSE,FALSE
293,6,199,168,144,199,168,144,199,168,144,-31,-55,31,55,FALSE,FALSE
293,7,230,194,167,230,194,167,230,194,167,-36,-63,36,63,FALSE,FALSE
293,8,255,218,202,255,218,202,255,218,202,-37,-53,37,53,FALSE,FALSE
293,9,288,264,239,288,264,239,288,264,239,-24,-49,24,49,FALSE,FALSE
293,10,344,313,285,344,313,285,344,313,285,-31,-59,31,59,FALSE,FALSE
293,11,410,365,330,410,365,330,410,365,330,-45,-80,45,80,FALSE,FALSE
293,12,455,417,381,455,417,381,455,417,381,-38,-74,38,74,FALSE,FALSE
293,13,536,449,432,536,449,432,536,449,432,-87,-104,87,104,FALSE,FALSE
293,14,604,498,496,604,498,496,604,498,496,-106,-108,106,108,FALSE,FALSE
293,15,733,583,576,733,583,576,733,583,576,-150,-157,150,157,FALSE,FALSE
293,16,835,636,661,835,636,661,835,636,661,-199,-174,199,174,FALSE,FALSE
293,17,948,717,723,948,717,723,948,717,723,-231,-225,231,225,FALSE,FALSE
293,18,1005,802,824,1005,802,824,1005,802,824,-203,-181,203,181,FALSE,FALSE
293,19,1118,902,897,1118,902,897,1118,902,897,-216,-221,216,221,FALSE,FALSE
293,20,1210,967,987,1210,967,987,1210,967,987,-243,-223,243,223,FALSE,FALSE
293,21,1256,1027,1096,1256,1027,1096,1256,1027,1096,-229,-160,229,160,FALSE,FALSE
293,22,1317,1117,1144,1317,1117,1144,1317,1117,1144,-200,-173,200,173,FALSE,FALSE
293,23,1326,1193,1236,1326,1193,1236,1326,1193,1236,-133,-90,133,90,FALSE,FALSE
293,24,1350,1285,1285,1350,1285,1285,1350,1285,1285,-65,-65,65,65,FALSE,FALSE
293,25,1394,1348,1292,1394,1348,1292,1394,1348,1292,-46,-102,46,102,FALSE,FALSE
293,26,1374,1377,1338,1374,1377,1338,1374,1377,1338,3,-36,3,36,FALSE,FALSE
293,27,1348,1412,1352,1348,1412,1352,1348,1412,1352,64,4,64,4,FALSE,FALSE
293,28,1312,1426,1350,1312,1426,1350,1312,1426,1350,114,38,114,38,FALSE,FALSE
293,29,1294,1410,1347,1294,1410,1347,1294,1410,1347,116,53,116,53,FALSE,FALSE
293,30,1244,1382,1330,1244,1382,1330,1244,1382,1330,138,86,138,86,FALSE,FALSE
293,31,1210,1356,1300,1210,1356,1300,1210,1356,1300,146,90,146,90,FALSE,FALSE
293,32,1158,1328,1247,1158,1328,1247,1158,1328,1247,170,89,170,89,FALSE,FALSE
293,33,1084,1293,1170,1084,1293,1170,1084,1293,1170,209,86,209,86,FALSE,FALSE
293,34,1033,1213,1107,1033,1213,1107,1033,1213,1107,180,74,180,74,FALSE,FALSE
293,35,943,1171,1054,943,1171,1054,943,1171,1054,228,111,228,111,FALSE,FALSE
293,36,869,1108,977,869,1108,977,869,1108,977,239,108,239,108,FALSE,FALSE
293,37,825,1043,905,825,1043,905,825,1043,905,218,80,218,80,FALSE,FALSE
293,38,766,958,859,766,958,859,766,958,859,192,93,192,93,FALSE,FALSE
293,39,702,895,795,702,895,795,702,895,795,193,93,193,93,FALSE,FALSE
293,40,646,813,736,646,813,736,646,813,736,167,90,167,90,FALSE,FALSE
293,41,591,743,680,591,743,680,591,743,680,152,89,152,89,FALSE,FALSE
293,42,546,688,609,546,688,609,546,688,609,142,63,142,63,FALSE,FALSE
293,43,488,652,556,488,652,556,488,652,556,164,68,164,68,FALSE,FALSE
293,44,448,600,527,448,600,527,448,600,527,152,79,152,79,FALSE,FALSE
293,45,417,515,488,417,515,488,417,515,488,98,71,98,71,FALSE,FALSE
293,46,398,469,452,398,469,452,398,469,452,71,54,71,54,FALSE,FALSE
293,47,368,422,433,368,422,433,368,422,433,54,65,54,65,FALSE,FALSE
293,48,322,394,402,322,394,402,322,394,402,72,80,72,80,FALSE,FALSE
293,49,286,369,346,286,369,346,286,369,346,83,60,83,60,FALSE,FALSE
293,50,257,334,310,257,334,310,257,334,310,77,53,77,53,FALSE,FALSE
293,51,239,303,291,239,303,291,239,303,291,64,52,64,52,FALSE,FALSE
293,52,228,282,266,228,282,266,228,282,266,54,38,54,38,FALSE,FALSE
293,53,205,246,236,205,246,236,205,246,236,41,31,41,31,FALSE,FALSE
293,54,175,226,217,175,226,217,175,226,217,51,42,51,42,FALSE,FALSE
293,55,159,203,195,159,203,195,159,203,195,44,36,44,36,FALSE,FALSE
293,56,140,178,172,140,178,172,140,178,172,38,32,38,32,FALSE,FALSE
293,57,125,161,157,125,161,157,125,161,157,36,32,36,32,FALSE,FALSE
293,58,100,147,148,100,147,148,100,147,148,47,48,47,48,FALSE,FALSE
293,59,90,130,134,90,130,134,90,130,134,40,44,40,44,FALSE,FALSE
293,60,74,123,121,74,123,121,74,123,121,49,47,49,47,FALSE,FALSE
294,0,101,101,101,101,101,101,101,101,101,0,0,0,0,TRUE,TRUE
294,1,105,103,106,105,103,106,105,103,106,-2,1,2,1,FALSE,FALSE
294,2,104,100,111,104,100,111,104,100,111,-4,7,4,7,FALSE,FALSE
294,3,100,104,114,100,104,114,100,104,114,4,14,4,14,FALSE,FALSE
294,4,93,110,116,93,110,116,93,110,116,17,23,17,23,FALSE,FALSE
294,5,92,120,124,92,120,124,92,120,124,28,32,28,32,FALSE,FALSE
294,6,90,124,123,90,124,123,90,124,123,34,33,34,33,FALSE,FALSE
294,7,93,124,120,93,124,120,93,124,120,31,27,31,27,FALSE,FALSE
294,8,87,129,126,87,129,126,87,129,126,42,39,42,39,FALSE,FALSE
294,9,85,126,127,85,126,127,85,126,127,41,42,41,42,FALSE,FALSE
294,10,88,122,129,88,122,129,88,122,129,34,41,34,41,FALSE,FALSE
294,11,93,119,133,93,119,133,93,119,133,26,40,26,40,FALSE,FALSE
294,12,94,121,131,94,121,131,94,121,131,27,37,27,37,FALSE,FALSE
294,13,95,114,138,95,114,138,95,114,138,19,43,19,43,FALSE,FALSE
294,14,96,112,143,96,112,143,96,112,143,16,47,16,47,FALSE,FALSE
294,15,93,120,147,93,120,147,93,120,147,27,54,27,54,FALSE,FALSE
294,16,100,118,142,100,118,142,100,118,142,18,42,18,42,FALSE,FALSE
294,17,102,116,147,102,116,147,102,116,147,14,45,14,45,FALSE,FALSE
294,18,107,116,141,107,116,141,107,116,141,9,34,9,34,FALSE,FALSE
294,19,102,123,135,102,123,135,102,123,135,21,33,21,33,FALSE,FALSE
294,20,109,118,127,109,118,127,109,118,127,9,18,9,18,FALSE,FALSE
294,21,107,125,137,107,125,137,107,125,137,18,30,18,30,FALSE,FALSE
294,22,98,127,141,98,127,141,98,127,141,29,43,29,43,FALSE,FALSE
294,23,100,127,140,100,127,140,100,127,140,27,40,27,40,FALSE,FALSE
294,24,98,124,140,98,124,140,98,124,140,26,42,26,42,FALSE,FALSE
294,25,102,128,136,102,128,136,102,128,136,26,34,26,34,FALSE,FALSE
294,26,106,132,138,106,132,138,106,132,138,26,32,26,32,FALSE,FALSE
294,27,104,133,144,104,133,144,104,133,144,29,40,29,40,FALSE,FALSE
294,28,100,133,147,100,133,147,100,133,147,33,47,33,47,FALSE,FALSE
294,29,103,126,145,103,126,145,103,126,145,23,42,23,42,FALSE,FALSE
294,30,98,131,150,98,131,150,98,131,150,33,52,33,52,FALSE,FALSE
294,31,98,132,149,98,132,149,98,132,149,34,51,34,51,FALSE,FALSE
294,32,99,132,147,99,132,147,99,132,147,33,48,33,48,FALSE,FALSE
294,33,103,136,139,103,136,139,103,136,139,33,36,33,36,FALSE,FALSE
294,34,101,139,135,101,139,135,101,139,135,38,34,38,34,FALSE,FALSE
294,35,104,138,145,104,138,145,104,138,145,34,41,34,41,FALSE,FALSE
294,36,106,134,142,106,134,142,106,134,142,28,36,28,36,FALSE,FALSE
294,37,108,136,137,108,136,137,108,136,137,28,29,28,29,FALSE,FALSE
294,38,105,138,142,105,138,142,105,138,142,33,37,33,37,FALSE,FALSE
294,39,106,140,145,106,140,145,106,140,145,34,39,34,39,FALSE,FALSE
294,40,105,146,157,105,146,157,105,146,157,41,52,41,52,FALSE,FALSE
294,41,105,146,157,105,146,157,105,146,157,41,52,41,52,FALSE,FALSE
294,42,101,161,159,101,161,159,101,161,159,60,58,60,58,FALSE,FALSE
294,43,107,157,159,107,157,159,107,157,159,50,52,50,52,FALSE,FALSE
294,44,109,149,156,109,149,156,109,149,156,40,47,40,47,FALSE,FALSE
294,45,109,153,159,109,153,159,109,153,159,44,50,44,50,FALSE,FALSE
294,46,106,149,170,106,149,170,106,149,170,43,64,43,64,FALSE,FALSE
294,47,109,150,179,109,150,179,109,150,179,41,70,41,70,FALSE,FALSE
294,48,108,156,181,108,156,181,108,156,181,48,73,48,73,FALSE,FALSE
294,49,111,160,181,111,160,181,111,160,181,49,70,49,70,FALSE,FALSE
294,50,109,166,176,109,166,176,109,166,176,57,67,57,67,FALSE,FALSE
294,51,112,163,177,112,163,177,112,163,177,51,65,51,65,FALSE,FALSE
294,52,108,171,173,108,171,173,108,171,173,63,65,63,65,FALSE,FALSE
294,53,105,190,174,105,190,174,105,190,174,85,69,85,69,FALSE,FALSE
294,54,105,183,184,105,183,184,105,183,184,78,79,78,79,FALSE,FALSE
294,55,104,182,186,104,182,186,104,182,186,78,82,78,82,FALSE,FALSE
294,56,101,188,190,101,188,190,101,188,190,87,89,87,89,FALSE,FALSE
294,57,102,196,187,102,196,187,102,196,187,94,85,94,85,FALSE,FALSE
294,58,104,193,180,104,193,180,104,193,180,89,76,89,76,FALSE,FALSE
294,59,105,204,188,105,204,188,105,204,188,99,83,99,83,FALSE,FALSE
294,60,111,203,187,111,203,187,111,203,187,92,76,92,76,FALSE,FALSE
295,0,79,79,79,79,79,79,79,79,79,0,0,0,0,TRUE,TRUE
295,1,98,89,80,98,89,80,98,89,80,-9,-18,9,18,FALSE,FALSE
295,2,107,106,93,107,106,93,107,106,93,-1,-14,1,14,FALSE,FALSE
295,3,109,125,103,109,125,103,109,125,103,16,-6,16,6,FALSE,FALSE
295,4,130,137,119,130,137,119,130,137,119,7,-11,7,11,FALSE,FALSE
295,5,154,164,131,154,164,131,154,164,131,10,-23,10,23,FALSE,FALSE
295,6,191,195,147,191,195,147,191,195,147,4,-44,4,44,FALSE,FALSE
295,7,205,226,169,205,226,169,205,226,169,21,-36,21,36,FALSE,FALSE
295,8,230,240,189,230,240,189,230,240,189,10,-41,10,41,FALSE,FALSE
295,9,253,249,212,253,249,212,253,249,212,-4,-41,4,41,FALSE,FALSE
295,10,271,287,212,271,287,212,271,287,212,16,-59,16,59,FALSE,FALSE
295,11,298,336,224,298,336,224,298,336,224,38,-74,38,74,FALSE,FALSE
295,12,353,359,245,353,359,245,353,359,245,6,-108,6,108,FALSE,FALSE
295,13,385,407,262,385,407,262,385,407,262,22,-123,22,123,FALSE,FALSE
295,14,404,452,300,404,452,300,404,452,300,48,-104,48,104,FALSE,FALSE
295,15,427,499,321,427,499,321,427,499,321,72,-106,72,106,FALSE,FALSE
295,16,456,552,339,456,552,339,456,552,339,96,-117,96,117,FALSE,FALSE
295,17,512,588,358,512,588,358,512,588,358,76,-154,76,154,FALSE,FALSE
295,18,536,641,392,536,641,392,536,641,392,105,-144,105,144,FALSE,FALSE
295,19,570,707,429,570,707,429,570,707,429,137,-141,137,141,FALSE,FALSE
295,20,603,768,457,603,768,457,603,768,457,165,-146,165,146,FALSE,FALSE
295,21,618,794,493,618,794,493,618,794,493,176,-125,176,125,FALSE,FALSE
295,22,680,812,509,680,812,509,680,812,509,132,-171,132,171,FALSE,FALSE
295,23,711,846,532,711,846,532,711,846,532,135,-179,135,179,FALSE,FALSE
295,24,719,883,566,719,883,566,719,883,566,164,-153,164,153,FALSE,FALSE
295,25,720,881,582,720,881,582,720,881,582,161,-138,161,138,FALSE,FALSE
295,26,703,884,604,703,884,604,703,884,604,181,-99,181,99,FALSE,FALSE
295,27,689,878,628,689,878,628,689,878,628,189,-61,189,61,FALSE,FALSE
295,28,705,866,628,705,866,628,705,866,628,161,-77,161,77,FALSE,FALSE
295,29,702,858,651,702,858,651,702,858,651,156,-51,156,51,FALSE,FALSE
295,30,687,848,683,687,848,683,687,848,683,161,-4,161,4,FALSE,FALSE
295,31,670,826,672,670,826,672,670,826,672,156,2,156,2,FALSE,FALSE
295,32,646,791,659,646,791,659,646,791,659,145,13,145,13,FALSE,FALSE
295,33,630,767,673,630,767,673,630,767,673,137,43,137,43,FALSE,FALSE
295,34,595,752,679,595,752,679,595,752,679,157,84,157,84,FALSE,FALSE
295,35,595,700,639,595,700,639,595,700,639,105,44,105,44,FALSE,FALSE
295,36,555,611,622,555,611,622,555,611,622,56,67,56,67,FALSE,FALSE
295,37,540,607,603,540,607,603,540,607,603,67,63,67,63,FALSE,FALSE
295,38,505,570,584,505,570,584,505,570,584,65,79,65,79,FALSE,FALSE
295,39,464,527,556,464,527,556,464,527,556,63,92,63,92,FALSE,FALSE
295,40,433,489,543,433,489,543,433,489,543,56,110,56,110,FALSE,FALSE
295,41,378,426,523,378,426,523,378,426,523,48,145,48,145,FALSE,FALSE
295,42,352,414,488,352,414,488,352,414,488,62,136,62,136,FALSE,FALSE
295,43,314,407,452,314,407,452,314,407,452,93,138,93,138,FALSE,FALSE
295,44,295,359,445,295,359,445,295,359,445,64,150,64,150,FALSE,FALSE
295,45,258,316,436,258,316,436,258,316,436,58,178,58,178,FALSE,FALSE
295,46,240,298,417,240,298,417,240,298,417,58,177,58,177,FALSE,FALSE
295,47,207,265,368,207,265,368,207,265,368,58,161,58,161,FALSE,FALSE
295,48,193,247,333,193,247,333,193,247,333,54,140,54,140,FALSE,FALSE
295,49,175,213,319,175,213,319,175,213,319,38,144,38,144,FALSE,FALSE
295,50,162,191,307,162,191,307,162,191,307,29,145,29,145,FALSE,FALSE
295,51,138,161,289,138,161,289,138,161,289,23,151,23,151,FALSE,FALSE
295,52,129,150,264,129,150,264,129,150,264,21,135,21,135,FALSE,FALSE
295,53,119,143,245,119,143,245,119,143,245,24,126,24,126,FALSE,FALSE
295,54,112,124,208,112,124,208,112,124,208,12,96,12,96,FALSE,FALSE
295,55,107,115,187,107,115,187,107,115,187,8,80,8,80,FALSE,FALSE
295,56,91,105,177,91,105,177,91,105,177,14,86,14,86,FALSE,FALSE
295,57,80,95,152,80,95,152,80,95,152,15,72,15,72,FALSE,FALSE
295,58,79,88,139,79,88,139,79,88,139,9,60,9,60,FALSE,FALSE
295,59,73,77,134,73,77,134,73,77,134,4,61,4,61,FALSE,FALSE
295,60,64,71,117,64,71,117,64,71,117,7,53,7,53,FALSE,FALSE
296,0,94,94,94,94,94,94,94,94,94,0,0,0,0,TRUE,TRUE
296,1,104,99,101,104,99,101,104,99,101,-5,-3,5,3,FALSE,FALSE
296,2,107,112,115,107,112,115,107,112,115,5,8,5,8,FALSE,FALSE
296,3,117,118,121,117,118,121,117,118,121,1,4,1,4,FALSE,FALSE
296,4,130,129,128,130,129,128,130,129,128,-1,-2,1,2,FALSE,FALSE
296,5,138,139,139,138,139,139,138,139,139,1,1,1,1,FALSE,FALSE
296,6,151,144,159,151,144,159,151,144,159,-7,8,7,8,FALSE,FALSE
296,7,172,162,176,172,162,176,172,162,176,-10,4,10,4,FALSE,FALSE
296,8,201,179,194,201,179,194,201,179,194,-22,-7,22,7,FALSE,FALSE
296,9,215,195,213,215,195,213,215,195,213,-20,-2,20,2,FALSE,FALSE
296,10,242,203,221,242,203,221,242,203,221,-39,-21,39,21,FALSE,FALSE
296,11,276,223,230,276,223,230,276,223,230,-53,-46,53,46,FALSE,FALSE
296,12,315,252,243,315,252,243,315,252,243,-63,-72,63,72,FALSE,FALSE
296,13,341,275,265,341,275,265,341,275,265,-66,-76,66,76,FALSE,FALSE
296,14,381,301,287,381,301,287,381,301,287,-80,-94,80,94,FALSE,FALSE
296,15,410,323,324,410,323,324,410,323,324,-87,-86,87,86,FALSE,FALSE
296,16,452,365,350,452,365,350,452,365,350,-87,-102,87,102,FALSE,FALSE
296,17,490,415,374,490,415,374,490,415,374,-75,-116,75,116,FALSE,FALSE
296,18,542,440,406,542,440,406,542,440,406,-102,-136,102,136,FALSE,FALSE
296,19,592,481,424,592,481,424,592,481,424,-111,-168,111,168,FALSE,FALSE
296,20,617,528,458,617,528,458,617,528,458,-89,-159,89,159,FALSE,FALSE
296,21,665,567,497,665,567,497,665,567,497,-98,-168,98,168,FALSE,FALSE
296,22,704,639,522,704,639,522,704,639,522,-65,-182,65,182,FALSE,FALSE
296,23,769,700,538,769,700,538,769,700,538,-69,-231,69,231,FALSE,FALSE
296,24,809,744,576,809,744,576,809,744,576,-65,-233,65,233,FALSE,FALSE
296,25,836,789,620,836,789,620,836,789,620,-47,-216,47,216,FALSE,FALSE
296,26,888,847,653,888,847,653,888,847,653,-41,-235,41,235,FALSE,FALSE
296,27,925,895,670,925,895,670,925,895,670,-30,-255,30,255,FALSE,FALSE
296,28,955,961,685,955,961,685,955,961,685,6,-270,6,270,FALSE,FALSE
296,29,958,1020,735,958,1020,735,958,1020,735,62,-223,62,223,FALSE,FALSE
296,30,985,1054,788,985,1054,788,985,1054,788,69,-197,69,197,FALSE,FALSE
296,31,1031,1092,844,1031,1092,844,1031,1092,844,61,-187,61,187,FALSE,FALSE
296,32,1065,1104,886,1065,1104,886,1065,1104,886,39,-179,39,179,FALSE,FALSE
296,33,1091,1090,914,1091,1090,914,1091,1090,914,-1,-177,1,177,FALSE,FALSE
296,34,1099,1098,922,1099,1098,922,1099,1098,922,-1,-177,1,177,FALSE,FALSE
296,35,1124,1102,937,1124,1102,937,1124,1102,937,-22,-187,22,187,FALSE,FALSE
296,36,1104,1118,954,1104,1118,954,1104,1118,954,14,-150,14,150,FALSE,FALSE
296,37,1083,1117,980,1083,1117,980,1083,1117,980,34,-103,34,103,FALSE,FALSE
296,38,1077,1113,999,1077,1113,999,1077,1113,999,36,-78,36,78,FALSE,FALSE
296,39,1073,1083,990,1073,1083,990,1073,1083,990,10,-83,10,83,FALSE,FALSE
296,40,1091,1065,996,1091,1065,996,1091,1065,996,-26,-95,26,95,FALSE,FALSE
296,41,1077,1057,988,1077,1057,988,1077,1057,988,-20,-89,20,89,FALSE,FALSE
296,42,1071,1043,965,1071,1043,965,1071,1043,965,-28,-106,28,106,FALSE,FALSE
296,43,1050,999,962,1050,999,962,1050,999,962,-51,-88,51,88,FALSE,FALSE
296,44,1006,992,953,1006,992,953,1006,992,953,-14,-53,14,53,FALSE,FALSE
296,45,974,957,920,974,957,920,974,957,920,-17,-54,17,54,FALSE,FALSE
296,46,960,918,892,960,918,892,960,918,892,-42,-68,42,68,FALSE,FALSE
296,47,947,864,849,947,864,849,947,864,849,-83,-98,83,98,FALSE,FALSE
296,48,904,816,834,904,816,834,904,816,834,-88,-70,88,70,FALSE,FALSE
296,49,873,792,830,873,792,830,873,792,830,-81,-43,81,43,FALSE,FALSE
296,50,848,764,828,848,764,828,848,764,828,-84,-20,84,20,FALSE,FALSE
296,51,806,718,812,806,718,812,806,718,812,-88,6,88,6,FALSE,FALSE
296,52,775,683,742,775,683,742,775,683,742,-92,-33,92,33,FALSE,FALSE
296,53,716,649,731,716,649,731,716,649,731,-67,15,67,15,FALSE,FALSE
296,54,684,623,707,684,623,707,684,623,707,-61,23,61,23,FALSE,FALSE
296,55,660,568,678,660,568,678,660,568,678,-92,18,92,18,FALSE,FALSE
296,56,595,547,632,595,547,632,595,547,632,-48,37,48,37,FALSE,FALSE
296,57,552,524,590,552,524,590,552,524,590,-28,38,28,38,FALSE,FALSE
296,58,519,492,569,519,492,569,519,492,569,-27,50,27,50,FALSE,FALSE
296,59,507,456,545,507,456,545,507,456,545,-51,38,51,38,FALSE,FALSE
296,60,476,423,520,476,423,520,476,423,520,-53,44,53,44,FALSE,FALSE
297,0,106,106,106,106,106,106,106,106,106,0,0,0,0,TRUE,TRUE
297,1,152,131,151,152,131,151,152,131,151,-21,-1,21,1,FALSE,FALSE
297,2,195,172,198,195,172,198,195,172,198,-23,3,23,3,FALSE,FALSE
297,3,281,232,288,281,232,288,281,232,288,-49,7,49,7,FALSE,FALSE
297,4,381,305,379,381,305,379,381,305,379,-76,-2,76,2,FALSE,FALSE
297,5,492,403,497,492,403,497,492,403,497,-89,5,89,5,FALSE,FALSE
297,6,623,516,664,623,516,664,623,516,664,-107,41,107,41,FALSE,FALSE
297,7,786,671,853,786,671,853,786,671,853,-115,67,115,67,FALSE,FALSE
297,8,977,817,1079,977,817,1079,977,817,1079,-160,102,160,102,FALSE,FALSE
297,9,1172,970,1327,1172,970,1327,1172,970,1327,-202,155,202,155,FALSE,FALSE
297,10,1378,1193,1596,1378,1193,1596,1378,1193,1596,-185,218,185,218,FALSE,FALSE
297,11,1630,1378,1828,1630,1378,1828,1630,1378,1828,-252,198,252,198,FALSE,FALSE
297,12,1859,1611,2045,1859,1611,2045,1859,1611,2045,-248,186,248,186,FALSE,FALSE
297,13,2015,1751,2215,2015,1751,2215,2015,1751,2215,-264,200,264,200,FALSE,FALSE
297,14,2084,1946,2258,2084,1946,2258,2084,1946,2258,-138,174,138,174,FALSE,FALSE
297,15,2173,2073,2214,2173,2073,2214,2173,2073,2214,-100,41,100,41,FALSE,FALSE
297,16,2181,2157,2124,2181,2157,2124,2181,2157,2124,-24,-57,24,57,FALSE,FALSE
297,17,2067,2147,1975,2067,2147,1975,2067,2147,1975,80,-92,80,92,FALSE,FALSE
297,18,1925,2039,1826,1925,2039,1826,1925,2039,1826,114,-99,114,99,FALSE,FALSE
297,19,1827,1952,1682,1827,1952,1682,1827,1952,1682,125,-145,125,145,FALSE,FALSE
297,20,1709,1827,1575,1709,1827,1575,1709,1827,1575,118,-134,118,134,FALSE,FALSE
297,21,1539,1694,1395,1539,1694,1395,1539,1694,1395,155,-144,155,144,FALSE,FALSE
297,22,1378,1549,1263,1378,1549,1263,1378,1549,1263,171,-115,171,115,FALSE,FALSE
297,23,1214,1374,1113,1214,1374,1113,1214,1374,1113,160,-101,160,101,FALSE,FALSE
297,24,1028,1263,983,1028,1263,983,1028,1263,983,235,-45,235,45,FALSE,FALSE
297,25,884,1127,848,884,1127,848,884,1127,848,243,-36,243,36,FALSE,FALSE
297,26,765,946,714,765,946,714,765,946,714,181,-51,181,51,FALSE,FALSE
297,27,639,817,580,639,817,580,639,817,580,178,-59,178,59,FALSE,FALSE
297,28,567,704,500,567,704,500,567,704,500,137,-67,137,67,FALSE,FALSE
297,29,455,602,421,455,602,421,455,602,421,147,-34,147,34,FALSE,FALSE
297,30,382,508,355,382,508,355,382,508,355,126,-27,126,27,FALSE,FALSE
297,31,320,457,307,320,457,307,320,457,307,137,-13,137,13,FALSE,FALSE
297,32,263,398,254,263,398,254,263,398,254,135,-9,135,9,FALSE,FALSE
297,33,228,338,201,228,338,201,228,338,201,110,-27,110,27,FALSE,FALSE
297,34,197,301,167,197,301,167,197,301,167,104,-30,104,30,FALSE,FALSE
297,35,160,257,130,160,257,130,160,257,130,97,-30,97,30,FALSE,FALSE
297,36,130,212,102,130,212,102,130,212,102,82,-28,82,28,FALSE,FALSE
297,37,107,175,88,107,175,88,107,175,88,68,-19,68,19,FALSE,FALSE
297,38,94,147,72,94,147,72,94,147,72,53,-22,53,22,FALSE,FALSE
297,39,81,117,59,81,117,59,81,117,59,36,-22,36,22,FALSE,FALSE
297,40,78,95,49,78,95,49,78,95,49,17,-29,17,29,FALSE,FALSE
297,41,66,81,38,66,81,38,66,81,38,15,-28,15,28,FALSE,FALSE
297,42,56,61,37,56,61,37,56,61,37,5,-19,5,19,FALSE,FALSE
297,43,42,48,34,42,48,34,42,48,34,6,-8,6,8,FALSE,FALSE
297,44,36,44,31,36,44,31,36,44,31,8,-5,8,5,FALSE,FALSE
297,45,23,37,26,23,37,26,23,37,26,14,3,14,3,FALSE,FALSE
297,46,17,29,20,17,29,20,17,29,20,12,3,12,3,FALSE,FALSE
297,47,16,26,15,16,26,15,16,26,15,10,-1,10,1,FALSE,FALSE
297,48,14,19,11,14,19,11,14,19,11,5,-3,5,3,FALSE,FALSE
297,49,16,18,8,16,18,8,16,18,8,2,-8,2,8,FALSE,FALSE
297,50,13,14,8,13,14,8,13,14,8,1,-5,1,5,FALSE,FALSE
297,51,7,13,7,7,13,7,7,13,7,6,0,6,0,FALSE,TRUE
297,52,6,10,5,6,10,5,6,10,5,4,-1,4,1,FALSE,FALSE
297,53,4,10,5,4,10,5,4,10,5,6,1,6,1,FALSE,FALSE
297,54,4,9,2,4,9,2,4,9,2,5,-2,5,2,FALSE,FALSE
297,55,4,7,1,4,7,1,4,7,1,3,-3,3,3,FALSE,FALSE
297,56,3,8,1,3,8,1,3,8,1,5,-2,5,2,FALSE,FALSE
297,57,4,5,1,4,5,1,4,5,1,1,-3,1,3,FALSE,FALSE
297,58,3,5,1,3,5,1,3,5,1,2,-2,2,2,FALSE,FALSE
297,59,2,6,1,2,6,1,2,6,1,4,-1,4,1,FALSE,FALSE
297,60,2,3,1,2,3,1,2,3,1,1,-1,1,1,FALSE,FALSE
298,0,77,77,77,77,77,77,77,77,77,0,0,0,0,TRUE,TRUE
298,1,97,91,92,97,91,92,97,91,92,-6,-5,6,5,FALSE,FALSE
298,2,153,98,118,153,98,118,153,98,118,-55,-35,55,35,FALSE,FALSE
298,3,206,113,132,206,113,132,206,113,132,-93,-74,93,74,FALSE,FALSE
298,4,275,147,170,275,147,170,275,147,170,-128,-105,128,105,FALSE,FALSE
298,5,360,168,228,360,168,228,360,168,228,-192,-132,192,132,FALSE,FALSE
298,6,458,202,293,458,202,293,458,202,293,-256,-165,256,165,FALSE,FALSE
298,7,612,211,386,612,211,386,612,211,386,-401,-226,401,226,FALSE,FALSE
298,8,758,254,465,758,254,465,758,254,465,-504,-293,504,293,FALSE,FALSE
298,9,931,294,593,931,294,593,931,294,593,-637,-338,637,338,FALSE,FALSE
298,10,1117,349,769,1117,349,769,1117,349,769,-768,-348,768,348,FALSE,FALSE
298,11,1305,386,909,1305,386,909,1305,386,909,-919,-396,919,396,FALSE,FALSE
298,12,1480,414,1070,1480,414,1070,1480,414,1070,-1066,-410,1066,410,FALSE,FALSE
298,13,1579,462,1226,1579,462,1226,1579,462,1226,-1117,-353,1117,353,FALSE,FALSE
298,14,1662,544,1349,1662,544,1349,1662,544,1349,-1118,-313,1118,313,FALSE,FALSE
298,15,1664,645,1441,1664,645,1441,1664,645,1441,-1019,-223,1019,223,FALSE,FALSE
298,16,1607,738,1498,1607,738,1498,1607,738,1498,-869,-109,869,109,FALSE,FALSE
298,17,1562,848,1474,1562,848,1474,1562,848,1474,-714,-88,714,88,FALSE,FALSE
298,18,1444,896,1498,1444,896,1498,1444,896,1498,-548,54,548,54,FALSE,FALSE
298,19,1353,981,1375,1353,981,1375,1353,981,1375,-372,22,372,22,FALSE,FALSE
298,20,1216,1035,1319,1216,1035,1319,1216,1035,1319,-181,103,181,103,FALSE,FALSE
298,21,1087,1056,1217,1087,1056,1217,1087,1056,1217,-31,130,31,130,FALSE,FALSE
298,22,959,1114,1115,959,1114,1115,959,1114,1115,155,156,155,156,FALSE,FALSE
298,23,843,1117,1025,843,1117,1025,843,1117,1025,274,182,274,182,FALSE,FALSE
298,24,725,1100,908,725,1100,908,725,1100,908,375,183,375,183,FALSE,FALSE
298,25,612,1080,780,612,1080,780,612,1080,780,468,168,468,168,FALSE,FALSE
298,26,538,1021,674,538,1021,674,538,1021,674,483,136,483,136,FALSE,FALSE
298,27,475,988,562,475,988,562,475,988,562,513,87,513,87,FALSE,FALSE
298,28,412,928,481,412,928,481,412,928,481,516,69,516,69,FALSE,FALSE
298,29,344,874,405,344,874,405,344,874,405,530,61,530,61,FALSE,FALSE
298,30,289,824,317,289,824,317,289,824,317,535,28,535,28,FALSE,FALSE
298,31,236,767,278,236,767,278,236,767,278,531,42,531,42,FALSE,FALSE
298,32,193,721,249,193,721,249,193,721,249,528,56,528,56,FALSE,FALSE
298,33,168,641,218,168,641,218,168,641,218,473,50,473,50,FALSE,FALSE
298,34,142,579,196,142,579,196,142,579,196,437,54,437,54,FALSE,FALSE
298,35,111,509,149,111,509,149,111,509,149,398,38,398,38,FALSE,FALSE
298,36,87,451,127,87,451,127,87,451,127,364,40,364,40,FALSE,FALSE
298,37,78,402,97,78,402,97,78,402,97,324,19,324,19,FALSE,FALSE
298,38,69,356,86,69,356,86,69,356,86,287,17,287,17,FALSE,FALSE
298,39,59,320,69,59,320,69,59,320,69,261,10,261,10,FALSE,FALSE
298,40,49,266,62,49,266,62,49,266,62,217,13,217,13,FALSE,FALSE
298,41,46,240,49,46,240,49,46,240,49,194,3,194,3,FALSE,FALSE
298,42,39,228,38,39,228,38,39,228,38,189,-1,189,1,FALSE,FALSE
298,43,34,187,31,34,187,31,34,187,31,153,-3,153,3,FALSE,FALSE
298,44,27,163,30,27,163,30,27,163,30,136,3,136,3,FALSE,FALSE
298,45,18,144,24,18,144,24,18,144,24,126,6,126,6,FALSE,FALSE
298,46,15,126,18,15,126,18,15,126,18,111,3,111,3,FALSE,FALSE
298,47,14,109,15,14,109,15,14,109,15,95,1,95,1,FALSE,FALSE
298,48,11,88,14,11,88,14,11,88,14,77,3,77,3,FALSE,FALSE
298,49,7,80,10,7,80,10,7,80,10,73,3,73,3,FALSE,FALSE
298,50,8,67,8,8,67,8,8,67,8,59,0,59,0,FALSE,TRUE
298,51,7,59,7,7,59,7,7,59,7,52,0,52,0,FALSE,TRUE
298,52,6,49,7,6,49,7,6,49,7,43,1,43,1,FALSE,FALSE
298,53,2,44,4,2,44,4,2,44,4,42,2,42,2,FALSE,FALSE
298,54,1,38,3,1,38,3,1,38,3,37,2,37,2,FALSE,FALSE
298,55,1,30,3,1,30,3,1,30,3,29,2,29,2,FALSE,FALSE
298,56,1,28,3,1,28,3,1,28,3,27,2,27,2,FALSE,FALSE
298,57,1,24,3,1,24,3,1,24,3,23,2,23,2,FALSE,FALSE
298,58,1,23,4,1,23,4,1,23,4,22,3,22,3,FALSE,FALSE
298,59,0,16,4,0,16,4,0,16,4,16,4,16,4,FALSE,FALSE
298,60,0,13,3,0,13,3,0,13,3,13,3,13,3,FALSE,FALSE
299,0,74,74,74,74,74,74,74,74,74,0,0,0,0,TRUE,TRUE
299,1,86,96,96,86,96,96,86,96,96,10,10,10,10,FALSE,FALSE
299,2,104,133,116,104,133,116,104,133,116,29,12,29,12,FALSE,FALSE
299,3,124,160,135,124,160,135,124,160,135,36,11,36,11,FALSE,FALSE
299,4,153,190,159,153,190,159,153,190,159,37,6,37,6,FALSE,FALSE
299,5,189,245,194,189,245,194,189,245,194,56,5,56,5,FALSE,FALSE
299,6,212,293,218,212,293,218,212,293,218,81,6,81,6,FALSE,FALSE
299,7,259,370,254,259,370,254,259,370,254,111,-5,111,5,FALSE,FALSE
299,8,313,454,302,313,454,302,313,454,302,141,-11,141,11,FALSE,FALSE
299,9,373,577,359,373,577,359,373,577,359,204,-14,204,14,FALSE,FALSE
299,10,456,678,425,456,678,425,456,678,425,222,-31,222,31,FALSE,FALSE
299,11,538,758,509,538,758,509,538,758,509,220,-29,220,29,FALSE,FALSE
299,12,596,876,593,596,876,593,596,876,593,280,-3,280,3,FALSE,FALSE
299,13,702,985,669,702,985,669,702,985,669,283,-33,283,33,FALSE,FALSE
299,14,775,1113,772,775,1113,772,775,1113,772,338,-3,338,3,FALSE,FALSE
299,15,822,1234,867,822,1234,867,822,1234,867,412,45,412,45,FALSE,FALSE
299,16,898,1293,913,898,1293,913,898,1293,913,395,15,395,15,FALSE,FALSE
299,17,957,1353,999,957,1353,999,957,1353,999,396,42,396,42,FALSE,FALSE
299,18,1049,1326,1073,1049,1326,1073,1049,1326,1073,277,24,277,24,FALSE,FALSE
299,19,1056,1329,1137,1056,1329,1137,1056,1329,1137,273,81,273,81,FALSE,FALSE
299,20,1096,1329,1158,1096,1329,1158,1096,1329,1158,233,62,233,62,FALSE,FALSE
299,21,1114,1267,1158,1114,1267,1158,1114,1267,1158,153,44,153,44,FALSE,FALSE
299,22,1105,1220,1142,1105,1220,1142,1105,1220,1142,115,37,115,37,FALSE,FALSE
299,23,1095,1157,1118,1095,1157,1118,1095,1157,1118,62,23,62,23,FALSE,FALSE
299,24,1081,1078,1071,1081,1078,1071,1081,1078,1071,-3,-10,3,10,FALSE,FALSE
299,25,1056,988,1004,1056,988,1004,1056,988,1004,-68,-52,68,52,FALSE,FALSE
299,26,1013,893,959,1013,893,959,1013,893,959,-120,-54,120,54,FALSE,FALSE
299,27,919,833,878,919,833,878,919,833,878,-86,-41,86,41,FALSE,FALSE
299,28,850,767,786,850,767,786,850,767,786,-83,-64,83,64,FALSE,FALSE
299,29,791,652,705,791,652,705,791,652,705,-139,-86,139,86,FALSE,FALSE
299,30,728,576,647,728,576,647,728,576,647,-152,-81,152,81,FALSE,FALSE
299,31,667,543,596,667,543,596,667,543,596,-124,-71,124,71,FALSE,FALSE
299,32,617,476,578,617,476,578,617,476,578,-141,-39,141,39,FALSE,FALSE
299,33,555,412,511,555,412,511,555,412,511,-143,-44,143,44,FALSE,FALSE
299,34,511,368,430,511,368,430,511,368,430,-143,-81,143,81,FALSE,FALSE
299,35,456,324,389,456,324,389,456,324,389,-132,-67,132,67,FALSE,FALSE
299,36,430,266,331,430,266,331,430,266,331,-164,-99,164,99,FALSE,FALSE
299,37,384,225,295,384,225,295,384,225,295,-159,-89,159,89,FALSE,FALSE
299,38,344,191,262,344,191,262,344,191,262,-153,-82,153,82,FALSE,FALSE
299,39,296,165,224,296,165,224,296,165,224,-131,-72,131,72,FALSE,FALSE
299,40,251,158,205,251,158,205,251,158,205,-93,-46,93,46,FALSE,FALSE
299,41,226,142,187,226,142,187,226,142,187,-84,-39,84,39,FALSE,FALSE
299,42,192,128,175,192,128,175,192,128,175,-64,-17,64,17,FALSE,FALSE
299,43,163,108,159,163,108,159,163,108,159,-55,-4,55,4,FALSE,FALSE
299,44,145,99,132,145,99,132,145,99,132,-46,-13,46,13,FALSE,FALSE
299,45,128,81,119,128,81,119,128,81,119,-47,-9,47,9,FALSE,FALSE
299,46,115,71,97,115,71,97,115,71,97,-44,-18,44,18,FALSE,FALSE
299,47,99,60,88,99,60,88,99,60,88,-39,-11,39,11,FALSE,FALSE
299,48,83,57,83,83,57,83,83,57,83,-26,0,26,0,FALSE,TRUE
299,49,76,48,75,76,48,75,76,48,75,-28,-1,28,1,FALSE,FALSE
299,50,70,39,63,70,39,63,70,39,63,-31,-7,31,7,FALSE,FALSE
299,51,58,37,50,58,37,50,58,37,50,-21,-8,21,8,FALSE,FALSE
299,52,53,33,44,53,33,44,53,33,44,-20,-9,20,9,FALSE,FALSE
299,53,49,25,37,49,25,37,49,25,37,-24,-12,24,12,FALSE,FALSE
299,54,46,22,32,46,22,32,46,22,32,-24,-14,24,14,FALSE,FALSE
299,55,34,23,31,34,23,31,34,23,31,-11,-3,11,3,FALSE,FALSE
299,56,26,18,25,26,18,25,26,18,25,-8,-1,8,1,FALSE,FALSE
299,57,26,17,16,26,17,16,26,17,16,-9,-10,9,10,FALSE,FALSE
299,58,21,16,14,21,16,14,21,16,14,-5,-7,5,7,FALSE,FALSE
299,59,15,15,11,15,15,11,15,15,11,0,-4,0,4,TRUE,FALSE
299,60,12,16,12,12,16,12,12,16,12,4,0,4,0,FALSE,TRUE
300,0,176,176,176,176,176,176,176,176,176,0,0,0,0,TRUE,TRUE
300,1,274,253,262,274,253,262,274,253,262,-21,-12,21,12,FALSE,FALSE
300,2,403,392,407,403,392,407,403,392,407,-11,4,11,4,FALSE,FALSE
300,3,630,589,564,630,589,564,630,589,564,-41,-66,41,66,FALSE,FALSE
300,4,899,841,852,899,841,852,899,841,852,-58,-47,58,47,FALSE,FALSE
300,5,1262,1176,1190,1262,1176,1190,1262,1176,1190,-86,-72,86,72,FALSE,FALSE
300,6,1768,1639,1603,1768,1639,1603,1768,1639,1603,-129,-165,129,165,FALSE,FALSE
300,7,2299,2137,2088,2299,2137,2088,2299,2137,2088,-162,-211,162,211,FALSE,FALSE
300,8,2813,2620,2611,2813,2620,2611,2813,2620,2611,-193,-202,193,202,FALSE,FALSE
300,9,3227,3048,3122,3227,3048,3122,3227,3048,3122,-179,-105,179,105,FALSE,FALSE
300,10,3475,3329,3426,3475,3329,3426,3475,3329,3426,-146,-49,146,49,FALSE,FALSE
300,11,3483,3471,3563,3483,3471,3563,3483,3471,3563,-12,80,12,80,FALSE,FALSE
300,12,3424,3448,3490,3424,3448,3490,3424,3448,3490,24,66,24,66,FALSE,FALSE
300,13,3222,3303,3318,3222,3303,3318,3222,3303,3318,81,96,81,96,FALSE,FALSE
300,14,2946,3023,3029,2946,3023,3029,2946,3023,3029,77,83,77,83,FALSE,FALSE
300,15,2637,2720,2648,2637,2720,2648,2637,2720,2648,83,11,83,11,FALSE,FALSE
300,16,2347,2385,2309,2347,2385,2309,2347,2385,2309,38,-38,38,38,FALSE,FALSE
300,17,2034,2063,2021,2034,2063,2021,2034,2063,2021,29,-13,29,13,FALSE,FALSE
300,18,1733,1802,1745,1733,1802,1745,1733,1802,1745,69,12,69,12,FALSE,FALSE
300,19,1433,1549,1509,1433,1549,1509,1433,1549,1509,116,76,116,76,FALSE,FALSE
300,20,1197,1333,1313,1197,1333,1313,1197,1333,1313,136,116,136,116,FALSE,FALSE
300,21,996,1128,1110,996,1128,1110,996,1128,1110,132,114,132,114,FALSE,FALSE
300,22,829,967,888,829,967,888,829,967,888,138,59,138,59,FALSE,FALSE
300,23,710,807,728,710,807,728,710,807,728,97,18,97,18,FALSE,FALSE
300,24,600,667,608,600,667,608,600,667,608,67,8,67,8,FALSE,FALSE
300,25,497,560,493,497,560,493,497,560,493,63,-4,63,4,FALSE,FALSE
300,26,404,477,406,404,477,406,404,477,406,73,2,73,2,FALSE,FALSE
300,27,339,379,344,339,379,344,339,379,344,40,5,40,5,FALSE,FALSE
300,28,273,315,276,273,315,276,273,315,276,42,3,42,3,FALSE,FALSE
300,29,219,247,216,219,247,216,219,247,216,28,-3,28,3,FALSE,FALSE
300,30,182,194,177,182,194,177,182,194,177,12,-5,12,5,FALSE,FALSE
300,31,148,162,154,148,162,154,148,162,154,14,6,14,6,FALSE,FALSE
300,32,130,126,117,130,126,117,130,126,117,-4,-13,4,13,FALSE,FALSE
300,33,97,108,86,97,108,86,97,108,86,11,-11,11,11,FALSE,FALSE
300,34,84,89,74,84,89,74,84,89,74,5,-10,5,10,FALSE,FALSE
300,35,72,76,62,72,76,62,72,76,62,4,-10,4,10,FALSE,FALSE
300,36,65,62,54,65,62,54,65,62,54,-3,-11,3,11,FALSE,FALSE
300,37,55,45,47,55,45,47,55,45,47,-10,-8,10,8,FALSE,FALSE
300,38,44,33,40,44,33,40,44,33,40,-11,-4,11,4,FALSE,FALSE
300,39,31,25,29,31,25,29,31,25,29,-6,-2,6,2,FALSE,FALSE
300,40,24,21,26,24,21,26,24,21,26,-3,2,3,2,FALSE,FALSE
300,41,18,18,21,18,18,21,18,18,21,0,3,0,3,TRUE,FALSE
300,42,17,15,20,17,15,20,17,15,20,-2,3,2,3,FALSE,FALSE
300,43,15,12,17,15,12,17,15,12,17,-3,2,3,2,FALSE,FALSE
300,44,14,10,11,14,10,11,14,10,11,-4,-3,4,3,FALSE,FALSE
300,45,14,8,10,14,8,10,14,8,10,-6,-4,6,4,FALSE,FALSE
300,46,11,7,9,11,7,9,11,7,9,-4,-2,4,2,FALSE,FALSE
300,47,7,7,6,7,7,6,7,7,6,0,-1,0,1,TRUE,FALSE
300,48,7,4,5,7,4,5,7,4,5,-3,-2,3,2,FALSE,FALSE
300,49,7,3,3,7,3,3,7,3,3,-4,-4,4,4,FALSE,FALSE
300,50,7,3,2,7,3,2,7,3,2,-4,-5,4,5,FALSE,FALSE
300,51,5,3,2,5,3,2,5,3,2,-2,-3,2,3,FALSE,FALSE
300,52,5,2,2,5,2,2,5,2,2,-3,-3,3,3,FALSE,FALSE
300,53,4,3,2,4,3,2,4,3,2,-1,-2,1,2,FALSE,FALSE
300,54,4,2,2,4,2,2,4,2,2,-2,-2,2,2,FALSE,FALSE
300,55,2,2,1,2,2,1,2,2,1,0,-1,0,1,TRUE,FALSE
300,56,1,2,1,1,2,1,1,2,1,1,0,1,0,FALSE,TRUE
300,57,1,1,1,1,1,1,1,1,1,0,0,0,0,TRUE,TRUE
300,58,1,1,1,1,1,1,1,1,1,0,0,0,0,TRUE,TRUE
300,59,1,1,0,1,1,0,1,1,0,0,-1,0,1,TRUE,FALSE
300,60,2,0,0,2,0,0,2,0,0,-2,-2,2,2,FALSE,FALSE
301,0,166,166,166,166,166,166,166,166,166,0,0,0,0,TRUE,TRUE
301,1,177,175,152,177,175,152,177,175,152,-2,-25,2,25,FALSE,FALSE
301,2,178,209,149,178,209,149,178,209,149,31,-29,31,29,FALSE,FALSE
301,3,178,231,169,178,231,169,178,231,169,53,-9,53,9,FALSE,FALSE
301,4,182,253,180,182,253,180,182,253,180,71,-2,71,2,FALSE,FALSE
301,5,189,275,190,189,275,190,189,275,190,86,1,86,1,FALSE,FALSE
301,6,197,284,198,197,284,198,197,284,198,87,1,87,1,FALSE,FALSE
301,7,197,303,210,197,303,210,197,303,210,106,13,106,13,FALSE,FALSE
301,8,198,336,220,198,336,220,198,336,220,138,22,138,22,FALSE,FALSE
301,9,189,372,238,189,372,238,189,372,238,183,49,183,49,FALSE,FALSE
301,10,200,363,261,200,363,261,200,363,261,163,61,163,61,FALSE,FALSE
301,11,200,381,251,200,381,251,200,381,251,181,51,181,51,FALSE,FALSE
301,12,218,413,260,218,413,260,218,413,260,195,42,195,42,FALSE,FALSE
301,13,238,417,265,238,417,265,238,417,265,179,27,179,27,FALSE,FALSE
301,14,253,430,252,253,430,252,253,430,252,177,-1,177,1,FALSE,FALSE
301,15,258,437,256,258,437,256,258,437,256,179,-2,179,2,FALSE,FALSE
301,16,267,437,253,267,437,253,267,437,253,170,-14,170,14,FALSE,FALSE
301,17,260,461,266,260,461,266,260,461,266,201,6,201,6,FALSE,FALSE
301,18,280,467,267,280,467,267,280,467,267,187,-13,187,13,FALSE,FALSE
301,19,298,469,262,298,469,262,298,469,262,171,-36,171,36,FALSE,FALSE
301,20,283,477,268,283,477,268,283,477,268,194,-15,194,15,FALSE,FALSE
301,21,264,467,261,264,467,261,264,467,261,203,-3,203,3,FALSE,FALSE
301,22,270,472,267,270,472,267,270,472,267,202,-3,202,3,FALSE,FALSE
301,23,263,477,270,263,477,270,263,477,270,214,7,214,7,FALSE,FALSE
301,24,264,482,272,264,482,272,264,482,272,218,8,218,8,FALSE,FALSE
301,25,267,477,270,267,477,270,267,477,270,210,3,210,3,FALSE,FALSE
301,26,266,496,256,266,496,256,266,496,256,230,-10,230,10,FALSE,FALSE
301,27,266,487,256,266,487,256,266,487,256,221,-10,221,10,FALSE,FALSE
301,28,270,499,252,270,499,252,270,499,252,229,-18,229,18,FALSE,FALSE
301,29,286,500,245,286,500,245,286,500,245,214,-41,214,41,FALSE,FALSE
301,30,288,499,250,288,499,250,288,499,250,211,-38,211,38,FALSE,FALSE
301,31,285,477,238,285,477,238,285,477,238,192,-47,192,47,FALSE,FALSE
301,32,283,466,236,283,466,236,283,466,236,183,-47,183,47,FALSE,FALSE
301,33,274,448,235,274,448,235,274,448,235,174,-39,174,39,FALSE,FALSE
301,34,277,441,224,277,441,224,277,441,224,164,-53,164,53,FALSE,FALSE
301,35,273,435,206,273,435,206,273,435,206,162,-67,162,67,FALSE,FALSE
301,36,278,402,203,278,402,203,278,402,203,124,-75,124,75,FALSE,FALSE
301,37,263,381,207,263,381,207,263,381,207,118,-56,118,56,FALSE,FALSE
301,38,257,371,202,257,371,202,257,371,202,114,-55,114,55,FALSE,FALSE
301,39,263,360,180,263,360,180,263,360,180,97,-83,97,83,FALSE,FALSE
301,40,255,344,181,255,344,181,255,344,181,89,-74,89,74,FALSE,FALSE
301,41,257,324,180,257,324,180,257,324,180,67,-77,67,77,FALSE,FALSE
301,42,245,317,178,245,317,178,245,317,178,72,-67,72,67,FALSE,FALSE
301,43,242,294,184,242,294,184,242,294,184,52,-58,52,58,FALSE,FALSE
301,44,241,282,183,241,282,183,241,282,183,41,-58,41,58,FALSE,FALSE
301,45,235,259,187,235,259,187,235,259,187,24,-48,24,48,FALSE,FALSE
301,46,235,250,183,235,250,183,235,250,183,15,-52,15,52,FALSE,FALSE
301,47,231,233,179,231,233,179,231,233,179,2,-52,2,52,FALSE,FALSE
301,48,230,231,167,230,231,167,230,231,167,1,-63,1,63,FALSE,FALSE
301,49,217,213,156,217,213,156,217,213,156,-4,-61,4,61,FALSE,FALSE
301,50,205,204,149,205,204,149,205,204,149,-1,-56,1,56,FALSE,FALSE
301,51,199,196,144,199,196,144,199,196,144,-3,-55,3,55,FALSE,FALSE
301,52,194,196,153,194,196,153,194,196,153,2,-41,2,41,FALSE,FALSE
301,53,180,177,147,180,177,147,180,177,147,-3,-33,3,33,FALSE,FALSE
301,54,168,171,131,168,171,131,168,171,131,3,-37,3,37,FALSE,FALSE
301,55,168,166,119,168,166,119,168,166,119,-2,-49,2,49,FALSE,FALSE
301,56,162,163,119,162,163,119,162,163,119,1,-43,1,43,FALSE,FALSE
301,57,161,154,123,161,154,123,161,154,123,-7,-38,7,38,FALSE,FALSE
301,58,147,150,119,147,150,119,147,150,119,3,-28,3,28,FALSE,FALSE
301,59,149,149,131,149,149,131,149,149,131,0,-18,0,18,TRUE,FALSE
301,60,150,139,132,150,139,132,150,139,132,-11,-18,11,18,FALSE,FALSE
302,0,166,166,166,166,166,166,166,166,166,0,0,0,0,TRUE,TRUE
302,1,215,218,228,215,218,228,215,218,228,3,13,3,13,FALSE,FALSE
302,2,285,297,314,285,297,314,285,297,314,12,29,12,29,FALSE,FALSE
302,3,397,422,432,397,422,432,397,422,432,25,35,25,35,FALSE,FALSE
302,4,532,547,576,532,547,576,532,547,576,15,44,15,44,FALSE,FALSE
302,5,692,752,777,692,752,777,692,752,777,60,85,60,85,FALSE,FALSE
302,6,935,1009,986,935,1009,986,935,1009,986,74,51,74,51,FALSE,FALSE
302,7,1211,1317,1257,1211,1317,1257,1211,1317,1257,106,46,106,46,FALSE,FALSE
302,8,1510,1650,1591,1510,1650,1591,1510,1650,1591,140,81,140,81,FALSE,FALSE
302,9,1839,1953,1950,1839,1953,1950,1839,1953,1950,114,111,114,111,FALSE,FALSE
302,10,2155,2336,2325,2155,2336,2325,2155,2336,2325,181,170,181,170,FALSE,FALSE
302,11,2469,2662,2625,2469,2662,2625,2469,2662,2625,193,156,193,156,FALSE,FALSE
302,12,2653,2898,2832,2653,2898,2832,2653,2898,2832,245,179,245,179,FALSE,FALSE
302,13,2831,2986,3005,2831,2986,3005,2831,2986,3005,155,174,155,174,FALSE,FALSE
302,14,2913,2965,3059,2913,2965,3059,2913,2965,3059,52,146,52,146,FALSE,FALSE
302,15,2850,2827,2969,2850,2827,2969,2850,2827,2969,-23,119,23,119,FALSE,FALSE
302,16,2693,2655,2818,2693,2655,2818,2693,2655,2818,-38,125,38,125,FALSE,FALSE
302,17,2509,2458,2602,2509,2458,2602,2509,2458,2602,-51,93,51,93,FALSE,FALSE
302,18,2322,2216,2338,2322,2216,2338,2322,2216,2338,-106,16,106,16,FALSE,FALSE
302,19,2124,1966,2109,2124,1966,2109,2124,1966,2109,-158,-15,158,15,FALSE,FALSE
302,20,1894,1730,1834,1894,1730,1834,1894,1730,1834,-164,-60,164,60,FALSE,FALSE
302,21,1698,1522,1620,1698,1522,1620,1698,1522,1620,-176,-78,176,78,FALSE,FALSE
302,22,1469,1313,1412,1469,1313,1412,1469,1313,1412,-156,-57,156,57,FALSE,FALSE
302,23,1237,1118,1208,1237,1118,1208,1237,1118,1208,-119,-29,119,29,FALSE,FALSE
302,24,1044,940,1020,1044,940,1020,1044,940,1020,-104,-24,104,24,FALSE,FALSE
302,25,894,813,862,894,813,862,894,813,862,-81,-32,81,32,FALSE,FALSE
302,26,749,685,746,749,685,746,749,685,746,-64,-3,64,3,FALSE,FALSE
302,27,639,576,642,639,576,642,639,576,642,-63,3,63,3,FALSE,FALSE
302,28,558,491,512,558,491,512,558,491,512,-67,-46,67,46,FALSE,FALSE
302,29,472,417,445,472,417,445,472,417,445,-55,-27,55,27,FALSE,FALSE
302,30,389,357,383,389,357,383,389,357,383,-32,-6,32,6,FALSE,FALSE
302,31,320,296,327,320,296,327,320,296,327,-24,7,24,7,FALSE,FALSE
302,32,263,238,268,263,238,268,263,238,268,-25,5,25,5,FALSE,FALSE
302,33,219,199,225,219,199,225,219,199,225,-20,6,20,6,FALSE,FALSE
302,34,192,158,186,192,158,186,192,158,186,-34,-6,34,6,FALSE,FALSE
302,35,171,131,161,171,131,161,171,131,161,-40,-10,40,10,FALSE,FALSE
302,36,143,113,132,143,113,132,143,113,132,-30,-11,30,11,FALSE,FALSE
302,37,120,105,115,120,105,115,120,105,115,-15,-5,15,5,FALSE,FALSE
302,38,101,76,102,101,76,102,101,76,102,-25,1,25,1,FALSE,FALSE
302,39,91,64,88,91,64,88,91,64,88,-27,-3,27,3,FALSE,FALSE
302,40,78,53,74,78,53,74,78,53,74,-25,-4,25,4,FALSE,FALSE
302,41,64,41,59,64,41,59,64,41,59,-23,-5,23,5,FALSE,FALSE
302,42,47,31,52,47,31,52,47,31,52,-16,5,16,5,FALSE,FALSE
302,43,32,27,43,32,27,43,32,27,43,-5,11,5,11,FALSE,FALSE
302,44,26,22,42,26,22,42,26,22,42,-4,16,4,16,FALSE,FALSE
302,45,21,17,29,21,17,29,21,17,29,-4,8,4,8,FALSE,FALSE
302,46,15,14,25,15,14,25,15,14,25,-1,10,1,10,FALSE,FALSE
302,47,9,11,25,9,11,25,9,11,25,2,16,2,16,FALSE,FALSE
302,48,7,10,19,7,10,19,7,10,19,3,12,3,12,FALSE,FALSE
302,49,4,9,19,4,9,19,4,9,19,5,15,5,15,FALSE,FALSE
302,50,3,8,16,3,8,16,3,8,16,5,13,5,13,FALSE,FALSE
302,51,4,7,15,4,7,15,4,7,15,3,11,3,11,FALSE,FALSE
302,52,4,6,16,4,6,16,4,6,16,2,12,2,12,FALSE,FALSE
302,53,3,4,12,3,4,12,3,4,12,1,9,1,9,FALSE,FALSE
302,54,3,3,11,3,3,11,3,3,11,0,8,0,8,TRUE,FALSE
302,55,3,3,8,3,3,8,3,3,8,0,5,0,5,TRUE,FALSE
302,56,1,4,6,1,4,6,1,4,6,3,5,3,5,FALSE,FALSE
302,57,1,4,4,1,4,4,1,4,4,3,3,3,3,FALSE,FALSE
302,58,1,4,6,1,4,6,1,4,6,3,5,3,5,FALSE,FALSE
302,59,1,4,6,1,4,6,1,4,6,3,5,3,5,FALSE,FALSE
302,60,0,3,7,0,3,7,0,3,7,3,7,3,7,FALSE,FALSE
303,0,88,88,88,88,88,88,88,88,88,0,0,0,0,TRUE,TRUE
303,1,86,90,88,86,90,88,86,90,88,4,2,4,2,FALSE,FALSE
303,2,91,102,91,91,102,91,91,102,91,11,0,11,0,FALSE,TRUE
303,3,98,114,92,98,114,92,98,114,92,16,-6,16,6,FALSE,FALSE
303,4,102,111,95,102,111,95,102,111,95,9,-7,9,7,FALSE,FALSE
303,5,105,101,94,105,101,94,105,101,94,-4,-11,4,11,FALSE,FALSE
303,6,106,104,97,106,104,97,106,104,97,-2,-9,2,9,FALSE,FALSE
303,7,110,104,99,110,104,99,110,104,99,-6,-11,6,11,FALSE,FALSE
303,8,110,114,100,110,114,100,110,114,100,4,-10,4,10,FALSE,FALSE
303,9,106,128,103,106,128,103,106,128,103,22,-3,22,3,FALSE,FALSE
303,10,112,130,103,112,130,103,112,130,103,18,-9,18,9,FALSE,FALSE
303,11,116,132,111,116,132,111,116,132,111,16,-5,16,5,FALSE,FALSE
303,12,118,134,113,118,134,113,118,134,113,16,-5,16,5,FALSE,FALSE
303,13,125,121,117,125,121,117,125,121,117,-4,-8,4,8,FALSE,FALSE
303,14,119,121,115,119,121,115,119,121,115,2,-4,2,4,FALSE,FALSE
303,15,125,120,118,125,120,118,125,120,118,-5,-7,5,7,FALSE,FALSE
303,16,119,126,122,119,126,122,119,126,122,7,3,7,3,FALSE,FALSE
303,17,122,138,127,122,138,127,122,138,127,16,5,16,5,FALSE,FALSE
303,18,130,148,124,130,148,124,130,148,124,18,-6,18,6,FALSE,FALSE
303,19,137,145,131,137,145,131,137,145,131,8,-6,8,6,FALSE,FALSE
303,20,131,138,130,131,138,130,131,138,130,7,-1,7,1,FALSE,FALSE
303,21,139,143,133,139,143,133,139,143,133,4,-6,4,6,FALSE,FALSE
303,22,133,142,133,133,142,133,133,142,133,9,0,9,0,FALSE,TRUE
303,23,133,142,126,133,142,126,133,142,126,9,-7,9,7,FALSE,FALSE
303,24,136,145,124,136,145,124,136,145,124,9,-12,9,12,FALSE,FALSE
303,25,146,152,133,146,152,133,146,152,133,6,-13,6,13,FALSE,FALSE
303,26,150,159,132,150,159,132,150,159,132,9,-18,9,18,FALSE,FALSE
303,27,155,170,132,155,170,132,155,170,132,15,-23,15,23,FALSE,FALSE
303,28,145,174,128,145,174,128,145,174,128,29,-17,29,17,FALSE,FALSE
303,29,149,183,123,149,183,123,149,183,123,34,-26,34,26,FALSE,FALSE
303,30,148,172,123,148,172,123,148,172,123,24,-25,24,25,FALSE,FALSE
303,31,152,158,123,152,158,123,152,158,123,6,-29,6,29,FALSE,FALSE
303,32,154,157,120,154,157,120,154,157,120,3,-34,3,34,FALSE,FALSE
303,33,151,155,123,151,155,123,151,155,123,4,-28,4,28,FALSE,FALSE
303,34,148,162,127,148,162,127,148,162,127,14,-21,14,21,FALSE,FALSE
303,35,149,156,124,149,156,124,149,156,124,7,-25,7,25,FALSE,FALSE
303,36,145,172,133,145,172,133,145,172,133,27,-12,27,12,FALSE,FALSE
303,37,147,172,133,147,172,133,147,172,133,25,-14,25,14,FALSE,FALSE
303,38,146,184,133,146,184,133,146,184,133,38,-13,38,13,FALSE,FALSE
303,39,143,192,133,143,192,133,143,192,133,49,-10,49,10,FALSE,FALSE
303,40,142,195,138,142,195,138,142,195,138,53,-4,53,4,FALSE,FALSE
303,41,142,182,137,142,182,137,142,182,137,40,-5,40,5,FALSE,FALSE
303,42,135,176,138,135,176,138,135,176,138,41,3,41,3,FALSE,FALSE
303,43,136,166,139,136,166,139,136,166,139,30,3,30,3,FALSE,FALSE
303,44,140,164,142,140,164,142,140,164,142,24,2,24,2,FALSE,FALSE
303,45,138,140,139,138,140,139,138,140,139,2,1,2,1,FALSE,FALSE
303,46,132,148,141,132,148,141,132,148,141,16,9,16,9,FALSE,FALSE
303,47,135,147,140,135,147,140,135,147,140,12,5,12,5,FALSE,FALSE
303,48,141,157,138,141,157,138,141,157,138,16,-3,16,3,FALSE,FALSE
303,49,136,156,142,136,156,142,136,156,142,20,6,20,6,FALSE,FALSE
303,50,144,160,138,144,160,138,144,160,138,16,-6,16,6,FALSE,FALSE
303,51,146,169,135,146,169,135,146,169,135,23,-11,23,11,FALSE,FALSE
303,52,145,167,140,145,167,140,145,167,140,22,-5,22,5,FALSE,FALSE
303,53,144,163,143,144,163,143,144,163,143,19,-1,19,1,FALSE,FALSE
303,54,143,159,147,143,159,147,143,159,147,16,4,16,4,FALSE,FALSE
303,55,145,157,148,145,157,148,145,157,148,12,3,12,3,FALSE,FALSE
303,56,137,143,152,137,143,152,137,143,152,6,15,6,15,FALSE,FALSE
303,57,131,146,155,131,146,155,131,146,155,15,24,15,24,FALSE,FALSE
303,58,122,143,159,122,143,159,122,143,159,21,37,21,37,FALSE,FALSE
303,59,129,138,172,129,138,172,129,138,172,9,43,9,43,FALSE,FALSE
303,60,121,128,176,121,128,176,121,128,176,7,55,7,55,FALSE,FALSE
304,0,164,164,164,164,164,164,164,164,164,0,0,0,0,TRUE,TRUE
304,1,215,184,227,215,184,227,215,184,227,-31,12,31,12,FALSE,FALSE
304,2,282,210,296,282,210,296,282,210,296,-72,14,72,14,FALSE,FALSE
304,3,369,233,388,369,233,388,369,233,388,-136,19,136,19,FALSE,FALSE
304,4,475,305,503,475,305,503,475,305,503,-170,28,170,28,FALSE,FALSE
304,5,597,389,620,597,389,620,597,389,620,-208,23,208,23,FALSE,FALSE
304,6,738,487,774,738,487,774,738,487,774,-251,36,251,36,FALSE,FALSE
304,7,889,614,954,889,614,954,889,614,954,-275,65,275,65,FALSE,FALSE
304,8,1052,782,1167,1052,782,1167,1052,782,1167,-270,115,270,115,FALSE,FALSE
304,9,1189,921,1392,1189,921,1392,1189,921,1392,-268,203,268,203,FALSE,FALSE
304,10,1395,1068,1621,1395,1068,1621,1395,1068,1621,-327,226,327,226,FALSE,FALSE
304,11,1582,1260,1759,1582,1260,1759,1582,1260,1759,-322,177,322,177,FALSE,FALSE
304,12,1726,1424,1910,1726,1424,1910,1726,1424,1910,-302,184,302,184,FALSE,FALSE
304,13,1853,1537,1998,1853,1537,1998,1853,1537,1998,-316,145,316,145,FALSE,FALSE
304,14,1905,1660,2046,1905,1660,2046,1905,1660,2046,-245,141,245,141,FALSE,FALSE
304,15,1958,1776,2012,1958,1776,2012,1958,1776,2012,-182,54,182,54,FALSE,FALSE
304,16,1941,1814,2002,1941,1814,2002,1941,1814,2002,-127,61,127,61,FALSE,FALSE
304,17,1893,1809,1898,1893,1809,1898,1893,1809,1898,-84,5,84,5,FALSE,FALSE
304,18,1827,1788,1783,1827,1788,1783,1827,1788,1783,-39,-44,39,44,FALSE,FALSE
304,19,1700,1750,1650,1700,1750,1650,1700,1750,1650,50,-50,50,50,FALSE,FALSE
304,20,1554,1650,1505,1554,1650,1505,1554,1650,1505,96,-49,96,49,FALSE,FALSE
304,21,1416,1552,1364,1416,1552,1364,1416,1552,1364,136,-52,136,52,FALSE,FALSE
304,22,1268,1443,1243,1268,1443,1243,1268,1443,1243,175,-25,175,25,FALSE,FALSE
304,23,1107,1345,1107,1107,1345,1107,1107,1345,1107,238,0,238,0,FALSE,TRUE
304,24,970,1198,992,970,1198,992,970,1198,992,228,22,228,22,FALSE,FALSE
304,25,842,1071,840,842,1071,840,842,1071,840,229,-2,229,2,FALSE,FALSE
304,26,750,929,692,750,929,692,750,929,692,179,-58,179,58,FALSE,FALSE
304,27,632,808,591,632,808,591,632,808,591,176,-41,176,41,FALSE,FALSE
304,28,532,686,495,532,686,495,532,686,495,154,-37,154,37,FALSE,FALSE
304,29,483,577,437,483,577,437,483,577,437,94,-46,94,46,FALSE,FALSE
304,30,413,499,392,413,499,392,413,499,392,86,-21,86,21,FALSE,FALSE
304,31,362,442,329,362,442,329,362,442,329,80,-33,80,33,FALSE,FALSE
304,32,331,391,278,331,391,278,331,391,278,60,-53,60,53,FALSE,FALSE
304,33,289,357,230,289,357,230,289,357,230,68,-59,68,59,FALSE,FALSE
304,34,240,305,187,240,305,187,240,305,187,65,-53,65,53,FALSE,FALSE
304,35,215,259,159,215,259,159,215,259,159,44,-56,44,56,FALSE,FALSE
304,36,181,233,137,181,233,137,181,233,137,52,-44,52,44,FALSE,FALSE
304,37,155,198,121,155,198,121,155,198,121,43,-34,43,34,FALSE,FALSE
304,38,129,168,89,129,168,89,129,168,89,39,-40,39,40,FALSE,FALSE
304,39,116,144,70,116,144,70,116,144,70,28,-46,28,46,FALSE,FALSE
304,40,95,116,56,95,116,56,95,116,56,21,-39,21,39,FALSE,FALSE
304,41,79,96,44,79,96,44,79,96,44,17,-35,17,35,FALSE,FALSE
304,42,70,85,36,70,85,36,70,85,36,15,-34,15,34,FALSE,FALSE
304,43,62,70,32,62,70,32,62,70,32,8,-30,8,30,FALSE,FALSE
304,44,52,62,35,52,62,35,52,62,35,10,-17,10,17,FALSE,FALSE
304,45,42,57,26,42,57,26,42,57,26,15,-16,15,16,FALSE,FALSE
304,46,34,46,18,34,46,18,34,46,18,12,-16,12,16,FALSE,FALSE
304,47,24,37,16,24,37,16,24,37,16,13,-8,13,8,FALSE,FALSE
304,48,20,38,10,20,38,10,20,38,10,18,-10,18,10,FALSE,FALSE
304,49,19,34,8,19,34,8,19,34,8,15,-11,15,11,FALSE,FALSE
304,50,15,29,7,15,29,7,15,29,7,14,-8,14,8,FALSE,FALSE
304,51,10,25,4,10,25,4,10,25,4,15,-6,15,6,FALSE,FALSE
304,52,8,20,2,8,20,2,8,20,2,12,-6,12,6,FALSE,FALSE
304,53,5,19,3,5,19,3,5,19,3,14,-2,14,2,FALSE,FALSE
304,54,5,16,3,5,16,3,5,16,3,11,-2,11,2,FALSE,FALSE
304,55,3,13,2,3,13,2,3,13,2,10,-1,10,1,FALSE,FALSE
304,56,2,13,2,2,13,2,2,13,2,11,0,11,0,FALSE,TRUE
304,57,2,13,2,2,13,2,2,13,2,11,0,11,0,FALSE,TRUE
304,58,1,12,1,1,12,1,1,12,1,11,0,11,0,FALSE,TRUE
304,59,0,10,1,0,10,1,0,10,1,10,1,10,1,FALSE,FALSE
304,60,0,8,0,0,8,0,0,8,0,8,0,8,0,FALSE,TRUE
305,0,55,55,55,55,55,55,55,55,55,0,0,0,0,TRUE,TRUE
305,1,74,75,70,74,75,70,74,75,70,1,-4,1,4,FALSE,FALSE
305,2,110,92,84,110,92,84,110,92,84,-18,-26,18,26,FALSE,FALSE
305,3,145,121,111,145,121,111,145,121,111,-24,-34,24,34,FALSE,FALSE
305,4,191,132,127,191,132,127,191,132,127,-59,-64,59,64,FALSE,FALSE
305,5,253,183,167,253,183,167,253,183,167,-70,-86,70,86,FALSE,FALSE
305,6,333,248,228,333,248,228,333,248,228,-85,-105,85,105,FALSE,FALSE
305,7,445,310,288,445,310,288,445,310,288,-135,-157,135,157,FALSE,FALSE
305,8,598,407,362,598,407,362,598,407,362,-191,-236,191,236,FALSE,FALSE
305,9,778,518,456,778,518,456,778,518,456,-260,-322,260,322,FALSE,FALSE
305,10,945,605,569,945,605,569,945,605,569,-340,-376,340,376,FALSE,FALSE
305,11,1127,753,699,1127,753,699,1127,753,699,-374,-428,374,428,FALSE,FALSE
305,12,1336,883,871,1336,883,871,1336,883,871,-453,-465,453,465,FALSE,FALSE
305,13,1537,1044,1029,1537,1044,1029,1537,1044,1029,-493,-508,493,508,FALSE,FALSE
305,14,1732,1213,1229,1732,1213,1229,1732,1213,1229,-519,-503,519,503,FALSE,FALSE
305,15,1861,1371,1411,1861,1371,1411,1861,1371,1411,-490,-450,490,450,FALSE,FALSE
305,16,1972,1521,1581,1972,1521,1581,1972,1521,1581,-451,-391,451,391,FALSE,FALSE
305,17,2030,1622,1735,2030,1622,1735,2030,1622,1735,-408,-295,408,295,FALSE,FALSE
305,18,2024,1708,1900,2024,1708,1900,2024,1708,1900,-316,-124,316,124,FALSE,FALSE
305,19,1966,1776,1976,1966,1776,1976,1966,1776,1976,-190,10,190,10,FALSE,FALSE
305,20,1920,1767,2018,1920,1767,2018,1920,1767,2018,-153,98,153,98,FALSE,FALSE
305,21,1821,1774,2008,1821,1774,2008,1821,1774,2008,-47,187,47,187,FALSE,FALSE
305,22,1734,1766,1977,1734,1766,1977,1734,1766,1977,32,243,32,243,FALSE,FALSE
305,23,1561,1714,1880,1561,1714,1880,1561,1714,1880,153,319,153,319,FALSE,FALSE
305,24,1430,1634,1795,1430,1634,1795,1430,1634,1795,204,365,204,365,FALSE,FALSE
305,25,1310,1556,1661,1310,1556,1661,1310,1556,1661,246,351,246,351,FALSE,FALSE
305,26,1200,1447,1543,1200,1447,1543,1200,1447,1543,247,343,247,343,FALSE,FALSE
305,27,1101,1362,1417,1101,1362,1417,1101,1362,1417,261,316,261,316,FALSE,FALSE
305,28,998,1279,1285,998,1279,1285,998,1279,1285,281,287,281,287,FALSE,FALSE
305,29,883,1169,1158,883,1169,1158,883,1169,1158,286,275,286,275,FALSE,FALSE
305,30,797,1045,1051,797,1045,1051,797,1045,1051,248,254,248,254,FALSE,FALSE
305,31,682,928,944,682,928,944,682,928,944,246,262,246,262,FALSE,FALSE
305,32,605,855,844,605,855,844,605,855,844,250,239,250,239,FALSE,FALSE
305,33,554,768,747,554,768,747,554,768,747,214,193,214,193,FALSE,FALSE
305,34,502,698,667,502,698,667,502,698,667,196,165,196,165,FALSE,FALSE
305,35,450,617,597,450,617,597,450,617,597,167,147,167,147,FALSE,FALSE
305,36,404,565,520,404,565,520,404,565,520,161,116,161,116,FALSE,FALSE
305,37,358,534,449,358,534,449,358,534,449,176,91,176,91,FALSE,FALSE
305,38,318,466,398,318,466,398,318,466,398,148,80,148,80,FALSE,FALSE
305,39,287,419,340,287,419,340,287,419,340,132,53,132,53,FALSE,FALSE
305,40,259,375,302,259,375,302,259,375,302,116,43,116,43,FALSE,FALSE
305,41,231,329,266,231,329,266,231,329,266,98,35,98,35,FALSE,FALSE
305,42,195,300,229,195,300,229,195,300,229,105,34,105,34,FALSE,FALSE
305,43,176,262,203,176,262,203,176,262,203,86,27,86,27,FALSE,FALSE
305,44,155,232,166,155,232,166,155,232,166,77,11,77,11,FALSE,FALSE
305,45,130,210,146,130,210,146,130,210,146,80,16,80,16,FALSE,FALSE
305,46,116,179,128,116,179,128,116,179,128,63,12,63,12,FALSE,FALSE
305,47,104,166,111,104,166,111,104,166,111,62,7,62,7,FALSE,FALSE
305,48,88,148,96,88,148,96,88,148,96,60,8,60,8,FALSE,FALSE
305,49,75,127,91,75,127,91,75,127,91,52,16,52,16,FALSE,FALSE
305,50,64,108,87,64,108,87,64,108,87,44,23,44,23,FALSE,FALSE
305,51,58,90,81,58,90,81,58,90,81,32,23,32,23,FALSE,FALSE
305,52,52,80,77,52,80,77,52,80,77,28,25,28,25,FALSE,FALSE
305,53,41,67,70,41,67,70,41,67,70,26,29,26,29,FALSE,FALSE
305,54,38,66,57,38,66,57,38,66,57,28,19,28,19,FALSE,FALSE
305,55,33,59,53,33,59,53,33,59,53,26,20,26,20,FALSE,FALSE
305,56,31,47,48,31,47,48,31,47,48,16,17,16,17,FALSE,FALSE
305,57,30,39,42,30,39,42,30,39,42,9,12,9,12,FALSE,FALSE
305,58,29,40,38,29,40,38,29,40,38,11,9,11,9,FALSE,FALSE
305,59,27,31,35,27,31,35,27,31,35,4,8,4,8,FALSE,FALSE
305,60,24,28,27,24,28,27,24,28,27,4,3,4,3,FALSE,FALSE
306,0,125,125,125,125,125,125,125,125,125,0,0,0,0,TRUE,TRUE
306,1,121,144,128,121,144,128,121,144,128,23,7,23,7,FALSE,FALSE
306,2,124,147,136,124,147,136,124,147,136,23,12,23,12,FALSE,FALSE
306,3,142,157,142,142,157,142,142,157,142,15,0,15,0,FALSE,TRUE
306,4,143,157,144,143,157,144,143,157,144,14,1,14,1,FALSE,FALSE
306,5,139,162,143,139,162,143,139,162,143,23,4,23,4,FALSE,FALSE
306,6,146,168,146,146,168,146,146,168,146,22,0,22,0,FALSE,TRUE
306,7,162,161,152,162,161,152,162,161,152,-1,-10,1,10,FALSE,FALSE
306,8,170,174,154,170,174,154,170,174,154,4,-16,4,16,FALSE,FALSE
306,9,173,171,158,173,171,158,173,171,158,-2,-15,2,15,FALSE,FALSE
306,10,173,193,167,173,193,167,173,193,167,20,-6,20,6,FALSE,FALSE
306,11,177,186,176,177,186,176,177,186,176,9,-1,9,1,FALSE,FALSE
306,12,184,184,180,184,184,180,184,184,180,0,-4,0,4,TRUE,FALSE
306,13,179,188,178,179,188,178,179,188,178,9,-1,9,1,FALSE,FALSE
306,14,180,219,176,180,219,176,180,219,176,39,-4,39,4,FALSE,FALSE
306,15,190,214,176,190,214,176,190,214,176,24,-14,24,14,FALSE,FALSE
306,16,197,220,173,197,220,173,197,220,173,23,-24,23,24,FALSE,FALSE
306,17,191,217,177,191,217,177,191,217,177,26,-14,26,14,FALSE,FALSE
306,18,181,222,180,181,222,180,181,222,180,41,-1,41,1,FALSE,FALSE
306,19,178,225,195,178,225,195,178,225,195,47,17,47,17,FALSE,FALSE
306,20,189,238,196,189,238,196,189,238,196,49,7,49,7,FALSE,FALSE
306,21,196,239,194,196,239,194,196,239,194,43,-2,43,2,FALSE,FALSE
306,22,197,256,194,197,256,194,197,256,194,59,-3,59,3,FALSE,FALSE
306,23,184,266,198,184,266,198,184,266,198,82,14,82,14,FALSE,FALSE
306,24,196,260,185,196,260,185,196,260,185,64,-11,64,11,FALSE,FALSE
306,25,199,263,182,199,263,182,199,263,182,64,-17,64,17,FALSE,FALSE
306,26,191,255,187,191,255,187,191,255,187,64,-4,64,4,FALSE,FALSE
306,27,198,262,184,198,262,184,198,262,184,64,-14,64,14,FALSE,FALSE
306,28,184,261,184,184,261,184,184,261,184,77,0,77,0,FALSE,TRUE
306,29,190,264,187,190,264,187,190,264,187,74,-3,74,3,FALSE,FALSE
306,30,186,266,205,186,266,205,186,266,205,80,19,80,19,FALSE,FALSE
306,31,188,270,203,188,270,203,188,270,203,82,15,82,15,FALSE,FALSE
306,32,177,279,201,177,279,201,177,279,201,102,24,102,24,FALSE,FALSE
306,33,175,276,204,175,276,204,175,276,204,101,29,101,29,FALSE,FALSE
306,34,191,280,195,191,280,195,191,280,195,89,4,89,4,FALSE,FALSE
306,35,190,282,183,190,282,183,190,282,183,92,-7,92,7,FALSE,FALSE
306,36,190,269,178,190,269,178,190,269,178,79,-12,79,12,FALSE,FALSE
306,37,180,296,177,180,296,177,180,296,177,116,-3,116,3,FALSE,FALSE
306,38,183,290,166,183,290,166,183,290,166,107,-17,107,17,FALSE,FALSE
306,39,168,300,164,168,300,164,168,300,164,132,-4,132,4,FALSE,FALSE
306,40,171,282,162,171,282,162,171,282,162,111,-9,111,9,FALSE,FALSE
306,41,154,279,153,154,279,153,154,279,153,125,-1,125,1,FALSE,FALSE
306,42,160,270,151,160,270,151,160,270,151,110,-9,110,9,FALSE,FALSE
306,43,162,264,145,162,264,145,162,264,145,102,-17,102,17,FALSE,FALSE
306,44,167,252,147,167,252,147,167,252,147,85,-20,85,20,FALSE,FALSE
306,45,167,251,157,167,251,157,167,251,157,84,-10,84,10,FALSE,FALSE
306,46,163,237,164,163,237,164,163,237,164,74,1,74,1,FALSE,FALSE
306,47,173,233,152,173,233,152,173,233,152,60,-21,60,21,FALSE,FALSE
306,48,171,225,159,171,225,159,171,225,159,54,-12,54,12,FALSE,FALSE
306,49,169,209,154,169,209,154,169,209,154,40,-15,40,15,FALSE,FALSE
306,50,170,180,147,170,180,147,170,180,147,10,-23,10,23,FALSE,FALSE
306,51,167,169,148,167,169,148,167,169,148,2,-19,2,19,FALSE,FALSE
306,52,160,163,150,160,163,150,160,163,150,3,-10,3,10,FALSE,FALSE
306,53,163,158,146,163,158,146,163,158,146,-5,-17,5,17,FALSE,FALSE
306,54,150,143,148,150,143,148,150,143,148,-7,-2,7,2,FALSE,FALSE
306,55,159,138,138,159,138,138,159,138,138,-21,-21,21,21,FALSE,FALSE
306,56,157,142,163,157,142,163,157,142,163,-15,6,15,6,FALSE,FALSE
306,57,158,136,159,158,136,159,158,136,159,-22,1,22,1,FALSE,FALSE
306,58,153,129,146,153,129,146,153,129,146,-24,-7,24,7,FALSE,FALSE
306,59,151,124,144,151,124,144,151,124,144,-27,-7,27,7,FALSE,FALSE
306,60,151,122,141,151,122,141,151,122,141,-29,-10,29,10,FALSE,FALSE
307,0,46,46,46,46,46,46,46,46,46,0,0,0,0,TRUE,TRUE
307,1,52,61,58,52,61,58,52,61,58,9,6,9,6,FALSE,FALSE
307,2,59,82,75,59,82,75,59,82,75,23,16,23,16,FALSE,FALSE
307,3,69,104,104,69,104,104,69,104,104,35,35,35,35,FALSE,FALSE
307,4,80,143,121,80,143,121,80,143,121,63,41,63,41,FALSE,FALSE
307,5,99,179,150,99,179,150,99,179,150,80,51,80,51,FALSE,FALSE
307,6,124,215,183,124,215,183,124,215,183,91,59,91,59,FALSE,FALSE
307,7,161,282,221,161,282,221,161,282,221,121,60,121,60,FALSE,FALSE
307,8,189,350,288,189,350,288,189,350,288,161,99,161,99,FALSE,FALSE
307,9,243,423,377,243,423,377,243,423,377,180,134,180,134,FALSE,FALSE
307,10,300,525,473,300,525,473,300,525,473,225,173,225,173,FALSE,FALSE
307,11,344,616,562,344,616,562,344,616,562,272,218,272,218,FALSE,FALSE
307,12,430,727,661,430,727,661,430,727,661,297,231,297,231,FALSE,FALSE
307,13,510,835,761,510,835,761,510,835,761,325,251,325,251,FALSE,FALSE
307,14,588,947,867,588,947,867,588,947,867,359,279,359,279,FALSE,FALSE
307,15,674,1079,977,674,1079,977,674,1079,977,405,303,405,303,FALSE,FALSE
307,16,783,1170,1039,783,1170,1039,783,1170,1039,387,256,387,256,FALSE,FALSE
307,17,895,1256,1120,895,1256,1120,895,1256,1120,361,225,361,225,FALSE,FALSE
307,18,990,1334,1200,990,1334,1200,990,1334,1200,344,210,344,210,FALSE,FALSE
307,19,1066,1370,1243,1066,1370,1243,1066,1370,1243,304,177,304,177,FALSE,FALSE
307,20,1154,1391,1281,1154,1391,1281,1154,1391,1281,237,127,237,127,FALSE,FALSE
307,21,1251,1338,1259,1251,1338,1259,1251,1338,1259,87,8,87,8,FALSE,FALSE
307,22,1251,1346,1262,1251,1346,1262,1251,1346,1262,95,11,95,11,FALSE,FALSE
307,23,1298,1315,1231,1298,1315,1231,1298,1315,1231,17,-67,17,67,FALSE,FALSE
307,24,1288,1251,1151,1288,1251,1151,1288,1251,1151,-37,-137,37,137,FALSE,FALSE
307,25,1292,1152,1089,1292,1152,1089,1292,1152,1089,-140,-203,140,203,FALSE,FALSE
307,26,1274,1032,1000,1274,1032,1000,1274,1032,1000,-242,-274,242,274,FALSE,FALSE
307,27,1188,949,948,1188,949,948,1188,949,948,-239,-240,239,240,FALSE,FALSE
307,28,1100,872,875,1100,872,875,1100,872,875,-228,-225,228,225,FALSE,FALSE
307,29,1015,795,808,1015,795,808,1015,795,808,-220,-207,220,207,FALSE,FALSE
307,30,946,723,748,946,723,748,946,723,748,-223,-198,223,198,FALSE,FALSE
307,31,860,645,656,860,645,656,860,645,656,-215,-204,215,204,FALSE,FALSE
307,32,787,582,582,787,582,582,787,582,582,-205,-205,205,205,FALSE,FALSE
307,33,706,539,542,706,539,542,706,539,542,-167,-164,167,164,FALSE,FALSE
307,34,646,477,508,646,477,508,646,477,508,-169,-138,169,138,FALSE,FALSE
307,35,585,406,458,585,406,458,585,406,458,-179,-127,179,127,FALSE,FALSE
307,36,527,355,415,527,355,415,527,355,415,-172,-112,172,112,FALSE,FALSE
307,37,470,311,349,470,311,349,470,311,349,-159,-121,159,121,FALSE,FALSE
307,38,423,280,312,423,280,312,423,280,312,-143,-111,143,111,FALSE,FALSE
307,39,376,249,272,376,249,272,376,249,272,-127,-104,127,104,FALSE,FALSE
307,40,344,228,247,344,228,247,344,228,247,-116,-97,116,97,FALSE,FALSE
307,41,309,202,211,309,202,211,309,202,211,-107,-98,107,98,FALSE,FALSE
307,42,274,170,178,274,170,178,274,170,178,-104,-96,104,96,FALSE,FALSE
307,43,227,150,156,227,150,156,227,150,156,-77,-71,77,71,FALSE,FALSE
307,44,206,131,144,206,131,144,206,131,144,-75,-62,75,62,FALSE,FALSE
307,45,175,113,128,175,113,128,175,113,128,-62,-47,62,47,FALSE,FALSE
307,46,152,100,103,152,100,103,152,100,103,-52,-49,52,49,FALSE,FALSE
307,47,137,84,95,137,84,95,137,84,95,-53,-42,53,42,FALSE,FALSE
307,48,117,73,90,117,73,90,117,73,90,-44,-27,44,27,FALSE,FALSE
307,49,97,65,79,97,65,79,97,65,79,-32,-18,32,18,FALSE,FALSE
307,50,83,55,68,83,55,68,83,55,68,-28,-15,28,15,FALSE,FALSE
307,51,75,45,66,75,45,66,75,45,66,-30,-9,30,9,FALSE,FALSE
307,52,63,40,60,63,40,60,63,40,60,-23,-3,23,3,FALSE,FALSE
307,53,51,30,56,51,30,56,51,30,56,-21,5,21,5,FALSE,FALSE
307,54,45,23,48,45,23,48,45,23,48,-22,3,22,3,FALSE,FALSE
307,55,42,22,38,42,22,38,42,22,38,-20,-4,20,4,FALSE,FALSE
307,56,39,23,30,39,23,30,39,23,30,-16,-9,16,9,FALSE,FALSE
307,57,32,19,28,32,19,28,32,19,28,-13,-4,13,4,FALSE,FALSE
307,58,30,13,24,30,13,24,30,13,24,-17,-6,17,6,FALSE,FALSE
307,59,27,11,18,27,11,18,27,11,18,-16,-9,16,9,FALSE,FALSE
307,60,23,8,18,23,8,18,23,8,18,-15,-5,15,5,FALSE,FALSE
308,0,58,58,58,58,58,58,58,58,58,0,0,0,0,TRUE,TRUE
308,1,68,75,81,68,75,81,68,75,81,7,13,7,13,FALSE,FALSE
308,2,89,98,115,89,98,115,89,98,115,9,26,9,26,FALSE,FALSE
308,3,111,134,162,111,134,162,111,134,162,23,51,23,51,FALSE,FALSE
308,4,140,157,205,140,157,205,140,157,205,17,65,17,65,FALSE,FALSE
308,5,203,186,260,203,186,260,203,186,260,-17,57,17,57,FALSE,FALSE
308,6,278,241,345,278,241,345,278,241,345,-37,67,37,67,FALSE,FALSE
308,7,362,306,449,362,306,449,362,306,449,-56,87,56,87,FALSE,FALSE
308,8,448,415,569,448,415,569,448,415,569,-33,121,33,121,FALSE,FALSE
308,9,562,534,720,562,534,720,562,534,720,-28,158,28,158,FALSE,FALSE
308,10,718,660,895,718,660,895,718,660,895,-58,177,58,177,FALSE,FALSE
308,11,894,822,1106,894,822,1106,894,822,1106,-72,212,72,212,FALSE,FALSE
308,12,1096,1016,1364,1096,1016,1364,1096,1016,1364,-80,268,80,268,FALSE,FALSE
308,13,1311,1213,1602,1311,1213,1602,1311,1213,1602,-98,291,98,291,FALSE,FALSE
308,14,1547,1405,1842,1547,1405,1842,1547,1405,1842,-142,295,142,295,FALSE,FALSE
308,15,1764,1641,2008,1764,1641,2008,1764,1641,2008,-123,244,123,244,FALSE,FALSE
308,16,1989,1861,2179,1989,1861,2179,1989,1861,2179,-128,190,128,190,FALSE,FALSE
308,17,2182,2051,2303,2182,2051,2303,2182,2051,2303,-131,121,131,121,FALSE,FALSE
308,18,2357,2227,2407,2357,2227,2407,2357,2227,2407,-130,50,130,50,FALSE,FALSE
308,19,2437,2328,2421,2437,2328,2421,2437,2328,2421,-109,-16,109,16,FALSE,FALSE
308,20,2495,2436,2430,2495,2436,2430,2495,2436,2430,-59,-65,59,65,FALSE,FALSE
308,21,2547,2502,2460,2547,2502,2460,2547,2502,2460,-45,-87,45,87,FALSE,FALSE
308,22,2505,2497,2374,2505,2497,2374,2505,2497,2374,-8,-131,8,131,FALSE,FALSE
308,23,2458,2469,2288,2458,2469,2288,2458,2469,2288,11,-170,11,170,FALSE,FALSE
308,24,2391,2415,2183,2391,2415,2183,2391,2415,2183,24,-208,24,208,FALSE,FALSE
308,25,2317,2314,2083,2317,2314,2083,2317,2314,2083,-3,-234,3,234,FALSE,FALSE
308,26,2217,2214,1985,2217,2214,1985,2217,2214,1985,-3,-232,3,232,FALSE,FALSE
308,27,2119,2105,1886,2119,2105,1886,2119,2105,1886,-14,-233,14,233,FALSE,FALSE
308,28,2001,2004,1785,2001,2004,1785,2001,2004,1785,3,-216,3,216,FALSE,FALSE
308,29,1836,1876,1675,1836,1876,1675,1836,1876,1675,40,-161,40,161,FALSE,FALSE
308,30,1719,1779,1587,1719,1779,1587,1719,1779,1587,60,-132,60,132,FALSE,FALSE
308,31,1614,1655,1468,1614,1655,1468,1614,1655,1468,41,-146,41,146,FALSE,FALSE
308,32,1508,1514,1371,1508,1514,1371,1508,1514,1371,6,-137,6,137,FALSE,FALSE
308,33,1398,1394,1271,1398,1394,1271,1398,1394,1271,-4,-127,4,127,FALSE,FALSE
308,34,1309,1304,1185,1309,1304,1185,1309,1304,1185,-5,-124,5,124,FALSE,FALSE
308,35,1234,1194,1107,1234,1194,1107,1234,1194,1107,-40,-127,40,127,FALSE,FALSE
308,36,1148,1096,1020,1148,1096,1020,1148,1096,1020,-52,-128,52,128,FALSE,FALSE
308,37,1042,987,938,1042,987,938,1042,987,938,-55,-104,55,104,FALSE,FALSE
308,38,943,906,858,943,906,858,943,906,858,-37,-85,37,85,FALSE,FALSE
308,39,879,830,789,879,830,789,879,830,789,-49,-90,49,90,FALSE,FALSE
308,40,810,762,733,810,762,733,810,762,733,-48,-77,48,77,FALSE,FALSE
308,41,740,702,662,740,702,662,740,702,662,-38,-78,38,78,FALSE,FALSE
308,42,684,620,600,684,620,600,684,620,600,-64,-84,64,84,FALSE,FALSE
308,43,635,578,551,635,578,551,635,578,551,-57,-84,57,84,FALSE,FALSE
308,44,588,542,500,588,542,500,588,542,500,-46,-88,46,88,FALSE,FALSE
308,45,544,500,456,544,500,456,544,500,456,-44,-88,44,88,FALSE,FALSE
308,46,515,464,417,515,464,417,515,464,417,-51,-98,51,98,FALSE,FALSE
308,47,477,428,379,477,428,379,477,428,379,-49,-98,49,98,FALSE,FALSE
308,48,436,389,346,436,389,346,436,389,346,-47,-90,47,90,FALSE,FALSE
308,49,390,357,311,390,357,311,390,357,311,-33,-79,33,79,FALSE,FALSE
308,50,364,321,300,364,321,300,364,321,300,-43,-64,43,64,FALSE,FALSE
308,51,333,298,270,333,298,270,333,298,270,-35,-63,35,63,FALSE,FALSE
308,52,291,276,249,291,276,249,291,276,249,-15,-42,15,42,FALSE,FALSE
308,53,268,248,223,268,248,223,268,248,223,-20,-45,20,45,FALSE,FALSE
308,54,249,225,200,249,225,200,249,225,200,-24,-49,24,49,FALSE,FALSE
308,55,226,201,187,226,201,187,226,201,187,-25,-39,25,39,FALSE,FALSE
308,56,210,179,165,210,179,165,210,179,165,-31,-45,31,45,FALSE,FALSE
308,57,187,166,153,187,166,153,187,166,153,-21,-34,21,34,FALSE,FALSE
308,58,181,150,140,181,150,140,181,150,140,-31,-41,31,41,FALSE,FALSE
308,59,164,138,131,164,138,131,164,138,131,-26,-33,26,33,FALSE,FALSE
308,60,149,127,125,149,127,125,149,127,125,-22,-24,22,24,FALSE,FALSE
309,0,128,128,128,128,128,128,128,128,128,0,0,0,0,TRUE,TRUE
309,1,153,155,143,153,155,143,153,155,143,2,-10,2,10,FALSE,FALSE
309,2,177,191,165,177,191,165,177,191,165,14,-12,14,12,FALSE,FALSE
309,3,227,227,207,227,227,207,227,227,207,0,-20,0,20,TRUE,FALSE
309,4,286,273,252,286,273,252,286,273,252,-13,-34,13,34,FALSE,FALSE
309,5,346,334,291,346,334,291,346,334,291,-12,-55,12,55,FALSE,FALSE
309,6,407,392,345,407,392,345,407,392,345,-15,-62,15,62,FALSE,FALSE
309,7,480,461,411,480,461,411,480,461,411,-19,-69,19,69,FALSE,FALSE
309,8,552,554,502,552,554,502,552,554,502,2,-50,2,50,FALSE,FALSE
309,9,636,647,592,636,647,592,636,647,592,11,-44,11,44,FALSE,FALSE
309,10,758,756,708,758,756,708,758,756,708,-2,-50,2,50,FALSE,FALSE
309,11,890,903,844,890,903,844,890,903,844,13,-46,13,46,FALSE,FALSE
309,12,1013,1046,961,1013,1046,961,1013,1046,961,33,-52,33,52,FALSE,FALSE
309,13,1210,1207,1113,1210,1207,1113,1210,1207,1113,-3,-97,3,97,FALSE,FALSE
309,14,1359,1358,1260,1359,1358,1260,1359,1358,1260,-1,-99,1,99,FALSE,FALSE
309,15,1544,1519,1413,1544,1519,1413,1544,1519,1413,-25,-131,25,131,FALSE,FALSE
309,16,1702,1664,1570,1702,1664,1570,1702,1664,1570,-38,-132,38,132,FALSE,FALSE
309,17,1866,1869,1775,1866,1869,1775,1866,1869,1775,3,-91,3,91,FALSE,FALSE
309,18,2001,2051,1947,2001,2051,1947,2001,2051,1947,50,-54,50,54,FALSE,FALSE
309,19,2146,2156,2104,2146,2156,2104,2146,2156,2104,10,-42,10,42,FALSE,FALSE
309,20,2260,2311,2232,2260,2311,2232,2260,2311,2232,51,-28,51,28,FALSE,FALSE
309,21,2350,2414,2329,2350,2414,2329,2350,2414,2329,64,-21,64,21,FALSE,FALSE
309,22,2401,2495,2418,2401,2495,2418,2401,2495,2418,94,17,94,17,FALSE,FALSE
309,23,2416,2514,2476,2416,2514,2476,2416,2514,2476,98,60,98,60,FALSE,FALSE
309,24,2440,2537,2462,2440,2537,2462,2440,2537,2462,97,22,97,22,FALSE,FALSE
309,25,2417,2533,2456,2417,2533,2456,2417,2533,2456,116,39,116,39,FALSE,FALSE
309,26,2411,2497,2410,2411,2497,2410,2411,2497,2410,86,-1,86,1,FALSE,FALSE
309,27,2341,2466,2366,2341,2466,2366,2341,2466,2366,125,25,125,25,FALSE,FALSE
309,28,2258,2379,2280,2258,2379,2280,2258,2379,2280,121,22,121,22,FALSE,FALSE
309,29,2143,2270,2177,2143,2270,2177,2143,2270,2177,127,34,127,34,FALSE,FALSE
309,30,2049,2178,2084,2049,2178,2084,2049,2178,2084,129,35,129,35,FALSE,FALSE
309,31,1938,2103,1970,1938,2103,1970,1938,2103,1970,165,32,165,32,FALSE,FALSE
309,32,1838,1990,1900,1838,1990,1900,1838,1990,1900,152,62,152,62,FALSE,FALSE
309,33,1744,1851,1771,1744,1851,1771,1744,1851,1771,107,27,107,27,FALSE,FALSE
309,34,1644,1727,1682,1644,1727,1682,1644,1727,1682,83,38,83,38,FALSE,FALSE
309,35,1540,1655,1605,1540,1655,1605,1540,1655,1605,115,65,115,65,FALSE,FALSE
309,36,1427,1537,1505,1427,1537,1505,1427,1537,1505,110,78,110,78,FALSE,FALSE
309,37,1346,1449,1415,1346,1449,1415,1346,1449,1415,103,69,103,69,FALSE,FALSE
309,38,1248,1378,1308,1248,1378,1308,1248,1378,1308,130,60,130,60,FALSE,FALSE
309,39,1160,1257,1241,1160,1257,1241,1160,1257,1241,97,81,97,81,FALSE,FALSE
309,40,1066,1163,1184,1066,1163,1184,1066,1163,1184,97,118,97,118,FALSE,FALSE
309,41,993,1076,1095,993,1076,1095,993,1076,1095,83,102,83,102,FALSE,FALSE
309,42,936,985,1015,936,985,1015,936,985,1015,49,79,49,79,FALSE,FALSE
309,43,849,924,927,849,924,927,849,924,927,75,78,75,78,FALSE,FALSE
309,44,785,862,855,785,862,855,785,862,855,77,70,77,70,FALSE,FALSE
309,45,721,806,804,721,806,804,721,806,804,85,83,85,83,FALSE,FALSE
309,46,650,732,737,650,732,737,650,732,737,82,87,82,87,FALSE,FALSE
309,47,585,671,670,585,671,670,585,671,670,86,85,86,85,FALSE,FALSE
309,48,532,622,618,532,622,618,532,622,618,90,86,90,86,FALSE,FALSE
309,49,490,579,564,490,579,564,490,579,564,89,74,89,74,FALSE,FALSE
309,50,438,541,511,438,541,511,438,541,511,103,73,103,73,FALSE,FALSE
309,51,405,499,469,405,499,469,405,499,469,94,64,94,64,FALSE,FALSE
309,52,375,455,428,375,455,428,375,455,428,80,53,80,53,FALSE,FALSE
309,53,330,426,391,330,426,391,330,426,391,96,61,96,61,FALSE,FALSE
309,54,305,390,352,305,390,352,305,390,352,85,47,85,47,FALSE,FALSE
309,55,284,356,332,284,356,332,284,356,332,72,48,72,48,FALSE,FALSE
309,56,255,320,296,255,320,296,255,320,296,65,41,65,41,FALSE,FALSE
309,57,233,298,272,233,298,272,233,298,272,65,39,65,39,FALSE,FALSE
309,58,222,276,248,222,276,248,222,276,248,54,26,54,26,FALSE,FALSE
309,59,198,254,227,198,254,227,198,254,227,56,29,56,29,FALSE,FALSE
309,60,182,235,213,182,235,213,182,235,213,53,31,53,31,FALSE,FALSE
310,0,52,52,52,52,52,52,52,52,52,0,0,0,0,TRUE,TRUE
310,1,78,92,78,78,92,78,78,92,78,14,0,14,0,FALSE,TRUE
310,2,123,129,113,123,129,113,123,129,113,6,-10,6,10,FALSE,FALSE
310,3,200,191,169,200,191,169,200,191,169,-9,-31,9,31,FALSE,FALSE
310,4,277,265,254,277,265,254,277,265,254,-12,-23,12,23,FALSE,FALSE
310,5,407,382,344,407,382,344,407,382,344,-25,-63,25,63,FALSE,FALSE
310,6,587,541,506,587,541,506,587,541,506,-46,-81,46,81,FALSE,FALSE
310,7,840,763,681,840,763,681,840,763,681,-77,-159,77,159,FALSE,FALSE
310,8,1157,1064,942,1157,1064,942,1157,1064,942,-93,-215,93,215,FALSE,FALSE
310,9,1492,1419,1218,1492,1419,1218,1492,1419,1218,-73,-274,73,274,FALSE,FALSE
310,10,1767,1752,1529,1767,1752,1529,1767,1752,1529,-15,-238,15,238,FALSE,FALSE
310,11,2062,2092,1814,2062,2092,1814,2062,2092,1814,30,-248,30,248,FALSE,FALSE
310,12,2244,2308,2076,2244,2308,2076,2244,2308,2076,64,-168,64,168,FALSE,FALSE
310,13,2317,2443,2274,2317,2443,2274,2317,2443,2274,126,-43,126,43,FALSE,FALSE
310,14,2324,2419,2358,2324,2419,2358,2324,2419,2358,95,34,95,34,FALSE,FALSE
310,15,2236,2365,2370,2236,2365,2370,2236,2365,2370,129,134,129,134,FALSE,FALSE
310,16,2150,2258,2235,2150,2258,2235,2150,2258,2235,108,85,108,85,FALSE,FALSE
310,17,1993,2041,2075,1993,2041,2075,1993,2041,2075,48,82,48,82,FALSE,FALSE
310,18,1832,1795,1927,1832,1795,1927,1832,1795,1927,-37,95,37,95,FALSE,FALSE
310,19,1676,1621,1756,1676,1621,1756,1676,1621,1756,-55,80,55,80,FALSE,FALSE
310,20,1471,1437,1588,1471,1437,1588,1471,1437,1588,-34,117,34,117,FALSE,FALSE
310,21,1312,1249,1421,1312,1249,1421,1312,1249,1421,-63,109,63,109,FALSE,FALSE
310,22,1159,1083,1235,1159,1083,1235,1159,1083,1235,-76,76,76,76,FALSE,FALSE
310,23,1048,931,1115,1048,931,1115,1048,931,1115,-117,67,117,67,FALSE,FALSE
310,24,912,802,968,912,802,968,912,802,968,-110,56,110,56,FALSE,FALSE
310,25,796,704,846,796,704,846,796,704,846,-92,50,92,50,FALSE,FALSE
310,26,687,620,745,687,620,745,687,620,745,-67,58,67,58,FALSE,FALSE
310,27,574,534,658,574,534,658,574,534,658,-40,84,40,84,FALSE,FALSE
310,28,505,447,576,505,447,576,505,447,576,-58,71,58,71,FALSE,FALSE
310,29,439,378,503,439,378,503,439,378,503,-61,64,61,64,FALSE,FALSE
310,30,366,337,438,366,337,438,366,337,438,-29,72,29,72,FALSE,FALSE
310,31,322,297,362,322,297,362,322,297,362,-25,40,25,40,FALSE,FALSE
310,32,277,268,310,277,268,310,277,268,310,-9,33,9,33,FALSE,FALSE
310,33,256,231,276,256,231,276,256,231,276,-25,20,25,20,FALSE,FALSE
310,34,226,191,235,226,191,235,226,191,235,-35,9,35,9,FALSE,FALSE
310,35,192,163,207,192,163,207,192,163,207,-29,15,29,15,FALSE,FALSE
310,36,167,142,181,167,142,181,167,142,181,-25,14,25,14,FALSE,FALSE
310,37,149,122,155,149,122,155,149,122,155,-27,6,27,6,FALSE,FALSE
310,38,131,113,135,131,113,135,131,113,135,-18,4,18,4,FALSE,FALSE
310,39,116,98,118,116,98,118,116,98,118,-18,2,18,2,FALSE,FALSE
310,40,104,87,92,104,87,92,104,87,92,-17,-12,17,12,FALSE,FALSE
310,41,89,77,77,89,77,77,89,77,77,-12,-12,12,12,FALSE,FALSE
310,42,77,71,67,77,71,67,77,71,67,-6,-10,6,10,FALSE,FALSE
310,43,68,57,55,68,57,55,68,57,55,-11,-13,11,13,FALSE,FALSE
310,44,52,50,50,52,50,50,52,50,50,-2,-2,2,2,FALSE,FALSE
310,45,44,44,44,44,44,44,44,44,44,0,0,0,0,TRUE,TRUE
310,46,38,37,38,38,37,38,38,37,38,-1,0,1,0,FALSE,TRUE
310,47,35,36,32,35,36,32,35,36,32,1,-3,1,3,FALSE,FALSE
310,48,33,31,27,33,31,27,33,31,27,-2,-6,2,6,FALSE,FALSE
310,49,22,23,21,22,23,21,22,23,21,1,-1,1,1,FALSE,FALSE
310,50,19,20,19,19,20,19,19,20,19,1,0,1,0,FALSE,TRUE
310,51,14,19,15,14,19,15,14,19,15,5,1,5,1,FALSE,FALSE
310,52,12,19,14,12,19,14,12,19,14,7,2,7,2,FALSE,FALSE
310,53,9,16,11,9,16,11,9,16,11,7,2,7,2,FALSE,FALSE
310,54,8,14,9,8,14,9,8,14,9,6,1,6,1,FALSE,FALSE
310,55,7,14,7,7,14,7,7,14,7,7,0,7,0,FALSE,TRUE
310,56,7,10,4,7,10,4,7,10,4,3,-3,3,3,FALSE,FALSE
310,57,5,8,2,5,8,2,5,8,2,3,-3,3,3,FALSE,FALSE
310,58,5,7,1,5,7,1,5,7,1,2,-4,2,4,FALSE,FALSE
310,59,5,6,1,5,6,1,5,6,1,1,-4,1,4,FALSE,FALSE
310,60,5,6,1,5,6,1,5,6,1,1,-4,1,4,FALSE,FALSE
311,0,156,156,156,156,156,156,156,156,156,0,0,0,0,TRUE,TRUE
311,1,245,236,237,245,236,237,245,236,237,-9,-8,9,8,FALSE,FALSE
311,2,366,349,363,366,349,363,366,349,363,-17,-3,17,3,FALSE,FALSE
311,3,540,515,567,540,515,567,540,515,567,-25,27,25,27,FALSE,FALSE
311,4,750,755,875,750,755,875,750,755,875,5,125,5,125,FALSE,FALSE
311,5,1114,1064,1248,1114,1064,1248,1114,1064,1248,-50,134,50,134,FALSE,FALSE
311,6,1562,1396,1777,1562,1396,1777,1562,1396,1777,-166,215,166,215,FALSE,FALSE
311,7,2016,1771,2250,2016,1771,2250,2016,1771,2250,-245,234,245,234,FALSE,FALSE
311,8,2452,2186,2747,2452,2186,2747,2452,2186,2747,-266,295,266,295,FALSE,FALSE
311,9,2728,2532,3091,2728,2532,3091,2728,2532,3091,-196,363,196,363,FALSE,FALSE
311,10,2885,2751,3127,2885,2751,3127,2885,2751,3127,-134,242,134,242,FALSE,FALSE
311,11,2842,2789,3004,2842,2789,3004,2842,2789,3004,-53,162,53,162,FALSE,FALSE
311,12,2650,2622,2660,2650,2622,2660,2650,2622,2660,-28,10,28,10,FALSE,FALSE
311,13,2393,2426,2294,2393,2426,2294,2393,2426,2294,33,-99,33,99,FALSE,FALSE
311,14,2088,2175,1991,2088,2175,1991,2088,2175,1991,87,-97,87,97,FALSE,FALSE
311,15,1824,1865,1690,1824,1865,1690,1824,1865,1690,41,-134,41,134,FALSE,FALSE
311,16,1505,1557,1418,1505,1557,1418,1505,1557,1418,52,-87,52,87,FALSE,FALSE
311,17,1251,1324,1174,1251,1324,1174,1251,1324,1174,73,-77,73,77,FALSE,FALSE
311,18,1036,1118,951,1036,1118,951,1036,1118,951,82,-85,82,85,FALSE,FALSE
311,19,859,939,769,859,939,769,859,939,769,80,-90,80,90,FALSE,FALSE
311,20,692,799,624,692,799,624,692,799,624,107,-68,107,68,FALSE,FALSE
311,21,564,639,477,564,639,477,564,639,477,75,-87,75,87,FALSE,FALSE
311,22,458,536,389,458,536,389,458,536,389,78,-69,78,69,FALSE,FALSE
311,23,369,427,307,369,427,307,369,427,307,58,-62,58,62,FALSE,FALSE
311,24,284,338,254,284,338,254,284,338,254,54,-30,54,30,FALSE,FALSE
311,25,234,275,204,234,275,204,234,275,204,41,-30,41,30,FALSE,FALSE
311,26,202,229,168,202,229,168,202,229,168,27,-34,27,34,FALSE,FALSE
311,27,152,185,131,152,185,131,152,185,131,33,-21,33,21,FALSE,FALSE
311,28,113,144,101,113,144,101,113,144,101,31,-12,31,12,FALSE,FALSE
311,29,78,110,81,78,110,81,78,110,81,32,3,32,3,FALSE,FALSE
311,30,64,87,66,64,87,66,64,87,66,23,2,23,2,FALSE,FALSE
311,31,51,74,56,51,74,56,51,74,56,23,5,23,5,FALSE,FALSE
311,32,50,64,50,50,64,50,50,64,50,14,0,14,0,FALSE,TRUE
311,33,42,54,45,42,54,45,42,54,45,12,3,12,3,FALSE,FALSE
311,34,28,39,28,28,39,28,28,39,28,11,0,11,0,FALSE,TRUE
311,35,25,33,20,25,33,20,25,33,20,8,-5,8,5,FALSE,FALSE
311,36,20,26,14,20,26,14,20,26,14,6,-6,6,6,FALSE,FALSE
311,37,19,18,13,19,18,13,19,18,13,-1,-6,1,6,FALSE,FALSE
311,38,16,14,12,16,14,12,16,14,12,-2,-4,2,4,FALSE,FALSE
311,39,14,9,10,14,9,10,14,9,10,-5,-4,5,4,FALSE,FALSE
311,40,10,8,9,10,8,9,10,8,9,-2,-1,2,1,FALSE,FALSE
311,41,8,6,8,8,6,8,8,6,8,-2,0,2,0,FALSE,TRUE
311,42,7,7,8,7,7,8,7,7,8,0,1,0,1,TRUE,FALSE
311,43,4,7,7,4,7,7,4,7,7,3,3,3,3,FALSE,FALSE
311,44,3,5,8,3,5,8,3,5,8,2,5,2,5,FALSE,FALSE
311,45,3,5,9,3,5,9,3,5,9,2,6,2,6,FALSE,FALSE
311,46,3,4,7,3,4,7,3,4,7,1,4,1,4,FALSE,FALSE
311,47,3,3,5,3,3,5,3,3,5,0,2,0,2,TRUE,FALSE
311,48,1,2,2,1,2,2,1,2,2,1,1,1,1,FALSE,FALSE
311,49,0,1,1,0,1,1,0,1,1,1,1,1,1,FALSE,FALSE
311,50,0,1,1,0,1,1,0,1,1,1,1,1,1,FALSE,FALSE
311,51,0,1,1,0,1,1,0,1,1,1,1,1,1,FALSE,FALSE
311,52,0,0,1,0,0,1,0,0,1,0,1,0,1,TRUE,FALSE
311,53,0,0,2,0,0,2,0,0,2,0,2,0,2,TRUE,FALSE
311,54,0,0,2,0,0,2,0,0,2,0,2,0,2,TRUE,FALSE
311,55,0,0,2,0,0,2,0,0,2,0,2,0,2,TRUE,FALSE
311,56,0,0,1,0,0,1,0,0,1,0,1,0,1,TRUE,FALSE
311,57,0,0,1,0,0,1,0,0,1,0,1,0,1,TRUE,FALSE
311,58,0,0,0,0,0,0,0,0,0,0,0,0,0,TRUE,TRUE
311,59,0,0,0,0,0,0,0,0,0,0,0,0,0,TRUE,TRUE
311,60,0,0,0,0,0,0,0,0,0,0,0,0,0,TRUE,TRUE
312,0,56,56,56,56,56,56,56,56,56,0,0,0,0,TRUE,TRUE
312,1,79,71,70,79,71,70,79,71,70,-8,-9,8,9,FALSE,FALSE
312,2,107,92,104,107,92,104,107,92,104,-15,-3,15,3,FALSE,FALSE
312,3,152,118,140,152,118,140,152,118,140,-34,-12,34,12,FALSE,FALSE
312,4,204,164,188,204,164,188,204,164,188,-40,-16,40,16,FALSE,FALSE
312,5,287,216,247,287,216,247,287,216,247,-71,-40,71,40,FALSE,FALSE
312,6,382,288,340,382,288,340,382,288,340,-94,-42,94,42,FALSE,FALSE
312,7,500,395,451,500,395,451,500,395,451,-105,-49,105,49,FALSE,FALSE
312,8,648,521,567,648,521,567,648,521,567,-127,-81,127,81,FALSE,FALSE
312,9,809,674,726,809,674,726,809,674,726,-135,-83,135,83,FALSE,FALSE
312,10,966,861,941,966,861,941,966,861,941,-105,-25,105,25,FALSE,FALSE
312,11,1192,1052,1132,1192,1052,1132,1192,1052,1132,-140,-60,140,60,FALSE,FALSE
312,12,1417,1288,1330,1417,1288,1330,1417,1288,1330,-129,-87,129,87,FALSE,FALSE
312,13,1608,1499,1539,1608,1499,1539,1608,1499,1539,-109,-69,109,69,FALSE,FALSE
312,14,1811,1726,1714,1811,1726,1714,1811,1726,1714,-85,-97,85,97,FALSE,FALSE
312,15,1961,1862,1846,1961,1862,1846,1961,1862,1846,-99,-115,99,115,FALSE,FALSE
312,16,2049,1983,1949,2049,1983,1949,2049,1983,1949,-66,-100,66,100,FALSE,FALSE
312,17,2008,2023,1971,2008,2023,1971,2008,2023,1971,15,-37,15,37,FALSE,FALSE
312,18,2000,2042,1967,2000,2042,1967,2000,2042,1967,42,-33,42,33,FALSE,FALSE
312,19,1914,1992,1885,1914,1992,1885,1914,1992,1885,78,-29,78,29,FALSE,FALSE
312,20,1835,1910,1839,1835,1910,1839,1835,1910,1839,75,4,75,4,FALSE,FALSE
312,21,1717,1819,1763,1717,1819,1763,1717,1819,1763,102,46,102,46,FALSE,FALSE
312,22,1578,1677,1655,1578,1677,1655,1578,1677,1655,99,77,99,77,FALSE,FALSE
312,23,1450,1540,1519,1450,1540,1519,1450,1540,1519,90,69,90,69,FALSE,FALSE
312,24,1314,1449,1414,1314,1449,1414,1314,1449,1414,135,100,135,100,FALSE,FALSE
312,25,1184,1346,1302,1184,1346,1302,1184,1346,1302,162,118,162,118,FALSE,FALSE
312,26,1058,1236,1178,1058,1236,1178,1058,1236,1178,178,120,178,120,FALSE,FALSE
312,27,956,1110,1085,956,1110,1085,956,1110,1085,154,129,154,129,FALSE,FALSE
312,28,862,1012,989,862,1012,989,862,1012,989,150,127,150,127,FALSE,FALSE
312,29,775,913,901,775,913,901,775,913,901,138,126,138,126,FALSE,FALSE
312,30,679,839,808,679,839,808,679,839,808,160,129,160,129,FALSE,FALSE
312,31,632,755,718,632,755,718,632,755,718,123,86,123,86,FALSE,FALSE
312,32,572,673,630,572,673,630,572,673,630,101,58,101,58,FALSE,FALSE
312,33,504,598,564,504,598,564,504,598,564,94,60,94,60,FALSE,FALSE
312,34,460,551,510,460,551,510,460,551,510,91,50,91,50,FALSE,FALSE
312,35,407,486,445,407,486,445,407,486,445,79,38,79,38,FALSE,FALSE
312,36,360,437,389,360,437,389,360,437,389,77,29,77,29,FALSE,FALSE
312,37,318,373,352,318,373,352,318,373,352,55,34,55,34,FALSE,FALSE
312,38,282,328,313,282,328,313,282,328,313,46,31,46,31,FALSE,FALSE
312,39,243,290,281,243,290,281,243,290,281,47,38,47,38,FALSE,FALSE
312,40,220,261,251,220,261,251,220,261,251,41,31,41,31,FALSE,FALSE
312,41,188,226,232,188,226,232,188,226,232,38,44,38,44,FALSE,FALSE
312,42,170,197,197,170,197,197,170,197,197,27,27,27,27,FALSE,FALSE
312,43,153,166,174,153,166,174,153,166,174,13,21,13,21,FALSE,FALSE
312,44,140,151,155,140,151,155,140,151,155,11,15,11,15,FALSE,FALSE
312,45,116,133,132,116,133,132,116,133,132,17,16,17,16,FALSE,FALSE
312,46,107,121,116,107,121,116,107,121,116,14,9,14,9,FALSE,FALSE
312,47,94,109,103,94,109,103,94,109,103,15,9,15,9,FALSE,FALSE
312,48,85,103,87,85,103,87,85,103,87,18,2,18,2,FALSE,FALSE
312,49,77,96,81,77,96,81,77,96,81,19,4,19,4,FALSE,FALSE
312,50,70,87,70,70,87,70,70,87,70,17,0,17,0,FALSE,TRUE
312,51,65,78,64,65,78,64,65,78,64,13,-1,13,1,FALSE,FALSE
312,52,58,68,55,58,68,55,58,68,55,10,-3,10,3,FALSE,FALSE
312,53,48,60,48,48,60,48,48,60,48,12,0,12,0,FALSE,TRUE
312,54,43,58,47,43,58,47,43,58,47,15,4,15,4,FALSE,FALSE
312,55,32,52,43,32,52,43,32,52,43,20,11,20,11,FALSE,FALSE
312,56,26,45,39,26,45,39,26,45,39,19,13,19,13,FALSE,FALSE
312,57,22,36,34,22,36,34,22,36,34,14,12,14,12,FALSE,FALSE
312,58,16,31,30,16,31,30,16,31,30,15,14,15,14,FALSE,FALSE
312,59,14,28,23,14,28,23,14,28,23,14,9,14,9,FALSE,FALSE
312,60,11,28,22,11,28,22,11,28,22,17,11,17,11,FALSE,FALSE
313,0,100,100,100,100,100,100,100,100,100,0,0,0,0,TRUE,TRUE
313,1,104,200,110,104,200,110,104,200,110,96,6,96,6,FALSE,FALSE
313,2,107,420,101,107,420,101,107,420,101,313,-6,313,6,FALSE,FALSE
313,3,125,809,108,125,809,108,125,809,108,684,-17,684,17,FALSE,FALSE
313,4,138,1434,113,138,1434,113,138,1434,113,1296,-25,1296,25,FALSE,FALSE
313,5,141,2142,113,141,2142,113,141,2142,113,2001,-28,2001,28,FALSE,FALSE
313,6,160,2658,106,160,2658,106,160,2658,106,2498,-54,2498,54,FALSE,FALSE
313,7,172,2804,108,172,2804,108,172,2804,108,2632,-64,2632,64,FALSE,FALSE
313,8,183,2652,103,183,2652,103,183,2652,103,2469,-80,2469,80,FALSE,FALSE
313,9,200,2347,110,200,2347,110,200,2347,110,2147,-90,2147,90,FALSE,FALSE
313,10,215,2020,119,215,2020,119,215,2020,119,1805,-96,1805,96,FALSE,FALSE
313,11,229,1656,128,229,1656,128,229,1656,128,1427,-101,1427,101,FALSE,FALSE
313,12,230,1365,139,230,1365,139,230,1365,139,1135,-91,1135,91,FALSE,FALSE
313,13,227,1147,138,227,1147,138,227,1147,138,920,-89,920,89,FALSE,FALSE
313,14,249,926,134,249,926,134,249,926,134,677,-115,677,115,FALSE,FALSE
313,15,255,774,139,255,774,139,255,774,139,519,-116,519,116,FALSE,FALSE
313,16,255,619,139,255,619,139,255,619,139,364,-116,364,116,FALSE,FALSE
313,17,269,509,141,269,509,141,269,509,141,240,-128,240,128,FALSE,FALSE
313,18,273,404,150,273,404,150,273,404,150,131,-123,131,123,FALSE,FALSE
313,19,280,326,149,280,326,149,280,326,149,46,-131,46,131,FALSE,FALSE
313,20,270,262,154,270,262,154,270,262,154,-8,-116,8,116,FALSE,FALSE
313,21,289,198,157,289,198,157,289,198,157,-91,-132,91,132,FALSE,FALSE
313,22,288,159,156,288,159,156,288,159,156,-129,-132,129,132,FALSE,FALSE
313,23,295,132,157,295,132,157,295,132,157,-163,-138,163,138,FALSE,FALSE
313,24,284,119,161,284,119,161,284,119,161,-165,-123,165,123,FALSE,FALSE
313,25,280,95,146,280,95,146,280,95,146,-185,-134,185,134,FALSE,FALSE
313,26,287,76,150,287,76,150,287,76,150,-211,-137,211,137,FALSE,FALSE
313,27,299,61,164,299,61,164,299,61,164,-238,-135,238,135,FALSE,FALSE
313,28,307,54,162,307,54,162,307,54,162,-253,-145,253,145,FALSE,FALSE
313,29,310,48,151,310,48,151,310,48,151,-262,-159,262,159,FALSE,FALSE
313,30,289,45,152,289,45,152,289,45,152,-244,-137,244,137,FALSE,FALSE
313,31,274,34,149,274,34,149,274,34,149,-240,-125,240,125,FALSE,FALSE
313,32,264,25,137,264,25,137,264,25,137,-239,-127,239,127,FALSE,FALSE
313,33,245,21,130,245,21,130,245,21,130,-224,-115,224,115,FALSE,FALSE
313,34,238,17,132,238,17,132,238,17,132,-221,-106,221,106,FALSE,FALSE
313,35,224,14,122,224,14,122,224,14,122,-210,-102,210,102,FALSE,FALSE
313,36,203,11,125,203,11,125,203,11,125,-192,-78,192,78,FALSE,FALSE
313,37,198,10,140,198,10,140,198,10,140,-188,-58,188,58,FALSE,FALSE
313,38,184,7,145,184,7,145,184,7,145,-177,-39,177,39,FALSE,FALSE
313,39,184,5,147,184,5,147,184,5,147,-179,-37,179,37,FALSE,FALSE
313,40,172,5,143,172,5,143,172,5,143,-167,-29,167,29,FALSE,FALSE
313,41,156,4,136,156,4,136,156,4,136,-152,-20,152,20,FALSE,FALSE
313,42,152,4,141,152,4,141,152,4,141,-148,-11,148,11,FALSE,FALSE
313,43,138,2,141,138,2,141,138,2,141,-136,3,136,3,FALSE,FALSE
313,44,124,2,146,124,2,146,124,2,146,-122,22,122,22,FALSE,FALSE
313,45,110,2,145,110,2,145,110,2,145,-108,35,108,35,FALSE,FALSE
313,46,113,1,129,113,1,129,113,1,129,-112,16,112,16,FALSE,FALSE
313,47,112,1,121,112,1,121,112,1,121,-111,9,111,9,FALSE,FALSE
313,48,114,0,119,114,0,119,114,0,119,-114,5,114,5,FALSE,FALSE
313,49,103,0,116,103,0,116,103,0,116,-103,13,103,13,FALSE,FALSE
313,50,102,0,103,102,0,103,102,0,103,-102,1,102,1,FALSE,FALSE
313,51,99,0,102,99,0,102,99,0,102,-99,3,99,3,FALSE,FALSE
313,52,94,0,89,94,0,89,94,0,89,-94,-5,94,5,FALSE,FALSE
313,53,94,0,95,94,0,95,94,0,95,-94,1,94,1,FALSE,FALSE
313,54,89,0,97,89,0,97,89,0,97,-89,8,89,8,FALSE,FALSE
313,55,84,0,96,84,0,96,84,0,96,-84,12,84,12,FALSE,FALSE
313,56,82,0,97,82,0,97,82,0,97,-82,15,82,15,FALSE,FALSE
313,57,77,0,91,77,0,91,77,0,91,-77,14,77,14,FALSE,FALSE
313,58,71,0,74,71,0,74,71,0,74,-71,3,71,3,FALSE,FALSE
313,59,70,0,82,70,0,82,70,0,82,-70,12,70,12,FALSE,FALSE
313,60,59,0,74,59,0,74,59,0,74,-59,15,59,15,FALSE,FALSE
314,0,119,119,119,119,119,119,119,119,119,0,0,0,0,TRUE,TRUE
314,1,165,161,167,165,161,167,165,161,167,-4,2,4,2,FALSE,FALSE
314,2,204,206,215,204,206,215,204,206,215,2,11,2,11,FALSE,FALSE
314,3,264,266,289,264,266,289,264,266,289,2,25,2,25,FALSE,FALSE
314,4,358,335,384,358,335,384,358,335,384,-23,26,23,26,FALSE,FALSE
314,5,470,426,491,470,426,491,470,426,491,-44,21,44,21,FALSE,FALSE
314,6,611,520,651,611,520,651,611,520,651,-91,40,91,40,FALSE,FALSE
314,7,766,655,836,766,655,836,766,655,836,-111,70,111,70,FALSE,FALSE
314,8,965,828,1071,965,828,1071,965,828,1071,-137,106,137,106,FALSE,FALSE
314,9,1259,1035,1368,1259,1035,1368,1259,1035,1368,-224,109,224,109,FALSE,FALSE
314,10,1589,1275,1705,1589,1275,1705,1589,1275,1705,-314,116,314,116,FALSE,FALSE
314,11,1947,1557,2004,1947,1557,2004,1947,1557,2004,-390,57,390,57,FALSE,FALSE
314,12,2365,1866,2396,2365,1866,2396,2365,1866,2396,-499,31,499,31,FALSE,FALSE
314,13,2692,2168,2766,2692,2168,2766,2692,2168,2766,-524,74,524,74,FALSE,FALSE
314,14,3071,2476,3081,3071,2476,3081,3071,2476,3081,-595,10,595,10,FALSE,FALSE
314,15,3390,2753,3377,3390,2753,3377,3390,2753,3377,-637,-13,637,13,FALSE,FALSE
314,16,3634,3104,3601,3634,3104,3601,3634,3104,3601,-530,-33,530,33,FALSE,FALSE
314,17,3798,3353,3739,3798,3353,3739,3798,3353,3739,-445,-59,445,59,FALSE,FALSE
314,18,3857,3523,3856,3857,3523,3856,3857,3523,3856,-334,-1,334,1,FALSE,FALSE
314,19,3875,3623,3945,3875,3623,3945,3875,3623,3945,-252,70,252,70,FALSE,FALSE
314,20,3860,3726,3912,3860,3726,3912,3860,3726,3912,-134,52,134,52,FALSE,FALSE
314,21,3806,3704,3856,3806,3704,3856,3806,3704,3856,-102,50,102,50,FALSE,FALSE
314,22,3683,3640,3716,3683,3640,3716,3683,3640,3716,-43,33,43,33,FALSE,FALSE
314,23,3506,3567,3565,3506,3567,3565,3506,3567,3565,61,59,61,59,FALSE,FALSE
314,24,3345,3417,3397,3345,3417,3397,3345,3417,3397,72,52,72,52,FALSE,FALSE
314,25,3178,3287,3219,3178,3287,3219,3178,3287,3219,109,41,109,41,FALSE,FALSE
314,26,3025,3087,3034,3025,3087,3034,3025,3087,3034,62,9,62,9,FALSE,FALSE
314,27,2857,2913,2809,2857,2913,2809,2857,2913,2809,56,-48,56,48,FALSE,FALSE
314,28,2649,2705,2609,2649,2705,2609,2649,2705,2609,56,-40,56,40,FALSE,FALSE
314,29,2481,2537,2435,2481,2537,2435,2481,2537,2435,56,-46,56,46,FALSE,FALSE
314,30,2321,2389,2274,2321,2389,2274,2321,2389,2274,68,-47,68,47,FALSE,FALSE
314,31,2151,2206,2093,2151,2206,2093,2151,2206,2093,55,-58,55,58,FALSE,FALSE
314,32,1994,2063,1916,1994,2063,1916,1994,2063,1916,69,-78,69,78,FALSE,FALSE
314,33,1839,1927,1759,1839,1927,1759,1839,1927,1759,88,-80,88,80,FALSE,FALSE
314,34,1686,1794,1619,1686,1794,1619,1686,1794,1619,108,-67,108,67,FALSE,FALSE
314,35,1552,1650,1498,1552,1650,1498,1552,1650,1498,98,-54,98,54,FALSE,FALSE
314,36,1423,1538,1370,1423,1538,1370,1423,1538,1370,115,-53,115,53,FALSE,FALSE
314,37,1332,1423,1244,1332,1423,1244,1332,1423,1244,91,-88,91,88,FALSE,FALSE
314,38,1225,1311,1151,1225,1311,1151,1225,1311,1151,86,-74,86,74,FALSE,FALSE
314,39,1110,1226,1057,1110,1226,1057,1110,1226,1057,116,-53,116,53,FALSE,FALSE
314,40,1021,1128,981,1021,1128,981,1021,1128,981,107,-40,107,40,FALSE,FALSE
314,41,944,1042,906,944,1042,906,944,1042,906,98,-38,98,38,FALSE,FALSE
314,42,875,955,827,875,955,827,875,955,827,80,-48,80,48,FALSE,FALSE
314,43,805,860,748,805,860,748,805,860,748,55,-57,55,57,FALSE,FALSE
314,44,738,793,693,738,793,693,738,793,693,55,-45,55,45,FALSE,FALSE
314,45,671,721,636,671,721,636,671,721,636,50,-35,50,35,FALSE,FALSE
314,46,611,656,580,611,656,580,611,656,580,45,-31,45,31,FALSE,FALSE
314,47,560,595,540,560,595,540,560,595,540,35,-20,35,20,FALSE,FALSE
314,48,528,550,503,528,550,503,528,550,503,22,-25,22,25,FALSE,FALSE
314,49,474,500,459,474,500,459,474,500,459,26,-15,26,15,FALSE,FALSE
314,50,437,458,421,437,458,421,437,458,421,21,-16,21,16,FALSE,FALSE
314,51,402,424,375,402,424,375,402,424,375,22,-27,22,27,FALSE,FALSE
314,52,372,385,337,372,385,337,372,385,337,13,-35,13,35,FALSE,FALSE
314,53,349,357,304,349,357,304,349,357,304,8,-45,8,45,FALSE,FALSE
314,54,315,312,276,315,312,276,315,312,276,-3,-39,3,39,FALSE,FALSE
314,55,303,294,258,303,294,258,303,294,258,-9,-45,9,45,FALSE,FALSE
314,56,275,273,232,275,273,232,275,273,232,-2,-43,2,43,FALSE,FALSE
314,57,258,252,216,258,252,216,258,252,216,-6,-42,6,42,FALSE,FALSE
314,58,235,226,200,235,226,200,235,226,200,-9,-35,9,35,FALSE,FALSE
314,59,210,201,185,210,201,185,210,201,185,-9,-25,9,25,FALSE,FALSE
314,60,192,189,173,192,189,173,192,189,173,-3,-19,3,19,FALSE,FALSE
315,0,111,111,111,111,111,111,111,111,111,0,0,0,0,TRUE,TRUE
315,1,125,112,115,125,112,115,125,112,115,-13,-10,13,10,FALSE,FALSE
315,2,126,118,116,126,118,116,126,118,116,-8,-10,8,10,FALSE,FALSE
315,3,129,124,126,129,124,126,129,124,126,-5,-3,5,3,FALSE,FALSE
315,4,137,137,125,137,137,125,137,137,125,0,-12,0,12,TRUE,FALSE
315,5,136,138,142,136,138,142,136,138,142,2,6,2,6,FALSE,FALSE
315,6,142,144,145,142,144,145,142,144,145,2,3,2,3,FALSE,FALSE
315,7,144,140,147,144,140,147,144,140,147,-4,3,4,3,FALSE,FALSE
315,8,149,147,150,149,147,150,149,147,150,-2,1,2,1,FALSE,FALSE
315,9,161,139,170,161,139,170,161,139,170,-22,9,22,9,FALSE,FALSE
315,10,160,136,181,160,136,181,160,136,181,-24,21,24,21,FALSE,FALSE
315,11,178,135,198,178,135,198,178,135,198,-43,20,43,20,FALSE,FALSE
315,12,194,132,216,194,132,216,194,132,216,-62,22,62,22,FALSE,FALSE
315,13,207,135,244,207,135,244,207,135,244,-72,37,72,37,FALSE,FALSE
315,14,221,143,253,221,143,253,221,143,253,-78,32,78,32,FALSE,FALSE
315,15,225,154,273,225,154,273,225,154,273,-71,48,71,48,FALSE,FALSE
315,16,241,154,287,241,154,287,241,154,287,-87,46,87,46,FALSE,FALSE
315,17,245,161,300,245,161,300,245,161,300,-84,55,84,55,FALSE,FALSE
315,18,247,166,322,247,166,322,247,166,322,-81,75,81,75,FALSE,FALSE
315,19,256,170,323,256,170,323,256,170,323,-86,67,86,67,FALSE,FALSE
315,20,258,182,339,258,182,339,258,182,339,-76,81,76,81,FALSE,FALSE
315,21,273,185,372,273,185,372,273,185,372,-88,99,88,99,FALSE,FALSE
315,22,292,195,353,292,195,353,292,195,353,-97,61,97,61,FALSE,FALSE
315,23,330,204,370,330,204,370,330,204,370,-126,40,126,40,FALSE,FALSE
315,24,354,216,363,354,216,363,354,216,363,-138,9,138,9,FALSE,FALSE
315,25,368,229,374,368,229,374,368,229,374,-139,6,139,6,FALSE,FALSE
315,26,372,233,398,372,233,398,372,233,398,-139,26,139,26,FALSE,FALSE
315,27,394,231,413,394,231,413,394,231,413,-163,19,163,19,FALSE,FALSE
315,28,410,252,417,410,252,417,410,252,417,-158,7,158,7,FALSE,FALSE
315,29,419,261,429,419,261,429,419,261,429,-158,10,158,10,FALSE,FALSE
315,30,424,270,443,424,270,443,424,270,443,-154,19,154,19,FALSE,FALSE
315,31,401,272,446,401,272,446,401,272,446,-129,45,129,45,FALSE,FALSE
315,32,393,290,426,393,290,426,393,290,426,-103,33,103,33,FALSE,FALSE
315,33,399,290,426,399,290,426,399,290,426,-109,27,109,27,FALSE,FALSE
315,34,412,296,445,412,296,445,412,296,445,-116,33,116,33,FALSE,FALSE
315,35,415,296,454,415,296,454,415,296,454,-119,39,119,39,FALSE,FALSE
315,36,426,315,437,426,315,437,426,315,437,-111,11,111,11,FALSE,FALSE
315,37,445,312,455,445,312,455,445,312,455,-133,10,133,10,FALSE,FALSE
315,38,458,302,457,458,302,457,458,302,457,-156,-1,156,1,FALSE,FALSE
315,39,484,303,454,484,303,454,484,303,454,-181,-30,181,30,FALSE,FALSE
315,40,489,300,450,489,300,450,489,300,450,-189,-39,189,39,FALSE,FALSE
315,41,488,304,455,488,304,455,488,304,455,-184,-33,184,33,FALSE,FALSE
315,42,502,300,454,502,300,454,502,300,454,-202,-48,202,48,FALSE,FALSE
315,43,488,295,447,488,295,447,488,295,447,-193,-41,193,41,FALSE,FALSE
315,44,482,307,429,482,307,429,482,307,429,-175,-53,175,53,FALSE,FALSE
315,45,483,309,414,483,309,414,483,309,414,-174,-69,174,69,FALSE,FALSE
315,46,491,306,409,491,306,409,491,306,409,-185,-82,185,82,FALSE,FALSE
315,47,477,306,421,477,306,421,477,306,421,-171,-56,171,56,FALSE,FALSE
315,48,471,308,428,471,308,428,471,308,428,-163,-43,163,43,FALSE,FALSE
315,49,467,305,407,467,305,407,467,305,407,-162,-60,162,60,FALSE,FALSE
315,50,453,306,407,453,306,407,453,306,407,-147,-46,147,46,FALSE,FALSE
315,51,464,308,398,464,308,398,464,308,398,-156,-66,156,66,FALSE,FALSE
315,52,444,311,364,444,311,364,444,311,364,-133,-80,133,80,FALSE,FALSE
315,53,431,314,359,431,314,359,431,314,359,-117,-72,117,72,FALSE,FALSE
315,54,422,319,333,422,319,333,422,319,333,-103,-89,103,89,FALSE,FALSE
315,55,414,321,333,414,321,333,414,321,333,-93,-81,93,81,FALSE,FALSE
315,56,424,322,331,424,322,331,424,322,331,-102,-93,102,93,FALSE,FALSE
315,57,416,320,298,416,320,298,416,320,298,-96,-118,96,118,FALSE,FALSE
315,58,422,318,308,422,318,308,422,318,308,-104,-114,104,114,FALSE,FALSE
315,59,416,300,303,416,300,303,416,300,303,-116,-113,116,113,FALSE,FALSE
315,60,397,302,291,397,302,291,397,302,291,-95,-106,95,106,FALSE,FALSE
316,0,68,68,68,68,68,68,68,68,68,0,0,0,0,TRUE,TRUE
316,1,117,127,114,117,127,114,117,127,114,10,-3,10,3,FALSE,FALSE
316,2,196,222,192,196,222,192,196,222,192,26,-4,26,4,FALSE,FALSE
316,3,363,416,344,363,416,344,363,416,344,53,-19,53,19,FALSE,FALSE
316,4,610,716,590,610,716,590,610,716,590,106,-20,106,20,FALSE,FALSE
316,5,1025,1208,966,1025,1208,966,1025,1208,966,183,-59,183,59,FALSE,FALSE
316,6,1621,1866,1590,1621,1866,1590,1621,1866,1590,245,-31,245,31,FALSE,FALSE
316,7,2398,2725,2389,2398,2725,2389,2398,2725,2389,327,-9,327,9,FALSE,FALSE
316,8,3178,3404,3128,3178,3404,3128,3178,3404,3128,226,-50,226,50,FALSE,FALSE
316,9,3768,3889,3694,3768,3889,3694,3768,3889,3694,121,-74,121,74,FALSE,FALSE
316,10,3978,4020,3941,3978,4020,3941,3978,4020,3941,42,-37,42,37,FALSE,FALSE
316,11,3818,3766,3902,3818,3766,3902,3818,3766,3902,-52,84,52,84,FALSE,FALSE
316,12,3412,3377,3506,3412,3377,3506,3412,3377,3506,-35,94,35,94,FALSE,FALSE
316,13,2890,2870,3010,2890,2870,3010,2890,2870,3010,-20,120,20,120,FALSE,FALSE
316,14,2442,2390,2546,2442,2390,2546,2442,2390,2546,-52,104,52,104,FALSE,FALSE
316,15,2012,1916,2044,2012,1916,2044,2012,1916,2044,-96,32,96,32,FALSE,FALSE
316,16,1632,1583,1695,1632,1583,1695,1632,1583,1695,-49,63,49,63,FALSE,FALSE
316,17,1309,1290,1349,1309,1290,1349,1309,1290,1349,-19,40,19,40,FALSE,FALSE
316,18,1048,1026,1064,1048,1026,1064,1048,1026,1064,-22,16,22,16,FALSE,FALSE
316,19,824,833,857,824,833,857,824,833,857,9,33,9,33,FALSE,FALSE
316,20,658,647,714,658,647,714,658,647,714,-11,56,11,56,FALSE,FALSE
316,21,528,503,584,528,503,584,528,503,584,-25,56,25,56,FALSE,FALSE
316,22,405,394,472,405,394,472,405,394,472,-11,67,11,67,FALSE,FALSE
316,23,319,318,363,319,318,363,319,318,363,-1,44,1,44,FALSE,FALSE
316,24,247,251,280,247,251,280,247,251,280,4,33,4,33,FALSE,FALSE
316,25,206,196,216,206,196,216,206,196,216,-10,10,10,10,FALSE,FALSE
316,26,157,158,168,157,158,168,157,158,168,1,11,1,11,FALSE,FALSE
316,27,130,116,130,130,116,130,130,116,130,-14,0,14,0,FALSE,TRUE
316,28,96,85,105,96,85,105,96,85,105,-11,9,11,9,FALSE,FALSE
316,29,81,56,74,81,56,74,81,56,74,-25,-7,25,7,FALSE,FALSE
316,30,65,48,68,65,48,68,65,48,68,-17,3,17,3,FALSE,FALSE
316,31,50,33,48,50,33,48,50,33,48,-17,-2,17,2,FALSE,FALSE
316,32,43,23,39,43,23,39,43,23,39,-20,-4,20,4,FALSE,FALSE
316,33,33,18,30,33,18,30,33,18,30,-15,-3,15,3,FALSE,FALSE
316,34,26,15,21,26,15,21,26,15,21,-11,-5,11,5,FALSE,FALSE
316,35,20,12,18,20,12,18,20,12,18,-8,-2,8,2,FALSE,FALSE
316,36,17,9,14,17,9,14,17,9,14,-8,-3,8,3,FALSE,FALSE
316,37,13,9,11,13,9,11,13,9,11,-4,-2,4,2,FALSE,FALSE
316,38,10,7,9,10,7,9,10,7,9,-3,-1,3,1,FALSE,FALSE
316,39,8,5,6,8,5,6,8,5,6,-3,-2,3,2,FALSE,FALSE
316,40,5,4,3,5,4,3,5,4,3,-1,-2,1,2,FALSE,FALSE
316,41,2,2,2,2,2,2,2,2,2,0,0,0,0,TRUE,TRUE
316,42,2,1,2,2,1,2,2,1,2,-1,0,1,0,FALSE,TRUE
316,43,2,1,2,2,1,2,2,1,2,-1,0,1,0,FALSE,TRUE
316,44,2,1,2,2,1,2,2,1,2,-1,0,1,0,FALSE,TRUE
316,45,2,1,2,2,1,2,2,1,2,-1,0,1,0,FALSE,TRUE
316,46,2,0,1,2,0,1,2,0,1,-2,-1,2,1,FALSE,FALSE
316,47,2,0,0,2,0,0,2,0,0,-2,-2,2,2,FALSE,FALSE
316,48,2,0,0,2,0,0,2,0,0,-2,-2,2,2,FALSE,FALSE
316,49,2,0,0,2,0,0,2,0,0,-2,-2,2,2,FALSE,FALSE
316,50,2,0,0,2,0,0,2,0,0,-2,-2,2,2,FALSE,FALSE
316,51,1,0,0,1,0,0,1,0,0,-1,-1,1,1,FALSE,FALSE
316,52,0,0,0,0,0,0,0,0,0,0,0,0,0,TRUE,TRUE
316,53,0,0,0,0,0,0,0,0,0,0,0,0,0,TRUE,TRUE
316,54,0,0,0,0,0,0,0,0,0,0,0,0,0,TRUE,TRUE
316,55,0,0,0,0,0,0,0,0,0,0,0,0,0,TRUE,TRUE
316,56,0,0,0,0,0,0,0,0,0,0,0,0,0,TRUE,TRUE
316,57,0,0,0,0,0,0,0,0,0,0,0,0,0,TRUE,TRUE
316,58,0,0,0,0,0,0,0,0,0,0,0,0,0,TRUE,TRUE
316,59,0,0,0,0,0,0,0,0,0,0,0,0,0,TRUE,TRUE
316,60,0,0,0,0,0,0,0,0,0,0,0,0,0,TRUE,TRUE
317,0,106,106,106,106,106,106,106,106,106,0,0,0,0,TRUE,TRUE
317,1,159,151,155,159,151,155,159,151,155,-8,-4,8,4,FALSE,FALSE
317,2,238,198,224,238,198,224,238,198,224,-40,-14,40,14,FALSE,FALSE
317,3,332,278,316,332,278,316,332,278,316,-54,-16,54,16,FALSE,FALSE
317,4,465,364,437,465,364,437,465,364,437,-101,-28,101,28,FALSE,FALSE
317,5,629,478,583,629,478,583,629,478,583,-151,-46,151,46,FALSE,FALSE
317,6,805,645,752,805,645,752,805,645,752,-160,-53,160,53,FALSE,FALSE
317,7,1059,830,1000,1059,830,1000,1059,830,1000,-229,-59,229,59,FALSE,FALSE
317,8,1314,1054,1243,1314,1054,1243,1314,1054,1243,-260,-71,260,71,FALSE,FALSE
317,9,1585,1255,1485,1585,1255,1485,1585,1255,1485,-330,-100,330,100,FALSE,FALSE
317,10,1876,1486,1750,1876,1486,1750,1876,1486,1750,-390,-126,390,126,FALSE,FALSE
317,11,2066,1691,1980,2066,1691,1980,2066,1691,1980,-375,-86,375,86,FALSE,FALSE
317,12,2193,1889,2098,2193,1889,2098,2193,1889,2098,-304,-95,304,95,FALSE,FALSE
317,13,2272,2061,2230,2272,2061,2230,2272,2061,2230,-211,-42,211,42,FALSE,FALSE
317,14,2250,2144,2234,2250,2144,2234,2250,2144,2234,-106,-16,106,16,FALSE,FALSE
317,15,2192,2206,2212,2192,2206,2212,2192,2206,2212,14,20,14,20,FALSE,FALSE
317,16,2109,2115,2131,2109,2115,2131,2109,2115,2131,6,22,6,22,FALSE,FALSE
317,17,1958,2047,2062,1958,2047,2062,1958,2047,2062,89,104,89,104,FALSE,FALSE
317,18,1777,1922,1847,1777,1922,1847,1777,1922,1847,145,70,145,70,FALSE,FALSE
317,19,1613,1803,1683,1613,1803,1683,1613,1803,1683,190,70,190,70,FALSE,FALSE
317,20,1482,1646,1544,1482,1646,1544,1482,1646,1544,164,62,164,62,FALSE,FALSE
317,21,1344,1507,1412,1344,1507,1412,1344,1507,1412,163,68,163,68,FALSE,FALSE
317,22,1199,1358,1267,1199,1358,1267,1199,1358,1267,159,68,159,68,FALSE,FALSE
317,23,1069,1213,1154,1069,1213,1154,1069,1213,1154,144,85,144,85,FALSE,FALSE
317,24,956,1082,1030,956,1082,1030,956,1082,1030,126,74,126,74,FALSE,FALSE
317,25,859,969,912,859,969,912,859,969,912,110,53,110,53,FALSE,FALSE
317,26,769,866,805,769,866,805,769,866,805,97,36,97,36,FALSE,FALSE
317,27,698,773,700,698,773,700,698,773,700,75,2,75,2,FALSE,FALSE
317,28,615,690,608,615,690,608,615,690,608,75,-7,75,7,FALSE,FALSE
317,29,549,619,540,549,619,540,549,619,540,70,-9,70,9,FALSE,FALSE
317,30,495,547,478,495,547,478,495,547,478,52,-17,52,17,FALSE,FALSE
317,31,444,495,415,444,495,415,444,495,415,51,-29,51,29,FALSE,FALSE
317,32,398,441,350,398,441,350,398,441,350,43,-48,43,48,FALSE,FALSE
317,33,343,409,315,343,409,315,343,409,315,66,-28,66,28,FALSE,FALSE
317,34,294,375,259,294,375,259,294,375,259,81,-35,81,35,FALSE,FALSE
317,35,262,315,229,262,315,229,262,315,229,53,-33,53,33,FALSE,FALSE
317,36,222,284,193,222,284,193,222,284,193,62,-29,62,29,FALSE,FALSE
317,37,195,246,166,195,246,166,195,246,166,51,-29,51,29,FALSE,FALSE
317,38,172,210,140,172,210,140,172,210,140,38,-32,38,32,FALSE,FALSE
317,39,138,184,123,138,184,123,138,184,123,46,-15,46,15,FALSE,FALSE
317,40,113,159,111,113,159,111,113,159,111,46,-2,46,2,FALSE,FALSE
317,41,103,133,101,103,133,101,103,133,101,30,-2,30,2,FALSE,FALSE
317,42,89,116,88,89,116,88,89,116,88,27,-1,27,1,FALSE,FALSE
317,43,76,90,80,76,90,80,76,90,80,14,4,14,4,FALSE,FALSE
317,44,73,76,73,73,76,73,73,76,73,3,0,3,0,FALSE,TRUE
317,45,66,71,64,66,71,64,66,71,64,5,-2,5,2,FALSE,FALSE
317,46,62,65,59,62,65,59,62,65,59,3,-3,3,3,FALSE,FALSE
317,47,56,54,55,56,54,55,56,54,55,-2,-1,2,1,FALSE,FALSE
317,48,50,45,49,50,45,49,50,45,49,-5,-1,5,1,FALSE,FALSE
317,49,46,38,46,46,38,46,46,38,46,-8,0,8,0,FALSE,TRUE
317,50,37,36,44,37,36,44,37,36,44,-1,7,1,7,FALSE,FALSE
317,51,30,34,40,30,34,40,30,34,40,4,10,4,10,FALSE,FALSE
317,52,27,28,38,27,28,38,27,28,38,1,11,1,11,FALSE,FALSE
317,53,26,23,36,26,23,36,26,23,36,-3,10,3,10,FALSE,FALSE
317,54,24,20,31,24,20,31,24,20,31,-4,7,4,7,FALSE,FALSE
317,55,25,17,27,25,17,27,25,17,27,-8,2,8,2,FALSE,FALSE
317,56,25,17,25,25,17,25,25,17,25,-8,0,8,0,FALSE,TRUE
317,57,24,14,22,24,14,22,24,14,22,-10,-2,10,2,FALSE,FALSE
317,58,21,13,18,21,13,18,21,13,18,-8,-3,8,3,FALSE,FALSE
317,59,21,12,14,21,12,14,21,12,14,-9,-7,9,7,FALSE,FALSE
317,60,19,11,13,19,11,13,19,11,13,-8,-6,8,6,FALSE,FALSE
318,0,52,52,52,52,52,52,52,52,52,0,0,0,0,TRUE,TRUE
318,1,79,77,70,79,77,70,79,77,70,-2,-9,2,9,FALSE,FALSE
318,2,111,128,111,111,128,111,111,128,111,17,0,17,0,FALSE,TRUE
318,3,160,191,144,160,191,144,160,191,144,31,-16,31,16,FALSE,FALSE
318,4,258,309,203,258,309,203,258,309,203,51,-55,51,55,FALSE,FALSE
318,5,402,469,290,402,469,290,402,469,290,67,-112,67,112,FALSE,FALSE
318,6,567,703,411,567,703,411,567,703,411,136,-156,136,156,FALSE,FALSE
318,7,782,978,564,782,978,564,782,978,564,196,-218,196,218,FALSE,FALSE
318,8,1024,1292,760,1024,1292,760,1024,1292,760,268,-264,268,264,FALSE,FALSE
318,9,1332,1588,983,1332,1588,983,1332,1588,983,256,-349,256,349,FALSE,FALSE
318,10,1637,1866,1252,1637,1866,1252,1637,1866,1252,229,-385,229,385,FALSE,FALSE
318,11,1885,2087,1618,1885,2087,1618,1885,2087,1618,202,-267,202,267,FALSE,FALSE
318,12,2069,2252,1836,2069,2252,1836,2069,2252,1836,183,-233,183,233,FALSE,FALSE
318,13,2158,2267,2024,2158,2267,2024,2158,2267,2024,109,-134,109,134,FALSE,FALSE
318,14,2221,2203,2215,2221,2203,2215,2221,2203,2215,-18,-6,18,6,FALSE,FALSE
318,15,2115,2065,2194,2115,2065,2194,2115,2065,2194,-50,79,50,79,FALSE,FALSE
318,16,2015,1932,2125,2015,1932,2125,2015,1932,2125,-83,110,83,110,FALSE,FALSE
318,17,1871,1754,2019,1871,1754,2019,1871,1754,2019,-117,148,117,148,FALSE,FALSE
318,18,1673,1555,1830,1673,1555,1830,1673,1555,1830,-118,157,118,157,FALSE,FALSE
318,19,1504,1362,1634,1504,1362,1634,1504,1362,1634,-142,130,142,130,FALSE,FALSE
318,20,1313,1195,1468,1313,1195,1468,1313,1195,1468,-118,155,118,155,FALSE,FALSE
318,21,1155,1021,1301,1155,1021,1301,1155,1021,1301,-134,146,134,146,FALSE,FALSE
318,22,996,901,1137,996,901,1137,996,901,1137,-95,141,95,141,FALSE,FALSE
318,23,856,781,995,856,781,995,856,781,995,-75,139,75,139,FALSE,FALSE
318,24,742,674,856,742,674,856,742,674,856,-68,114,68,114,FALSE,FALSE
318,25,636,586,734,636,586,734,636,586,734,-50,98,50,98,FALSE,FALSE
318,26,548,491,649,548,491,649,548,491,649,-57,101,57,101,FALSE,FALSE
318,27,478,406,588,478,406,588,478,406,588,-72,110,72,110,FALSE,FALSE
318,28,414,350,506,414,350,506,414,350,506,-64,92,64,92,FALSE,FALSE
318,29,346,295,424,346,295,424,346,295,424,-51,78,51,78,FALSE,FALSE
318,30,298,253,370,298,253,370,298,253,370,-45,72,45,72,FALSE,FALSE
318,31,247,216,314,247,216,314,247,216,314,-31,67,31,67,FALSE,FALSE
318,32,218,185,267,218,185,267,218,185,267,-33,49,33,49,FALSE,FALSE
318,33,184,159,208,184,159,208,184,159,208,-25,24,25,24,FALSE,FALSE
318,34,156,136,177,156,136,177,156,136,177,-20,21,20,21,FALSE,FALSE
318,35,135,114,151,135,114,151,135,114,151,-21,16,21,16,FALSE,FALSE
318,36,119,108,127,119,108,127,119,108,127,-11,8,11,8,FALSE,FALSE
318,37,108,82,112,108,82,112,108,82,112,-26,4,26,4,FALSE,FALSE
318,38,92,65,87,92,65,87,92,65,87,-27,-5,27,5,FALSE,FALSE
318,39,76,55,75,76,55,75,76,55,75,-21,-1,21,1,FALSE,FALSE
318,40,62,50,61,62,50,61,62,50,61,-12,-1,12,1,FALSE,FALSE
318,41,56,39,53,56,39,53,56,39,53,-17,-3,17,3,FALSE,FALSE
318,42,43,36,47,43,36,47,43,36,47,-7,4,7,4,FALSE,FALSE
318,43,35,31,42,35,31,42,35,31,42,-4,7,4,7,FALSE,FALSE
318,44,29,26,31,29,26,31,29,26,31,-3,2,3,2,FALSE,FALSE
318,45,22,25,22,22,25,22,22,25,22,3,0,3,0,FALSE,TRUE
318,46,19,20,16,19,20,16,19,20,16,1,-3,1,3,FALSE,FALSE
318,47,18,18,13,18,18,13,18,18,13,0,-5,0,5,TRUE,FALSE
318,48,17,12,14,17,12,14,17,12,14,-5,-3,5,3,FALSE,FALSE
318,49,13,7,13,13,7,13,13,7,13,-6,0,6,0,FALSE,TRUE
318,50,12,7,12,12,7,12,12,7,12,-5,0,5,0,FALSE,TRUE
318,51,11,7,12,11,7,12,11,7,12,-4,1,4,1,FALSE,FALSE
318,52,8,6,10,8,6,10,8,6,10,-2,2,2,2,FALSE,FALSE
318,53,7,4,10,7,4,10,7,4,10,-3,3,3,3,FALSE,FALSE
318,54,6,3,9,6,3,9,6,3,9,-3,3,3,3,FALSE,FALSE
318,55,6,1,9,6,1,9,6,1,9,-5,3,5,3,FALSE,FALSE
318,56,5,1,9,5,1,9,5,1,9,-4,4,4,4,FALSE,FALSE
318,57,4,1,7,4,1,7,4,1,7,-3,3,3,3,FALSE,FALSE
318,58,2,1,5,2,1,5,2,1,5,-1,3,1,3,FALSE,FALSE
318,59,2,1,4,2,1,4,2,1,4,-1,2,1,2,FALSE,FALSE
318,60,2,1,3,2,1,3,2,1,3,-1,1,1,1,FALSE,FALSE
319,0,101,101,101,101,101,101,101,101,101,0,0,0,0,TRUE,TRUE
319,1,136,162,148,136,162,148,136,162,148,26,12,26,12,FALSE,FALSE
319,2,214,249,235,214,249,235,214,249,235,35,21,35,21,FALSE,FALSE
319,3,326,335,351,326,335,351,326,335,351,9,25,9,25,FALSE,FALSE
319,4,472,474,521,472,474,521,472,474,521,2,49,2,49,FALSE,FALSE
319,5,678,659,745,678,659,745,678,659,745,-19,67,19,67,FALSE,FALSE
319,6,926,924,1035,926,924,1035,926,924,1035,-2,109,2,109,FALSE,FALSE
319,7,1239,1214,1352,1239,1214,1352,1239,1214,1352,-25,113,25,113,FALSE,FALSE
319,8,1563,1542,1719,1563,1542,1719,1563,1542,1719,-21,156,21,156,FALSE,FALSE
319,9,1937,1880,2056,1937,1880,2056,1937,1880,2056,-57,119,57,119,FALSE,FALSE
319,10,2266,2179,2383,2266,2179,2383,2266,2179,2383,-87,117,87,117,FALSE,FALSE
319,11,2535,2427,2614,2535,2427,2614,2535,2427,2614,-108,79,108,79,FALSE,FALSE
319,12,2625,2550,2695,2625,2550,2695,2625,2550,2695,-75,70,75,70,FALSE,FALSE
319,13,2563,2569,2646,2563,2569,2646,2563,2569,2646,6,83,6,83,FALSE,FALSE
319,14,2461,2466,2428,2461,2466,2428,2461,2466,2428,5,-33,5,33,FALSE,FALSE
319,15,2248,2308,2206,2248,2308,2206,2248,2308,2206,60,-42,60,42,FALSE,FALSE
319,16,2018,2051,1973,2018,2051,1973,2018,2051,1973,33,-45,33,45,FALSE,FALSE
319,17,1810,1799,1742,1810,1799,1742,1810,1799,1742,-11,-68,11,68,FALSE,FALSE
319,18,1599,1548,1449,1599,1548,1449,1599,1548,1449,-51,-150,51,150,FALSE,FALSE
319,19,1363,1323,1218,1363,1323,1218,1363,1323,1218,-40,-145,40,145,FALSE,FALSE
319,20,1177,1136,1050,1177,1136,1050,1177,1136,1050,-41,-127,41,127,FALSE,FALSE
319,21,1004,995,890,1004,995,890,1004,995,890,-9,-114,9,114,FALSE,FALSE
319,22,841,836,739,841,836,739,841,836,739,-5,-102,5,102,FALSE,FALSE
319,23,704,689,603,704,689,603,704,689,603,-15,-101,15,101,FALSE,FALSE
319,24,586,592,503,586,592,503,586,592,503,6,-83,6,83,FALSE,FALSE
319,25,487,494,434,487,494,434,487,494,434,7,-53,7,53,FALSE,FALSE
319,26,405,410,369,405,410,369,405,410,369,5,-36,5,36,FALSE,FALSE
319,27,335,333,297,335,333,297,335,333,297,-2,-38,2,38,FALSE,FALSE
319,28,272,273,254,272,273,254,272,273,254,1,-18,1,18,FALSE,FALSE
319,29,227,220,214,227,220,214,227,220,214,-7,-13,7,13,FALSE,FALSE
319,30,195,179,180,195,179,180,195,179,180,-16,-15,16,15,FALSE,FALSE
319,31,157,141,151,157,141,151,157,141,151,-16,-6,16,6,FALSE,FALSE
319,32,127,110,127,127,110,127,127,110,127,-17,0,17,0,FALSE,TRUE
319,33,100,93,111,100,93,111,100,93,111,-7,11,7,11,FALSE,FALSE
319,34,83,77,85,83,77,85,83,77,85,-6,2,6,2,FALSE,FALSE
319,35,72,60,75,72,60,75,72,60,75,-12,3,12,3,FALSE,FALSE
319,36,55,44,60,55,44,60,55,44,60,-11,5,11,5,FALSE,FALSE
319,37,45,34,53,45,34,53,45,34,53,-11,8,11,8,FALSE,FALSE
319,38,39,27,43,39,27,43,39,27,43,-12,4,12,4,FALSE,FALSE
319,39,33,22,36,33,22,36,33,22,36,-11,3,11,3,FALSE,FALSE
319,40,24,18,28,24,18,28,24,18,28,-6,4,6,4,FALSE,FALSE
319,41,22,14,24,22,14,24,22,14,24,-8,2,8,2,FALSE,FALSE
319,42,15,13,19,15,13,19,15,13,19,-2,4,2,4,FALSE,FALSE
319,43,11,11,18,11,11,18,11,11,18,0,7,0,7,TRUE,FALSE
319,44,10,8,10,10,8,10,10,8,10,-2,0,2,0,FALSE,TRUE
319,45,8,9,9,8,9,9,8,9,9,1,1,1,1,FALSE,FALSE
319,46,5,8,9,5,8,9,5,8,9,3,4,3,4,FALSE,FALSE
319,47,4,8,8,4,8,8,4,8,8,4,4,4,4,FALSE,FALSE
319,48,2,6,8,2,6,8,2,6,8,4,6,4,6,FALSE,FALSE
319,49,2,6,6,2,6,6,2,6,6,4,4,4,4,FALSE,FALSE
319,50,1,3,4,1,3,4,1,3,4,2,3,2,3,FALSE,FALSE
319,51,1,4,3,1,4,3,1,4,3,3,2,3,2,FALSE,FALSE
319,52,1,2,2,1,2,2,1,2,2,1,1,1,1,FALSE,FALSE
319,53,1,2,1,1,2,1,1,2,1,1,0,1,0,FALSE,TRUE
319,54,1,2,0,1,2,0,1,2,0,1,-1,1,1,FALSE,FALSE
319,55,0,2,0,0,2,0,0,2,0,2,0,2,0,FALSE,TRUE
319,56,0,2,0,0,2,0,0,2,0,2,0,2,0,FALSE,TRUE
319,57,0,2,0,0,2,0,0,2,0,2,0,2,0,FALSE,TRUE
319,58,0,2,0,0,2,0,0,2,0,2,0,2,0,FALSE,TRUE
319,59,0,2,0,0,2,0,0,2,0,2,0,2,0,FALSE,TRUE
319,60,0,2,0,0,2,0,0,2,0,2,0,2,0,FALSE,TRUE
320,0,121,121,121,121,121,121,121,121,121,0,0,0,0,TRUE,TRUE
320,1,134,144,155,134,144,155,134,144,155,10,21,10,21,FALSE,FALSE
320,2,150,183,196,150,183,196,150,183,196,33,46,33,46,FALSE,FALSE
320,3,160,235,238,160,235,238,160,235,238,75,78,75,78,FALSE,FALSE
320,4,181,281,288,181,281,288,181,281,288,100,107,100,107,FALSE,FALSE
320,5,187,356,347,187,356,347,187,356,347,169,160,169,160,FALSE,FALSE
320,6,237,427,418,237,427,418,237,427,418,190,181,190,181,FALSE,FALSE
320,7,293,515,489,293,515,489,293,515,489,222,196,222,196,FALSE,FALSE
320,8,342,631,559,342,631,559,342,631,559,289,217,289,217,FALSE,FALSE
320,9,409,718,681,409,718,681,409,718,681,309,272,309,272,FALSE,FALSE
320,10,491,816,837,491,816,837,491,816,837,325,346,325,346,FALSE,FALSE
320,11,570,935,934,570,935,934,570,935,934,365,364,365,364,FALSE,FALSE
320,12,675,1073,1061,675,1073,1061,675,1073,1061,398,386,398,386,FALSE,FALSE
320,13,785,1162,1173,785,1162,1173,785,1162,1173,377,388,377,388,FALSE,FALSE
320,14,877,1266,1246,877,1266,1246,877,1266,1246,389,369,389,369,FALSE,FALSE
320,15,976,1344,1307,976,1344,1307,976,1344,1307,368,331,368,331,FALSE,FALSE
320,16,1072,1443,1398,1072,1443,1398,1072,1443,1398,371,326,371,326,FALSE,FALSE
320,17,1148,1515,1459,1148,1515,1459,1148,1515,1459,367,311,367,311,FALSE,FALSE
320,18,1217,1533,1531,1217,1533,1531,1217,1533,1531,316,314,316,314,FALSE,FALSE
320,19,1284,1523,1564,1284,1523,1564,1284,1523,1564,239,280,239,280,FALSE,FALSE
320,20,1379,1483,1519,1379,1483,1519,1379,1483,1519,104,140,104,140,FALSE,FALSE
320,21,1403,1522,1484,1403,1522,1484,1403,1522,1484,119,81,119,81,FALSE,FALSE
320,22,1403,1488,1469,1403,1488,1469,1403,1488,1469,85,66,85,66,FALSE,FALSE
320,23,1412,1411,1387,1412,1411,1387,1412,1411,1387,-1,-25,1,25,FALSE,FALSE
320,24,1355,1319,1282,1355,1319,1282,1355,1319,1282,-36,-73,36,73,FALSE,FALSE
320,25,1333,1228,1202,1333,1228,1202,1333,1228,1202,-105,-131,105,131,FALSE,FALSE
320,26,1305,1132,1137,1305,1132,1137,1305,1132,1137,-173,-168,173,168,FALSE,FALSE
320,27,1238,1040,995,1238,1040,995,1238,1040,995,-198,-243,198,243,FALSE,FALSE
320,28,1180,955,912,1180,955,912,1180,955,912,-225,-268,225,268,FALSE,FALSE
320,29,1118,867,819,1118,867,819,1118,867,819,-251,-299,251,299,FALSE,FALSE
320,30,1053,777,722,1053,777,722,1053,777,722,-276,-331,276,331,FALSE,FALSE
320,31,993,700,660,993,700,660,993,700,660,-293,-333,293,333,FALSE,FALSE
320,32,898,609,610,898,609,610,898,609,610,-289,-288,289,288,FALSE,FALSE
320,33,859,537,545,859,537,545,859,537,545,-322,-314,322,314,FALSE,FALSE
320,34,802,477,510,802,477,510,802,477,510,-325,-292,325,292,FALSE,FALSE
320,35,724,448,440,724,448,440,724,448,440,-276,-284,276,284,FALSE,FALSE
320,36,657,395,414,657,395,414,657,395,414,-262,-243,262,243,FALSE,FALSE
320,37,585,348,363,585,348,363,585,348,363,-237,-222,237,222,FALSE,FALSE
320,38,531,311,310,531,311,310,531,311,310,-220,-221,220,221,FALSE,FALSE
320,39,486,290,259,486,290,259,486,290,259,-196,-227,196,227,FALSE,FALSE
320,40,421,262,231,421,262,231,421,262,231,-159,-190,159,190,FALSE,FALSE
320,41,362,236,214,362,236,214,362,236,214,-126,-148,126,148,FALSE,FALSE
320,42,313,210,199,313,210,199,313,210,199,-103,-114,103,114,FALSE,FALSE
320,43,273,180,163,273,180,163,273,180,163,-93,-110,93,110,FALSE,FALSE
320,44,241,146,146,241,146,146,241,146,146,-95,-95,95,95,FALSE,FALSE
320,45,225,129,127,225,129,127,225,129,127,-96,-98,96,98,FALSE,FALSE
320,46,186,116,110,186,116,110,186,116,110,-70,-76,70,76,FALSE,FALSE
320,47,180,108,100,180,108,100,180,108,100,-72,-80,72,80,FALSE,FALSE
320,48,164,92,87,164,92,87,164,92,87,-72,-77,72,77,FALSE,FALSE
320,49,145,86,80,145,86,80,145,86,80,-59,-65,59,65,FALSE,FALSE
320,50,130,73,67,130,73,67,130,73,67,-57,-63,57,63,FALSE,FALSE
320,51,113,63,58,113,63,58,113,63,58,-50,-55,50,55,FALSE,FALSE
320,52,105,55,58,105,55,58,105,55,58,-50,-47,50,47,FALSE,FALSE
320,53,93,44,48,93,44,48,93,44,48,-49,-45,49,45,FALSE,FALSE
320,54,80,39,39,80,39,39,80,39,39,-41,-41,41,41,FALSE,FALSE
320,55,69,35,38,69,35,38,69,35,38,-34,-31,34,31,FALSE,FALSE
320,56,58,32,35,58,32,35,58,32,35,-26,-23,26,23,FALSE,FALSE
320,57,50,27,26,50,27,26,50,27,26,-23,-24,23,24,FALSE,FALSE
320,58,44,25,27,44,25,27,44,25,27,-19,-17,19,17,FALSE,FALSE
320,59,40,22,24,40,22,24,40,22,24,-18,-16,18,16,FALSE,FALSE
320,60,34,21,23,34,21,23,34,21,23,-13,-11,13,11,FALSE,FALSE
321,0,64,64,64,64,64,64,64,64,64,0,0,0,0,TRUE,TRUE
321,1,79,77,76,79,77,76,79,77,76,-2,-3,2,3,FALSE,FALSE
321,2,102,87,97,102,87,97,102,87,97,-15,-5,15,5,FALSE,FALSE
321,3,122,101,108,122,101,108,122,101,108,-21,-14,21,14,FALSE,FALSE
321,4,139,129,123,139,129,123,139,129,123,-10,-16,10,16,FALSE,FALSE
321,5,163,144,131,163,144,131,163,144,131,-19,-32,19,32,FALSE,FALSE
321,6,181,173,151,181,173,151,181,173,151,-8,-30,8,30,FALSE,FALSE
321,7,198,174,172,198,174,172,198,174,172,-24,-26,24,26,FALSE,FALSE
321,8,232,209,187,232,209,187,232,209,187,-23,-45,23,45,FALSE,FALSE
321,9,264,232,218,264,232,218,264,232,218,-32,-46,32,46,FALSE,FALSE
321,10,283,268,233,283,268,233,283,268,233,-15,-50,15,50,FALSE,FALSE
321,11,321,313,254,321,313,254,321,313,254,-8,-67,8,67,FALSE,FALSE
321,12,349,336,281,349,336,281,349,336,281,-13,-68,13,68,FALSE,FALSE
321,13,385,369,312,385,369,312,385,369,312,-16,-73,16,73,FALSE,FALSE
321,14,460,394,336,460,394,336,460,394,336,-66,-124,66,124,FALSE,FALSE
321,15,495,424,355,495,424,355,495,424,355,-71,-140,71,140,FALSE,FALSE
321,16,529,452,390,529,452,390,529,452,390,-77,-139,77,139,FALSE,FALSE
321,17,561,476,449,561,476,449,561,476,449,-85,-112,85,112,FALSE,FALSE
321,18,576,515,488,576,515,488,576,515,488,-61,-88,61,88,FALSE,FALSE
321,19,606,574,494,606,574,494,606,574,494,-32,-112,32,112,FALSE,FALSE
321,20,617,615,503,617,615,503,617,615,503,-2,-114,2,114,FALSE,FALSE
321,21,625,606,518,625,606,518,625,606,518,-19,-107,19,107,FALSE,FALSE
321,22,613,650,541,613,650,541,613,650,541,37,-72,37,72,FALSE,FALSE
321,23,627,698,571,627,698,571,627,698,571,71,-56,71,56,FALSE,FALSE
321,24,634,699,576,634,699,576,634,699,576,65,-58,65,58,FALSE,FALSE
321,25,622,721,560,622,721,560,622,721,560,99,-62,99,62,FALSE,FALSE
321,26,605,727,566,605,727,566,605,727,566,122,-39,122,39,FALSE,FALSE
321,27,599,727,563,599,727,563,599,727,563,128,-36,128,36,FALSE,FALSE
321,28,598,707,561,598,707,561,598,707,561,109,-37,109,37,FALSE,FALSE
321,29,604,677,565,604,677,565,604,677,565,73,-39,73,39,FALSE,FALSE
321,30,584,673,514,584,673,514,584,673,514,89,-70,89,70,FALSE,FALSE
321,31,559,653,514,559,653,514,559,653,514,94,-45,94,45,FALSE,FALSE
321,32,521,647,517,521,647,517,521,647,517,126,-4,126,4,FALSE,FALSE
321,33,506,608,496,506,608,496,506,608,496,102,-10,102,10,FALSE,FALSE
321,34,494,585,498,494,585,498,494,585,498,91,4,91,4,FALSE,FALSE
321,35,486,551,477,486,551,477,486,551,477,65,-9,65,9,FALSE,FALSE
321,36,460,517,460,460,517,460,460,517,460,57,0,57,0,FALSE,TRUE
321,37,435,514,459,435,514,459,435,514,459,79,24,79,24,FALSE,FALSE
321,38,411,464,457,411,464,457,411,464,457,53,46,53,46,FALSE,FALSE
321,39,385,445,442,385,445,442,385,445,442,60,57,60,57,FALSE,FALSE
321,40,390,415,419,390,415,419,390,415,419,25,29,25,29,FALSE,FALSE
321,41,371,369,383,371,369,383,371,369,383,-2,12,2,12,FALSE,FALSE
321,42,351,329,365,351,329,365,351,329,365,-22,14,22,14,FALSE,FALSE
321,43,340,316,345,340,316,345,340,316,345,-24,5,24,5,FALSE,FALSE
321,44,324,281,323,324,281,323,324,281,323,-43,-1,43,1,FALSE,FALSE
321,45,281,269,295,281,269,295,281,269,295,-12,14,12,14,FALSE,FALSE
321,46,267,251,278,267,251,278,267,251,278,-16,11,16,11,FALSE,FALSE
321,47,243,231,265,243,231,265,243,231,265,-12,22,12,22,FALSE,FALSE
321,48,216,213,248,216,213,248,216,213,248,-3,32,3,32,FALSE,FALSE
321,49,195,190,217,195,190,217,195,190,217,-5,22,5,22,FALSE,FALSE
321,50,185,176,198,185,176,198,185,176,198,-9,13,9,13,FALSE,FALSE
321,51,169,154,185,169,154,185,169,154,185,-15,16,15,16,FALSE,FALSE
321,52,156,135,179,156,135,179,156,135,179,-21,23,21,23,FALSE,FALSE
321,53,153,121,148,153,121,148,153,121,148,-32,-5,32,5,FALSE,FALSE
321,54,145,105,135,145,105,135,145,105,135,-40,-10,40,10,FALSE,FALSE
321,55,134,91,128,134,91,128,134,91,128,-43,-6,43,6,FALSE,FALSE
321,56,110,81,114,110,81,114,110,81,114,-29,4,29,4,FALSE,FALSE
321,57,95,72,103,95,72,103,95,72,103,-23,8,23,8,FALSE,FALSE
321,58,93,65,102,93,65,102,93,65,102,-28,9,28,9,FALSE,FALSE
321,59,80,56,104,80,56,104,80,56,104,-24,24,24,24,FALSE,FALSE
321,60,64,46,95,64,46,95,64,46,95,-18,31,18,31,FALSE,FALSE
322,0,99,99,99,99,99,99,99,99,99,0,0,0,0,TRUE,TRUE
322,1,102,105,105,102,105,105,102,105,105,3,3,3,3,FALSE,FALSE
322,2,103,118,114,103,118,114,103,118,114,15,11,15,11,FALSE,FALSE
322,3,98,126,122,98,126,122,98,126,122,28,24,28,24,FALSE,FALSE
322,4,103,128,129,103,128,129,103,128,129,25,26,25,26,FALSE,FALSE
322,5,103,124,133,103,124,133,103,124,133,21,30,21,30,FALSE,FALSE
322,6,113,123,143,113,123,143,113,123,143,10,30,10,30,FALSE,FALSE
322,7,116,123,144,116,123,144,116,123,144,7,28,7,28,FALSE,FALSE
322,8,126,128,147,126,128,147,126,128,147,2,21,2,21,FALSE,FALSE
322,9,127,146,161,127,146,161,127,146,161,19,34,19,34,FALSE,FALSE
322,10,135,150,162,135,150,162,135,150,162,15,27,15,27,FALSE,FALSE
322,11,133,155,167,133,155,167,133,155,167,22,34,22,34,FALSE,FALSE
322,12,129,163,172,129,163,172,129,163,172,34,43,34,43,FALSE,FALSE
322,13,131,174,179,131,174,179,131,174,179,43,48,43,48,FALSE,FALSE
322,14,134,179,187,134,179,187,134,179,187,45,53,45,53,FALSE,FALSE
322,15,133,169,183,133,169,183,133,169,183,36,50,36,50,FALSE,FALSE
322,16,136,180,190,136,180,190,136,180,190,44,54,44,54,FALSE,FALSE
322,17,144,180,206,144,180,206,144,180,206,36,62,36,62,FALSE,FALSE
322,18,151,187,210,151,187,210,151,187,210,36,59,36,59,FALSE,FALSE
322,19,148,201,219,148,201,219,148,201,219,53,71,53,71,FALSE,FALSE
322,20,144,205,233,144,205,233,144,205,233,61,89,61,89,FALSE,FALSE
322,21,137,209,242,137,209,242,137,209,242,72,105,72,105,FALSE,FALSE
322,22,141,217,248,141,217,248,141,217,248,76,107,76,107,FALSE,FALSE
322,23,139,218,245,139,218,245,139,218,245,79,106,79,106,FALSE,FALSE
322,24,151,209,263,151,209,263,151,209,263,58,112,58,112,FALSE,FALSE
322,25,145,216,266,145,216,266,145,216,266,71,121,71,121,FALSE,FALSE
322,26,146,225,269,146,225,269,146,225,269,79,123,79,123,FALSE,FALSE
322,27,159,240,277,159,240,277,159,240,277,81,118,81,118,FALSE,FALSE
322,28,161,231,259,161,231,259,161,231,259,70,98,70,98,FALSE,FALSE
322,29,167,234,251,167,234,251,167,234,251,67,84,67,84,FALSE,FALSE
322,30,175,240,258,175,240,258,175,240,258,65,83,65,83,FALSE,FALSE
322,31,177,233,270,177,233,270,177,233,270,56,93,56,93,FALSE,FALSE
322,32,167,241,285,167,241,285,167,241,285,74,118,74,118,FALSE,FALSE
322,33,163,269,293,163,269,293,163,269,293,106,130,106,130,FALSE,FALSE
322,34,158,279,306,158,279,306,158,279,306,121,148,121,148,FALSE,FALSE
322,35,161,297,314,161,297,314,161,297,314,136,153,136,153,FALSE,FALSE
322,36,165,307,308,165,307,308,165,307,308,142,143,142,143,FALSE,FALSE
322,37,164,295,322,164,295,322,164,295,322,131,158,131,158,FALSE,FALSE
322,38,169,308,335,169,308,335,169,308,335,139,166,139,166,FALSE,FALSE
322,39,176,320,337,176,320,337,176,320,337,144,161,144,161,FALSE,FALSE
322,40,180,319,363,180,319,363,180,319,363,139,183,139,183,FALSE,FALSE
322,41,192,324,355,192,324,355,192,324,355,132,163,132,163,FALSE,FALSE
322,42,194,331,370,194,331,370,194,331,370,137,176,137,176,FALSE,FALSE
322,43,200,322,390,200,322,390,200,322,390,122,190,122,190,FALSE,FALSE
322,44,204,319,393,204,319,393,204,319,393,115,189,115,189,FALSE,FALSE
322,45,206,325,383,206,325,383,206,325,383,119,177,119,177,FALSE,FALSE
322,46,212,324,388,212,324,388,212,324,388,112,176,112,176,FALSE,FALSE
322,47,208,311,368,208,311,368,208,311,368,103,160,103,160,FALSE,FALSE
322,48,213,317,357,213,317,357,213,317,357,104,144,104,144,FALSE,FALSE
322,49,209,312,351,209,312,351,209,312,351,103,142,103,142,FALSE,FALSE
322,50,210,310,351,210,310,351,210,310,351,100,141,100,141,FALSE,FALSE
322,51,211,292,364,211,292,364,211,292,364,81,153,81,153,FALSE,FALSE
322,52,216,279,345,216,279,345,216,279,345,63,129,63,129,FALSE,FALSE
322,53,214,281,346,214,281,346,214,281,346,67,132,67,132,FALSE,FALSE
322,54,216,276,351,216,276,351,216,276,351,60,135,60,135,FALSE,FALSE
322,55,208,264,337,208,264,337,208,264,337,56,129,56,129,FALSE,FALSE
322,56,199,267,351,199,267,351,199,267,351,68,152,68,152,FALSE,FALSE
322,57,207,266,355,207,266,355,207,266,355,59,148,59,148,FALSE,FALSE
322,58,212,279,355,212,279,355,212,279,355,67,143,67,143,FALSE,FALSE
322,59,202,283,359,202,283,359,202,283,359,81,157,81,157,FALSE,FALSE
322,60,202,270,351,202,270,351,202,270,351,68,149,68,149,FALSE,FALSE
323,0,67,67,67,67,67,67,67,67,67,0,0,0,0,TRUE,TRUE
323,1,63,174,72,63,174,72,63,174,72,111,9,111,9,FALSE,FALSE
323,2,64,478,75,64,478,75,64,478,75,414,11,414,11,FALSE,FALSE
323,3,61,1225,72,61,1225,72,61,1225,72,1164,11,1164,11,FALSE,FALSE
323,4,61,2467,81,61,2467,81,61,2467,81,2406,20,2406,20,FALSE,FALSE
323,5,65,3696,85,65,3696,85,65,3696,85,3631,20,3631,20,FALSE,FALSE
323,6,63,4354,86,63,4354,86,63,4354,86,4291,23,4291,23,FALSE,FALSE
323,7,71,4462,85,71,4462,85,71,4462,85,4391,14,4391,14,FALSE,FALSE
323,8,69,4215,94,69,4215,94,69,4215,94,4146,25,4146,25,FALSE,FALSE
323,9,76,3925,100,76,3925,100,76,3925,100,3849,24,3849,24,FALSE,FALSE
323,10,82,3597,100,82,3597,100,82,3597,100,3515,18,3515,18,FALSE,FALSE
323,11,85,3246,103,85,3246,103,85,3246,103,3161,18,3161,18,FALSE,FALSE
323,12,85,2949,101,85,2949,101,85,2949,101,2864,16,2864,16,FALSE,FALSE
323,13,88,2649,107,88,2649,107,88,2649,107,2561,19,2561,19,FALSE,FALSE
323,14,87,2391,119,87,2391,119,87,2391,119,2304,32,2304,32,FALSE,FALSE
323,15,92,2157,123,92,2157,123,92,2157,123,2065,31,2065,31,FALSE,FALSE
323,16,102,1963,110,102,1963,110,102,1963,110,1861,8,1861,8,FALSE,FALSE
323,17,108,1761,109,108,1761,109,108,1761,109,1653,1,1653,1,FALSE,FALSE
323,18,111,1595,100,111,1595,100,111,1595,100,1484,-11,1484,11,FALSE,FALSE
323,19,116,1452,99,116,1452,99,116,1452,99,1336,-17,1336,17,FALSE,FALSE
323,20,131,1324,97,131,1324,97,131,1324,97,1193,-34,1193,34,FALSE,FALSE
323,21,129,1217,93,129,1217,93,129,1217,93,1088,-36,1088,36,FALSE,FALSE
323,22,128,1098,88,128,1098,88,128,1098,88,970,-40,970,40,FALSE,FALSE
323,23,127,1009,85,127,1009,85,127,1009,85,882,-42,882,42,FALSE,FALSE
323,24,130,932,90,130,932,90,130,932,90,802,-40,802,40,FALSE,FALSE
323,25,142,852,93,142,852,93,142,852,93,710,-49,710,49,FALSE,FALSE
323,26,139,771,91,139,771,91,139,771,91,632,-48,632,48,FALSE,FALSE
323,27,144,696,95,144,696,95,144,696,95,552,-49,552,49,FALSE,FALSE
323,28,144,631,103,144,631,103,144,631,103,487,-41,487,41,FALSE,FALSE
323,29,155,571,103,155,571,103,155,571,103,416,-52,416,52,FALSE,FALSE
323,30,163,522,93,163,522,93,163,522,93,359,-70,359,70,FALSE,FALSE
323,31,166,484,93,166,484,93,166,484,93,318,-73,318,73,FALSE,FALSE
323,32,164,435,94,164,435,94,164,435,94,271,-70,271,70,FALSE,FALSE
323,33,160,407,94,160,407,94,160,407,94,247,-66,247,66,FALSE,FALSE
323,34,170,366,95,170,366,95,170,366,95,196,-75,196,75,FALSE,FALSE
323,35,179,327,98,179,327,98,179,327,98,148,-81,148,81,FALSE,FALSE
323,36,191,297,101,191,297,101,191,297,101,106,-90,106,90,FALSE,FALSE
323,37,199,276,100,199,276,100,199,276,100,77,-99,77,99,FALSE,FALSE
323,38,206,252,101,206,252,101,206,252,101,46,-105,46,105,FALSE,FALSE
323,39,218,232,100,218,232,100,218,232,100,14,-118,14,118,FALSE,FALSE
323,40,226,212,103,226,212,103,226,212,103,-14,-123,14,123,FALSE,FALSE
323,41,231,189,102,231,189,102,231,189,102,-42,-129,42,129,FALSE,FALSE
323,42,224,170,99,224,170,99,224,170,99,-54,-125,54,125,FALSE,FALSE
323,43,237,159,90,237,159,90,237,159,90,-78,-147,78,147,FALSE,FALSE
323,44,223,139,91,223,139,91,223,139,91,-84,-132,84,132,FALSE,FALSE
323,45,222,126,99,222,126,99,222,126,99,-96,-123,96,123,FALSE,FALSE
323,46,228,110,107,228,110,107,228,110,107,-118,-121,118,121,FALSE,FALSE
323,47,221,103,109,221,103,109,221,103,109,-118,-112,118,112,FALSE,FALSE
323,48,214,90,114,214,90,114,214,90,114,-124,-100,124,100,FALSE,FALSE
323,49,219,81,103,219,81,103,219,81,103,-138,-116,138,116,FALSE,FALSE
323,50,212,75,108,212,75,108,212,75,108,-137,-104,137,104,FALSE,FALSE
323,51,208,66,108,208,66,108,208,66,108,-142,-100,142,100,FALSE,FALSE
323,52,217,60,108,217,60,108,217,60,108,-157,-109,157,109,FALSE,FALSE
323,53,219,52,106,219,52,106,219,52,106,-167,-113,167,113,FALSE,FALSE
323,54,235,46,115,235,46,115,235,46,115,-189,-120,189,120,FALSE,FALSE
323,55,227,45,107,227,45,107,227,45,107,-182,-120,182,120,FALSE,FALSE
323,56,234,42,106,234,42,106,234,42,106,-192,-128,192,128,FALSE,FALSE
323,57,229,38,118,229,38,118,229,38,118,-191,-111,191,111,FALSE,FALSE
323,58,230,33,115,230,33,115,230,33,115,-197,-115,197,115,FALSE,FALSE
323,59,216,31,115,216,31,115,216,31,115,-185,-101,185,101,FALSE,FALSE
323,60,218,26,117,218,26,117,218,26,117,-192,-101,192,101,FALSE,FALSE
324,0,164,164,164,164,164,164,164,164,164,0,0,0,0,TRUE,TRUE
324,1,214,210,199,214,210,199,214,210,199,-4,-15,4,15,FALSE,FALSE
324,2,301,263,250,301,263,250,301,263,250,-38,-51,38,51,FALSE,FALSE
324,3,394,343,321,394,343,321,394,343,321,-51,-73,51,73,FALSE,FALSE
324,4,518,465,403,518,465,403,518,465,403,-53,-115,53,115,FALSE,FALSE
324,5,677,592,518,677,592,518,677,592,518,-85,-159,85,159,FALSE,FALSE
324,6,839,769,701,839,769,701,839,769,701,-70,-138,70,138,FALSE,FALSE
324,7,1046,968,895,1046,968,895,1046,968,895,-78,-151,78,151,FALSE,FALSE
324,8,1276,1205,1157,1276,1205,1157,1276,1205,1157,-71,-119,71,119,FALSE,FALSE
324,9,1572,1497,1443,1572,1497,1443,1572,1497,1443,-75,-129,75,129,FALSE,FALSE
324,10,1906,1821,1746,1906,1821,1746,1906,1821,1746,-85,-160,85,160,FALSE,FALSE
324,11,2266,2189,2135,2266,2189,2135,2266,2189,2135,-77,-131,77,131,FALSE,FALSE
324,12,2685,2543,2560,2685,2543,2560,2685,2543,2560,-142,-125,142,125,FALSE,FALSE
324,13,3085,2899,2930,3085,2899,2930,3085,2899,2930,-186,-155,186,155,FALSE,FALSE
324,14,3407,3240,3310,3407,3240,3310,3407,3240,3310,-167,-97,167,97,FALSE,FALSE
324,15,3732,3544,3683,3732,3544,3683,3732,3544,3683,-188,-49,188,49,FALSE,FALSE
324,16,3957,3805,3893,3957,3805,3893,3957,3805,3893,-152,-64,152,64,FALSE,FALSE
324,17,4136,4032,4086,4136,4032,4086,4136,4032,4086,-104,-50,104,50,FALSE,FALSE
324,18,4256,4206,4263,4256,4206,4263,4256,4206,4263,-50,7,50,7,FALSE,FALSE
324,19,4270,4316,4327,4270,4316,4327,4270,4316,4327,46,57,46,57,FALSE,FALSE
324,20,4275,4349,4290,4275,4349,4290,4275,4349,4290,74,15,74,15,FALSE,FALSE
324,21,4234,4312,4274,4234,4312,4274,4234,4312,4274,78,40,78,40,FALSE,FALSE
324,22,4127,4204,4218,4127,4204,4218,4127,4204,4218,77,91,77,91,FALSE,FALSE
324,23,4022,4080,4082,4022,4080,4082,4022,4080,4082,58,60,58,60,FALSE,FALSE
324,24,3884,3894,3898,3884,3894,3898,3884,3894,3898,10,14,10,14,FALSE,FALSE
324,25,3694,3702,3734,3694,3702,3734,3694,3702,3734,8,40,8,40,FALSE,FALSE
324,26,3495,3529,3538,3495,3529,3538,3495,3529,3538,34,43,34,43,FALSE,FALSE
324,27,3300,3327,3301,3300,3327,3301,3300,3327,3301,27,1,27,1,FALSE,FALSE
324,28,3114,3108,3104,3114,3108,3104,3114,3108,3104,-6,-10,6,10,FALSE,FALSE
324,29,2917,2926,2904,2917,2926,2904,2917,2926,2904,9,-13,9,13,FALSE,FALSE
324,30,2724,2777,2714,2724,2777,2714,2724,2777,2714,53,-10,53,10,FALSE,FALSE
324,31,2507,2599,2539,2507,2599,2539,2507,2599,2539,92,32,92,32,FALSE,FALSE
324,32,2331,2415,2341,2331,2415,2341,2331,2415,2341,84,10,84,10,FALSE,FALSE
324,33,2155,2244,2191,2155,2244,2191,2155,2244,2191,89,36,89,36,FALSE,FALSE
324,34,1983,2093,2048,1983,2093,2048,1983,2093,2048,110,65,110,65,FALSE,FALSE
324,35,1819,1968,1904,1819,1968,1904,1819,1968,1904,149,85,149,85,FALSE,FALSE
324,36,1699,1827,1763,1699,1827,1763,1699,1827,1763,128,64,128,64,FALSE,FALSE
324,37,1587,1679,1635,1587,1679,1635,1587,1679,1635,92,48,92,48,FALSE,FALSE
324,38,1449,1541,1523,1449,1541,1523,1449,1541,1523,92,74,92,74,FALSE,FALSE
324,39,1335,1426,1410,1335,1426,1410,1335,1426,1410,91,75,91,75,FALSE,FALSE
324,40,1241,1316,1297,1241,1316,1297,1241,1316,1297,75,56,75,56,FALSE,FALSE
324,41,1147,1230,1208,1147,1230,1208,1147,1230,1208,83,61,83,61,FALSE,FALSE
324,42,1057,1149,1118,1057,1149,1118,1057,1149,1118,92,61,92,61,FALSE,FALSE
324,43,976,1071,1022,976,1071,1022,976,1071,1022,95,46,95,46,FALSE,FALSE
324,44,907,986,951,907,986,951,907,986,951,79,44,79,44,FALSE,FALSE
324,45,828,912,876,828,912,876,828,912,876,84,48,84,48,FALSE,FALSE
324,46,767,831,807,767,831,807,767,831,807,64,40,64,40,FALSE,FALSE
324,47,713,773,748,713,773,748,713,773,748,60,35,60,35,FALSE,FALSE
324,48,671,718,696,671,718,696,671,718,696,47,25,47,25,FALSE,FALSE
324,49,623,659,629,623,659,629,623,659,629,36,6,36,6,FALSE,FALSE
324,50,577,607,582,577,607,582,577,607,582,30,5,30,5,FALSE,FALSE
324,51,536,547,541,536,547,541,536,547,541,11,5,11,5,FALSE,FALSE
324,52,492,516,491,492,516,491,492,516,491,24,-1,24,1,FALSE,FALSE
324,53,445,473,448,445,473,448,445,473,448,28,3,28,3,FALSE,FALSE
324,54,408,438,414,408,438,414,408,438,414,30,6,30,6,FALSE,FALSE
324,55,372,400,382,372,400,382,372,400,382,28,10,28,10,FALSE,FALSE
324,56,335,369,349,335,369,349,335,369,349,34,14,34,14,FALSE,FALSE
324,57,315,331,312,315,331,312,315,331,312,16,-3,16,3,FALSE,FALSE
324,58,289,316,279,289,316,279,289,316,279,27,-10,27,10,FALSE,FALSE
324,59,270,284,251,270,284,251,270,284,251,14,-19,14,19,FALSE,FALSE
324,60,239,252,224,239,252,224,239,252,224,13,-15,13,15,FALSE,FALSE
325,0,129,129,129,129,129,129,129,129,129,0,0,0,0,TRUE,TRUE
325,1,147,159,138,147,159,138,147,159,138,12,-9,12,9,FALSE,FALSE
325,2,186,186,180,186,186,180,186,186,180,0,-6,0,6,TRUE,FALSE
325,3,223,224,219,223,224,219,223,224,219,1,-4,1,4,FALSE,FALSE
325,4,281,276,265,281,276,265,281,276,265,-5,-16,5,16,FALSE,FALSE
325,5,341,332,339,341,332,339,341,332,339,-9,-2,9,2,FALSE,FALSE
325,6,392,392,398,392,392,398,392,392,398,0,6,0,6,TRUE,FALSE
325,7,451,477,488,451,477,488,451,477,488,26,37,26,37,FALSE,FALSE
325,8,518,552,565,518,552,565,518,552,565,34,47,34,47,FALSE,FALSE
325,9,592,632,693,592,632,693,592,632,693,40,101,40,101,FALSE,FALSE
325,10,681,752,793,681,752,793,681,752,793,71,112,71,112,FALSE,FALSE
325,11,825,903,911,825,903,911,825,903,911,78,86,78,86,FALSE,FALSE
325,12,944,1030,1011,944,1030,1011,944,1030,1011,86,67,86,67,FALSE,FALSE
325,13,1096,1178,1142,1096,1178,1142,1096,1178,1142,82,46,82,46,FALSE,FALSE
325,14,1215,1343,1270,1215,1343,1270,1215,1343,1270,128,55,128,55,FALSE,FALSE
325,15,1400,1518,1379,1400,1518,1379,1400,1518,1379,118,-21,118,21,FALSE,FALSE
325,16,1525,1640,1485,1525,1640,1485,1525,1640,1485,115,-40,115,40,FALSE,FALSE
325,17,1653,1786,1626,1653,1786,1626,1653,1786,1626,133,-27,133,27,FALSE,FALSE
325,18,1796,1889,1696,1796,1889,1696,1796,1889,1696,93,-100,93,100,FALSE,FALSE
325,19,1888,1992,1795,1888,1992,1795,1888,1992,1795,104,-93,104,93,FALSE,FALSE
325,20,1959,2067,1881,1959,2067,1881,1959,2067,1881,108,-78,108,78,FALSE,FALSE
325,21,2015,2080,1944,2015,2080,1944,2015,2080,1944,65,-71,65,71,FALSE,FALSE
325,22,2064,2088,1976,2064,2088,1976,2064,2088,1976,24,-88,24,88,FALSE,FALSE
325,23,2055,2092,1976,2055,2092,1976,2055,2092,1976,37,-79,37,79,FALSE,FALSE
325,24,2053,2058,1943,2053,2058,1943,2053,2058,1943,5,-110,5,110,FALSE,FALSE
325,25,2034,2009,1927,2034,2009,1927,2034,2009,1927,-25,-107,25,107,FALSE,FALSE
325,26,1972,1950,1896,1972,1950,1896,1972,1950,1896,-22,-76,22,76,FALSE,FALSE
325,27,1872,1880,1835,1872,1880,1835,1872,1880,1835,8,-37,8,37,FALSE,FALSE
325,28,1806,1811,1787,1806,1811,1787,1806,1811,1787,5,-19,5,19,FALSE,FALSE
325,29,1728,1703,1711,1728,1703,1711,1728,1703,1711,-25,-17,25,17,FALSE,FALSE
325,30,1667,1622,1631,1667,1622,1631,1667,1622,1631,-45,-36,45,36,FALSE,FALSE
325,31,1547,1494,1554,1547,1494,1554,1547,1494,1554,-53,7,53,7,FALSE,FALSE
325,32,1429,1389,1448,1429,1389,1448,1429,1389,1448,-40,19,40,19,FALSE,FALSE
325,33,1335,1288,1340,1335,1288,1340,1335,1288,1340,-47,5,47,5,FALSE,FALSE
325,34,1231,1190,1233,1231,1190,1233,1231,1190,1233,-41,2,41,2,FALSE,FALSE
325,35,1155,1096,1145,1155,1096,1145,1155,1096,1145,-59,-10,59,10,FALSE,FALSE
325,36,1044,1006,1021,1044,1006,1021,1044,1006,1021,-38,-23,38,23,FALSE,FALSE
325,37,997,929,913,997,929,913,997,929,913,-68,-84,68,84,FALSE,FALSE
325,38,915,863,841,915,863,841,915,863,841,-52,-74,52,74,FALSE,FALSE
325,39,861,793,769,861,793,769,861,793,769,-68,-92,68,92,FALSE,FALSE
325,40,783,705,706,783,705,706,783,705,706,-78,-77,78,77,FALSE,FALSE
325,41,690,642,654,690,642,654,690,642,654,-48,-36,48,36,FALSE,FALSE
325,42,633,604,612,633,604,612,633,604,612,-29,-21,29,21,FALSE,FALSE
325,43,583,530,547,583,530,547,583,530,547,-53,-36,53,36,FALSE,FALSE
325,44,520,467,497,520,467,497,520,467,497,-53,-23,53,23,FALSE,FALSE
325,45,458,437,442,458,437,442,458,437,442,-21,-16,21,16,FALSE,FALSE
325,46,399,402,414,399,402,414,399,402,414,3,15,3,15,FALSE,FALSE
325,47,363,362,371,363,362,371,363,362,371,-1,8,1,8,FALSE,FALSE
325,48,328,325,344,328,325,344,328,325,344,-3,16,3,16,FALSE,FALSE
325,49,302,305,310,302,305,310,302,305,310,3,8,3,8,FALSE,FALSE
325,50,271,253,274,271,253,274,271,253,274,-18,3,18,3,FALSE,FALSE
325,51,234,226,245,234,226,245,234,226,245,-8,11,8,11,FALSE,FALSE
325,52,207,207,212,207,207,212,207,207,212,0,5,0,5,TRUE,FALSE
325,53,190,178,191,190,178,191,190,178,191,-12,1,12,1,FALSE,FALSE
325,54,173,160,161,173,160,161,173,160,161,-13,-12,13,12,FALSE,FALSE
325,55,152,140,143,152,140,143,152,140,143,-12,-9,12,9,FALSE,FALSE
325,56,136,124,133,136,124,133,136,124,133,-12,-3,12,3,FALSE,FALSE
325,57,117,119,120,117,119,120,117,119,120,2,3,2,3,FALSE,FALSE
325,58,103,115,108,103,115,108,103,115,108,12,5,12,5,FALSE,FALSE
325,59,87,99,93,87,99,93,87,99,93,12,6,12,6,FALSE,FALSE
325,60,79,81,82,79,81,82,79,81,82,2,3,2,3,FALSE,FALSE
326,0,49,49,49,49,49,49,49,49,49,0,0,0,0,TRUE,TRUE
326,1,55,49,56,55,49,56,55,49,56,-6,1,6,1,FALSE,FALSE
326,2,58,54,60,58,54,60,58,54,60,-4,2,4,2,FALSE,FALSE
326,3,58,60,62,58,60,62,58,60,62,2,4,2,4,FALSE,FALSE
326,4,66,61,67,66,61,67,66,61,67,-5,1,5,1,FALSE,FALSE
326,5,74,68,75,74,68,75,74,68,75,-6,1,6,1,FALSE,FALSE
326,6,85,70,94,85,70,94,85,70,94,-15,9,15,9,FALSE,FALSE
326,7,93,78,99,93,78,99,93,78,99,-15,6,15,6,FALSE,FALSE
326,8,104,81,105,104,81,105,104,81,105,-23,1,23,1,FALSE,FALSE
326,9,111,87,114,111,87,114,111,87,114,-24,3,24,3,FALSE,FALSE
326,10,124,87,123,124,87,123,124,87,123,-37,-1,37,1,FALSE,FALSE
326,11,126,97,128,126,97,128,126,97,128,-29,2,29,2,FALSE,FALSE
326,12,134,106,141,134,106,141,134,106,141,-28,7,28,7,FALSE,FALSE
326,13,150,107,154,150,107,154,150,107,154,-43,4,43,4,FALSE,FALSE
326,14,158,116,171,158,116,171,158,116,171,-42,13,42,13,FALSE,FALSE
326,15,164,131,192,164,131,192,164,131,192,-33,28,33,28,FALSE,FALSE
326,16,171,142,194,171,142,194,171,142,194,-29,23,29,23,FALSE,FALSE
326,17,189,157,206,189,157,206,189,157,206,-32,17,32,17,FALSE,FALSE
326,18,193,156,229,193,156,229,193,156,229,-37,36,37,36,FALSE,FALSE
326,19,200,171,242,200,171,242,200,171,242,-29,42,29,42,FALSE,FALSE
326,20,215,189,259,215,189,259,215,189,259,-26,44,26,44,FALSE,FALSE
326,21,218,207,281,218,207,281,218,207,281,-11,63,11,63,FALSE,FALSE
326,22,238,226,302,238,226,302,238,226,302,-12,64,12,64,FALSE,FALSE
326,23,252,249,338,252,249,338,252,249,338,-3,86,3,86,FALSE,FALSE
326,24,264,268,365,264,268,365,264,268,365,4,101,4,101,FALSE,FALSE
326,25,274,298,369,274,298,369,274,298,369,24,95,24,95,FALSE,FALSE
326,26,286,302,385,286,302,385,286,302,385,16,99,16,99,FALSE,FALSE
326,27,289,324,400,289,324,400,289,324,400,35,111,35,111,FALSE,FALSE
326,28,325,337,412,325,337,412,325,337,412,12,87,12,87,FALSE,FALSE
326,29,352,370,431,352,370,431,352,370,431,18,79,18,79,FALSE,FALSE
326,30,368,397,451,368,397,451,368,397,451,29,83,29,83,FALSE,FALSE
326,31,389,425,484,389,425,484,389,425,484,36,95,36,95,FALSE,FALSE
326,32,395,456,512,395,456,512,395,456,512,61,117,61,117,FALSE,FALSE
326,33,409,477,551,409,477,551,409,477,551,68,142,68,142,FALSE,FALSE
326,34,427,511,577,427,511,577,427,511,577,84,150,84,150,FALSE,FALSE
326,35,443,513,598,443,513,598,443,513,598,70,155,70,155,FALSE,FALSE
326,36,445,543,601,445,543,601,445,543,601,98,156,98,156,FALSE,FALSE
326,37,472,579,621,472,579,621,472,579,621,107,149,107,149,FALSE,FALSE
326,38,486,639,649,486,639,649,486,639,649,153,163,153,163,FALSE,FALSE
326,39,514,667,679,514,667,679,514,667,679,153,165,153,165,FALSE,FALSE
326,40,540,676,685,540,676,685,540,676,685,136,145,136,145,FALSE,FALSE
326,41,560,698,704,560,698,704,560,698,704,138,144,138,144,FALSE,FALSE
326,42,580,707,721,580,707,721,580,707,721,127,141,127,141,FALSE,FALSE
326,43,598,712,758,598,712,758,598,712,758,114,160,114,160,FALSE,FALSE
326,44,623,753,785,623,753,785,623,753,785,130,162,130,162,FALSE,FALSE
326,45,628,779,799,628,779,799,628,779,799,151,171,151,171,FALSE,FALSE
326,46,645,815,813,645,815,813,645,815,813,170,168,170,168,FALSE,FALSE
326,47,649,848,831,649,848,831,649,848,831,199,182,199,182,FALSE,FALSE
326,48,657,867,838,657,867,838,657,867,838,210,181,210,181,FALSE,FALSE
326,49,669,883,875,669,883,875,669,883,875,214,206,214,206,FALSE,FALSE
326,50,661,910,877,661,910,877,661,910,877,249,216,249,216,FALSE,FALSE
326,51,679,950,881,679,950,881,679,950,881,271,202,271,202,FALSE,FALSE
326,52,686,990,853,686,990,853,686,990,853,304,167,304,167,FALSE,FALSE
326,53,691,988,856,691,988,856,691,988,856,297,165,297,165,FALSE,FALSE
326,54,707,990,839,707,990,839,707,990,839,283,132,283,132,FALSE,FALSE
326,55,707,1004,829,707,1004,829,707,1004,829,297,122,297,122,FALSE,FALSE
326,56,717,1020,839,717,1020,839,717,1020,839,303,122,303,122,FALSE,FALSE
326,57,736,1042,818,736,1042,818,736,1042,818,306,82,306,82,FALSE,FALSE
326,58,728,1058,810,728,1058,810,728,1058,810,330,82,330,82,FALSE,FALSE
326,59,725,1054,792,725,1054,792,725,1054,792,329,67,329,67,FALSE,FALSE
326,60,723,1044,773,723,1044,773,723,1044,773,321,50,321,50,FALSE,FALSE
327,0,49,49,49,49,49,49,49,49,49,0,0,0,0,TRUE,TRUE
327,1,57,54,58,57,54,58,57,54,58,-3,1,3,1,FALSE,FALSE
327,2,63,63,69,63,63,69,63,63,69,0,6,0,6,TRUE,FALSE
327,3,75,70,86,75,70,86,75,70,86,-5,11,5,11,FALSE,FALSE
327,4,84,82,104,84,82,104,84,82,104,-2,20,2,20,FALSE,FALSE
327,5,105,78,120,105,78,120,105,78,120,-27,15,27,15,FALSE,FALSE
327,6,121,86,138,121,86,138,121,86,138,-35,17,35,17,FALSE,FALSE
327,7,128,103,159,128,103,159,128,103,159,-25,31,25,31,FALSE,FALSE
327,8,145,112,176,145,112,176,145,112,176,-33,31,33,31,FALSE,FALSE
327,9,173,127,196,173,127,196,173,127,196,-46,23,46,23,FALSE,FALSE
327,10,196,141,216,196,141,216,196,141,216,-55,20,55,20,FALSE,FALSE
327,11,220,148,241,220,148,241,220,148,241,-72,21,72,21,FALSE,FALSE
327,12,261,168,277,261,168,277,261,168,277,-93,16,93,16,FALSE,FALSE
327,13,295,179,319,295,179,319,295,179,319,-116,24,116,24,FALSE,FALSE
327,14,324,214,342,324,214,342,324,214,342,-110,18,110,18,FALSE,FALSE
327,15,360,226,382,360,226,382,360,226,382,-134,22,134,22,FALSE,FALSE
327,16,389,253,421,389,253,421,389,253,421,-136,32,136,32,FALSE,FALSE
327,17,434,271,476,434,271,476,434,271,476,-163,42,163,42,FALSE,FALSE
327,18,464,301,504,464,301,504,464,301,504,-163,40,163,40,FALSE,FALSE
327,19,503,348,550,503,348,550,503,348,550,-155,47,155,47,FALSE,FALSE
327,20,519,387,606,519,387,606,519,387,606,-132,87,132,87,FALSE,FALSE
327,21,547,414,657,547,414,657,547,414,657,-133,110,133,110,FALSE,FALSE
327,22,571,451,695,571,451,695,571,451,695,-120,124,120,124,FALSE,FALSE
327,23,615,477,738,615,477,738,615,477,738,-138,123,138,123,FALSE,FALSE
327,24,643,522,792,643,522,792,643,522,792,-121,149,121,149,FALSE,FALSE
327,25,653,571,863,653,571,863,653,571,863,-82,210,82,210,FALSE,FALSE
327,26,710,597,893,710,597,893,710,597,893,-113,183,113,183,FALSE,FALSE
327,27,744,624,923,744,624,923,744,624,923,-120,179,120,179,FALSE,FALSE
327,28,748,643,961,748,643,961,748,643,961,-105,213,105,213,FALSE,FALSE
327,29,760,662,993,760,662,993,760,662,993,-98,233,98,233,FALSE,FALSE
327,30,762,695,1011,762,695,1011,762,695,1011,-67,249,67,249,FALSE,FALSE
327,31,764,715,1008,764,715,1008,764,715,1008,-49,244,49,244,FALSE,FALSE
327,32,773,730,1014,773,730,1014,773,730,1014,-43,241,43,241,FALSE,FALSE
327,33,787,745,1022,787,745,1022,787,745,1022,-42,235,42,235,FALSE,FALSE
327,34,813,774,1005,813,774,1005,813,774,1005,-39,192,39,192,FALSE,FALSE
327,35,801,799,982,801,799,982,801,799,982,-2,181,2,181,FALSE,FALSE
327,36,823,817,938,823,817,938,823,817,938,-6,115,6,115,FALSE,FALSE
327,37,824,833,912,824,833,912,824,833,912,9,88,9,88,FALSE,FALSE
327,38,825,816,893,825,816,893,825,816,893,-9,68,9,68,FALSE,FALSE
327,39,809,819,863,809,819,863,809,819,863,10,54,10,54,FALSE,FALSE
327,40,799,811,817,799,811,817,799,811,817,12,18,12,18,FALSE,FALSE
327,41,771,808,784,771,808,784,771,808,784,37,13,37,13,FALSE,FALSE
327,42,754,803,747,754,803,747,754,803,747,49,-7,49,7,FALSE,FALSE
327,43,733,783,705,733,783,705,733,783,705,50,-28,50,28,FALSE,FALSE
327,44,713,731,684,713,731,684,713,731,684,18,-29,18,29,FALSE,FALSE
327,45,690,711,637,690,711,637,690,711,637,21,-53,21,53,FALSE,FALSE
327,46,659,679,590,659,679,590,659,679,590,20,-69,20,69,FALSE,FALSE
327,47,633,660,564,633,660,564,633,660,564,27,-69,27,69,FALSE,FALSE
327,48,604,638,526,604,638,526,604,638,526,34,-78,34,78,FALSE,FALSE
327,49,564,624,482,564,624,482,564,624,482,60,-82,60,82,FALSE,FALSE
327,50,533,600,465,533,600,465,533,600,465,67,-68,67,68,FALSE,FALSE
327,51,500,585,424,500,585,424,500,585,424,85,-76,85,76,FALSE,FALSE
327,52,467,553,395,467,553,395,467,553,395,86,-72,86,72,FALSE,FALSE
327,53,442,528,372,442,528,372,442,528,372,86,-70,86,70,FALSE,FALSE
327,54,425,502,364,425,502,364,425,502,364,77,-61,77,61,FALSE,FALSE
327,55,398,468,337,398,468,337,398,468,337,70,-61,70,61,FALSE,FALSE
327,56,375,436,311,375,436,311,375,436,311,61,-64,61,64,FALSE,FALSE
327,57,345,400,293,345,400,293,345,400,293,55,-52,55,52,FALSE,FALSE
327,58,319,367,266,319,367,266,319,367,266,48,-53,48,53,FALSE,FALSE
327,59,289,349,251,289,349,251,289,349,251,60,-38,60,38,FALSE,FALSE
327,60,279,333,237,279,333,237,279,333,237,54,-42,54,42,FALSE,FALSE
328,0,65,65,65,65,65,65,65,65,65,0,0,0,0,TRUE,TRUE
328,1,79,94,94,79,94,94,79,94,94,15,15,15,15,FALSE,FALSE
328,2,102,135,129,102,135,129,102,135,129,33,27,33,27,FALSE,FALSE
328,3,126,187,183,126,187,183,126,187,183,61,57,61,57,FALSE,FALSE
328,4,159,258,235,159,258,235,159,258,235,99,76,99,76,FALSE,FALSE
328,5,214,338,323,214,338,323,214,338,323,124,109,124,109,FALSE,FALSE
328,6,281,457,430,281,457,430,281,457,430,176,149,176,149,FALSE,FALSE
328,7,381,596,568,381,596,568,381,596,568,215,187,215,187,FALSE,FALSE
328,8,514,768,773,514,768,773,514,768,773,254,259,254,259,FALSE,FALSE
328,9,669,982,971,669,982,971,669,982,971,313,302,313,302,FALSE,FALSE
328,10,866,1272,1195,866,1272,1195,866,1272,1195,406,329,406,329,FALSE,FALSE
328,11,1077,1562,1470,1077,1562,1470,1077,1562,1470,485,393,485,393,FALSE,FALSE
328,12,1316,1840,1733,1316,1840,1733,1316,1840,1733,524,417,524,417,FALSE,FALSE
328,13,1602,2124,2031,1602,2124,2031,1602,2124,2031,522,429,522,429,FALSE,FALSE
328,14,1899,2386,2259,1899,2386,2259,1899,2386,2259,487,360,487,360,FALSE,FALSE
328,15,2146,2553,2451,2146,2553,2451,2146,2553,2451,407,305,407,305,FALSE,FALSE
328,16,2387,2709,2599,2387,2709,2599,2387,2709,2599,322,212,322,212,FALSE,FALSE
328,17,2532,2753,2686,2532,2753,2686,2532,2753,2686,221,154,221,154,FALSE,FALSE
328,18,2637,2763,2710,2637,2763,2710,2637,2763,2710,126,73,126,73,FALSE,FALSE
328,19,2716,2716,2724,2716,2716,2724,2716,2716,2724,0,8,0,8,TRUE,FALSE
328,20,2704,2603,2641,2704,2603,2641,2704,2603,2641,-101,-63,101,63,FALSE,FALSE
328,21,2626,2452,2517,2626,2452,2517,2626,2452,2517,-174,-109,174,109,FALSE,FALSE
328,22,2548,2319,2401,2548,2319,2401,2548,2319,2401,-229,-147,229,147,FALSE,FALSE
328,23,2473,2189,2302,2473,2189,2302,2473,2189,2302,-284,-171,284,171,FALSE,FALSE
328,24,2327,2023,2131,2327,2023,2131,2327,2023,2131,-304,-196,304,196,FALSE,FALSE
328,25,2182,1850,1966,2182,1850,1966,2182,1850,1966,-332,-216,332,216,FALSE,FALSE
328,26,2023,1683,1815,2023,1683,1815,2023,1683,1815,-340,-208,340,208,FALSE,FALSE
328,27,1859,1546,1672,1859,1546,1672,1859,1546,1672,-313,-187,313,187,FALSE,FALSE
328,28,1707,1418,1549,1707,1418,1549,1707,1418,1549,-289,-158,289,158,FALSE,FALSE
328,29,1579,1277,1423,1579,1277,1423,1579,1277,1423,-302,-156,302,156,FALSE,FALSE
328,30,1462,1167,1300,1462,1167,1300,1462,1167,1300,-295,-162,295,162,FALSE,FALSE
328,31,1344,1054,1180,1344,1054,1180,1344,1054,1180,-290,-164,290,164,FALSE,FALSE
328,32,1254,974,1088,1254,974,1088,1254,974,1088,-280,-166,280,166,FALSE,FALSE
328,33,1148,884,996,1148,884,996,1148,884,996,-264,-152,264,152,FALSE,FALSE
328,34,1056,786,916,1056,786,916,1056,786,916,-270,-140,270,140,FALSE,FALSE
328,35,966,718,828,966,718,828,966,718,828,-248,-138,248,138,FALSE,FALSE
328,36,856,666,752,856,666,752,856,666,752,-190,-104,190,104,FALSE,FALSE
328,37,775,602,682,775,602,682,775,602,682,-173,-93,173,93,FALSE,FALSE
328,38,704,546,629,704,546,629,704,546,629,-158,-75,158,75,FALSE,FALSE
328,39,641,501,580,641,501,580,641,501,580,-140,-61,140,61,FALSE,FALSE
328,40,585,458,531,585,458,531,585,458,531,-127,-54,127,54,FALSE,FALSE
328,41,525,409,475,525,409,475,525,409,475,-116,-50,116,50,FALSE,FALSE
328,42,466,358,435,466,358,435,466,358,435,-108,-31,108,31,FALSE,FALSE
328,43,430,321,410,430,321,410,430,321,410,-109,-20,109,20,FALSE,FALSE
328,44,388,298,363,388,298,363,388,298,363,-90,-25,90,25,FALSE,FALSE
328,45,361,262,331,361,262,331,361,262,331,-99,-30,99,30,FALSE,FALSE
328,46,333,228,301,333,228,301,333,228,301,-105,-32,105,32,FALSE,FALSE
328,47,311,214,274,311,214,274,311,214,274,-97,-37,97,37,FALSE,FALSE
328,48,288,183,251,288,183,251,288,183,251,-105,-37,105,37,FALSE,FALSE
328,49,249,163,226,249,163,226,249,163,226,-86,-23,86,23,FALSE,FALSE
328,50,235,152,215,235,152,215,235,152,215,-83,-20,83,20,FALSE,FALSE
328,51,216,139,187,216,139,187,216,139,187,-77,-29,77,29,FALSE,FALSE
328,52,196,131,164,196,131,164,196,131,164,-65,-32,65,32,FALSE,FALSE
328,53,175,117,150,175,117,150,175,117,150,-58,-25,58,25,FALSE,FALSE
328,54,153,110,139,153,110,139,153,110,139,-43,-14,43,14,FALSE,FALSE
328,55,142,106,123,142,106,123,142,106,123,-36,-19,36,19,FALSE,FALSE
328,56,125,95,113,125,95,113,125,95,113,-30,-12,30,12,FALSE,FALSE
328,57,115,87,100,115,87,100,115,87,100,-28,-15,28,15,FALSE,FALSE
328,58,107,77,89,107,77,89,107,77,89,-30,-18,30,18,FALSE,FALSE
328,59,101,69,75,101,69,75,101,69,75,-32,-26,32,26,FALSE,FALSE
328,60,97,62,67,97,62,67,97,62,67,-35,-30,35,30,FALSE,FALSE
329,0,101,101,101,101,101,101,101,101,101,0,0,0,0,TRUE,TRUE
329,1,100,100,94,100,100,94,100,100,94,0,-6,0,6,TRUE,FALSE
329,2,106,97,95,106,97,95,106,97,95,-9,-11,9,11,FALSE,FALSE
329,3,105,102,93,105,102,93,105,102,93,-3,-12,3,12,FALSE,FALSE
329,4,110,109,91,110,109,91,110,109,91,-1,-19,1,19,FALSE,FALSE
329,5,117,119,99,117,119,99,117,119,99,2,-18,2,18,FALSE,FALSE
329,6,125,133,107,125,133,107,125,133,107,8,-18,8,18,FALSE,FALSE
329,7,132,140,105,132,140,105,132,140,105,8,-27,8,27,FALSE,FALSE
329,8,140,135,108,140,135,108,140,135,108,-5,-32,5,32,FALSE,FALSE
329,9,141,141,110,141,141,110,141,141,110,0,-31,0,31,TRUE,FALSE
329,10,146,143,109,146,143,109,146,143,109,-3,-37,3,37,FALSE,FALSE
329,11,152,157,116,152,157,116,152,157,116,5,-36,5,36,FALSE,FALSE
329,12,163,155,122,163,155,122,163,155,122,-8,-41,8,41,FALSE,FALSE
329,13,164,165,125,164,165,125,164,165,125,1,-39,1,39,FALSE,FALSE
329,14,168,174,129,168,174,129,168,174,129,6,-39,6,39,FALSE,FALSE
329,15,161,186,133,161,186,133,161,186,133,25,-28,25,28,FALSE,FALSE
329,16,160,190,137,160,190,137,160,190,137,30,-23,30,23,FALSE,FALSE
329,17,161,205,134,161,205,134,161,205,134,44,-27,44,27,FALSE,FALSE
329,18,167,210,140,167,210,140,167,210,140,43,-27,43,27,FALSE,FALSE
329,19,171,219,144,171,219,144,171,219,144,48,-27,48,27,FALSE,FALSE
329,20,182,223,143,182,223,143,182,223,143,41,-39,41,39,FALSE,FALSE
329,21,189,235,139,189,235,139,189,235,139,46,-50,46,50,FALSE,FALSE
329,22,195,244,139,195,244,139,195,244,139,49,-56,49,56,FALSE,FALSE
329,23,203,253,143,203,253,143,203,253,143,50,-60,50,60,FALSE,FALSE
329,24,208,247,146,208,247,146,208,247,146,39,-62,39,62,FALSE,FALSE
329,25,215,262,152,215,262,152,215,262,152,47,-63,47,63,FALSE,FALSE
329,26,219,271,159,219,271,159,219,271,159,52,-60,52,60,FALSE,FALSE
329,27,240,277,162,240,277,162,240,277,162,37,-78,37,78,FALSE,FALSE
329,28,249,297,167,249,297,167,249,297,167,48,-82,48,82,FALSE,FALSE
329,29,249,302,167,249,302,167,249,302,167,53,-82,53,82,FALSE,FALSE
329,30,262,311,175,262,311,175,262,311,175,49,-87,49,87,FALSE,FALSE
329,31,269,317,174,269,317,174,269,317,174,48,-95,48,95,FALSE,FALSE
329,32,273,318,178,273,318,178,273,318,178,45,-95,45,95,FALSE,FALSE
329,33,279,340,180,279,340,180,279,340,180,61,-99,61,99,FALSE,FALSE
329,34,278,347,179,278,347,179,278,347,179,69,-99,69,99,FALSE,FALSE
329,35,287,355,183,287,355,183,287,355,183,68,-104,68,104,FALSE,FALSE
329,36,290,360,183,290,360,183,290,360,183,70,-107,70,107,FALSE,FALSE
329,37,297,367,184,297,367,184,297,367,184,70,-113,70,113,FALSE,FALSE
329,38,307,354,190,307,354,190,307,354,190,47,-117,47,117,FALSE,FALSE
329,39,317,356,184,317,356,184,317,356,184,39,-133,39,133,FALSE,FALSE
329,40,339,352,186,339,352,186,339,352,186,13,-153,13,153,FALSE,FALSE
329,41,342,346,189,342,346,189,342,346,189,4,-153,4,153,FALSE,FALSE
329,42,344,339,184,344,339,184,344,339,184,-5,-160,5,160,FALSE,FALSE
329,43,347,347,185,347,347,185,347,347,185,0,-162,0,162,TRUE,FALSE
329,44,349,357,192,349,357,192,349,357,192,8,-157,8,157,FALSE,FALSE
329,45,355,372,193,355,372,193,355,372,193,17,-162,17,162,FALSE,FALSE
329,46,362,376,194,362,376,194,362,376,194,14,-168,14,168,FALSE,FALSE
329,47,349,385,188,349,385,188,349,385,188,36,-161,36,161,FALSE,FALSE
329,48,346,378,188,346,378,188,346,378,188,32,-158,32,158,FALSE,FALSE
329,49,361,382,193,361,382,193,361,382,193,21,-168,21,168,FALSE,FALSE
329,50,369,372,192,369,372,192,369,372,192,3,-177,3,177,FALSE,FALSE
329,51,387,372,188,387,372,188,387,372,188,-15,-199,15,199,FALSE,FALSE
329,52,392,361,196,392,361,196,392,361,196,-31,-196,31,196,FALSE,FALSE
329,53,408,360,204,408,360,204,408,360,204,-48,-204,48,204,FALSE,FALSE
329,54,413,353,209,413,353,209,413,353,209,-60,-204,60,204,FALSE,FALSE
329,55,418,349,208,418,349,208,418,349,208,-69,-210,69,210,FALSE,FALSE
329,56,428,342,210,428,342,210,428,342,210,-86,-218,86,218,FALSE,FALSE
329,57,420,342,209,420,342,209,420,342,209,-78,-211,78,211,FALSE,FALSE
329,58,412,335,202,412,335,202,412,335,202,-77,-210,77,210,FALSE,FALSE
329,59,403,342,200,403,342,200,403,342,200,-61,-203,61,203,FALSE,FALSE
329,60,404,331,203,404,331,203,404,331,203,-73,-201,73,201,FALSE,FALSE
330,0,96,96,96,96,96,96,96,96,96,0,0,0,0,TRUE,TRUE
330,1,121,109,115,121,109,115,121,109,115,-12,-6,12,6,FALSE,FALSE
330,2,144,134,150,144,134,150,144,134,150,-10,6,10,6,FALSE,FALSE
330,3,167,148,197,167,148,197,167,148,197,-19,30,19,30,FALSE,FALSE
330,4,202,175,236,202,175,236,202,175,236,-27,34,27,34,FALSE,FALSE
330,5,244,204,289,244,204,289,244,204,289,-40,45,40,45,FALSE,FALSE
330,6,273,248,335,273,248,335,273,248,335,-25,62,25,62,FALSE,FALSE
330,7,301,308,397,301,308,397,301,308,397,7,96,7,96,FALSE,FALSE
330,8,349,379,471,349,379,471,349,379,471,30,122,30,122,FALSE,FALSE
330,9,406,424,560,406,424,560,406,424,560,18,154,18,154,FALSE,FALSE
330,10,473,492,639,473,492,639,473,492,639,19,166,19,166,FALSE,FALSE
330,11,551,583,734,551,583,734,551,583,734,32,183,32,183,FALSE,FALSE
330,12,642,663,837,642,663,837,642,663,837,21,195,21,195,FALSE,FALSE
330,13,719,765,975,719,765,975,719,765,975,46,256,46,256,FALSE,FALSE
330,14,832,890,1111,832,890,1111,832,890,1111,58,279,58,279,FALSE,FALSE
330,15,967,987,1244,967,987,1244,967,987,1244,20,277,20,277,FALSE,FALSE
330,16,1094,1113,1448,1094,1113,1448,1094,1113,1448,19,354,19,354,FALSE,FALSE
330,17,1235,1255,1607,1235,1255,1607,1235,1255,1607,20,372,20,372,FALSE,FALSE
330,18,1375,1394,1760,1375,1394,1760,1375,1394,1760,19,385,19,385,FALSE,FALSE
330,19,1516,1559,1891,1516,1559,1891,1516,1559,1891,43,375,43,375,FALSE,FALSE
330,20,1678,1711,2000,1678,1711,2000,1678,1711,2000,33,322,33,322,FALSE,FALSE
330,21,1823,1818,2144,1823,1818,2144,1823,1818,2144,-5,321,5,321,FALSE,FALSE
330,22,1974,1946,2250,1974,1946,2250,1974,1946,2250,-28,276,28,276,FALSE,FALSE
330,23,2073,2061,2336,2073,2061,2336,2073,2061,2336,-12,263,12,263,FALSE,FALSE
330,24,2172,2117,2402,2172,2117,2402,2172,2117,2402,-55,230,55,230,FALSE,FALSE
330,25,2273,2217,2443,2273,2217,2443,2273,2217,2443,-56,170,56,170,FALSE,FALSE
330,26,2350,2256,2470,2350,2256,2470,2350,2256,2470,-94,120,94,120,FALSE,FALSE
330,27,2417,2284,2465,2417,2284,2465,2417,2284,2465,-133,48,133,48,FALSE,FALSE
330,28,2450,2303,2471,2450,2303,2471,2450,2303,2471,-147,21,147,21,FALSE,FALSE
330,29,2429,2282,2437,2429,2282,2437,2429,2282,2437,-147,8,147,8,FALSE,FALSE
330,30,2410,2275,2367,2410,2275,2367,2410,2275,2367,-135,-43,135,43,FALSE,FALSE
330,31,2376,2252,2272,2376,2252,2272,2376,2252,2272,-124,-104,124,104,FALSE,FALSE
330,32,2330,2229,2175,2330,2229,2175,2330,2229,2175,-101,-155,101,155,FALSE,FALSE
330,33,2279,2152,2085,2279,2152,2085,2279,2152,2085,-127,-194,127,194,FALSE,FALSE
330,34,2164,2103,1996,2164,2103,1996,2164,2103,1996,-61,-168,61,168,FALSE,FALSE
330,35,2060,2007,1889,2060,2007,1889,2060,2007,1889,-53,-171,53,171,FALSE,FALSE
330,36,1976,1939,1785,1976,1939,1785,1976,1939,1785,-37,-191,37,191,FALSE,FALSE
330,37,1891,1911,1700,1891,1911,1700,1891,1911,1700,20,-191,20,191,FALSE,FALSE
330,38,1775,1820,1592,1775,1820,1592,1775,1820,1592,45,-183,45,183,FALSE,FALSE
330,39,1687,1749,1490,1687,1749,1490,1687,1749,1490,62,-197,62,197,FALSE,FALSE
330,40,1586,1659,1411,1586,1659,1411,1586,1659,1411,73,-175,73,175,FALSE,FALSE
330,41,1514,1570,1319,1514,1570,1319,1514,1570,1319,56,-195,56,195,FALSE,FALSE
330,42,1402,1462,1235,1402,1462,1235,1402,1462,1235,60,-167,60,167,FALSE,FALSE
330,43,1324,1383,1146,1324,1383,1146,1324,1383,1146,59,-178,59,178,FALSE,FALSE
330,44,1258,1299,1068,1258,1299,1068,1258,1299,1068,41,-190,41,190,FALSE,FALSE
330,45,1190,1219,981,1190,1219,981,1190,1219,981,29,-209,29,209,FALSE,FALSE
330,46,1127,1135,922,1127,1135,922,1127,1135,922,8,-205,8,205,FALSE,FALSE
330,47,1049,1080,863,1049,1080,863,1049,1080,863,31,-186,31,186,FALSE,FALSE
330,48,972,1010,811,972,1010,811,972,1010,811,38,-161,38,161,FALSE,FALSE
330,49,907,946,755,907,946,755,907,946,755,39,-152,39,152,FALSE,FALSE
330,50,856,891,704,856,891,704,856,891,704,35,-152,35,152,FALSE,FALSE
330,51,798,811,653,798,811,653,798,811,653,13,-145,13,145,FALSE,FALSE
330,52,747,738,605,747,738,605,747,738,605,-9,-142,9,142,FALSE,FALSE
330,53,689,691,562,689,691,562,689,691,562,2,-127,2,127,FALSE,FALSE
330,54,645,618,538,645,618,538,645,618,538,-27,-107,27,107,FALSE,FALSE
330,55,603,566,498,603,566,498,603,566,498,-37,-105,37,105,FALSE,FALSE
330,56,562,527,460,562,527,460,562,527,460,-35,-102,35,102,FALSE,FALSE
330,57,525,493,425,525,493,425,525,493,425,-32,-100,32,100,FALSE,FALSE
330,58,480,461,405,480,461,405,480,461,405,-19,-75,19,75,FALSE,FALSE
330,59,440,426,374,440,426,374,440,426,374,-14,-66,14,66,FALSE,FALSE
330,60,418,389,334,418,389,334,418,389,334,-29,-84,29,84,FALSE,FALSE
331,0,119,119,119,119,119,119,119,119,119,0,0,0,0,TRUE,TRUE
331,1,160,157,160,160,157,160,160,157,160,-3,0,3,0,FALSE,TRUE
331,2,217,221,208,217,221,208,217,221,208,4,-9,4,9,FALSE,FALSE
331,3,271,310,292,271,310,292,271,310,292,39,21,39,21,FALSE,FALSE
331,4,393,383,382,393,383,382,393,383,382,-10,-11,10,11,FALSE,FALSE
331,5,521,541,539,521,541,539,521,541,539,20,18,20,18,FALSE,FALSE
331,6,700,704,722,700,704,722,700,704,722,4,22,4,22,FALSE,FALSE
331,7,925,949,937,925,949,937,925,949,937,24,12,24,12,FALSE,FALSE
331,8,1166,1207,1188,1166,1207,1188,1166,1207,1188,41,22,41,22,FALSE,FALSE
331,9,1444,1492,1551,1444,1492,1551,1444,1492,1551,48,107,48,107,FALSE,FALSE
331,10,1751,1800,1899,1751,1800,1899,1751,1800,1899,49,148,49,148,FALSE,FALSE
331,11,2044,2086,2252,2044,2086,2252,2044,2086,2252,42,208,42,208,FALSE,FALSE
331,12,2308,2323,2553,2308,2323,2553,2308,2323,2553,15,245,15,245,FALSE,FALSE
331,13,2483,2518,2742,2483,2518,2742,2483,2518,2742,35,259,35,259,FALSE,FALSE
331,14,2594,2636,2858,2594,2636,2858,2594,2636,2858,42,264,42,264,FALSE,FALSE
331,15,2639,2625,2848,2639,2625,2848,2639,2625,2848,-14,209,14,209,FALSE,FALSE
331,16,2581,2596,2738,2581,2596,2738,2581,2596,2738,15,157,15,157,FALSE,FALSE
331,17,2459,2495,2607,2459,2495,2607,2459,2495,2607,36,148,36,148,FALSE,FALSE
331,18,2333,2324,2385,2333,2324,2385,2333,2324,2385,-9,52,9,52,FALSE,FALSE
331,19,2171,2144,2166,2171,2144,2166,2171,2144,2166,-27,-5,27,5,FALSE,FALSE
331,20,1909,1941,1912,1909,1941,1912,1909,1941,1912,32,3,32,3,FALSE,FALSE
331,21,1694,1752,1675,1694,1752,1675,1694,1752,1675,58,-19,58,19,FALSE,FALSE
331,22,1500,1554,1468,1500,1554,1468,1500,1554,1468,54,-32,54,32,FALSE,FALSE
331,23,1346,1357,1240,1346,1357,1240,1346,1357,1240,11,-106,11,106,FALSE,FALSE
331,24,1182,1189,1055,1182,1189,1055,1182,1189,1055,7,-127,7,127,FALSE,FALSE
331,25,1024,1013,888,1024,1013,888,1024,1013,888,-11,-136,11,136,FALSE,FALSE
331,26,870,877,777,870,877,777,870,877,777,7,-93,7,93,FALSE,FALSE
331,27,739,768,679,739,768,679,739,768,679,29,-60,29,60,FALSE,FALSE
331,28,627,673,564,627,673,564,627,673,564,46,-63,46,63,FALSE,FALSE
331,29,537,574,479,537,574,479,537,574,479,37,-58,37,58,FALSE,FALSE
331,30,445,492,401,445,492,401,445,492,401,47,-44,47,44,FALSE,FALSE
331,31,373,441,336,373,441,336,373,441,336,68,-37,68,37,FALSE,FALSE
331,32,315,371,287,315,371,287,315,371,287,56,-28,56,28,FALSE,FALSE
331,33,277,294,239,277,294,239,277,294,239,17,-38,17,38,FALSE,FALSE
331,34,238,250,206,238,250,206,238,250,206,12,-32,12,32,FALSE,FALSE
331,35,196,224,169,196,224,169,196,224,169,28,-27,28,27,FALSE,FALSE
331,36,163,197,138,163,197,138,163,197,138,34,-25,34,25,FALSE,FALSE
331,37,138,169,112,138,169,112,138,169,112,31,-26,31,26,FALSE,FALSE
331,38,122,141,103,122,141,103,122,141,103,19,-19,19,19,FALSE,FALSE
331,39,103,114,91,103,114,91,103,114,91,11,-12,11,12,FALSE,FALSE
331,40,97,98,74,97,98,74,97,98,74,1,-23,1,23,FALSE,FALSE
331,41,75,80,68,75,80,68,75,80,68,5,-7,5,7,FALSE,FALSE
331,42,61,77,69,61,77,69,61,77,69,16,8,16,8,FALSE,FALSE
331,43,50,68,55,50,68,55,50,68,55,18,5,18,5,FALSE,FALSE
331,44,44,58,47,44,58,47,44,58,47,14,3,14,3,FALSE,FALSE
331,45,32,51,41,32,51,41,32,51,41,19,9,19,9,FALSE,FALSE
331,46,32,42,31,32,42,31,32,42,31,10,-1,10,1,FALSE,FALSE
331,47,32,35,26,32,35,26,32,35,26,3,-6,3,6,FALSE,FALSE
331,48,29,32,19,29,32,19,29,32,19,3,-10,3,10,FALSE,FALSE
331,49,31,30,19,31,30,19,31,30,19,-1,-12,1,12,FALSE,FALSE
331,50,26,26,21,26,26,21,26,26,21,0,-5,0,5,TRUE,FALSE
331,51,23,17,16,23,17,16,23,17,16,-6,-7,6,7,FALSE,FALSE
331,52,21,14,14,21,14,14,21,14,14,-7,-7,7,7,FALSE,FALSE
331,53,18,11,12,18,11,12,18,11,12,-7,-6,7,6,FALSE,FALSE
331,54,17,11,10,17,11,10,17,11,10,-6,-7,6,7,FALSE,FALSE
331,55,12,9,8,12,9,8,12,9,8,-3,-4,3,4,FALSE,FALSE
331,56,11,9,4,11,9,4,11,9,4,-2,-7,2,7,FALSE,FALSE
331,57,10,6,2,10,6,2,10,6,2,-4,-8,4,8,FALSE,FALSE
331,58,8,3,1,8,3,1,8,3,1,-5,-7,5,7,FALSE,FALSE
331,59,6,3,1,6,3,1,6,3,1,-3,-5,3,5,FALSE,FALSE
331,60,5,3,0,5,3,0,5,3,0,-2,-5,2,5,FALSE,FALSE
332,0,69,69,69,69,69,69,69,69,69,0,0,0,0,TRUE,TRUE
332,1,98,88,89,98,88,89,98,88,89,-10,-9,10,9,FALSE,FALSE
332,2,122,126,111,122,126,111,122,126,111,4,-11,4,11,FALSE,FALSE
332,3,161,171,156,161,171,156,161,171,156,10,-5,10,5,FALSE,FALSE
332,4,232,229,219,232,229,219,232,229,219,-3,-13,3,13,FALSE,FALSE
332,5,351,321,302,351,321,302,351,321,302,-30,-49,30,49,FALSE,FALSE
332,6,480,445,414,480,445,414,480,445,414,-35,-66,35,66,FALSE,FALSE
332,7,661,601,579,661,601,579,661,601,579,-60,-82,60,82,FALSE,FALSE
332,8,883,810,758,883,810,758,883,810,758,-73,-125,73,125,FALSE,FALSE
332,9,1166,1070,980,1166,1070,980,1166,1070,980,-96,-186,96,186,FALSE,FALSE
332,10,1468,1437,1286,1468,1437,1286,1468,1437,1286,-31,-182,31,182,FALSE,FALSE
332,11,1838,1804,1644,1838,1804,1644,1838,1804,1644,-34,-194,34,194,FALSE,FALSE
332,12,2222,2175,2084,2222,2175,2084,2222,2175,2084,-47,-138,47,138,FALSE,FALSE
332,13,2677,2650,2534,2677,2650,2534,2677,2650,2534,-27,-143,27,143,FALSE,FALSE
332,14,3091,3105,2935,3091,3105,2935,3091,3105,2935,14,-156,14,156,FALSE,FALSE
332,15,3503,3509,3312,3503,3509,3312,3503,3509,3312,6,-191,6,191,FALSE,FALSE
332,16,3806,3765,3642,3806,3765,3642,3806,3765,3642,-41,-164,41,164,FALSE,FALSE
332,17,3949,3982,3872,3949,3982,3872,3949,3982,3872,33,-77,33,77,FALSE,FALSE
332,18,4044,4053,3951,4044,4053,3951,4044,4053,3951,9,-93,9,93,FALSE,FALSE
332,19,3981,4076,4029,3981,4076,4029,3981,4076,4029,95,48,95,48,FALSE,FALSE
332,20,3867,4008,3962,3867,4008,3962,3867,4008,3962,141,95,141,95,FALSE,FALSE
332,21,3728,3858,3872,3728,3858,3872,3728,3858,3872,130,144,130,144,FALSE,FALSE
332,22,3529,3707,3692,3529,3707,3692,3529,3707,3692,178,163,178,163,FALSE,FALSE
332,23,3331,3501,3524,3331,3501,3524,3331,3501,3524,170,193,170,193,FALSE,FALSE
332,24,3113,3282,3271,3113,3282,3271,3113,3282,3271,169,158,169,158,FALSE,FALSE
332,25,2889,3037,3053,2889,3037,3053,2889,3037,3053,148,164,148,164,FALSE,FALSE
332,26,2669,2819,2808,2669,2819,2808,2669,2819,2808,150,139,150,139,FALSE,FALSE
332,27,2423,2575,2587,2423,2575,2587,2423,2575,2587,152,164,152,164,FALSE,FALSE
332,28,2217,2340,2358,2217,2340,2358,2217,2340,2358,123,141,123,141,FALSE,FALSE
332,29,2005,2149,2161,2005,2149,2161,2005,2149,2161,144,156,144,156,FALSE,FALSE
332,30,1814,1981,1940,1814,1981,1940,1814,1981,1940,167,126,167,126,FALSE,FALSE
332,31,1627,1801,1796,1627,1801,1796,1627,1801,1796,174,169,174,169,FALSE,FALSE
332,32,1484,1636,1648,1484,1636,1648,1484,1636,1648,152,164,152,164,FALSE,FALSE
332,33,1338,1490,1496,1338,1490,1496,1338,1490,1496,152,158,152,158,FALSE,FALSE
332,34,1218,1363,1340,1218,1363,1340,1218,1363,1340,145,122,145,122,FALSE,FALSE
332,35,1111,1224,1217,1111,1224,1217,1111,1224,1217,113,106,113,106,FALSE,FALSE
332,36,1003,1117,1100,1003,1117,1100,1003,1117,1100,114,97,114,97,FALSE,FALSE
332,37,883,1000,988,883,1000,988,883,1000,988,117,105,117,105,FALSE,FALSE
332,38,789,900,892,789,900,892,789,900,892,111,103,111,103,FALSE,FALSE
332,39,714,798,796,714,798,796,714,798,796,84,82,84,82,FALSE,FALSE
332,40,612,710,707,612,710,707,612,710,707,98,95,98,95,FALSE,FALSE
332,41,543,643,651,543,643,651,543,643,651,100,108,100,108,FALSE,FALSE
332,42,475,574,598,475,574,598,475,574,598,99,123,99,123,FALSE,FALSE
332,43,424,507,547,424,507,547,424,507,547,83,123,83,123,FALSE,FALSE
332,44,377,450,489,377,450,489,377,450,489,73,112,73,112,FALSE,FALSE
332,45,332,407,456,332,407,456,332,407,456,75,124,75,124,FALSE,FALSE
332,46,293,368,411,293,368,411,293,368,411,75,118,75,118,FALSE,FALSE
332,47,263,335,364,263,335,364,263,335,364,72,101,72,101,FALSE,FALSE
332,48,231,301,323,231,301,323,231,301,323,70,92,70,92,FALSE,FALSE
332,49,215,277,286,215,277,286,215,277,286,62,71,62,71,FALSE,FALSE
332,50,193,248,256,193,248,256,193,248,256,55,63,55,63,FALSE,FALSE
332,51,181,217,223,181,217,223,181,217,223,36,42,36,42,FALSE,FALSE
332,52,162,197,208,162,197,208,162,197,208,35,46,35,46,FALSE,FALSE
332,53,148,176,187,148,176,187,148,176,187,28,39,28,39,FALSE,FALSE
332,54,135,161,159,135,161,159,135,161,159,26,24,26,24,FALSE,FALSE
332,55,124,147,142,124,147,142,124,147,142,23,18,23,18,FALSE,FALSE
332,56,105,134,133,105,134,133,105,134,133,29,28,29,28,FALSE,FALSE
332,57,88,120,112,88,120,112,88,120,112,32,24,32,24,FALSE,FALSE
332,58,85,110,99,85,110,99,85,110,99,25,14,25,14,FALSE,FALSE
332,59,79,101,85,79,101,85,79,101,85,22,6,22,6,FALSE,FALSE
332,60,70,89,77,70,89,77,70,89,77,19,7,19,7,FALSE,FALSE
333,0,168,168,168,168,168,168,168,168,168,0,0,0,0,TRUE,TRUE
333,1,201,205,210,201,205,210,201,205,210,4,9,4,9,FALSE,FALSE
333,2,242,241,261,242,241,261,242,241,261,-1,19,1,19,FALSE,FALSE
333,3,293,287,306,293,287,306,293,287,306,-6,13,6,13,FALSE,FALSE
333,4,355,336,373,355,336,373,355,336,373,-19,18,19,18,FALSE,FALSE
333,5,415,409,422,415,409,422,415,409,422,-6,7,6,7,FALSE,FALSE
333,6,466,478,488,466,478,488,466,478,488,12,22,12,22,FALSE,FALSE
333,7,532,565,540,532,565,540,532,565,540,33,8,33,8,FALSE,FALSE
333,8,613,665,636,613,665,636,613,665,636,52,23,52,23,FALSE,FALSE
333,9,726,770,729,726,770,729,726,770,729,44,3,44,3,FALSE,FALSE
333,10,841,932,816,841,932,816,841,932,816,91,-25,91,25,FALSE,FALSE
333,11,977,1101,949,977,1101,949,977,1101,949,124,-28,124,28,FALSE,FALSE
333,12,1133,1274,1084,1133,1274,1084,1133,1274,1084,141,-49,141,49,FALSE,FALSE
333,13,1275,1416,1224,1275,1416,1224,1275,1416,1224,141,-51,141,51,FALSE,FALSE
333,14,1443,1584,1385,1443,1584,1385,1443,1584,1385,141,-58,141,58,FALSE,FALSE
333,15,1568,1737,1582,1568,1737,1582,1568,1737,1582,169,14,169,14,FALSE,FALSE
333,16,1741,1889,1720,1741,1889,1720,1741,1889,1720,148,-21,148,21,FALSE,FALSE
333,17,1881,2079,1889,1881,2079,1889,1881,2079,1889,198,8,198,8,FALSE,FALSE
333,18,1992,2221,2035,1992,2221,2035,1992,2221,2035,229,43,229,43,FALSE,FALSE
333,19,2083,2352,2203,2083,2352,2203,2083,2352,2203,269,120,269,120,FALSE,FALSE
333,20,2184,2438,2321,2184,2438,2321,2184,2438,2321,254,137,254,137,FALSE,FALSE
333,21,2260,2511,2394,2260,2511,2394,2260,2511,2394,251,134,251,134,FALSE,FALSE
333,22,2308,2575,2420,2308,2575,2420,2308,2575,2420,267,112,267,112,FALSE,FALSE
333,23,2386,2631,2480,2386,2631,2480,2386,2631,2480,245,94,245,94,FALSE,FALSE
333,24,2430,2635,2513,2430,2635,2513,2430,2635,2513,205,83,205,83,FALSE,FALSE
333,25,2462,2596,2522,2462,2596,2522,2462,2596,2522,134,60,134,60,FALSE,FALSE
333,26,2430,2551,2505,2430,2551,2505,2430,2551,2505,121,75,121,75,FALSE,FALSE
333,27,2421,2505,2499,2421,2505,2499,2421,2505,2499,84,78,84,78,FALSE,FALSE
333,28,2368,2391,2490,2368,2391,2490,2368,2391,2490,23,122,23,122,FALSE,FALSE
333,29,2339,2291,2432,2339,2291,2432,2339,2291,2432,-48,93,48,93,FALSE,FALSE
333,30,2296,2217,2377,2296,2217,2377,2296,2217,2377,-79,81,79,81,FALSE,FALSE
333,31,2202,2111,2282,2202,2111,2282,2202,2111,2282,-91,80,91,80,FALSE,FALSE
333,32,2103,1999,2177,2103,1999,2177,2103,1999,2177,-104,74,104,74,FALSE,FALSE
333,33,2034,1908,2025,2034,1908,2025,2034,1908,2025,-126,-9,126,9,FALSE,FALSE
333,34,1951,1808,1915,1951,1808,1915,1951,1808,1915,-143,-36,143,36,FALSE,FALSE
333,35,1841,1713,1842,1841,1713,1842,1841,1713,1842,-128,1,128,1,FALSE,FALSE
333,36,1723,1629,1761,1723,1629,1761,1723,1629,1761,-94,38,94,38,FALSE,FALSE
333,37,1611,1522,1655,1611,1522,1655,1611,1522,1655,-89,44,89,44,FALSE,FALSE
333,38,1516,1445,1574,1516,1445,1574,1516,1445,1574,-71,58,71,58,FALSE,FALSE
333,39,1426,1358,1483,1426,1358,1483,1426,1358,1483,-68,57,68,57,FALSE,FALSE
333,40,1342,1253,1377,1342,1253,1377,1342,1253,1377,-89,35,89,35,FALSE,FALSE
333,41,1243,1169,1275,1243,1169,1275,1243,1169,1275,-74,32,74,32,FALSE,FALSE
333,42,1167,1085,1206,1167,1085,1206,1167,1085,1206,-82,39,82,39,FALSE,FALSE
333,43,1080,1000,1129,1080,1000,1129,1080,1000,1129,-80,49,80,49,FALSE,FALSE
333,44,1010,914,1063,1010,914,1063,1010,914,1063,-96,53,96,53,FALSE,FALSE
333,45,955,853,993,955,853,993,955,853,993,-102,38,102,38,FALSE,FALSE
333,46,878,787,931,878,787,931,878,787,931,-91,53,91,53,FALSE,FALSE
333,47,828,722,849,828,722,849,828,722,849,-106,21,106,21,FALSE,FALSE
333,48,754,674,796,754,674,796,754,674,796,-80,42,80,42,FALSE,FALSE
333,49,703,641,723,703,641,723,703,641,723,-62,20,62,20,FALSE,FALSE
333,50,632,588,672,632,588,672,632,588,672,-44,40,44,40,FALSE,FALSE
333,51,599,545,620,599,545,620,599,545,620,-54,21,54,21,FALSE,FALSE
333,52,568,495,563,568,495,563,568,495,563,-73,-5,73,5,FALSE,FALSE
333,53,529,444,525,529,444,525,529,444,525,-85,-4,85,4,FALSE,FALSE
333,54,492,413,487,492,413,487,492,413,487,-79,-5,79,5,FALSE,FALSE
333,55,445,378,439,445,378,439,445,378,439,-67,-6,67,6,FALSE,FALSE
333,56,410,350,399,410,350,399,410,350,399,-60,-11,60,11,FALSE,FALSE
333,57,381,319,367,381,319,367,381,319,367,-62,-14,62,14,FALSE,FALSE
333,58,350,293,332,350,293,332,350,293,332,-57,-18,57,18,FALSE,FALSE
333,59,312,275,313,312,275,313,312,275,313,-37,1,37,1,FALSE,FALSE
333,60,293,254,291,293,254,291,293,254,291,-39,-2,39,2,FALSE,FALSE
334,0,134,134,134,134,134,134,134,134,134,0,0,0,0,TRUE,TRUE
334,1,166,155,157,166,155,157,166,155,157,-11,-9,11,9,FALSE,FALSE
334,2,201,191,210,201,191,210,201,191,210,-10,9,10,9,FALSE,FALSE
334,3,245,211,244,245,211,244,245,211,244,-34,-1,34,1,FALSE,FALSE
334,4,296,251,286,296,251,286,296,251,286,-45,-10,45,10,FALSE,FALSE
334,5,357,299,363,357,299,363,357,299,363,-58,6,58,6,FALSE,FALSE
334,6,422,365,435,422,365,435,422,365,435,-57,13,57,13,FALSE,FALSE
334,7,502,434,529,502,434,529,502,434,529,-68,27,68,27,FALSE,FALSE
334,8,612,499,617,612,499,617,612,499,617,-113,5,113,5,FALSE,FALSE
334,9,698,582,731,698,582,731,698,582,731,-116,33,116,33,FALSE,FALSE
334,10,800,703,869,800,703,869,800,703,869,-97,69,97,69,FALSE,FALSE
334,11,909,832,1048,909,832,1048,909,832,1048,-77,139,77,139,FALSE,FALSE
334,12,1032,958,1171,1032,958,1171,1032,958,1171,-74,139,74,139,FALSE,FALSE
334,13,1186,1109,1333,1186,1109,1333,1186,1109,1333,-77,147,77,147,FALSE,FALSE
334,14,1327,1244,1517,1327,1244,1517,1327,1244,1517,-83,190,83,190,FALSE,FALSE
334,15,1470,1378,1685,1470,1378,1685,1470,1378,1685,-92,215,92,215,FALSE,FALSE
334,16,1623,1537,1870,1623,1537,1870,1623,1537,1870,-86,247,86,247,FALSE,FALSE
334,17,1790,1701,2050,1790,1701,2050,1790,1701,2050,-89,260,89,260,FALSE,FALSE
334,18,1963,1872,2204,1963,1872,2204,1963,1872,2204,-91,241,91,241,FALSE,FALSE
334,19,2089,2023,2378,2089,2023,2378,2089,2023,2378,-66,289,66,289,FALSE,FALSE
334,20,2234,2174,2498,2234,2174,2498,2234,2174,2498,-60,264,60,264,FALSE,FALSE
334,21,2327,2345,2592,2327,2345,2592,2327,2345,2592,18,265,18,265,FALSE,FALSE
334,22,2441,2465,2674,2441,2465,2674,2441,2465,2674,24,233,24,233,FALSE,FALSE
334,23,2547,2584,2693,2547,2584,2693,2547,2584,2693,37,146,37,146,FALSE,FALSE
334,24,2603,2608,2736,2603,2608,2736,2603,2608,2736,5,133,5,133,FALSE,FALSE
334,25,2611,2634,2741,2611,2634,2741,2611,2634,2741,23,130,23,130,FALSE,FALSE
334,26,2616,2657,2750,2616,2657,2750,2616,2657,2750,41,134,41,134,FALSE,FALSE
334,27,2575,2692,2717,2575,2692,2717,2575,2692,2717,117,142,117,142,FALSE,FALSE
334,28,2592,2672,2657,2592,2672,2657,2592,2672,2657,80,65,80,65,FALSE,FALSE
334,29,2543,2662,2602,2543,2662,2602,2543,2662,2602,119,59,119,59,FALSE,FALSE
334,30,2469,2608,2514,2469,2608,2514,2469,2608,2514,139,45,139,45,FALSE,FALSE
334,31,2442,2525,2437,2442,2525,2437,2442,2525,2437,83,-5,83,5,FALSE,FALSE
334,32,2365,2449,2366,2365,2449,2366,2365,2449,2366,84,1,84,1,FALSE,FALSE
334,33,2269,2373,2265,2269,2373,2265,2269,2373,2265,104,-4,104,4,FALSE,FALSE
334,34,2207,2320,2154,2207,2320,2154,2207,2320,2154,113,-53,113,53,FALSE,FALSE
334,35,2091,2223,2081,2091,2223,2081,2091,2223,2081,132,-10,132,10,FALSE,FALSE
334,36,2028,2138,2004,2028,2138,2004,2028,2138,2004,110,-24,110,24,FALSE,FALSE
334,37,1953,2040,1892,1953,2040,1892,1953,2040,1892,87,-61,87,61,FALSE,FALSE
334,38,1870,1949,1817,1870,1949,1817,1870,1949,1817,79,-53,79,53,FALSE,FALSE
334,39,1785,1869,1717,1785,1869,1717,1785,1869,1717,84,-68,84,68,FALSE,FALSE
334,40,1676,1800,1616,1676,1800,1616,1676,1800,1616,124,-60,124,60,FALSE,FALSE
334,41,1580,1713,1527,1580,1713,1527,1580,1713,1527,133,-53,133,53,FALSE,FALSE
334,42,1508,1606,1449,1508,1606,1449,1508,1606,1449,98,-59,98,59,FALSE,FALSE
334,43,1432,1544,1360,1432,1544,1360,1432,1544,1360,112,-72,112,72,FALSE,FALSE
334,44,1335,1449,1294,1335,1449,1294,1335,1449,1294,114,-41,114,41,FALSE,FALSE
334,45,1251,1357,1233,1251,1357,1233,1251,1357,1233,106,-18,106,18,FALSE,FALSE
334,46,1190,1297,1154,1190,1297,1154,1190,1297,1154,107,-36,107,36,FALSE,FALSE
334,47,1135,1233,1083,1135,1233,1083,1135,1233,1083,98,-52,98,52,FALSE,FALSE
334,48,1069,1169,1009,1069,1169,1009,1069,1169,1009,100,-60,100,60,FALSE,FALSE
334,49,995,1094,951,995,1094,951,995,1094,951,99,-44,99,44,FALSE,FALSE
334,50,943,1009,905,943,1009,905,943,1009,905,66,-38,66,38,FALSE,FALSE
334,51,897,952,849,897,952,849,897,952,849,55,-48,55,48,FALSE,FALSE
334,52,835,903,796,835,903,796,835,903,796,68,-39,68,39,FALSE,FALSE
334,53,792,830,748,792,830,748,792,830,748,38,-44,38,44,FALSE,FALSE
334,54,746,791,710,746,791,710,746,791,710,45,-36,45,36,FALSE,FALSE
334,55,707,749,659,707,749,659,707,749,659,42,-48,42,48,FALSE,FALSE
334,56,658,692,605,658,692,605,658,692,605,34,-53,34,53,FALSE,FALSE
334,57,615,649,561,615,649,561,615,649,561,34,-54,34,54,FALSE,FALSE
334,58,586,614,525,586,614,525,586,614,525,28,-61,28,61,FALSE,FALSE
334,59,540,569,492,540,569,492,540,569,492,29,-48,29,48,FALSE,FALSE
334,60,500,542,470,500,542,470,500,542,470,42,-30,42,30,FALSE,FALSE
335,0,48,48,48,48,48,48,48,48,48,0,0,0,0,TRUE,TRUE
335,1,63,74,62,63,74,62,63,74,62,11,-1,11,1,FALSE,FALSE
335,2,90,98,86,90,98,86,90,98,86,8,-4,8,4,FALSE,FALSE
335,3,129,146,112,129,146,112,129,146,112,17,-17,17,17,FALSE,FALSE
335,4,159,209,154,159,209,154,159,209,154,50,-5,50,5,FALSE,FALSE
335,5,236,288,210,236,288,210,236,288,210,52,-26,52,26,FALSE,FALSE
335,6,328,385,280,328,385,280,328,385,280,57,-48,57,48,FALSE,FALSE
335,7,449,509,383,449,509,383,449,509,383,60,-66,60,66,FALSE,FALSE
335,8,584,636,521,584,636,521,584,636,521,52,-63,52,63,FALSE,FALSE
335,9,795,842,710,795,842,710,795,842,710,47,-85,47,85,FALSE,FALSE
335,10,1026,1086,925,1026,1086,925,1026,1086,925,60,-101,60,101,FALSE,FALSE
335,11,1318,1305,1158,1318,1305,1158,1318,1305,1158,-13,-160,13,160,FALSE,FALSE
335,12,1563,1553,1374,1563,1553,1374,1563,1553,1374,-10,-189,10,189,FALSE,FALSE
335,13,1887,1775,1626,1887,1775,1626,1887,1775,1626,-112,-261,112,261,FALSE,FALSE
335,14,2121,2004,1865,2121,2004,1865,2121,2004,1865,-117,-256,117,256,FALSE,FALSE
335,15,2304,2163,2053,2304,2163,2053,2304,2163,2053,-141,-251,141,251,FALSE,FALSE
335,16,2415,2300,2181,2415,2300,2181,2415,2300,2181,-115,-234,115,234,FALSE,FALSE
335,17,2385,2311,2265,2385,2311,2265,2385,2311,2265,-74,-120,74,120,FALSE,FALSE
335,18,2352,2308,2321,2352,2308,2321,2352,2308,2321,-44,-31,44,31,FALSE,FALSE
335,19,2286,2265,2300,2286,2265,2300,2286,2265,2300,-21,14,21,14,FALSE,FALSE
335,20,2200,2202,2259,2200,2202,2259,2200,2202,2259,2,59,2,59,FALSE,FALSE
335,21,2065,2061,2164,2065,2061,2164,2065,2061,2164,-4,99,4,99,FALSE,FALSE
335,22,1918,1925,2049,1918,1925,2049,1918,1925,2049,7,131,7,131,FALSE,FALSE
335,23,1754,1823,1923,1754,1823,1923,1754,1823,1923,69,169,69,169,FALSE,FALSE
335,24,1624,1706,1789,1624,1706,1789,1624,1706,1789,82,165,82,165,FALSE,FALSE
335,25,1512,1569,1681,1512,1569,1681,1512,1569,1681,57,169,57,169,FALSE,FALSE
335,26,1391,1435,1539,1391,1435,1539,1391,1435,1539,44,148,44,148,FALSE,FALSE
335,27,1261,1315,1419,1261,1315,1419,1261,1315,1419,54,158,54,158,FALSE,FALSE
335,28,1152,1203,1312,1152,1203,1312,1152,1203,1312,51,160,51,160,FALSE,FALSE
335,29,1032,1081,1192,1032,1081,1192,1032,1081,1192,49,160,49,160,FALSE,FALSE
335,30,934,985,1055,934,985,1055,934,985,1055,51,121,51,121,FALSE,FALSE
335,31,835,886,961,835,886,961,835,886,961,51,126,51,126,FALSE,FALSE
335,32,752,796,871,752,796,871,752,796,871,44,119,44,119,FALSE,FALSE
335,33,660,706,785,660,706,785,660,706,785,46,125,46,125,FALSE,FALSE
335,34,598,634,720,598,634,720,598,634,720,36,122,36,122,FALSE,FALSE
335,35,533,588,646,533,588,646,533,588,646,55,113,55,113,FALSE,FALSE
335,36,493,536,570,493,536,570,493,536,570,43,77,43,77,FALSE,FALSE
335,37,447,471,519,447,471,519,447,471,519,24,72,24,72,FALSE,FALSE
335,38,400,407,451,400,407,451,400,407,451,7,51,7,51,FALSE,FALSE
335,39,353,362,399,353,362,399,353,362,399,9,46,9,46,FALSE,FALSE
335,40,315,317,356,315,317,356,315,317,356,2,41,2,41,FALSE,FALSE
335,41,288,281,315,288,281,315,288,281,315,-7,27,7,27,FALSE,FALSE
335,42,255,254,286,255,254,286,255,254,286,-1,31,1,31,FALSE,FALSE
335,43,222,233,249,222,233,249,222,233,249,11,27,11,27,FALSE,FALSE
335,44,203,209,223,203,209,223,203,209,223,6,20,6,20,FALSE,FALSE
335,45,180,191,207,180,191,207,180,191,207,11,27,11,27,FALSE,FALSE
335,46,161,169,190,161,169,190,161,169,190,8,29,8,29,FALSE,FALSE
335,47,145,157,169,145,157,169,145,157,169,12,24,12,24,FALSE,FALSE
335,48,122,142,154,122,142,154,122,142,154,20,32,20,32,FALSE,FALSE
335,49,113,118,137,113,118,137,113,118,137,5,24,5,24,FALSE,FALSE
335,50,106,103,119,106,103,119,106,103,119,-3,13,3,13,FALSE,FALSE
335,51,100,94,110,100,94,110,100,94,110,-6,10,6,10,FALSE,FALSE
335,52,84,80,98,84,80,98,84,80,98,-4,14,4,14,FALSE,FALSE
335,53,76,74,91,76,74,91,76,74,91,-2,15,2,15,FALSE,FALSE
335,54,69,69,78,69,69,78,69,69,78,0,9,0,9,TRUE,FALSE
335,55,60,61,74,60,61,74,60,61,74,1,14,1,14,FALSE,FALSE
335,56,59,55,67,59,55,67,59,55,67,-4,8,4,8,FALSE,FALSE
335,57,55,49,56,55,49,56,55,49,56,-6,1,6,1,FALSE,FALSE
335,58,47,39,49,47,39,49,47,39,49,-8,2,8,2,FALSE,FALSE
335,59,41,33,40,41,33,40,41,33,40,-8,-1,8,1,FALSE,FALSE
335,60,36,30,38,36,30,38,36,30,38,-6,2,6,2,FALSE,FALSE
336,0,43,43,43,43,43,43,43,43,43,0,0,0,0,TRUE,TRUE
336,1,50,52,48,50,52,48,50,52,48,2,-2,2,2,FALSE,FALSE
336,2,44,53,50,44,53,50,44,53,50,9,6,9,6,FALSE,FALSE
336,3,47,56,56,47,56,56,47,56,56,9,9,9,9,FALSE,FALSE
336,4,47,57,58,47,57,58,47,57,58,10,11,10,11,FALSE,FALSE
336,5,51,59,69,51,59,69,51,59,69,8,18,8,18,FALSE,FALSE
336,6,50,59,73,50,59,73,50,59,73,9,23,9,23,FALSE,FALSE
336,7,61,63,83,61,63,83,61,63,83,2,22,2,22,FALSE,FALSE
336,8,59,60,78,59,60,78,59,60,78,1,19,1,19,FALSE,FALSE
336,9,58,59,77,58,59,77,58,59,77,1,19,1,19,FALSE,FALSE
336,10,58,64,84,58,64,84,58,64,84,6,26,6,26,FALSE,FALSE
336,11,57,64,83,57,64,83,57,64,83,7,26,7,26,FALSE,FALSE
336,12,57,64,86,57,64,86,57,64,86,7,29,7,29,FALSE,FALSE
336,13,62,65,85,62,65,85,62,65,85,3,23,3,23,FALSE,FALSE
336,14,66,62,82,66,62,82,66,62,82,-4,16,4,16,FALSE,FALSE
336,15,77,58,70,77,58,70,77,58,70,-19,-7,19,7,FALSE,FALSE
336,16,73,65,70,73,65,70,73,65,70,-8,-3,8,3,FALSE,FALSE
336,17,86,65,72,86,65,72,86,65,72,-21,-14,21,14,FALSE,FALSE
336,18,91,65,73,91,65,73,91,65,73,-26,-18,26,18,FALSE,FALSE
336,19,90,70,80,90,70,80,90,70,80,-20,-10,20,10,FALSE,FALSE
336,20,96,68,86,96,68,86,96,68,86,-28,-10,28,10,FALSE,FALSE
336,21,107,72,92,107,72,92,107,72,92,-35,-15,35,15,FALSE,FALSE
336,22,98,67,91,98,67,91,98,67,91,-31,-7,31,7,FALSE,FALSE
336,23,100,67,94,100,67,94,100,67,94,-33,-6,33,6,FALSE,FALSE
336,24,100,68,96,100,68,96,100,68,96,-32,-4,32,4,FALSE,FALSE
336,25,98,75,95,98,75,95,98,75,95,-23,-3,23,3,FALSE,FALSE
336,26,100,81,96,100,81,96,100,81,96,-19,-4,19,4,FALSE,FALSE
336,27,98,88,102,98,88,102,98,88,102,-10,4,10,4,FALSE,FALSE
336,28,104,93,92,104,93,92,104,93,92,-11,-12,11,12,FALSE,FALSE
336,29,111,95,99,111,95,99,111,95,99,-16,-12,16,12,FALSE,FALSE
336,30,106,99,104,106,99,104,106,99,104,-7,-2,7,2,FALSE,FALSE
336,31,109,109,102,109,109,102,109,109,102,0,-7,0,7,TRUE,FALSE
336,32,109,108,104,109,108,104,109,108,104,-1,-5,1,5,FALSE,FALSE
336,33,115,109,97,115,109,97,115,109,97,-6,-18,6,18,FALSE,FALSE
336,34,116,107,101,116,107,101,116,107,101,-9,-15,9,15,FALSE,FALSE
336,35,123,112,115,123,112,115,123,112,115,-11,-8,11,8,FALSE,FALSE
336,36,135,108,114,135,108,114,135,108,114,-27,-21,27,21,FALSE,FALSE
336,37,144,106,111,144,106,111,144,106,111,-38,-33,38,33,FALSE,FALSE
336,38,141,105,113,141,105,113,141,105,113,-36,-28,36,28,FALSE,FALSE
336,39,146,97,110,146,97,110,146,97,110,-49,-36,49,36,FALSE,FALSE
336,40,145,98,107,145,98,107,145,98,107,-47,-38,47,38,FALSE,FALSE
336,41,142,102,114,142,102,114,142,102,114,-40,-28,40,28,FALSE,FALSE
336,42,139,102,100,139,102,100,139,102,100,-37,-39,37,39,FALSE,FALSE
336,43,148,99,105,148,99,105,148,99,105,-49,-43,49,43,FALSE,FALSE
336,44,150,98,97,150,98,97,150,98,97,-52,-53,52,53,FALSE,FALSE
336,45,147,102,89,147,102,89,147,102,89,-45,-58,45,58,FALSE,FALSE
336,46,155,96,75,155,96,75,155,96,75,-59,-80,59,80,FALSE,FALSE
336,47,162,96,77,162,96,77,162,96,77,-66,-85,66,85,FALSE,FALSE
336,48,159,105,81,159,105,81,159,105,81,-54,-78,54,78,FALSE,FALSE
336,49,151,104,77,151,104,77,151,104,77,-47,-74,47,74,FALSE,FALSE
336,50,131,103,85,131,103,85,131,103,85,-28,-46,28,46,FALSE,FALSE
336,51,122,95,85,122,95,85,122,95,85,-27,-37,27,37,FALSE,FALSE
336,52,112,94,83,112,94,83,112,94,83,-18,-29,18,29,FALSE,FALSE
336,53,104,97,78,104,97,78,104,97,78,-7,-26,7,26,FALSE,FALSE
336,54,109,97,77,109,97,77,109,97,77,-12,-32,12,32,FALSE,FALSE
336,55,106,98,72,106,98,72,106,98,72,-8,-34,8,34,FALSE,FALSE
336,56,90,99,75,90,99,75,90,99,75,9,-15,9,15,FALSE,FALSE
336,57,91,104,79,91,104,79,91,104,79,13,-12,13,12,FALSE,FALSE
336,58,90,107,90,90,107,90,90,107,90,17,0,17,0,FALSE,TRUE
336,59,89,101,98,89,101,98,89,101,98,12,9,12,9,FALSE,FALSE
336,60,83,108,94,83,108,94,83,108,94,25,11,25,11,FALSE,FALSE
337,0,96,96,96,96,96,96,96,96,96,0,0,0,0,TRUE,TRUE
337,1,106,116,101,106,116,101,106,116,101,10,-5,10,5,FALSE,FALSE
337,2,120,134,110,120,134,110,120,134,110,14,-10,14,10,FALSE,FALSE
337,3,143,152,114,143,152,114,143,152,114,9,-29,9,29,FALSE,FALSE
337,4,172,179,127,172,179,127,172,179,127,7,-45,7,45,FALSE,FALSE
337,5,193,204,145,193,204,145,193,204,145,11,-48,11,48,FALSE,FALSE
337,6,227,239,155,227,239,155,227,239,155,12,-72,12,72,FALSE,FALSE
337,7,265,273,171,265,273,171,265,273,171,8,-94,8,94,FALSE,FALSE
337,8,312,314,194,312,314,194,312,314,194,2,-118,2,118,FALSE,FALSE
337,9,350,354,220,350,354,220,350,354,220,4,-130,4,130,FALSE,FALSE
337,10,391,414,238,391,414,238,391,414,238,23,-153,23,153,FALSE,FALSE
337,11,428,462,268,428,462,268,428,462,268,34,-160,34,160,FALSE,FALSE
337,12,485,527,310,485,527,310,485,527,310,42,-175,42,175,FALSE,FALSE
337,13,561,602,340,561,602,340,561,602,340,41,-221,41,221,FALSE,FALSE
337,14,612,665,376,612,665,376,612,665,376,53,-236,53,236,FALSE,FALSE
337,15,675,749,410,675,749,410,675,749,410,74,-265,74,265,FALSE,FALSE
337,16,754,825,478,754,825,478,754,825,478,71,-276,71,276,FALSE,FALSE
337,17,860,926,551,860,926,551,860,926,551,66,-309,66,309,FALSE,FALSE
337,18,955,1017,622,955,1017,622,955,1017,622,62,-333,62,333,FALSE,FALSE
337,19,1064,1143,706,1064,1143,706,1064,1143,706,79,-358,79,358,FALSE,FALSE
337,20,1162,1238,774,1162,1238,774,1162,1238,774,76,-388,76,388,FALSE,FALSE
337,21,1289,1347,875,1289,1347,875,1289,1347,875,58,-414,58,414,FALSE,FALSE
337,22,1398,1450,969,1398,1450,969,1398,1450,969,52,-429,52,429,FALSE,FALSE
337,23,1487,1543,1055,1487,1543,1055,1487,1543,1055,56,-432,56,432,FALSE,FALSE
337,24,1603,1675,1175,1603,1675,1175,1603,1675,1175,72,-428,72,428,FALSE,FALSE
337,25,1715,1782,1297,1715,1782,1297,1715,1782,1297,67,-418,67,418,FALSE,FALSE
337,26,1785,1888,1402,1785,1888,1402,1785,1888,1402,103,-383,103,383,FALSE,FALSE
337,27,1873,1986,1520,1873,1986,1520,1873,1986,1520,113,-353,113,353,FALSE,FALSE
337,28,1948,2063,1611,1948,2063,1611,1948,2063,1611,115,-337,115,337,FALSE,FALSE
337,29,2021,2115,1703,2021,2115,1703,2021,2115,1703,94,-318,94,318,FALSE,FALSE
337,30,2108,2171,1832,2108,2171,1832,2108,2171,1832,63,-276,63,276,FALSE,FALSE
337,31,2178,2233,1932,2178,2233,1932,2178,2233,1932,55,-246,55,246,FALSE,FALSE
337,32,2281,2281,2037,2281,2281,2037,2281,2281,2037,0,-244,0,244,TRUE,FALSE
337,33,2314,2307,2108,2314,2307,2108,2314,2307,2108,-7,-206,7,206,FALSE,FALSE
337,34,2318,2326,2132,2318,2326,2132,2318,2326,2132,8,-186,8,186,FALSE,FALSE
337,35,2340,2321,2228,2340,2321,2228,2340,2321,2228,-19,-112,19,112,FALSE,FALSE
337,36,2343,2313,2281,2343,2313,2281,2343,2313,2281,-30,-62,30,62,FALSE,FALSE
337,37,2327,2298,2334,2327,2298,2334,2327,2298,2334,-29,7,29,7,FALSE,FALSE
337,38,2312,2258,2353,2312,2258,2353,2312,2258,2353,-54,41,54,41,FALSE,FALSE
337,39,2284,2230,2336,2284,2230,2336,2284,2230,2336,-54,52,54,52,FALSE,FALSE
337,40,2247,2178,2322,2247,2178,2322,2247,2178,2322,-69,75,69,75,FALSE,FALSE
337,41,2248,2153,2291,2248,2153,2291,2248,2153,2291,-95,43,95,43,FALSE,FALSE
337,42,2223,2103,2253,2223,2103,2253,2223,2103,2253,-120,30,120,30,FALSE,FALSE
337,43,2158,2054,2234,2158,2054,2234,2158,2054,2234,-104,76,104,76,FALSE,FALSE
337,44,2073,2001,2222,2073,2001,2222,2073,2001,2222,-72,149,72,149,FALSE,FALSE
337,45,2024,1944,2192,2024,1944,2192,2024,1944,2192,-80,168,80,168,FALSE,FALSE
337,46,1949,1879,2132,1949,1879,2132,1949,1879,2132,-70,183,70,183,FALSE,FALSE
337,47,1883,1803,2041,1883,1803,2041,1883,1803,2041,-80,158,80,158,FALSE,FALSE
337,48,1820,1747,2002,1820,1747,2002,1820,1747,2002,-73,182,73,182,FALSE,FALSE
337,49,1747,1662,1921,1747,1662,1921,1747,1662,1921,-85,174,85,174,FALSE,FALSE
337,50,1661,1595,1855,1661,1595,1855,1661,1595,1855,-66,194,66,194,FALSE,FALSE
337,51,1579,1509,1799,1579,1509,1799,1579,1509,1799,-70,220,70,220,FALSE,FALSE
337,52,1506,1472,1737,1506,1472,1737,1506,1472,1737,-34,231,34,231,FALSE,FALSE
337,53,1444,1425,1647,1444,1425,1647,1444,1425,1647,-19,203,19,203,FALSE,FALSE
337,54,1393,1355,1597,1393,1355,1597,1393,1355,1597,-38,204,38,204,FALSE,FALSE
337,55,1357,1264,1545,1357,1264,1545,1357,1264,1545,-93,188,93,188,FALSE,FALSE
337,56,1287,1216,1490,1287,1216,1490,1287,1216,1490,-71,203,71,203,FALSE,FALSE
337,57,1240,1162,1428,1240,1162,1428,1240,1162,1428,-78,188,78,188,FALSE,FALSE
337,58,1183,1104,1368,1183,1104,1368,1183,1104,1368,-79,185,79,185,FALSE,FALSE
337,59,1118,1044,1312,1118,1044,1312,1118,1044,1312,-74,194,74,194,FALSE,FALSE
337,60,1071,986,1258,1071,986,1258,1071,986,1258,-85,187,85,187,FALSE,FALSE
338,0,108,108,108,108,108,108,108,108,108,0,0,0,0,TRUE,TRUE
338,1,109,115,109,109,115,109,109,115,109,6,0,6,0,FALSE,TRUE
338,2,101,111,107,101,111,107,101,111,107,10,6,10,6,FALSE,FALSE
338,3,104,110,109,104,110,109,104,110,109,6,5,6,5,FALSE,FALSE
338,4,106,116,104,106,116,104,106,116,104,10,-2,10,2,FALSE,FALSE
338,5,106,113,105,106,113,105,106,113,105,7,-1,7,1,FALSE,FALSE
338,6,101,115,106,101,115,106,101,115,106,14,5,14,5,FALSE,FALSE
338,7,104,118,115,104,118,115,104,118,115,14,11,14,11,FALSE,FALSE
338,8,108,121,118,108,121,118,108,121,118,13,10,13,10,FALSE,FALSE
338,9,100,108,120,100,108,120,100,108,120,8,20,8,20,FALSE,FALSE
338,10,103,109,121,103,109,121,103,109,121,6,18,6,18,FALSE,FALSE
338,11,102,110,129,102,110,129,102,110,129,8,27,8,27,FALSE,FALSE
338,12,107,120,128,107,120,128,107,120,128,13,21,13,21,FALSE,FALSE
338,13,110,117,129,110,117,129,110,117,129,7,19,7,19,FALSE,FALSE
338,14,107,127,132,107,127,132,107,127,132,20,25,20,25,FALSE,FALSE
338,15,106,130,130,106,130,130,106,130,130,24,24,24,24,FALSE,FALSE
338,16,114,126,126,114,126,126,114,126,126,12,12,12,12,FALSE,FALSE
338,17,115,126,130,115,126,130,115,126,130,11,15,11,15,FALSE,FALSE
338,18,111,127,136,111,127,136,111,127,136,16,25,16,25,FALSE,FALSE
338,19,116,124,137,116,124,137,116,124,137,8,21,8,21,FALSE,FALSE
338,20,111,125,135,111,125,135,111,125,135,14,24,14,24,FALSE,FALSE
338,21,117,123,140,117,123,140,117,123,140,6,23,6,23,FALSE,FALSE
338,22,116,114,147,116,114,147,116,114,147,-2,31,2,31,FALSE,FALSE
338,23,114,115,145,114,115,145,114,115,145,1,31,1,31,FALSE,FALSE
338,24,116,114,148,116,114,148,116,114,148,-2,32,2,32,FALSE,FALSE
338,25,114,115,149,114,115,149,114,115,149,1,35,1,35,FALSE,FALSE
338,26,117,116,146,117,116,146,117,116,146,-1,29,1,29,FALSE,FALSE
338,27,117,119,141,117,119,141,117,119,141,2,24,2,24,FALSE,FALSE
338,28,105,121,146,105,121,146,105,121,146,16,41,16,41,FALSE,FALSE
338,29,104,118,148,104,118,148,104,118,148,14,44,14,44,FALSE,FALSE
338,30,108,113,154,108,113,154,108,113,154,5,46,5,46,FALSE,FALSE
338,31,108,115,153,108,115,153,108,115,153,7,45,7,45,FALSE,FALSE
338,32,107,122,156,107,122,156,107,122,156,15,49,15,49,FALSE,FALSE
338,33,103,132,164,103,132,164,103,132,164,29,61,29,61,FALSE,FALSE
338,34,109,137,177,109,137,177,109,137,177,28,68,28,68,FALSE,FALSE
338,35,104,135,181,104,135,181,104,135,181,31,77,31,77,FALSE,FALSE
338,36,101,145,186,101,145,186,101,145,186,44,85,44,85,FALSE,FALSE
338,37,103,147,192,103,147,192,103,147,192,44,89,44,89,FALSE,FALSE
338,38,110,149,201,110,149,201,110,149,201,39,91,39,91,FALSE,FALSE
338,39,115,146,198,115,146,198,115,146,198,31,83,31,83,FALSE,FALSE
338,40,115,154,196,115,154,196,115,154,196,39,81,39,81,FALSE,FALSE
338,41,104,156,204,104,156,204,104,156,204,52,100,52,100,FALSE,FALSE
338,42,102,155,195,102,155,195,102,155,195,53,93,53,93,FALSE,FALSE
338,43,105,155,176,105,155,176,105,155,176,50,71,50,71,FALSE,FALSE
338,44,105,156,176,105,156,176,105,156,176,51,71,51,71,FALSE,FALSE
338,45,102,152,172,102,152,172,102,152,172,50,70,50,70,FALSE,FALSE
338,46,106,148,165,106,148,165,106,148,165,42,59,42,59,FALSE,FALSE
338,47,111,162,162,111,162,162,111,162,162,51,51,51,51,FALSE,FALSE
338,48,111,162,167,111,162,167,111,162,167,51,56,51,56,FALSE,FALSE
338,49,113,171,168,113,171,168,113,171,168,58,55,58,55,FALSE,FALSE
338,50,111,165,177,111,165,177,111,165,177,54,66,54,66,FALSE,FALSE
338,51,109,163,186,109,163,186,109,163,186,54,77,54,77,FALSE,FALSE
338,52,111,167,192,111,167,192,111,167,192,56,81,56,81,FALSE,FALSE
338,53,112,164,191,112,164,191,112,164,191,52,79,52,79,FALSE,FALSE
338,54,111,157,195,111,157,195,111,157,195,46,84,46,84,FALSE,FALSE
338,55,114,158,203,114,158,203,114,158,203,44,89,44,89,FALSE,FALSE
338,56,114,169,212,114,169,212,114,169,212,55,98,55,98,FALSE,FALSE
338,57,121,170,205,121,170,205,121,170,205,49,84,49,84,FALSE,FALSE
338,58,122,168,204,122,168,204,122,168,204,46,82,46,82,FALSE,FALSE
338,59,121,172,210,121,172,210,121,172,210,51,89,51,89,FALSE,FALSE
338,60,119,163,202,119,163,202,119,163,202,44,83,44,83,FALSE,FALSE
339,0,113,113,113,113,113,113,113,113,113,0,0,0,0,TRUE,TRUE
339,1,133,138,146,133,138,146,133,138,146,5,13,5,13,FALSE,FALSE
339,2,158,170,183,158,170,183,158,170,183,12,25,12,25,FALSE,FALSE
339,3,199,213,222,199,213,222,199,213,222,14,23,14,23,FALSE,FALSE
339,4,255,259,274,255,259,274,255,259,274,4,19,4,19,FALSE,FALSE
339,5,311,326,334,311,326,334,311,326,334,15,23,15,23,FALSE,FALSE
339,6,363,403,408,363,403,408,363,403,408,40,45,40,45,FALSE,FALSE
339,7,450,486,483,450,486,483,450,486,483,36,33,36,33,FALSE,FALSE
339,8,532,597,568,532,597,568,532,597,568,65,36,65,36,FALSE,FALSE
339,9,623,715,705,623,715,705,623,715,705,92,82,92,82,FALSE,FALSE
339,10,720,880,841,720,880,841,720,880,841,160,121,160,121,FALSE,FALSE
339,11,883,1049,1019,883,1049,1019,883,1049,1019,166,136,166,136,FALSE,FALSE
339,12,1071,1215,1214,1071,1215,1214,1071,1215,1214,144,143,144,143,FALSE,FALSE
339,13,1232,1428,1422,1232,1428,1422,1232,1428,1422,196,190,196,190,FALSE,FALSE
339,14,1410,1666,1634,1410,1666,1634,1410,1666,1634,256,224,256,224,FALSE,FALSE
339,15,1613,1902,1854,1613,1902,1854,1613,1902,1854,289,241,289,241,FALSE,FALSE
339,16,1846,2187,2069,1846,2187,2069,1846,2187,2069,341,223,341,223,FALSE,FALSE
339,17,2090,2427,2338,2090,2427,2338,2090,2427,2338,337,248,337,248,FALSE,FALSE
339,18,2312,2662,2579,2312,2662,2579,2312,2662,2579,350,267,350,267,FALSE,FALSE
339,19,2575,2906,2793,2575,2906,2793,2575,2906,2793,331,218,331,218,FALSE,FALSE
339,20,2745,3078,2967,2745,3078,2967,2745,3078,2967,333,222,333,222,FALSE,FALSE
339,21,2920,3271,3094,2920,3271,3094,2920,3271,3094,351,174,351,174,FALSE,FALSE
339,22,3065,3352,3217,3065,3352,3217,3065,3352,3217,287,152,287,152,FALSE,FALSE
339,23,3174,3394,3349,3174,3394,3349,3174,3394,3349,220,175,220,175,FALSE,FALSE
339,24,3261,3433,3393,3261,3433,3393,3261,3433,3393,172,132,172,132,FALSE,FALSE
339,25,3342,3431,3361,3342,3431,3361,3342,3431,3361,89,19,89,19,FALSE,FALSE
339,26,3365,3377,3345,3365,3377,3345,3365,3377,3345,12,-20,12,20,FALSE,FALSE
339,27,3350,3325,3297,3350,3325,3297,3350,3325,3297,-25,-53,25,53,FALSE,FALSE
339,28,3291,3238,3213,3291,3238,3213,3291,3238,3213,-53,-78,53,78,FALSE,FALSE
339,29,3242,3177,3160,3242,3177,3160,3242,3177,3160,-65,-82,65,82,FALSE,FALSE
339,30,3152,3044,3047,3152,3044,3047,3152,3044,3047,-108,-105,108,105,FALSE,FALSE
339,31,3053,2932,2931,3053,2932,2931,3053,2932,2931,-121,-122,121,122,FALSE,FALSE
339,32,2958,2793,2819,2958,2793,2819,2958,2793,2819,-165,-139,165,139,FALSE,FALSE
339,33,2834,2659,2709,2834,2659,2709,2834,2659,2709,-175,-125,175,125,FALSE,FALSE
339,34,2711,2502,2609,2711,2502,2609,2711,2502,2609,-209,-102,209,102,FALSE,FALSE
339,35,2561,2380,2500,2561,2380,2500,2561,2380,2500,-181,-61,181,61,FALSE,FALSE
339,36,2449,2264,2358,2449,2264,2358,2449,2264,2358,-185,-91,185,91,FALSE,FALSE
339,37,2336,2144,2230,2336,2144,2230,2336,2144,2230,-192,-106,192,106,FALSE,FALSE
339,38,2202,2037,2085,2202,2037,2085,2202,2037,2085,-165,-117,165,117,FALSE,FALSE
339,39,2092,1935,1940,2092,1935,1940,2092,1935,1940,-157,-152,157,152,FALSE,FALSE
339,40,1967,1822,1837,1967,1822,1837,1967,1822,1837,-145,-130,145,130,FALSE,FALSE
339,41,1870,1709,1745,1870,1709,1745,1870,1709,1745,-161,-125,161,125,FALSE,FALSE
339,42,1769,1613,1640,1769,1613,1640,1769,1613,1640,-156,-129,156,129,FALSE,FALSE
339,43,1658,1509,1522,1658,1509,1522,1658,1509,1522,-149,-136,149,136,FALSE,FALSE
339,44,1559,1403,1402,1559,1403,1402,1559,1403,1402,-156,-157,156,157,FALSE,FALSE
339,45,1458,1291,1313,1458,1291,1313,1458,1291,1313,-167,-145,167,145,FALSE,FALSE
339,46,1376,1214,1242,1376,1214,1242,1376,1214,1242,-162,-134,162,134,FALSE,FALSE
339,47,1263,1125,1173,1263,1125,1173,1263,1125,1173,-138,-90,138,90,FALSE,FALSE
339,48,1179,1047,1093,1179,1047,1093,1179,1047,1093,-132,-86,132,86,FALSE,FALSE
339,49,1081,953,1021,1081,953,1021,1081,953,1021,-128,-60,128,60,FALSE,FALSE
339,50,1024,882,950,1024,882,950,1024,882,950,-142,-74,142,74,FALSE,FALSE
339,51,959,811,907,959,811,907,959,811,907,-148,-52,148,52,FALSE,FALSE
339,52,897,762,854,897,762,854,897,762,854,-135,-43,135,43,FALSE,FALSE
339,53,842,697,778,842,697,778,842,697,778,-145,-64,145,64,FALSE,FALSE
339,54,795,651,720,795,651,720,795,651,720,-144,-75,144,75,FALSE,FALSE
339,55,746,606,671,746,606,671,746,606,671,-140,-75,140,75,FALSE,FALSE
339,56,693,563,630,693,563,630,693,563,630,-130,-63,130,63,FALSE,FALSE
339,57,637,529,593,637,529,593,637,529,593,-108,-44,108,44,FALSE,FALSE
339,58,588,491,551,588,491,551,588,491,551,-97,-37,97,37,FALSE,FALSE
339,59,550,466,517,550,466,517,550,466,517,-84,-33,84,33,FALSE,FALSE
339,60,515,431,482,515,431,482,515,431,482,-84,-33,84,33,FALSE,FALSE
340,0,77,77,77,77,77,77,77,77,77,0,0,0,0,TRUE,TRUE
340,1,116,87,127,116,87,127,116,87,127,-29,11,29,11,FALSE,FALSE
340,2,187,94,192,187,94,192,187,94,192,-93,5,93,5,FALSE,FALSE
340,3,262,99,275,262,99,275,262,99,275,-163,13,163,13,FALSE,FALSE
340,4,377,113,390,377,113,390,377,113,390,-264,13,264,13,FALSE,FALSE
340,5,554,128,557,554,128,557,554,128,557,-426,3,426,3,FALSE,FALSE
340,6,790,134,802,790,134,802,790,134,802,-656,12,656,12,FALSE,FALSE
340,7,1029,139,1104,1029,139,1104,1029,139,1104,-890,75,890,75,FALSE,FALSE
340,8,1341,131,1471,1341,131,1471,1341,131,1471,-1210,130,1210,130,FALSE,FALSE
340,9,1701,134,1847,1701,134,1847,1701,134,1847,-1567,146,1567,146,FALSE,FALSE
340,10,2035,148,2142,2035,148,2142,2035,148,2142,-1887,107,1887,107,FALSE,FALSE
340,11,2302,167,2384,2302,167,2384,2302,167,2384,-2135,82,2135,82,FALSE,FALSE
340,12,2462,180,2481,2462,180,2481,2462,180,2481,-2282,19,2282,19,FALSE,FALSE
340,13,2526,184,2497,2526,184,2497,2526,184,2497,-2342,-29,2342,29,FALSE,FALSE
340,14,2373,180,2395,2373,180,2395,2373,180,2395,-2193,22,2193,22,FALSE,FALSE
340,15,2185,188,2227,2185,188,2227,2185,188,2227,-1997,42,1997,42,FALSE,FALSE
340,16,1946,207,1950,1946,207,1950,1946,207,1950,-1739,4,1739,4,FALSE,FALSE
340,17,1691,191,1682,1691,191,1682,1691,191,1682,-1500,-9,1500,9,FALSE,FALSE
340,18,1457,192,1435,1457,192,1435,1457,192,1435,-1265,-22,1265,22,FALSE,FALSE
340,19,1218,216,1173,1218,216,1173,1218,216,1173,-1002,-45,1002,45,FALSE,FALSE
340,20,1023,232,956,1023,232,956,1023,232,956,-791,-67,791,67,FALSE,FALSE
340,21,842,247,764,842,247,764,842,247,764,-595,-78,595,78,FALSE,FALSE
340,22,716,266,625,716,266,625,716,266,625,-450,-91,450,91,FALSE,FALSE
340,23,601,274,514,601,274,514,601,274,514,-327,-87,327,87,FALSE,FALSE
340,24,488,290,400,488,290,400,488,290,400,-198,-88,198,88,FALSE,FALSE
340,25,398,287,318,398,287,318,398,287,318,-111,-80,111,80,FALSE,FALSE
340,26,315,286,262,315,286,262,315,286,262,-29,-53,29,53,FALSE,FALSE
340,27,248,303,208,248,303,208,248,303,208,55,-40,55,40,FALSE,FALSE
340,28,202,317,164,202,317,164,202,317,164,115,-38,115,38,FALSE,FALSE
340,29,163,330,133,163,330,133,163,330,133,167,-30,167,30,FALSE,FALSE
340,30,131,311,103,131,311,103,131,311,103,180,-28,180,28,FALSE,FALSE
340,31,110,314,90,110,314,90,110,314,90,204,-20,204,20,FALSE,FALSE
340,32,95,285,76,95,285,76,95,285,76,190,-19,190,19,FALSE,FALSE
340,33,74,293,67,74,293,67,74,293,67,219,-7,219,7,FALSE,FALSE
340,34,58,291,51,58,291,51,58,291,51,233,-7,233,7,FALSE,FALSE
340,35,50,286,42,50,286,42,50,286,42,236,-8,236,8,FALSE,FALSE
340,36,39,285,33,39,285,33,39,285,33,246,-6,246,6,FALSE,FALSE
340,37,25,303,30,25,303,30,25,303,30,278,5,278,5,FALSE,FALSE
340,38,19,308,25,19,308,25,19,308,25,289,6,289,6,FALSE,FALSE
340,39,16,319,21,16,319,21,16,319,21,303,5,303,5,FALSE,FALSE
340,40,13,300,19,13,300,19,13,300,19,287,6,287,6,FALSE,FALSE
340,41,11,318,17,11,318,17,11,318,17,307,6,307,6,FALSE,FALSE
340,42,7,327,14,7,327,14,7,327,14,320,7,320,7,FALSE,FALSE
340,43,6,314,12,6,314,12,6,314,12,308,6,308,6,FALSE,FALSE
340,44,5,318,11,5,318,11,5,318,11,313,6,313,6,FALSE,FALSE
340,45,2,321,10,2,321,10,2,321,10,319,8,319,8,FALSE,FALSE
340,46,1,318,9,1,318,9,1,318,9,317,8,317,8,FALSE,FALSE
340,47,1,312,7,1,312,7,1,312,7,311,6,311,6,FALSE,FALSE
340,48,1,304,6,1,304,6,1,304,6,303,5,303,5,FALSE,FALSE
340,49,0,296,4,0,296,4,0,296,4,296,4,296,4,FALSE,FALSE
340,50,0,271,4,0,271,4,0,271,4,271,4,271,4,FALSE,FALSE
340,51,0,280,2,0,280,2,0,280,2,280,2,280,2,FALSE,FALSE
340,52,0,270,2,0,270,2,0,270,2,270,2,270,2,FALSE,FALSE
340,53,0,262,2,0,262,2,0,262,2,262,2,262,2,FALSE,FALSE
340,54,0,259,3,0,259,3,0,259,3,259,3,259,3,FALSE,FALSE
340,55,0,247,2,0,247,2,0,247,2,247,2,247,2,FALSE,FALSE
340,56,0,233,1,0,233,1,0,233,1,233,1,233,1,FALSE,FALSE
340,57,0,239,1,0,239,1,0,239,1,239,1,239,1,FALSE,FALSE
340,58,0,239,1,0,239,1,0,239,1,239,1,239,1,FALSE,FALSE
340,59,0,233,1,0,233,1,0,233,1,233,1,233,1,FALSE,FALSE
340,60,0,229,0,0,229,0,0,229,0,229,0,229,0,FALSE,TRUE
341,0,131,131,131,131,131,131,131,131,131,0,0,0,0,TRUE,TRUE
341,1,154,166,147,154,166,147,154,166,147,12,-7,12,7,FALSE,FALSE
341,2,169,203,182,169,203,182,169,203,182,34,13,34,13,FALSE,FALSE
341,3,187,241,210,187,241,210,187,241,210,54,23,54,23,FALSE,FALSE
341,4,223,288,243,223,288,243,223,288,243,65,20,65,20,FALSE,FALSE
341,5,238,339,275,238,339,275,238,339,275,101,37,101,37,FALSE,FALSE
341,6,266,379,305,266,379,305,266,379,305,113,39,113,39,FALSE,FALSE
341,7,317,451,351,317,451,351,317,451,351,134,34,134,34,FALSE,FALSE
341,8,351,507,402,351,507,402,351,507,402,156,51,156,51,FALSE,FALSE
341,9,380,576,468,380,576,468,380,576,468,196,88,196,88,FALSE,FALSE
341,10,444,681,531,444,681,531,444,681,531,237,87,237,87,FALSE,FALSE
341,11,515,767,614,515,767,614,515,767,614,252,99,252,99,FALSE,FALSE
341,12,587,869,705,587,869,705,587,869,705,282,118,282,118,FALSE,FALSE
341,13,668,956,793,668,956,793,668,956,793,288,125,288,125,FALSE,FALSE
341,14,755,1074,879,755,1074,879,755,1074,879,319,124,319,124,FALSE,FALSE
341,15,868,1189,964,868,1189,964,868,1189,964,321,96,321,96,FALSE,FALSE
341,16,997,1309,1067,997,1309,1067,997,1309,1067,312,70,312,70,FALSE,FALSE
341,17,1101,1449,1190,1101,1449,1190,1101,1449,1190,348,89,348,89,FALSE,FALSE
341,18,1212,1601,1332,1212,1601,1332,1212,1601,1332,389,120,389,120,FALSE,FALSE
341,19,1363,1761,1453,1363,1761,1453,1363,1761,1453,398,90,398,90,FALSE,FALSE
341,20,1516,1871,1622,1516,1871,1622,1516,1871,1622,355,106,355,106,FALSE,FALSE
341,21,1618,2028,1762,1618,2028,1762,1618,2028,1762,410,144,410,144,FALSE,FALSE
341,22,1773,2178,1866,1773,2178,1866,1773,2178,1866,405,93,405,93,FALSE,FALSE
341,23,1898,2349,2013,1898,2349,2013,1898,2349,2013,451,115,451,115,FALSE,FALSE
341,24,2028,2453,2149,2028,2453,2149,2028,2453,2149,425,121,425,121,FALSE,FALSE
341,25,2162,2553,2245,2162,2553,2245,2162,2553,2245,391,83,391,83,FALSE,FALSE
341,26,2271,2644,2384,2271,2644,2384,2271,2644,2384,373,113,373,113,FALSE,FALSE
341,27,2376,2717,2475,2376,2717,2475,2376,2717,2475,341,99,341,99,FALSE,FALSE
341,28,2447,2792,2598,2447,2792,2598,2447,2792,2598,345,151,345,151,FALSE,FALSE
341,29,2533,2809,2679,2533,2809,2679,2533,2809,2679,276,146,276,146,FALSE,FALSE
341,30,2572,2792,2751,2572,2792,2751,2572,2792,2751,220,179,220,179,FALSE,FALSE
341,31,2588,2767,2815,2588,2767,2815,2588,2767,2815,179,227,179,227,FALSE,FALSE
341,32,2583,2749,2823,2583,2749,2823,2583,2749,2823,166,240,166,240,FALSE,FALSE
341,33,2596,2719,2795,2596,2719,2795,2596,2719,2795,123,199,123,199,FALSE,FALSE
341,34,2579,2682,2760,2579,2682,2760,2579,2682,2760,103,181,103,181,FALSE,FALSE
341,35,2554,2606,2709,2554,2606,2709,2554,2606,2709,52,155,52,155,FALSE,FALSE
341,36,2493,2568,2653,2493,2568,2653,2493,2568,2653,75,160,75,160,FALSE,FALSE
341,37,2440,2467,2593,2440,2467,2593,2440,2467,2593,27,153,27,153,FALSE,FALSE
341,38,2372,2378,2527,2372,2378,2527,2372,2378,2527,6,155,6,155,FALSE,FALSE
341,39,2310,2291,2454,2310,2291,2454,2310,2291,2454,-19,144,19,144,FALSE,FALSE
341,40,2230,2199,2380,2230,2199,2380,2230,2199,2380,-31,150,31,150,FALSE,FALSE
341,41,2149,2096,2282,2149,2096,2282,2149,2096,2282,-53,133,53,133,FALSE,FALSE
341,42,2063,2011,2199,2063,2011,2199,2063,2011,2199,-52,136,52,136,FALSE,FALSE
341,43,1982,1919,2100,1982,1919,2100,1982,1919,2100,-63,118,63,118,FALSE,FALSE
341,44,1922,1833,1990,1922,1833,1990,1922,1833,1990,-89,68,89,68,FALSE,FALSE
341,45,1842,1737,1885,1842,1737,1885,1842,1737,1885,-105,43,105,43,FALSE,FALSE
341,46,1751,1641,1787,1751,1641,1787,1751,1641,1787,-110,36,110,36,FALSE,FALSE
341,47,1673,1546,1694,1673,1546,1694,1673,1546,1694,-127,21,127,21,FALSE,FALSE
341,48,1600,1467,1612,1600,1467,1612,1600,1467,1612,-133,12,133,12,FALSE,FALSE
341,49,1519,1389,1520,1519,1389,1520,1519,1389,1520,-130,1,130,1,FALSE,FALSE
341,50,1461,1319,1449,1461,1319,1449,1461,1319,1449,-142,-12,142,12,FALSE,FALSE
341,51,1412,1245,1354,1412,1245,1354,1412,1245,1354,-167,-58,167,58,FALSE,FALSE
341,52,1317,1182,1274,1317,1182,1274,1317,1182,1274,-135,-43,135,43,FALSE,FALSE
341,53,1233,1101,1190,1233,1101,1190,1233,1101,1190,-132,-43,132,43,FALSE,FALSE
341,54,1162,1038,1098,1162,1038,1098,1162,1038,1098,-124,-64,124,64,FALSE,FALSE
341,55,1085,969,1040,1085,969,1040,1085,969,1040,-116,-45,116,45,FALSE,FALSE
341,56,1030,911,977,1030,911,977,1030,911,977,-119,-53,119,53,FALSE,FALSE
341,57,977,833,908,977,833,908,977,833,908,-144,-69,144,69,FALSE,FALSE
341,58,895,785,843,895,785,843,895,785,843,-110,-52,110,52,FALSE,FALSE
341,59,850,739,783,850,739,783,850,739,783,-111,-67,111,67,FALSE,FALSE
341,60,797,686,750,797,686,750,797,686,750,-111,-47,111,47,FALSE,FALSE
342,0,41,41,41,41,41,41,41,41,41,0,0,0,0,TRUE,TRUE
342,1,49,47,42,49,47,42,49,47,42,-2,-7,2,7,FALSE,FALSE
342,2,49,50,50,49,50,50,49,50,50,1,1,1,1,FALSE,FALSE
342,3,55,57,53,55,57,53,55,57,53,2,-2,2,2,FALSE,FALSE
342,4,65,64,62,65,64,62,65,64,62,-1,-3,1,3,FALSE,FALSE
342,5,72,70,74,72,70,74,72,70,74,-2,2,2,2,FALSE,FALSE
342,6,81,80,88,81,80,88,81,80,88,-1,7,1,7,FALSE,FALSE
342,7,96,88,110,96,88,110,96,88,110,-8,14,8,14,FALSE,FALSE
342,8,99,102,123,99,102,123,99,102,123,3,24,3,24,FALSE,FALSE
342,9,110,101,131,110,101,131,110,101,131,-9,21,9,21,FALSE,FALSE
342,10,117,108,144,117,108,144,117,108,144,-9,27,9,27,FALSE,FALSE
342,11,132,110,156,132,110,156,132,110,156,-22,24,22,24,FALSE,FALSE
342,12,147,124,172,147,124,172,147,124,172,-23,25,23,25,FALSE,FALSE
342,13,162,136,183,162,136,183,162,136,183,-26,21,26,21,FALSE,FALSE
342,14,185,140,203,185,140,203,185,140,203,-45,18,45,18,FALSE,FALSE
342,15,212,163,219,212,163,219,212,163,219,-49,7,49,7,FALSE,FALSE
342,16,226,170,228,226,170,228,226,170,228,-56,2,56,2,FALSE,FALSE
342,17,250,177,244,250,177,244,250,177,244,-73,-6,73,6,FALSE,FALSE
342,18,303,184,266,303,184,266,303,184,266,-119,-37,119,37,FALSE,FALSE
342,19,329,209,292,329,209,292,329,209,292,-120,-37,120,37,FALSE,FALSE
342,20,374,236,318,374,236,318,374,236,318,-138,-56,138,56,FALSE,FALSE
342,21,403,253,358,403,253,358,403,253,358,-150,-45,150,45,FALSE,FALSE
342,22,445,284,392,445,284,392,445,284,392,-161,-53,161,53,FALSE,FALSE
342,23,486,317,425,486,317,425,486,317,425,-169,-61,169,61,FALSE,FALSE
342,24,510,348,441,510,348,441,510,348,441,-162,-69,162,69,FALSE,FALSE
342,25,549,378,482,549,378,482,549,378,482,-171,-67,171,67,FALSE,FALSE
342,26,585,401,519,585,401,519,585,401,519,-184,-66,184,66,FALSE,FALSE
342,27,627,451,559,627,451,559,627,451,559,-176,-68,176,68,FALSE,FALSE
342,28,693,483,612,693,483,612,693,483,612,-210,-81,210,81,FALSE,FALSE
342,29,742,510,659,742,510,659,742,510,659,-232,-83,232,83,FALSE,FALSE
342,30,780,546,704,780,546,704,780,546,704,-234,-76,234,76,FALSE,FALSE
342,31,826,591,756,826,591,756,826,591,756,-235,-70,235,70,FALSE,FALSE
342,32,861,654,794,861,654,794,861,654,794,-207,-67,207,67,FALSE,FALSE
342,33,953,686,837,953,686,837,953,686,837,-267,-116,267,116,FALSE,FALSE
342,34,1016,727,859,1016,727,859,1016,727,859,-289,-157,289,157,FALSE,FALSE
342,35,1041,769,907,1041,769,907,1041,769,907,-272,-134,272,134,FALSE,FALSE
342,36,1079,806,922,1079,806,922,1079,806,922,-273,-157,273,157,FALSE,FALSE
342,37,1099,835,950,1099,835,950,1099,835,950,-264,-149,264,149,FALSE,FALSE
342,38,1113,845,972,1113,845,972,1113,845,972,-268,-141,268,141,FALSE,FALSE
342,39,1121,890,975,1121,890,975,1121,890,975,-231,-146,231,146,FALSE,FALSE
342,40,1140,925,985,1140,925,985,1140,925,985,-215,-155,215,155,FALSE,FALSE
342,41,1137,940,1004,1137,940,1004,1137,940,1004,-197,-133,197,133,FALSE,FALSE
342,42,1127,991,1013,1127,991,1013,1127,991,1013,-136,-114,136,114,FALSE,FALSE
342,43,1129,1013,1037,1129,1013,1037,1129,1013,1037,-116,-92,116,92,FALSE,FALSE
342,44,1131,1028,1034,1131,1028,1034,1131,1028,1034,-103,-97,103,97,FALSE,FALSE
342,45,1143,1031,1025,1143,1031,1025,1143,1031,1025,-112,-118,112,118,FALSE,FALSE
342,46,1131,1038,1030,1131,1038,1030,1131,1038,1030,-93,-101,93,101,FALSE,FALSE
342,47,1093,1067,1049,1093,1067,1049,1093,1067,1049,-26,-44,26,44,FALSE,FALSE
342,48,1060,1070,1039,1060,1070,1039,1060,1070,1039,10,-21,10,21,FALSE,FALSE
342,49,1030,1084,1046,1030,1084,1046,1030,1084,1046,54,16,54,16,FALSE,FALSE
342,50,1014,1066,1035,1014,1066,1035,1014,1066,1035,52,21,52,21,FALSE,FALSE
342,51,977,1047,1014,977,1047,1014,977,1047,1014,70,37,70,37,FALSE,FALSE
342,52,962,1042,959,962,1042,959,962,1042,959,80,-3,80,3,FALSE,FALSE
342,53,938,1026,918,938,1026,918,938,1026,918,88,-20,88,20,FALSE,FALSE
342,54,915,974,903,915,974,903,915,974,903,59,-12,59,12,FALSE,FALSE
342,55,875,960,872,875,960,872,875,960,872,85,-3,85,3,FALSE,FALSE
342,56,847,930,863,847,930,863,847,930,863,83,16,83,16,FALSE,FALSE
342,57,811,898,813,811,898,813,811,898,813,87,2,87,2,FALSE,FALSE
342,58,790,867,777,790,867,777,790,867,777,77,-13,77,13,FALSE,FALSE
342,59,776,832,791,776,832,791,776,832,791,56,15,56,15,FALSE,FALSE
342,60,743,797,763,743,797,763,743,797,763,54,20,54,20,FALSE,FALSE
343,0,143,143,143,143,143,143,143,143,143,0,0,0,0,TRUE,TRUE
343,1,175,196,202,175,196,202,175,196,202,21,27,21,27,FALSE,FALSE
343,2,238,261,251,238,261,251,238,261,251,23,13,23,13,FALSE,FALSE
343,3,304,348,340,304,348,340,304,348,340,44,36,44,36,FALSE,FALSE
343,4,397,438,457,397,438,457,397,438,457,41,60,41,60,FALSE,FALSE
343,5,491,567,595,491,567,595,491,567,595,76,104,76,104,FALSE,FALSE
343,6,638,720,767,638,720,767,638,720,767,82,129,82,129,FALSE,FALSE
343,7,833,908,934,833,908,934,833,908,934,75,101,75,101,FALSE,FALSE
343,8,1066,1130,1129,1066,1130,1129,1066,1130,1129,64,63,64,63,FALSE,FALSE
343,9,1323,1378,1391,1323,1378,1391,1323,1378,1391,55,68,55,68,FALSE,FALSE
343,10,1600,1632,1653,1600,1632,1653,1600,1632,1653,32,53,32,53,FALSE,FALSE
343,11,1903,1881,1884,1903,1881,1884,1903,1881,1884,-22,-19,22,19,FALSE,FALSE
343,12,2153,2087,2115,2153,2087,2115,2153,2087,2115,-66,-38,66,38,FALSE,FALSE
343,13,2353,2293,2364,2353,2293,2364,2353,2293,2364,-60,11,60,11,FALSE,FALSE
343,14,2521,2440,2494,2521,2440,2494,2521,2440,2494,-81,-27,81,27,FALSE,FALSE
343,15,2654,2533,2575,2654,2533,2575,2654,2533,2575,-121,-79,121,79,FALSE,FALSE
343,16,2683,2570,2604,2683,2570,2604,2683,2570,2604,-113,-79,113,79,FALSE,FALSE
343,17,2713,2534,2599,2713,2534,2599,2713,2534,2599,-179,-114,179,114,FALSE,FALSE
343,18,2657,2539,2536,2657,2539,2536,2657,2539,2536,-118,-121,118,121,FALSE,FALSE
343,19,2566,2495,2464,2566,2495,2464,2566,2495,2464,-71,-102,71,102,FALSE,FALSE
343,20,2423,2403,2343,2423,2403,2343,2423,2403,2343,-20,-80,20,80,FALSE,FALSE
343,21,2259,2262,2215,2259,2262,2215,2259,2262,2215,3,-44,3,44,FALSE,FALSE
343,22,2110,2100,2056,2110,2100,2056,2110,2100,2056,-10,-54,10,54,FALSE,FALSE
343,23,1937,1943,1870,1937,1943,1870,1937,1943,1870,6,-67,6,67,FALSE,FALSE
343,24,1785,1826,1699,1785,1826,1699,1785,1826,1699,41,-86,41,86,FALSE,FALSE
343,25,1599,1689,1570,1599,1689,1570,1599,1689,1570,90,-29,90,29,FALSE,FALSE
343,26,1433,1542,1441,1433,1542,1441,1433,1542,1441,109,8,109,8,FALSE,FALSE
343,27,1304,1397,1268,1304,1397,1268,1304,1397,1268,93,-36,93,36,FALSE,FALSE
343,28,1178,1272,1146,1178,1272,1146,1178,1272,1146,94,-32,94,32,FALSE,FALSE
343,29,1055,1149,1037,1055,1149,1037,1055,1149,1037,94,-18,94,18,FALSE,FALSE
343,30,938,1028,896,938,1028,896,938,1028,896,90,-42,90,42,FALSE,FALSE
343,31,868,912,795,868,912,795,868,912,795,44,-73,44,73,FALSE,FALSE
343,32,792,806,707,792,806,707,792,806,707,14,-85,14,85,FALSE,FALSE
343,33,703,723,647,703,723,647,703,723,647,20,-56,20,56,FALSE,FALSE
343,34,624,658,585,624,658,585,624,658,585,34,-39,34,39,FALSE,FALSE
343,35,561,597,517,561,597,517,561,597,517,36,-44,36,44,FALSE,FALSE
343,36,505,542,459,505,542,459,505,542,459,37,-46,37,46,FALSE,FALSE
343,37,449,466,406,449,466,406,449,466,406,17,-43,17,43,FALSE,FALSE
343,38,398,413,366,398,413,366,398,413,366,15,-32,15,32,FALSE,FALSE
343,39,343,374,315,343,374,315,343,374,315,31,-28,31,28,FALSE,FALSE
343,40,290,329,277,290,329,277,290,329,277,39,-13,39,13,FALSE,FALSE
343,41,256,302,251,256,302,251,256,302,251,46,-5,46,5,FALSE,FALSE
343,42,225,274,222,225,274,222,225,274,222,49,-3,49,3,FALSE,FALSE
343,43,193,248,197,193,248,197,193,248,197,55,4,55,4,FALSE,FALSE
343,44,178,222,174,178,222,174,178,222,174,44,-4,44,4,FALSE,FALSE
343,45,165,192,152,165,192,152,165,192,152,27,-13,27,13,FALSE,FALSE
343,46,145,170,139,145,170,139,145,170,139,25,-6,25,6,FALSE,FALSE
343,47,131,150,121,131,150,121,131,150,121,19,-10,19,10,FALSE,FALSE
343,48,118,132,109,118,132,109,118,132,109,14,-9,14,9,FALSE,FALSE
343,49,102,119,97,102,119,97,102,119,97,17,-5,17,5,FALSE,FALSE
343,50,90,108,78,90,108,78,90,108,78,18,-12,18,12,FALSE,FALSE
343,51,73,97,64,73,97,64,73,97,64,24,-9,24,9,FALSE,FALSE
343,52,65,89,58,65,89,58,65,89,58,24,-7,24,7,FALSE,FALSE
343,53,57,69,52,57,69,52,57,69,52,12,-5,12,5,FALSE,FALSE
343,54,52,58,45,52,58,45,52,58,45,6,-7,6,7,FALSE,FALSE
343,55,46,55,44,46,55,44,46,55,44,9,-2,9,2,FALSE,FALSE
343,56,39,44,41,39,44,41,39,44,41,5,2,5,2,FALSE,FALSE
343,57,36,38,38,36,38,38,36,38,38,2,2,2,2,FALSE,FALSE
343,58,31,33,30,31,33,30,31,33,30,2,-1,2,1,FALSE,FALSE
343,59,30,26,22,30,26,22,30,26,22,-4,-8,4,8,FALSE,FALSE
343,60,31,24,18,31,24,18,31,24,18,-7,-13,7,13,FALSE,FALSE
344,0,96,96,96,96,96,96,96,96,96,0,0,0,0,TRUE,TRUE
344,1,116,113,107,116,113,107,116,113,107,-3,-9,3,9,FALSE,FALSE
344,2,136,140,128,136,140,128,136,140,128,4,-8,4,8,FALSE,FALSE
344,3,149,173,149,149,173,149,149,173,149,24,0,24,0,FALSE,TRUE
344,4,174,213,172,174,213,172,174,213,172,39,-2,39,2,FALSE,FALSE
344,5,208,246,217,208,246,217,208,246,217,38,9,38,9,FALSE,FALSE
344,6,229,289,257,229,289,257,229,289,257,60,28,60,28,FALSE,FALSE
344,7,270,343,283,270,343,283,270,343,283,73,13,73,13,FALSE,FALSE
344,8,330,398,342,330,398,342,330,398,342,68,12,68,12,FALSE,FALSE
344,9,391,451,396,391,451,396,391,451,396,60,5,60,5,FALSE,FALSE
344,10,464,502,471,464,502,471,464,502,471,38,7,38,7,FALSE,FALSE
344,11,555,558,527,555,558,527,555,558,527,3,-28,3,28,FALSE,FALSE
344,12,641,663,611,641,663,611,641,663,611,22,-30,22,30,FALSE,FALSE
344,13,744,748,697,744,748,697,744,748,697,4,-47,4,47,FALSE,FALSE
344,14,857,825,784,857,825,784,857,825,784,-32,-73,32,73,FALSE,FALSE
344,15,940,907,877,940,907,877,940,907,877,-33,-63,33,63,FALSE,FALSE
344,16,1019,978,957,1019,978,957,1019,978,957,-41,-62,41,62,FALSE,FALSE
344,17,1112,1049,1011,1112,1049,1011,1112,1049,1011,-63,-101,63,101,FALSE,FALSE
344,18,1191,1128,1064,1191,1128,1064,1191,1128,1064,-63,-127,63,127,FALSE,FALSE
344,19,1272,1171,1128,1272,1171,1128,1272,1171,1128,-101,-144,101,144,FALSE,FALSE
344,20,1327,1217,1173,1327,1217,1173,1327,1217,1173,-110,-154,110,154,FALSE,FALSE
344,21,1365,1244,1250,1365,1244,1250,1365,1244,1250,-121,-115,121,115,FALSE,FALSE
344,22,1377,1283,1302,1377,1283,1302,1377,1283,1302,-94,-75,94,75,FALSE,FALSE
344,23,1379,1325,1364,1379,1325,1364,1379,1325,1364,-54,-15,54,15,FALSE,FALSE
344,24,1364,1304,1361,1364,1304,1361,1364,1304,1361,-60,-3,60,3,FALSE,FALSE
344,25,1404,1320,1389,1404,1320,1389,1404,1320,1389,-84,-15,84,15,FALSE,FALSE
344,26,1395,1312,1377,1395,1312,1377,1395,1312,1377,-83,-18,83,18,FALSE,FALSE
344,27,1343,1289,1361,1343,1289,1361,1343,1289,1361,-54,18,54,18,FALSE,FALSE
344,28,1328,1265,1330,1328,1265,1330,1328,1265,1330,-63,2,63,2,FALSE,FALSE
344,29,1284,1226,1278,1284,1226,1278,1284,1226,1278,-58,-6,58,6,FALSE,FALSE
344,30,1245,1168,1211,1245,1168,1211,1245,1168,1211,-77,-34,77,34,FALSE,FALSE
344,31,1186,1116,1187,1186,1116,1187,1186,1116,1187,-70,1,70,1,FALSE,FALSE
344,32,1078,1066,1134,1078,1066,1134,1078,1066,1134,-12,56,12,56,FALSE,FALSE
344,33,1040,1039,1074,1040,1039,1074,1040,1039,1074,-1,34,1,34,FALSE,FALSE
344,34,979,965,1047,979,965,1047,979,965,1047,-14,68,14,68,FALSE,FALSE
344,35,911,936,998,911,936,998,911,936,998,25,87,25,87,FALSE,FALSE
344,36,839,871,943,839,871,943,839,871,943,32,104,32,104,FALSE,FALSE
344,37,777,829,885,777,829,885,777,829,885,52,108,52,108,FALSE,FALSE
344,38,720,744,831,720,744,831,720,744,831,24,111,24,111,FALSE,FALSE
344,39,663,708,797,663,708,797,663,708,797,45,134,45,134,FALSE,FALSE
344,40,630,673,758,630,673,758,630,673,758,43,128,43,128,FALSE,FALSE
344,41,583,642,729,583,642,729,583,642,729,59,146,59,146,FALSE,FALSE
344,42,540,592,674,540,592,674,540,592,674,52,134,52,134,FALSE,FALSE
344,43,516,555,620,516,555,620,516,555,620,39,104,39,104,FALSE,FALSE
344,44,480,537,564,480,537,564,480,537,564,57,84,57,84,FALSE,FALSE
344,45,437,505,522,437,505,522,437,505,522,68,85,68,85,FALSE,FALSE
344,46,400,466,468,400,466,468,400,466,468,66,68,66,68,FALSE,FALSE
344,47,367,437,424,367,437,424,367,437,424,70,57,70,57,FALSE,FALSE
344,48,340,416,393,340,416,393,340,416,393,76,53,76,53,FALSE,FALSE
344,49,314,378,358,314,378,358,314,378,358,64,44,64,44,FALSE,FALSE
344,50,286,341,327,286,341,327,286,341,327,55,41,55,41,FALSE,FALSE
344,51,258,314,308,258,314,308,258,314,308,56,50,56,50,FALSE,FALSE
344,52,232,290,284,232,290,284,232,290,284,58,52,58,52,FALSE,FALSE
344,53,209,273,259,209,273,259,209,273,259,64,50,64,50,FALSE,FALSE
344,54,186,246,248,186,246,248,186,246,248,60,62,60,62,FALSE,FALSE
344,55,170,216,231,170,216,231,170,216,231,46,61,46,61,FALSE,FALSE
344,56,157,201,207,157,201,207,157,201,207,44,50,44,50,FALSE,FALSE
344,57,141,188,183,141,188,183,141,188,183,47,42,47,42,FALSE,FALSE
344,58,129,176,174,129,176,174,129,176,174,47,45,47,45,FALSE,FALSE
344,59,121,152,163,121,152,163,121,152,163,31,42,31,42,FALSE,FALSE
344,60,113,141,150,113,141,150,113,141,150,28,37,28,37,FALSE,FALSE
345,0,105,105,105,105,105,105,105,105,105,0,0,0,0,TRUE,TRUE
345,1,128,125,127,128,125,127,128,125,127,-3,-1,3,1,FALSE,FALSE
345,2,154,147,164,154,147,164,154,147,164,-7,10,7,10,FALSE,FALSE
345,3,176,187,214,176,187,214,176,187,214,11,38,11,38,FALSE,FALSE
345,4,217,220,258,217,220,258,217,220,258,3,41,3,41,FALSE,FALSE
345,5,271,279,316,271,279,316,271,279,316,8,45,8,45,FALSE,FALSE
345,6,322,339,388,322,339,388,322,339,388,17,66,17,66,FALSE,FALSE
345,7,413,428,495,413,428,495,413,428,495,15,82,15,82,FALSE,FALSE
345,8,528,518,595,528,518,595,528,518,595,-10,67,10,67,FALSE,FALSE
345,9,629,636,711,629,636,711,629,636,711,7,82,7,82,FALSE,FALSE
345,10,747,753,840,747,753,840,747,753,840,6,93,6,93,FALSE,FALSE
345,11,877,904,998,877,904,998,877,904,998,27,121,27,121,FALSE,FALSE
345,12,1049,1052,1180,1049,1052,1180,1049,1052,1180,3,131,3,131,FALSE,FALSE
345,13,1242,1232,1363,1242,1232,1363,1242,1232,1363,-10,121,10,121,FALSE,FALSE
345,14,1415,1419,1528,1415,1419,1528,1415,1419,1528,4,113,4,113,FALSE,FALSE
345,15,1628,1615,1707,1628,1615,1707,1628,1615,1707,-13,79,13,79,FALSE,FALSE
345,16,1824,1782,1847,1824,1782,1847,1824,1782,1847,-42,23,42,23,FALSE,FALSE
345,17,1968,1950,2022,1968,1950,2022,1968,1950,2022,-18,54,18,54,FALSE,FALSE
345,18,2141,2129,2157,2141,2129,2157,2141,2129,2157,-12,16,12,16,FALSE,FALSE
345,19,2284,2263,2286,2284,2263,2286,2284,2263,2286,-21,2,21,2,FALSE,FALSE
345,20,2380,2321,2361,2380,2321,2361,2380,2321,2361,-59,-19,59,19,FALSE,FALSE
345,21,2453,2385,2393,2453,2385,2393,2453,2385,2393,-68,-60,68,60,FALSE,FALSE
345,22,2513,2429,2438,2513,2429,2438,2513,2429,2438,-84,-75,84,75,FALSE,FALSE
345,23,2516,2409,2449,2516,2409,2449,2516,2409,2449,-107,-67,107,67,FALSE,FALSE
345,24,2513,2425,2433,2513,2425,2433,2513,2425,2433,-88,-80,88,80,FALSE,FALSE
345,25,2472,2383,2417,2472,2383,2417,2472,2383,2417,-89,-55,89,55,FALSE,FALSE
345,26,2405,2333,2386,2405,2333,2386,2405,2333,2386,-72,-19,72,19,FALSE,FALSE
345,27,2346,2258,2304,2346,2258,2304,2346,2258,2304,-88,-42,88,42,FALSE,FALSE
345,28,2271,2163,2237,2271,2163,2237,2271,2163,2237,-108,-34,108,34,FALSE,FALSE
345,29,2158,2101,2144,2158,2101,2144,2158,2101,2144,-57,-14,57,14,FALSE,FALSE
345,30,2076,2022,2036,2076,2022,2036,2076,2022,2036,-54,-40,54,40,FALSE,FALSE
345,31,1996,1944,1941,1996,1944,1941,1996,1944,1941,-52,-55,52,55,FALSE,FALSE
345,32,1897,1874,1837,1897,1874,1837,1897,1874,1837,-23,-60,23,60,FALSE,FALSE
345,33,1817,1788,1735,1817,1788,1735,1817,1788,1735,-29,-82,29,82,FALSE,FALSE
345,34,1713,1706,1652,1713,1706,1652,1713,1706,1652,-7,-61,7,61,FALSE,FALSE
345,35,1628,1630,1562,1628,1630,1562,1628,1630,1562,2,-66,2,66,FALSE,FALSE
345,36,1528,1553,1472,1528,1553,1472,1528,1553,1472,25,-56,25,56,FALSE,FALSE
345,37,1456,1475,1397,1456,1475,1397,1456,1475,1397,19,-59,19,59,FALSE,FALSE
345,38,1395,1396,1311,1395,1396,1311,1395,1396,1311,1,-84,1,84,FALSE,FALSE
345,39,1314,1321,1234,1314,1321,1234,1314,1321,1234,7,-80,7,80,FALSE,FALSE
345,40,1253,1252,1174,1253,1252,1174,1253,1252,1174,-1,-79,1,79,FALSE,FALSE
345,41,1181,1174,1120,1181,1174,1120,1181,1174,1120,-7,-61,7,61,FALSE,FALSE
345,42,1119,1101,1065,1119,1101,1065,1119,1101,1065,-18,-54,18,54,FALSE,FALSE
345,43,1050,1040,999,1050,1040,999,1050,1040,999,-10,-51,10,51,FALSE,FALSE
345,44,975,988,930,975,988,930,975,988,930,13,-45,13,45,FALSE,FALSE
345,45,917,923,869,917,923,869,917,923,869,6,-48,6,48,FALSE,FALSE
345,46,862,860,813,862,860,813,862,860,813,-2,-49,2,49,FALSE,FALSE
345,47,804,806,761,804,806,761,804,806,761,2,-43,2,43,FALSE,FALSE
345,48,763,757,713,763,757,713,763,757,713,-6,-50,6,50,FALSE,FALSE
345,49,717,709,664,717,709,664,717,709,664,-8,-53,8,53,FALSE,FALSE
345,50,675,669,629,675,669,629,675,669,629,-6,-46,6,46,FALSE,FALSE
345,51,621,631,590,621,631,590,621,631,590,10,-31,10,31,FALSE,FALSE
345,52,588,586,553,588,586,553,588,586,553,-2,-35,2,35,FALSE,FALSE
345,53,545,540,524,545,540,524,545,540,524,-5,-21,5,21,FALSE,FALSE
345,54,507,500,483,507,500,483,507,500,483,-7,-24,7,24,FALSE,FALSE
345,55,468,467,442,468,467,442,468,467,442,-1,-26,1,26,FALSE,FALSE
345,56,438,441,410,438,441,410,438,441,410,3,-28,3,28,FALSE,FALSE
345,57,404,407,387,404,407,387,404,407,387,3,-17,3,17,FALSE,FALSE
345,58,383,383,363,383,383,363,383,383,363,0,-20,0,20,TRUE,FALSE
345,59,362,356,333,362,356,333,362,356,333,-6,-29,6,29,FALSE,FALSE
345,60,336,329,309,336,329,309,336,329,309,-7,-27,7,27,FALSE,FALSE
346,0,112,112,112,112,112,112,112,112,112,0,0,0,0,TRUE,TRUE
346,1,138,140,148,138,140,148,138,140,148,2,10,2,10,FALSE,FALSE
346,2,168,168,192,168,168,192,168,168,192,0,24,0,24,TRUE,FALSE
346,3,220,219,248,220,219,248,220,219,248,-1,28,1,28,FALSE,FALSE
346,4,274,275,314,274,275,314,274,275,314,1,40,1,40,FALSE,FALSE
346,5,342,335,385,342,335,385,342,335,385,-7,43,7,43,FALSE,FALSE
346,6,413,434,483,413,434,483,413,434,483,21,70,21,70,FALSE,FALSE
346,7,498,518,616,498,518,616,498,518,616,20,118,20,118,FALSE,FALSE
346,8,625,622,719,625,622,719,625,622,719,-3,94,3,94,FALSE,FALSE
346,9,779,763,867,779,763,867,779,763,867,-16,88,16,88,FALSE,FALSE
346,10,907,907,1055,907,907,1055,907,907,1055,0,148,0,148,TRUE,FALSE
346,11,1053,1048,1229,1053,1048,1229,1053,1048,1229,-5,176,5,176,FALSE,FALSE
346,12,1224,1240,1408,1224,1240,1408,1224,1240,1408,16,184,16,184,FALSE,FALSE
346,13,1398,1444,1594,1398,1444,1594,1398,1444,1594,46,196,46,196,FALSE,FALSE
346,14,1570,1617,1776,1570,1617,1776,1570,1617,1776,47,206,47,206,FALSE,FALSE
346,15,1759,1801,1971,1759,1801,1971,1759,1801,1971,42,212,42,212,FALSE,FALSE
346,16,1943,1931,2172,1943,1931,2172,1943,1931,2172,-12,229,12,229,FALSE,FALSE
346,17,2049,2057,2265,2049,2057,2265,2049,2057,2265,8,216,8,216,FALSE,FALSE
346,18,2144,2153,2368,2144,2153,2368,2144,2153,2368,9,224,9,224,FALSE,FALSE
346,19,2243,2204,2414,2243,2204,2414,2243,2204,2414,-39,171,39,171,FALSE,FALSE
346,20,2324,2277,2395,2324,2277,2395,2324,2277,2395,-47,71,47,71,FALSE,FALSE
346,21,2357,2274,2345,2357,2274,2345,2357,2274,2345,-83,-12,83,12,FALSE,FALSE
346,22,2348,2213,2273,2348,2213,2273,2348,2213,2273,-135,-75,135,75,FALSE,FALSE
346,23,2261,2156,2179,2261,2156,2179,2261,2156,2179,-105,-82,105,82,FALSE,FALSE
346,24,2218,2061,2082,2218,2061,2082,2218,2061,2082,-157,-136,157,136,FALSE,FALSE
346,25,2174,1984,1982,2174,1984,1982,2174,1984,1982,-190,-192,190,192,FALSE,FALSE
346,26,2050,1907,1878,2050,1907,1878,2050,1907,1878,-143,-172,143,172,FALSE,FALSE
346,27,1938,1837,1772,1938,1837,1772,1938,1837,1772,-101,-166,101,166,FALSE,FALSE
346,28,1825,1747,1694,1825,1747,1694,1825,1747,1694,-78,-131,78,131,FALSE,FALSE
346,29,1735,1646,1600,1735,1646,1600,1735,1646,1600,-89,-135,89,135,FALSE,FALSE
346,30,1638,1569,1506,1638,1569,1506,1638,1569,1506,-69,-132,69,132,FALSE,FALSE
346,31,1544,1433,1401,1544,1433,1401,1544,1433,1401,-111,-143,111,143,FALSE,FALSE
346,32,1418,1316,1294,1418,1316,1294,1418,1316,1294,-102,-124,102,124,FALSE,FALSE
346,33,1306,1226,1170,1306,1226,1170,1306,1226,1170,-80,-136,80,136,FALSE,FALSE
346,34,1212,1119,1081,1212,1119,1081,1212,1119,1081,-93,-131,93,131,FALSE,FALSE
346,35,1119,1029,1011,1119,1029,1011,1119,1029,1011,-90,-108,90,108,FALSE,FALSE
346,36,1033,952,939,1033,952,939,1033,952,939,-81,-94,81,94,FALSE,FALSE
346,37,929,867,857,929,867,857,929,867,857,-62,-72,62,72,FALSE,FALSE
346,38,861,784,792,861,784,792,861,784,792,-77,-69,77,69,FALSE,FALSE
346,39,783,718,724,783,718,724,783,718,724,-65,-59,65,59,FALSE,FALSE
346,40,710,672,648,710,672,648,710,672,648,-38,-62,38,62,FALSE,FALSE
346,41,651,630,599,651,630,599,651,630,599,-21,-52,21,52,FALSE,FALSE
346,42,605,577,551,605,577,551,605,577,551,-28,-54,28,54,FALSE,FALSE
346,43,566,548,509,566,548,509,566,548,509,-18,-57,18,57,FALSE,FALSE
346,44,508,509,458,508,509,458,508,509,458,1,-50,1,50,FALSE,FALSE
346,45,471,454,423,471,454,423,471,454,423,-17,-48,17,48,FALSE,FALSE
346,46,433,423,390,433,423,390,433,423,390,-10,-43,10,43,FALSE,FALSE
346,47,391,381,357,391,381,357,391,381,357,-10,-34,10,34,FALSE,FALSE
346,48,364,347,326,364,347,326,364,347,326,-17,-38,17,38,FALSE,FALSE
346,49,327,306,301,327,306,301,327,306,301,-21,-26,21,26,FALSE,FALSE
346,50,292,278,270,292,278,270,292,278,270,-14,-22,14,22,FALSE,FALSE
346,51,268,263,261,268,263,261,268,263,261,-5,-7,5,7,FALSE,FALSE
346,52,250,237,241,250,237,241,250,237,241,-13,-9,13,9,FALSE,FALSE
346,53,237,217,221,237,217,221,237,217,221,-20,-16,20,16,FALSE,FALSE
346,54,203,198,201,203,198,201,203,198,201,-5,-2,5,2,FALSE,FALSE
346,55,183,179,179,183,179,179,183,179,179,-4,-4,4,4,FALSE,FALSE
346,56,176,158,169,176,158,169,176,158,169,-18,-7,18,7,FALSE,FALSE
346,57,158,131,146,158,131,146,158,131,146,-27,-12,27,12,FALSE,FALSE
346,58,142,120,130,142,120,130,142,120,130,-22,-12,22,12,FALSE,FALSE
346,59,132,109,114,132,109,114,132,109,114,-23,-18,23,18,FALSE,FALSE
346,60,125,101,104,125,101,104,125,101,104,-24,-21,24,21,FALSE,FALSE
347,0,65,65,65,65,65,65,65,65,65,0,0,0,0,TRUE,TRUE
347,1,107,118,112,107,118,112,107,118,112,11,5,11,5,FALSE,FALSE
347,2,205,217,200,205,217,200,205,217,200,12,-5,12,5,FALSE,FALSE
347,3,360,377,331,360,377,331,360,377,331,17,-29,17,29,FALSE,FALSE
347,4,609,652,569,609,652,569,609,652,569,43,-40,43,40,FALSE,FALSE
347,5,1008,1008,930,1008,1008,930,1008,1008,930,0,-78,0,78,TRUE,FALSE
347,6,1437,1482,1441,1437,1482,1441,1437,1482,1441,45,4,45,4,FALSE,FALSE
347,7,1931,1913,1953,1931,1913,1953,1931,1913,1953,-18,22,18,22,FALSE,FALSE
347,8,2328,2287,2403,2328,2287,2403,2328,2287,2403,-41,75,41,75,FALSE,FALSE
347,9,2518,2417,2597,2518,2417,2597,2518,2417,2597,-101,79,101,79,FALSE,FALSE
347,10,2518,2390,2552,2518,2390,2552,2518,2390,2552,-128,34,128,34,FALSE,FALSE
347,11,2305,2199,2381,2305,2199,2381,2305,2199,2381,-106,76,106,76,FALSE,FALSE
347,12,2055,1937,2140,2055,1937,2140,2055,1937,2140,-118,85,118,85,FALSE,FALSE
347,13,1756,1692,1853,1756,1692,1853,1756,1692,1853,-64,97,64,97,FALSE,FALSE
347,14,1463,1434,1551,1463,1434,1551,1463,1434,1551,-29,88,29,88,FALSE,FALSE
347,15,1230,1178,1295,1230,1178,1295,1230,1178,1295,-52,65,52,65,FALSE,FALSE
347,16,1037,949,1064,1037,949,1064,1037,949,1064,-88,27,88,27,FALSE,FALSE
347,17,848,782,879,848,782,879,848,782,879,-66,31,66,31,FALSE,FALSE
347,18,679,651,706,679,651,706,679,651,706,-28,27,28,27,FALSE,FALSE
347,19,555,553,577,555,553,577,555,553,577,-2,22,2,22,FALSE,FALSE
347,20,440,454,458,440,454,458,440,454,458,14,18,14,18,FALSE,FALSE
347,21,371,371,363,371,371,363,371,371,363,0,-8,0,8,TRUE,FALSE
347,22,280,300,293,280,300,293,280,300,293,20,13,20,13,FALSE,FALSE
347,23,221,234,237,221,234,237,221,234,237,13,16,13,16,FALSE,FALSE
347,24,173,186,184,173,186,184,173,186,184,13,11,13,11,FALSE,FALSE
347,25,139,155,149,139,155,149,139,155,149,16,10,16,10,FALSE,FALSE
347,26,111,130,126,111,130,126,111,130,126,19,15,19,15,FALSE,FALSE
347,27,92,112,93,92,112,93,92,112,93,20,1,20,1,FALSE,FALSE
347,28,76,95,74,76,95,74,76,95,74,19,-2,19,2,FALSE,FALSE
347,29,62,79,62,62,79,62,62,79,62,17,0,17,0,FALSE,TRUE
347,30,46,64,50,46,64,50,46,64,50,18,4,18,4,FALSE,FALSE
347,31,37,49,42,37,49,42,37,49,42,12,5,12,5,FALSE,FALSE
347,32,33,41,34,33,41,34,33,41,34,8,1,8,1,FALSE,FALSE
347,33,26,33,26,26,33,26,26,33,26,7,0,7,0,FALSE,TRUE
347,34,23,25,22,23,25,22,23,25,22,2,-1,2,1,FALSE,FALSE
347,35,18,20,22,18,20,22,18,20,22,2,4,2,4,FALSE,FALSE
347,36,17,16,20,17,16,20,17,16,20,-1,3,1,3,FALSE,FALSE
347,37,14,15,19,14,15,19,14,15,19,1,5,1,5,FALSE,FALSE
347,38,11,16,16,11,16,16,11,16,16,5,5,5,5,FALSE,FALSE
347,39,10,11,13,10,11,13,10,11,13,1,3,1,3,FALSE,FALSE
347,40,9,9,12,9,9,12,9,9,12,0,3,0,3,TRUE,FALSE
347,41,9,7,11,9,7,11,9,7,11,-2,2,2,2,FALSE,FALSE
347,42,8,5,9,8,5,9,8,5,9,-3,1,3,1,FALSE,FALSE
347,43,8,3,7,8,3,7,8,3,7,-5,-1,5,1,FALSE,FALSE
347,44,6,2,4,6,2,4,6,2,4,-4,-2,4,2,FALSE,FALSE
347,45,5,2,4,5,2,4,5,2,4,-3,-1,3,1,FALSE,FALSE
347,46,5,2,4,5,2,4,5,2,4,-3,-1,3,1,FALSE,FALSE
347,47,3,2,2,3,2,2,3,2,2,-1,-1,1,1,FALSE,FALSE
347,48,3,2,1,3,2,1,3,2,1,-1,-2,1,2,FALSE,FALSE
347,49,3,2,1,3,2,1,3,2,1,-1,-2,1,2,FALSE,FALSE
347,50,2,2,1,2,2,1,2,2,1,0,-1,0,1,TRUE,FALSE
347,51,2,1,0,2,1,0,2,1,0,-1,-2,1,2,FALSE,FALSE
347,52,1,1,0,1,1,0,1,1,0,0,-1,0,1,TRUE,FALSE
347,53,1,1,0,1,1,0,1,1,0,0,-1,0,1,TRUE,FALSE
347,54,1,1,0,1,1,0,1,1,0,0,-1,0,1,TRUE,FALSE
347,55,1,1,0,1,1,0,1,1,0,0,-1,0,1,TRUE,FALSE
347,56,1,1,0,1,1,0,1,1,0,0,-1,0,1,TRUE,FALSE
347,57,1,1,0,1,1,0,1,1,0,0,-1,0,1,TRUE,FALSE
347,58,1,1,0,1,1,0,1,1,0,0,-1,0,1,TRUE,FALSE
347,59,1,1,0,1,1,0,1,1,0,0,-1,0,1,TRUE,FALSE
347,60,1,1,0,1,1,0,1,1,0,0,-1,0,1,TRUE,FALSE
348,0,57,57,57,57,57,57,57,57,57,0,0,0,0,TRUE,TRUE
348,1,58,60,61,58,60,61,58,60,61,2,3,2,3,FALSE,FALSE
348,2,64,70,71,64,70,71,64,70,71,6,7,6,7,FALSE,FALSE
348,3,70,76,75,70,76,75,70,76,75,6,5,6,5,FALSE,FALSE
348,4,81,90,80,81,90,80,81,90,80,9,-1,9,1,FALSE,FALSE
348,5,86,92,95,86,92,95,86,92,95,6,9,6,9,FALSE,FALSE
348,6,106,104,105,106,104,105,106,104,105,-2,-1,2,1,FALSE,FALSE
348,7,122,106,124,122,106,124,122,106,124,-16,2,16,2,FALSE,FALSE
348,8,141,121,134,141,121,134,141,121,134,-20,-7,20,7,FALSE,FALSE
348,9,155,137,145,155,137,145,155,137,145,-18,-10,18,10,FALSE,FALSE
348,10,182,158,154,182,158,154,182,158,154,-24,-28,24,28,FALSE,FALSE
348,11,213,175,176,213,175,176,213,175,176,-38,-37,38,37,FALSE,FALSE
348,12,226,193,193,226,193,193,226,193,193,-33,-33,33,33,FALSE,FALSE
348,13,249,213,215,249,213,215,249,213,215,-36,-34,36,34,FALSE,FALSE
348,14,261,237,245,261,237,245,261,237,245,-24,-16,24,16,FALSE,FALSE
348,15,292,260,263,292,260,263,292,260,263,-32,-29,32,29,FALSE,FALSE
348,16,330,289,269,330,289,269,330,289,269,-41,-61,41,61,FALSE,FALSE
348,17,352,306,298,352,306,298,352,306,298,-46,-54,46,54,FALSE,FALSE
348,18,384,327,326,384,327,326,384,327,326,-57,-58,57,58,FALSE,FALSE
348,19,401,345,344,401,345,344,401,345,344,-56,-57,56,57,FALSE,FALSE
348,20,444,371,376,444,371,376,444,371,376,-73,-68,73,68,FALSE,FALSE
348,21,469,397,408,469,397,408,469,397,408,-72,-61,72,61,FALSE,FALSE
348,22,504,415,438,504,415,438,504,415,438,-89,-66,89,66,FALSE,FALSE
348,23,535,447,486,535,447,486,535,447,486,-88,-49,88,49,FALSE,FALSE
348,24,558,491,519,558,491,519,558,491,519,-67,-39,67,39,FALSE,FALSE
348,25,598,531,556,598,531,556,598,531,556,-67,-42,67,42,FALSE,FALSE
348,26,614,556,566,614,556,566,614,556,566,-58,-48,58,48,FALSE,FALSE
348,27,645,596,618,645,596,618,645,596,618,-49,-27,49,27,FALSE,FALSE
348,28,689,646,660,689,646,660,689,646,660,-43,-29,43,29,FALSE,FALSE
348,29,709,678,676,709,678,676,709,678,676,-31,-33,31,33,FALSE,FALSE
348,30,719,713,729,719,713,729,719,713,729,-6,10,6,10,FALSE,FALSE
348,31,738,766,740,738,766,740,738,766,740,28,2,28,2,FALSE,FALSE
348,32,761,778,761,761,778,761,761,778,761,17,0,17,0,FALSE,TRUE
348,33,755,772,780,755,772,780,755,772,780,17,25,17,25,FALSE,FALSE
348,34,763,761,790,763,761,790,763,761,790,-2,27,2,27,FALSE,FALSE
348,35,754,794,786,754,794,786,754,794,786,40,32,40,32,FALSE,FALSE
348,36,754,793,781,754,793,781,754,793,781,39,27,39,27,FALSE,FALSE
348,37,743,799,777,743,799,777,743,799,777,56,34,56,34,FALSE,FALSE
348,38,759,796,791,759,796,791,759,796,791,37,32,37,32,FALSE,FALSE
348,39,760,792,783,760,792,783,760,792,783,32,23,32,23,FALSE,FALSE
348,40,756,769,764,756,769,764,756,769,764,13,8,13,8,FALSE,FALSE
348,41,754,748,766,754,748,766,754,748,766,-6,12,6,12,FALSE,FALSE
348,42,738,734,757,738,734,757,738,734,757,-4,19,4,19,FALSE,FALSE
348,43,712,734,753,712,734,753,712,734,753,22,41,22,41,FALSE,FALSE
348,44,704,722,739,704,722,739,704,722,739,18,35,18,35,FALSE,FALSE
348,45,664,713,706,664,713,706,664,713,706,49,42,49,42,FALSE,FALSE
348,46,645,686,676,645,686,676,645,686,676,41,31,41,31,FALSE,FALSE
348,47,635,666,647,635,666,647,635,666,647,31,12,31,12,FALSE,FALSE
348,48,591,659,637,591,659,637,591,659,637,68,46,68,46,FALSE,FALSE
348,49,579,637,603,579,637,603,579,637,603,58,24,58,24,FALSE,FALSE
348,50,565,622,576,565,622,576,565,622,576,57,11,57,11,FALSE,FALSE
348,51,560,603,559,560,603,559,560,603,559,43,-1,43,1,FALSE,FALSE
348,52,548,571,538,548,571,538,548,571,538,23,-10,23,10,FALSE,FALSE
348,53,522,559,504,522,559,504,522,559,504,37,-18,37,18,FALSE,FALSE
348,54,493,542,462,493,542,462,493,542,462,49,-31,49,31,FALSE,FALSE
348,55,477,521,429,477,521,429,477,521,429,44,-48,44,48,FALSE,FALSE
348,56,442,501,402,442,501,402,442,501,402,59,-40,59,40,FALSE,FALSE
348,57,414,472,378,414,472,378,414,472,378,58,-36,58,36,FALSE,FALSE
348,58,396,444,349,396,444,349,396,444,349,48,-47,48,47,FALSE,FALSE
348,59,383,420,324,383,420,324,383,420,324,37,-59,37,59,FALSE,FALSE
348,60,359,396,314,359,396,314,359,396,314,37,-45,37,45,FALSE,FALSE
349,0,102,102,102,102,102,102,102,102,102,0,0,0,0,TRUE,TRUE
349,1,141,136,160,141,136,160,141,136,160,-5,19,5,19,FALSE,FALSE
349,2,202,180,203,202,180,203,202,180,203,-22,1,22,1,FALSE,FALSE
349,3,261,251,278,261,251,278,261,251,278,-10,17,10,17,FALSE,FALSE
349,4,353,344,370,353,344,370,353,344,370,-9,17,9,17,FALSE,FALSE
349,5,484,483,504,484,483,504,484,483,504,-1,20,1,20,FALSE,FALSE
349,6,684,669,687,684,669,687,684,669,687,-15,3,15,3,FALSE,FALSE
349,7,904,829,848,904,829,848,904,829,848,-75,-56,75,56,FALSE,FALSE
349,8,1128,1071,1082,1128,1071,1082,1128,1071,1082,-57,-46,57,46,FALSE,FALSE
349,9,1379,1289,1316,1379,1289,1316,1379,1289,1316,-90,-63,90,63,FALSE,FALSE
349,10,1659,1546,1535,1659,1546,1535,1659,1546,1535,-113,-124,113,124,FALSE,FALSE
349,11,1907,1785,1760,1907,1785,1760,1907,1785,1760,-122,-147,122,147,FALSE,FALSE
349,12,2091,1958,1933,2091,1958,1933,2091,1958,1933,-133,-158,133,158,FALSE,FALSE
349,13,2253,2080,2051,2253,2080,2051,2253,2080,2051,-173,-202,173,202,FALSE,FALSE
349,14,2314,2166,2171,2314,2166,2171,2314,2166,2171,-148,-143,148,143,FALSE,FALSE
349,15,2314,2179,2171,2314,2179,2171,2314,2179,2171,-135,-143,135,143,FALSE,FALSE
349,16,2248,2152,2115,2248,2152,2115,2248,2152,2115,-96,-133,96,133,FALSE,FALSE
349,17,2173,2065,1987,2173,2065,1987,2173,2065,1987,-108,-186,108,186,FALSE,FALSE
349,18,2031,1955,1886,2031,1955,1886,2031,1955,1886,-76,-145,76,145,FALSE,FALSE
349,19,1892,1806,1795,1892,1806,1795,1892,1806,1795,-86,-97,86,97,FALSE,FALSE
349,20,1745,1686,1653,1745,1686,1653,1745,1686,1653,-59,-92,59,92,FALSE,FALSE
349,21,1594,1539,1495,1594,1539,1495,1594,1539,1495,-55,-99,55,99,FALSE,FALSE
349,22,1451,1387,1385,1451,1387,1385,1451,1387,1385,-64,-66,64,66,FALSE,FALSE
349,23,1292,1257,1275,1292,1257,1275,1292,1257,1275,-35,-17,35,17,FALSE,FALSE
349,24,1182,1144,1163,1182,1144,1163,1182,1144,1163,-38,-19,38,19,FALSE,FALSE
349,25,1075,1067,1038,1075,1067,1038,1075,1067,1038,-8,-37,8,37,FALSE,FALSE
349,26,997,955,947,997,955,947,997,955,947,-42,-50,42,50,FALSE,FALSE
349,27,880,861,856,880,861,856,880,861,856,-19,-24,19,24,FALSE,FALSE
349,28,772,774,763,772,774,763,772,774,763,2,-9,2,9,FALSE,FALSE
349,29,676,675,671,676,675,671,676,675,671,-1,-5,1,5,FALSE,FALSE
349,30,592,595,608,592,595,608,592,595,608,3,16,3,16,FALSE,FALSE
349,31,530,529,538,530,529,538,530,529,538,-1,8,1,8,FALSE,FALSE
349,32,471,473,478,471,473,478,471,473,478,2,7,2,7,FALSE,FALSE
349,33,418,420,431,418,420,431,418,420,431,2,13,2,13,FALSE,FALSE
349,34,358,365,376,358,365,376,358,365,376,7,18,7,18,FALSE,FALSE
349,35,308,319,337,308,319,337,308,319,337,11,29,11,29,FALSE,FALSE
349,36,273,288,308,273,288,308,273,288,308,15,35,15,35,FALSE,FALSE
349,37,237,255,271,237,255,271,237,255,271,18,34,18,34,FALSE,FALSE
349,38,209,222,231,209,222,231,209,222,231,13,22,13,22,FALSE,FALSE
349,39,178,200,212,178,200,212,178,200,212,22,34,22,34,FALSE,FALSE
349,40,152,176,192,152,176,192,152,176,192,24,40,24,40,FALSE,FALSE
349,41,137,153,162,137,153,162,137,153,162,16,25,16,25,FALSE,FALSE
349,42,126,130,149,126,130,149,126,130,149,4,23,4,23,FALSE,FALSE
349,43,105,116,124,105,116,124,105,116,124,11,19,11,19,FALSE,FALSE
349,44,92,97,111,92,97,111,92,97,111,5,19,5,19,FALSE,FALSE
349,45,79,83,91,79,83,91,79,83,91,4,12,4,12,FALSE,FALSE
349,46,71,73,80,71,73,80,71,73,80,2,9,2,9,FALSE,FALSE
349,47,59,63,77,59,63,77,59,63,77,4,18,4,18,FALSE,FALSE
349,48,51,55,67,51,55,67,51,55,67,4,16,4,16,FALSE,FALSE
349,49,42,52,59,42,52,59,42,52,59,10,17,10,17,FALSE,FALSE
349,50,37,47,50,37,47,50,37,47,50,10,13,10,13,FALSE,FALSE
349,51,36,41,40,36,41,40,36,41,40,5,4,5,4,FALSE,FALSE
349,52,32,38,35,32,38,35,32,38,35,6,3,6,3,FALSE,FALSE
349,53,29,30,31,29,30,31,29,30,31,1,2,1,2,FALSE,FALSE
349,54,27,28,26,27,28,26,27,28,26,1,-1,1,1,FALSE,FALSE
349,55,21,26,25,21,26,25,21,26,25,5,4,5,4,FALSE,FALSE
349,56,18,22,24,18,22,24,18,22,24,4,6,4,6,FALSE,FALSE
349,57,17,21,21,17,21,21,17,21,21,4,4,4,4,FALSE,FALSE
349,58,13,16,17,13,16,17,13,16,17,3,4,3,4,FALSE,FALSE
349,59,8,13,16,8,13,16,8,13,16,5,8,5,8,FALSE,FALSE
349,60,8,10,14,8,10,14,8,10,14,2,6,2,6,FALSE,FALSE
350,0,86,86,86,86,86,86,86,86,86,0,0,0,0,TRUE,TRUE
350,1,96,91,84,96,91,84,96,91,84,-5,-12,5,12,FALSE,FALSE
350,2,93,94,80,93,94,80,93,94,80,1,-13,1,13,FALSE,FALSE
350,3,97,98,79,97,98,79,97,98,79,1,-18,1,18,FALSE,FALSE
350,4,96,106,81,96,106,81,96,106,81,10,-15,10,15,FALSE,FALSE
350,5,96,97,79,96,97,79,96,97,79,1,-17,1,17,FALSE,FALSE
350,6,86,101,82,86,101,82,86,101,82,15,-4,15,4,FALSE,FALSE
350,7,81,102,85,81,102,85,81,102,85,21,4,21,4,FALSE,FALSE
350,8,80,109,87,80,109,87,80,109,87,29,7,29,7,FALSE,FALSE
350,9,79,98,87,79,98,87,79,98,87,19,8,19,8,FALSE,FALSE
350,10,77,112,87,77,112,87,77,112,87,35,10,35,10,FALSE,FALSE
350,11,82,119,89,82,119,89,82,119,89,37,7,37,7,FALSE,FALSE
350,12,83,126,87,83,126,87,83,126,87,43,4,43,4,FALSE,FALSE
350,13,78,143,93,78,143,93,78,143,93,65,15,65,15,FALSE,FALSE
350,14,83,158,92,83,158,92,83,158,92,75,9,75,9,FALSE,FALSE
350,15,76,159,99,76,159,99,76,159,99,83,23,83,23,FALSE,FALSE
350,16,78,164,99,78,164,99,78,164,99,86,21,86,21,FALSE,FALSE
350,17,83,169,110,83,169,110,83,169,110,86,27,86,27,FALSE,FALSE
350,18,80,165,111,80,165,111,80,165,111,85,31,85,31,FALSE,FALSE
350,19,77,161,117,77,161,117,77,161,117,84,40,84,40,FALSE,FALSE
350,20,85,176,119,85,176,119,85,176,119,91,34,91,34,FALSE,FALSE
350,21,88,177,121,88,177,121,88,177,121,89,33,89,33,FALSE,FALSE
350,22,90,187,133,90,187,133,90,187,133,97,43,97,43,FALSE,FALSE
350,23,95,201,134,95,201,134,95,201,134,106,39,106,39,FALSE,FALSE
350,24,105,194,144,105,194,144,105,194,144,89,39,89,39,FALSE,FALSE
350,25,114,194,154,114,194,154,114,194,154,80,40,80,40,FALSE,FALSE
350,26,114,206,161,114,206,161,114,206,161,92,47,92,47,FALSE,FALSE
350,27,117,203,157,117,203,157,117,203,157,86,40,86,40,FALSE,FALSE
350,28,110,204,164,110,204,164,110,204,164,94,54,94,54,FALSE,FALSE
350,29,114,218,158,114,218,158,114,218,158,104,44,104,44,FALSE,FALSE
350,30,121,232,155,121,232,155,121,232,155,111,34,111,34,FALSE,FALSE
350,31,118,241,159,118,241,159,118,241,159,123,41,123,41,FALSE,FALSE
350,32,119,247,157,119,247,157,119,247,157,128,38,128,38,FALSE,FALSE
350,33,117,247,162,117,247,162,117,247,162,130,45,130,45,FALSE,FALSE
350,34,107,274,160,107,274,160,107,274,160,167,53,167,53,FALSE,FALSE
350,35,110,263,165,110,263,165,110,263,165,153,55,153,55,FALSE,FALSE
350,36,113,269,162,113,269,162,113,269,162,156,49,156,49,FALSE,FALSE
350,37,117,277,164,117,277,164,117,277,164,160,47,160,47,FALSE,FALSE
350,38,122,291,167,122,291,167,122,291,167,169,45,169,45,FALSE,FALSE
350,39,133,308,175,133,308,175,133,308,175,175,42,175,42,FALSE,FALSE
350,40,127,328,192,127,328,192,127,328,192,201,65,201,65,FALSE,FALSE
350,41,129,323,200,129,323,200,129,323,200,194,71,194,71,FALSE,FALSE
350,42,129,329,197,129,329,197,129,329,197,200,68,200,68,FALSE,FALSE
350,43,136,311,204,136,311,204,136,311,204,175,68,175,68,FALSE,FALSE
350,44,134,330,191,134,330,191,134,330,191,196,57,196,57,FALSE,FALSE
350,45,132,316,200,132,316,200,132,316,200,184,68,184,68,FALSE,FALSE
350,46,136,303,206,136,303,206,136,303,206,167,70,167,70,FALSE,FALSE
350,47,143,293,218,143,293,218,143,293,218,150,75,150,75,FALSE,FALSE
350,48,141,297,219,141,297,219,141,297,219,156,78,156,78,FALSE,FALSE
350,49,147,291,227,147,291,227,147,291,227,144,80,144,80,FALSE,FALSE
350,50,151,288,226,151,288,226,151,288,226,137,75,137,75,FALSE,FALSE
350,51,156,293,228,156,293,228,156,293,228,137,72,137,72,FALSE,FALSE
350,52,164,277,239,164,277,239,164,277,239,113,75,113,75,FALSE,FALSE
350,53,166,291,246,166,291,246,166,291,246,125,80,125,80,FALSE,FALSE
350,54,161,275,250,161,275,250,161,275,250,114,89,114,89,FALSE,FALSE
350,55,164,279,249,164,279,249,164,279,249,115,85,115,85,FALSE,FALSE
350,56,161,281,252,161,281,252,161,281,252,120,91,120,91,FALSE,FALSE
350,57,165,265,256,165,265,256,165,265,256,100,91,100,91,FALSE,FALSE
350,58,169,280,272,169,280,272,169,280,272,111,103,111,103,FALSE,FALSE
350,59,164,266,260,164,266,260,164,266,260,102,96,102,96,FALSE,FALSE
350,60,164,270,265,164,270,265,164,270,265,106,101,106,101,FALSE,FALSE
351,0,66,66,66,66,66,66,66,66,66,0,0,0,0,TRUE,TRUE
351,1,121,103,106,121,103,106,121,103,106,-18,-15,18,15,FALSE,FALSE
351,2,204,171,143,204,171,143,204,171,143,-33,-61,33,61,FALSE,FALSE
351,3,328,302,234,328,302,234,328,302,234,-26,-94,26,94,FALSE,FALSE
351,4,539,471,373,539,471,373,539,471,373,-68,-166,68,166,FALSE,FALSE
351,5,812,739,573,812,739,573,812,739,573,-73,-239,73,239,FALSE,FALSE
351,6,1154,1091,865,1154,1091,865,1154,1091,865,-63,-289,63,289,FALSE,FALSE
351,7,1610,1487,1260,1610,1487,1260,1610,1487,1260,-123,-350,123,350,FALSE,FALSE
351,8,2034,1861,1727,2034,1861,1727,2034,1861,1727,-173,-307,173,307,FALSE,FALSE
351,9,2341,2180,2095,2341,2180,2095,2341,2180,2095,-161,-246,161,246,FALSE,FALSE
351,10,2401,2261,2365,2401,2261,2365,2401,2261,2365,-140,-36,140,36,FALSE,FALSE
351,11,2346,2196,2417,2346,2196,2417,2346,2196,2417,-150,71,150,71,FALSE,FALSE
351,12,2174,2069,2233,2174,2069,2233,2174,2069,2233,-105,59,105,59,FALSE,FALSE
351,13,1964,1853,2051,1964,1853,2051,1964,1853,2051,-111,87,111,87,FALSE,FALSE
351,14,1666,1613,1816,1666,1613,1816,1666,1613,1816,-53,150,53,150,FALSE,FALSE
351,15,1407,1368,1516,1407,1368,1516,1407,1368,1516,-39,109,39,109,FALSE,FALSE
351,16,1189,1158,1281,1189,1158,1281,1189,1158,1281,-31,92,31,92,FALSE,FALSE
351,17,1023,956,1061,1023,956,1061,1023,956,1061,-67,38,67,38,FALSE,FALSE
351,18,851,785,890,851,785,890,851,785,890,-66,39,66,39,FALSE,FALSE
351,19,693,635,740,693,635,740,693,635,740,-58,47,58,47,FALSE,FALSE
351,20,579,525,621,579,525,621,579,525,621,-54,42,54,42,FALSE,FALSE
351,21,483,429,524,483,429,524,483,429,524,-54,41,54,41,FALSE,FALSE
351,22,400,356,425,400,356,425,400,356,425,-44,25,44,25,FALSE,FALSE
351,23,324,292,352,324,292,352,324,292,352,-32,28,32,28,FALSE,FALSE
351,24,271,239,299,271,239,299,271,239,299,-32,28,32,28,FALSE,FALSE
351,25,222,178,239,222,178,239,222,178,239,-44,17,44,17,FALSE,FALSE
351,26,179,152,193,179,152,193,179,152,193,-27,14,27,14,FALSE,FALSE
351,27,143,124,158,143,124,158,143,124,158,-19,15,19,15,FALSE,FALSE
351,28,115,102,125,115,102,125,115,102,125,-13,10,13,10,FALSE,FALSE
351,29,95,88,103,95,88,103,95,88,103,-7,8,7,8,FALSE,FALSE
351,30,77,68,88,77,68,88,77,68,88,-9,11,9,11,FALSE,FALSE
351,31,66,50,74,66,50,74,66,50,74,-16,8,16,8,FALSE,FALSE
351,32,52,37,55,52,37,55,52,37,55,-15,3,15,3,FALSE,FALSE
351,33,43,29,47,43,29,47,43,29,47,-14,4,14,4,FALSE,FALSE
351,34,34,23,39,34,23,39,34,23,39,-11,5,11,5,FALSE,FALSE
351,35,23,18,32,23,18,32,23,18,32,-5,9,5,9,FALSE,FALSE
351,36,20,13,27,20,13,27,20,13,27,-7,7,7,7,FALSE,FALSE
351,37,20,8,24,20,8,24,20,8,24,-12,4,12,4,FALSE,FALSE
351,38,15,5,22,15,5,22,15,5,22,-10,7,10,7,FALSE,FALSE
351,39,14,5,15,14,5,15,14,5,15,-9,1,9,1,FALSE,FALSE
351,40,10,4,13,10,4,13,10,4,13,-6,3,6,3,FALSE,FALSE
351,41,8,3,10,8,3,10,8,3,10,-5,2,5,2,FALSE,FALSE
351,42,6,4,8,6,4,8,6,4,8,-2,2,2,2,FALSE,FALSE
351,43,6,4,7,6,4,7,6,4,7,-2,1,2,1,FALSE,FALSE
351,44,4,5,6,4,5,6,4,5,6,1,2,1,2,FALSE,FALSE
351,45,3,4,5,3,4,5,3,4,5,1,2,1,2,FALSE,FALSE
351,46,3,1,3,3,1,3,3,1,3,-2,0,2,0,FALSE,TRUE
351,47,2,1,2,2,1,2,2,1,2,-1,0,1,0,FALSE,TRUE
351,48,2,1,2,2,1,2,2,1,2,-1,0,1,0,FALSE,TRUE
351,49,2,0,1,2,0,1,2,0,1,-2,-1,2,1,FALSE,FALSE
351,50,2,0,1,2,0,1,2,0,1,-2,-1,2,1,FALSE,FALSE
351,51,1,0,1,1,0,1,1,0,1,-1,0,1,0,FALSE,TRUE
351,52,0,0,1,0,0,1,0,0,1,0,1,0,1,TRUE,FALSE
351,53,0,0,1,0,0,1,0,0,1,0,1,0,1,TRUE,FALSE
351,54,0,0,1,0,0,1,0,0,1,0,1,0,1,TRUE,FALSE
351,55,0,0,1,0,0,1,0,0,1,0,1,0,1,TRUE,FALSE
351,56,0,0,1,0,0,1,0,0,1,0,1,0,1,TRUE,FALSE
351,57,0,0,0,0,0,0,0,0,0,0,0,0,0,TRUE,TRUE
351,58,0,0,0,0,0,0,0,0,0,0,0,0,0,TRUE,TRUE
351,59,0,0,0,0,0,0,0,0,0,0,0,0,0,TRUE,TRUE
351,60,0,0,0,0,0,0,0,0,0,0,0,0,0,TRUE,TRUE
352,0,110,110,110,110,110,110,110,110,110,0,0,0,0,TRUE,TRUE
352,1,149,138,149,149,138,149,149,138,149,-11,0,11,0,FALSE,TRUE
352,2,195,189,197,195,189,197,195,189,197,-6,2,6,2,FALSE,FALSE
352,3,267,257,265,267,257,265,267,257,265,-10,-2,10,2,FALSE,FALSE
352,4,358,361,356,358,361,356,358,361,356,3,-2,3,2,FALSE,FALSE
352,5,480,496,499,480,496,499,480,496,499,16,19,16,19,FALSE,FALSE
352,6,657,693,644,657,693,644,657,693,644,36,-13,36,13,FALSE,FALSE
352,7,843,901,838,843,901,838,843,901,838,58,-5,58,5,FALSE,FALSE
352,8,1115,1128,1113,1115,1128,1113,1115,1128,1113,13,-2,13,2,FALSE,FALSE
352,9,1393,1391,1355,1393,1391,1355,1393,1391,1355,-2,-38,2,38,FALSE,FALSE
352,10,1715,1682,1662,1715,1682,1662,1715,1682,1662,-33,-53,33,53,FALSE,FALSE
352,11,2113,2024,2006,2113,2024,2006,2113,2024,2006,-89,-107,89,107,FALSE,FALSE
352,12,2434,2339,2337,2434,2339,2337,2434,2339,2337,-95,-97,95,97,FALSE,FALSE
352,13,2765,2660,2626,2765,2660,2626,2765,2660,2626,-105,-139,105,139,FALSE,FALSE
352,14,3029,2862,2870,3029,2862,2870,3029,2862,2870,-167,-159,167,159,FALSE,FALSE
352,15,3189,3065,2993,3189,3065,2993,3189,3065,2993,-124,-196,124,196,FALSE,FALSE
352,16,3249,3146,3079,3249,3146,3079,3249,3146,3079,-103,-170,103,170,FALSE,FALSE
352,17,3234,3193,3068,3234,3193,3068,3234,3193,3068,-41,-166,41,166,FALSE,FALSE
352,18,3168,3151,3001,3168,3151,3001,3168,3151,3001,-17,-167,17,167,FALSE,FALSE
352,19,3086,3085,2943,3086,3085,2943,3086,3085,2943,-1,-143,1,143,FALSE,FALSE
352,20,2936,2933,2859,2936,2933,2859,2936,2933,2859,-3,-77,3,77,FALSE,FALSE
352,21,2733,2781,2712,2733,2781,2712,2733,2781,2712,48,-21,48,21,FALSE,FALSE
352,22,2564,2622,2555,2564,2622,2555,2564,2622,2555,58,-9,58,9,FALSE,FALSE
352,23,2379,2427,2380,2379,2427,2380,2379,2427,2380,48,1,48,1,FALSE,FALSE
352,24,2187,2266,2193,2187,2266,2193,2187,2266,2193,79,6,79,6,FALSE,FALSE
352,25,2005,2089,2030,2005,2089,2030,2005,2089,2030,84,25,84,25,FALSE,FALSE
352,26,1810,1910,1894,1810,1910,1894,1810,1910,1894,100,84,100,84,FALSE,FALSE
352,27,1665,1743,1708,1665,1743,1708,1665,1743,1708,78,43,78,43,FALSE,FALSE
352,28,1515,1569,1541,1515,1569,1541,1515,1569,1541,54,26,54,26,FALSE,FALSE
352,29,1387,1428,1400,1387,1428,1400,1387,1428,1400,41,13,41,13,FALSE,FALSE
352,30,1249,1285,1277,1249,1285,1277,1249,1285,1277,36,28,36,28,FALSE,FALSE
352,31,1131,1150,1162,1131,1150,1162,1131,1150,1162,19,31,19,31,FALSE,FALSE
352,32,1030,1038,1041,1030,1038,1041,1030,1038,1041,8,11,8,11,FALSE,FALSE
352,33,928,957,955,928,957,955,928,957,955,29,27,29,27,FALSE,FALSE
352,34,828,879,855,828,879,855,828,879,855,51,27,51,27,FALSE,FALSE
352,35,760,791,758,760,791,758,760,791,758,31,-2,31,2,FALSE,FALSE
352,36,680,702,690,680,702,690,680,702,690,22,10,22,10,FALSE,FALSE
352,37,608,625,636,608,625,636,608,625,636,17,28,17,28,FALSE,FALSE
352,38,527,561,577,527,561,577,527,561,577,34,50,34,50,FALSE,FALSE
352,39,480,514,513,480,514,513,480,514,513,34,33,34,33,FALSE,FALSE
352,40,430,459,467,430,459,467,430,459,467,29,37,29,37,FALSE,FALSE
352,41,378,409,414,378,409,414,378,409,414,31,36,31,36,FALSE,FALSE
352,42,337,365,384,337,365,384,337,365,384,28,47,28,47,FALSE,FALSE
352,43,303,327,344,303,327,344,303,327,344,24,41,24,41,FALSE,FALSE
352,44,256,295,313,256,295,313,256,295,313,39,57,39,57,FALSE,FALSE
352,45,234,265,280,234,265,280,234,265,280,31,46,31,46,FALSE,FALSE
352,46,210,236,252,210,236,252,210,236,252,26,42,26,42,FALSE,FALSE
352,47,184,204,230,184,204,230,184,204,230,20,46,20,46,FALSE,FALSE
352,48,167,186,212,167,186,212,167,186,212,19,45,19,45,FALSE,FALSE
352,49,153,168,192,153,168,192,153,168,192,15,39,15,39,FALSE,FALSE
352,50,138,145,167,138,145,167,138,145,167,7,29,7,29,FALSE,FALSE
352,51,118,132,152,118,132,152,118,132,152,14,34,14,34,FALSE,FALSE
352,52,107,122,134,107,122,134,107,122,134,15,27,15,27,FALSE,FALSE
352,53,94,112,117,94,112,117,94,112,117,18,23,18,23,FALSE,FALSE
352,54,88,104,109,88,104,109,88,104,109,16,21,16,21,FALSE,FALSE
352,55,80,93,99,80,93,99,80,93,99,13,19,13,19,FALSE,FALSE
352,56,71,86,88,71,86,88,71,86,88,15,17,15,17,FALSE,FALSE
352,57,60,76,83,60,76,83,60,76,83,16,23,16,23,FALSE,FALSE
352,58,61,73,78,61,73,78,61,73,78,12,17,12,17,FALSE,FALSE
352,59,54,61,69,54,61,69,54,61,69,7,15,7,15,FALSE,FALSE
352,60,46,50,62,46,50,62,46,50,62,4,16,4,16,FALSE,FALSE
353,0,95,95,95,95,95,95,95,95,95,0,0,0,0,TRUE,TRUE
353,1,116,109,100,116,109,100,116,109,100,-7,-16,7,16,FALSE,FALSE
353,2,130,124,131,130,124,131,130,124,131,-6,1,6,1,FALSE,FALSE
353,3,144,139,158,144,139,158,144,139,158,-5,14,5,14,FALSE,FALSE
353,4,163,151,174,163,151,174,163,151,174,-12,11,12,11,FALSE,FALSE
353,5,191,172,201,191,172,201,191,172,201,-19,10,19,10,FALSE,FALSE
353,6,211,207,236,211,207,236,211,207,236,-4,25,4,25,FALSE,FALSE
353,7,239,235,249,239,235,249,239,235,249,-4,10,4,10,FALSE,FALSE
353,8,284,266,285,284,266,285,284,266,285,-18,1,18,1,FALSE,FALSE
353,9,315,296,321,315,296,321,315,296,321,-19,6,19,6,FALSE,FALSE
353,10,351,328,359,351,328,359,351,328,359,-23,8,23,8,FALSE,FALSE
353,11,405,386,400,405,386,400,405,386,400,-19,-5,19,5,FALSE,FALSE
353,12,448,439,436,448,439,436,448,439,436,-9,-12,9,12,FALSE,FALSE
353,13,501,483,488,501,483,488,501,483,488,-18,-13,18,13,FALSE,FALSE
353,14,562,545,534,562,545,534,562,545,534,-17,-28,17,28,FALSE,FALSE
353,15,616,601,600,616,601,600,616,601,600,-15,-16,15,16,FALSE,FALSE
353,16,683,667,664,683,667,664,683,667,664,-16,-19,16,19,FALSE,FALSE
353,17,743,723,732,743,723,732,743,723,732,-20,-11,20,11,FALSE,FALSE
353,18,798,776,779,798,776,779,798,776,779,-22,-19,22,19,FALSE,FALSE
353,19,857,826,843,857,826,843,857,826,843,-31,-14,31,14,FALSE,FALSE
353,20,896,883,907,896,883,907,896,883,907,-13,11,13,11,FALSE,FALSE
353,21,928,914,946,928,914,946,928,914,946,-14,18,14,18,FALSE,FALSE
353,22,979,989,1024,979,989,1024,979,989,1024,10,45,10,45,FALSE,FALSE
353,23,1051,1056,1053,1051,1056,1053,1051,1056,1053,5,2,5,2,FALSE,FALSE
353,24,1080,1133,1083,1080,1133,1083,1080,1133,1083,53,3,53,3,FALSE,FALSE
353,25,1148,1180,1118,1148,1180,1118,1148,1180,1118,32,-30,32,30,FALSE,FALSE
353,26,1179,1213,1139,1179,1213,1139,1179,1213,1139,34,-40,34,40,FALSE,FALSE
353,27,1193,1215,1137,1193,1215,1137,1193,1215,1137,22,-56,22,56,FALSE,FALSE
353,28,1210,1253,1138,1210,1253,1138,1210,1253,1138,43,-72,43,72,FALSE,FALSE
353,29,1233,1241,1166,1233,1241,1166,1233,1241,1166,8,-67,8,67,FALSE,FALSE
353,30,1238,1242,1149,1238,1242,1149,1238,1242,1149,4,-89,4,89,FALSE,FALSE
353,31,1246,1198,1160,1246,1198,1160,1246,1198,1160,-48,-86,48,86,FALSE,FALSE
353,32,1230,1151,1161,1230,1151,1161,1230,1151,1161,-79,-69,79,69,FALSE,FALSE
353,33,1216,1115,1128,1216,1115,1128,1216,1115,1128,-101,-88,101,88,FALSE,FALSE
353,34,1208,1101,1088,1208,1101,1088,1208,1101,1088,-107,-120,107,120,FALSE,FALSE
353,35,1173,1054,1058,1173,1054,1058,1173,1054,1058,-119,-115,119,115,FALSE,FALSE
353,36,1145,991,1023,1145,991,1023,1145,991,1023,-154,-122,154,122,FALSE,FALSE
353,37,1102,952,1006,1102,952,1006,1102,952,1006,-150,-96,150,96,FALSE,FALSE
353,38,1078,923,958,1078,923,958,1078,923,958,-155,-120,155,120,FALSE,FALSE
353,39,1027,900,923,1027,900,923,1027,900,923,-127,-104,127,104,FALSE,FALSE
353,40,979,850,906,979,850,906,979,850,906,-129,-73,129,73,FALSE,FALSE
353,41,942,823,868,942,823,868,942,823,868,-119,-74,119,74,FALSE,FALSE
353,42,890,773,823,890,773,823,890,773,823,-117,-67,117,67,FALSE,FALSE
353,43,841,748,780,841,748,780,841,748,780,-93,-61,93,61,FALSE,FALSE
353,44,777,712,749,777,712,749,777,712,749,-65,-28,65,28,FALSE,FALSE
353,45,741,678,729,741,678,729,741,678,729,-63,-12,63,12,FALSE,FALSE
353,46,704,645,681,704,645,681,704,645,681,-59,-23,59,23,FALSE,FALSE
353,47,677,603,648,677,603,648,677,603,648,-74,-29,74,29,FALSE,FALSE
353,48,651,560,629,651,560,629,651,560,629,-91,-22,91,22,FALSE,FALSE
353,49,606,546,590,606,546,590,606,546,590,-60,-16,60,16,FALSE,FALSE
353,50,573,507,561,573,507,561,573,507,561,-66,-12,66,12,FALSE,FALSE
353,51,540,476,516,540,476,516,540,476,516,-64,-24,64,24,FALSE,FALSE
353,52,514,429,482,514,429,482,514,429,482,-85,-32,85,32,FALSE,FALSE
353,53,481,404,466,481,404,466,481,404,466,-77,-15,77,15,FALSE,FALSE
353,54,456,377,443,456,377,443,456,377,443,-79,-13,79,13,FALSE,FALSE
353,55,407,349,410,407,349,410,407,349,410,-58,3,58,3,FALSE,FALSE
353,56,391,317,380,391,317,380,391,317,380,-74,-11,74,11,FALSE,FALSE
353,57,369,294,351,369,294,351,369,294,351,-75,-18,75,18,FALSE,FALSE
353,58,346,270,328,346,270,328,346,270,328,-76,-18,76,18,FALSE,FALSE
353,59,321,259,305,321,259,305,321,259,305,-62,-16,62,16,FALSE,FALSE
353,60,293,241,283,293,241,283,293,241,283,-52,-10,52,10,FALSE,FALSE
354,0,92,92,92,92,92,92,92,92,92,0,0,0,0,TRUE,TRUE
354,1,129,121,109,129,121,109,129,121,109,-8,-20,8,20,FALSE,FALSE
354,2,173,187,156,173,187,156,173,187,156,14,-17,14,17,FALSE,FALSE
354,3,238,240,230,238,240,230,238,240,230,2,-8,2,8,FALSE,FALSE
354,4,303,297,312,303,297,312,303,297,312,-6,9,6,9,FALSE,FALSE
354,5,403,394,424,403,394,424,403,394,424,-9,21,9,21,FALSE,FALSE
354,6,532,487,530,532,487,530,532,487,530,-45,-2,45,2,FALSE,FALSE
354,7,671,615,689,671,615,689,671,615,689,-56,18,56,18,FALSE,FALSE
354,8,843,788,871,843,788,871,843,788,871,-55,28,55,28,FALSE,FALSE
354,9,1051,995,1088,1051,995,1088,1051,995,1088,-56,37,56,37,FALSE,FALSE
354,10,1275,1194,1308,1275,1194,1308,1275,1194,1308,-81,33,81,33,FALSE,FALSE
354,11,1507,1437,1558,1507,1437,1558,1507,1437,1558,-70,51,70,51,FALSE,FALSE
354,12,1700,1680,1823,1700,1680,1823,1700,1680,1823,-20,123,20,123,FALSE,FALSE
354,13,1918,1903,2070,1918,1903,2070,1918,1903,2070,-15,152,15,152,FALSE,FALSE
354,14,2095,2114,2272,2095,2114,2272,2095,2114,2272,19,177,19,177,FALSE,FALSE
354,15,2215,2221,2384,2215,2221,2384,2215,2221,2384,6,169,6,169,FALSE,FALSE
354,16,2331,2327,2491,2331,2327,2491,2331,2327,2491,-4,160,4,160,FALSE,FALSE
354,17,2372,2386,2487,2372,2386,2487,2372,2386,2487,14,115,14,115,FALSE,FALSE
354,18,2383,2393,2454,2383,2393,2454,2383,2393,2454,10,71,10,71,FALSE,FALSE
354,19,2324,2353,2390,2324,2353,2390,2324,2353,2390,29,66,29,66,FALSE,FALSE
354,20,2266,2302,2257,2266,2302,2257,2266,2302,2257,36,-9,36,9,FALSE,FALSE
354,21,2178,2195,2170,2178,2195,2170,2178,2195,2170,17,-8,17,8,FALSE,FALSE
354,22,2077,2134,2057,2077,2134,2057,2077,2134,2057,57,-20,57,20,FALSE,FALSE
354,23,1942,2028,1927,1942,2028,1927,1942,2028,1927,86,-15,86,15,FALSE,FALSE
354,24,1822,1890,1796,1822,1890,1796,1822,1890,1796,68,-26,68,26,FALSE,FALSE
354,25,1691,1772,1662,1691,1772,1662,1691,1772,1662,81,-29,81,29,FALSE,FALSE
354,26,1591,1648,1515,1591,1648,1515,1591,1648,1515,57,-76,57,76,FALSE,FALSE
354,27,1494,1524,1341,1494,1524,1341,1494,1524,1341,30,-153,30,153,FALSE,FALSE
354,28,1362,1386,1231,1362,1386,1231,1362,1386,1231,24,-131,24,131,FALSE,FALSE
354,29,1249,1268,1122,1249,1268,1122,1249,1268,1122,19,-127,19,127,FALSE,FALSE
354,30,1152,1170,1016,1152,1170,1016,1152,1170,1016,18,-136,18,136,FALSE,FALSE
354,31,1041,1076,922,1041,1076,922,1041,1076,922,35,-119,35,119,FALSE,FALSE
354,32,956,977,825,956,977,825,956,977,825,21,-131,21,131,FALSE,FALSE
354,33,877,883,742,877,883,742,877,883,742,6,-135,6,135,FALSE,FALSE
354,34,811,798,687,811,798,687,811,798,687,-13,-124,13,124,FALSE,FALSE
354,35,734,708,621,734,708,621,734,708,621,-26,-113,26,113,FALSE,FALSE
354,36,662,663,567,662,663,567,662,663,567,1,-95,1,95,FALSE,FALSE
354,37,583,613,522,583,613,522,583,613,522,30,-61,30,61,FALSE,FALSE
354,38,539,554,462,539,554,462,539,554,462,15,-77,15,77,FALSE,FALSE
354,39,485,490,419,485,490,419,485,490,419,5,-66,5,66,FALSE,FALSE
354,40,450,449,382,450,449,382,450,449,382,-1,-68,1,68,FALSE,FALSE
354,41,410,408,342,410,408,342,410,408,342,-2,-68,2,68,FALSE,FALSE
354,42,371,374,315,371,374,315,371,374,315,3,-56,3,56,FALSE,FALSE
354,43,331,335,283,331,335,283,331,335,283,4,-48,4,48,FALSE,FALSE
354,44,298,298,269,298,298,269,298,298,269,0,-29,0,29,TRUE,FALSE
354,45,271,268,236,271,268,236,271,268,236,-3,-35,3,35,FALSE,FALSE
354,46,246,242,217,246,242,217,246,242,217,-4,-29,4,29,FALSE,FALSE
354,47,216,222,196,216,222,196,216,222,196,6,-20,6,20,FALSE,FALSE
354,48,193,205,181,193,205,181,193,205,181,12,-12,12,12,FALSE,FALSE
354,49,169,187,157,169,187,157,169,187,157,18,-12,18,12,FALSE,FALSE
354,50,154,172,140,154,172,140,154,172,140,18,-14,18,14,FALSE,FALSE
354,51,137,155,122,137,155,122,137,155,122,18,-15,18,15,FALSE,FALSE
354,52,122,139,111,122,139,111,122,139,111,17,-11,17,11,FALSE,FALSE
354,53,114,129,103,114,129,103,114,129,103,15,-11,15,11,FALSE,FALSE
354,54,104,117,87,104,117,87,104,117,87,13,-17,13,17,FALSE,FALSE
354,55,93,105,80,93,105,80,93,105,80,12,-13,12,13,FALSE,FALSE
354,56,84,93,70,84,93,70,84,93,70,9,-14,9,14,FALSE,FALSE
354,57,73,89,65,73,89,65,73,89,65,16,-8,16,8,FALSE,FALSE
354,58,67,78,57,67,78,57,67,78,57,11,-10,11,10,FALSE,FALSE
354,59,56,72,52,56,72,52,56,72,52,16,-4,16,4,FALSE,FALSE
354,60,48,67,44,48,67,44,48,67,44,19,-4,19,4,FALSE,FALSE
355,0,161,161,161,161,161,161,161,161,161,0,0,0,0,TRUE,TRUE
355,1,173,170,167,173,170,167,173,170,167,-3,-6,3,6,FALSE,FALSE
355,2,192,190,171,192,190,171,192,190,171,-2,-21,2,21,FALSE,FALSE
355,3,197,222,199,197,222,199,197,222,199,25,2,25,2,FALSE,FALSE
355,4,193,241,211,193,241,211,193,241,211,48,18,48,18,FALSE,FALSE
355,5,196,254,218,196,254,218,196,254,218,58,22,58,22,FALSE,FALSE
355,6,193,271,221,193,271,221,193,271,221,78,28,78,28,FALSE,FALSE
355,7,201,283,251,201,283,251,201,283,251,82,50,82,50,FALSE,FALSE
355,8,207,306,282,207,306,282,207,306,282,99,75,99,75,FALSE,FALSE
355,9,214,326,294,214,326,294,214,326,294,112,80,112,80,FALSE,FALSE
355,10,233,332,299,233,332,299,233,332,299,99,66,99,66,FALSE,FALSE
355,11,253,332,318,253,332,318,253,332,318,79,65,79,65,FALSE,FALSE
355,12,267,343,344,267,343,344,267,343,344,76,77,76,77,FALSE,FALSE
355,13,280,369,359,280,369,359,280,369,359,89,79,89,79,FALSE,FALSE
355,14,286,399,370,286,399,370,286,399,370,113,84,113,84,FALSE,FALSE
355,15,299,393,373,299,393,373,299,393,373,94,74,94,74,FALSE,FALSE
355,16,307,397,397,307,397,397,307,397,397,90,90,90,90,FALSE,FALSE
355,17,316,419,421,316,419,421,316,419,421,103,105,103,105,FALSE,FALSE
355,18,320,444,440,320,444,440,320,444,440,124,120,124,120,FALSE,FALSE
355,19,314,447,438,314,447,438,314,447,438,133,124,133,124,FALSE,FALSE
355,20,332,469,458,332,469,458,332,469,458,137,126,137,126,FALSE,FALSE
355,21,352,481,478,352,481,478,352,481,478,129,126,129,126,FALSE,FALSE
355,22,367,477,501,367,477,501,367,477,501,110,134,110,134,FALSE,FALSE
355,23,372,515,517,372,515,517,372,515,517,143,145,143,145,FALSE,FALSE
355,24,387,526,533,387,526,533,387,526,533,139,146,139,146,FALSE,FALSE
355,25,390,518,549,390,518,549,390,518,549,128,159,128,159,FALSE,FALSE
355,26,411,522,549,411,522,549,411,522,549,111,138,111,138,FALSE,FALSE
355,27,433,531,547,433,531,547,433,531,547,98,114,98,114,FALSE,FALSE
355,28,424,538,554,424,538,554,424,538,554,114,130,114,130,FALSE,FALSE
355,29,430,555,554,430,555,554,430,555,554,125,124,125,124,FALSE,FALSE
355,30,430,552,573,430,552,573,430,552,573,122,143,122,143,FALSE,FALSE
355,31,421,530,583,421,530,583,421,530,583,109,162,109,162,FALSE,FALSE
355,32,442,538,565,442,538,565,442,538,565,96,123,96,123,FALSE,FALSE
355,33,465,530,536,465,530,536,465,530,536,65,71,65,71,FALSE,FALSE
355,34,501,532,515,501,532,515,501,532,515,31,14,31,14,FALSE,FALSE
355,35,488,529,517,488,529,517,488,529,517,41,29,41,29,FALSE,FALSE
355,36,480,524,533,480,524,533,480,524,533,44,53,44,53,FALSE,FALSE
355,37,470,537,533,470,537,533,470,537,533,67,63,67,63,FALSE,FALSE
355,38,483,534,538,483,534,538,483,534,538,51,55,51,55,FALSE,FALSE
355,39,487,549,528,487,549,528,487,549,528,62,41,62,41,FALSE,FALSE
355,40,482,557,525,482,557,525,482,557,525,75,43,75,43,FALSE,FALSE
355,41,475,559,524,475,559,524,475,559,524,84,49,84,49,FALSE,FALSE
355,42,462,554,511,462,554,511,462,554,511,92,49,92,49,FALSE,FALSE
355,43,440,529,476,440,529,476,440,529,476,89,36,89,36,FALSE,FALSE
355,44,420,516,442,420,516,442,420,516,442,96,22,96,22,FALSE,FALSE
355,45,422,507,429,422,507,429,422,507,429,85,7,85,7,FALSE,FALSE
355,46,399,489,415,399,489,415,399,489,415,90,16,90,16,FALSE,FALSE
355,47,392,450,407,392,450,407,392,450,407,58,15,58,15,FALSE,FALSE
355,48,389,445,415,389,445,415,389,445,415,56,26,56,26,FALSE,FALSE
355,49,370,414,411,370,414,411,370,414,411,44,41,44,41,FALSE,FALSE
355,50,367,390,401,367,390,401,367,390,401,23,34,23,34,FALSE,FALSE
355,51,358,384,371,358,384,371,358,384,371,26,13,26,13,FALSE,FALSE
355,52,357,365,333,357,365,333,357,365,333,8,-24,8,24,FALSE,FALSE
355,53,361,376,305,361,376,305,361,376,305,15,-56,15,56,FALSE,FALSE
355,54,362,353,280,362,353,280,362,353,280,-9,-82,9,82,FALSE,FALSE
355,55,341,328,258,341,328,258,341,328,258,-13,-83,13,83,FALSE,FALSE
355,56,336,317,235,336,317,235,336,317,235,-19,-101,19,101,FALSE,FALSE
355,57,319,296,217,319,296,217,319,296,217,-23,-102,23,102,FALSE,FALSE
355,58,313,280,208,313,280,208,313,280,208,-33,-105,33,105,FALSE,FALSE
355,59,287,270,205,287,270,205,287,270,205,-17,-82,17,82,FALSE,FALSE
355,60,266,256,208,266,256,208,266,256,208,-10,-58,10,58,FALSE,FALSE
356,0,63,63,63,63,63,63,63,63,63,0,0,0,0,TRUE,TRUE
356,1,77,78,70,77,78,70,77,78,70,1,-7,1,7,FALSE,FALSE
356,2,84,93,80,84,93,80,84,93,80,9,-4,9,4,FALSE,FALSE
356,3,92,111,103,92,111,103,92,111,103,19,11,19,11,FALSE,FALSE
356,4,96,130,114,96,130,114,96,130,114,34,18,34,18,FALSE,FALSE
356,5,113,151,120,113,151,120,113,151,120,38,7,38,7,FALSE,FALSE
356,6,124,166,141,124,166,141,124,166,141,42,17,42,17,FALSE,FALSE
356,7,138,189,153,138,189,153,138,189,153,51,15,51,15,FALSE,FALSE
356,8,163,232,179,163,232,179,163,232,179,69,16,69,16,FALSE,FALSE
356,9,190,277,204,190,277,204,190,277,204,87,14,87,14,FALSE,FALSE
356,10,214,322,219,214,322,219,214,322,219,108,5,108,5,FALSE,FALSE
356,11,238,365,256,238,365,256,238,365,256,127,18,127,18,FALSE,FALSE
356,12,261,406,296,261,406,296,261,406,296,145,35,145,35,FALSE,FALSE
356,13,295,469,337,295,469,337,295,469,337,174,42,174,42,FALSE,FALSE
356,14,332,532,377,332,532,377,332,532,377,200,45,200,45,FALSE,FALSE
356,15,355,597,408,355,597,408,355,597,408,242,53,242,53,FALSE,FALSE
356,16,415,666,459,415,666,459,415,666,459,251,44,251,44,FALSE,FALSE
356,17,457,742,522,457,742,522,457,742,522,285,65,285,65,FALSE,FALSE
356,18,521,811,576,521,811,576,521,811,576,290,55,290,55,FALSE,FALSE
356,19,565,880,633,565,880,633,565,880,633,315,68,315,68,FALSE,FALSE
356,20,636,969,682,636,969,682,636,969,682,333,46,333,46,FALSE,FALSE
356,21,693,1053,759,693,1053,759,693,1053,759,360,66,360,66,FALSE,FALSE
356,22,742,1128,832,742,1128,832,742,1128,832,386,90,386,90,FALSE,FALSE
356,23,804,1234,906,804,1234,906,804,1234,906,430,102,430,102,FALSE,FALSE
356,24,890,1278,958,890,1278,958,890,1278,958,388,68,388,68,FALSE,FALSE
356,25,928,1341,1010,928,1341,1010,928,1341,1010,413,82,413,82,FALSE,FALSE
356,26,1001,1364,1105,1001,1364,1105,1001,1364,1105,363,104,363,104,FALSE,FALSE
356,27,1061,1398,1164,1061,1398,1164,1061,1398,1164,337,103,337,103,FALSE,FALSE
356,28,1134,1430,1254,1134,1430,1254,1134,1430,1254,296,120,296,120,FALSE,FALSE
356,29,1193,1445,1281,1193,1445,1281,1193,1445,1281,252,88,252,88,FALSE,FALSE
356,30,1244,1460,1344,1244,1460,1344,1244,1460,1344,216,100,216,100,FALSE,FALSE
356,31,1283,1474,1367,1283,1474,1367,1283,1474,1367,191,84,191,84,FALSE,FALSE
356,32,1315,1469,1394,1315,1469,1394,1315,1469,1394,154,79,154,79,FALSE,FALSE
356,33,1348,1437,1414,1348,1437,1414,1348,1437,1414,89,66,89,66,FALSE,FALSE
356,34,1353,1426,1441,1353,1426,1441,1353,1426,1441,73,88,73,88,FALSE,FALSE
356,35,1378,1393,1440,1378,1393,1440,1378,1393,1440,15,62,15,62,FALSE,FALSE
356,36,1368,1371,1419,1368,1371,1419,1368,1371,1419,3,51,3,51,FALSE,FALSE
356,37,1359,1330,1384,1359,1330,1384,1359,1330,1384,-29,25,29,25,FALSE,FALSE
356,38,1350,1300,1380,1350,1300,1380,1350,1300,1380,-50,30,50,30,FALSE,FALSE
356,39,1313,1236,1348,1313,1236,1348,1313,1236,1348,-77,35,77,35,FALSE,FALSE
356,40,1284,1167,1301,1284,1167,1301,1284,1167,1301,-117,17,117,17,FALSE,FALSE
356,41,1218,1125,1258,1218,1125,1258,1218,1125,1258,-93,40,93,40,FALSE,FALSE
356,42,1191,1067,1222,1191,1067,1222,1191,1067,1222,-124,31,124,31,FALSE,FALSE
356,43,1158,1022,1176,1158,1022,1176,1158,1022,1176,-136,18,136,18,FALSE,FALSE
356,44,1121,949,1096,1121,949,1096,1121,949,1096,-172,-25,172,25,FALSE,FALSE
356,45,1095,892,1032,1095,892,1032,1095,892,1032,-203,-63,203,63,FALSE,FALSE
356,46,1024,844,961,1024,844,961,1024,844,961,-180,-63,180,63,FALSE,FALSE
356,47,972,808,925,972,808,925,972,808,925,-164,-47,164,47,FALSE,FALSE
356,48,935,750,873,935,750,873,935,750,873,-185,-62,185,62,FALSE,FALSE
356,49,883,697,813,883,697,813,883,697,813,-186,-70,186,70,FALSE,FALSE
356,50,837,643,781,837,643,781,837,643,781,-194,-56,194,56,FALSE,FALSE
356,51,807,595,729,807,595,729,807,595,729,-212,-78,212,78,FALSE,FALSE
356,52,765,549,672,765,549,672,765,549,672,-216,-93,216,93,FALSE,FALSE
356,53,711,532,618,711,532,618,711,532,618,-179,-93,179,93,FALSE,FALSE
356,54,657,498,567,657,498,567,657,498,567,-159,-90,159,90,FALSE,FALSE
356,55,640,471,530,640,471,530,640,471,530,-169,-110,169,110,FALSE,FALSE
356,56,587,441,496,587,441,496,587,441,496,-146,-91,146,91,FALSE,FALSE
356,57,539,411,446,539,411,446,539,411,446,-128,-93,128,93,FALSE,FALSE
356,58,486,399,415,486,399,415,486,399,415,-87,-71,87,71,FALSE,FALSE
356,59,455,383,395,455,383,395,455,383,395,-72,-60,72,60,FALSE,FALSE
356,60,420,351,362,420,351,362,420,351,362,-69,-58,69,58,FALSE,FALSE
357,0,119,119,119,119,119,119,119,119,119,0,0,0,0,TRUE,TRUE
357,1,168,159,175,168,159,175,168,159,175,-9,7,9,7,FALSE,FALSE
357,2,250,227,236,250,227,236,250,227,236,-23,-14,23,14,FALSE,FALSE
357,3,359,319,349,359,319,349,359,319,349,-40,-10,40,10,FALSE,FALSE
357,4,529,453,491,529,453,491,529,453,491,-76,-38,76,38,FALSE,FALSE
357,5,725,627,673,725,627,673,725,627,673,-98,-52,98,52,FALSE,FALSE
357,6,970,836,903,970,836,903,970,836,903,-134,-67,134,67,FALSE,FALSE
357,7,1284,1112,1205,1284,1112,1205,1284,1112,1205,-172,-79,172,79,FALSE,FALSE
357,8,1620,1447,1514,1620,1447,1514,1620,1447,1514,-173,-106,173,106,FALSE,FALSE
357,9,1969,1766,1805,1969,1766,1805,1969,1766,1805,-203,-164,203,164,FALSE,FALSE
357,10,2308,2041,2126,2308,2041,2126,2308,2041,2126,-267,-182,267,182,FALSE,FALSE
357,11,2488,2306,2361,2488,2306,2361,2488,2306,2361,-182,-127,182,127,FALSE,FALSE
357,12,2657,2529,2491,2657,2529,2491,2657,2529,2491,-128,-166,128,166,FALSE,FALSE
357,13,2694,2605,2560,2694,2605,2560,2694,2605,2560,-89,-134,89,134,FALSE,FALSE
357,14,2626,2594,2515,2626,2594,2515,2626,2594,2515,-32,-111,32,111,FALSE,FALSE
357,15,2510,2487,2404,2510,2487,2404,2510,2487,2404,-23,-106,23,106,FALSE,FALSE
357,16,2327,2357,2273,2327,2357,2273,2327,2357,2273,30,-54,30,54,FALSE,FALSE
357,17,2129,2206,2093,2129,2206,2093,2129,2206,2093,77,-36,77,36,FALSE,FALSE
357,18,1912,2014,1930,1912,2014,1930,1912,2014,1930,102,18,102,18,FALSE,FALSE
357,19,1748,1800,1740,1748,1800,1740,1748,1800,1740,52,-8,52,8,FALSE,FALSE
357,20,1563,1606,1532,1563,1606,1532,1563,1606,1532,43,-31,43,31,FALSE,FALSE
357,21,1367,1419,1353,1367,1419,1353,1367,1419,1353,52,-14,52,14,FALSE,FALSE
357,22,1194,1244,1208,1194,1244,1208,1194,1244,1208,50,14,50,14,FALSE,FALSE
357,23,1029,1095,1075,1029,1095,1075,1029,1095,1075,66,46,66,46,FALSE,FALSE
357,24,909,962,930,909,962,930,909,962,930,53,21,53,21,FALSE,FALSE
357,25,765,860,803,765,860,803,765,860,803,95,38,95,38,FALSE,FALSE
357,26,655,743,685,655,743,685,655,743,685,88,30,88,30,FALSE,FALSE
357,27,565,633,591,565,633,591,565,633,591,68,26,68,26,FALSE,FALSE
357,28,489,548,514,489,548,514,489,548,514,59,25,59,25,FALSE,FALSE
357,29,420,478,456,420,478,456,420,478,456,58,36,58,36,FALSE,FALSE
357,30,358,415,389,358,415,389,358,415,389,57,31,57,31,FALSE,FALSE
357,31,308,350,324,308,350,324,308,350,324,42,16,42,16,FALSE,FALSE
357,32,268,303,284,268,303,284,268,303,284,35,16,35,16,FALSE,FALSE
357,33,224,276,254,224,276,254,224,276,254,52,30,52,30,FALSE,FALSE
357,34,200,242,227,200,242,227,200,242,227,42,27,42,27,FALSE,FALSE
357,35,177,208,204,177,208,204,177,208,204,31,27,31,27,FALSE,FALSE
357,36,157,175,188,157,175,188,157,175,188,18,31,18,31,FALSE,FALSE
357,37,133,158,159,133,158,159,133,158,159,25,26,25,26,FALSE,FALSE
357,38,111,141,138,111,141,138,111,141,138,30,27,30,27,FALSE,FALSE
357,39,88,122,119,88,122,119,88,122,119,34,31,34,31,FALSE,FALSE
357,40,79,101,110,79,101,110,79,101,110,22,31,22,31,FALSE,FALSE
357,41,70,85,96,70,85,96,70,85,96,15,26,15,26,FALSE,FALSE
357,42,60,79,87,60,79,87,60,79,87,19,27,19,27,FALSE,FALSE
357,43,46,67,78,46,67,78,46,67,78,21,32,21,32,FALSE,FALSE
357,44,36,61,66,36,61,66,36,61,66,25,30,25,30,FALSE,FALSE
357,45,33,51,58,33,51,58,33,51,58,18,25,18,25,FALSE,FALSE
357,46,30,43,45,30,43,45,30,43,45,13,15,13,15,FALSE,FALSE
357,47,23,35,43,23,35,43,23,35,43,12,20,12,20,FALSE,FALSE
357,48,17,32,37,17,32,37,17,32,37,15,20,15,20,FALSE,FALSE
357,49,16,31,31,16,31,31,16,31,31,15,15,15,15,FALSE,FALSE
357,50,12,26,28,12,26,28,12,26,28,14,16,14,16,FALSE,FALSE
357,51,10,21,27,10,21,27,10,21,27,11,17,11,17,FALSE,FALSE
357,52,10,20,17,10,20,17,10,20,17,10,7,10,7,FALSE,FALSE
357,53,9,17,14,9,17,14,9,17,14,8,5,8,5,FALSE,FALSE
357,54,6,16,11,6,16,11,6,16,11,10,5,10,5,FALSE,FALSE
357,55,6,16,10,6,16,10,6,16,10,10,4,10,4,FALSE,FALSE
357,56,3,14,7,3,14,7,3,14,7,11,4,11,4,FALSE,FALSE
357,57,3,15,6,3,15,6,3,15,6,12,3,12,3,FALSE,FALSE
357,58,3,10,5,3,10,5,3,10,5,7,2,7,2,FALSE,FALSE
357,59,3,6,5,3,6,5,3,6,5,3,2,3,2,FALSE,FALSE
357,60,3,5,5,3,5,5,3,5,5,2,2,2,2,FALSE,FALSE
358,0,56,56,56,56,56,56,56,56,56,0,0,0,0,TRUE,TRUE
358,1,81,56,102,81,56,102,81,56,102,-25,21,25,21,FALSE,FALSE
358,2,132,59,179,132,59,179,132,59,179,-73,47,73,47,FALSE,FALSE
358,3,225,59,312,225,59,312,225,59,312,-166,87,166,87,FALSE,FALSE
358,4,375,66,506,375,66,506,375,66,506,-309,131,309,131,FALSE,FALSE
358,5,638,67,780,638,67,780,638,67,780,-571,142,571,142,FALSE,FALSE
358,6,1029,66,1201,1029,66,1201,1029,66,1201,-963,172,963,172,FALSE,FALSE
358,7,1554,69,1702,1554,69,1702,1554,69,1702,-1485,148,1485,148,FALSE,FALSE
358,8,2108,66,2210,2108,66,2210,2108,66,2210,-2042,102,2042,102,FALSE,FALSE
358,9,2595,66,2624,2595,66,2624,2595,66,2624,-2529,29,2529,29,FALSE,FALSE
358,10,2867,70,2761,2867,70,2761,2867,70,2761,-2797,-106,2797,106,FALSE,FALSE
358,11,2916,67,2734,2916,67,2734,2916,67,2734,-2849,-182,2849,182,FALSE,FALSE
358,12,2734,71,2556,2734,71,2556,2734,71,2556,-2663,-178,2663,178,FALSE,FALSE
358,13,2456,70,2258,2456,70,2258,2456,70,2258,-2386,-198,2386,198,FALSE,FALSE
358,14,2144,65,1934,2144,65,1934,2144,65,1934,-2079,-210,2079,210,FALSE,FALSE
358,15,1823,62,1661,1823,62,1661,1823,62,1661,-1761,-162,1761,162,FALSE,FALSE
358,16,1524,64,1409,1524,64,1409,1524,64,1409,-1460,-115,1460,115,FALSE,FALSE
358,17,1306,66,1172,1306,66,1172,1306,66,1172,-1240,-134,1240,134,FALSE,FALSE
358,18,1074,64,965,1074,64,965,1074,64,965,-1010,-109,1010,109,FALSE,FALSE
358,19,897,61,798,897,61,798,897,61,798,-836,-99,836,99,FALSE,FALSE
358,20,732,63,658,732,63,658,732,63,658,-669,-74,669,74,FALSE,FALSE
358,21,608,57,540,608,57,540,608,57,540,-551,-68,551,68,FALSE,FALSE
358,22,472,53,442,472,53,442,472,53,442,-419,-30,419,30,FALSE,FALSE
358,23,395,58,374,395,58,374,395,58,374,-337,-21,337,21,FALSE,FALSE
358,24,310,53,313,310,53,313,310,53,313,-257,3,257,3,FALSE,FALSE
358,25,251,49,266,251,49,266,251,49,266,-202,15,202,15,FALSE,FALSE
358,26,209,46,220,209,46,220,209,46,220,-163,11,163,11,FALSE,FALSE
358,27,161,48,177,161,48,177,161,48,177,-113,16,113,16,FALSE,FALSE
358,28,129,48,150,129,48,150,129,48,150,-81,21,81,21,FALSE,FALSE
358,29,111,46,115,111,46,115,111,46,115,-65,4,65,4,FALSE,FALSE
358,30,87,46,87,87,46,87,87,46,87,-41,0,41,0,FALSE,TRUE
358,31,79,49,67,79,49,67,79,49,67,-30,-12,30,12,FALSE,FALSE
358,32,66,47,52,66,47,52,66,47,52,-19,-14,19,14,FALSE,FALSE
358,33,56,45,44,56,45,44,56,45,44,-11,-12,11,12,FALSE,FALSE
358,34,46,45,36,46,45,36,46,45,36,-1,-10,1,10,FALSE,FALSE
358,35,34,50,28,34,50,28,34,50,28,16,-6,16,6,FALSE,FALSE
358,36,32,55,22,32,55,22,32,55,22,23,-10,23,10,FALSE,FALSE
358,37,29,54,19,29,54,19,29,54,19,25,-10,25,10,FALSE,FALSE
358,38,22,54,15,22,54,15,22,54,15,32,-7,32,7,FALSE,FALSE
358,39,19,52,14,19,52,14,19,52,14,33,-5,33,5,FALSE,FALSE
358,40,17,49,10,17,49,10,17,49,10,32,-7,32,7,FALSE,FALSE
358,41,15,47,9,15,47,9,15,47,9,32,-6,32,6,FALSE,FALSE
358,42,12,44,6,12,44,6,12,44,6,32,-6,32,6,FALSE,FALSE
358,43,10,47,6,10,47,6,10,47,6,37,-4,37,4,FALSE,FALSE
358,44,8,49,4,8,49,4,8,49,4,41,-4,41,4,FALSE,FALSE
358,45,8,48,4,8,48,4,8,48,4,40,-4,40,4,FALSE,FALSE
358,46,5,43,2,5,43,2,5,43,2,38,-3,38,3,FALSE,FALSE
358,47,5,45,2,5,45,2,5,45,2,40,-3,40,3,FALSE,FALSE
358,48,5,57,2,5,57,2,5,57,2,52,-3,52,3,FALSE,FALSE
358,49,4,52,2,4,52,2,4,52,2,48,-2,48,2,FALSE,FALSE
358,50,4,49,2,4,49,2,4,49,2,45,-2,45,2,FALSE,FALSE
358,51,4,49,0,4,49,0,4,49,0,45,-4,45,4,FALSE,FALSE
358,52,4,47,0,4,47,0,4,47,0,43,-4,43,4,FALSE,FALSE
358,53,4,39,0,4,39,0,4,39,0,35,-4,35,4,FALSE,FALSE
358,54,3,43,0,3,43,0,3,43,0,40,-3,40,3,FALSE,FALSE
358,55,3,41,0,3,41,0,3,41,0,38,-3,38,3,FALSE,FALSE
358,56,1,40,0,1,40,0,1,40,0,39,-1,39,1,FALSE,FALSE
358,57,0,40,0,0,40,0,0,40,0,40,0,40,0,FALSE,TRUE
358,58,0,39,0,0,39,0,0,39,0,39,0,39,0,FALSE,TRUE
358,59,0,39,0,0,39,0,0,39,0,39,0,39,0,FALSE,TRUE
358,60,0,42,0,0,42,0,0,42,0,42,0,42,0,FALSE,TRUE
359,0,81,81,81,81,81,81,81,81,81,0,0,0,0,TRUE,TRUE
359,1,91,85,101,91,85,101,91,85,101,-6,10,6,10,FALSE,FALSE
359,2,105,107,112,105,107,112,105,107,112,2,7,2,7,FALSE,FALSE
359,3,137,120,128,137,120,128,137,120,128,-17,-9,17,9,FALSE,FALSE
359,4,161,138,163,161,138,163,161,138,163,-23,2,23,2,FALSE,FALSE
359,5,182,161,195,182,161,195,182,161,195,-21,13,21,13,FALSE,FALSE
359,6,217,187,239,217,187,239,217,187,239,-30,22,30,22,FALSE,FALSE
359,7,258,228,281,258,228,281,258,228,281,-30,23,30,23,FALSE,FALSE
359,8,291,272,309,291,272,309,291,272,309,-19,18,19,18,FALSE,FALSE
359,9,348,309,356,348,309,356,348,309,356,-39,8,39,8,FALSE,FALSE
359,10,403,364,416,403,364,416,403,364,416,-39,13,39,13,FALSE,FALSE
359,11,489,400,480,489,400,480,489,400,480,-89,-9,89,9,FALSE,FALSE
359,12,558,466,554,558,466,554,558,466,554,-92,-4,92,4,FALSE,FALSE
359,13,639,523,638,639,523,638,639,523,638,-116,-1,116,1,FALSE,FALSE
359,14,710,579,739,710,579,739,710,579,739,-131,29,131,29,FALSE,FALSE
359,15,790,684,836,790,684,836,790,684,836,-106,46,106,46,FALSE,FALSE
359,16,896,760,897,896,760,897,896,760,897,-136,1,136,1,FALSE,FALSE
359,17,1006,852,973,1006,852,973,1006,852,973,-154,-33,154,33,FALSE,FALSE
359,18,1078,928,1034,1078,928,1034,1078,928,1034,-150,-44,150,44,FALSE,FALSE
359,19,1180,981,1130,1180,981,1130,1180,981,1130,-199,-50,199,50,FALSE,FALSE
359,20,1267,1060,1195,1267,1060,1195,1267,1060,1195,-207,-72,207,72,FALSE,FALSE
359,21,1356,1125,1286,1356,1125,1286,1356,1125,1286,-231,-70,231,70,FALSE,FALSE
359,22,1437,1214,1367,1437,1214,1367,1437,1214,1367,-223,-70,223,70,FALSE,FALSE
359,23,1482,1299,1455,1482,1299,1455,1482,1299,1455,-183,-27,183,27,FALSE,FALSE
359,24,1546,1355,1537,1546,1355,1537,1546,1355,1537,-191,-9,191,9,FALSE,FALSE
359,25,1561,1389,1538,1561,1389,1538,1561,1389,1538,-172,-23,172,23,FALSE,FALSE
359,26,1608,1446,1562,1608,1446,1562,1608,1446,1562,-162,-46,162,46,FALSE,FALSE
359,27,1621,1487,1573,1621,1487,1573,1621,1487,1573,-134,-48,134,48,FALSE,FALSE
359,28,1598,1488,1562,1598,1488,1562,1598,1488,1562,-110,-36,110,36,FALSE,FALSE
359,29,1582,1473,1546,1582,1473,1546,1582,1473,1546,-109,-36,109,36,FALSE,FALSE
359,30,1546,1451,1530,1546,1451,1530,1546,1451,1530,-95,-16,95,16,FALSE,FALSE
359,31,1507,1436,1489,1507,1436,1489,1507,1436,1489,-71,-18,71,18,FALSE,FALSE
359,32,1456,1432,1461,1456,1432,1461,1456,1432,1461,-24,5,24,5,FALSE,FALSE
359,33,1404,1406,1406,1404,1406,1406,1404,1406,1406,2,2,2,2,FALSE,FALSE
359,34,1347,1360,1348,1347,1360,1348,1347,1360,1348,13,1,13,1,FALSE,FALSE
359,35,1288,1316,1273,1288,1316,1273,1288,1316,1273,28,-15,28,15,FALSE,FALSE
359,36,1232,1270,1217,1232,1270,1217,1232,1270,1217,38,-15,38,15,FALSE,FALSE
359,37,1164,1221,1138,1164,1221,1138,1164,1221,1138,57,-26,57,26,FALSE,FALSE
359,38,1062,1157,1074,1062,1157,1074,1062,1157,1074,95,12,95,12,FALSE,FALSE
359,39,1007,1078,1019,1007,1078,1019,1007,1078,1019,71,12,71,12,FALSE,FALSE
359,40,963,1019,957,963,1019,957,963,1019,957,56,-6,56,6,FALSE,FALSE
359,41,895,960,900,895,960,900,895,960,900,65,5,65,5,FALSE,FALSE
359,42,847,900,840,847,900,840,847,900,840,53,-7,53,7,FALSE,FALSE
359,43,775,831,773,775,831,773,775,831,773,56,-2,56,2,FALSE,FALSE
359,44,712,767,723,712,767,723,712,767,723,55,11,55,11,FALSE,FALSE
359,45,662,719,679,662,719,679,662,719,679,57,17,57,17,FALSE,FALSE
359,46,613,678,626,613,678,626,613,678,626,65,13,65,13,FALSE,FALSE
359,47,572,639,563,572,639,563,572,639,563,67,-9,67,9,FALSE,FALSE
359,48,532,592,526,532,592,526,532,592,526,60,-6,60,6,FALSE,FALSE
359,49,491,552,493,491,552,493,491,552,493,61,2,61,2,FALSE,FALSE
359,50,468,519,455,468,519,455,468,519,455,51,-13,51,13,FALSE,FALSE
359,51,432,481,413,432,481,413,432,481,413,49,-19,49,19,FALSE,FALSE
359,52,399,437,398,399,437,398,399,437,398,38,-1,38,1,FALSE,FALSE
359,53,354,415,366,354,415,366,354,415,366,61,12,61,12,FALSE,FALSE
359,54,337,377,351,337,377,351,337,377,351,40,14,40,14,FALSE,FALSE
359,55,306,343,327,306,343,327,306,343,327,37,21,37,21,FALSE,FALSE
359,56,285,314,307,285,314,307,285,314,307,29,22,29,22,FALSE,FALSE
359,57,263,290,276,263,290,276,263,290,276,27,13,27,13,FALSE,FALSE
359,58,240,274,255,240,274,255,240,274,255,34,15,34,15,FALSE,FALSE
359,59,222,248,234,222,248,234,222,248,234,26,12,26,12,FALSE,FALSE
359,60,201,225,215,201,225,215,201,225,215,24,14,24,14,FALSE,FALSE
360,0,72,72,72,72,72,72,72,72,72,0,0,0,0,TRUE,TRUE
360,1,73,76,72,73,76,72,73,76,72,3,-1,3,1,FALSE,FALSE
360,2,76,84,68,76,84,68,76,84,68,8,-8,8,8,FALSE,FALSE
360,3,73,88,70,73,88,70,73,88,70,15,-3,15,3,FALSE,FALSE
360,4,74,100,73,74,100,73,74,100,73,26,-1,26,1,FALSE,FALSE
360,5,79,93,68,79,93,68,79,93,68,14,-11,14,11,FALSE,FALSE
360,6,85,103,67,85,103,67,85,103,67,18,-18,18,18,FALSE,FALSE
360,7,80,105,72,80,105,72,80,105,72,25,-8,25,8,FALSE,FALSE
360,8,88,107,75,88,107,75,88,107,75,19,-13,19,13,FALSE,FALSE
360,9,91,115,71,91,115,71,91,115,71,24,-20,24,20,FALSE,FALSE
360,10,89,117,67,89,117,67,89,117,67,28,-22,28,22,FALSE,FALSE
360,11,87,133,62,87,133,62,87,133,62,46,-25,46,25,FALSE,FALSE
360,12,87,131,62,87,131,62,87,131,62,44,-25,44,25,FALSE,FALSE
360,13,83,140,62,83,140,62,83,140,62,57,-21,57,21,FALSE,FALSE
360,14,86,140,54,86,140,54,86,140,54,54,-32,54,32,FALSE,FALSE
360,15,88,140,52,88,140,52,88,140,52,52,-36,52,36,FALSE,FALSE
360,16,88,144,51,88,144,51,88,144,51,56,-37,56,37,FALSE,FALSE
360,17,87,146,50,87,146,50,87,146,50,59,-37,59,37,FALSE,FALSE
360,18,93,153,49,93,153,49,93,153,49,60,-44,60,44,FALSE,FALSE
360,19,95,155,49,95,155,49,95,155,49,60,-46,60,46,FALSE,FALSE
360,20,96,156,45,96,156,45,96,156,45,60,-51,60,51,FALSE,FALSE
360,21,92,170,47,92,170,47,92,170,47,78,-45,78,45,FALSE,FALSE
360,22,99,177,50,99,177,50,99,177,50,78,-49,78,49,FALSE,FALSE
360,23,99,188,51,99,188,51,99,188,51,89,-48,89,48,FALSE,FALSE
360,24,99,200,48,99,200,48,99,200,48,101,-51,101,51,FALSE,FALSE
360,25,95,196,45,95,196,45,95,196,45,101,-50,101,50,FALSE,FALSE
360,26,90,204,47,90,204,47,90,204,47,114,-43,114,43,FALSE,FALSE
360,27,89,194,46,89,194,46,89,194,46,105,-43,105,43,FALSE,FALSE
360,28,90,205,50,90,205,50,90,205,50,115,-40,115,40,FALSE,FALSE
360,29,86,224,46,86,224,46,86,224,46,138,-40,138,40,FALSE,FALSE
360,30,84,217,50,84,217,50,84,217,50,133,-34,133,34,FALSE,FALSE
360,31,88,212,52,88,212,52,88,212,52,124,-36,124,36,FALSE,FALSE
360,32,90,221,60,90,221,60,90,221,60,131,-30,131,30,FALSE,FALSE
360,33,87,223,64,87,223,64,87,223,64,136,-23,136,23,FALSE,FALSE
360,34,88,229,64,88,229,64,88,229,64,141,-24,141,24,FALSE,FALSE
360,35,94,228,60,94,228,60,94,228,60,134,-34,134,34,FALSE,FALSE
360,36,87,220,59,87,220,59,87,220,59,133,-28,133,28,FALSE,FALSE
360,37,89,220,56,89,220,56,89,220,56,131,-33,131,33,FALSE,FALSE
360,38,79,222,53,79,222,53,79,222,53,143,-26,143,26,FALSE,FALSE
360,39,86,211,49,86,211,49,86,211,49,125,-37,125,37,FALSE,FALSE
360,40,85,218,51,85,218,51,85,218,51,133,-34,133,34,FALSE,FALSE
360,41,89,214,54,89,214,54,89,214,54,125,-35,125,35,FALSE,FALSE
360,42,84,215,54,84,215,54,84,215,54,131,-30,131,30,FALSE,FALSE
360,43,87,209,59,87,209,59,87,209,59,122,-28,122,28,FALSE,FALSE
360,44,87,206,58,87,206,58,87,206,58,119,-29,119,29,FALSE,FALSE
360,45,81,213,60,81,213,60,81,213,60,132,-21,132,21,FALSE,FALSE
360,46,80,215,59,80,215,59,80,215,59,135,-21,135,21,FALSE,FALSE
360,47,85,213,62,85,213,62,85,213,62,128,-23,128,23,FALSE,FALSE
360,48,90,225,61,90,225,61,90,225,61,135,-29,135,29,FALSE,FALSE
360,49,89,234,56,89,234,56,89,234,56,145,-33,145,33,FALSE,FALSE
360,50,84,242,56,84,242,56,84,242,56,158,-28,158,28,FALSE,FALSE
360,51,90,247,62,90,247,62,90,247,62,157,-28,157,28,FALSE,FALSE
360,52,83,251,66,83,251,66,83,251,66,168,-17,168,17,FALSE,FALSE
360,53,84,260,59,84,260,59,84,260,59,176,-25,176,25,FALSE,FALSE
360,54,84,259,59,84,259,59,84,259,59,175,-25,175,25,FALSE,FALSE
360,55,88,250,65,88,250,65,88,250,65,162,-23,162,23,FALSE,FALSE
360,56,82,240,64,82,240,64,82,240,64,158,-18,158,18,FALSE,FALSE
360,57,80,241,63,80,241,63,80,241,63,161,-17,161,17,FALSE,FALSE
360,58,82,244,58,82,244,58,82,244,58,162,-24,162,24,FALSE,FALSE
360,59,79,246,63,79,246,63,79,246,63,167,-16,167,16,FALSE,FALSE
360,60,75,236,66,75,236,66,75,236,66,161,-9,161,9,FALSE,FALSE
361,0,61,61,61,61,61,61,61,61,61,0,0,0,0,TRUE,TRUE
361,1,78,63,66,78,63,66,78,63,66,-15,-12,15,12,FALSE,FALSE
361,2,88,80,79,88,80,79,88,80,79,-8,-9,8,9,FALSE,FALSE
361,3,90,86,88,90,86,88,90,86,88,-4,-2,4,2,FALSE,FALSE
361,4,98,92,94,98,92,94,98,92,94,-6,-4,6,4,FALSE,FALSE
361,5,112,107,98,112,107,98,112,107,98,-5,-14,5,14,FALSE,FALSE
361,6,122,117,105,122,117,105,122,117,105,-5,-17,5,17,FALSE,FALSE
361,7,139,130,113,139,130,113,139,130,113,-9,-26,9,26,FALSE,FALSE
361,8,161,139,127,161,139,127,161,139,127,-22,-34,22,34,FALSE,FALSE
361,9,182,151,138,182,151,138,182,151,138,-31,-44,31,44,FALSE,FALSE
361,10,205,169,158,205,169,158,205,169,158,-36,-47,36,47,FALSE,FALSE
361,11,233,199,179,233,199,179,233,199,179,-34,-54,34,54,FALSE,FALSE
361,12,263,219,183,263,219,183,263,219,183,-44,-80,44,80,FALSE,FALSE
361,13,298,243,217,298,243,217,298,243,217,-55,-81,55,81,FALSE,FALSE
361,14,338,275,239,338,275,239,338,275,239,-63,-99,63,99,FALSE,FALSE
361,15,384,311,264,384,311,264,384,311,264,-73,-120,73,120,FALSE,FALSE
361,16,439,360,279,439,360,279,439,360,279,-79,-160,79,160,FALSE,FALSE
361,17,488,418,319,488,418,319,488,418,319,-70,-169,70,169,FALSE,FALSE
361,18,555,479,357,555,479,357,555,479,357,-76,-198,76,198,FALSE,FALSE
361,19,622,519,396,622,519,396,622,519,396,-103,-226,103,226,FALSE,FALSE
361,20,670,567,424,670,567,424,670,567,424,-103,-246,103,246,FALSE,FALSE
361,21,735,636,466,735,636,466,735,636,466,-99,-269,99,269,FALSE,FALSE
361,22,798,701,510,798,701,510,798,701,510,-97,-288,97,288,FALSE,FALSE
361,23,862,759,556,862,759,556,862,759,556,-103,-306,103,306,FALSE,FALSE
361,24,931,818,597,931,818,597,931,818,597,-113,-334,113,334,FALSE,FALSE
361,25,985,889,650,985,889,650,985,889,650,-96,-335,96,335,FALSE,FALSE
361,26,1056,977,711,1056,977,711,1056,977,711,-79,-345,79,345,FALSE,FALSE
361,27,1136,1065,771,1136,1065,771,1136,1065,771,-71,-365,71,365,FALSE,FALSE
361,28,1195,1111,814,1195,1111,814,1195,1111,814,-84,-381,84,381,FALSE,FALSE
361,29,1230,1176,886,1230,1176,886,1230,1176,886,-54,-344,54,344,FALSE,FALSE
361,30,1291,1255,957,1291,1255,957,1291,1255,957,-36,-334,36,334,FALSE,FALSE
361,31,1343,1342,1006,1343,1342,1006,1343,1342,1006,-1,-337,1,337,FALSE,FALSE
361,32,1416,1425,1086,1416,1425,1086,1416,1425,1086,9,-330,9,330,FALSE,FALSE
361,33,1473,1489,1138,1473,1489,1138,1473,1489,1138,16,-335,16,335,FALSE,FALSE
361,34,1527,1543,1208,1527,1543,1208,1527,1543,1208,16,-319,16,319,FALSE,FALSE
361,35,1564,1622,1277,1564,1622,1277,1564,1622,1277,58,-287,58,287,FALSE,FALSE
361,36,1607,1689,1345,1607,1689,1345,1607,1689,1345,82,-262,82,262,FALSE,FALSE
361,37,1663,1734,1416,1663,1734,1416,1663,1734,1416,71,-247,71,247,FALSE,FALSE
361,38,1684,1762,1519,1684,1762,1519,1684,1762,1519,78,-165,78,165,FALSE,FALSE
361,39,1707,1796,1565,1707,1796,1565,1707,1796,1565,89,-142,89,142,FALSE,FALSE
361,40,1754,1820,1621,1754,1820,1621,1754,1820,1621,66,-133,66,133,FALSE,FALSE
361,41,1793,1818,1645,1793,1818,1645,1793,1818,1645,25,-148,25,148,FALSE,FALSE
361,42,1807,1830,1664,1807,1830,1664,1807,1830,1664,23,-143,23,143,FALSE,FALSE
361,43,1809,1876,1697,1809,1876,1697,1809,1876,1697,67,-112,67,112,FALSE,FALSE
361,44,1786,1868,1737,1786,1868,1737,1786,1868,1737,82,-49,82,49,FALSE,FALSE
361,45,1787,1875,1758,1787,1875,1758,1787,1875,1758,88,-29,88,29,FALSE,FALSE
361,46,1759,1869,1735,1759,1869,1735,1759,1869,1735,110,-24,110,24,FALSE,FALSE
361,47,1750,1854,1759,1750,1854,1759,1750,1854,1759,104,9,104,9,FALSE,FALSE
361,48,1720,1834,1746,1720,1834,1746,1720,1834,1746,114,26,114,26,FALSE,FALSE
361,49,1724,1804,1723,1724,1804,1723,1724,1804,1723,80,-1,80,1,FALSE,FALSE
361,50,1702,1772,1733,1702,1772,1733,1702,1772,1733,70,31,70,31,FALSE,FALSE
361,51,1694,1732,1673,1694,1732,1673,1694,1732,1673,38,-21,38,21,FALSE,FALSE
361,52,1657,1690,1660,1657,1690,1660,1657,1690,1660,33,3,33,3,FALSE,FALSE
361,53,1634,1626,1629,1634,1626,1629,1634,1626,1629,-8,-5,8,5,FALSE,FALSE
361,54,1575,1583,1601,1575,1583,1601,1575,1583,1601,8,26,8,26,FALSE,FALSE
361,55,1540,1519,1578,1540,1519,1578,1540,1519,1578,-21,38,21,38,FALSE,FALSE
361,56,1484,1453,1559,1484,1453,1559,1484,1453,1559,-31,75,31,75,FALSE,FALSE
361,57,1445,1358,1513,1445,1358,1513,1445,1358,1513,-87,68,87,68,FALSE,FALSE
361,58,1411,1307,1472,1411,1307,1472,1411,1307,1472,-104,61,104,61,FALSE,FALSE
361,59,1366,1253,1431,1366,1253,1431,1366,1253,1431,-113,65,113,65,FALSE,FALSE
361,60,1304,1172,1376,1304,1172,1376,1304,1172,1376,-132,72,132,72,FALSE,FALSE
362,0,110,110,110,110,110,110,110,110,110,0,0,0,0,TRUE,TRUE
362,1,123,128,108,123,128,108,123,128,108,5,-15,5,15,FALSE,FALSE
362,2,130,142,124,130,142,124,130,142,124,12,-6,12,6,FALSE,FALSE
362,3,154,141,139,154,141,139,154,141,139,-13,-15,13,15,FALSE,FALSE
362,4,161,155,129,161,155,129,161,155,129,-6,-32,6,32,FALSE,FALSE
362,5,170,161,137,170,161,137,170,161,137,-9,-33,9,33,FALSE,FALSE
362,6,190,157,146,190,157,146,190,157,146,-33,-44,33,44,FALSE,FALSE
362,7,181,166,151,181,166,151,181,166,151,-15,-30,15,30,FALSE,FALSE
362,8,199,163,161,199,163,161,199,163,161,-36,-38,36,38,FALSE,FALSE
362,9,213,180,178,213,180,178,213,180,178,-33,-35,33,35,FALSE,FALSE
362,10,225,191,180,225,191,180,225,191,180,-34,-45,34,45,FALSE,FALSE
362,11,242,205,210,242,205,210,242,205,210,-37,-32,37,32,FALSE,FALSE
362,12,243,214,237,243,214,237,243,214,237,-29,-6,29,6,FALSE,FALSE
362,13,256,222,238,256,222,238,256,222,238,-34,-18,34,18,FALSE,FALSE
362,14,246,228,223,246,228,223,246,228,223,-18,-23,18,23,FALSE,FALSE
362,15,257,229,248,257,229,248,257,229,248,-28,-9,28,9,FALSE,FALSE
362,16,265,248,267,265,248,267,265,248,267,-17,2,17,2,FALSE,FALSE
362,17,270,276,269,270,276,269,270,276,269,6,-1,6,1,FALSE,FALSE
362,18,290,293,274,290,293,274,290,293,274,3,-16,3,16,FALSE,FALSE
362,19,304,301,297,304,301,297,304,301,297,-3,-7,3,7,FALSE,FALSE
362,20,312,311,317,312,311,317,312,311,317,-1,5,1,5,FALSE,FALSE
362,21,323,323,331,323,323,331,323,323,331,0,8,0,8,TRUE,FALSE
362,22,329,331,331,329,331,331,329,331,331,2,2,2,2,FALSE,FALSE
362,23,352,331,350,352,331,350,352,331,350,-21,-2,21,2,FALSE,FALSE
362,24,344,341,359,344,341,359,344,341,359,-3,15,3,15,FALSE,FALSE
362,25,358,332,365,358,332,365,358,332,365,-26,7,26,7,FALSE,FALSE
362,26,350,345,361,350,345,361,350,345,361,-5,11,5,11,FALSE,FALSE
362,27,342,352,357,342,352,357,342,352,357,10,15,10,15,FALSE,FALSE
362,28,318,348,346,318,348,346,318,348,346,30,28,30,28,FALSE,FALSE
362,29,306,344,356,306,344,356,306,344,356,38,50,38,50,FALSE,FALSE
362,30,293,326,341,293,326,341,293,326,341,33,48,33,48,FALSE,FALSE
362,31,290,310,322,290,310,322,290,310,322,20,32,20,32,FALSE,FALSE
362,32,281,304,329,281,304,329,281,304,329,23,48,23,48,FALSE,FALSE
362,33,281,301,315,281,301,315,281,301,315,20,34,20,34,FALSE,FALSE
362,34,270,318,290,270,318,290,270,318,290,48,20,48,20,FALSE,FALSE
362,35,255,303,281,255,303,281,255,303,281,48,26,48,26,FALSE,FALSE
362,36,248,289,272,248,289,272,248,289,272,41,24,41,24,FALSE,FALSE
362,37,235,295,268,235,295,268,235,295,268,60,33,60,33,FALSE,FALSE
362,38,229,294,239,229,294,239,229,294,239,65,10,65,10,FALSE,FALSE
362,39,223,268,220,223,268,220,223,268,220,45,-3,45,3,FALSE,FALSE
362,40,201,253,222,201,253,222,201,253,222,52,21,52,21,FALSE,FALSE
362,41,168,262,214,168,262,214,168,262,214,94,46,94,46,FALSE,FALSE
362,42,163,251,205,163,251,205,163,251,205,88,42,88,42,FALSE,FALSE
362,43,161,231,200,161,231,200,161,231,200,70,39,70,39,FALSE,FALSE
362,44,150,208,202,150,208,202,150,208,202,58,52,58,52,FALSE,FALSE
362,45,141,203,184,141,203,184,141,203,184,62,43,62,43,FALSE,FALSE
362,46,128,198,172,128,198,172,128,198,172,70,44,70,44,FALSE,FALSE
362,47,121,192,164,121,192,164,121,192,164,71,43,71,43,FALSE,FALSE
362,48,108,183,149,108,183,149,108,183,149,75,41,75,41,FALSE,FALSE
362,49,98,168,137,98,168,137,98,168,137,70,39,70,39,FALSE,FALSE
362,50,101,158,123,101,158,123,101,158,123,57,22,57,22,FALSE,FALSE
362,51,94,153,120,94,153,120,94,153,120,59,26,59,26,FALSE,FALSE
362,52,84,135,103,84,135,103,84,135,103,51,19,51,19,FALSE,FALSE
362,53,78,134,102,78,134,102,78,134,102,56,24,56,24,FALSE,FALSE
362,54,82,129,107,82,129,107,82,129,107,47,25,47,25,FALSE,FALSE
362,55,78,124,100,78,124,100,78,124,100,46,22,46,22,FALSE,FALSE
362,56,82,121,107,82,121,107,82,121,107,39,25,39,25,FALSE,FALSE
362,57,78,111,100,78,111,100,78,111,100,33,22,33,22,FALSE,FALSE
362,58,64,110,88,64,110,88,64,110,88,46,24,46,24,FALSE,FALSE
362,59,66,101,73,66,101,73,66,101,73,35,7,35,7,FALSE,FALSE
362,60,61,103,68,61,103,68,61,103,68,42,7,42,7,FALSE,FALSE
363,0,50,50,50,50,50,50,50,50,50,0,0,0,0,TRUE,TRUE
363,1,48,55,55,48,55,55,48,55,55,7,7,7,7,FALSE,FALSE
363,2,58,56,59,58,56,59,58,56,59,-2,1,2,1,FALSE,FALSE
363,3,60,59,57,60,59,57,60,59,57,-1,-3,1,3,FALSE,FALSE
363,4,61,71,58,61,71,58,61,71,58,10,-3,10,3,FALSE,FALSE
363,5,68,75,62,68,75,62,68,75,62,7,-6,7,6,FALSE,FALSE
363,6,66,73,64,66,73,64,66,73,64,7,-2,7,2,FALSE,FALSE
363,7,67,73,68,67,73,68,67,73,68,6,1,6,1,FALSE,FALSE
363,8,64,76,71,64,76,71,64,76,71,12,7,12,7,FALSE,FALSE
363,9,76,78,80,76,78,80,76,78,80,2,4,2,4,FALSE,FALSE
363,10,82,85,79,82,85,79,82,85,79,3,-3,3,3,FALSE,FALSE
363,11,83,91,92,83,91,92,83,91,92,8,9,8,9,FALSE,FALSE
363,12,88,93,95,88,93,95,88,93,95,5,7,5,7,FALSE,FALSE
363,13,92,98,99,92,98,99,92,98,99,6,7,6,7,FALSE,FALSE
363,14,95,99,103,95,99,103,95,99,103,4,8,4,8,FALSE,FALSE
363,15,96,101,103,96,101,103,96,101,103,5,7,5,7,FALSE,FALSE
363,16,97,111,114,97,111,114,97,111,114,14,17,14,17,FALSE,FALSE
363,17,106,111,117,106,111,117,106,111,117,5,11,5,11,FALSE,FALSE
363,18,112,108,121,112,108,121,112,108,121,-4,9,4,9,FALSE,FALSE
363,19,120,117,137,120,117,137,120,117,137,-3,17,3,17,FALSE,FALSE
363,20,122,135,139,122,135,139,122,135,139,13,17,13,17,FALSE,FALSE
363,21,134,139,141,134,139,141,134,139,141,5,7,5,7,FALSE,FALSE
363,22,140,143,142,140,143,142,140,143,142,3,2,3,2,FALSE,FALSE
363,23,153,155,146,153,155,146,153,155,146,2,-7,2,7,FALSE,FALSE
363,24,151,167,151,151,167,151,151,167,151,16,0,16,0,FALSE,TRUE
363,25,164,170,157,164,170,157,164,170,157,6,-7,6,7,FALSE,FALSE
363,26,175,180,163,175,180,163,175,180,163,5,-12,5,12,FALSE,FALSE
363,27,186,203,177,186,203,177,186,203,177,17,-9,17,9,FALSE,FALSE
363,28,187,210,193,187,210,193,187,210,193,23,6,23,6,FALSE,FALSE
363,29,192,224,207,192,224,207,192,224,207,32,15,32,15,FALSE,FALSE
363,30,198,240,206,198,240,206,198,240,206,42,8,42,8,FALSE,FALSE
363,31,209,255,217,209,255,217,209,255,217,46,8,46,8,FALSE,FALSE
363,32,222,281,227,222,281,227,222,281,227,59,5,59,5,FALSE,FALSE
363,33,228,290,238,228,290,238,228,290,238,62,10,62,10,FALSE,FALSE
363,34,248,302,237,248,302,237,248,302,237,54,-11,54,11,FALSE,FALSE
363,35,260,310,255,260,310,255,260,310,255,50,-5,50,5,FALSE,FALSE
363,36,280,329,250,280,329,250,280,329,250,49,-30,49,30,FALSE,FALSE
363,37,297,357,267,297,357,267,297,357,267,60,-30,60,30,FALSE,FALSE
363,38,310,379,279,310,379,279,310,379,279,69,-31,69,31,FALSE,FALSE
363,39,330,399,276,330,399,276,330,399,276,69,-54,69,54,FALSE,FALSE
363,40,345,419,298,345,419,298,345,419,298,74,-47,74,47,FALSE,FALSE
363,41,351,444,311,351,444,311,351,444,311,93,-40,93,40,FALSE,FALSE
363,42,367,465,324,367,465,324,367,465,324,98,-43,98,43,FALSE,FALSE
363,43,384,490,343,384,490,343,384,490,343,106,-41,106,41,FALSE,FALSE
363,44,397,500,348,397,500,348,397,500,348,103,-49,103,49,FALSE,FALSE
363,45,402,512,362,402,512,362,402,512,362,110,-40,110,40,FALSE,FALSE
363,46,415,548,370,415,548,370,415,548,370,133,-45,133,45,FALSE,FALSE
363,47,440,555,370,440,555,370,440,555,370,115,-70,115,70,FALSE,FALSE
363,48,481,548,390,481,548,390,481,548,390,67,-91,67,91,FALSE,FALSE
363,49,497,545,400,497,545,400,497,545,400,48,-97,48,97,FALSE,FALSE
363,50,509,549,413,509,549,413,509,549,413,40,-96,40,96,FALSE,FALSE
363,51,536,554,406,536,554,406,536,554,406,18,-130,18,130,FALSE,FALSE
363,52,544,562,424,544,562,424,544,562,424,18,-120,18,120,FALSE,FALSE
363,53,568,584,428,568,584,428,568,584,428,16,-140,16,140,FALSE,FALSE
363,54,593,578,433,593,578,433,593,578,433,-15,-160,15,160,FALSE,FALSE
363,55,597,589,450,597,589,450,597,589,450,-8,-147,8,147,FALSE,FALSE
363,56,627,606,456,627,606,456,627,606,456,-21,-171,21,171,FALSE,FALSE
363,57,636,609,489,636,609,489,636,609,489,-27,-147,27,147,FALSE,FALSE
363,58,646,613,504,646,613,504,646,613,504,-33,-142,33,142,FALSE,FALSE
363,59,666,624,518,666,624,518,666,624,518,-42,-148,42,148,FALSE,FALSE
363,60,676,631,537,676,631,537,676,631,537,-45,-139,45,139,FALSE,FALSE
364,0,128,128,128,128,128,128,128,128,128,0,0,0,0,TRUE,TRUE
364,1,172,180,163,172,180,163,172,180,163,8,-9,8,9,FALSE,FALSE
364,2,240,229,210,240,229,210,240,229,210,-11,-30,11,30,FALSE,FALSE
364,3,287,302,288,287,302,288,287,302,288,15,1,15,1,FALSE,FALSE
364,4,382,391,384,382,391,384,382,391,384,9,2,9,2,FALSE,FALSE
364,5,467,516,501,467,516,501,467,516,501,49,34,49,34,FALSE,FALSE
364,6,590,667,646,590,667,646,590,667,646,77,56,77,56,FALSE,FALSE
364,7,769,860,825,769,860,825,769,860,825,91,56,91,56,FALSE,FALSE
364,8,990,1067,1045,990,1067,1045,990,1067,1045,77,55,77,55,FALSE,FALSE
364,9,1212,1315,1355,1212,1315,1355,1212,1315,1355,103,143,103,143,FALSE,FALSE
364,10,1510,1617,1661,1510,1617,1661,1510,1617,1661,107,151,107,151,FALSE,FALSE
364,11,1810,1925,2018,1810,1925,2018,1810,1925,2018,115,208,115,208,FALSE,FALSE
364,12,2158,2254,2376,2158,2254,2376,2158,2254,2376,96,218,96,218,FALSE,FALSE
364,13,2520,2620,2758,2520,2620,2758,2520,2620,2758,100,238,100,238,FALSE,FALSE
364,14,2795,2917,3047,2795,2917,3047,2795,2917,3047,122,252,122,252,FALSE,FALSE
364,15,3073,3179,3339,3073,3179,3339,3073,3179,3339,106,266,106,266,FALSE,FALSE
364,16,3298,3370,3579,3298,3370,3579,3298,3370,3579,72,281,72,281,FALSE,FALSE
364,17,3469,3563,3750,3469,3563,3750,3469,3563,3750,94,281,94,281,FALSE,FALSE
364,18,3540,3656,3795,3540,3656,3795,3540,3656,3795,116,255,116,255,FALSE,FALSE
364,19,3584,3730,3824,3584,3730,3824,3584,3730,3824,146,240,146,240,FALSE,FALSE
364,20,3558,3713,3746,3558,3713,3746,3558,3713,3746,155,188,155,188,FALSE,FALSE
364,21,3498,3648,3638,3498,3648,3638,3498,3648,3638,150,140,150,140,FALSE,FALSE
364,22,3416,3541,3472,3416,3541,3472,3416,3541,3472,125,56,125,56,FALSE,FALSE
364,23,3315,3419,3268,3315,3419,3268,3315,3419,3268,104,-47,104,47,FALSE,FALSE
364,24,3179,3227,3066,3179,3227,3066,3179,3227,3066,48,-113,48,113,FALSE,FALSE
364,25,2990,3083,2867,2990,3083,2867,2990,3083,2867,93,-123,93,123,FALSE,FALSE
364,26,2823,2908,2643,2823,2908,2643,2823,2908,2643,85,-180,85,180,FALSE,FALSE
364,27,2645,2712,2463,2645,2712,2463,2645,2712,2463,67,-182,67,182,FALSE,FALSE
364,28,2457,2560,2278,2457,2560,2278,2457,2560,2278,103,-179,103,179,FALSE,FALSE
364,29,2260,2387,2144,2260,2387,2144,2260,2387,2144,127,-116,127,116,FALSE,FALSE
364,30,2091,2208,1995,2091,2208,1995,2091,2208,1995,117,-96,117,96,FALSE,FALSE
364,31,1904,2041,1842,1904,2041,1842,1904,2041,1842,137,-62,137,62,FALSE,FALSE
364,32,1739,1863,1705,1739,1863,1705,1739,1863,1705,124,-34,124,34,FALSE,FALSE
364,33,1600,1708,1573,1600,1708,1573,1600,1708,1573,108,-27,108,27,FALSE,FALSE
364,34,1461,1560,1426,1461,1560,1426,1461,1560,1426,99,-35,99,35,FALSE,FALSE
364,35,1325,1468,1310,1325,1468,1310,1325,1468,1310,143,-15,143,15,FALSE,FALSE
364,36,1222,1334,1208,1222,1334,1208,1222,1334,1208,112,-14,112,14,FALSE,FALSE
364,37,1112,1221,1137,1112,1221,1137,1112,1221,1137,109,25,109,25,FALSE,FALSE
364,38,1011,1131,1049,1011,1131,1049,1011,1131,1049,120,38,120,38,FALSE,FALSE
364,39,928,1045,948,928,1045,948,928,1045,948,117,20,117,20,FALSE,FALSE
364,40,835,950,862,835,950,862,835,950,862,115,27,115,27,FALSE,FALSE
364,41,760,866,797,760,866,797,760,866,797,106,37,106,37,FALSE,FALSE
364,42,691,799,735,691,799,735,691,799,735,108,44,108,44,FALSE,FALSE
364,43,631,743,674,631,743,674,631,743,674,112,43,112,43,FALSE,FALSE
364,44,581,674,612,581,674,612,581,674,612,93,31,93,31,FALSE,FALSE
364,45,528,623,563,528,623,563,528,623,563,95,35,95,35,FALSE,FALSE
364,46,474,577,505,474,577,505,474,577,505,103,31,103,31,FALSE,FALSE
364,47,432,537,465,432,537,465,432,537,465,105,33,105,33,FALSE,FALSE
364,48,397,493,425,397,493,425,397,493,425,96,28,96,28,FALSE,FALSE
364,49,361,460,391,361,460,391,361,460,391,99,30,99,30,FALSE,FALSE
364,50,324,420,341,324,420,341,324,420,341,96,17,96,17,FALSE,FALSE
364,51,299,389,313,299,389,313,299,389,313,90,14,90,14,FALSE,FALSE
364,52,268,355,289,268,355,289,268,355,289,87,21,87,21,FALSE,FALSE
364,53,242,324,264,242,324,264,242,324,264,82,22,82,22,FALSE,FALSE
364,54,234,303,245,234,303,245,234,303,245,69,11,69,11,FALSE,FALSE
364,55,215,285,221,215,285,221,215,285,221,70,6,70,6,FALSE,FALSE
364,56,201,253,205,201,253,205,201,253,205,52,4,52,4,FALSE,FALSE
364,57,181,226,187,181,226,187,181,226,187,45,6,45,6,FALSE,FALSE
364,58,168,210,174,168,210,174,168,210,174,42,6,42,6,FALSE,FALSE
364,59,149,192,160,149,192,160,149,192,160,43,11,43,11,FALSE,FALSE
364,60,135,176,141,135,176,141,135,176,141,41,6,41,6,FALSE,FALSE
365,0,88,88,88,88,88,88,88,88,88,0,0,0,0,TRUE,TRUE
365,1,95,90,92,95,90,92,95,90,92,-5,-3,5,3,FALSE,FALSE
365,2,104,98,94,104,98,94,104,98,94,-6,-10,6,10,FALSE,FALSE
365,3,104,104,98,104,104,98,104,104,98,0,-6,0,6,TRUE,FALSE
365,4,113,112,103,113,112,103,113,112,103,-1,-10,1,10,FALSE,FALSE
365,5,118,128,114,118,128,114,118,128,114,10,-4,10,4,FALSE,FALSE
365,6,128,127,121,128,127,121,128,127,121,-1,-7,1,7,FALSE,FALSE
365,7,135,132,128,135,132,128,135,132,128,-3,-7,3,7,FALSE,FALSE
365,8,141,145,137,141,145,137,141,145,137,4,-4,4,4,FALSE,FALSE
365,9,153,149,131,153,149,131,153,149,131,-4,-22,4,22,FALSE,FALSE
365,10,162,166,145,162,166,145,162,166,145,4,-17,4,17,FALSE,FALSE
365,11,174,177,160,174,177,160,174,177,160,3,-14,3,14,FALSE,FALSE
365,12,178,180,173,178,180,173,178,180,173,2,-5,2,5,FALSE,FALSE
365,13,181,194,174,181,194,174,181,194,174,13,-7,13,7,FALSE,FALSE
365,14,184,208,182,184,208,182,184,208,182,24,-2,24,2,FALSE,FALSE
365,15,187,222,189,187,222,189,187,222,189,35,2,35,2,FALSE,FALSE
365,16,197,235,208,197,235,208,197,235,208,38,11,38,11,FALSE,FALSE
365,17,208,247,215,208,247,215,208,247,215,39,7,39,7,FALSE,FALSE
365,18,218,252,220,218,252,220,218,252,220,34,2,34,2,FALSE,FALSE
365,19,233,272,231,233,272,231,233,272,231,39,-2,39,2,FALSE,FALSE
365,20,245,283,245,245,283,245,245,283,245,38,0,38,0,FALSE,TRUE
365,21,259,297,251,259,297,251,259,297,251,38,-8,38,8,FALSE,FALSE
365,22,262,314,270,262,314,270,262,314,270,52,8,52,8,FALSE,FALSE
365,23,271,338,289,271,338,289,271,338,289,67,18,67,18,FALSE,FALSE
365,24,284,348,305,284,348,305,284,348,305,64,21,64,21,FALSE,FALSE
365,25,306,365,324,306,365,324,306,365,324,59,18,59,18,FALSE,FALSE
365,26,309,383,340,309,383,340,309,383,340,74,31,74,31,FALSE,FALSE
365,27,323,398,364,323,398,364,323,398,364,75,41,75,41,FALSE,FALSE
365,28,342,427,386,342,427,386,342,427,386,85,44,85,44,FALSE,FALSE
365,29,355,440,408,355,440,408,355,440,408,85,53,85,53,FALSE,FALSE
365,30,369,471,421,369,471,421,369,471,421,102,52,102,52,FALSE,FALSE
365,31,404,481,431,404,481,431,404,481,431,77,27,77,27,FALSE,FALSE
365,32,424,512,437,424,512,437,424,512,437,88,13,88,13,FALSE,FALSE
365,33,438,521,463,438,521,463,438,521,463,83,25,83,25,FALSE,FALSE
365,34,458,537,490,458,537,490,458,537,490,79,32,79,32,FALSE,FALSE
365,35,468,570,498,468,570,498,468,570,498,102,30,102,30,FALSE,FALSE
365,36,481,600,519,481,600,519,481,600,519,119,38,119,38,FALSE,FALSE
365,37,498,634,531,498,634,531,498,634,531,136,33,136,33,FALSE,FALSE
365,38,492,656,548,492,656,548,492,656,548,164,56,164,56,FALSE,FALSE
365,39,505,671,584,505,671,584,505,671,584,166,79,166,79,FALSE,FALSE
365,40,533,680,614,533,680,614,533,680,614,147,81,147,81,FALSE,FALSE
365,41,536,704,627,536,704,627,536,704,627,168,91,168,91,FALSE,FALSE
365,42,539,726,645,539,726,645,539,726,645,187,106,187,106,FALSE,FALSE
365,43,547,739,654,547,739,654,547,739,654,192,107,192,107,FALSE,FALSE
365,44,547,753,672,547,753,672,547,753,672,206,125,206,125,FALSE,FALSE
365,45,574,758,659,574,758,659,574,758,659,184,85,184,85,FALSE,FALSE
365,46,575,768,656,575,768,656,575,768,656,193,81,193,81,FALSE,FALSE
365,47,591,781,648,591,781,648,591,781,648,190,57,190,57,FALSE,FALSE
365,48,609,791,649,609,791,649,609,791,649,182,40,182,40,FALSE,FALSE
365,49,615,813,659,615,813,659,615,813,659,198,44,198,44,FALSE,FALSE
365,50,631,796,664,631,796,664,631,796,664,165,33,165,33,FALSE,FALSE
365,51,618,813,659,618,813,659,618,813,659,195,41,195,41,FALSE,FALSE
365,52,637,815,656,637,815,656,637,815,656,178,19,178,19,FALSE,FALSE
365,53,646,819,659,646,819,659,646,819,659,173,13,173,13,FALSE,FALSE
365,54,650,828,661,650,828,661,650,828,661,178,11,178,11,FALSE,FALSE
365,55,650,818,655,650,818,655,650,818,655,168,5,168,5,FALSE,FALSE
365,56,645,826,653,645,826,653,645,826,653,181,8,181,8,FALSE,FALSE
365,57,636,828,654,636,828,654,636,828,654,192,18,192,18,FALSE,FALSE
365,58,634,825,654,634,825,654,634,825,654,191,20,191,20,FALSE,FALSE
365,59,633,823,656,633,823,656,633,823,656,190,23,190,23,FALSE,FALSE
365,60,634,821,644,634,821,644,634,821,644,187,10,187,10,FALSE,FALSE
366,0,64,64,64,64,64,64,64,64,64,0,0,0,0,TRUE,TRUE
366,1,106,115,107,106,115,107,106,115,107,9,1,9,1,FALSE,FALSE
366,2,175,208,176,175,208,176,175,208,176,33,1,33,1,FALSE,FALSE
366,3,306,353,337,306,353,337,306,353,337,47,31,47,31,FALSE,FALSE
366,4,530,627,557,530,627,557,530,627,557,97,27,97,27,FALSE,FALSE
366,5,873,1060,920,873,1060,920,873,1060,920,187,47,187,47,FALSE,FALSE
366,6,1362,1624,1427,1362,1624,1427,1362,1624,1427,262,65,262,65,FALSE,FALSE
366,7,1939,2195,2074,1939,2195,2074,1939,2195,2074,256,135,256,135,FALSE,FALSE
366,8,2575,2757,2696,2575,2757,2696,2575,2757,2696,182,121,182,121,FALSE,FALSE
366,9,2978,3054,3053,2978,3054,3053,2978,3054,3053,76,75,76,75,FALSE,FALSE
366,10,3086,3023,3142,3086,3023,3142,3086,3023,3142,-63,56,63,56,FALSE,FALSE
366,11,2950,2870,2967,2950,2870,2967,2950,2870,2967,-80,17,80,17,FALSE,FALSE
366,12,2677,2609,2672,2677,2609,2672,2677,2609,2672,-68,-5,68,5,FALSE,FALSE
366,13,2279,2242,2322,2279,2242,2322,2279,2242,2322,-37,43,37,43,FALSE,FALSE
366,14,1899,1890,1950,1899,1890,1950,1899,1890,1950,-9,51,9,51,FALSE,FALSE
366,15,1582,1566,1630,1582,1566,1630,1582,1566,1630,-16,48,16,48,FALSE,FALSE
366,16,1252,1243,1317,1252,1243,1317,1252,1243,1317,-9,65,9,65,FALSE,FALSE
366,17,1015,1025,1049,1015,1025,1049,1015,1025,1049,10,34,10,34,FALSE,FALSE
366,18,815,820,879,815,820,879,815,820,879,5,64,5,64,FALSE,FALSE
366,19,648,663,707,648,663,707,648,663,707,15,59,15,59,FALSE,FALSE
366,20,507,531,565,507,531,565,507,531,565,24,58,24,58,FALSE,FALSE
366,21,415,426,443,415,426,443,415,426,443,11,28,11,28,FALSE,FALSE
366,22,328,341,342,328,341,342,328,341,342,13,14,13,14,FALSE,FALSE
366,23,259,270,272,259,270,272,259,270,272,11,13,11,13,FALSE,FALSE
366,24,197,211,230,197,211,230,197,211,230,14,33,14,33,FALSE,FALSE
366,25,159,171,174,159,171,174,159,171,174,12,15,12,15,FALSE,FALSE
366,26,126,139,140,126,139,140,126,139,140,13,14,13,14,FALSE,FALSE
366,27,98,107,113,98,107,113,98,107,113,9,15,9,15,FALSE,FALSE
366,28,79,83,88,79,83,88,79,83,88,4,9,4,9,FALSE,FALSE
366,29,63,73,72,63,73,72,63,73,72,10,9,10,9,FALSE,FALSE
366,30,41,56,59,41,56,59,41,56,59,15,18,15,18,FALSE,FALSE
366,31,39,41,49,39,41,49,39,41,49,2,10,2,10,FALSE,FALSE
366,32,32,34,37,32,34,37,32,34,37,2,5,2,5,FALSE,FALSE
366,33,26,27,28,26,27,28,26,27,28,1,2,1,2,FALSE,FALSE
366,34,22,20,20,22,20,20,22,20,20,-2,-2,2,2,FALSE,FALSE
366,35,16,15,16,16,15,16,16,15,16,-1,0,1,0,FALSE,TRUE
366,36,12,12,10,12,12,10,12,12,10,0,-2,0,2,TRUE,FALSE
366,37,10,9,7,10,9,7,10,9,7,-1,-3,1,3,FALSE,FALSE
366,38,8,6,4,8,6,4,8,6,4,-2,-4,2,4,FALSE,FALSE
366,39,5,5,4,5,5,4,5,5,4,0,-1,0,1,TRUE,FALSE
366,40,3,4,5,3,4,5,3,4,5,1,2,1,2,FALSE,FALSE
366,41,3,2,3,3,2,3,3,2,3,-1,0,1,0,FALSE,TRUE
366,42,3,1,2,3,1,2,3,1,2,-2,-1,2,1,FALSE,FALSE
366,43,3,1,2,3,1,2,3,1,2,-2,-1,2,1,FALSE,FALSE
366,44,2,0,1,2,0,1,2,0,1,-2,-1,2,1,FALSE,FALSE
366,45,2,0,1,2,0,1,2,0,1,-2,-1,2,1,FALSE,FALSE
366,46,2,0,0,2,0,0,2,0,0,-2,-2,2,2,FALSE,FALSE
366,47,1,0,0,1,0,0,1,0,0,-1,-1,1,1,FALSE,FALSE
366,48,1,0,0,1,0,0,1,0,0,-1,-1,1,1,FALSE,FALSE
366,49,1,0,0,1,0,0,1,0,0,-1,-1,1,1,FALSE,FALSE
366,50,1,0,0,1,0,0,1,0,0,-1,-1,1,1,FALSE,FALSE
366,51,0,0,0,0,0,0,0,0,0,0,0,0,0,TRUE,TRUE
366,52,0,0,0,0,0,0,0,0,0,0,0,0,0,TRUE,TRUE
366,53,0,0,0,0,0,0,0,0,0,0,0,0,0,TRUE,TRUE
366,54,0,0,0,0,0,0,0,0,0,0,0,0,0,TRUE,TRUE
366,55,0,0,0,0,0,0,0,0,0,0,0,0,0,TRUE,TRUE
366,56,0,0,0,0,0,0,0,0,0,0,0,0,0,TRUE,TRUE
366,57,0,0,0,0,0,0,0,0,0,0,0,0,0,TRUE,TRUE
366,58,0,0,0,0,0,0,0,0,0,0,0,0,0,TRUE,TRUE
366,59,0,0,0,0,0,0,0,0,0,0,0,0,0,TRUE,TRUE
366,60,0,0,0,0,0,0,0,0,0,0,0,0,0,TRUE,TRUE
367,0,51,51,51,51,51,51,51,51,51,0,0,0,0,TRUE,TRUE
367,1,72,69,67,72,69,67,72,69,67,-3,-5,3,5,FALSE,FALSE
367,2,93,97,89,93,97,89,93,97,89,4,-4,4,4,FALSE,FALSE
367,3,119,128,127,119,128,127,119,128,127,9,8,9,8,FALSE,FALSE
367,4,147,170,167,147,170,167,147,170,167,23,20,23,20,FALSE,FALSE
367,5,206,225,222,206,225,222,206,225,222,19,16,19,16,FALSE,FALSE
367,6,255,308,303,255,308,303,255,308,303,53,48,53,48,FALSE,FALSE
367,7,322,397,407,322,397,407,322,397,407,75,85,75,85,FALSE,FALSE
367,8,417,502,528,417,502,528,417,502,528,85,111,85,111,FALSE,FALSE
367,9,530,643,702,530,643,702,530,643,702,113,172,113,172,FALSE,FALSE
367,10,658,783,869,658,783,869,658,783,869,125,211,125,211,FALSE,FALSE
367,11,836,1017,1088,836,1017,1088,836,1017,1088,181,252,181,252,FALSE,FALSE
367,12,1039,1240,1320,1039,1240,1320,1039,1240,1320,201,281,201,281,FALSE,FALSE
367,13,1253,1500,1552,1253,1500,1552,1253,1500,1552,247,299,247,299,FALSE,FALSE
367,14,1503,1798,1798,1503,1798,1798,1503,1798,1798,295,295,295,295,FALSE,FALSE
367,15,1796,2053,2095,1796,2053,2095,1796,2053,2095,257,299,257,299,FALSE,FALSE
367,16,2059,2316,2313,2059,2316,2313,2059,2316,2313,257,254,257,254,FALSE,FALSE
367,17,2289,2462,2484,2289,2462,2484,2289,2462,2484,173,195,173,195,FALSE,FALSE
367,18,2502,2624,2627,2502,2624,2627,2502,2624,2627,122,125,122,125,FALSE,FALSE
367,19,2651,2723,2688,2651,2723,2688,2651,2723,2688,72,37,72,37,FALSE,FALSE
367,20,2717,2708,2752,2717,2708,2752,2717,2708,2752,-9,35,9,35,FALSE,FALSE
367,21,2755,2673,2771,2755,2673,2771,2755,2673,2771,-82,16,82,16,FALSE,FALSE
367,22,2718,2560,2685,2718,2560,2685,2718,2560,2685,-158,-33,158,33,FALSE,FALSE
367,23,2655,2490,2573,2655,2490,2573,2655,2490,2573,-165,-82,165,82,FALSE,FALSE
367,24,2542,2383,2438,2542,2383,2438,2542,2383,2438,-159,-104,159,104,FALSE,FALSE
367,25,2405,2248,2265,2405,2248,2265,2405,2248,2265,-157,-140,157,140,FALSE,FALSE
367,26,2273,2126,2123,2273,2126,2123,2273,2126,2123,-147,-150,147,150,FALSE,FALSE
367,27,2137,1977,1968,2137,1977,1968,2137,1977,1968,-160,-169,160,169,FALSE,FALSE
367,28,1964,1837,1854,1964,1837,1854,1964,1837,1854,-127,-110,127,110,FALSE,FALSE
367,29,1801,1682,1714,1801,1682,1714,1801,1682,1714,-119,-87,119,87,FALSE,FALSE
367,30,1616,1519,1547,1616,1519,1547,1616,1519,1547,-97,-69,97,69,FALSE,FALSE
367,31,1493,1397,1414,1493,1397,1414,1493,1397,1414,-96,-79,96,79,FALSE,FALSE
367,32,1361,1273,1288,1361,1273,1288,1361,1273,1288,-88,-73,88,73,FALSE,FALSE
367,33,1265,1143,1181,1265,1143,1181,1265,1143,1181,-122,-84,122,84,FALSE,FALSE
367,34,1166,1022,1074,1166,1022,1074,1166,1022,1074,-144,-92,144,92,FALSE,FALSE
367,35,1046,928,992,1046,928,992,1046,928,992,-118,-54,118,54,FALSE,FALSE
367,36,950,836,916,950,836,916,950,836,916,-114,-34,114,34,FALSE,FALSE
367,37,860,741,817,860,741,817,860,741,817,-119,-43,119,43,FALSE,FALSE
367,38,795,675,732,795,675,732,795,675,732,-120,-63,120,63,FALSE,FALSE
367,39,704,606,658,704,606,658,704,606,658,-98,-46,98,46,FALSE,FALSE
367,40,635,547,596,635,547,596,635,547,596,-88,-39,88,39,FALSE,FALSE
367,41,581,493,521,581,493,521,581,493,521,-88,-60,88,60,FALSE,FALSE
367,42,518,443,470,518,443,470,518,443,470,-75,-48,75,48,FALSE,FALSE
367,43,472,395,426,472,395,426,472,395,426,-77,-46,77,46,FALSE,FALSE
367,44,430,363,392,430,363,392,430,363,392,-67,-38,67,38,FALSE,FALSE
367,45,385,325,355,385,325,355,385,325,355,-60,-30,60,30,FALSE,FALSE
367,46,349,294,324,349,294,324,349,294,324,-55,-25,55,25,FALSE,FALSE
367,47,309,262,297,309,262,297,309,262,297,-47,-12,47,12,FALSE,FALSE
367,48,269,233,269,269,233,269,269,233,269,-36,0,36,0,FALSE,TRUE
367,49,248,201,238,248,201,238,248,201,238,-47,-10,47,10,FALSE,FALSE
367,50,223,180,213,223,180,213,223,180,213,-43,-10,43,10,FALSE,FALSE
367,51,195,160,202,195,160,202,195,160,202,-35,7,35,7,FALSE,FALSE
367,52,176,146,172,176,146,172,176,146,172,-30,-4,30,4,FALSE,FALSE
367,53,165,129,154,165,129,154,165,129,154,-36,-11,36,11,FALSE,FALSE
367,54,152,111,143,152,111,143,152,111,143,-41,-9,41,9,FALSE,FALSE
367,55,140,99,125,140,99,125,140,99,125,-41,-15,41,15,FALSE,FALSE
367,56,121,95,102,121,95,102,121,95,102,-26,-19,26,19,FALSE,FALSE
367,57,111,81,89,111,81,89,111,81,89,-30,-22,30,22,FALSE,FALSE
367,58,102,74,83,102,74,83,102,74,83,-28,-19,28,19,FALSE,FALSE
367,59,93,58,72,93,58,72,93,58,72,-35,-21,35,21,FALSE,FALSE
367,60,85,54,63,85,54,63,85,54,63,-31,-22,31,22,FALSE,FALSE
368,0,124,124,124,124,124,124,124,124,124,0,0,0,0,TRUE,TRUE
368,1,129,136,145,129,136,145,129,136,145,7,16,7,16,FALSE,FALSE
368,2,146,149,161,146,149,161,146,149,161,3,15,3,15,FALSE,FALSE
368,3,171,166,192,171,166,192,171,166,192,-5,21,5,21,FALSE,FALSE
368,4,180,178,213,180,178,213,180,178,213,-2,33,2,33,FALSE,FALSE
368,5,188,197,243,188,197,243,188,197,243,9,55,9,55,FALSE,FALSE
368,6,217,218,262,217,218,262,217,218,262,1,45,1,45,FALSE,FALSE
368,7,237,242,291,237,242,291,237,242,291,5,54,5,54,FALSE,FALSE
368,8,251,260,326,251,260,326,251,260,326,9,75,9,75,FALSE,FALSE
368,9,264,283,349,264,283,349,264,283,349,19,85,19,85,FALSE,FALSE
368,10,294,305,369,294,305,369,294,305,369,11,75,11,75,FALSE,FALSE
368,11,319,315,405,319,315,405,319,315,405,-4,86,4,86,FALSE,FALSE
368,12,353,339,441,353,339,441,353,339,441,-14,88,14,88,FALSE,FALSE
368,13,379,344,484,379,344,484,379,344,484,-35,105,35,105,FALSE,FALSE
368,14,401,376,553,401,376,553,401,376,553,-25,152,25,152,FALSE,FALSE
368,15,443,418,593,443,418,593,443,418,593,-25,150,25,150,FALSE,FALSE
368,16,484,434,632,484,434,632,484,434,632,-50,148,50,148,FALSE,FALSE
368,17,537,480,670,537,480,670,537,480,670,-57,133,57,133,FALSE,FALSE
368,18,556,507,704,556,507,704,556,507,704,-49,148,49,148,FALSE,FALSE
368,19,565,557,752,565,557,752,565,557,752,-8,187,8,187,FALSE,FALSE
368,20,603,597,761,603,597,761,603,597,761,-6,158,6,158,FALSE,FALSE
368,21,652,615,793,652,615,793,652,615,793,-37,141,37,141,FALSE,FALSE
368,22,698,633,810,698,633,810,698,633,810,-65,112,65,112,FALSE,FALSE
368,23,722,669,826,722,669,826,722,669,826,-53,104,53,104,FALSE,FALSE
368,24,764,684,857,764,684,857,764,684,857,-80,93,80,93,FALSE,FALSE
368,25,788,710,900,788,710,900,788,710,900,-78,112,78,112,FALSE,FALSE
368,26,788,732,917,788,732,917,788,732,917,-56,129,56,129,FALSE,FALSE
368,27,807,748,938,807,748,938,807,748,938,-59,131,59,131,FALSE,FALSE
368,28,831,775,938,831,775,938,831,775,938,-56,107,56,107,FALSE,FALSE
368,29,870,783,919,870,783,919,870,783,919,-87,49,87,49,FALSE,FALSE
368,30,876,793,936,876,793,936,876,793,936,-83,60,83,60,FALSE,FALSE
368,31,876,791,933,876,791,933,876,791,933,-85,57,85,57,FALSE,FALSE
368,32,870,808,927,870,808,927,870,808,927,-62,57,62,57,FALSE,FALSE
368,33,874,797,903,874,797,903,874,797,903,-77,29,77,29,FALSE,FALSE
368,34,863,786,874,863,786,874,863,786,874,-77,11,77,11,FALSE,FALSE
368,35,854,784,864,854,784,864,854,784,864,-70,10,70,10,FALSE,FALSE
368,36,832,775,850,832,775,850,832,775,850,-57,18,57,18,FALSE,FALSE
368,37,814,763,845,814,763,845,814,763,845,-51,31,51,31,FALSE,FALSE
368,38,804,737,826,804,737,826,804,737,826,-67,22,67,22,FALSE,FALSE
368,39,797,713,799,797,713,799,797,713,799,-84,2,84,2,FALSE,FALSE
368,40,761,692,763,761,692,763,761,692,763,-69,2,69,2,FALSE,FALSE
368,41,732,687,743,732,687,743,732,687,743,-45,11,45,11,FALSE,FALSE
368,42,701,681,723,701,681,723,701,681,723,-20,22,20,22,FALSE,FALSE
368,43,676,645,684,676,645,684,676,645,684,-31,8,31,8,FALSE,FALSE
368,44,635,649,657,635,649,657,635,649,657,14,22,14,22,FALSE,FALSE
368,45,616,631,640,616,631,640,616,631,640,15,24,15,24,FALSE,FALSE
368,46,587,615,603,587,615,603,587,615,603,28,16,28,16,FALSE,FALSE
368,47,559,601,571,559,601,571,559,601,571,42,12,42,12,FALSE,FALSE
368,48,515,567,539,515,567,539,515,567,539,52,24,52,24,FALSE,FALSE
368,49,495,546,521,495,546,521,495,546,521,51,26,51,26,FALSE,FALSE
368,50,464,522,506,464,522,506,464,522,506,58,42,58,42,FALSE,FALSE
368,51,451,507,467,451,507,467,451,507,467,56,16,56,16,FALSE,FALSE
368,52,437,504,437,437,504,437,437,504,437,67,0,67,0,FALSE,TRUE
368,53,428,492,420,428,492,420,428,492,420,64,-8,64,8,FALSE,FALSE
368,54,401,475,389,401,475,389,401,475,389,74,-12,74,12,FALSE,FALSE
368,55,361,443,360,361,443,360,361,443,360,82,-1,82,1,FALSE,FALSE
368,56,338,414,340,338,414,340,338,414,340,76,2,76,2,FALSE,FALSE
368,57,313,407,323,313,407,323,313,407,323,94,10,94,10,FALSE,FALSE
368,58,306,390,308,306,390,308,306,390,308,84,2,84,2,FALSE,FALSE
368,59,285,399,296,285,399,296,285,399,296,114,11,114,11,FALSE,FALSE
368,60,274,379,270,274,379,270,274,379,270,105,-4,105,4,FALSE,FALSE
369,0,138,138,138,138,138,138,138,138,138,0,0,0,0,TRUE,TRUE
369,1,172,180,184,172,180,184,172,180,184,8,12,8,12,FALSE,FALSE
369,2,203,236,240,203,236,240,203,236,240,33,37,33,37,FALSE,FALSE
369,3,250,304,305,250,304,305,250,304,305,54,55,54,55,FALSE,FALSE
369,4,309,400,372,309,400,372,309,400,372,91,63,91,63,FALSE,FALSE
369,5,390,508,462,390,508,462,390,508,462,118,72,118,72,FALSE,FALSE
369,6,476,638,595,476,638,595,476,638,595,162,119,162,119,FALSE,FALSE
369,7,604,773,750,604,773,750,604,773,750,169,146,169,146,FALSE,FALSE
369,8,731,932,931,731,932,931,731,932,931,201,200,201,200,FALSE,FALSE
369,9,918,1107,1133,918,1107,1133,918,1107,1133,189,215,189,215,FALSE,FALSE
369,10,1085,1328,1382,1085,1328,1382,1085,1328,1382,243,297,243,297,FALSE,FALSE
369,11,1315,1582,1630,1315,1582,1630,1315,1582,1630,267,315,267,315,FALSE,FALSE
369,12,1510,1809,1870,1510,1809,1870,1510,1809,1870,299,360,299,360,FALSE,FALSE
369,13,1729,2068,2128,1729,2068,2128,1729,2068,2128,339,399,339,399,FALSE,FALSE
369,14,1943,2250,2372,1943,2250,2372,1943,2250,2372,307,429,307,429,FALSE,FALSE
369,15,2186,2470,2576,2186,2470,2576,2186,2470,2576,284,390,284,390,FALSE,FALSE
369,16,2405,2594,2751,2405,2594,2751,2405,2594,2751,189,346,189,346,FALSE,FALSE
369,17,2614,2749,2887,2614,2749,2887,2614,2749,2887,135,273,135,273,FALSE,FALSE
369,18,2751,2851,2964,2751,2851,2964,2751,2851,2964,100,213,100,213,FALSE,FALSE
369,19,2834,2875,2975,2834,2875,2975,2834,2875,2975,41,141,41,141,FALSE,FALSE
369,20,2891,2852,2961,2891,2852,2961,2891,2852,2961,-39,70,39,70,FALSE,FALSE
369,21,2870,2837,2917,2870,2837,2917,2870,2837,2917,-33,47,33,47,FALSE,FALSE
369,22,2827,2801,2869,2827,2801,2869,2827,2801,2869,-26,42,26,42,FALSE,FALSE
369,23,2797,2663,2802,2797,2663,2802,2797,2663,2802,-134,5,134,5,FALSE,FALSE
369,24,2716,2562,2718,2716,2562,2718,2716,2562,2718,-154,2,154,2,FALSE,FALSE
369,25,2592,2452,2560,2592,2452,2560,2592,2452,2560,-140,-32,140,32,FALSE,FALSE
369,26,2505,2323,2445,2505,2323,2445,2505,2323,2445,-182,-60,182,60,FALSE,FALSE
369,27,2401,2203,2325,2401,2203,2325,2401,2203,2325,-198,-76,198,76,FALSE,FALSE
369,28,2277,2078,2197,2277,2078,2197,2277,2078,2197,-199,-80,199,80,FALSE,FALSE
369,29,2126,1943,2066,2126,1943,2066,2126,1943,2066,-183,-60,183,60,FALSE,FALSE
369,30,2000,1821,1923,2000,1821,1923,2000,1821,1923,-179,-77,179,77,FALSE,FALSE
369,31,1873,1706,1787,1873,1706,1787,1873,1706,1787,-167,-86,167,86,FALSE,FALSE
369,32,1754,1584,1669,1754,1584,1669,1754,1584,1669,-170,-85,170,85,FALSE,FALSE
369,33,1635,1476,1556,1635,1476,1556,1635,1476,1556,-159,-79,159,79,FALSE,FALSE
369,34,1529,1358,1433,1529,1358,1433,1529,1358,1433,-171,-96,171,96,FALSE,FALSE
369,35,1415,1254,1321,1415,1254,1321,1415,1254,1321,-161,-94,161,94,FALSE,FALSE
369,36,1305,1153,1204,1305,1153,1204,1305,1153,1204,-152,-101,152,101,FALSE,FALSE
369,37,1216,1063,1120,1216,1063,1120,1216,1063,1120,-153,-96,153,96,FALSE,FALSE
369,38,1135,973,1034,1135,973,1034,1135,973,1034,-162,-101,162,101,FALSE,FALSE
369,39,1055,897,949,1055,897,949,1055,897,949,-158,-106,158,106,FALSE,FALSE
369,40,980,811,874,980,811,874,980,811,874,-169,-106,169,106,FALSE,FALSE
369,41,915,764,798,915,764,798,915,764,798,-151,-117,151,117,FALSE,FALSE
369,42,845,706,742,845,706,742,845,706,742,-139,-103,139,103,FALSE,FALSE
369,43,789,645,675,789,645,675,789,645,675,-144,-114,144,114,FALSE,FALSE
369,44,736,593,593,736,593,593,736,593,593,-143,-143,143,143,FALSE,FALSE
369,45,667,548,548,667,548,548,667,548,548,-119,-119,119,119,FALSE,FALSE
369,46,605,503,510,605,503,510,605,503,510,-102,-95,102,95,FALSE,FALSE
369,47,552,455,457,552,455,457,552,455,457,-97,-95,97,95,FALSE,FALSE
369,48,503,423,419,503,423,419,503,423,419,-80,-84,80,84,FALSE,FALSE
369,49,458,385,382,458,385,382,458,385,382,-73,-76,73,76,FALSE,FALSE
369,50,415,348,358,415,348,358,415,348,358,-67,-57,67,57,FALSE,FALSE
369,51,380,323,327,380,323,327,380,323,327,-57,-53,57,53,FALSE,FALSE
369,52,357,297,308,357,297,308,357,297,308,-60,-49,60,49,FALSE,FALSE
369,53,333,270,284,333,270,284,333,270,284,-63,-49,63,49,FALSE,FALSE
369,54,311,249,263,311,249,263,311,249,263,-62,-48,62,48,FALSE,FALSE
369,55,280,224,240,280,224,240,280,224,240,-56,-40,56,40,FALSE,FALSE
369,56,267,203,225,267,203,225,267,203,225,-64,-42,64,42,FALSE,FALSE
369,57,234,187,210,234,187,210,234,187,210,-47,-24,47,24,FALSE,FALSE
369,58,211,174,190,211,174,190,211,174,190,-37,-21,37,21,FALSE,FALSE
369,59,193,156,174,193,156,174,193,156,174,-37,-19,37,19,FALSE,FALSE
369,60,176,142,156,176,142,156,176,142,156,-34,-20,34,20,FALSE,FALSE
370,0,79,79,79,79,79,79,79,79,79,0,0,0,0,TRUE,TRUE
370,1,129,107,144,129,107,144,129,107,144,-22,15,22,15,FALSE,FALSE
370,2,217,131,237,217,131,237,217,131,237,-86,20,86,20,FALSE,FALSE
370,3,375,161,420,375,161,420,375,161,420,-214,45,214,45,FALSE,FALSE
370,4,627,215,756,627,215,756,627,215,756,-412,129,412,129,FALSE,FALSE
370,5,1018,271,1251,1018,271,1251,1018,271,1251,-747,233,747,233,FALSE,FALSE
370,6,1590,371,1921,1590,371,1921,1590,371,1921,-1219,331,1219,331,FALSE,FALSE
370,7,2317,483,2632,2317,483,2632,2317,483,2632,-1834,315,1834,315,FALSE,FALSE
370,8,3043,622,3348,3043,622,3348,3043,622,3348,-2421,305,2421,305,FALSE,FALSE
370,9,3565,786,3752,3565,786,3752,3565,786,3752,-2779,187,2779,187,FALSE,FALSE
370,10,3797,935,3893,3797,935,3893,3797,935,3893,-2862,96,2862,96,FALSE,FALSE
370,11,3718,1135,3734,3718,1135,3734,3718,1135,3734,-2583,16,2583,16,FALSE,FALSE
370,12,3429,1340,3398,3429,1340,3398,3429,1340,3398,-2089,-31,2089,31,FALSE,FALSE
370,13,3039,1520,3005,3039,1520,3005,3039,1520,3005,-1519,-34,1519,34,FALSE,FALSE
370,14,2606,1708,2553,2606,1708,2553,2606,1708,2553,-898,-53,898,53,FALSE,FALSE
370,15,2212,1906,2161,2212,1906,2161,2212,1906,2161,-306,-51,306,51,FALSE,FALSE
370,16,1827,2039,1772,1827,2039,1772,1827,2039,1772,212,-55,212,55,FALSE,FALSE
370,17,1516,2098,1460,1516,2098,1460,1516,2098,1460,582,-56,582,56,FALSE,FALSE
370,18,1260,2121,1204,1260,2121,1204,1260,2121,1204,861,-56,861,56,FALSE,FALSE
370,19,1032,2163,980,1032,2163,980,1032,2163,980,1131,-52,1131,52,FALSE,FALSE
370,20,857,2066,805,857,2066,805,857,2066,805,1209,-52,1209,52,FALSE,FALSE
370,21,694,1937,648,694,1937,648,694,1937,648,1243,-46,1243,46,FALSE,FALSE
370,22,555,1800,528,555,1800,528,555,1800,528,1245,-27,1245,27,FALSE,FALSE
370,23,457,1689,437,457,1689,437,457,1689,437,1232,-20,1232,20,FALSE,FALSE
370,24,364,1526,352,364,1526,352,364,1526,352,1162,-12,1162,12,FALSE,FALSE
370,25,304,1393,288,304,1393,288,304,1393,288,1089,-16,1089,16,FALSE,FALSE
370,26,233,1249,216,233,1249,216,233,1249,216,1016,-17,1016,17,FALSE,FALSE
370,27,199,1141,176,199,1141,176,199,1141,176,942,-23,942,23,FALSE,FALSE
370,28,157,1035,139,157,1035,139,157,1035,139,878,-18,878,18,FALSE,FALSE
370,29,122,910,118,122,910,118,122,910,118,788,-4,788,4,FALSE,FALSE
370,30,95,794,98,95,794,98,95,794,98,699,3,699,3,FALSE,FALSE
370,31,81,682,76,81,682,76,81,682,76,601,-5,601,5,FALSE,FALSE
370,32,59,588,63,59,588,63,59,588,63,529,4,529,4,FALSE,FALSE
370,33,46,511,51,46,511,51,46,511,51,465,5,465,5,FALSE,FALSE
370,34,41,446,43,41,446,43,41,446,43,405,2,405,2,FALSE,FALSE
370,35,35,369,35,35,369,35,35,369,35,334,0,334,0,FALSE,TRUE
370,36,27,298,22,27,298,22,27,298,22,271,-5,271,5,FALSE,FALSE
370,37,21,256,19,21,256,19,21,256,19,235,-2,235,2,FALSE,FALSE
370,38,15,215,14,15,215,14,15,215,14,200,-1,200,1,FALSE,FALSE
370,39,11,191,11,11,191,11,11,191,11,180,0,180,0,FALSE,TRUE
370,40,9,162,8,9,162,8,9,162,8,153,-1,153,1,FALSE,FALSE
370,41,7,141,7,7,141,7,7,141,7,134,0,134,0,FALSE,TRUE
370,42,6,123,3,6,123,3,6,123,3,117,-3,117,3,FALSE,FALSE
370,43,3,95,2,3,95,2,3,95,2,92,-1,92,1,FALSE,FALSE
370,44,2,79,2,2,79,2,2,79,2,77,0,77,0,FALSE,TRUE
370,45,2,73,2,2,73,2,2,73,2,71,0,71,0,FALSE,TRUE
370,46,2,61,1,2,61,1,2,61,1,59,-1,59,1,FALSE,FALSE
370,47,2,48,1,2,48,1,2,48,1,46,-1,46,1,FALSE,FALSE
370,48,2,41,1,2,41,1,2,41,1,39,-1,39,1,FALSE,FALSE
370,49,2,32,1,2,32,1,2,32,1,30,-1,30,1,FALSE,FALSE
370,50,2,29,0,2,29,0,2,29,0,27,-2,27,2,FALSE,FALSE
370,51,2,26,0,2,26,0,2,26,0,24,-2,24,2,FALSE,FALSE
370,52,2,24,0,2,24,0,2,24,0,22,-2,22,2,FALSE,FALSE
370,53,2,23,0,2,23,0,2,23,0,21,-2,21,2,FALSE,FALSE
370,54,2,22,0,2,22,0,2,22,0,20,-2,20,2,FALSE,FALSE
370,55,1,15,0,1,15,0,1,15,0,14,-1,14,1,FALSE,FALSE
370,56,1,11,0,1,11,0,1,11,0,10,-1,10,1,FALSE,FALSE
370,57,0,9,0,0,9,0,0,9,0,9,0,9,0,FALSE,TRUE
370,58,0,8,0,0,8,0,0,8,0,8,0,8,0,FALSE,TRUE
370,59,0,7,0,0,7,0,0,7,0,7,0,7,0,FALSE,TRUE
370,60,0,6,0,0,6,0,0,6,0,6,0,6,0,FALSE,TRUE
371,0,56,56,56,56,56,56,56,56,56,0,0,0,0,TRUE,TRUE
371,1,95,63,92,95,63,92,95,63,92,-32,-3,32,3,FALSE,FALSE
371,2,140,72,139,140,72,139,140,72,139,-68,-1,68,1,FALSE,FALSE
371,3,201,81,201,201,81,201,201,81,201,-120,0,120,0,FALSE,TRUE
371,4,300,86,311,300,86,311,300,86,311,-214,11,214,11,FALSE,FALSE
371,5,429,91,435,429,91,435,429,91,435,-338,6,338,6,FALSE,FALSE
371,6,610,97,586,610,97,586,610,97,586,-513,-24,513,24,FALSE,FALSE
371,7,825,97,797,825,97,797,825,97,797,-728,-28,728,28,FALSE,FALSE
371,8,1132,100,1083,1132,100,1083,1132,100,1083,-1032,-49,1032,49,FALSE,FALSE
371,9,1464,100,1388,1464,100,1388,1464,100,1388,-1364,-76,1364,76,FALSE,FALSE
371,10,1784,108,1699,1784,108,1699,1784,108,1699,-1676,-85,1676,85,FALSE,FALSE
371,11,2065,110,1985,2065,110,1985,2065,110,1985,-1955,-80,1955,80,FALSE,FALSE
371,12,2229,121,2162,2229,121,2162,2229,121,2162,-2108,-67,2108,67,FALSE,FALSE
371,13,2293,113,2234,2293,113,2234,2293,113,2234,-2180,-59,2180,59,FALSE,FALSE
371,14,2237,120,2243,2237,120,2243,2237,120,2243,-2117,6,2117,6,FALSE,FALSE
371,15,2129,121,2110,2129,121,2110,2129,121,2110,-2008,-19,2008,19,FALSE,FALSE
371,16,1937,118,1943,1937,118,1943,1937,118,1943,-1819,6,1819,6,FALSE,FALSE
371,17,1690,125,1681,1690,125,1681,1690,125,1681,-1565,-9,1565,9,FALSE,FALSE
371,18,1428,120,1439,1428,120,1439,1428,120,1439,-1308,11,1308,11,FALSE,FALSE
371,19,1188,138,1203,1188,138,1203,1188,138,1203,-1050,15,1050,15,FALSE,FALSE
371,20,963,142,991,963,142,991,963,142,991,-821,28,821,28,FALSE,FALSE
371,21,814,159,836,814,159,836,814,159,836,-655,22,655,22,FALSE,FALSE
371,22,653,161,682,653,161,682,653,161,682,-492,29,492,29,FALSE,FALSE
371,23,530,181,575,530,181,575,530,181,575,-349,45,349,45,FALSE,FALSE
371,24,422,183,450,422,183,450,422,183,450,-239,28,239,28,FALSE,FALSE
371,25,339,183,376,339,183,376,339,183,376,-156,37,156,37,FALSE,FALSE
371,26,283,190,294,283,190,294,283,190,294,-93,11,93,11,FALSE,FALSE
371,27,223,186,235,223,186,235,223,186,235,-37,12,37,12,FALSE,FALSE
371,28,175,189,179,175,189,179,175,189,179,14,4,14,4,FALSE,FALSE
371,29,145,193,143,145,193,143,145,193,143,48,-2,48,2,FALSE,FALSE
371,30,119,192,108,119,192,108,119,192,108,73,-11,73,11,FALSE,FALSE
371,31,91,201,94,91,201,94,91,201,94,110,3,110,3,FALSE,FALSE
371,32,80,192,73,80,192,73,80,192,73,112,-7,112,7,FALSE,FALSE
371,33,54,195,61,54,195,61,54,195,61,141,7,141,7,FALSE,FALSE
371,34,45,194,56,45,194,56,45,194,56,149,11,149,11,FALSE,FALSE
371,35,37,192,50,37,192,50,37,192,50,155,13,155,13,FALSE,FALSE
371,36,33,202,42,33,202,42,33,202,42,169,9,169,9,FALSE,FALSE
371,37,23,208,36,23,208,36,23,208,36,185,13,185,13,FALSE,FALSE
371,38,16,197,32,16,197,32,16,197,32,181,16,181,16,FALSE,FALSE
371,39,13,199,28,13,199,28,13,199,28,186,15,186,15,FALSE,FALSE
371,40,11,207,24,11,207,24,11,207,24,196,13,196,13,FALSE,FALSE
371,41,8,204,21,8,204,21,8,204,21,196,13,196,13,FALSE,FALSE
371,42,5,205,17,5,205,17,5,205,17,200,12,200,12,FALSE,FALSE
371,43,2,203,13,2,203,13,2,203,13,201,11,201,11,FALSE,FALSE
371,44,1,205,12,1,205,12,1,205,12,204,11,204,11,FALSE,FALSE
371,45,0,211,9,0,211,9,0,211,9,211,9,211,9,FALSE,FALSE
371,46,0,206,10,0,206,10,0,206,10,206,10,206,10,FALSE,FALSE
371,47,0,194,7,0,194,7,0,194,7,194,7,194,7,FALSE,FALSE
371,48,0,193,5,0,193,5,0,193,5,193,5,193,5,FALSE,FALSE
371,49,0,191,5,0,191,5,0,191,5,191,5,191,5,FALSE,FALSE
371,50,0,207,4,0,207,4,0,207,4,207,4,207,4,FALSE,FALSE
371,51,0,214,4,0,214,4,0,214,4,214,4,214,4,FALSE,FALSE
371,52,0,214,0,0,214,0,0,214,0,214,0,214,0,FALSE,TRUE
371,53,0,231,0,0,231,0,0,231,0,231,0,231,0,FALSE,TRUE
371,54,0,236,0,0,236,0,0,236,0,236,0,236,0,FALSE,TRUE
371,55,0,230,0,0,230,0,0,230,0,230,0,230,0,FALSE,TRUE
371,56,0,230,0,0,230,0,0,230,0,230,0,230,0,FALSE,TRUE
371,57,0,233,0,0,233,0,0,233,0,233,0,233,0,FALSE,TRUE
371,58,0,240,0,0,240,0,0,240,0,240,0,240,0,FALSE,TRUE
371,59,0,239,0,0,239,0,0,239,0,239,0,239,0,FALSE,TRUE
371,60,0,236,0,0,236,0,0,236,0,236,0,236,0,FALSE,TRUE
372,0,71,71,71,71,71,71,71,71,71,0,0,0,0,TRUE,TRUE
372,1,81,84,75,81,84,75,81,84,75,3,-6,3,6,FALSE,FALSE
372,2,86,81,83,86,81,83,86,81,83,-5,-3,5,3,FALSE,FALSE
372,3,93,95,91,93,95,91,93,95,91,2,-2,2,2,FALSE,FALSE
372,4,99,109,92,99,109,92,99,109,92,10,-7,10,7,FALSE,FALSE
372,5,106,110,97,106,110,97,106,110,97,4,-9,4,9,FALSE,FALSE
372,6,112,122,105,112,122,105,112,122,105,10,-7,10,7,FALSE,FALSE
372,7,123,129,112,123,129,112,123,129,112,6,-11,6,11,FALSE,FALSE
372,8,133,141,109,133,141,109,133,141,109,8,-24,8,24,FALSE,FALSE
372,9,146,153,116,146,153,116,146,153,116,7,-30,7,30,FALSE,FALSE
372,10,156,159,117,156,159,117,156,159,117,3,-39,3,39,FALSE,FALSE
372,11,162,179,112,162,179,112,162,179,112,17,-50,17,50,FALSE,FALSE
372,12,163,201,118,163,201,118,163,201,118,38,-45,38,45,FALSE,FALSE
372,13,174,230,128,174,230,128,174,230,128,56,-46,56,46,FALSE,FALSE
372,14,178,229,137,178,229,137,178,229,137,51,-41,51,41,FALSE,FALSE
372,15,182,244,144,182,244,144,182,244,144,62,-38,62,38,FALSE,FALSE
372,16,201,256,163,201,256,163,201,256,163,55,-38,55,38,FALSE,FALSE
372,17,200,267,180,200,267,180,200,267,180,67,-20,67,20,FALSE,FALSE
372,18,215,290,190,215,290,190,215,290,190,75,-25,75,25,FALSE,FALSE
372,19,217,321,199,217,321,199,217,321,199,104,-18,104,18,FALSE,FALSE
372,20,226,340,213,226,340,213,226,340,213,114,-13,114,13,FALSE,FALSE
372,21,247,359,226,247,359,226,247,359,226,112,-21,112,21,FALSE,FALSE
372,22,251,378,236,251,378,236,251,378,236,127,-15,127,15,FALSE,FALSE
372,23,252,390,260,252,390,260,252,390,260,138,8,138,8,FALSE,FALSE
372,24,248,411,270,248,411,270,248,411,270,163,22,163,22,FALSE,FALSE
372,25,257,422,281,257,422,281,257,422,281,165,24,165,24,FALSE,FALSE
372,26,267,441,288,267,441,288,267,441,288,174,21,174,21,FALSE,FALSE
372,27,266,458,300,266,458,300,266,458,300,192,34,192,34,FALSE,FALSE
372,28,286,465,315,286,465,315,286,465,315,179,29,179,29,FALSE,FALSE
372,29,302,483,339,302,483,339,302,483,339,181,37,181,37,FALSE,FALSE
372,30,319,505,363,319,505,363,319,505,363,186,44,186,44,FALSE,FALSE
372,31,323,527,382,323,527,382,323,527,382,204,59,204,59,FALSE,FALSE
372,32,330,555,410,330,555,410,330,555,410,225,80,225,80,FALSE,FALSE
372,33,344,556,428,344,556,428,344,556,428,212,84,212,84,FALSE,FALSE
372,34,349,571,452,349,571,452,349,571,452,222,103,222,103,FALSE,FALSE
372,35,371,584,455,371,584,455,371,584,455,213,84,213,84,FALSE,FALSE
372,36,401,600,459,401,600,459,401,600,459,199,58,199,58,FALSE,FALSE
372,37,409,610,466,409,610,466,409,610,466,201,57,201,57,FALSE,FALSE
372,38,433,628,483,433,628,483,433,628,483,195,50,195,50,FALSE,FALSE
372,39,453,646,503,453,646,503,453,646,503,193,50,193,50,FALSE,FALSE
372,40,465,643,519,465,643,519,465,643,519,178,54,178,54,FALSE,FALSE
372,41,484,647,519,484,647,519,484,647,519,163,35,163,35,FALSE,FALSE
372,42,482,647,532,482,647,532,482,647,532,165,50,165,50,FALSE,FALSE
372,43,473,652,549,473,652,549,473,652,549,179,76,179,76,FALSE,FALSE
372,44,485,650,559,485,650,559,485,650,559,165,74,165,74,FALSE,FALSE
372,45,476,641,565,476,641,565,476,641,565,165,89,165,89,FALSE,FALSE
372,46,497,624,586,497,624,586,497,624,586,127,89,127,89,FALSE,FALSE
372,47,503,614,584,503,614,584,503,614,584,111,81,111,81,FALSE,FALSE
372,48,521,590,619,521,590,619,521,590,619,69,98,69,98,FALSE,FALSE
372,49,540,578,625,540,578,625,540,578,625,38,85,38,85,FALSE,FALSE
372,50,540,573,630,540,573,630,540,573,630,33,90,33,90,FALSE,FALSE
372,51,551,577,644,551,577,644,551,577,644,26,93,26,93,FALSE,FALSE
372,52,556,568,655,556,568,655,556,568,655,12,99,12,99,FALSE,FALSE
372,53,539,540,643,539,540,643,539,540,643,1,104,1,104,FALSE,FALSE
372,54,552,515,674,552,515,674,552,515,674,-37,122,37,122,FALSE,FALSE
372,55,553,510,688,553,510,688,553,510,688,-43,135,43,135,FALSE,FALSE
372,56,563,503,692,563,503,692,563,503,692,-60,129,60,129,FALSE,FALSE
372,57,572,489,695,572,489,695,572,489,695,-83,123,83,123,FALSE,FALSE
372,58,561,479,684,561,479,684,561,479,684,-82,123,82,123,FALSE,FALSE
372,59,578,465,677,578,465,677,578,465,677,-113,99,113,99,FALSE,FALSE
372,60,567,456,686,567,456,686,567,456,686,-111,119,111,119,FALSE,FALSE
373,0,75,75,75,75,75,75,75,75,75,0,0,0,0,TRUE,TRUE
373,1,89,85,82,89,85,82,89,85,82,-4,-7,4,7,FALSE,FALSE
373,2,98,88,83,98,88,83,98,88,83,-10,-15,10,15,FALSE,FALSE
373,3,113,95,98,113,95,98,113,95,98,-18,-15,18,15,FALSE,FALSE
373,4,126,106,117,126,106,117,126,106,117,-20,-9,20,9,FALSE,FALSE
373,5,139,124,140,139,124,140,139,124,140,-15,1,15,1,FALSE,FALSE
373,6,154,135,146,154,135,146,154,135,146,-19,-8,19,8,FALSE,FALSE
373,7,159,146,154,159,146,154,159,146,154,-13,-5,13,5,FALSE,FALSE
373,8,171,169,157,171,169,157,171,169,157,-2,-14,2,14,FALSE,FALSE
373,9,168,183,172,168,183,172,168,183,172,15,4,15,4,FALSE,FALSE
373,10,189,209,166,189,209,166,189,209,166,20,-23,20,23,FALSE,FALSE
373,11,201,230,193,201,230,193,201,230,193,29,-8,29,8,FALSE,FALSE
373,12,220,260,211,220,260,211,220,260,211,40,-9,40,9,FALSE,FALSE
373,13,228,289,223,228,289,223,228,289,223,61,-5,61,5,FALSE,FALSE
373,14,266,309,243,266,309,243,266,309,243,43,-23,43,23,FALSE,FALSE
373,15,279,362,263,279,362,263,279,362,263,83,-16,83,16,FALSE,FALSE
373,16,300,395,275,300,395,275,300,395,275,95,-25,95,25,FALSE,FALSE
373,17,330,443,269,330,443,269,330,443,269,113,-61,113,61,FALSE,FALSE
373,18,359,493,294,359,493,294,359,493,294,134,-65,134,65,FALSE,FALSE
373,19,392,530,335,392,530,335,392,530,335,138,-57,138,57,FALSE,FALSE
373,20,431,574,372,431,574,372,431,574,372,143,-59,143,59,FALSE,FALSE
373,21,462,609,399,462,609,399,462,609,399,147,-63,147,63,FALSE,FALSE
373,22,479,652,425,479,652,425,479,652,425,173,-54,173,54,FALSE,FALSE
373,23,525,705,447,525,705,447,525,705,447,180,-78,180,78,FALSE,FALSE
373,24,558,753,486,558,753,486,558,753,486,195,-72,195,72,FALSE,FALSE
373,25,585,776,530,585,776,530,585,776,530,191,-55,191,55,FALSE,FALSE
373,26,633,851,558,633,851,558,633,851,558,218,-75,218,75,FALSE,FALSE
373,27,667,911,604,667,911,604,667,911,604,244,-63,244,63,FALSE,FALSE
373,28,712,955,626,712,955,626,712,955,626,243,-86,243,86,FALSE,FALSE
373,29,741,994,655,741,994,655,741,994,655,253,-86,253,86,FALSE,FALSE
373,30,824,1043,701,824,1043,701,824,1043,701,219,-123,219,123,FALSE,FALSE
373,31,865,1064,713,865,1064,713,865,1064,713,199,-152,199,152,FALSE,FALSE
373,32,913,1080,738,913,1080,738,913,1080,738,167,-175,167,175,FALSE,FALSE
373,33,956,1141,782,956,1141,782,956,1141,782,185,-174,185,174,FALSE,FALSE
373,34,991,1169,817,991,1169,817,991,1169,817,178,-174,178,174,FALSE,FALSE
373,35,995,1169,842,995,1169,842,995,1169,842,174,-153,174,153,FALSE,FALSE
373,36,1058,1215,853,1058,1215,853,1058,1215,853,157,-205,157,205,FALSE,FALSE
373,37,1081,1244,879,1081,1244,879,1081,1244,879,163,-202,163,202,FALSE,FALSE
373,38,1094,1247,893,1094,1247,893,1094,1247,893,153,-201,153,201,FALSE,FALSE
373,39,1094,1258,919,1094,1258,919,1094,1258,919,164,-175,164,175,FALSE,FALSE
373,40,1084,1277,936,1084,1277,936,1084,1277,936,193,-148,193,148,FALSE,FALSE
373,41,1099,1292,952,1099,1292,952,1099,1292,952,193,-147,193,147,FALSE,FALSE
373,42,1111,1285,976,1111,1285,976,1111,1285,976,174,-135,174,135,FALSE,FALSE
373,43,1128,1273,992,1128,1273,992,1128,1273,992,145,-136,145,136,FALSE,FALSE
373,44,1103,1236,1017,1103,1236,1017,1103,1236,1017,133,-86,133,86,FALSE,FALSE
373,45,1113,1212,1009,1113,1212,1009,1113,1212,1009,99,-104,99,104,FALSE,FALSE
373,46,1104,1205,1018,1104,1205,1018,1104,1205,1018,101,-86,101,86,FALSE,FALSE
373,47,1073,1201,996,1073,1201,996,1073,1201,996,128,-77,128,77,FALSE,FALSE
373,48,1063,1173,1006,1063,1173,1006,1063,1173,1006,110,-57,110,57,FALSE,FALSE
373,49,1074,1152,986,1074,1152,986,1074,1152,986,78,-88,78,88,FALSE,FALSE
373,50,1066,1089,989,1066,1089,989,1066,1089,989,23,-77,23,77,FALSE,FALSE
373,51,1021,1065,983,1021,1065,983,1021,1065,983,44,-38,44,38,FALSE,FALSE
373,52,1019,1008,997,1019,1008,997,1019,1008,997,-11,-22,11,22,FALSE,FALSE
373,53,989,962,959,989,962,959,989,962,959,-27,-30,27,30,FALSE,FALSE
373,54,971,912,940,971,912,940,971,912,940,-59,-31,59,31,FALSE,FALSE
373,55,946,879,943,946,879,943,946,879,943,-67,-3,67,3,FALSE,FALSE
373,56,933,841,925,933,841,925,933,841,925,-92,-8,92,8,FALSE,FALSE
373,57,901,801,918,901,801,918,901,801,918,-100,17,100,17,FALSE,FALSE
373,58,882,756,889,882,756,889,882,756,889,-126,7,126,7,FALSE,FALSE
373,59,885,721,875,885,721,875,885,721,875,-164,-10,164,10,FALSE,FALSE
373,60,859,695,838,859,695,838,859,695,838,-164,-21,164,21,FALSE,FALSE
374,0,128,128,128,128,128,128,128,128,128,0,0,0,0,TRUE,TRUE
374,1,204,195,191,204,195,191,204,195,191,-9,-13,9,13,FALSE,FALSE
374,2,285,272,274,285,272,274,285,272,274,-13,-11,13,11,FALSE,FALSE
374,3,405,386,401,405,386,401,405,386,401,-19,-4,19,4,FALSE,FALSE
374,4,545,527,595,545,527,595,545,527,595,-18,50,18,50,FALSE,FALSE
374,5,771,725,843,771,725,843,771,725,843,-46,72,46,72,FALSE,FALSE
374,6,1046,983,1090,1046,983,1090,1046,983,1090,-63,44,63,44,FALSE,FALSE
374,7,1359,1245,1428,1359,1245,1428,1359,1245,1428,-114,69,114,69,FALSE,FALSE
374,8,1673,1534,1775,1673,1534,1775,1673,1534,1775,-139,102,139,102,FALSE,FALSE
374,9,1970,1820,2087,1970,1820,2087,1970,1820,2087,-150,117,150,117,FALSE,FALSE
374,10,2182,2068,2340,2182,2068,2340,2182,2068,2340,-114,158,114,158,FALSE,FALSE
374,11,2285,2253,2479,2285,2253,2479,2285,2253,2479,-32,194,32,194,FALSE,FALSE
374,12,2255,2263,2473,2255,2263,2473,2255,2263,2473,8,218,8,218,FALSE,FALSE
374,13,2215,2252,2418,2215,2252,2418,2215,2252,2418,37,203,37,203,FALSE,FALSE
374,14,2098,2116,2212,2098,2116,2212,2098,2116,2212,18,114,18,114,FALSE,FALSE
374,15,1891,1987,1999,1891,1987,1999,1891,1987,1999,96,108,96,108,FALSE,FALSE
374,16,1678,1808,1779,1678,1808,1779,1678,1808,1779,130,101,130,101,FALSE,FALSE
374,17,1474,1628,1551,1474,1628,1551,1474,1628,1551,154,77,154,77,FALSE,FALSE
374,18,1268,1409,1287,1268,1409,1287,1268,1409,1287,141,19,141,19,FALSE,FALSE
374,19,1105,1230,1067,1105,1230,1067,1105,1230,1067,125,-38,125,38,FALSE,FALSE
374,20,935,1100,906,935,1100,906,935,1100,906,165,-29,165,29,FALSE,FALSE
374,21,802,958,768,802,958,768,802,958,768,156,-34,156,34,FALSE,FALSE
374,22,709,822,647,709,822,647,709,822,647,113,-62,113,62,FALSE,FALSE
374,23,605,697,539,605,697,539,605,697,539,92,-66,92,66,FALSE,FALSE
374,24,514,584,456,514,584,456,514,584,456,70,-58,70,58,FALSE,FALSE
374,25,426,509,399,426,509,399,426,509,399,83,-27,83,27,FALSE,FALSE
374,26,365,433,333,365,433,333,365,433,333,68,-32,68,32,FALSE,FALSE
374,27,318,360,270,318,360,270,318,360,270,42,-48,42,48,FALSE,FALSE
374,28,276,296,229,276,296,229,276,296,229,20,-47,20,47,FALSE,FALSE
374,29,236,252,193,236,252,193,236,252,193,16,-43,16,43,FALSE,FALSE
374,30,195,215,174,195,215,174,195,215,174,20,-21,20,21,FALSE,FALSE
374,31,165,176,140,165,176,140,165,176,140,11,-25,11,25,FALSE,FALSE
374,32,141,157,106,141,157,106,141,157,106,16,-35,16,35,FALSE,FALSE
374,33,118,121,85,118,121,85,118,121,85,3,-33,3,33,FALSE,FALSE
374,34,99,105,68,99,105,68,99,105,68,6,-31,6,31,FALSE,FALSE
374,35,79,83,59,79,83,59,79,83,59,4,-20,4,20,FALSE,FALSE
374,36,59,68,46,59,68,46,59,68,46,9,-13,9,13,FALSE,FALSE
374,37,49,54,40,49,54,40,49,54,40,5,-9,5,9,FALSE,FALSE
374,38,41,41,33,41,41,33,41,41,33,0,-8,0,8,TRUE,FALSE
374,39,35,35,30,35,35,30,35,35,30,0,-5,0,5,TRUE,FALSE
374,40,30,30,26,30,30,26,30,30,26,0,-4,0,4,TRUE,FALSE
374,41,25,21,22,25,21,22,25,21,22,-4,-3,4,3,FALSE,FALSE
374,42,21,17,20,21,17,20,21,17,20,-4,-1,4,1,FALSE,FALSE
374,43,21,15,18,21,15,18,21,15,18,-6,-3,6,3,FALSE,FALSE
374,44,17,11,13,17,11,13,17,11,13,-6,-4,6,4,FALSE,FALSE
374,45,15,9,12,15,9,12,15,9,12,-6,-3,6,3,FALSE,FALSE
374,46,11,8,11,11,8,11,11,8,11,-3,0,3,0,FALSE,TRUE
374,47,10,4,8,10,4,8,10,4,8,-6,-2,6,2,FALSE,FALSE
374,48,8,3,6,8,3,6,8,3,6,-5,-2,5,2,FALSE,FALSE
374,49,7,3,5,7,3,5,7,3,5,-4,-2,4,2,FALSE,FALSE
374,50,7,2,6,7,2,6,7,2,6,-5,-1,5,1,FALSE,FALSE
374,51,5,2,5,5,2,5,5,2,5,-3,0,3,0,FALSE,TRUE
374,52,4,2,4,4,2,4,4,2,4,-2,0,2,0,FALSE,TRUE
374,53,3,1,2,3,1,2,3,1,2,-2,-1,2,1,FALSE,FALSE
374,54,1,0,2,1,0,2,1,0,2,-1,1,1,1,FALSE,FALSE
374,55,1,0,0,1,0,0,1,0,0,-1,-1,1,1,FALSE,FALSE
374,56,0,0,0,0,0,0,0,0,0,0,0,0,0,TRUE,TRUE
374,57,0,0,0,0,0,0,0,0,0,0,0,0,0,TRUE,TRUE
374,58,0,0,0,0,0,0,0,0,0,0,0,0,0,TRUE,TRUE
374,59,0,0,0,0,0,0,0,0,0,0,0,0,0,TRUE,TRUE
374,60,0,0,0,0,0,0,0,0,0,0,0,0,0,TRUE,TRUE
375,0,87,87,87,87,87,87,87,87,87,0,0,0,0,TRUE,TRUE
375,1,107,107,95,107,107,95,107,107,95,0,-12,0,12,TRUE,FALSE
375,2,128,131,122,128,131,122,128,131,122,3,-6,3,6,FALSE,FALSE
375,3,148,163,144,148,163,144,148,163,144,15,-4,15,4,FALSE,FALSE
375,4,183,184,161,183,184,161,183,184,161,1,-22,1,22,FALSE,FALSE
375,5,208,234,207,208,234,207,208,234,207,26,-1,26,1,FALSE,FALSE
375,6,247,289,245,247,289,245,247,289,245,42,-2,42,2,FALSE,FALSE
375,7,297,361,293,297,361,293,297,361,293,64,-4,64,4,FALSE,FALSE
375,8,350,421,365,350,421,365,350,421,365,71,15,71,15,FALSE,FALSE
375,9,418,498,427,418,498,427,418,498,427,80,9,80,9,FALSE,FALSE
375,10,496,580,504,496,580,504,496,580,504,84,8,84,8,FALSE,FALSE
375,11,572,692,592,572,692,592,572,692,592,120,20,120,20,FALSE,FALSE
375,12,648,820,678,648,820,678,648,820,678,172,30,172,30,FALSE,FALSE
375,13,734,928,763,734,928,763,734,928,763,194,29,194,29,FALSE,FALSE
375,14,811,1052,851,811,1052,851,811,1052,851,241,40,241,40,FALSE,FALSE
375,15,921,1213,979,921,1213,979,921,1213,979,292,58,292,58,FALSE,FALSE
375,16,1052,1336,1089,1052,1336,1089,1052,1336,1089,284,37,284,37,FALSE,FALSE
375,17,1158,1495,1182,1158,1495,1182,1158,1495,1182,337,24,337,24,FALSE,FALSE
375,18,1299,1648,1320,1299,1648,1320,1299,1648,1320,349,21,349,21,FALSE,FALSE
375,19,1423,1806,1442,1423,1806,1442,1423,1806,1442,383,19,383,19,FALSE,FALSE
375,20,1523,1983,1578,1523,1983,1578,1523,1983,1578,460,55,460,55,FALSE,FALSE
375,21,1663,2147,1704,1663,2147,1704,1663,2147,1704,484,41,484,41,FALSE,FALSE
375,22,1756,2216,1819,1756,2216,1819,1756,2216,1819,460,63,460,63,FALSE,FALSE
375,23,1826,2258,1898,1826,2258,1898,1826,2258,1898,432,72,432,72,FALSE,FALSE
375,24,1903,2314,1989,1903,2314,1989,1903,2314,1989,411,86,411,86,FALSE,FALSE
375,25,1956,2317,2032,1956,2317,2032,1956,2317,2032,361,76,361,76,FALSE,FALSE
375,26,2003,2242,2057,2003,2242,2057,2003,2242,2057,239,54,239,54,FALSE,FALSE
375,27,2059,2240,2075,2059,2240,2075,2059,2240,2075,181,16,181,16,FALSE,FALSE
375,28,2097,2184,2098,2097,2184,2098,2097,2184,2098,87,1,87,1,FALSE,FALSE
375,29,2063,2120,2092,2063,2120,2092,2063,2120,2092,57,29,57,29,FALSE,FALSE
375,30,2026,2029,2099,2026,2029,2099,2026,2029,2099,3,73,3,73,FALSE,FALSE
375,31,1973,1943,2056,1973,1943,2056,1973,1943,2056,-30,83,30,83,FALSE,FALSE
375,32,1931,1837,1998,1931,1837,1998,1931,1837,1998,-94,67,94,67,FALSE,FALSE
375,33,1900,1744,1953,1900,1744,1953,1900,1744,1953,-156,53,156,53,FALSE,FALSE
375,34,1837,1677,1871,1837,1677,1871,1837,1677,1871,-160,34,160,34,FALSE,FALSE
375,35,1773,1575,1768,1773,1575,1768,1773,1575,1768,-198,-5,198,5,FALSE,FALSE
375,36,1686,1486,1682,1686,1486,1682,1686,1486,1682,-200,-4,200,4,FALSE,FALSE
375,37,1613,1407,1583,1613,1407,1583,1613,1407,1583,-206,-30,206,30,FALSE,FALSE
375,38,1526,1305,1483,1526,1305,1483,1526,1305,1483,-221,-43,221,43,FALSE,FALSE
375,39,1440,1224,1389,1440,1224,1389,1440,1224,1389,-216,-51,216,51,FALSE,FALSE
375,40,1345,1128,1309,1345,1128,1309,1345,1128,1309,-217,-36,217,36,FALSE,FALSE
375,41,1259,1058,1210,1259,1058,1210,1259,1058,1210,-201,-49,201,49,FALSE,FALSE
375,42,1179,989,1136,1179,989,1136,1179,989,1136,-190,-43,190,43,FALSE,FALSE
375,43,1102,921,1070,1102,921,1070,1102,921,1070,-181,-32,181,32,FALSE,FALSE
375,44,1026,830,986,1026,830,986,1026,830,986,-196,-40,196,40,FALSE,FALSE
375,45,945,770,905,945,770,905,945,770,905,-175,-40,175,40,FALSE,FALSE
375,46,880,700,842,880,700,842,880,700,842,-180,-38,180,38,FALSE,FALSE
375,47,843,658,797,843,658,797,843,658,797,-185,-46,185,46,FALSE,FALSE
375,48,752,590,749,752,590,749,752,590,749,-162,-3,162,3,FALSE,FALSE
375,49,708,549,706,708,549,706,708,549,706,-159,-2,159,2,FALSE,FALSE
375,50,654,502,652,654,502,652,654,502,652,-152,-2,152,2,FALSE,FALSE
375,51,612,443,596,612,443,596,612,443,596,-169,-16,169,16,FALSE,FALSE
375,52,553,390,537,553,390,537,553,390,537,-163,-16,163,16,FALSE,FALSE
375,53,511,365,481,511,365,481,511,365,481,-146,-30,146,30,FALSE,FALSE
375,54,468,335,428,468,335,428,468,335,428,-133,-40,133,40,FALSE,FALSE
375,55,436,298,392,436,298,392,436,298,392,-138,-44,138,44,FALSE,FALSE
375,56,419,274,355,419,274,355,419,274,355,-145,-64,145,64,FALSE,FALSE
375,57,391,256,331,391,256,331,391,256,331,-135,-60,135,60,FALSE,FALSE
375,58,358,226,306,358,226,306,358,226,306,-132,-52,132,52,FALSE,FALSE
375,59,316,202,281,316,202,281,316,202,281,-114,-35,114,35,FALSE,FALSE
375,60,294,182,258,294,182,258,294,182,258,-112,-36,112,36,FALSE,FALSE
376,0,134,134,134,134,134,134,134,134,134,0,0,0,0,TRUE,TRUE
376,1,142,147,148,142,147,148,142,147,148,5,6,5,6,FALSE,FALSE
376,2,149,133,159,149,133,159,149,133,159,-16,10,16,10,FALSE,FALSE
376,3,154,149,168,154,149,168,154,149,168,-5,14,5,14,FALSE,FALSE
376,4,164,161,165,164,161,165,164,161,165,-3,1,3,1,FALSE,FALSE
376,5,178,163,163,178,163,163,178,163,163,-15,-15,15,15,FALSE,FALSE
376,6,195,168,168,195,168,168,195,168,168,-27,-27,27,27,FALSE,FALSE
376,7,203,180,165,203,180,165,203,180,165,-23,-38,23,38,FALSE,FALSE
376,8,200,198,174,200,198,174,200,198,174,-2,-26,2,26,FALSE,FALSE
376,9,201,226,161,201,226,161,201,226,161,25,-40,25,40,FALSE,FALSE
376,10,214,250,159,214,250,159,214,250,159,36,-55,36,55,FALSE,FALSE
376,11,234,264,169,234,264,169,234,264,169,30,-65,30,65,FALSE,FALSE
376,12,248,270,169,248,270,169,248,270,169,22,-79,22,79,FALSE,FALSE
376,13,259,291,168,259,291,168,259,291,168,32,-91,32,91,FALSE,FALSE
376,14,271,307,179,271,307,179,271,307,179,36,-92,36,92,FALSE,FALSE
376,15,280,309,183,280,309,183,280,309,183,29,-97,29,97,FALSE,FALSE
376,16,278,314,186,278,314,186,278,314,186,36,-92,36,92,FALSE,FALSE
376,17,263,329,176,263,329,176,263,329,176,66,-87,66,87,FALSE,FALSE
376,18,251,340,194,251,340,194,251,340,194,89,-57,89,57,FALSE,FALSE
376,19,254,350,200,254,350,200,254,350,200,96,-54,96,54,FALSE,FALSE
376,20,264,360,215,264,360,215,264,360,215,96,-49,96,49,FALSE,FALSE
376,21,273,374,204,273,374,204,273,374,204,101,-69,101,69,FALSE,FALSE
376,22,278,381,196,278,381,196,278,381,196,103,-82,103,82,FALSE,FALSE
376,23,288,377,204,288,377,204,288,377,204,89,-84,89,84,FALSE,FALSE
376,24,283,371,216,283,371,216,283,371,216,88,-67,88,67,FALSE,FALSE
376,25,301,356,227,301,356,227,301,356,227,55,-74,55,74,FALSE,FALSE
376,26,295,376,220,295,376,220,295,376,220,81,-75,81,75,FALSE,FALSE
376,27,289,376,226,289,376,226,289,376,226,87,-63,87,63,FALSE,FALSE
376,28,290,358,216,290,358,216,290,358,216,68,-74,68,74,FALSE,FALSE
376,29,302,344,231,302,344,231,302,344,231,42,-71,42,71,FALSE,FALSE
376,30,299,354,218,299,354,218,299,354,218,55,-81,55,81,FALSE,FALSE
376,31,333,350,234,333,350,234,333,350,234,17,-99,17,99,FALSE,FALSE
376,32,334,363,226,334,363,226,334,363,226,29,-108,29,108,FALSE,FALSE
376,33,328,368,226,328,368,226,328,368,226,40,-102,40,102,FALSE,FALSE
376,34,334,366,242,334,366,242,334,366,242,32,-92,32,92,FALSE,FALSE
376,35,322,377,240,322,377,240,322,377,240,55,-82,55,82,FALSE,FALSE
376,36,297,373,242,297,373,242,297,373,242,76,-55,76,55,FALSE,FALSE
376,37,280,353,236,280,353,236,280,353,236,73,-44,73,44,FALSE,FALSE
376,38,286,344,233,286,344,233,286,344,233,58,-53,58,53,FALSE,FALSE
376,39,276,350,236,276,350,236,276,350,236,74,-40,74,40,FALSE,FALSE
376,40,278,344,239,278,344,239,278,344,239,66,-39,66,39,FALSE,FALSE
376,41,276,323,236,276,323,236,276,323,236,47,-40,47,40,FALSE,FALSE
376,42,268,332,230,268,332,230,268,332,230,64,-38,64,38,FALSE,FALSE
376,43,257,330,231,257,330,231,257,330,231,73,-26,73,26,FALSE,FALSE
376,44,251,309,221,251,309,221,251,309,221,58,-30,58,30,FALSE,FALSE
376,45,248,297,218,248,297,218,248,297,218,49,-30,49,30,FALSE,FALSE
376,46,242,289,222,242,289,222,242,289,222,47,-20,47,20,FALSE,FALSE
376,47,220,280,213,220,280,213,220,280,213,60,-7,60,7,FALSE,FALSE
376,48,220,267,206,220,267,206,220,267,206,47,-14,47,14,FALSE,FALSE
376,49,225,270,204,225,270,204,225,270,204,45,-21,45,21,FALSE,FALSE
376,50,222,253,182,222,253,182,222,253,182,31,-40,31,40,FALSE,FALSE
376,51,217,233,173,217,233,173,217,233,173,16,-44,16,44,FALSE,FALSE
376,52,204,248,166,204,248,166,204,248,166,44,-38,44,38,FALSE,FALSE
376,53,194,223,171,194,223,171,194,223,171,29,-23,29,23,FALSE,FALSE
376,54,190,213,170,190,213,170,190,213,170,23,-20,23,20,FALSE,FALSE
376,55,187,195,170,187,195,170,187,195,170,8,-17,8,17,FALSE,FALSE
376,56,196,186,155,196,186,155,196,186,155,-10,-41,10,41,FALSE,FALSE
376,57,193,179,149,193,179,149,193,179,149,-14,-44,14,44,FALSE,FALSE
376,58,190,163,152,190,163,152,190,163,152,-27,-38,27,38,FALSE,FALSE
376,59,190,162,148,190,162,148,190,162,148,-28,-42,28,42,FALSE,FALSE
376,60,177,170,129,177,170,129,177,170,129,-7,-48,7,48,FALSE,FALSE
377,0,165,165,165,165,165,165,165,165,165,0,0,0,0,TRUE,TRUE
377,1,175,183,196,175,183,196,175,183,196,8,21,8,21,FALSE,FALSE
377,2,194,197,232,194,197,232,194,197,232,3,38,3,38,FALSE,FALSE
377,3,223,207,264,223,207,264,223,207,264,-16,41,16,41,FALSE,FALSE
377,4,230,232,286,230,232,286,230,232,286,2,56,2,56,FALSE,FALSE
377,5,243,252,307,243,252,307,243,252,307,9,64,9,64,FALSE,FALSE
377,6,281,274,333,281,274,333,281,274,333,-7,52,7,52,FALSE,FALSE
377,7,307,303,354,307,303,354,307,303,354,-4,47,4,47,FALSE,FALSE
377,8,322,324,382,322,324,382,322,324,382,2,60,2,60,FALSE,FALSE
377,9,335,331,405,335,331,405,335,331,405,-4,70,4,70,FALSE,FALSE
377,10,354,360,443,354,360,443,354,360,443,6,89,6,89,FALSE,FALSE
377,11,362,393,492,362,393,492,362,393,492,31,130,31,130,FALSE,FALSE
377,12,379,418,543,379,418,543,379,418,543,39,164,39,164,FALSE,FALSE
377,13,398,449,566,398,449,566,398,449,566,51,168,51,168,FALSE,FALSE
377,14,415,481,600,415,481,600,415,481,600,66,185,66,185,FALSE,FALSE
377,15,435,497,633,435,497,633,435,497,633,62,198,62,198,FALSE,FALSE
377,16,441,536,696,441,536,696,441,536,696,95,255,95,255,FALSE,FALSE
377,17,479,589,710,479,589,710,479,589,710,110,231,110,231,FALSE,FALSE
377,18,507,624,747,507,624,747,507,624,747,117,240,117,240,FALSE,FALSE
377,19,534,666,786,534,666,786,534,666,786,132,252,132,252,FALSE,FALSE
377,20,577,699,810,577,699,810,577,699,810,122,233,122,233,FALSE,FALSE
377,21,574,724,830,574,724,830,574,724,830,150,256,150,256,FALSE,FALSE
377,22,598,771,852,598,771,852,598,771,852,173,254,173,254,FALSE,FALSE
377,23,631,804,874,631,804,874,631,804,874,173,243,173,243,FALSE,FALSE
377,24,645,848,861,645,848,861,645,848,861,203,216,203,216,FALSE,FALSE
377,25,675,854,888,675,854,888,675,854,888,179,213,179,213,FALSE,FALSE
377,26,687,869,887,687,869,887,687,869,887,182,200,182,200,FALSE,FALSE
377,27,734,892,919,734,892,919,734,892,919,158,185,158,185,FALSE,FALSE
377,28,739,908,927,739,908,927,739,908,927,169,188,169,188,FALSE,FALSE
377,29,759,915,921,759,915,921,759,915,921,156,162,156,162,FALSE,FALSE
377,30,761,926,910,761,926,910,761,926,910,165,149,165,149,FALSE,FALSE
377,31,788,917,888,788,917,888,788,917,888,129,100,129,100,FALSE,FALSE
377,32,807,938,874,807,938,874,807,938,874,131,67,131,67,FALSE,FALSE
377,33,803,929,877,803,929,877,803,929,877,126,74,126,74,FALSE,FALSE
377,34,818,909,861,818,909,861,818,909,861,91,43,91,43,FALSE,FALSE
377,35,825,911,834,825,911,834,825,911,834,86,9,86,9,FALSE,FALSE
377,36,829,896,798,829,896,798,829,896,798,67,-31,67,31,FALSE,FALSE
377,37,811,861,737,811,861,737,811,861,737,50,-74,50,74,FALSE,FALSE
377,38,782,834,730,782,834,730,782,834,730,52,-52,52,52,FALSE,FALSE
377,39,731,778,693,731,778,693,731,778,693,47,-38,47,38,FALSE,FALSE
377,40,734,751,666,734,751,666,734,751,666,17,-68,17,68,FALSE,FALSE
377,41,712,728,661,712,728,661,712,728,661,16,-51,16,51,FALSE,FALSE
377,42,717,710,633,717,710,633,717,710,633,-7,-84,7,84,FALSE,FALSE
377,43,700,702,614,700,702,614,700,702,614,2,-86,2,86,FALSE,FALSE
377,44,666,689,565,666,689,565,666,689,565,23,-101,23,101,FALSE,FALSE
377,45,626,661,538,626,661,538,626,661,538,35,-88,35,88,FALSE,FALSE
377,46,625,651,500,625,651,500,625,651,500,26,-125,26,125,FALSE,FALSE
377,47,607,643,467,607,643,467,607,643,467,36,-140,36,140,FALSE,FALSE
377,48,591,608,440,591,608,440,591,608,440,17,-151,17,151,FALSE,FALSE
377,49,559,566,420,559,566,420,559,566,420,7,-139,7,139,FALSE,FALSE
377,50,548,539,391,548,539,391,548,539,391,-9,-157,9,157,FALSE,FALSE
377,51,514,518,375,514,518,375,514,518,375,4,-139,4,139,FALSE,FALSE
377,52,490,482,357,490,482,357,490,482,357,-8,-133,8,133,FALSE,FALSE
377,53,465,433,330,465,433,330,465,433,330,-32,-135,32,135,FALSE,FALSE
377,54,443,385,300,443,385,300,443,385,300,-58,-143,58,143,FALSE,FALSE
377,55,438,366,270,438,366,270,438,366,270,-72,-168,72,168,FALSE,FALSE
377,56,422,356,252,422,356,252,422,356,252,-66,-170,66,170,FALSE,FALSE
377,57,417,322,238,417,322,238,417,322,238,-95,-179,95,179,FALSE,FALSE
377,58,384,293,218,384,293,218,384,293,218,-91,-166,91,166,FALSE,FALSE
377,59,359,273,202,359,273,202,359,273,202,-86,-157,86,157,FALSE,FALSE
377,60,335,270,191,335,270,191,335,270,191,-65,-144,65,144,FALSE,FALSE
378,0,117,117,117,117,117,117,117,117,117,0,0,0,0,TRUE,TRUE
378,1,148,159,162,148,159,162,148,159,162,11,14,11,14,FALSE,FALSE
378,2,188,205,230,188,205,230,188,205,230,17,42,17,42,FALSE,FALSE
378,3,244,262,307,244,262,307,244,262,307,18,63,18,63,FALSE,FALSE
378,4,332,340,424,332,340,424,332,340,424,8,92,8,92,FALSE,FALSE
378,5,451,457,585,451,457,585,451,457,585,6,134,6,134,FALSE,FALSE
378,6,610,585,752,610,585,752,610,585,752,-25,142,25,142,FALSE,FALSE
378,7,796,748,961,796,748,961,796,748,961,-48,165,48,165,FALSE,FALSE
378,8,1032,954,1216,1032,954,1216,1032,954,1216,-78,184,78,184,FALSE,FALSE
378,9,1305,1178,1536,1305,1178,1536,1305,1178,1536,-127,231,127,231,FALSE,FALSE
378,10,1613,1435,1783,1613,1435,1783,1613,1435,1783,-178,170,178,170,FALSE,FALSE
378,11,1804,1708,2030,1804,1708,2030,1804,1708,2030,-96,226,96,226,FALSE,FALSE
378,12,2029,1916,2210,2029,1916,2210,2029,1916,2210,-113,181,113,181,FALSE,FALSE
378,13,2253,2049,2314,2253,2049,2314,2253,2049,2314,-204,61,204,61,FALSE,FALSE
378,14,2365,2180,2341,2365,2180,2341,2365,2180,2341,-185,-24,185,24,FALSE,FALSE
378,15,2356,2259,2257,2356,2259,2257,2356,2259,2257,-97,-99,97,99,FALSE,FALSE
378,16,2309,2287,2156,2309,2287,2156,2309,2287,2156,-22,-153,22,153,FALSE,FALSE
378,17,2238,2201,2020,2238,2201,2020,2238,2201,2020,-37,-218,37,218,FALSE,FALSE
378,18,2120,2075,1854,2120,2075,1854,2120,2075,1854,-45,-266,45,266,FALSE,FALSE
378,19,1883,1883,1664,1883,1883,1664,1883,1883,1664,0,-219,0,219,TRUE,FALSE
378,20,1707,1734,1531,1707,1734,1531,1707,1734,1531,27,-176,27,176,FALSE,FALSE
378,21,1509,1603,1370,1509,1603,1370,1509,1603,1370,94,-139,94,139,FALSE,FALSE
378,22,1323,1436,1170,1323,1436,1170,1323,1436,1170,113,-153,113,153,FALSE,FALSE
378,23,1159,1296,1041,1159,1296,1041,1159,1296,1041,137,-118,137,118,FALSE,FALSE
378,24,987,1139,895,987,1139,895,987,1139,895,152,-92,152,92,FALSE,FALSE
378,25,826,1000,773,826,1000,773,826,1000,773,174,-53,174,53,FALSE,FALSE
378,26,716,860,678,716,860,678,716,860,678,144,-38,144,38,FALSE,FALSE
378,27,604,748,581,604,748,581,604,748,581,144,-23,144,23,FALSE,FALSE
378,28,490,641,510,490,641,510,490,641,510,151,20,151,20,FALSE,FALSE
378,29,415,552,433,415,552,433,415,552,433,137,18,137,18,FALSE,FALSE
378,30,348,472,372,348,472,372,348,472,372,124,24,124,24,FALSE,FALSE
378,31,294,399,316,294,399,316,294,399,316,105,22,105,22,FALSE,FALSE
378,32,237,345,259,237,345,259,237,345,259,108,22,108,22,FALSE,FALSE
378,33,201,293,218,201,293,218,201,293,218,92,17,92,17,FALSE,FALSE
378,34,164,254,179,164,254,179,164,254,179,90,15,90,15,FALSE,FALSE
378,35,131,223,142,131,223,142,131,223,142,92,11,92,11,FALSE,FALSE
378,36,110,187,129,110,187,129,110,187,129,77,19,77,19,FALSE,FALSE
378,37,88,162,113,88,162,113,88,162,113,74,25,74,25,FALSE,FALSE
378,38,74,142,88,74,142,88,74,142,88,68,14,68,14,FALSE,FALSE
378,39,68,117,68,68,117,68,68,117,68,49,0,49,0,FALSE,TRUE
378,40,56,94,60,56,94,60,56,94,60,38,4,38,4,FALSE,FALSE
378,41,48,80,50,48,80,50,48,80,50,32,2,32,2,FALSE,FALSE
378,42,38,64,44,38,64,44,38,64,44,26,6,26,6,FALSE,FALSE
378,43,31,53,38,31,53,38,31,53,38,22,7,22,7,FALSE,FALSE
378,44,24,42,34,24,42,34,24,42,34,18,10,18,10,FALSE,FALSE
378,45,20,35,27,20,35,27,20,35,27,15,7,15,7,FALSE,FALSE
378,46,15,26,20,15,26,20,15,26,20,11,5,11,5,FALSE,FALSE
378,47,13,21,14,13,21,14,13,21,14,8,1,8,1,FALSE,FALSE
378,48,13,18,7,13,18,7,13,18,7,5,-6,5,6,FALSE,FALSE
378,49,10,16,6,10,16,6,10,16,6,6,-4,6,4,FALSE,FALSE
378,50,10,13,5,10,13,5,10,13,5,3,-5,3,5,FALSE,FALSE
378,51,8,10,3,8,10,3,8,10,3,2,-5,2,5,FALSE,FALSE
378,52,8,7,2,8,7,2,8,7,2,-1,-6,1,6,FALSE,FALSE
378,53,5,5,2,5,5,2,5,5,2,0,-3,0,3,TRUE,FALSE
378,54,4,4,2,4,4,2,4,4,2,0,-2,0,2,TRUE,FALSE
378,55,2,3,3,2,3,3,2,3,3,1,1,1,1,FALSE,FALSE
378,56,2,3,2,2,3,2,2,3,2,1,0,1,0,FALSE,TRUE
378,57,1,4,2,1,4,2,1,4,2,3,1,3,1,FALSE,FALSE
378,58,1,2,2,1,2,2,1,2,2,1,1,1,1,FALSE,FALSE
378,59,1,2,2,1,2,2,1,2,2,1,1,1,1,FALSE,FALSE
378,60,1,1,2,1,1,2,1,1,2,0,1,0,1,TRUE,FALSE
379,0,113,113,113,113,113,113,113,113,113,0,0,0,0,TRUE,TRUE
379,1,149,182,162,149,182,162,149,182,162,33,13,33,13,FALSE,FALSE
379,2,211,249,234,211,249,234,211,249,234,38,23,38,23,FALSE,FALSE
379,3,321,323,358,321,323,358,321,323,358,2,37,2,37,FALSE,FALSE
379,4,459,439,479,459,439,479,459,439,479,-20,20,20,20,FALSE,FALSE
379,5,661,601,682,661,601,682,661,601,682,-60,21,60,21,FALSE,FALSE
379,6,940,793,936,940,793,936,940,793,936,-147,-4,147,4,FALSE,FALSE
379,7,1232,1033,1281,1232,1033,1281,1232,1033,1281,-199,49,199,49,FALSE,FALSE
379,8,1592,1305,1655,1592,1305,1655,1592,1305,1655,-287,63,287,63,FALSE,FALSE
379,9,2003,1615,2052,2003,1615,2052,2003,1615,2052,-388,49,388,49,FALSE,FALSE
379,10,2374,1935,2395,2374,1935,2395,2374,1935,2395,-439,21,439,21,FALSE,FALSE
379,11,2696,2216,2702,2696,2216,2702,2696,2216,2702,-480,6,480,6,FALSE,FALSE
379,12,2877,2454,2924,2877,2454,2924,2877,2454,2924,-423,47,423,47,FALSE,FALSE
379,13,2895,2633,3014,2895,2633,3014,2895,2633,3014,-262,119,262,119,FALSE,FALSE
379,14,2825,2662,2954,2825,2662,2954,2825,2662,2954,-163,129,163,129,FALSE,FALSE
379,15,2687,2629,2801,2687,2629,2801,2687,2629,2801,-58,114,58,114,FALSE,FALSE
379,16,2458,2484,2523,2458,2484,2523,2458,2484,2523,26,65,26,65,FALSE,FALSE
379,17,2193,2359,2257,2193,2359,2257,2193,2359,2257,166,64,166,64,FALSE,FALSE
379,18,1951,2136,1988,1951,2136,1988,1951,2136,1988,185,37,185,37,FALSE,FALSE
379,19,1698,1910,1717,1698,1910,1717,1698,1910,1717,212,19,212,19,FALSE,FALSE
379,20,1444,1656,1437,1444,1656,1437,1444,1656,1437,212,-7,212,7,FALSE,FALSE
379,21,1221,1474,1219,1221,1474,1219,1221,1474,1219,253,-2,253,2,FALSE,FALSE
379,22,1023,1239,1017,1023,1239,1017,1023,1239,1017,216,-6,216,6,FALSE,FALSE
379,23,863,1055,845,863,1055,845,863,1055,845,192,-18,192,18,FALSE,FALSE
379,24,732,933,733,732,933,733,732,933,733,201,1,201,1,FALSE,FALSE
379,25,616,812,596,616,812,596,616,812,596,196,-20,196,20,FALSE,FALSE
379,26,537,688,514,537,688,514,537,688,514,151,-23,151,23,FALSE,FALSE
379,27,439,600,438,439,600,438,439,600,438,161,-1,161,1,FALSE,FALSE
379,28,361,519,383,361,519,383,361,519,383,158,22,158,22,FALSE,FALSE
379,29,311,447,317,311,447,317,311,447,317,136,6,136,6,FALSE,FALSE
379,30,253,371,272,253,371,272,253,371,272,118,19,118,19,FALSE,FALSE
379,31,191,314,219,191,314,219,191,314,219,123,28,123,28,FALSE,FALSE
379,32,162,258,185,162,258,185,162,258,185,96,23,96,23,FALSE,FALSE
379,33,132,228,148,132,228,148,132,228,148,96,16,96,16,FALSE,FALSE
379,34,106,192,119,106,192,119,106,192,119,86,13,86,13,FALSE,FALSE
379,35,96,157,101,96,157,101,96,157,101,61,5,61,5,FALSE,FALSE
379,36,77,127,78,77,127,78,77,127,78,50,1,50,1,FALSE,FALSE
379,37,65,112,62,65,112,62,65,112,62,47,-3,47,3,FALSE,FALSE
379,38,59,93,51,59,93,51,59,93,51,34,-8,34,8,FALSE,FALSE
379,39,50,82,46,50,82,46,50,82,46,32,-4,32,4,FALSE,FALSE
379,40,39,70,37,39,70,37,39,70,37,31,-2,31,2,FALSE,FALSE
379,41,29,58,30,29,58,30,29,58,30,29,1,29,1,FALSE,FALSE
379,42,26,46,23,26,46,23,26,46,23,20,-3,20,3,FALSE,FALSE
379,43,18,41,18,18,41,18,18,41,18,23,0,23,0,FALSE,TRUE
379,44,15,36,12,15,36,12,15,36,12,21,-3,21,3,FALSE,FALSE
379,45,14,32,11,14,32,11,14,32,11,18,-3,18,3,FALSE,FALSE
379,46,13,27,11,13,27,11,13,27,11,14,-2,14,2,FALSE,FALSE
379,47,11,23,9,11,23,9,11,23,9,12,-2,12,2,FALSE,FALSE
379,48,9,18,8,9,18,8,9,18,8,9,-1,9,1,FALSE,FALSE
379,49,8,14,6,8,14,6,8,14,6,6,-2,6,2,FALSE,FALSE
379,50,7,13,5,7,13,5,7,13,5,6,-2,6,2,FALSE,FALSE
379,51,5,11,4,5,11,4,5,11,4,6,-1,6,1,FALSE,FALSE
379,52,5,9,4,5,9,4,5,9,4,4,-1,4,1,FALSE,FALSE
379,53,4,9,5,4,9,5,4,9,5,5,1,5,1,FALSE,FALSE
379,54,2,6,3,2,6,3,2,6,3,4,1,4,1,FALSE,FALSE
379,55,2,4,3,2,4,3,2,4,3,2,1,2,1,FALSE,FALSE
379,56,2,3,2,2,3,2,2,3,2,1,0,1,0,FALSE,TRUE
379,57,1,3,2,1,3,2,1,3,2,2,1,2,1,FALSE,FALSE
379,58,1,3,2,1,3,2,1,3,2,2,1,2,1,FALSE,FALSE
379,59,1,3,2,1,3,2,1,3,2,2,1,2,1,FALSE,FALSE
379,60,1,3,1,1,3,1,1,3,1,2,0,2,0,FALSE,TRUE
380,0,38,38,38,38,38,38,38,38,38,0,0,0,0,TRUE,TRUE
380,1,49,47,55,49,47,55,49,47,55,-2,6,2,6,FALSE,FALSE
380,2,64,59,70,64,59,70,64,59,70,-5,6,5,6,FALSE,FALSE
380,3,78,71,92,78,71,92,78,71,92,-7,14,7,14,FALSE,FALSE
380,4,98,94,127,98,94,127,98,94,127,-4,29,4,29,FALSE,FALSE
380,5,124,118,165,124,118,165,124,118,165,-6,41,6,41,FALSE,FALSE
380,6,158,155,202,158,155,202,158,155,202,-3,44,3,44,FALSE,FALSE
380,7,191,189,229,191,189,229,191,189,229,-2,38,2,38,FALSE,FALSE
380,8,221,207,305,221,207,305,221,207,305,-14,84,14,84,FALSE,FALSE
380,9,281,239,368,281,239,368,281,239,368,-42,87,42,87,FALSE,FALSE
380,10,341,286,421,341,286,421,341,286,421,-55,80,55,80,FALSE,FALSE
380,11,392,323,500,392,323,500,392,323,500,-69,108,69,108,FALSE,FALSE
380,12,466,392,549,466,392,549,466,392,549,-74,83,74,83,FALSE,FALSE
380,13,551,467,646,551,467,646,551,467,646,-84,95,84,95,FALSE,FALSE
380,14,658,561,726,658,561,726,658,561,726,-97,68,97,68,FALSE,FALSE
380,15,771,679,815,771,679,815,771,679,815,-92,44,92,44,FALSE,FALSE
380,16,863,753,868,863,753,868,863,753,868,-110,5,110,5,FALSE,FALSE
380,17,929,870,916,929,870,916,929,870,916,-59,-13,59,13,FALSE,FALSE
380,18,976,936,958,976,936,958,976,936,958,-40,-18,40,18,FALSE,FALSE
380,19,1044,1015,994,1044,1015,994,1044,1015,994,-29,-50,29,50,FALSE,FALSE
380,20,1043,1054,1026,1043,1054,1026,1043,1054,1026,11,-17,11,17,FALSE,FALSE
380,21,1071,1070,1051,1071,1070,1051,1071,1070,1051,-1,-20,1,20,FALSE,FALSE
380,22,1073,1100,1069,1073,1100,1069,1073,1100,1069,27,-4,27,4,FALSE,FALSE
380,23,1044,1061,1087,1044,1061,1087,1044,1061,1087,17,43,17,43,FALSE,FALSE
380,24,1015,1054,1036,1015,1054,1036,1015,1054,1036,39,21,39,21,FALSE,FALSE
380,25,987,1024,983,987,1024,983,987,1024,983,37,-4,37,4,FALSE,FALSE
380,26,923,987,922,923,987,922,923,987,922,64,-1,64,1,FALSE,FALSE
380,27,879,952,845,879,952,845,879,952,845,73,-34,73,34,FALSE,FALSE
380,28,813,879,794,813,879,794,813,879,794,66,-19,66,19,FALSE,FALSE
380,29,761,802,720,761,802,720,761,802,720,41,-41,41,41,FALSE,FALSE
380,30,687,740,646,687,740,646,687,740,646,53,-41,53,41,FALSE,FALSE
380,31,637,668,558,637,668,558,637,668,558,31,-79,31,79,FALSE,FALSE
380,32,586,592,518,586,592,518,586,592,518,6,-68,6,68,FALSE,FALSE
380,33,517,515,447,517,515,447,517,515,447,-2,-70,2,70,FALSE,FALSE
380,34,455,484,399,455,484,399,455,484,399,29,-56,29,56,FALSE,FALSE
380,35,401,449,339,401,449,339,401,449,339,48,-62,48,62,FALSE,FALSE
380,36,344,411,298,344,411,298,344,411,298,67,-46,67,46,FALSE,FALSE
380,37,312,383,274,312,383,274,312,383,274,71,-38,71,38,FALSE,FALSE
380,38,286,327,250,286,327,250,286,327,250,41,-36,41,36,FALSE,FALSE
380,39,268,294,205,268,294,205,268,294,205,26,-63,26,63,FALSE,FALSE
380,40,232,267,185,232,267,185,232,267,185,35,-47,35,47,FALSE,FALSE
380,41,200,233,162,200,233,162,200,233,162,33,-38,33,38,FALSE,FALSE
380,42,179,215,143,179,215,143,179,215,143,36,-36,36,36,FALSE,FALSE
380,43,161,186,129,161,186,129,161,186,129,25,-32,25,32,FALSE,FALSE
380,44,143,153,112,143,153,112,143,153,112,10,-31,10,31,FALSE,FALSE
380,45,128,137,99,128,137,99,128,137,99,9,-29,9,29,FALSE,FALSE
380,46,105,120,86,105,120,86,105,120,86,15,-19,15,19,FALSE,FALSE
380,47,99,105,72,99,105,72,99,105,72,6,-27,6,27,FALSE,FALSE
380,48,84,96,56,84,96,56,84,96,56,12,-28,12,28,FALSE,FALSE
380,49,75,75,41,75,75,41,75,75,41,0,-34,0,34,TRUE,FALSE
380,50,67,66,34,67,66,34,67,66,34,-1,-33,1,33,FALSE,FALSE
380,51,60,55,29,60,55,29,60,55,29,-5,-31,5,31,FALSE,FALSE
380,52,52,45,21,52,45,21,52,45,21,-7,-31,7,31,FALSE,FALSE
380,53,41,36,18,41,36,18,41,36,18,-5,-23,5,23,FALSE,FALSE
380,54,38,26,17,38,26,17,38,26,17,-12,-21,12,21,FALSE,FALSE
380,55,29,20,16,29,20,16,29,20,16,-9,-13,9,13,FALSE,FALSE
380,56,25,18,14,25,18,14,25,18,14,-7,-11,7,11,FALSE,FALSE
380,57,21,19,14,21,19,14,21,19,14,-2,-7,2,7,FALSE,FALSE
380,58,13,18,16,13,18,16,13,18,16,5,3,5,3,FALSE,FALSE
380,59,12,15,13,12,15,13,12,15,13,3,1,3,1,FALSE,FALSE
380,60,14,16,12,14,16,12,14,16,12,2,-2,2,2,FALSE,FALSE
381,0,106,106,106,106,106,106,106,106,106,0,0,0,0,TRUE,TRUE
381,1,129,134,135,129,134,135,129,134,135,5,6,5,6,FALSE,FALSE
381,2,155,149,158,155,149,158,155,149,158,-6,3,6,3,FALSE,FALSE
381,3,182,177,192,182,177,192,182,177,192,-5,10,5,10,FALSE,FALSE
381,4,214,223,230,214,223,230,214,223,230,9,16,9,16,FALSE,FALSE
381,5,252,262,285,252,262,285,252,262,285,10,33,10,33,FALSE,FALSE
381,6,306,322,350,306,322,350,306,322,350,16,44,16,44,FALSE,FALSE
381,7,356,389,411,356,389,411,356,389,411,33,55,33,55,FALSE,FALSE
381,8,424,487,475,424,487,475,424,487,475,63,51,63,51,FALSE,FALSE
381,9,515,571,574,515,571,574,515,571,574,56,59,56,59,FALSE,FALSE
381,10,620,682,658,620,682,658,620,682,658,62,38,62,38,FALSE,FALSE
381,11,736,819,787,736,819,787,736,819,787,83,51,83,51,FALSE,FALSE
381,12,874,980,907,874,980,907,874,980,907,106,33,106,33,FALSE,FALSE
381,13,1005,1150,1046,1005,1150,1046,1005,1150,1046,145,41,145,41,FALSE,FALSE
381,14,1140,1267,1202,1140,1267,1202,1140,1267,1202,127,62,127,62,FALSE,FALSE
381,15,1294,1425,1327,1294,1425,1327,1294,1425,1327,131,33,131,33,FALSE,FALSE
381,16,1451,1590,1440,1451,1590,1440,1451,1590,1440,139,-11,139,11,FALSE,FALSE
381,17,1604,1722,1590,1604,1722,1590,1604,1722,1590,118,-14,118,14,FALSE,FALSE
381,18,1746,1853,1703,1746,1853,1703,1746,1853,1703,107,-43,107,43,FALSE,FALSE
381,19,1847,1997,1821,1847,1997,1821,1847,1997,1821,150,-26,150,26,FALSE,FALSE
381,20,1920,2071,1915,1920,2071,1915,1920,2071,1915,151,-5,151,5,FALSE,FALSE
381,21,1957,2178,1979,1957,2178,1979,1957,2178,1979,221,22,221,22,FALSE,FALSE
381,22,2030,2241,2009,2030,2241,2009,2030,2241,2009,211,-21,211,21,FALSE,FALSE
381,23,2026,2204,2012,2026,2204,2012,2026,2204,2012,178,-14,178,14,FALSE,FALSE
381,24,2040,2156,2052,2040,2156,2052,2040,2156,2052,116,12,116,12,FALSE,FALSE
381,25,1998,2100,2048,1998,2100,2048,1998,2100,2048,102,50,102,50,FALSE,FALSE
381,26,1953,2018,1968,1953,2018,1968,1953,2018,1968,65,15,65,15,FALSE,FALSE
381,27,1890,1932,1913,1890,1932,1913,1890,1932,1913,42,23,42,23,FALSE,FALSE
381,28,1807,1893,1843,1807,1893,1843,1807,1893,1843,86,36,86,36,FALSE,FALSE
381,29,1747,1794,1745,1747,1794,1745,1747,1794,1745,47,-2,47,2,FALSE,FALSE
381,30,1691,1713,1681,1691,1713,1681,1691,1713,1681,22,-10,22,10,FALSE,FALSE
381,31,1580,1593,1584,1580,1593,1584,1580,1593,1584,13,4,13,4,FALSE,FALSE
381,32,1479,1483,1502,1479,1483,1502,1479,1483,1502,4,23,4,23,FALSE,FALSE
381,33,1376,1383,1420,1376,1383,1420,1376,1383,1420,7,44,7,44,FALSE,FALSE
381,34,1291,1283,1321,1291,1283,1321,1291,1283,1321,-8,30,8,30,FALSE,FALSE
381,35,1169,1212,1224,1169,1212,1224,1169,1212,1224,43,55,43,55,FALSE,FALSE
381,36,1107,1133,1126,1107,1133,1126,1107,1133,1126,26,19,26,19,FALSE,FALSE
381,37,1021,1050,1032,1021,1050,1032,1021,1050,1032,29,11,29,11,FALSE,FALSE
381,38,956,963,956,956,963,956,956,963,956,7,0,7,0,FALSE,TRUE
381,39,904,872,893,904,872,893,904,872,893,-32,-11,32,11,FALSE,FALSE
381,40,822,803,818,822,803,818,822,803,818,-19,-4,19,4,FALSE,FALSE
381,41,773,733,758,773,733,758,773,733,758,-40,-15,40,15,FALSE,FALSE
381,42,695,662,711,695,662,711,695,662,711,-33,16,33,16,FALSE,FALSE
381,43,623,615,663,623,615,663,623,615,663,-8,40,8,40,FALSE,FALSE
381,44,575,551,605,575,551,605,575,551,605,-24,30,24,30,FALSE,FALSE
381,45,536,514,554,536,514,554,536,514,554,-22,18,22,18,FALSE,FALSE
381,46,495,461,522,495,461,522,495,461,522,-34,27,34,27,FALSE,FALSE
381,47,455,429,481,455,429,481,455,429,481,-26,26,26,26,FALSE,FALSE
381,48,408,402,435,408,402,435,408,402,435,-6,27,6,27,FALSE,FALSE
381,49,363,382,384,363,382,384,363,382,384,19,21,19,21,FALSE,FALSE
381,50,338,346,353,338,346,353,338,346,353,8,15,8,15,FALSE,FALSE
381,51,312,312,324,312,312,324,312,312,324,0,12,0,12,TRUE,FALSE
381,52,278,264,295,278,264,295,278,264,295,-14,17,14,17,FALSE,FALSE
381,53,257,245,274,257,245,274,257,245,274,-12,17,12,17,FALSE,FALSE
381,54,232,231,248,232,231,248,232,231,248,-1,16,1,16,FALSE,FALSE
381,55,214,218,231,214,218,231,214,218,231,4,17,4,17,FALSE,FALSE
381,56,199,197,210,199,197,210,199,197,210,-2,11,2,11,FALSE,FALSE
381,57,175,178,187,175,178,187,175,178,187,3,12,3,12,FALSE,FALSE
381,58,154,163,167,154,163,167,154,163,167,9,13,9,13,FALSE,FALSE
381,59,143,145,149,143,145,149,143,145,149,2,6,2,6,FALSE,FALSE
381,60,130,136,145,130,136,145,130,136,145,6,15,6,15,FALSE,FALSE
382,0,70,70,70,70,70,70,70,70,70,0,0,0,0,TRUE,TRUE
382,1,122,96,114,122,96,114,122,96,114,-26,-8,26,8,FALSE,FALSE
382,2,180,166,181,180,166,181,180,166,181,-14,1,14,1,FALSE,FALSE
382,3,280,256,304,280,256,304,280,256,304,-24,24,24,24,FALSE,FALSE
382,4,422,411,480,422,411,480,422,411,480,-11,58,11,58,FALSE,FALSE
382,5,630,631,668,630,631,668,630,631,668,1,38,1,38,FALSE,FALSE
382,6,950,915,973,950,915,973,950,915,973,-35,23,35,23,FALSE,FALSE
382,7,1273,1255,1317,1273,1255,1317,1273,1255,1317,-18,44,18,44,FALSE,FALSE
382,8,1658,1657,1690,1658,1657,1690,1658,1657,1690,-1,32,1,32,FALSE,FALSE
382,9,2082,2083,2060,2082,2083,2060,2082,2083,2060,1,-22,1,22,FALSE,FALSE
382,10,2372,2349,2330,2372,2349,2330,2372,2349,2330,-23,-42,23,42,FALSE,FALSE
382,11,2552,2440,2425,2552,2440,2425,2552,2440,2425,-112,-127,112,127,FALSE,FALSE
382,12,2557,2499,2430,2557,2499,2430,2557,2499,2430,-58,-127,58,127,FALSE,FALSE
382,13,2393,2390,2317,2393,2390,2317,2393,2390,2317,-3,-76,3,76,FALSE,FALSE
382,14,2181,2182,2110,2181,2182,2110,2181,2182,2110,1,-71,1,71,FALSE,FALSE
382,15,1943,1925,1889,1943,1925,1889,1943,1925,1889,-18,-54,18,54,FALSE,FALSE
382,16,1668,1670,1650,1668,1670,1650,1668,1670,1650,2,-18,2,18,FALSE,FALSE
382,17,1446,1432,1415,1446,1432,1415,1446,1432,1415,-14,-31,14,31,FALSE,FALSE
382,18,1222,1235,1173,1222,1235,1173,1222,1235,1173,13,-49,13,49,FALSE,FALSE
382,19,976,1017,973,976,1017,973,976,1017,973,41,-3,41,3,FALSE,FALSE
382,20,818,845,797,818,845,797,818,845,797,27,-21,27,21,FALSE,FALSE
382,21,683,694,655,683,694,655,683,694,655,11,-28,11,28,FALSE,FALSE
382,22,574,589,528,574,589,528,574,589,528,15,-46,15,46,FALSE,FALSE
382,23,447,472,425,447,472,425,447,472,425,25,-22,25,22,FALSE,FALSE
382,24,369,376,351,369,376,351,369,376,351,7,-18,7,18,FALSE,FALSE
382,25,295,306,290,295,306,290,295,306,290,11,-5,11,5,FALSE,FALSE
382,26,240,245,226,240,245,226,240,245,226,5,-14,5,14,FALSE,FALSE
382,27,203,206,199,203,206,199,203,206,199,3,-4,3,4,FALSE,FALSE
382,28,156,166,162,156,166,162,156,166,162,10,6,10,6,FALSE,FALSE
382,29,128,135,132,128,135,132,128,135,132,7,4,7,4,FALSE,FALSE
382,30,101,110,105,101,110,105,101,110,105,9,4,9,4,FALSE,FALSE
382,31,93,92,88,93,92,88,93,92,88,-1,-5,1,5,FALSE,FALSE
382,32,85,77,72,85,77,72,85,77,72,-8,-13,8,13,FALSE,FALSE
382,33,67,62,62,67,62,62,67,62,62,-5,-5,5,5,FALSE,FALSE
382,34,49,53,54,49,53,54,49,53,54,4,5,4,5,FALSE,FALSE
382,35,43,38,42,43,38,42,43,38,42,-5,-1,5,1,FALSE,FALSE
382,36,29,32,32,29,32,32,29,32,32,3,3,3,3,FALSE,FALSE
382,37,26,26,23,26,26,23,26,26,23,0,-3,0,3,TRUE,FALSE
382,38,21,22,13,21,22,13,21,22,13,1,-8,1,8,FALSE,FALSE
382,39,13,17,11,13,17,11,13,17,11,4,-2,4,2,FALSE,FALSE
382,40,11,10,10,11,10,10,11,10,10,-1,-1,1,1,FALSE,FALSE
382,41,9,5,8,9,5,8,9,5,8,-4,-1,4,1,FALSE,FALSE
382,42,8,3,7,8,3,7,8,3,7,-5,-1,5,1,FALSE,FALSE
382,43,6,1,6,6,1,6,6,1,6,-5,0,5,0,FALSE,TRUE
382,44,5,1,5,5,1,5,5,1,5,-4,0,4,0,FALSE,TRUE
382,45,3,0,4,3,0,4,3,0,4,-3,1,3,1,FALSE,FALSE
382,46,2,0,5,2,0,5,2,0,5,-2,3,2,3,FALSE,FALSE
382,47,1,0,4,1,0,4,1,0,4,-1,3,1,3,FALSE,FALSE
382,48,2,0,3,2,0,3,2,0,3,-2,1,2,1,FALSE,FALSE
382,49,1,0,3,1,0,3,1,0,3,-1,2,1,2,FALSE,FALSE
382,50,1,0,3,1,0,3,1,0,3,-1,2,1,2,FALSE,FALSE
382,51,1,0,2,1,0,2,1,0,2,-1,1,1,1,FALSE,FALSE
382,52,1,0,2,1,0,2,1,0,2,-1,1,1,1,FALSE,FALSE
382,53,1,0,2,1,0,2,1,0,2,-1,1,1,1,FALSE,FALSE
382,54,1,0,2,1,0,2,1,0,2,-1,1,1,1,FALSE,FALSE
382,55,1,0,2,1,0,2,1,0,2,-1,1,1,1,FALSE,FALSE
382,56,1,0,2,1,0,2,1,0,2,-1,1,1,1,FALSE,FALSE
382,57,0,0,2,0,0,2,0,0,2,0,2,0,2,TRUE,FALSE
382,58,0,0,2,0,0,2,0,0,2,0,2,0,2,TRUE,FALSE
382,59,0,0,1,0,0,1,0,0,1,0,1,0,1,TRUE,FALSE
382,60,0,0,1,0,0,1,0,0,1,0,1,0,1,TRUE,FALSE
383,0,176,176,176,176,176,176,176,176,176,0,0,0,0,TRUE,TRUE
383,1,186,198,200,186,198,200,186,198,200,12,14,12,14,FALSE,FALSE
383,2,203,230,220,203,230,220,203,230,220,27,17,27,17,FALSE,FALSE
383,3,224,257,240,224,257,240,224,257,240,33,16,33,16,FALSE,FALSE
383,4,253,263,264,253,263,264,253,263,264,10,11,10,11,FALSE,FALSE
383,5,293,284,315,293,284,315,293,284,315,-9,22,9,22,FALSE,FALSE
383,6,318,314,340,318,314,340,318,314,340,-4,22,4,22,FALSE,FALSE
383,7,340,355,395,340,355,395,340,355,395,15,55,15,55,FALSE,FALSE
383,8,378,386,436,378,386,436,378,386,436,8,58,8,58,FALSE,FALSE
383,9,426,431,466,426,431,466,426,431,466,5,40,5,40,FALSE,FALSE
383,10,458,462,530,458,462,530,458,462,530,4,72,4,72,FALSE,FALSE
383,11,501,511,549,501,511,549,501,511,549,10,48,10,48,FALSE,FALSE
383,12,534,560,599,534,560,599,534,560,599,26,65,26,65,FALSE,FALSE
383,13,556,609,639,556,609,639,556,609,639,53,83,53,83,FALSE,FALSE
383,14,585,669,674,585,669,674,585,669,674,84,89,84,89,FALSE,FALSE
383,15,631,721,701,631,721,701,631,721,701,90,70,90,70,FALSE,FALSE
383,16,666,769,750,666,769,750,666,769,750,103,84,103,84,FALSE,FALSE
383,17,703,823,792,703,823,792,703,823,792,120,89,120,89,FALSE,FALSE
383,18,726,867,820,726,867,820,726,867,820,141,94,141,94,FALSE,FALSE
383,19,743,929,873,743,929,873,743,929,873,186,130,186,130,FALSE,FALSE
383,20,782,968,900,782,968,900,782,968,900,186,118,186,118,FALSE,FALSE
383,21,812,987,938,812,987,938,812,987,938,175,126,175,126,FALSE,FALSE
383,22,836,998,946,836,998,946,836,998,946,162,110,162,110,FALSE,FALSE
383,23,864,1037,970,864,1037,970,864,1037,970,173,106,173,106,FALSE,FALSE
383,24,897,1094,1003,897,1094,1003,897,1094,1003,197,106,197,106,FALSE,FALSE
383,25,948,1128,999,948,1128,999,948,1128,999,180,51,180,51,FALSE,FALSE
383,26,952,1166,993,952,1166,993,952,1166,993,214,41,214,41,FALSE,FALSE
383,27,972,1175,986,972,1175,986,972,1175,986,203,14,203,14,FALSE,FALSE
383,28,998,1134,960,998,1134,960,998,1134,960,136,-38,136,38,FALSE,FALSE
383,29,999,1108,945,999,1108,945,999,1108,945,109,-54,109,54,FALSE,FALSE
383,30,989,1103,938,989,1103,938,989,1103,938,114,-51,114,51,FALSE,FALSE
383,31,971,1083,936,971,1083,936,971,1083,936,112,-35,112,35,FALSE,FALSE
383,32,966,1065,913,966,1065,913,966,1065,913,99,-53,99,53,FALSE,FALSE
383,33,942,1031,902,942,1031,902,942,1031,902,89,-40,89,40,FALSE,FALSE
383,34,939,1000,891,939,1000,891,939,1000,891,61,-48,61,48,FALSE,FALSE
383,35,916,952,857,916,952,857,916,952,857,36,-59,36,59,FALSE,FALSE
383,36,888,910,822,888,910,822,888,910,822,22,-66,22,66,FALSE,FALSE
383,37,883,887,818,883,887,818,883,887,818,4,-65,4,65,FALSE,FALSE
383,38,837,847,804,837,847,804,837,847,804,10,-33,10,33,FALSE,FALSE
383,39,807,827,783,807,827,783,807,827,783,20,-24,20,24,FALSE,FALSE
383,40,749,786,779,749,786,779,749,786,779,37,30,37,30,FALSE,FALSE
383,41,734,752,743,734,752,743,734,752,743,18,9,18,9,FALSE,FALSE
383,42,729,732,714,729,732,714,729,732,714,3,-15,3,15,FALSE,FALSE
383,43,699,699,694,699,699,694,699,699,694,0,-5,0,5,TRUE,FALSE
383,44,640,643,646,640,643,646,640,643,646,3,6,3,6,FALSE,FALSE
383,45,612,607,611,612,607,611,612,607,611,-5,-1,5,1,FALSE,FALSE
383,46,573,581,584,573,581,584,573,581,584,8,11,8,11,FALSE,FALSE
383,47,543,538,548,543,538,548,543,538,548,-5,5,5,5,FALSE,FALSE
383,48,519,509,510,519,509,510,519,509,510,-10,-9,10,9,FALSE,FALSE
383,49,488,473,488,488,473,488,488,473,488,-15,0,15,0,FALSE,TRUE
383,50,451,440,468,451,440,468,451,440,468,-11,17,11,17,FALSE,FALSE
383,51,410,391,419,410,391,419,410,391,419,-19,9,19,9,FALSE,FALSE
383,52,403,355,387,403,355,387,403,355,387,-48,-16,48,16,FALSE,FALSE
383,53,394,327,352,394,327,352,394,327,352,-67,-42,67,42,FALSE,FALSE
383,54,377,305,327,377,305,327,377,305,327,-72,-50,72,50,FALSE,FALSE
383,55,348,292,307,348,292,307,348,292,307,-56,-41,56,41,FALSE,FALSE
383,56,336,278,295,336,278,295,336,278,295,-58,-41,58,41,FALSE,FALSE
383,57,306,255,271,306,255,271,306,255,271,-51,-35,51,35,FALSE,FALSE
383,58,287,255,243,287,255,243,287,255,243,-32,-44,32,44,FALSE,FALSE
383,59,268,239,220,268,239,220,268,239,220,-29,-48,29,48,FALSE,FALSE
383,60,253,217,206,253,217,206,253,217,206,-36,-47,36,47,FALSE,FALSE
384,0,56,56,56,56,56,56,56,56,56,0,0,0,0,TRUE,TRUE
384,1,103,106,110,103,106,110,103,106,110,3,7,3,7,FALSE,FALSE
384,2,172,200,191,172,200,191,172,200,191,28,19,28,19,FALSE,FALSE
384,3,305,345,340,305,345,340,305,345,340,40,35,40,35,FALSE,FALSE
384,4,510,546,578,510,546,578,510,546,578,36,68,36,68,FALSE,FALSE
384,5,828,823,905,828,823,905,828,823,905,-5,77,5,77,FALSE,FALSE
384,6,1221,1168,1294,1221,1168,1294,1221,1168,1294,-53,73,53,73,FALSE,FALSE
384,7,1647,1536,1778,1647,1536,1778,1647,1536,1778,-111,131,111,131,FALSE,FALSE
384,8,1967,1822,2021,1967,1822,2021,1967,1822,2021,-145,54,145,54,FALSE,FALSE
384,9,2102,1966,2078,2102,1966,2078,2102,1966,2078,-136,-24,136,24,FALSE,FALSE
384,10,2067,1951,2011,2067,1951,2011,2067,1951,2011,-116,-56,116,56,FALSE,FALSE
384,11,1851,1798,1818,1851,1798,1818,1851,1798,1818,-53,-33,53,33,FALSE,FALSE
384,12,1548,1590,1508,1548,1590,1508,1548,1590,1508,42,-40,42,40,FALSE,FALSE
384,13,1264,1365,1226,1264,1365,1226,1264,1365,1226,101,-38,101,38,FALSE,FALSE
384,14,1032,1141,984,1032,1141,984,1032,1141,984,109,-48,109,48,FALSE,FALSE
384,15,830,951,795,830,951,795,830,951,795,121,-35,121,35,FALSE,FALSE
384,16,651,777,615,651,777,615,651,777,615,126,-36,126,36,FALSE,FALSE
384,17,530,624,466,530,624,466,530,624,466,94,-64,94,64,FALSE,FALSE
384,18,415,527,351,415,527,351,415,527,351,112,-64,112,64,FALSE,FALSE
384,19,343,430,266,343,430,266,343,430,266,87,-77,87,77,FALSE,FALSE
384,20,261,339,203,261,339,203,261,339,203,78,-58,78,58,FALSE,FALSE
384,21,196,261,163,196,261,163,196,261,163,65,-33,65,33,FALSE,FALSE
384,22,152,198,131,152,198,131,152,198,131,46,-21,46,21,FALSE,FALSE
384,23,113,159,97,113,159,97,113,159,97,46,-16,46,16,FALSE,FALSE
384,24,96,133,74,96,133,74,96,133,74,37,-22,37,22,FALSE,FALSE
384,25,79,97,58,79,97,58,79,97,58,18,-21,18,21,FALSE,FALSE
384,26,65,70,45,65,70,45,65,70,45,5,-20,5,20,FALSE,FALSE
384,27,45,56,29,45,56,29,45,56,29,11,-16,11,16,FALSE,FALSE
384,28,37,43,22,37,43,22,37,43,22,6,-15,6,15,FALSE,FALSE
384,29,26,34,15,26,34,15,26,34,15,8,-11,8,11,FALSE,FALSE
384,30,21,31,12,21,31,12,21,31,12,10,-9,10,9,FALSE,FALSE
384,31,16,27,10,16,27,10,16,27,10,11,-6,11,6,FALSE,FALSE
384,32,14,21,7,14,21,7,14,21,7,7,-7,7,7,FALSE,FALSE
384,33,9,16,5,9,16,5,9,16,5,7,-4,7,4,FALSE,FALSE
384,34,9,13,5,9,13,5,9,13,5,4,-4,4,4,FALSE,FALSE
384,35,7,9,3,7,9,3,7,9,3,2,-4,2,4,FALSE,FALSE
384,36,6,7,2,6,7,2,6,7,2,1,-4,1,4,FALSE,FALSE
384,37,5,7,2,5,7,2,5,7,2,2,-3,2,3,FALSE,FALSE
384,38,5,7,2,5,7,2,5,7,2,2,-3,2,3,FALSE,FALSE
384,39,5,4,0,5,4,0,5,4,0,-1,-5,1,5,FALSE,FALSE
384,40,4,2,0,4,2,0,4,2,0,-2,-4,2,4,FALSE,FALSE
384,41,4,1,0,4,1,0,4,1,0,-3,-4,3,4,FALSE,FALSE
384,42,3,1,0,3,1,0,3,1,0,-2,-3,2,3,FALSE,FALSE
384,43,3,0,0,3,0,0,3,0,0,-3,-3,3,3,FALSE,FALSE
384,44,2,0,0,2,0,0,2,0,0,-2,-2,2,2,FALSE,FALSE
384,45,2,0,0,2,0,0,2,0,0,-2,-2,2,2,FALSE,FALSE
384,46,2,0,0,2,0,0,2,0,0,-2,-2,2,2,FALSE,FALSE
384,47,2,0,0,2,0,0,2,0,0,-2,-2,2,2,FALSE,FALSE
384,48,1,0,0,1,0,0,1,0,0,-1,-1,1,1,FALSE,FALSE
384,49,1,0,0,1,0,0,1,0,0,-1,-1,1,1,FALSE,FALSE
384,50,1,0,0,1,0,0,1,0,0,-1,-1,1,1,FALSE,FALSE
384,51,1,0,0,1,0,0,1,0,0,-1,-1,1,1,FALSE,FALSE
384,52,1,0,0,1,0,0,1,0,0,-1,-1,1,1,FALSE,FALSE
384,53,1,0,0,1,0,0,1,0,0,-1,-1,1,1,FALSE,FALSE
384,54,1,0,0,1,0,0,1,0,0,-1,-1,1,1,FALSE,FALSE
384,55,1,0,0,1,0,0,1,0,0,-1,-1,1,1,FALSE,FALSE
384,56,0,0,0,0,0,0,0,0,0,0,0,0,0,TRUE,TRUE
384,57,0,0,0,0,0,0,0,0,0,0,0,0,0,TRUE,TRUE
384,58,0,0,0,0,0,0,0,0,0,0,0,0,0,TRUE,TRUE
384,59,0,0,0,0,0,0,0,0,0,0,0,0,0,TRUE,TRUE
384,60,0,0,0,0,0,0,0,0,0,0,0,0,0,TRUE,TRUE
385,0,48,48,48,48,48,48,48,48,48,0,0,0,0,TRUE,TRUE
385,1,65,51,63,65,51,63,65,51,63,-14,-2,14,2,FALSE,FALSE
385,2,86,57,76,86,57,76,86,57,76,-29,-10,29,10,FALSE,FALSE
385,3,98,63,93,98,63,93,98,63,93,-35,-5,35,5,FALSE,FALSE
385,4,106,83,107,106,83,107,106,83,107,-23,1,23,1,FALSE,FALSE
385,5,126,100,133,126,100,133,126,100,133,-26,7,26,7,FALSE,FALSE
385,6,151,121,166,151,121,166,151,121,166,-30,15,30,15,FALSE,FALSE
385,7,184,152,205,184,152,205,184,152,205,-32,21,32,21,FALSE,FALSE
385,8,238,187,248,238,187,248,238,187,248,-51,10,51,10,FALSE,FALSE
385,9,277,219,304,277,219,304,277,219,304,-58,27,58,27,FALSE,FALSE
385,10,331,267,358,331,267,358,331,267,358,-64,27,64,27,FALSE,FALSE
385,11,404,323,420,404,323,420,404,323,420,-81,16,81,16,FALSE,FALSE
385,12,466,366,518,466,366,518,466,366,518,-100,52,100,52,FALSE,FALSE
385,13,570,429,604,570,429,604,570,429,604,-141,34,141,34,FALSE,FALSE
385,14,680,504,689,680,504,689,680,504,689,-176,9,176,9,FALSE,FALSE
385,15,776,579,786,776,579,786,776,579,786,-197,10,197,10,FALSE,FALSE
385,16,899,654,913,899,654,913,899,654,913,-245,14,245,14,FALSE,FALSE
385,17,1029,749,1017,1029,749,1017,1029,749,1017,-280,-12,280,12,FALSE,FALSE
385,18,1126,851,1162,1126,851,1162,1126,851,1162,-275,36,275,36,FALSE,FALSE
385,19,1255,953,1295,1255,953,1295,1255,953,1295,-302,40,302,40,FALSE,FALSE
385,20,1395,1102,1433,1395,1102,1433,1395,1102,1433,-293,38,293,38,FALSE,FALSE
385,21,1522,1191,1571,1522,1191,1571,1522,1191,1571,-331,49,331,49,FALSE,FALSE
385,22,1646,1335,1691,1646,1335,1691,1646,1335,1691,-311,45,311,45,FALSE,FALSE
385,23,1739,1410,1797,1739,1410,1797,1739,1410,1797,-329,58,329,58,FALSE,FALSE
385,24,1829,1545,1867,1829,1545,1867,1829,1545,1867,-284,38,284,38,FALSE,FALSE
385,25,1910,1638,1951,1910,1638,1951,1910,1638,1951,-272,41,272,41,FALSE,FALSE
385,26,1966,1723,1981,1966,1723,1981,1966,1723,1981,-243,15,243,15,FALSE,FALSE
385,27,1984,1801,1969,1984,1801,1969,1984,1801,1969,-183,-15,183,15,FALSE,FALSE
385,28,1990,1870,1973,1990,1870,1973,1990,1870,1973,-120,-17,120,17,FALSE,FALSE
385,29,1982,1917,1960,1982,1917,1960,1982,1917,1960,-65,-22,65,22,FALSE,FALSE
385,30,1964,1949,1942,1964,1949,1942,1964,1949,1942,-15,-22,15,22,FALSE,FALSE
385,31,1921,1950,1884,1921,1950,1884,1921,1950,1884,29,-37,29,37,FALSE,FALSE
385,32,1882,1950,1841,1882,1950,1841,1882,1950,1841,68,-41,68,41,FALSE,FALSE
385,33,1845,1911,1785,1845,1911,1785,1845,1911,1785,66,-60,66,60,FALSE,FALSE
385,34,1766,1831,1730,1766,1831,1730,1766,1831,1730,65,-36,65,36,FALSE,FALSE
385,35,1703,1821,1648,1703,1821,1648,1703,1821,1648,118,-55,118,55,FALSE,FALSE
385,36,1632,1776,1579,1632,1776,1579,1632,1776,1579,144,-53,144,53,FALSE,FALSE
385,37,1556,1697,1514,1556,1697,1514,1556,1697,1514,141,-42,141,42,FALSE,FALSE
385,38,1465,1620,1442,1465,1620,1442,1465,1620,1442,155,-23,155,23,FALSE,FALSE
385,39,1393,1555,1360,1393,1555,1360,1393,1555,1360,162,-33,162,33,FALSE,FALSE
385,40,1276,1456,1301,1276,1456,1301,1276,1456,1301,180,25,180,25,FALSE,FALSE
385,41,1189,1400,1191,1189,1400,1191,1189,1400,1191,211,2,211,2,FALSE,FALSE
385,42,1125,1315,1117,1125,1315,1117,1125,1315,1117,190,-8,190,8,FALSE,FALSE
385,43,1061,1252,1065,1061,1252,1065,1061,1252,1065,191,4,191,4,FALSE,FALSE
385,44,1020,1176,998,1020,1176,998,1020,1176,998,156,-22,156,22,FALSE,FALSE
385,45,951,1118,923,951,1118,923,951,1118,923,167,-28,167,28,FALSE,FALSE
385,46,899,1050,852,899,1050,852,899,1050,852,151,-47,151,47,FALSE,FALSE
385,47,830,982,782,830,982,782,830,982,782,152,-48,152,48,FALSE,FALSE
385,48,761,932,747,761,932,747,761,932,747,171,-14,171,14,FALSE,FALSE
385,49,699,862,702,699,862,702,699,862,702,163,3,163,3,FALSE,FALSE
385,50,651,809,649,651,809,649,651,809,649,158,-2,158,2,FALSE,FALSE
385,51,610,753,591,610,753,591,610,753,591,143,-19,143,19,FALSE,FALSE
385,52,560,696,538,560,696,538,560,696,538,136,-22,136,22,FALSE,FALSE
385,53,529,640,492,529,640,492,529,640,492,111,-37,111,37,FALSE,FALSE
385,54,474,585,458,474,585,458,474,585,458,111,-16,111,16,FALSE,FALSE
385,55,440,535,431,440,535,431,440,535,431,95,-9,95,9,FALSE,FALSE
385,56,406,505,401,406,505,401,406,505,401,99,-5,99,5,FALSE,FALSE
385,57,385,469,363,385,469,363,385,469,363,84,-22,84,22,FALSE,FALSE
385,58,353,420,329,353,420,329,353,420,329,67,-24,67,24,FALSE,FALSE
385,59,315,398,305,315,398,305,315,398,305,83,-10,83,10,FALSE,FALSE
385,60,295,373,284,295,373,284,295,373,284,78,-11,78,11,FALSE,FALSE
386,0,80,80,80,80,80,80,80,80,80,0,0,0,0,TRUE,TRUE
386,1,108,112,111,108,112,111,108,112,111,4,3,4,3,FALSE,FALSE
386,2,155,163,147,155,163,147,155,163,147,8,-8,8,8,FALSE,FALSE
386,3,214,225,199,214,225,199,214,225,199,11,-15,11,15,FALSE,FALSE
386,4,268,294,284,268,294,284,268,294,284,26,16,26,16,FALSE,FALSE
386,5,370,372,389,370,372,389,370,372,389,2,19,2,19,FALSE,FALSE
386,6,470,541,503,470,541,503,470,541,503,71,33,71,33,FALSE,FALSE
386,7,588,702,699,588,702,699,588,702,699,114,111,114,111,FALSE,FALSE
386,8,782,868,914,782,868,914,782,868,914,86,132,86,132,FALSE,FALSE
386,9,986,1058,1139,986,1058,1139,986,1058,1139,72,153,72,153,FALSE,FALSE
386,10,1205,1273,1325,1205,1273,1325,1205,1273,1325,68,120,68,120,FALSE,FALSE
386,11,1435,1445,1554,1435,1445,1554,1435,1445,1554,10,119,10,119,FALSE,FALSE
386,12,1591,1572,1697,1591,1572,1697,1591,1572,1697,-19,106,19,106,FALSE,FALSE
386,13,1705,1665,1817,1705,1665,1817,1705,1665,1817,-40,112,40,112,FALSE,FALSE
386,14,1785,1739,1886,1785,1739,1886,1785,1739,1886,-46,101,46,101,FALSE,FALSE
386,15,1789,1778,1879,1789,1778,1879,1789,1778,1879,-11,90,11,90,FALSE,FALSE
386,16,1739,1726,1811,1739,1726,1811,1739,1726,1811,-13,72,13,72,FALSE,FALSE
386,17,1717,1608,1723,1717,1608,1723,1717,1608,1723,-109,6,109,6,FALSE,FALSE
386,18,1615,1486,1589,1615,1486,1589,1615,1486,1589,-129,-26,129,26,FALSE,FALSE
386,19,1463,1359,1438,1463,1359,1438,1463,1359,1438,-104,-25,104,25,FALSE,FALSE
386,20,1311,1213,1276,1311,1213,1276,1311,1213,1276,-98,-35,98,35,FALSE,FALSE
386,21,1172,1096,1144,1172,1096,1144,1172,1096,1144,-76,-28,76,28,FALSE,FALSE
386,22,1026,949,976,1026,949,976,1026,949,976,-77,-50,77,50,FALSE,FALSE
386,23,915,835,849,915,835,849,915,835,849,-80,-66,80,66,FALSE,FALSE
386,24,804,725,732,804,725,732,804,725,732,-79,-72,79,72,FALSE,FALSE
386,25,685,642,601,685,642,601,685,642,601,-43,-84,43,84,FALSE,FALSE
386,26,587,560,507,587,560,507,587,560,507,-27,-80,27,80,FALSE,FALSE
386,27,517,488,433,517,488,433,517,488,433,-29,-84,29,84,FALSE,FALSE
386,28,428,430,377,428,430,377,428,430,377,2,-51,2,51,FALSE,FALSE
386,29,336,363,318,336,363,318,336,363,318,27,-18,27,18,FALSE,FALSE
386,30,282,296,268,282,296,268,282,296,268,14,-14,14,14,FALSE,FALSE
386,31,227,252,229,227,252,229,227,252,229,25,2,25,2,FALSE,FALSE
386,32,194,229,197,194,229,197,194,229,197,35,3,35,3,FALSE,FALSE
386,33,170,192,167,170,192,167,170,192,167,22,-3,22,3,FALSE,FALSE
386,34,136,157,125,136,157,125,136,157,125,21,-11,21,11,FALSE,FALSE
386,35,113,132,114,113,132,114,113,132,114,19,1,19,1,FALSE,FALSE
386,36,100,116,88,100,116,88,100,116,88,16,-12,16,12,FALSE,FALSE
386,37,86,91,69,86,91,69,86,91,69,5,-17,5,17,FALSE,FALSE
386,38,67,77,53,67,77,53,67,77,53,10,-14,10,14,FALSE,FALSE
386,39,56,67,48,56,67,48,56,67,48,11,-8,11,8,FALSE,FALSE
386,40,53,54,45,53,54,45,53,54,45,1,-8,1,8,FALSE,FALSE
386,41,48,45,38,48,45,38,48,45,38,-3,-10,3,10,FALSE,FALSE
386,42,39,37,33,39,37,33,39,37,33,-2,-6,2,6,FALSE,FALSE
386,43,34,28,27,34,28,27,34,28,27,-6,-7,6,7,FALSE,FALSE
386,44,30,23,22,30,23,22,30,23,22,-7,-8,7,8,FALSE,FALSE
386,45,16,22,16,16,22,16,16,22,16,6,0,6,0,FALSE,TRUE
386,46,9,19,13,9,19,13,9,19,13,10,4,10,4,FALSE,FALSE
386,47,9,17,11,9,17,11,9,17,11,8,2,8,2,FALSE,FALSE
386,48,8,13,10,8,13,10,8,13,10,5,2,5,2,FALSE,FALSE
386,49,5,11,9,5,11,9,5,11,9,6,4,6,4,FALSE,FALSE
386,50,4,9,6,4,9,6,4,9,6,5,2,5,2,FALSE,FALSE
386,51,2,7,4,2,7,4,2,7,4,5,2,5,2,FALSE,FALSE
386,52,2,7,3,2,7,3,2,7,3,5,1,5,1,FALSE,FALSE
386,53,1,6,3,1,6,3,1,6,3,5,2,5,2,FALSE,FALSE
386,54,1,6,3,1,6,3,1,6,3,5,2,5,2,FALSE,FALSE
386,55,1,6,2,1,6,2,1,6,2,5,1,5,1,FALSE,FALSE
386,56,1,5,2,1,5,2,1,5,2,4,1,4,1,FALSE,FALSE
386,57,1,3,3,1,3,3,1,3,3,2,2,2,2,FALSE,FALSE
386,58,1,2,3,1,2,3,1,2,3,1,2,1,2,FALSE,FALSE
386,59,0,0,2,0,0,2,0,0,2,0,2,0,2,TRUE,FALSE
386,60,0,0,2,0,0,2,0,0,2,0,2,0,2,TRUE,FALSE
387,0,88,88,88,88,88,88,88,88,88,0,0,0,0,TRUE,TRUE
387,1,129,129,142,129,129,142,129,129,142,0,13,0,13,TRUE,FALSE
387,2,173,185,213,173,185,213,173,185,213,12,40,12,40,FALSE,FALSE
387,3,227,240,294,227,240,294,227,240,294,13,67,13,67,FALSE,FALSE
387,4,329,354,424,329,354,424,329,354,424,25,95,25,95,FALSE,FALSE
387,5,456,518,571,456,518,571,456,518,571,62,115,62,115,FALSE,FALSE
387,6,627,687,779,627,687,779,627,687,779,60,152,60,152,FALSE,FALSE
387,7,829,956,1069,829,956,1069,829,956,1069,127,240,127,240,FALSE,FALSE
387,8,1150,1243,1370,1150,1243,1370,1150,1243,1370,93,220,93,220,FALSE,FALSE
387,9,1457,1510,1700,1457,1510,1700,1457,1510,1700,53,243,53,243,FALSE,FALSE
387,10,1791,1851,2089,1791,1851,2089,1791,1851,2089,60,298,60,298,FALSE,FALSE
387,11,2129,2147,2415,2129,2147,2415,2129,2147,2415,18,286,18,286,FALSE,FALSE
387,12,2404,2450,2598,2404,2450,2598,2404,2450,2598,46,194,46,194,FALSE,FALSE
387,13,2651,2623,2696,2651,2623,2696,2651,2623,2696,-28,45,28,45,FALSE,FALSE
387,14,2747,2687,2709,2747,2687,2709,2747,2687,2709,-60,-38,60,38,FALSE,FALSE
387,15,2700,2584,2603,2700,2584,2603,2700,2584,2603,-116,-97,116,97,FALSE,FALSE
387,16,2575,2526,2438,2575,2526,2438,2575,2526,2438,-49,-137,49,137,FALSE,FALSE
387,17,2379,2324,2235,2379,2324,2235,2379,2324,2235,-55,-144,55,144,FALSE,FALSE
387,18,2162,2088,1994,2162,2088,1994,2162,2088,1994,-74,-168,74,168,FALSE,FALSE
387,19,1933,1876,1756,1933,1876,1756,1933,1876,1756,-57,-177,57,177,FALSE,FALSE
387,20,1711,1682,1518,1711,1682,1518,1711,1682,1518,-29,-193,29,193,FALSE,FALSE
387,21,1506,1463,1277,1506,1463,1277,1506,1463,1277,-43,-229,43,229,FALSE,FALSE
387,22,1295,1267,1089,1295,1267,1089,1295,1267,1089,-28,-206,28,206,FALSE,FALSE
387,23,1106,1083,925,1106,1083,925,1106,1083,925,-23,-181,23,181,FALSE,FALSE
387,24,911,905,781,911,905,781,911,905,781,-6,-130,6,130,FALSE,FALSE
387,25,780,780,656,780,780,656,780,780,656,0,-124,0,124,TRUE,FALSE
387,26,655,683,560,655,683,560,655,683,560,28,-95,28,95,FALSE,FALSE
387,27,552,574,470,552,574,470,552,574,470,22,-82,22,82,FALSE,FALSE
387,28,448,492,413,448,492,413,448,492,413,44,-35,44,35,FALSE,FALSE
387,29,395,407,335,395,407,335,395,407,335,12,-60,12,60,FALSE,FALSE
387,30,315,340,276,315,340,276,315,340,276,25,-39,25,39,FALSE,FALSE
387,31,262,293,220,262,293,220,262,293,220,31,-42,31,42,FALSE,FALSE
387,32,223,254,192,223,254,192,223,254,192,31,-31,31,31,FALSE,FALSE
387,33,176,209,172,176,209,172,176,209,172,33,-4,33,4,FALSE,FALSE
387,34,148,183,138,148,183,138,148,183,138,35,-10,35,10,FALSE,FALSE
387,35,122,156,122,122,156,122,122,156,122,34,0,34,0,FALSE,TRUE
387,36,96,128,106,96,128,106,96,128,106,32,10,32,10,FALSE,FALSE
387,37,75,107,79,75,107,79,75,107,79,32,4,32,4,FALSE,FALSE
387,38,67,85,68,67,85,68,67,85,68,18,1,18,1,FALSE,FALSE
387,39,62,76,52,62,76,52,62,76,52,14,-10,14,10,FALSE,FALSE
387,40,50,69,47,50,69,47,50,69,47,19,-3,19,3,FALSE,FALSE
387,41,38,52,35,38,52,35,38,52,35,14,-3,14,3,FALSE,FALSE
387,42,30,41,32,30,41,32,30,41,32,11,2,11,2,FALSE,FALSE
387,43,26,36,28,26,36,28,26,36,28,10,2,10,2,FALSE,FALSE
387,44,22,32,26,22,32,26,22,32,26,10,4,10,4,FALSE,FALSE
387,45,20,27,20,20,27,20,20,27,20,7,0,7,0,FALSE,TRUE
387,46,18,23,15,18,23,15,18,23,15,5,-3,5,3,FALSE,FALSE
387,47,15,20,15,15,20,15,15,20,15,5,0,5,0,FALSE,TRUE
387,48,10,15,13,10,15,13,10,15,13,5,3,5,3,FALSE,FALSE
387,49,6,14,11,6,14,11,6,14,11,8,5,8,5,FALSE,FALSE
387,50,5,12,9,5,12,9,5,12,9,7,4,7,4,FALSE,FALSE
387,51,4,10,7,4,10,7,4,10,7,6,3,6,3,FALSE,FALSE
387,52,4,9,5,4,9,5,4,9,5,5,1,5,1,FALSE,FALSE
387,53,4,7,4,4,7,4,4,7,4,3,0,3,0,FALSE,TRUE
387,54,4,5,3,4,5,3,4,5,3,1,-1,1,1,FALSE,FALSE
387,55,3,4,3,3,4,3,3,4,3,1,0,1,0,FALSE,TRUE
387,56,3,3,2,3,3,2,3,3,2,0,-1,0,1,TRUE,FALSE
387,57,3,1,2,3,1,2,3,1,2,-2,-1,2,1,FALSE,FALSE
387,58,2,1,1,2,1,1,2,1,1,-1,-1,1,1,FALSE,FALSE
387,59,2,1,1,2,1,1,2,1,1,-1,-1,1,1,FALSE,FALSE
387,60,2,1,0,2,1,0,2,1,0,-1,-2,1,2,FALSE,FALSE
388,0,159,159,159,159,159,159,159,159,159,0,0,0,0,TRUE,TRUE
388,1,206,205,184,206,205,184,206,205,184,-1,-22,1,22,FALSE,FALSE
388,2,250,244,238,250,244,238,250,244,238,-6,-12,6,12,FALSE,FALSE
388,3,294,308,281,294,308,281,294,308,281,14,-13,14,13,FALSE,FALSE
388,4,365,380,330,365,380,330,365,380,330,15,-35,15,35,FALSE,FALSE
388,5,444,449,380,444,449,380,444,449,380,5,-64,5,64,FALSE,FALSE
388,6,529,557,468,529,557,468,529,557,468,28,-61,28,61,FALSE,FALSE
388,7,640,653,577,640,653,577,640,653,577,13,-63,13,63,FALSE,FALSE
388,8,800,795,676,800,795,676,800,795,676,-5,-124,5,124,FALSE,FALSE
388,9,961,915,818,961,915,818,961,915,818,-46,-143,46,143,FALSE,FALSE
388,10,1116,1094,952,1116,1094,952,1116,1094,952,-22,-164,22,164,FALSE,FALSE
388,11,1335,1249,1130,1335,1249,1130,1335,1249,1130,-86,-205,86,205,FALSE,FALSE
388,12,1496,1405,1312,1496,1405,1312,1496,1405,1312,-91,-184,91,184,FALSE,FALSE
388,13,1663,1555,1532,1663,1555,1532,1663,1555,1532,-108,-131,108,131,FALSE,FALSE
388,14,1786,1708,1695,1786,1708,1695,1786,1708,1695,-78,-91,78,91,FALSE,FALSE
388,15,1884,1858,1857,1884,1858,1857,1884,1858,1857,-26,-27,26,27,FALSE,FALSE
388,16,1971,1997,1980,1971,1997,1980,1971,1997,1980,26,9,26,9,FALSE,FALSE
388,17,2058,2084,2056,2058,2084,2056,2058,2084,2056,26,-2,26,2,FALSE,FALSE
388,18,2093,2136,2156,2093,2136,2156,2093,2136,2156,43,63,43,63,FALSE,FALSE
388,19,2125,2193,2231,2125,2193,2231,2125,2193,2231,68,106,68,106,FALSE,FALSE
388,20,2153,2203,2225,2153,2203,2225,2153,2203,2225,50,72,50,72,FALSE,FALSE
388,21,2117,2171,2223,2117,2171,2223,2117,2171,2223,54,106,54,106,FALSE,FALSE
388,22,2066,2103,2173,2066,2103,2173,2066,2103,2173,37,107,37,107,FALSE,FALSE
388,23,2075,1991,2099,2075,1991,2099,2075,1991,2099,-84,24,84,24,FALSE,FALSE
388,24,1978,1909,1999,1978,1909,1999,1978,1909,1999,-69,21,69,21,FALSE,FALSE
388,25,1863,1800,1894,1863,1800,1894,1863,1800,1894,-63,31,63,31,FALSE,FALSE
388,26,1724,1691,1792,1724,1691,1792,1724,1691,1792,-33,68,33,68,FALSE,FALSE
388,27,1609,1552,1697,1609,1552,1697,1609,1552,1697,-57,88,57,88,FALSE,FALSE
388,28,1484,1469,1600,1484,1469,1600,1484,1469,1600,-15,116,15,116,FALSE,FALSE
388,29,1330,1364,1435,1330,1364,1435,1330,1364,1435,34,105,34,105,FALSE,FALSE
388,30,1229,1287,1345,1229,1287,1345,1229,1287,1345,58,116,58,116,FALSE,FALSE
388,31,1129,1167,1239,1129,1167,1239,1129,1167,1239,38,110,38,110,FALSE,FALSE
388,32,1033,1066,1120,1033,1066,1120,1033,1066,1120,33,87,33,87,FALSE,FALSE
388,33,934,953,1032,934,953,1032,934,953,1032,19,98,19,98,FALSE,FALSE
388,34,870,869,916,870,869,916,870,869,916,-1,46,1,46,FALSE,FALSE
388,35,782,765,818,782,765,818,782,765,818,-17,36,17,36,FALSE,FALSE
388,36,693,706,724,693,706,724,693,706,724,13,31,13,31,FALSE,FALSE
388,37,621,612,649,621,612,649,621,612,649,-9,28,9,28,FALSE,FALSE
388,38,558,557,596,558,557,596,558,557,596,-1,38,1,38,FALSE,FALSE
388,39,507,494,547,507,494,547,507,494,547,-13,40,13,40,FALSE,FALSE
388,40,464,433,498,464,433,498,464,433,498,-31,34,31,34,FALSE,FALSE
388,41,421,391,452,421,391,452,421,391,452,-30,31,30,31,FALSE,FALSE
388,42,390,347,403,390,347,403,390,347,403,-43,13,43,13,FALSE,FALSE
388,43,362,310,348,362,310,348,362,310,348,-52,-14,52,14,FALSE,FALSE
388,44,314,272,311,314,272,311,314,272,311,-42,-3,42,3,FALSE,FALSE
388,45,275,246,277,275,246,277,275,246,277,-29,2,29,2,FALSE,FALSE
388,46,241,213,243,241,213,243,241,213,243,-28,2,28,2,FALSE,FALSE
388,47,212,195,225,212,195,225,212,195,225,-17,13,17,13,FALSE,FALSE
388,48,194,178,201,194,178,201,194,178,201,-16,7,16,7,FALSE,FALSE
388,49,164,154,180,164,154,180,164,154,180,-10,16,10,16,FALSE,FALSE
388,50,143,136,163,143,136,163,143,136,163,-7,20,7,20,FALSE,FALSE
388,51,121,123,154,121,123,154,121,123,154,2,33,2,33,FALSE,FALSE
388,52,108,110,142,108,110,142,108,110,142,2,34,2,34,FALSE,FALSE
388,53,103,100,128,103,100,128,103,100,128,-3,25,3,25,FALSE,FALSE
388,54,88,95,117,88,95,117,88,95,117,7,29,7,29,FALSE,FALSE
388,55,79,89,106,79,89,106,79,89,106,10,27,10,27,FALSE,FALSE
388,56,73,83,96,73,83,96,73,83,96,10,23,10,23,FALSE,FALSE
388,57,67,79,82,67,79,82,67,79,82,12,15,12,15,FALSE,FALSE
388,58,61,80,70,61,80,70,61,80,70,19,9,19,9,FALSE,FALSE
388,59,56,72,58,56,72,58,56,72,58,16,2,16,2,FALSE,FALSE
388,60,50,66,51,50,66,51,50,66,51,16,1,16,1,FALSE,FALSE
389,0,77,77,77,77,77,77,77,77,77,0,0,0,0,TRUE,TRUE
389,1,112,108,107,112,108,107,112,108,107,-4,-5,4,5,FALSE,FALSE
389,2,147,158,149,147,158,149,147,158,149,11,2,11,2,FALSE,FALSE
389,3,180,214,196,180,214,196,180,214,196,34,16,34,16,FALSE,FALSE
389,4,254,283,266,254,283,266,254,283,266,29,12,29,12,FALSE,FALSE
389,5,338,374,345,338,374,345,338,374,345,36,7,36,7,FALSE,FALSE
389,6,438,495,445,438,495,445,438,495,445,57,7,57,7,FALSE,FALSE
389,7,603,654,591,603,654,591,603,654,591,51,-12,51,12,FALSE,FALSE
389,8,749,831,743,749,831,743,749,831,743,82,-6,82,6,FALSE,FALSE
389,9,940,1001,912,940,1001,912,940,1001,912,61,-28,61,28,FALSE,FALSE
389,10,1127,1228,1057,1127,1228,1057,1127,1228,1057,101,-70,101,70,FALSE,FALSE
389,11,1308,1389,1204,1308,1389,1204,1308,1389,1204,81,-104,81,104,FALSE,FALSE
389,12,1442,1501,1318,1442,1501,1318,1442,1501,1318,59,-124,59,124,FALSE,FALSE
389,13,1500,1568,1430,1500,1568,1430,1500,1568,1430,68,-70,68,70,FALSE,FALSE
389,14,1539,1536,1428,1539,1536,1428,1539,1536,1428,-3,-111,3,111,FALSE,FALSE
389,15,1497,1484,1417,1497,1484,1417,1497,1484,1417,-13,-80,13,80,FALSE,FALSE
389,16,1448,1404,1366,1448,1404,1366,1448,1404,1366,-44,-82,44,82,FALSE,FALSE
389,17,1353,1283,1297,1353,1283,1297,1353,1283,1297,-70,-56,70,56,FALSE,FALSE
389,18,1215,1110,1163,1215,1110,1163,1215,1110,1163,-105,-52,105,52,FALSE,FALSE
389,19,1067,980,1030,1067,980,1030,1067,980,1030,-87,-37,87,37,FALSE,FALSE
389,20,906,891,922,906,891,922,906,891,922,-15,16,15,16,FALSE,FALSE
389,21,808,783,782,808,783,782,808,783,782,-25,-26,25,26,FALSE,FALSE
389,22,679,679,689,679,679,689,679,679,689,0,10,0,10,TRUE,FALSE
389,23,575,585,587,575,585,587,575,585,587,10,12,10,12,FALSE,FALSE
389,24,495,501,499,495,501,499,495,501,499,6,4,6,4,FALSE,FALSE
389,25,417,404,438,417,404,438,417,404,438,-13,21,13,21,FALSE,FALSE
389,26,342,341,367,342,341,367,342,341,367,-1,25,1,25,FALSE,FALSE
389,27,282,288,323,282,288,323,282,288,323,6,41,6,41,FALSE,FALSE
389,28,237,245,273,237,245,273,237,245,273,8,36,8,36,FALSE,FALSE
389,29,198,203,235,198,203,235,198,203,235,5,37,5,37,FALSE,FALSE
389,30,161,174,207,161,174,207,161,174,207,13,46,13,46,FALSE,FALSE
389,31,129,148,173,129,148,173,129,148,173,19,44,19,44,FALSE,FALSE
389,32,106,128,148,106,128,148,106,128,148,22,42,22,42,FALSE,FALSE
389,33,87,107,120,87,107,120,87,107,120,20,33,20,33,FALSE,FALSE
389,34,74,90,101,74,90,101,74,90,101,16,27,16,27,FALSE,FALSE
389,35,64,79,92,64,79,92,64,79,92,15,28,15,28,FALSE,FALSE
389,36,54,69,73,54,69,73,54,69,73,15,19,15,19,FALSE,FALSE
389,37,44,57,56,44,57,56,44,57,56,13,12,13,12,FALSE,FALSE
389,38,37,50,50,37,50,50,37,50,50,13,13,13,13,FALSE,FALSE
389,39,30,44,40,30,44,40,30,44,40,14,10,14,10,FALSE,FALSE
389,40,23,41,26,23,41,26,23,41,26,18,3,18,3,FALSE,FALSE
389,41,16,37,24,16,37,24,16,37,24,21,8,21,8,FALSE,FALSE
389,42,14,34,20,14,34,20,14,34,20,20,6,20,6,FALSE,FALSE
389,43,13,26,15,13,26,15,13,26,15,13,2,13,2,FALSE,FALSE
389,44,8,19,14,8,19,14,8,19,14,11,6,11,6,FALSE,FALSE
389,45,7,17,9,7,17,9,7,17,9,10,2,10,2,FALSE,FALSE
389,46,5,14,9,5,14,9,5,14,9,9,4,9,4,FALSE,FALSE
389,47,5,13,5,5,13,5,5,13,5,8,0,8,0,FALSE,TRUE
389,48,3,11,7,3,11,7,3,11,7,8,4,8,4,FALSE,FALSE
389,49,2,10,7,2,10,7,2,10,7,8,5,8,5,FALSE,FALSE
389,50,2,7,5,2,7,5,2,7,5,5,3,5,3,FALSE,FALSE
389,51,2,6,5,2,6,5,2,6,5,4,3,4,3,FALSE,FALSE
389,52,2,7,5,2,7,5,2,7,5,5,3,5,3,FALSE,FALSE
389,53,1,6,3,1,6,3,1,6,3,5,2,5,2,FALSE,FALSE
389,54,1,3,3,1,3,3,1,3,3,2,2,2,2,FALSE,FALSE
389,55,0,2,2,0,2,2,0,2,2,2,2,2,2,FALSE,FALSE
389,56,0,1,1,0,1,1,0,1,1,1,1,1,1,FALSE,FALSE
389,57,0,1,1,0,1,1,0,1,1,1,1,1,1,FALSE,FALSE
389,58,0,1,1,0,1,1,0,1,1,1,1,1,1,FALSE,FALSE
389,59,0,1,0,0,1,0,0,1,0,1,0,1,0,FALSE,TRUE
389,60,0,1,0,0,1,0,0,1,0,1,0,1,0,FALSE,TRUE
390,0,77,77,77,77,77,77,77,77,77,0,0,0,0,TRUE,TRUE
390,1,77,1208,89,77,1208,89,77,1208,89,1131,12,1131,12,FALSE,FALSE
390,2,78,5250,95,78,5250,95,78,5250,95,5172,17,5172,17,FALSE,FALSE
390,3,84,5147,95,84,5147,95,84,5147,95,5063,11,5063,11,FALSE,FALSE
390,4,81,4194,96,81,4194,96,81,4194,96,4113,15,4113,15,FALSE,FALSE
390,5,83,3335,94,83,3335,94,83,3335,94,3252,11,3252,11,FALSE,FALSE
390,6,84,2694,101,84,2694,101,84,2694,101,2610,17,2610,17,FALSE,FALSE
390,7,76,2175,101,76,2175,101,76,2175,101,2099,25,2099,25,FALSE,FALSE
390,8,87,1732,94,87,1732,94,87,1732,94,1645,7,1645,7,FALSE,FALSE
390,9,87,1421,92,87,1421,92,87,1421,92,1334,5,1334,5,FALSE,FALSE
390,10,92,1134,99,92,1134,99,92,1134,99,1042,7,1042,7,FALSE,FALSE
390,11,89,907,104,89,907,104,89,907,104,818,15,818,15,FALSE,FALSE
390,12,91,750,105,91,750,105,91,750,105,659,14,659,14,FALSE,FALSE
390,13,87,607,121,87,607,121,87,607,121,520,34,520,34,FALSE,FALSE
390,14,81,490,133,81,490,133,81,490,133,409,52,409,52,FALSE,FALSE
390,15,94,380,140,94,380,140,94,380,140,286,46,286,46,FALSE,FALSE
390,16,94,295,145,94,295,145,94,295,145,201,51,201,51,FALSE,FALSE
390,17,104,245,166,104,245,166,104,245,166,141,62,141,62,FALSE,FALSE
390,18,97,201,187,97,201,187,97,201,187,104,90,104,90,FALSE,FALSE
390,19,90,167,210,90,167,210,90,167,210,77,120,77,120,FALSE,FALSE
390,20,90,138,223,90,138,223,90,138,223,48,133,48,133,FALSE,FALSE
390,21,97,112,220,97,112,220,97,112,220,15,123,15,123,FALSE,FALSE
390,22,98,91,245,98,91,245,98,91,245,-7,147,7,147,FALSE,FALSE
390,23,102,73,249,102,73,249,102,73,249,-29,147,29,147,FALSE,FALSE
390,24,103,55,270,103,55,270,103,55,270,-48,167,48,167,FALSE,FALSE
390,25,96,37,278,96,37,278,96,37,278,-59,182,59,182,FALSE,FALSE
390,26,106,28,286,106,28,286,106,28,286,-78,180,78,180,FALSE,FALSE
390,27,109,22,276,109,22,276,109,22,276,-87,167,87,167,FALSE,FALSE
390,28,117,21,279,117,21,279,117,21,279,-96,162,96,162,FALSE,FALSE
390,29,122,18,279,122,18,279,122,18,279,-104,157,104,157,FALSE,FALSE
390,30,123,16,287,123,16,287,123,16,287,-107,164,107,164,FALSE,FALSE
390,31,127,14,275,127,14,275,127,14,275,-113,148,113,148,FALSE,FALSE
390,32,126,14,266,126,14,266,126,14,266,-112,140,112,140,FALSE,FALSE
390,33,135,13,262,135,13,262,135,13,262,-122,127,122,127,FALSE,FALSE
390,34,136,10,287,136,10,287,136,10,287,-126,151,126,151,FALSE,FALSE
390,35,135,8,257,135,8,257,135,8,257,-127,122,127,122,FALSE,FALSE
390,36,137,6,256,137,6,256,137,6,256,-131,119,131,119,FALSE,FALSE
390,37,144,4,257,144,4,257,144,4,257,-140,113,140,113,FALSE,FALSE
390,38,148,4,261,148,4,261,148,4,261,-144,113,144,113,FALSE,FALSE
390,39,147,3,265,147,3,265,147,3,265,-144,118,144,118,FALSE,FALSE
390,40,151,3,265,151,3,265,151,3,265,-148,114,148,114,FALSE,FALSE
390,41,163,2,258,163,2,258,163,2,258,-161,95,161,95,FALSE,FALSE
390,42,164,1,244,164,1,244,164,1,244,-163,80,163,80,FALSE,FALSE
390,43,166,1,225,166,1,225,166,1,225,-165,59,165,59,FALSE,FALSE
390,44,154,1,223,154,1,223,154,1,223,-153,69,153,69,FALSE,FALSE
390,45,162,1,211,162,1,211,162,1,211,-161,49,161,49,FALSE,FALSE
390,46,170,1,213,170,1,213,170,1,213,-169,43,169,43,FALSE,FALSE
390,47,182,0,203,182,0,203,182,0,203,-182,21,182,21,FALSE,FALSE
390,48,194,0,203,194,0,203,194,0,203,-194,9,194,9,FALSE,FALSE
390,49,191,0,209,191,0,209,191,0,209,-191,18,191,18,FALSE,FALSE
390,50,188,0,202,188,0,202,188,0,202,-188,14,188,14,FALSE,FALSE
390,51,182,0,199,182,0,199,182,0,199,-182,17,182,17,FALSE,FALSE
390,52,188,0,198,188,0,198,188,0,198,-188,10,188,10,FALSE,FALSE
390,53,192,0,200,192,0,200,192,0,200,-192,8,192,8,FALSE,FALSE
390,54,192,0,188,192,0,188,192,0,188,-192,-4,192,4,FALSE,FALSE
390,55,194,0,173,194,0,173,194,0,173,-194,-21,194,21,FALSE,FALSE
390,56,180,0,163,180,0,163,180,0,163,-180,-17,180,17,FALSE,FALSE
390,57,167,0,149,167,0,149,167,0,149,-167,-18,167,18,FALSE,FALSE
390,58,158,0,132,158,0,132,158,0,132,-158,-26,158,26,FALSE,FALSE
390,59,162,0,125,162,0,125,162,0,125,-162,-37,162,37,FALSE,FALSE
390,60,160,0,103,160,0,103,160,0,103,-160,-57,160,57,FALSE,FALSE
391,0,131,131,131,131,131,131,131,131,131,0,0,0,0,TRUE,TRUE
391,1,158,155,172,158,155,172,158,155,172,-3,14,3,14,FALSE,FALSE
391,2,205,179,203,205,179,203,205,179,203,-26,-2,26,2,FALSE,FALSE
391,3,263,215,255,263,215,255,263,215,255,-48,-8,48,8,FALSE,FALSE
391,4,349,274,320,349,274,320,349,274,320,-75,-29,75,29,FALSE,FALSE
391,5,440,355,426,440,355,426,440,355,426,-85,-14,85,14,FALSE,FALSE
391,6,565,460,534,565,460,534,565,460,534,-105,-31,105,31,FALSE,FALSE
391,7,687,564,642,687,564,642,687,564,642,-123,-45,123,45,FALSE,FALSE
391,8,827,671,800,827,671,800,827,671,800,-156,-27,156,27,FALSE,FALSE
391,9,938,840,931,938,840,931,938,840,931,-98,-7,98,7,FALSE,FALSE
391,10,1060,969,1105,1060,969,1105,1060,969,1105,-91,45,91,45,FALSE,FALSE
391,11,1141,1077,1222,1141,1077,1222,1141,1077,1222,-64,81,64,81,FALSE,FALSE
391,12,1231,1231,1343,1231,1231,1343,1231,1231,1343,0,112,0,112,TRUE,FALSE
391,13,1238,1296,1354,1238,1296,1354,1238,1296,1354,58,116,58,116,FALSE,FALSE
391,14,1265,1359,1355,1265,1359,1355,1265,1359,1355,94,90,94,90,FALSE,FALSE
391,15,1233,1385,1323,1233,1385,1323,1233,1385,1323,152,90,152,90,FALSE,FALSE
391,16,1151,1352,1272,1151,1352,1272,1151,1352,1272,201,121,201,121,FALSE,FALSE
391,17,1093,1278,1145,1093,1278,1145,1093,1278,1145,185,52,185,52,FALSE,FALSE
391,18,1009,1224,1052,1009,1224,1052,1009,1224,1052,215,43,215,43,FALSE,FALSE
391,19,936,1082,978,936,1082,978,936,1082,978,146,42,146,42,FALSE,FALSE
391,20,835,976,924,835,976,924,835,976,924,141,89,141,89,FALSE,FALSE
391,21,765,859,817,765,859,817,765,859,817,94,52,94,52,FALSE,FALSE
391,22,637,779,706,637,779,706,637,779,706,142,69,142,69,FALSE,FALSE
391,23,538,696,600,538,696,600,538,696,600,158,62,158,62,FALSE,FALSE
391,24,468,603,486,468,603,486,468,603,486,135,18,135,18,FALSE,FALSE
391,25,410,528,407,410,528,407,410,528,407,118,-3,118,3,FALSE,FALSE
391,26,360,447,338,360,447,338,360,447,338,87,-22,87,22,FALSE,FALSE
391,27,316,373,268,316,373,268,316,373,268,57,-48,57,48,FALSE,FALSE
391,28,257,340,207,257,340,207,257,340,207,83,-50,83,50,FALSE,FALSE
391,29,225,303,170,225,303,170,225,303,170,78,-55,78,55,FALSE,FALSE
391,30,190,254,142,190,254,142,190,254,142,64,-48,64,48,FALSE,FALSE
391,31,165,215,106,165,215,106,165,215,106,50,-59,50,59,FALSE,FALSE
391,32,136,194,81,136,194,81,136,194,81,58,-55,58,55,FALSE,FALSE
391,33,110,169,70,110,169,70,110,169,70,59,-40,59,40,FALSE,FALSE
391,34,90,153,60,90,153,60,90,153,60,63,-30,63,30,FALSE,FALSE
391,35,75,123,51,75,123,51,75,123,51,48,-24,48,24,FALSE,FALSE
391,36,66,95,38,66,95,38,66,95,38,29,-28,29,28,FALSE,FALSE
391,37,58,79,32,58,79,32,58,79,32,21,-26,21,26,FALSE,FALSE
391,38,45,64,26,45,64,26,45,64,26,19,-19,19,19,FALSE,FALSE
391,39,41,49,26,41,49,26,41,49,26,8,-15,8,15,FALSE,FALSE
391,40,33,41,22,33,41,22,33,41,22,8,-11,8,11,FALSE,FALSE
391,41,23,36,18,23,36,18,23,36,18,13,-5,13,5,FALSE,FALSE
391,42,18,33,12,18,33,12,18,33,12,15,-6,15,6,FALSE,FALSE
391,43,13,30,10,13,30,10,13,30,10,17,-3,17,3,FALSE,FALSE
391,44,13,25,6,13,25,6,13,25,6,12,-7,12,7,FALSE,FALSE
391,45,11,23,4,11,23,4,11,23,4,12,-7,12,7,FALSE,FALSE
391,46,5,21,4,5,21,4,5,21,4,16,-1,16,1,FALSE,FALSE
391,47,4,20,4,4,20,4,4,20,4,16,0,16,0,FALSE,TRUE
391,48,3,18,4,3,18,4,3,18,4,15,1,15,1,FALSE,FALSE
391,49,4,17,3,4,17,3,4,17,3,13,-1,13,1,FALSE,FALSE
391,50,5,13,1,5,13,1,5,13,1,8,-4,8,4,FALSE,FALSE
391,51,4,10,1,4,10,1,4,10,1,6,-3,6,3,FALSE,FALSE
391,52,5,7,1,5,7,1,5,7,1,2,-4,2,4,FALSE,FALSE
391,53,2,7,1,2,7,1,2,7,1,5,-1,5,1,FALSE,FALSE
391,54,2,6,1,2,6,1,2,6,1,4,-1,4,1,FALSE,FALSE
391,55,1,6,1,1,6,1,1,6,1,5,0,5,0,FALSE,TRUE
391,56,1,5,1,1,5,1,1,5,1,4,0,4,0,FALSE,TRUE
391,57,0,5,1,0,5,1,0,5,1,5,1,5,1,FALSE,FALSE
391,58,0,4,1,0,4,1,0,4,1,4,1,4,1,FALSE,FALSE
391,59,0,2,0,0,2,0,0,2,0,2,0,2,0,FALSE,TRUE
391,60,0,2,0,0,2,0,0,2,0,2,0,2,0,FALSE,TRUE
392,0,88,88,88,88,88,88,88,88,88,0,0,0,0,TRUE,TRUE
392,1,98,102,116,98,102,116,98,102,116,4,18,4,18,FALSE,FALSE
392,2,121,122,126,121,122,126,121,122,126,1,5,1,5,FALSE,FALSE
392,3,145,142,149,145,142,149,145,142,149,-3,4,3,4,FALSE,FALSE
392,4,177,165,171,177,165,171,177,165,171,-12,-6,12,6,FALSE,FALSE
392,5,193,194,194,193,194,194,193,194,194,1,1,1,1,FALSE,FALSE
392,6,220,211,224,220,211,224,220,211,224,-9,4,9,4,FALSE,FALSE
392,7,254,229,265,254,229,265,254,229,265,-25,11,25,11,FALSE,FALSE
392,8,279,255,328,279,255,328,279,255,328,-24,49,24,49,FALSE,FALSE
392,9,322,287,366,322,287,366,322,287,366,-35,44,35,44,FALSE,FALSE
392,10,346,316,418,346,316,418,346,316,418,-30,72,30,72,FALSE,FALSE
392,11,400,338,485,400,338,485,400,338,485,-62,85,62,85,FALSE,FALSE
392,12,461,381,563,461,381,563,461,381,563,-80,102,80,102,FALSE,FALSE
392,13,519,444,639,519,444,639,519,444,639,-75,120,75,120,FALSE,FALSE
392,14,578,498,728,578,498,728,578,498,728,-80,150,80,150,FALSE,FALSE
392,15,636,560,821,636,560,821,636,560,821,-76,185,76,185,FALSE,FALSE
392,16,701,647,935,701,647,935,701,647,935,-54,234,54,234,FALSE,FALSE
392,17,801,723,1033,801,723,1033,801,723,1033,-78,232,78,232,FALSE,FALSE
392,18,892,792,1132,892,792,1132,892,792,1132,-100,240,100,240,FALSE,FALSE
392,19,955,900,1220,955,900,1220,955,900,1220,-55,265,55,265,FALSE,FALSE
392,20,1061,996,1299,1061,996,1299,1061,996,1299,-65,238,65,238,FALSE,FALSE
392,21,1156,1129,1407,1156,1129,1407,1156,1129,1407,-27,251,27,251,FALSE,FALSE
392,22,1247,1209,1541,1247,1209,1541,1247,1209,1541,-38,294,38,294,FALSE,FALSE
392,23,1351,1304,1680,1351,1304,1680,1351,1304,1680,-47,329,47,329,FALSE,FALSE
392,24,1465,1389,1783,1465,1389,1783,1465,1389,1783,-76,318,76,318,FALSE,FALSE
392,25,1542,1518,1875,1542,1518,1875,1542,1518,1875,-24,333,24,333,FALSE,FALSE
392,26,1659,1644,1945,1659,1644,1945,1659,1644,1945,-15,286,15,286,FALSE,FALSE
392,27,1727,1735,2025,1727,1735,2025,1727,1735,2025,8,298,8,298,FALSE,FALSE
392,28,1806,1802,2071,1806,1802,2071,1806,1802,2071,-4,265,4,265,FALSE,FALSE
392,29,1896,1827,2085,1896,1827,2085,1896,1827,2085,-69,189,69,189,FALSE,FALSE
392,30,1966,1870,2150,1966,1870,2150,1966,1870,2150,-96,184,96,184,FALSE,FALSE
392,31,1975,1942,2135,1975,1942,2135,1975,1942,2135,-33,160,33,160,FALSE,FALSE
392,32,2009,1978,2114,2009,1978,2114,2009,1978,2114,-31,105,31,105,FALSE,FALSE
392,33,2013,1987,2093,2013,1987,2093,2013,1987,2093,-26,80,26,80,FALSE,FALSE
392,34,2012,1978,2050,2012,1978,2050,2012,1978,2050,-34,38,34,38,FALSE,FALSE
392,35,2002,1921,2045,2002,1921,2045,2002,1921,2045,-81,43,81,43,FALSE,FALSE
392,36,1982,1914,1961,1982,1914,1961,1982,1914,1961,-68,-21,68,21,FALSE,FALSE
392,37,1938,1868,1882,1938,1868,1882,1938,1868,1882,-70,-56,70,56,FALSE,FALSE
392,38,1871,1849,1828,1871,1849,1828,1871,1849,1828,-22,-43,22,43,FALSE,FALSE
392,39,1821,1812,1742,1821,1812,1742,1821,1812,1742,-9,-79,9,79,FALSE,FALSE
392,40,1756,1754,1668,1756,1754,1668,1756,1754,1668,-2,-88,2,88,FALSE,FALSE
392,41,1688,1665,1594,1688,1665,1594,1688,1665,1594,-23,-94,23,94,FALSE,FALSE
392,42,1619,1609,1534,1619,1609,1534,1619,1609,1534,-10,-85,10,85,FALSE,FALSE
392,43,1532,1522,1465,1532,1522,1465,1532,1522,1465,-10,-67,10,67,FALSE,FALSE
392,44,1446,1448,1364,1446,1448,1364,1446,1448,1364,2,-82,2,82,FALSE,FALSE
392,45,1354,1358,1273,1354,1358,1273,1354,1358,1273,4,-81,4,81,FALSE,FALSE
392,46,1264,1304,1168,1264,1304,1168,1264,1304,1168,40,-96,40,96,FALSE,FALSE
392,47,1179,1229,1090,1179,1229,1090,1179,1229,1090,50,-89,50,89,FALSE,FALSE
392,48,1123,1140,1005,1123,1140,1005,1123,1140,1005,17,-118,17,118,FALSE,FALSE
392,49,1039,1090,946,1039,1090,946,1039,1090,946,51,-93,51,93,FALSE,FALSE
392,50,980,1022,883,980,1022,883,980,1022,883,42,-97,42,97,FALSE,FALSE
392,51,928,963,824,928,963,824,928,963,824,35,-104,35,104,FALSE,FALSE
392,52,851,909,770,851,909,770,851,909,770,58,-81,58,81,FALSE,FALSE
392,53,813,847,698,813,847,698,813,847,698,34,-115,34,115,FALSE,FALSE
392,54,768,796,641,768,796,641,768,796,641,28,-127,28,127,FALSE,FALSE
392,55,718,735,577,718,735,577,718,735,577,17,-141,17,141,FALSE,FALSE
392,56,666,657,531,666,657,531,666,657,531,-9,-135,9,135,FALSE,FALSE
392,57,610,608,492,610,608,492,610,608,492,-2,-118,2,118,FALSE,FALSE
392,58,551,563,455,551,563,455,551,563,455,12,-96,12,96,FALSE,FALSE
392,59,518,526,419,518,526,419,518,526,419,8,-99,8,99,FALSE,FALSE
392,60,479,496,382,479,496,382,479,496,382,17,-97,17,97,FALSE,FALSE
393,0,97,97,97,97,97,97,97,97,97,0,0,0,0,TRUE,TRUE
393,1,151,137,160,151,137,160,151,137,160,-14,9,14,9,FALSE,FALSE
393,2,249,218,275,249,218,275,249,218,275,-31,26,31,26,FALSE,FALSE
393,3,397,352,440,397,352,440,397,352,440,-45,43,45,43,FALSE,FALSE
393,4,645,568,727,645,568,727,645,568,727,-77,82,77,82,FALSE,FALSE
393,5,1012,866,1166,1012,866,1166,1012,866,1166,-146,154,146,154,FALSE,FALSE
393,6,1421,1262,1685,1421,1262,1685,1421,1262,1685,-159,264,159,264,FALSE,FALSE
393,7,1998,1715,2310,1998,1715,2310,1998,1715,2310,-283,312,283,312,FALSE,FALSE
393,8,2513,2223,2866,2513,2223,2866,2513,2223,2866,-290,353,290,353,FALSE,FALSE
393,9,2948,2659,3216,2948,2659,3216,2948,2659,3216,-289,268,289,268,FALSE,FALSE
393,10,3155,2918,3278,3155,2918,3278,3155,2918,3278,-237,123,237,123,FALSE,FALSE
393,11,3162,2999,3141,3162,2999,3141,3162,2999,3141,-163,-21,163,21,FALSE,FALSE
393,12,2984,2948,2836,2984,2948,2836,2984,2948,2836,-36,-148,36,148,FALSE,FALSE
393,13,2689,2741,2559,2689,2741,2559,2689,2741,2559,52,-130,52,130,FALSE,FALSE
393,14,2444,2480,2226,2444,2480,2226,2444,2480,2226,36,-218,36,218,FALSE,FALSE
393,15,2074,2176,1923,2074,2176,1923,2074,2176,1923,102,-151,102,151,FALSE,FALSE
393,16,1768,1880,1644,1768,1880,1644,1768,1880,1644,112,-124,112,124,FALSE,FALSE
393,17,1487,1610,1391,1487,1610,1391,1487,1610,1391,123,-96,123,96,FALSE,FALSE
393,18,1205,1348,1160,1205,1348,1160,1205,1348,1160,143,-45,143,45,FALSE,FALSE
393,19,1017,1117,980,1017,1117,980,1017,1117,980,100,-37,100,37,FALSE,FALSE
393,20,846,927,792,846,927,792,846,927,792,81,-54,81,54,FALSE,FALSE
393,21,710,794,653,710,794,653,710,794,653,84,-57,84,57,FALSE,FALSE
393,22,592,652,521,592,652,521,592,652,521,60,-71,60,71,FALSE,FALSE
393,23,473,570,438,473,570,438,473,570,438,97,-35,97,35,FALSE,FALSE
393,24,386,471,373,386,471,373,386,471,373,85,-13,85,13,FALSE,FALSE
393,25,332,389,308,332,389,308,332,389,308,57,-24,57,24,FALSE,FALSE
393,26,271,334,252,271,334,252,271,334,252,63,-19,63,19,FALSE,FALSE
393,27,211,286,197,211,286,197,211,286,197,75,-14,75,14,FALSE,FALSE
393,28,173,229,158,173,229,158,173,229,158,56,-15,56,15,FALSE,FALSE
393,29,145,186,127,145,186,127,145,186,127,41,-18,41,18,FALSE,FALSE
393,30,117,159,98,117,159,98,117,159,98,42,-19,42,19,FALSE,FALSE
393,31,93,131,84,93,131,84,93,131,84,38,-9,38,9,FALSE,FALSE
393,32,77,112,68,77,112,68,77,112,68,35,-9,35,9,FALSE,FALSE
393,33,71,97,57,71,97,57,71,97,57,26,-14,26,14,FALSE,FALSE
393,34,56,79,50,56,79,50,56,79,50,23,-6,23,6,FALSE,FALSE
393,35,46,54,42,46,54,42,46,54,42,8,-4,8,4,FALSE,FALSE
393,36,39,52,32,39,52,32,39,52,32,13,-7,13,7,FALSE,FALSE
393,37,39,49,28,39,49,28,39,49,28,10,-11,10,11,FALSE,FALSE
393,38,30,38,21,30,38,21,30,38,21,8,-9,8,9,FALSE,FALSE
393,39,25,35,19,25,35,19,25,35,19,10,-6,10,6,FALSE,FALSE
393,40,16,30,16,16,30,16,16,30,16,14,0,14,0,FALSE,TRUE
393,41,14,26,11,14,26,11,14,26,11,12,-3,12,3,FALSE,FALSE
393,42,13,21,10,13,21,10,13,21,10,8,-3,8,3,FALSE,FALSE
393,43,11,14,8,11,14,8,11,14,8,3,-3,3,3,FALSE,FALSE
393,44,10,13,7,10,13,7,10,13,7,3,-3,3,3,FALSE,FALSE
393,45,8,11,6,8,11,6,8,11,6,3,-2,3,2,FALSE,FALSE
393,46,8,9,6,8,9,6,8,9,6,1,-2,1,2,FALSE,FALSE
393,47,7,7,6,7,7,6,7,7,6,0,-1,0,1,TRUE,FALSE
393,48,4,6,5,4,6,5,4,6,5,2,1,2,1,FALSE,FALSE
393,49,3,6,4,3,6,4,3,6,4,3,1,3,1,FALSE,FALSE
393,50,3,5,4,3,5,4,3,5,4,2,1,2,1,FALSE,FALSE
393,51,3,4,3,3,4,3,3,4,3,1,0,1,0,FALSE,TRUE
393,52,2,1,3,2,1,3,2,1,3,-1,1,1,1,FALSE,FALSE
393,53,0,2,2,0,2,2,0,2,2,2,2,2,2,FALSE,FALSE
393,54,0,2,2,0,2,2,0,2,2,2,2,2,2,FALSE,FALSE
393,55,0,1,2,0,1,2,0,1,2,1,2,1,2,FALSE,FALSE
393,56,0,1,0,0,1,0,0,1,0,1,0,1,0,FALSE,TRUE
393,57,0,1,0,0,1,0,0,1,0,1,0,1,0,FALSE,TRUE
393,58,0,1,0,0,1,0,0,1,0,1,0,1,0,FALSE,TRUE
393,59,0,1,0,0,1,0,0,1,0,1,0,1,0,FALSE,TRUE
393,60,0,1,0,0,1,0,0,1,0,1,0,1,0,FALSE,TRUE
394,0,114,114,114,114,114,114,114,114,114,0,0,0,0,TRUE,TRUE
394,1,155,146,145,155,146,145,155,146,145,-9,-10,9,10,FALSE,FALSE
394,2,202,214,193,202,214,193,202,214,193,12,-9,12,9,FALSE,FALSE
394,3,272,280,239,272,280,239,272,280,239,8,-33,8,33,FALSE,FALSE
394,4,378,354,306,378,354,306,378,354,306,-24,-72,24,72,FALSE,FALSE
394,5,497,474,406,497,474,406,497,474,406,-23,-91,23,91,FALSE,FALSE
394,6,623,612,541,623,612,541,623,612,541,-11,-82,11,82,FALSE,FALSE
394,7,746,775,668,746,775,668,746,775,668,29,-78,29,78,FALSE,FALSE
394,8,966,1012,831,966,1012,831,966,1012,831,46,-135,46,135,FALSE,FALSE
394,9,1236,1240,1015,1236,1240,1015,1236,1240,1015,4,-221,4,221,FALSE,FALSE
394,10,1535,1457,1198,1535,1457,1198,1535,1457,1198,-78,-337,78,337,FALSE,FALSE
394,11,1769,1662,1440,1769,1662,1440,1769,1662,1440,-107,-329,107,329,FALSE,FALSE
394,12,1955,1864,1642,1955,1864,1642,1955,1864,1642,-91,-313,91,313,FALSE,FALSE
394,13,2097,2010,1769,2097,2010,1769,2097,2010,1769,-87,-328,87,328,FALSE,FALSE
394,14,2207,2114,1911,2207,2114,1911,2207,2114,1911,-93,-296,93,296,FALSE,FALSE
394,15,2216,2204,2043,2216,2204,2043,2216,2204,2043,-12,-173,12,173,FALSE,FALSE
394,16,2226,2197,2170,2226,2197,2170,2226,2197,2170,-29,-56,29,56,FALSE,FALSE
394,17,2154,2131,2186,2154,2131,2186,2154,2131,2186,-23,32,23,32,FALSE,FALSE
394,18,2047,2023,2104,2047,2023,2104,2047,2023,2104,-24,57,24,57,FALSE,FALSE
394,19,1897,1888,2038,1897,1888,2038,1897,1888,2038,-9,141,9,141,FALSE,FALSE
394,20,1724,1741,1950,1724,1741,1950,1724,1741,1950,17,226,17,226,FALSE,FALSE
394,21,1544,1512,1817,1544,1512,1817,1544,1512,1817,-32,273,32,273,FALSE,FALSE
394,22,1391,1368,1685,1391,1368,1685,1391,1368,1685,-23,294,23,294,FALSE,FALSE
394,23,1245,1210,1514,1245,1210,1514,1245,1210,1514,-35,269,35,269,FALSE,FALSE
394,24,1138,1031,1333,1138,1031,1333,1138,1031,1333,-107,195,107,195,FALSE,FALSE
394,25,991,882,1171,991,882,1171,991,882,1171,-109,180,109,180,FALSE,FALSE
394,26,869,781,1025,869,781,1025,869,781,1025,-88,156,88,156,FALSE,FALSE
394,27,747,654,845,747,654,845,747,654,845,-93,98,93,98,FALSE,FALSE
394,28,637,564,748,637,564,748,637,564,748,-73,111,73,111,FALSE,FALSE
394,29,561,483,646,561,483,646,561,483,646,-78,85,78,85,FALSE,FALSE
394,30,475,416,537,475,416,537,475,416,537,-59,62,59,62,FALSE,FALSE
394,31,398,375,444,398,375,444,398,375,444,-23,46,23,46,FALSE,FALSE
394,32,348,338,361,348,338,361,348,338,361,-10,13,10,13,FALSE,FALSE
394,33,297,277,313,297,277,313,297,277,313,-20,16,20,16,FALSE,FALSE
394,34,252,238,270,252,238,270,252,238,270,-14,18,14,18,FALSE,FALSE
394,35,212,213,230,212,213,230,212,213,230,1,18,1,18,FALSE,FALSE
394,36,176,175,192,176,175,192,176,175,192,-1,16,1,16,FALSE,FALSE
394,37,155,144,169,155,144,169,155,144,169,-11,14,11,14,FALSE,FALSE
394,38,131,124,144,131,124,144,131,124,144,-7,13,7,13,FALSE,FALSE
394,39,113,108,133,113,108,133,113,108,133,-5,20,5,20,FALSE,FALSE
394,40,94,97,114,94,97,114,94,97,114,3,20,3,20,FALSE,FALSE
394,41,75,85,97,75,85,97,75,85,97,10,22,10,22,FALSE,FALSE
394,42,69,73,78,69,73,78,69,73,78,4,9,4,9,FALSE,FALSE
394,43,60,63,64,60,63,64,60,63,64,3,4,3,4,FALSE,FALSE
394,44,47,55,55,47,55,55,47,55,55,8,8,8,8,FALSE,FALSE
394,45,42,54,48,42,54,48,42,54,48,12,6,12,6,FALSE,FALSE
394,46,35,46,46,35,46,46,35,46,46,11,11,11,11,FALSE,FALSE
394,47,31,43,36,31,43,36,31,43,36,12,5,12,5,FALSE,FALSE
394,48,30,33,28,30,33,28,30,33,28,3,-2,3,2,FALSE,FALSE
394,49,23,27,24,23,27,24,23,27,24,4,1,4,1,FALSE,FALSE
394,50,22,25,20,22,25,20,22,25,20,3,-2,3,2,FALSE,FALSE
394,51,19,19,20,19,19,20,19,19,20,0,1,0,1,TRUE,FALSE
394,52,15,13,16,15,13,16,15,13,16,-2,1,2,1,FALSE,FALSE
394,53,11,12,12,11,12,12,11,12,12,1,1,1,1,FALSE,FALSE
394,54,10,13,11,10,13,11,10,13,11,3,1,3,1,FALSE,FALSE
394,55,11,10,10,11,10,10,11,10,10,-1,-1,1,1,FALSE,FALSE
394,56,12,7,9,12,7,9,12,7,9,-5,-3,5,3,FALSE,FALSE
394,57,12,4,7,12,4,7,12,4,7,-8,-5,8,5,FALSE,FALSE
394,58,10,4,6,10,4,6,10,4,6,-6,-4,6,4,FALSE,FALSE
394,59,9,3,5,9,3,5,9,3,5,-6,-4,6,4,FALSE,FALSE
394,60,6,4,2,6,4,2,6,4,2,-2,-4,2,4,FALSE,FALSE
395,0,107,107,107,107,107,107,107,107,107,0,0,0,0,TRUE,TRUE
395,1,116,126,105,116,126,105,116,126,105,10,-11,10,11,FALSE,FALSE
395,2,119,133,109,119,133,109,119,133,109,14,-10,14,10,FALSE,FALSE
395,3,132,157,120,132,157,120,132,157,120,25,-12,25,12,FALSE,FALSE
395,4,141,158,130,141,158,130,141,158,130,17,-11,17,11,FALSE,FALSE
395,5,148,172,143,148,172,143,148,172,143,24,-5,24,5,FALSE,FALSE
395,6,154,187,145,154,187,145,154,187,145,33,-9,33,9,FALSE,FALSE
395,7,159,221,150,159,221,150,159,221,150,62,-9,62,9,FALSE,FALSE
395,8,177,233,152,177,233,152,177,233,152,56,-25,56,25,FALSE,FALSE
395,9,194,251,152,194,251,152,194,251,152,57,-42,57,42,FALSE,FALSE
395,10,212,285,151,212,285,151,212,285,151,73,-61,73,61,FALSE,FALSE
395,11,230,309,179,230,309,179,230,309,179,79,-51,79,51,FALSE,FALSE
395,12,240,325,196,240,325,196,240,325,196,85,-44,85,44,FALSE,FALSE
395,13,236,356,207,236,356,207,236,356,207,120,-29,120,29,FALSE,FALSE
395,14,250,374,209,250,374,209,250,374,209,124,-41,124,41,FALSE,FALSE
395,15,274,389,211,274,389,211,274,389,211,115,-63,115,63,FALSE,FALSE
395,16,278,401,215,278,401,215,278,401,215,123,-63,123,63,FALSE,FALSE
395,17,305,426,222,305,426,222,305,426,222,121,-83,121,83,FALSE,FALSE
395,18,320,473,244,320,473,244,320,473,244,153,-76,153,76,FALSE,FALSE
395,19,342,471,292,342,471,292,342,471,292,129,-50,129,50,FALSE,FALSE
395,20,350,469,314,350,469,314,350,469,314,119,-36,119,36,FALSE,FALSE
395,21,372,501,342,372,501,342,372,501,342,129,-30,129,30,FALSE,FALSE
395,22,384,518,357,384,518,357,384,518,357,134,-27,134,27,FALSE,FALSE
395,23,400,533,361,400,533,361,400,533,361,133,-39,133,39,FALSE,FALSE
395,24,438,555,382,438,555,382,438,555,382,117,-56,117,56,FALSE,FALSE
395,25,464,582,397,464,582,397,464,582,397,118,-67,118,67,FALSE,FALSE
395,26,478,595,408,478,595,408,478,595,408,117,-70,117,70,FALSE,FALSE
395,27,499,619,438,499,619,438,499,619,438,120,-61,120,61,FALSE,FALSE
395,28,506,616,451,506,616,451,506,616,451,110,-55,110,55,FALSE,FALSE
395,29,532,618,439,532,618,439,532,618,439,86,-93,86,93,FALSE,FALSE
395,30,562,618,453,562,618,453,562,618,453,56,-109,56,109,FALSE,FALSE
395,31,553,620,486,553,620,486,553,620,486,67,-67,67,67,FALSE,FALSE
395,32,566,620,522,566,620,522,566,620,522,54,-44,54,44,FALSE,FALSE
395,33,563,612,514,563,612,514,563,612,514,49,-49,49,49,FALSE,FALSE
395,34,586,602,526,586,602,526,586,602,526,16,-60,16,60,FALSE,FALSE
395,35,609,610,531,609,610,531,609,610,531,1,-78,1,78,FALSE,FALSE
395,36,601,590,504,601,590,504,601,590,504,-11,-97,11,97,FALSE,FALSE
395,37,586,567,525,586,567,525,586,567,525,-19,-61,19,61,FALSE,FALSE
395,38,602,554,521,602,554,521,602,554,521,-48,-81,48,81,FALSE,FALSE
395,39,603,537,499,603,537,499,603,537,499,-66,-104,66,104,FALSE,FALSE
395,40,598,508,469,598,508,469,598,508,469,-90,-129,90,129,FALSE,FALSE
395,41,559,496,462,559,496,462,559,496,462,-63,-97,63,97,FALSE,FALSE
395,42,544,458,467,544,458,467,544,458,467,-86,-77,86,77,FALSE,FALSE
395,43,527,431,456,527,431,456,527,431,456,-96,-71,96,71,FALSE,FALSE
395,44,502,411,438,502,411,438,502,411,438,-91,-64,91,64,FALSE,FALSE
395,45,482,382,423,482,382,423,482,382,423,-100,-59,100,59,FALSE,FALSE
395,46,468,354,390,468,354,390,468,354,390,-114,-78,114,78,FALSE,FALSE
395,47,445,347,384,445,347,384,445,347,384,-98,-61,98,61,FALSE,FALSE
395,48,438,318,373,438,318,373,438,318,373,-120,-65,120,65,FALSE,FALSE
395,49,418,290,357,418,290,357,418,290,357,-128,-61,128,61,FALSE,FALSE
395,50,398,252,324,398,252,324,398,252,324,-146,-74,146,74,FALSE,FALSE
395,51,376,243,315,376,243,315,376,243,315,-133,-61,133,61,FALSE,FALSE
395,52,356,231,298,356,231,298,356,231,298,-125,-58,125,58,FALSE,FALSE
395,53,338,227,276,338,227,276,338,227,276,-111,-62,111,62,FALSE,FALSE
395,54,341,211,272,341,211,272,341,211,272,-130,-69,130,69,FALSE,FALSE
395,55,318,206,265,318,206,265,318,206,265,-112,-53,112,53,FALSE,FALSE
395,56,298,183,263,298,183,263,298,183,263,-115,-35,115,35,FALSE,FALSE
395,57,279,166,248,279,166,248,279,166,248,-113,-31,113,31,FALSE,FALSE
395,58,273,156,234,273,156,234,273,156,234,-117,-39,117,39,FALSE,FALSE
395,59,251,162,225,251,162,225,251,162,225,-89,-26,89,26,FALSE,FALSE
395,60,257,151,212,257,151,212,257,151,212,-106,-45,106,45,FALSE,FALSE
396,0,75,75,75,75,75,75,75,75,75,0,0,0,0,TRUE,TRUE
396,1,107,92,89,107,92,89,107,92,89,-15,-18,15,18,FALSE,FALSE
396,2,118,104,114,118,104,114,118,104,114,-14,-4,14,4,FALSE,FALSE
396,3,167,138,141,167,138,141,167,138,141,-29,-26,29,26,FALSE,FALSE
396,4,209,183,180,209,183,180,209,183,180,-26,-29,26,29,FALSE,FALSE
396,5,271,225,217,271,225,217,271,225,217,-46,-54,46,54,FALSE,FALSE
396,6,327,271,268,327,271,268,327,271,268,-56,-59,56,59,FALSE,FALSE
396,7,392,342,314,392,342,314,392,342,314,-50,-78,50,78,FALSE,FALSE
396,8,452,413,403,452,413,403,452,413,403,-39,-49,39,49,FALSE,FALSE
396,9,562,509,478,562,509,478,562,509,478,-53,-84,53,84,FALSE,FALSE
396,10,665,623,564,665,623,564,665,623,564,-42,-101,42,101,FALSE,FALSE
396,11,826,745,682,826,745,682,826,745,682,-81,-144,81,144,FALSE,FALSE
396,12,965,889,785,965,889,785,965,889,785,-76,-180,76,180,FALSE,FALSE
396,13,1160,1024,892,1160,1024,892,1160,1024,892,-136,-268,136,268,FALSE,FALSE
396,14,1331,1183,1002,1331,1183,1002,1331,1183,1002,-148,-329,148,329,FALSE,FALSE
396,15,1517,1343,1149,1517,1343,1149,1517,1343,1149,-174,-368,174,368,FALSE,FALSE
396,16,1642,1524,1283,1642,1524,1283,1642,1524,1283,-118,-359,118,359,FALSE,FALSE
396,17,1765,1657,1396,1765,1657,1396,1765,1657,1396,-108,-369,108,369,FALSE,FALSE
396,18,1929,1801,1552,1929,1801,1552,1929,1801,1552,-128,-377,128,377,FALSE,FALSE
396,19,2047,1902,1695,2047,1902,1695,2047,1902,1695,-145,-352,145,352,FALSE,FALSE
396,20,2096,1973,1806,2096,1973,1806,2096,1973,1806,-123,-290,123,290,FALSE,FALSE
396,21,2143,2034,1894,2143,2034,1894,2143,2034,1894,-109,-249,109,249,FALSE,FALSE
396,22,2163,2108,1976,2163,2108,1976,2163,2108,1976,-55,-187,55,187,FALSE,FALSE
396,23,2172,2125,2031,2172,2125,2031,2172,2125,2031,-47,-141,47,141,FALSE,FALSE
396,24,2145,2118,2050,2145,2118,2050,2145,2118,2050,-27,-95,27,95,FALSE,FALSE
396,25,2125,2097,2089,2125,2097,2089,2125,2097,2089,-28,-36,28,36,FALSE,FALSE
396,26,2042,2057,2050,2042,2057,2050,2042,2057,2050,15,8,15,8,FALSE,FALSE
396,27,1931,2033,2034,1931,2033,2034,1931,2033,2034,102,103,102,103,FALSE,FALSE
396,28,1844,1974,1990,1844,1974,1990,1844,1974,1990,130,146,130,146,FALSE,FALSE
396,29,1790,1893,1921,1790,1893,1921,1790,1893,1921,103,131,103,131,FALSE,FALSE
396,30,1711,1786,1808,1711,1786,1808,1711,1786,1808,75,97,75,97,FALSE,FALSE
396,31,1603,1673,1740,1603,1673,1740,1603,1673,1740,70,137,70,137,FALSE,FALSE
396,32,1498,1571,1634,1498,1571,1634,1498,1571,1634,73,136,73,136,FALSE,FALSE
396,33,1390,1458,1529,1390,1458,1529,1390,1458,1529,68,139,68,139,FALSE,FALSE
396,34,1278,1309,1429,1278,1309,1429,1278,1309,1429,31,151,31,151,FALSE,FALSE
396,35,1198,1198,1331,1198,1198,1331,1198,1198,1331,0,133,0,133,TRUE,FALSE
396,36,1102,1109,1236,1102,1109,1236,1102,1109,1236,7,134,7,134,FALSE,FALSE
396,37,1019,1036,1139,1019,1036,1139,1019,1036,1139,17,120,17,120,FALSE,FALSE
396,38,940,928,1054,940,928,1054,940,928,1054,-12,114,12,114,FALSE,FALSE
396,39,847,856,980,847,856,980,847,856,980,9,133,9,133,FALSE,FALSE
396,40,763,801,908,763,801,908,763,801,908,38,145,38,145,FALSE,FALSE
396,41,688,728,839,688,728,839,688,728,839,40,151,40,151,FALSE,FALSE
396,42,643,664,765,643,664,765,643,664,765,21,122,21,122,FALSE,FALSE
396,43,577,614,692,577,614,692,577,614,692,37,115,37,115,FALSE,FALSE
396,44,532,553,637,532,553,637,532,553,637,21,105,21,105,FALSE,FALSE
396,45,474,506,581,474,506,581,474,506,581,32,107,32,107,FALSE,FALSE
396,46,420,445,535,420,445,535,420,445,535,25,115,25,115,FALSE,FALSE
396,47,387,399,482,387,399,482,387,399,482,12,95,12,95,FALSE,FALSE
396,48,351,372,445,351,372,445,351,372,445,21,94,21,94,FALSE,FALSE
396,49,322,342,403,322,342,403,322,342,403,20,81,20,81,FALSE,FALSE
396,50,297,303,363,297,303,363,297,303,363,6,66,6,66,FALSE,FALSE
396,51,264,274,329,264,274,329,264,274,329,10,65,10,65,FALSE,FALSE
396,52,240,248,295,240,248,295,240,248,295,8,55,8,55,FALSE,FALSE
396,53,226,227,273,226,227,273,226,227,273,1,47,1,47,FALSE,FALSE
396,54,206,210,245,206,210,245,206,210,245,4,39,4,39,FALSE,FALSE
396,55,184,195,217,184,195,217,184,195,217,11,33,11,33,FALSE,FALSE
396,56,156,173,193,156,173,193,156,173,193,17,37,17,37,FALSE,FALSE
396,57,136,164,179,136,164,179,136,164,179,28,43,28,43,FALSE,FALSE
396,58,119,141,163,119,141,163,119,141,163,22,44,22,44,FALSE,FALSE
396,59,102,130,149,102,130,149,102,130,149,28,47,28,47,FALSE,FALSE
396,60,93,118,131,93,118,131,93,118,131,25,38,25,38,FALSE,FALSE
397,0,68,68,68,68,68,68,68,68,68,0,0,0,0,TRUE,TRUE
397,1,75,80,77,75,80,77,75,80,77,5,2,5,2,FALSE,FALSE
397,2,93,100,89,93,100,89,93,100,89,7,-4,7,4,FALSE,FALSE
397,3,112,120,106,112,120,106,112,120,106,8,-6,8,6,FALSE,FALSE
397,4,136,136,127,136,136,127,136,136,127,0,-9,0,9,TRUE,FALSE
397,5,163,145,149,163,145,149,163,145,149,-18,-14,18,14,FALSE,FALSE
397,6,188,165,172,188,165,172,188,165,172,-23,-16,23,16,FALSE,FALSE
397,7,209,177,199,209,177,199,209,177,199,-32,-10,32,10,FALSE,FALSE
397,8,228,215,222,228,215,222,228,215,222,-13,-6,13,6,FALSE,FALSE
397,9,258,242,242,258,242,242,258,242,242,-16,-16,16,16,FALSE,FALSE
397,10,303,285,295,303,285,295,303,285,295,-18,-8,18,8,FALSE,FALSE
397,11,341,332,332,341,332,332,341,332,332,-9,-9,9,9,FALSE,FALSE
397,12,381,358,375,381,358,375,381,358,375,-23,-6,23,6,FALSE,FALSE
397,13,447,438,421,447,438,421,447,438,421,-9,-26,9,26,FALSE,FALSE
397,14,534,489,484,534,489,484,534,489,484,-45,-50,45,50,FALSE,FALSE
397,15,592,526,561,592,526,561,592,526,561,-66,-31,66,31,FALSE,FALSE
397,16,645,603,660,645,603,660,645,603,660,-42,15,42,15,FALSE,FALSE
397,17,696,684,730,696,684,730,696,684,730,-12,34,12,34,FALSE,FALSE
397,18,758,738,810,758,738,810,758,738,810,-20,52,20,52,FALSE,FALSE
397,19,825,779,896,825,779,896,825,779,896,-46,71,46,71,FALSE,FALSE
397,20,890,831,944,890,831,944,890,831,944,-59,54,59,54,FALSE,FALSE
397,21,966,875,990,966,875,990,966,875,990,-91,24,91,24,FALSE,FALSE
397,22,1023,946,1026,1023,946,1026,1023,946,1026,-77,3,77,3,FALSE,FALSE
397,23,1020,989,1072,1020,989,1072,1020,989,1072,-31,52,31,52,FALSE,FALSE
397,24,1029,986,1065,1029,986,1065,1029,986,1065,-43,36,43,36,FALSE,FALSE
397,25,1023,1001,1055,1023,1001,1055,1023,1001,1055,-22,32,22,32,FALSE,FALSE
397,26,1007,994,1060,1007,994,1060,1007,994,1060,-13,53,13,53,FALSE,FALSE
397,27,1006,985,1038,1006,985,1038,1006,985,1038,-21,32,21,32,FALSE,FALSE
397,28,951,956,997,951,956,997,951,956,997,5,46,5,46,FALSE,FALSE
397,29,914,943,980,914,943,980,914,943,980,29,66,29,66,FALSE,FALSE
397,30,900,921,936,900,921,936,900,921,936,21,36,21,36,FALSE,FALSE
397,31,860,880,870,860,880,870,860,880,870,20,10,20,10,FALSE,FALSE
397,32,825,837,808,825,837,808,825,837,808,12,-17,12,17,FALSE,FALSE
397,33,764,797,765,764,797,765,764,797,765,33,1,33,1,FALSE,FALSE
397,34,699,768,743,699,768,743,699,768,743,69,44,69,44,FALSE,FALSE
397,35,663,724,696,663,724,696,663,724,696,61,33,61,33,FALSE,FALSE
397,36,633,665,639,633,665,639,633,665,639,32,6,32,6,FALSE,FALSE
397,37,591,629,579,591,629,579,591,629,579,38,-12,38,12,FALSE,FALSE
397,38,547,587,535,547,587,535,547,587,535,40,-12,40,12,FALSE,FALSE
397,39,502,562,485,502,562,485,502,562,485,60,-17,60,17,FALSE,FALSE
397,40,450,537,432,450,537,432,450,537,432,87,-18,87,18,FALSE,FALSE
397,41,408,483,390,408,483,390,408,483,390,75,-18,75,18,FALSE,FALSE
397,42,375,437,370,375,437,370,375,437,370,62,-5,62,5,FALSE,FALSE
397,43,335,398,318,335,398,318,335,398,318,63,-17,63,17,FALSE,FALSE
397,44,298,358,277,298,358,277,298,358,277,60,-21,60,21,FALSE,FALSE
397,45,271,331,240,271,331,240,271,331,240,60,-31,60,31,FALSE,FALSE
397,46,247,298,207,247,298,207,247,298,207,51,-40,51,40,FALSE,FALSE
397,47,231,266,196,231,266,196,231,266,196,35,-35,35,35,FALSE,FALSE
397,48,213,241,185,213,241,185,213,241,185,28,-28,28,28,FALSE,FALSE
397,49,185,214,161,185,214,161,185,214,161,29,-24,29,24,FALSE,FALSE
397,50,174,193,138,174,193,138,174,193,138,19,-36,19,36,FALSE,FALSE
397,51,155,178,123,155,178,123,155,178,123,23,-32,23,32,FALSE,FALSE
397,52,140,159,100,140,159,100,140,159,100,19,-40,19,40,FALSE,FALSE
397,53,130,140,90,130,140,90,130,140,90,10,-40,10,40,FALSE,FALSE
397,54,118,137,91,118,137,91,118,137,91,19,-27,19,27,FALSE,FALSE
397,55,101,126,86,101,126,86,101,126,86,25,-15,25,15,FALSE,FALSE
397,56,91,123,77,91,123,77,91,123,77,32,-14,32,14,FALSE,FALSE
397,57,85,119,68,85,119,68,85,119,68,34,-17,34,17,FALSE,FALSE
397,58,78,102,68,78,102,68,78,102,68,24,-10,24,10,FALSE,FALSE
397,59,68,84,55,68,84,55,68,84,55,16,-13,16,13,FALSE,FALSE
397,60,61,77,50,61,77,50,61,77,50,16,-11,16,11,FALSE,FALSE
398,0,100,100,100,100,100,100,100,100,100,0,0,0,0,TRUE,TRUE
398,1,167,165,166,167,165,166,167,165,166,-2,-1,2,1,FALSE,FALSE
398,2,277,259,295,277,259,295,277,259,295,-18,18,18,18,FALSE,FALSE
398,3,459,431,510,459,431,510,459,431,510,-28,51,28,51,FALSE,FALSE
398,4,740,665,847,740,665,847,740,665,847,-75,107,75,107,FALSE,FALSE
398,5,1090,997,1342,1090,997,1342,1090,997,1342,-93,252,93,252,FALSE,FALSE
398,6,1609,1385,1879,1609,1385,1879,1609,1385,1879,-224,270,224,270,FALSE,FALSE
398,7,2130,1811,2412,2130,1811,2412,2130,1811,2412,-319,282,319,282,FALSE,FALSE
398,8,2565,2236,2702,2565,2236,2702,2565,2236,2702,-329,137,329,137,FALSE,FALSE
398,9,2771,2456,2807,2771,2456,2807,2771,2456,2807,-315,36,315,36,FALSE,FALSE
398,10,2716,2547,2689,2716,2547,2689,2716,2547,2689,-169,-27,169,27,FALSE,FALSE
398,11,2550,2475,2416,2550,2475,2416,2550,2475,2416,-75,-134,75,134,FALSE,FALSE
398,12,2232,2312,2116,2232,2312,2116,2232,2312,2116,80,-116,80,116,FALSE,FALSE
398,13,1923,2113,1730,1923,2113,1730,1923,2113,1730,190,-193,190,193,FALSE,FALSE
398,14,1617,1840,1451,1617,1840,1451,1617,1840,1451,223,-166,223,166,FALSE,FALSE
398,15,1320,1575,1180,1320,1575,1180,1320,1575,1180,255,-140,255,140,FALSE,FALSE
398,16,1069,1333,990,1069,1333,990,1069,1333,990,264,-79,264,79,FALSE,FALSE
398,17,879,1125,802,879,1125,802,879,1125,802,246,-77,246,77,FALSE,FALSE
398,18,727,941,642,727,941,642,727,941,642,214,-85,214,85,FALSE,FALSE
398,19,584,790,506,584,790,506,584,790,506,206,-78,206,78,FALSE,FALSE
398,20,469,667,415,469,667,415,469,667,415,198,-54,198,54,FALSE,FALSE
398,21,363,559,341,363,559,341,363,559,341,196,-22,196,22,FALSE,FALSE
398,22,291,459,277,291,459,277,291,459,277,168,-14,168,14,FALSE,FALSE
398,23,222,365,227,222,365,227,222,365,227,143,5,143,5,FALSE,FALSE
398,24,186,292,175,186,292,175,186,292,175,106,-11,106,11,FALSE,FALSE
398,25,145,236,137,145,236,137,145,236,137,91,-8,91,8,FALSE,FALSE
398,26,116,198,116,116,198,116,116,198,116,82,0,82,0,FALSE,TRUE
398,27,91,168,91,91,168,91,91,168,91,77,0,77,0,FALSE,TRUE
398,28,70,143,73,70,143,73,70,143,73,73,3,73,3,FALSE,FALSE
398,29,60,104,58,60,104,58,60,104,58,44,-2,44,2,FALSE,FALSE
398,30,46,86,46,46,86,46,46,86,46,40,0,40,0,FALSE,TRUE
398,31,41,76,40,41,76,40,41,76,40,35,-1,35,1,FALSE,FALSE
398,32,35,53,30,35,53,30,35,53,30,18,-5,18,5,FALSE,FALSE
398,33,25,42,19,25,42,19,25,42,19,17,-6,17,6,FALSE,FALSE
398,34,23,40,17,23,40,17,23,40,17,17,-6,17,6,FALSE,FALSE
398,35,18,32,14,18,32,14,18,32,14,14,-4,14,4,FALSE,FALSE
398,36,16,29,8,16,29,8,16,29,8,13,-8,13,8,FALSE,FALSE
398,37,13,25,8,13,25,8,13,25,8,12,-5,12,5,FALSE,FALSE
398,38,11,23,4,11,23,4,11,23,4,12,-7,12,7,FALSE,FALSE
398,39,9,19,4,9,19,4,9,19,4,10,-5,10,5,FALSE,FALSE
398,40,8,16,2,8,16,2,8,16,2,8,-6,8,6,FALSE,FALSE
398,41,4,11,1,4,11,1,4,11,1,7,-3,7,3,FALSE,FALSE
398,42,4,9,1,4,9,1,4,9,1,5,-3,5,3,FALSE,FALSE
398,43,3,7,1,3,7,1,3,7,1,4,-2,4,2,FALSE,FALSE
398,44,3,7,1,3,7,1,3,7,1,4,-2,4,2,FALSE,FALSE
398,45,1,4,1,1,4,1,1,4,1,3,0,3,0,FALSE,TRUE
398,46,1,3,1,1,3,1,1,3,1,2,0,2,0,FALSE,TRUE
398,47,1,3,1,1,3,1,1,3,1,2,0,2,0,FALSE,TRUE
398,48,1,3,1,1,3,1,1,3,1,2,0,2,0,FALSE,TRUE
398,49,0,2,1,0,2,1,0,2,1,2,1,2,1,FALSE,FALSE
398,50,0,2,1,0,2,1,0,2,1,2,1,2,1,FALSE,FALSE
398,51,0,2,1,0,2,1,0,2,1,2,1,2,1,FALSE,FALSE
398,52,0,2,1,0,2,1,0,2,1,2,1,2,1,FALSE,FALSE
398,53,0,2,1,0,2,1,0,2,1,2,1,2,1,FALSE,FALSE
398,54,0,1,1,0,1,1,0,1,1,1,1,1,1,FALSE,FALSE
398,55,0,1,1,0,1,1,0,1,1,1,1,1,1,FALSE,FALSE
398,56,0,0,1,0,0,1,0,0,1,0,1,0,1,TRUE,FALSE
398,57,0,0,2,0,0,2,0,0,2,0,2,0,2,TRUE,FALSE
398,58,0,0,1,0,0,1,0,0,1,0,1,0,1,TRUE,FALSE
398,59,0,0,1,0,0,1,0,0,1,0,1,0,1,TRUE,FALSE
398,60,0,0,1,0,0,1,0,0,1,0,1,0,1,TRUE,FALSE
399,0,97,97,97,97,97,97,97,97,97,0,0,0,0,TRUE,TRUE
399,1,114,116,108,114,116,108,114,116,108,2,-6,2,6,FALSE,FALSE
399,2,137,129,121,137,129,121,137,129,121,-8,-16,8,16,FALSE,FALSE
399,3,164,148,131,164,148,131,164,148,131,-16,-33,16,33,FALSE,FALSE
399,4,195,155,152,195,155,152,195,155,152,-40,-43,40,43,FALSE,FALSE
399,5,235,191,171,235,191,171,235,191,171,-44,-64,44,64,FALSE,FALSE
399,6,271,241,205,271,241,205,271,241,205,-30,-66,30,66,FALSE,FALSE
399,7,297,283,241,297,283,241,297,283,241,-14,-56,14,56,FALSE,FALSE
399,8,333,330,282,333,330,282,333,330,282,-3,-51,3,51,FALSE,FALSE
399,9,391,377,330,391,377,330,391,377,330,-14,-61,14,61,FALSE,FALSE
399,10,447,413,391,447,413,391,447,413,391,-34,-56,34,56,FALSE,FALSE
399,11,503,450,464,503,450,464,503,450,464,-53,-39,53,39,FALSE,FALSE
399,12,546,494,531,546,494,531,546,494,531,-52,-15,52,15,FALSE,FALSE
399,13,616,544,589,616,544,589,616,544,589,-72,-27,72,27,FALSE,FALSE
399,14,689,606,670,689,606,670,689,606,670,-83,-19,83,19,FALSE,FALSE
399,15,768,672,727,768,672,727,768,672,727,-96,-41,96,41,FALSE,FALSE
399,16,850,772,820,850,772,820,850,772,820,-78,-30,78,30,FALSE,FALSE
399,17,943,842,896,943,842,896,943,842,896,-101,-47,101,47,FALSE,FALSE
399,18,1041,899,968,1041,899,968,1041,899,968,-142,-73,142,73,FALSE,FALSE
399,19,1131,972,1051,1131,972,1051,1131,972,1051,-159,-80,159,80,FALSE,FALSE
399,20,1237,1076,1182,1237,1076,1182,1237,1076,1182,-161,-55,161,55,FALSE,FALSE
399,21,1305,1140,1269,1305,1140,1269,1305,1140,1269,-165,-36,165,36,FALSE,FALSE
399,22,1420,1182,1302,1420,1182,1302,1420,1182,1302,-238,-118,238,118,FALSE,FALSE
399,23,1532,1241,1403,1532,1241,1403,1532,1241,1403,-291,-129,291,129,FALSE,FALSE
399,24,1599,1279,1455,1599,1279,1455,1599,1279,1455,-320,-144,320,144,FALSE,FALSE
399,25,1625,1326,1562,1625,1326,1562,1625,1326,1562,-299,-63,299,63,FALSE,FALSE
399,26,1653,1353,1577,1653,1353,1577,1653,1353,1577,-300,-76,300,76,FALSE,FALSE
399,27,1639,1396,1616,1639,1396,1616,1639,1396,1616,-243,-23,243,23,FALSE,FALSE
399,28,1619,1438,1600,1619,1438,1600,1619,1438,1600,-181,-19,181,19,FALSE,FALSE
399,29,1623,1472,1585,1623,1472,1585,1623,1472,1585,-151,-38,151,38,FALSE,FALSE
399,30,1582,1470,1589,1582,1470,1589,1582,1470,1589,-112,7,112,7,FALSE,FALSE
399,31,1548,1456,1552,1548,1456,1552,1548,1456,1552,-92,4,92,4,FALSE,FALSE
399,32,1498,1457,1497,1498,1457,1497,1498,1457,1497,-41,-1,41,1,FALSE,FALSE
399,33,1424,1439,1452,1424,1439,1452,1424,1439,1452,15,28,15,28,FALSE,FALSE
399,34,1339,1368,1409,1339,1368,1409,1339,1368,1409,29,70,29,70,FALSE,FALSE
399,35,1234,1350,1304,1234,1350,1304,1234,1350,1304,116,70,116,70,FALSE,FALSE
399,36,1132,1274,1295,1132,1274,1295,1132,1274,1295,142,163,142,163,FALSE,FALSE
399,37,1070,1227,1230,1070,1227,1230,1070,1227,1230,157,160,157,160,FALSE,FALSE
399,38,991,1217,1134,991,1217,1134,991,1217,1134,226,143,226,143,FALSE,FALSE
399,39,925,1123,1044,925,1123,1044,925,1123,1044,198,119,198,119,FALSE,FALSE
399,40,864,1057,961,864,1057,961,864,1057,961,193,97,193,97,FALSE,FALSE
399,41,787,1025,889,787,1025,889,787,1025,889,238,102,238,102,FALSE,FALSE
399,42,726,966,839,726,966,839,726,966,839,240,113,240,113,FALSE,FALSE
399,43,674,901,789,674,901,789,674,901,789,227,115,227,115,FALSE,FALSE
399,44,636,866,741,636,866,741,636,866,741,230,105,230,105,FALSE,FALSE
399,45,579,821,699,579,821,699,579,821,699,242,120,242,120,FALSE,FALSE
399,46,546,757,638,546,757,638,546,757,638,211,92,211,92,FALSE,FALSE
399,47,508,710,591,508,710,591,508,710,591,202,83,202,83,FALSE,FALSE
399,48,491,662,529,491,662,529,491,662,529,171,38,171,38,FALSE,FALSE
399,49,446,624,502,446,624,502,446,624,502,178,56,178,56,FALSE,FALSE
399,50,413,572,453,413,572,453,413,572,453,159,40,159,40,FALSE,FALSE
399,51,377,518,431,377,518,431,377,518,431,141,54,141,54,FALSE,FALSE
399,52,338,472,402,338,472,402,338,472,402,134,64,134,64,FALSE,FALSE
399,53,319,443,366,319,443,366,319,443,366,124,47,124,47,FALSE,FALSE
399,54,290,403,330,290,403,330,290,403,330,113,40,113,40,FALSE,FALSE
399,55,265,387,306,265,387,306,265,387,306,122,41,122,41,FALSE,FALSE
399,56,242,356,286,242,356,286,242,356,286,114,44,114,44,FALSE,FALSE
399,57,214,324,249,214,324,249,214,324,249,110,35,110,35,FALSE,FALSE
399,58,197,298,216,197,298,216,197,298,216,101,19,101,19,FALSE,FALSE
399,59,182,276,191,182,276,191,182,276,191,94,9,94,9,FALSE,FALSE
399,60,162,263,180,162,263,180,162,263,180,101,18,101,18,FALSE,FALSE
400,0,134,134,134,134,134,134,134,134,134,0,0,0,0,TRUE,TRUE
400,1,199,193,186,199,193,186,199,193,186,-6,-13,6,13,FALSE,FALSE
400,2,286,275,253,286,275,253,286,275,253,-11,-33,11,33,FALSE,FALSE
400,3,416,396,342,416,396,342,416,396,342,-20,-74,20,74,FALSE,FALSE
400,4,575,558,464,575,558,464,575,558,464,-17,-111,17,111,FALSE,FALSE
400,5,820,784,642,820,784,642,820,784,642,-36,-178,36,178,FALSE,FALSE
400,6,1144,1053,890,1144,1053,890,1144,1053,890,-91,-254,91,254,FALSE,FALSE
400,7,1496,1410,1180,1496,1410,1180,1496,1410,1180,-86,-316,86,316,FALSE,FALSE
400,8,1915,1794,1553,1915,1794,1553,1915,1794,1553,-121,-362,121,362,FALSE,FALSE
400,9,2427,2276,1966,2427,2276,1966,2427,2276,1966,-151,-461,151,461,FALSE,FALSE
400,10,2877,2751,2450,2877,2751,2450,2877,2751,2450,-126,-427,126,427,FALSE,FALSE
400,11,3279,3167,2835,3279,3167,2835,3279,3167,2835,-112,-444,112,444,FALSE,FALSE
400,12,3548,3484,3206,3548,3484,3206,3548,3484,3206,-64,-342,64,342,FALSE,FALSE
400,13,3655,3570,3496,3655,3570,3496,3655,3570,3496,-85,-159,85,159,FALSE,FALSE
400,14,3647,3592,3560,3647,3592,3560,3647,3592,3560,-55,-87,55,87,FALSE,FALSE
400,15,3534,3554,3601,3534,3554,3601,3534,3554,3601,20,67,20,67,FALSE,FALSE
400,16,3344,3377,3545,3344,3377,3545,3344,3377,3545,33,201,33,201,FALSE,FALSE
400,17,3107,3122,3368,3107,3122,3368,3107,3122,3368,15,261,15,261,FALSE,FALSE
400,18,2886,2888,3092,2886,2888,3092,2886,2888,3092,2,206,2,206,FALSE,FALSE
400,19,2597,2630,2808,2597,2630,2808,2597,2630,2808,33,211,33,211,FALSE,FALSE
400,20,2315,2366,2525,2315,2366,2525,2315,2366,2525,51,210,51,210,FALSE,FALSE
400,21,2090,2108,2254,2090,2108,2254,2090,2108,2254,18,164,18,164,FALSE,FALSE
400,22,1852,1875,2008,1852,1875,2008,1852,1875,2008,23,156,23,156,FALSE,FALSE
400,23,1628,1660,1799,1628,1660,1799,1628,1660,1799,32,171,32,171,FALSE,FALSE
400,24,1471,1460,1575,1471,1460,1575,1471,1460,1575,-11,104,11,104,FALSE,FALSE
400,25,1309,1270,1390,1309,1270,1390,1309,1270,1390,-39,81,39,81,FALSE,FALSE
400,26,1133,1081,1230,1133,1081,1230,1133,1081,1230,-52,97,52,97,FALSE,FALSE
400,27,989,962,1079,989,962,1079,989,962,1079,-27,90,27,90,FALSE,FALSE
400,28,858,856,947,858,856,947,858,856,947,-2,89,2,89,FALSE,FALSE
400,29,742,739,814,742,739,814,742,739,814,-3,72,3,72,FALSE,FALSE
400,30,624,655,697,624,655,697,624,655,697,31,73,31,73,FALSE,FALSE
400,31,539,550,615,539,550,615,539,550,615,11,76,11,76,FALSE,FALSE
400,32,480,471,533,480,471,533,480,471,533,-9,53,9,53,FALSE,FALSE
400,33,407,419,466,407,419,466,407,419,466,12,59,12,59,FALSE,FALSE
400,34,356,362,415,356,362,415,356,362,415,6,59,6,59,FALSE,FALSE
400,35,325,315,370,325,315,370,325,315,370,-10,45,10,45,FALSE,FALSE
400,36,273,275,328,273,275,328,273,275,328,2,55,2,55,FALSE,FALSE
400,37,244,240,277,244,240,277,244,240,277,-4,33,4,33,FALSE,FALSE
400,38,224,206,240,224,206,240,224,206,240,-18,16,18,16,FALSE,FALSE
400,39,198,184,216,198,184,216,198,184,216,-14,18,14,18,FALSE,FALSE
400,40,173,155,193,173,155,193,173,155,193,-18,20,18,20,FALSE,FALSE
400,41,149,137,173,149,137,173,149,137,173,-12,24,12,24,FALSE,FALSE
400,42,135,125,156,135,125,156,135,125,156,-10,21,10,21,FALSE,FALSE
400,43,109,112,140,109,112,140,109,112,140,3,31,3,31,FALSE,FALSE
400,44,93,106,119,93,106,119,93,106,119,13,26,13,26,FALSE,FALSE
400,45,84,88,97,84,88,97,84,88,97,4,13,4,13,FALSE,FALSE
400,46,79,69,84,79,69,84,79,69,84,-10,5,10,5,FALSE,FALSE
400,47,64,59,68,64,59,68,64,59,68,-5,4,5,4,FALSE,FALSE
400,48,57,49,58,57,49,58,57,49,58,-8,1,8,1,FALSE,FALSE
400,49,49,42,51,49,42,51,49,42,51,-7,2,7,2,FALSE,FALSE
400,50,43,38,47,43,38,47,43,38,47,-5,4,5,4,FALSE,FALSE
400,51,36,32,40,36,32,40,36,32,40,-4,4,4,4,FALSE,FALSE
400,52,31,24,37,31,24,37,31,24,37,-7,6,7,6,FALSE,FALSE
400,53,31,24,33,31,24,33,31,24,33,-7,2,7,2,FALSE,FALSE
400,54,28,22,33,28,22,33,28,22,33,-6,5,6,5,FALSE,FALSE
400,55,24,18,29,24,18,29,24,18,29,-6,5,6,5,FALSE,FALSE
400,56,22,17,23,22,17,23,22,17,23,-5,1,5,1,FALSE,FALSE
400,57,19,17,22,19,17,22,19,17,22,-2,3,2,3,FALSE,FALSE
400,58,16,15,19,16,15,19,16,15,19,-1,3,1,3,FALSE,FALSE
400,59,15,14,17,15,14,17,15,14,17,-1,2,1,2,FALSE,FALSE
400,60,15,11,15,15,11,15,15,11,15,-4,0,4,0,FALSE,TRUE
401,0,99,99,99,99,99,99,99,99,99,0,0,0,0,TRUE,TRUE
401,1,128,125,126,128,125,126,128,125,126,-3,-2,3,2,FALSE,FALSE
401,2,165,151,162,165,151,162,165,151,162,-14,-3,14,3,FALSE,FALSE
401,3,213,187,197,213,187,197,213,187,197,-26,-16,26,16,FALSE,FALSE
401,4,273,215,256,273,215,256,273,215,256,-58,-17,58,17,FALSE,FALSE
401,5,334,255,324,334,255,324,334,255,324,-79,-10,79,10,FALSE,FALSE
401,6,393,325,380,393,325,380,393,325,380,-68,-13,68,13,FALSE,FALSE
401,7,469,390,471,469,390,471,469,390,471,-79,2,79,2,FALSE,FALSE
401,8,570,478,590,570,478,590,570,478,590,-92,20,92,20,FALSE,FALSE
401,9,664,552,686,664,552,686,664,552,686,-112,22,112,22,FALSE,FALSE
401,10,789,644,810,789,644,810,789,644,810,-145,21,145,21,FALSE,FALSE
401,11,934,738,948,934,738,948,934,738,948,-196,14,196,14,FALSE,FALSE
401,12,1052,821,1117,1052,821,1117,1052,821,1117,-231,65,231,65,FALSE,FALSE
401,13,1147,934,1290,1147,934,1290,1147,934,1290,-213,143,213,143,FALSE,FALSE
401,14,1274,1039,1409,1274,1039,1409,1274,1039,1409,-235,135,235,135,FALSE,FALSE
401,15,1352,1133,1590,1352,1133,1590,1352,1133,1590,-219,238,219,238,FALSE,FALSE
401,16,1447,1234,1719,1447,1234,1719,1447,1234,1719,-213,272,213,272,FALSE,FALSE
401,17,1548,1318,1751,1548,1318,1751,1548,1318,1751,-230,203,230,203,FALSE,FALSE
401,18,1611,1432,1768,1611,1432,1768,1611,1432,1768,-179,157,179,157,FALSE,FALSE
401,19,1621,1487,1777,1621,1487,1777,1621,1487,1777,-134,156,134,156,FALSE,FALSE
401,20,1626,1521,1754,1626,1521,1754,1626,1521,1754,-105,128,105,128,FALSE,FALSE
401,21,1608,1547,1691,1608,1547,1691,1608,1547,1691,-61,83,61,83,FALSE,FALSE
401,22,1616,1544,1644,1616,1544,1644,1616,1544,1644,-72,28,72,28,FALSE,FALSE
401,23,1583,1525,1542,1583,1525,1542,1583,1525,1542,-58,-41,58,41,FALSE,FALSE
401,24,1482,1466,1461,1482,1466,1461,1482,1466,1461,-16,-21,16,21,FALSE,FALSE
401,25,1397,1376,1394,1397,1376,1394,1397,1376,1394,-21,-3,21,3,FALSE,FALSE
401,26,1302,1308,1312,1302,1308,1312,1302,1308,1312,6,10,6,10,FALSE,FALSE
401,27,1211,1233,1185,1211,1233,1185,1211,1233,1185,22,-26,22,26,FALSE,FALSE
401,28,1102,1131,1089,1102,1131,1089,1102,1131,1089,29,-13,29,13,FALSE,FALSE
401,29,1018,1040,1007,1018,1040,1007,1018,1040,1007,22,-11,22,11,FALSE,FALSE
401,30,926,966,914,926,966,914,926,966,914,40,-12,40,12,FALSE,FALSE
401,31,842,881,813,842,881,813,842,881,813,39,-29,39,29,FALSE,FALSE
401,32,763,782,719,763,782,719,763,782,719,19,-44,19,44,FALSE,FALSE
401,33,705,714,634,705,714,634,705,714,634,9,-71,9,71,FALSE,FALSE
401,34,654,614,564,654,614,564,654,614,564,-40,-90,40,90,FALSE,FALSE
401,35,600,576,496,600,576,496,600,576,496,-24,-104,24,104,FALSE,FALSE
401,36,546,528,454,546,528,454,546,528,454,-18,-92,18,92,FALSE,FALSE
401,37,484,485,399,484,485,399,484,485,399,1,-85,1,85,FALSE,FALSE
401,38,450,436,356,450,436,356,450,436,356,-14,-94,14,94,FALSE,FALSE
401,39,402,377,305,402,377,305,402,377,305,-25,-97,25,97,FALSE,FALSE
401,40,367,355,259,367,355,259,367,355,259,-12,-108,12,108,FALSE,FALSE
401,41,325,310,228,325,310,228,325,310,228,-15,-97,15,97,FALSE,FALSE
401,42,292,263,204,292,263,204,292,263,204,-29,-88,29,88,FALSE,FALSE
401,43,257,226,178,257,226,178,257,226,178,-31,-79,31,79,FALSE,FALSE
401,44,233,195,156,233,195,156,233,195,156,-38,-77,38,77,FALSE,FALSE
401,45,204,173,133,204,173,133,204,173,133,-31,-71,31,71,FALSE,FALSE
401,46,185,157,120,185,157,120,185,157,120,-28,-65,28,65,FALSE,FALSE
401,47,162,138,94,162,138,94,162,138,94,-24,-68,24,68,FALSE,FALSE
401,48,145,121,89,145,121,89,145,121,89,-24,-56,24,56,FALSE,FALSE
401,49,128,108,72,128,108,72,128,108,72,-20,-56,20,56,FALSE,FALSE
401,50,115,86,61,115,86,61,115,86,61,-29,-54,29,54,FALSE,FALSE
401,51,102,80,47,102,80,47,102,80,47,-22,-55,22,55,FALSE,FALSE
401,52,87,68,38,87,68,38,87,68,38,-19,-49,19,49,FALSE,FALSE
401,53,73,58,37,73,58,37,73,58,37,-15,-36,15,36,FALSE,FALSE
401,54,64,53,37,64,53,37,64,53,37,-11,-27,11,27,FALSE,FALSE
401,55,53,47,36,53,47,36,53,47,36,-6,-17,6,17,FALSE,FALSE
401,56,51,35,29,51,35,29,51,35,29,-16,-22,16,22,FALSE,FALSE
401,57,39,30,25,39,30,25,39,30,25,-9,-14,9,14,FALSE,FALSE
401,58,30,27,21,30,27,21,30,27,21,-3,-9,3,9,FALSE,FALSE
401,59,27,27,14,27,27,14,27,27,14,0,-13,0,13,TRUE,FALSE
401,60,29,26,15,29,26,15,29,26,15,-3,-14,3,14,FALSE,FALSE
402,0,83,83,83,83,83,83,83,83,83,0,0,0,0,TRUE,TRUE
402,1,94,91,86,94,91,86,94,91,86,-3,-8,3,8,FALSE,FALSE
402,2,93,106,97,93,106,97,93,106,97,13,4,13,4,FALSE,FALSE
402,3,102,118,108,102,118,108,102,118,108,16,6,16,6,FALSE,FALSE
402,4,108,129,116,108,129,116,108,129,116,21,8,21,8,FALSE,FALSE
402,5,109,151,125,109,151,125,109,151,125,42,16,42,16,FALSE,FALSE
402,6,113,171,125,113,171,125,113,171,125,58,12,58,12,FALSE,FALSE
402,7,123,197,137,123,197,137,123,197,137,74,14,74,14,FALSE,FALSE
402,8,129,214,154,129,214,154,129,214,154,85,25,85,25,FALSE,FALSE
402,9,133,236,170,133,236,170,133,236,170,103,37,103,37,FALSE,FALSE
402,10,145,256,181,145,256,181,145,256,181,111,36,111,36,FALSE,FALSE
402,11,144,269,192,144,269,192,144,269,192,125,48,125,48,FALSE,FALSE
402,12,147,288,212,147,288,212,147,288,212,141,65,141,65,FALSE,FALSE
402,13,153,308,237,153,308,237,153,308,237,155,84,155,84,FALSE,FALSE
402,14,169,341,253,169,341,253,169,341,253,172,84,172,84,FALSE,FALSE
402,15,187,354,276,187,354,276,187,354,276,167,89,167,89,FALSE,FALSE
402,16,214,371,307,214,371,307,214,371,307,157,93,157,93,FALSE,FALSE
402,17,219,423,344,219,423,344,219,423,344,204,125,204,125,FALSE,FALSE
402,18,239,465,368,239,465,368,239,465,368,226,129,226,129,FALSE,FALSE
402,19,259,508,395,259,508,395,259,508,395,249,136,249,136,FALSE,FALSE
402,20,270,541,415,270,541,415,270,541,415,271,145,271,145,FALSE,FALSE
402,21,287,566,452,287,566,452,287,566,452,279,165,279,165,FALSE,FALSE
402,22,320,620,469,320,620,469,320,620,469,300,149,300,149,FALSE,FALSE
402,23,347,668,501,347,668,501,347,668,501,321,154,321,154,FALSE,FALSE
402,24,355,735,525,355,735,525,355,735,525,380,170,380,170,FALSE,FALSE
402,25,388,759,560,388,759,560,388,759,560,371,172,371,172,FALSE,FALSE
402,26,411,804,594,411,804,594,411,804,594,393,183,393,183,FALSE,FALSE
402,27,425,831,631,425,831,631,425,831,631,406,206,406,206,FALSE,FALSE
402,28,434,861,668,434,861,668,434,861,668,427,234,427,234,FALSE,FALSE
402,29,448,907,703,448,907,703,448,907,703,459,255,459,255,FALSE,FALSE
402,30,470,965,760,470,965,760,470,965,760,495,290,495,290,FALSE,FALSE
402,31,509,980,798,509,980,798,509,980,798,471,289,471,289,FALSE,FALSE
402,32,541,1005,857,541,1005,857,541,1005,857,464,316,464,316,FALSE,FALSE
402,33,566,1048,882,566,1048,882,566,1048,882,482,316,482,316,FALSE,FALSE
402,34,583,1076,922,583,1076,922,583,1076,922,493,339,493,339,FALSE,FALSE
402,35,603,1121,928,603,1121,928,603,1121,928,518,325,518,325,FALSE,FALSE
402,36,624,1131,961,624,1131,961,624,1131,961,507,337,507,337,FALSE,FALSE
402,37,664,1161,968,664,1161,968,664,1161,968,497,304,497,304,FALSE,FALSE
402,38,683,1183,1007,683,1183,1007,683,1183,1007,500,324,500,324,FALSE,FALSE
402,39,702,1213,996,702,1213,996,702,1213,996,511,294,511,294,FALSE,FALSE
402,40,738,1218,1031,738,1218,1031,738,1218,1031,480,293,480,293,FALSE,FALSE
402,41,771,1206,1027,771,1206,1027,771,1206,1027,435,256,435,256,FALSE,FALSE
402,42,779,1220,1049,779,1220,1049,779,1220,1049,441,270,441,270,FALSE,FALSE
402,43,806,1203,1067,806,1203,1067,806,1203,1067,397,261,397,261,FALSE,FALSE
402,44,843,1195,1079,843,1195,1079,843,1195,1079,352,236,352,236,FALSE,FALSE
402,45,858,1172,1069,858,1172,1069,858,1172,1069,314,211,314,211,FALSE,FALSE
402,46,881,1158,1072,881,1158,1072,881,1158,1072,277,191,277,191,FALSE,FALSE
402,47,881,1137,1075,881,1137,1075,881,1137,1075,256,194,256,194,FALSE,FALSE
402,48,883,1114,1090,883,1114,1090,883,1114,1090,231,207,231,207,FALSE,FALSE
402,49,894,1096,1090,894,1096,1090,894,1096,1090,202,196,202,196,FALSE,FALSE
402,50,897,1074,1088,897,1074,1088,897,1074,1088,177,191,177,191,FALSE,FALSE
402,51,912,1055,1088,912,1055,1088,912,1055,1088,143,176,143,176,FALSE,FALSE
402,52,938,1022,1081,938,1022,1081,938,1022,1081,84,143,84,143,FALSE,FALSE
402,53,943,976,1094,943,976,1094,943,976,1094,33,151,33,151,FALSE,FALSE
402,54,939,949,1071,939,949,1071,939,949,1071,10,132,10,132,FALSE,FALSE
402,55,917,940,1065,917,940,1065,917,940,1065,23,148,23,148,FALSE,FALSE
402,56,908,897,1047,908,897,1047,908,897,1047,-11,139,11,139,FALSE,FALSE
402,57,927,878,1004,927,878,1004,927,878,1004,-49,77,49,77,FALSE,FALSE
402,58,929,870,989,929,870,989,929,870,989,-59,60,59,60,FALSE,FALSE
402,59,919,826,976,919,826,976,919,826,976,-93,57,93,57,FALSE,FALSE
402,60,923,794,943,923,794,943,923,794,943,-129,20,129,20,FALSE,FALSE
403,0,133,133,133,133,133,133,133,133,133,0,0,0,0,TRUE,TRUE
403,1,140,145,146,140,145,146,140,145,146,5,6,5,6,FALSE,FALSE
403,2,148,153,160,148,153,160,148,153,160,5,12,5,12,FALSE,FALSE
403,3,145,161,171,145,161,171,145,161,171,16,26,16,26,FALSE,FALSE
403,4,162,172,179,162,172,179,162,172,179,10,17,10,17,FALSE,FALSE
403,5,172,176,199,172,176,199,172,176,199,4,27,4,27,FALSE,FALSE
403,6,173,190,211,173,190,211,173,190,211,17,38,17,38,FALSE,FALSE
403,7,183,204,218,183,204,218,183,204,218,21,35,21,35,FALSE,FALSE
403,8,194,219,245,194,219,245,194,219,245,25,51,25,51,FALSE,FALSE
403,9,204,226,248,204,226,248,204,226,248,22,44,22,44,FALSE,FALSE
403,10,207,238,259,207,238,259,207,238,259,31,52,31,52,FALSE,FALSE
403,11,218,249,268,218,249,268,218,249,268,31,50,31,50,FALSE,FALSE
403,12,235,263,278,235,263,278,235,263,278,28,43,28,43,FALSE,FALSE
403,13,259,279,305,259,279,305,259,279,305,20,46,20,46,FALSE,FALSE
403,14,273,286,325,273,286,325,273,286,325,13,52,13,52,FALSE,FALSE
403,15,292,295,345,292,295,345,292,295,345,3,53,3,53,FALSE,FALSE
403,16,297,307,359,297,307,359,297,307,359,10,62,10,62,FALSE,FALSE
403,17,328,313,389,328,313,389,328,313,389,-15,61,15,61,FALSE,FALSE
403,18,328,344,415,328,344,415,328,344,415,16,87,16,87,FALSE,FALSE
403,19,341,346,420,341,346,420,341,346,420,5,79,5,79,FALSE,FALSE
403,20,360,356,452,360,356,452,360,356,452,-4,92,4,92,FALSE,FALSE
403,21,373,364,481,373,364,481,373,364,481,-9,108,9,108,FALSE,FALSE
403,22,375,382,522,375,382,522,375,382,522,7,147,7,147,FALSE,FALSE
403,23,400,403,547,400,403,547,400,403,547,3,147,3,147,FALSE,FALSE
403,24,421,408,561,421,408,561,421,408,561,-13,140,13,140,FALSE,FALSE
403,25,455,416,578,455,416,578,455,416,578,-39,123,39,123,FALSE,FALSE
403,26,478,443,599,478,443,599,478,443,599,-35,121,35,121,FALSE,FALSE
403,27,470,456,609,470,456,609,470,456,609,-14,139,14,139,FALSE,FALSE
403,28,488,469,637,488,469,637,488,469,637,-19,149,19,149,FALSE,FALSE
403,29,499,482,653,499,482,653,499,482,653,-17,154,17,154,FALSE,FALSE
403,30,513,495,657,513,495,657,513,495,657,-18,144,18,144,FALSE,FALSE
403,31,521,490,663,521,490,663,521,490,663,-31,142,31,142,FALSE,FALSE
403,32,542,518,696,542,518,696,542,518,696,-24,154,24,154,FALSE,FALSE
403,33,565,527,704,565,527,704,565,527,704,-38,139,38,139,FALSE,FALSE
403,34,579,554,730,579,554,730,579,554,730,-25,151,25,151,FALSE,FALSE
403,35,597,591,762,597,591,762,597,591,762,-6,165,6,165,FALSE,FALSE
403,36,608,585,779,608,585,779,608,585,779,-23,171,23,171,FALSE,FALSE
403,37,625,595,797,625,595,797,625,595,797,-30,172,30,172,FALSE,FALSE
403,38,628,596,818,628,596,818,628,596,818,-32,190,32,190,FALSE,FALSE
403,39,648,606,812,648,606,812,648,606,812,-42,164,42,164,FALSE,FALSE
403,40,644,595,814,644,595,814,644,595,814,-49,170,49,170,FALSE,FALSE
403,41,666,612,815,666,612,815,666,612,815,-54,149,54,149,FALSE,FALSE
403,42,682,604,816,682,604,816,682,604,816,-78,134,78,134,FALSE,FALSE
403,43,685,618,813,685,618,813,685,618,813,-67,128,67,128,FALSE,FALSE
403,44,698,620,824,698,620,824,698,620,824,-78,126,78,126,FALSE,FALSE
403,45,708,631,813,708,631,813,708,631,813,-77,105,77,105,FALSE,FALSE
403,46,732,640,788,732,640,788,732,640,788,-92,56,92,56,FALSE,FALSE
403,47,744,619,788,744,619,788,744,619,788,-125,44,125,44,FALSE,FALSE
403,48,733,633,783,733,633,783,733,633,783,-100,50,100,50,FALSE,FALSE
403,49,737,626,763,737,626,763,737,626,763,-111,26,111,26,FALSE,FALSE
403,50,744,624,757,744,624,757,744,624,757,-120,13,120,13,FALSE,FALSE
403,51,738,634,729,738,634,729,738,634,729,-104,-9,104,9,FALSE,FALSE
403,52,735,646,691,735,646,691,735,646,691,-89,-44,89,44,FALSE,FALSE
403,53,743,641,710,743,641,710,743,641,710,-102,-33,102,33,FALSE,FALSE
403,54,751,660,681,751,660,681,751,660,681,-91,-70,91,70,FALSE,FALSE
403,55,747,648,683,747,648,683,747,648,683,-99,-64,99,64,FALSE,FALSE
403,56,763,648,683,763,648,683,763,648,683,-115,-80,115,80,FALSE,FALSE
403,57,763,652,673,763,652,673,763,652,673,-111,-90,111,90,FALSE,FALSE
403,58,749,663,677,749,663,677,749,663,677,-86,-72,86,72,FALSE,FALSE
403,59,729,644,680,729,644,680,729,644,680,-85,-49,85,49,FALSE,FALSE
403,60,740,632,664,740,632,664,740,632,664,-108,-76,108,76,FALSE,FALSE
404,0,87,87,87,87,87,87,87,87,87,0,0,0,0,TRUE,TRUE
404,1,90,87,88,90,87,88,90,87,88,-3,-2,3,2,FALSE,FALSE
404,2,96,95,83,96,95,83,96,95,83,-1,-13,1,13,FALSE,FALSE
404,3,105,95,84,105,95,84,105,95,84,-10,-21,10,21,FALSE,FALSE
404,4,117,96,89,117,96,89,117,96,89,-21,-28,21,28,FALSE,FALSE
404,5,123,105,92,123,105,92,123,105,92,-18,-31,18,31,FALSE,FALSE
404,6,129,110,95,129,110,95,129,110,95,-19,-34,19,34,FALSE,FALSE
404,7,141,120,99,141,120,99,141,120,99,-21,-42,21,42,FALSE,FALSE
404,8,149,127,108,149,127,108,149,127,108,-22,-41,22,41,FALSE,FALSE
404,9,147,150,123,147,150,123,147,150,123,3,-24,3,24,FALSE,FALSE
404,10,154,153,128,154,153,128,154,153,128,-1,-26,1,26,FALSE,FALSE
404,11,152,159,137,152,159,137,152,159,137,7,-15,7,15,FALSE,FALSE
404,12,162,177,131,162,177,131,162,177,131,15,-31,15,31,FALSE,FALSE
404,13,176,179,131,176,179,131,176,179,131,3,-45,3,45,FALSE,FALSE
404,14,186,195,141,186,195,141,186,195,141,9,-45,9,45,FALSE,FALSE
404,15,198,208,149,198,208,149,198,208,149,10,-49,10,49,FALSE,FALSE
404,16,218,215,155,218,215,155,218,215,155,-3,-63,3,63,FALSE,FALSE
404,17,230,228,169,230,228,169,230,228,169,-2,-61,2,61,FALSE,FALSE
404,18,252,233,175,252,233,175,252,233,175,-19,-77,19,77,FALSE,FALSE
404,19,258,243,190,258,243,190,258,243,190,-15,-68,15,68,FALSE,FALSE
404,20,278,254,208,278,254,208,278,254,208,-24,-70,24,70,FALSE,FALSE
404,21,274,281,222,274,281,222,274,281,222,7,-52,7,52,FALSE,FALSE
404,22,284,291,228,284,291,228,284,291,228,7,-56,7,56,FALSE,FALSE
404,23,289,315,235,289,315,235,289,315,235,26,-54,26,54,FALSE,FALSE
404,24,311,327,242,311,327,242,311,327,242,16,-69,16,69,FALSE,FALSE
404,25,329,342,253,329,342,253,329,342,253,13,-76,13,76,FALSE,FALSE
404,26,344,348,278,344,348,278,344,348,278,4,-66,4,66,FALSE,FALSE
404,27,358,349,299,358,349,299,358,349,299,-9,-59,9,59,FALSE,FALSE
404,28,369,369,308,369,369,308,369,369,308,0,-61,0,61,TRUE,FALSE
404,29,372,392,315,372,392,315,372,392,315,20,-57,20,57,FALSE,FALSE
404,30,386,409,326,386,409,326,386,409,326,23,-60,23,60,FALSE,FALSE
404,31,400,421,338,400,421,338,400,421,338,21,-62,21,62,FALSE,FALSE
404,32,423,429,350,423,429,350,423,429,350,6,-73,6,73,FALSE,FALSE
404,33,445,436,363,445,436,363,445,436,363,-9,-82,9,82,FALSE,FALSE
404,34,446,460,370,446,460,370,446,460,370,14,-76,14,76,FALSE,FALSE
404,35,452,468,380,452,468,380,452,468,380,16,-72,16,72,FALSE,FALSE
404,36,472,477,386,472,477,386,472,477,386,5,-86,5,86,FALSE,FALSE
404,37,502,490,383,502,490,383,502,490,383,-12,-119,12,119,FALSE,FALSE
404,38,517,498,397,517,498,397,517,498,397,-19,-120,19,120,FALSE,FALSE
404,39,527,518,400,527,518,400,527,518,400,-9,-127,9,127,FALSE,FALSE
404,40,556,505,414,556,505,414,556,505,414,-51,-142,51,142,FALSE,FALSE
404,41,589,512,414,589,512,414,589,512,414,-77,-175,77,175,FALSE,FALSE
404,42,586,508,436,586,508,436,586,508,436,-78,-150,78,150,FALSE,FALSE
404,43,590,520,450,590,520,450,590,520,450,-70,-140,70,140,FALSE,FALSE
404,44,596,512,452,596,512,452,596,512,452,-84,-144,84,144,FALSE,FALSE
404,45,604,528,460,604,528,460,604,528,460,-76,-144,76,144,FALSE,FALSE
404,46,592,534,481,592,534,481,592,534,481,-58,-111,58,111,FALSE,FALSE
404,47,607,546,492,607,546,492,607,546,492,-61,-115,61,115,FALSE,FALSE
404,48,619,548,495,619,548,495,619,548,495,-71,-124,71,124,FALSE,FALSE
404,49,616,557,526,616,557,526,616,557,526,-59,-90,59,90,FALSE,FALSE
404,50,633,551,540,633,551,540,633,551,540,-82,-93,82,93,FALSE,FALSE
404,51,640,553,557,640,553,557,640,553,557,-87,-83,87,83,FALSE,FALSE
404,52,635,558,568,635,558,568,635,558,568,-77,-67,77,67,FALSE,FALSE
404,53,650,549,579,650,549,579,650,549,579,-101,-71,101,71,FALSE,FALSE
404,54,656,551,578,656,551,578,656,551,578,-105,-78,105,78,FALSE,FALSE
404,55,654,547,593,654,547,593,654,547,593,-107,-61,107,61,FALSE,FALSE
404,56,659,526,602,659,526,602,659,526,602,-133,-57,133,57,FALSE,FALSE
404,57,684,535,607,684,535,607,684,535,607,-149,-77,149,77,FALSE,FALSE
404,58,686,525,632,686,525,632,686,525,632,-161,-54,161,54,FALSE,FALSE
404,59,673,533,640,673,533,640,673,533,640,-140,-33,140,33,FALSE,FALSE
404,60,681,524,641,681,524,641,681,524,641,-157,-40,157,40,FALSE,FALSE
405,0,146,146,146,146,146,146,146,146,146,0,0,0,0,TRUE,TRUE
405,1,214,203,211,214,203,211,214,203,211,-11,-3,11,3,FALSE,FALSE
405,2,297,295,298,297,295,298,297,295,298,-2,1,2,1,FALSE,FALSE
405,3,416,427,434,416,427,434,416,427,434,11,18,11,18,FALSE,FALSE
405,4,568,580,574,568,580,574,568,580,574,12,6,12,6,FALSE,FALSE
405,5,791,805,803,791,805,803,791,805,803,14,12,14,12,FALSE,FALSE
405,6,1043,1092,1068,1043,1092,1068,1043,1092,1068,49,25,49,25,FALSE,FALSE
405,7,1373,1352,1399,1373,1352,1399,1373,1352,1399,-21,26,21,26,FALSE,FALSE
405,8,1710,1684,1777,1710,1684,1777,1710,1684,1777,-26,67,26,67,FALSE,FALSE
405,9,2073,1994,2091,2073,1994,2091,2073,1994,2091,-79,18,79,18,FALSE,FALSE
405,10,2316,2291,2340,2316,2291,2340,2316,2291,2340,-25,24,25,24,FALSE,FALSE
405,11,2468,2458,2554,2468,2458,2554,2468,2458,2554,-10,86,10,86,FALSE,FALSE
405,12,2557,2584,2584,2557,2584,2584,2557,2584,2584,27,27,27,27,FALSE,FALSE
405,13,2566,2560,2568,2566,2560,2568,2566,2560,2568,-6,2,6,2,FALSE,FALSE
405,14,2512,2442,2456,2512,2442,2456,2512,2442,2456,-70,-56,70,56,FALSE,FALSE
405,15,2311,2285,2297,2311,2285,2297,2311,2285,2297,-26,-14,26,14,FALSE,FALSE
405,16,2114,2072,2133,2114,2072,2133,2114,2072,2133,-42,19,42,19,FALSE,FALSE
405,17,1923,1865,1934,1923,1865,1934,1923,1865,1934,-58,11,58,11,FALSE,FALSE
405,18,1730,1689,1715,1730,1689,1715,1730,1689,1715,-41,-15,41,15,FALSE,FALSE
405,19,1558,1490,1501,1558,1490,1501,1558,1490,1501,-68,-57,68,57,FALSE,FALSE
405,20,1354,1291,1295,1354,1291,1295,1354,1291,1295,-63,-59,63,59,FALSE,FALSE
405,21,1206,1131,1129,1206,1131,1129,1206,1131,1129,-75,-77,75,77,FALSE,FALSE
405,22,1042,978,979,1042,978,979,1042,978,979,-64,-63,64,63,FALSE,FALSE
405,23,903,858,844,903,858,844,903,858,844,-45,-59,45,59,FALSE,FALSE
405,24,783,731,714,783,731,714,783,731,714,-52,-69,52,69,FALSE,FALSE
405,25,678,623,610,678,623,610,678,623,610,-55,-68,55,68,FALSE,FALSE
405,26,584,515,516,584,515,516,584,515,516,-69,-68,69,68,FALSE,FALSE
405,27,497,429,444,497,429,444,497,429,444,-68,-53,68,53,FALSE,FALSE
405,28,438,350,363,438,350,363,438,350,363,-88,-75,88,75,FALSE,FALSE
405,29,369,282,311,369,282,311,369,282,311,-87,-58,87,58,FALSE,FALSE
405,30,309,239,261,309,239,261,309,239,261,-70,-48,70,48,FALSE,FALSE
405,31,253,199,221,253,199,221,253,199,221,-54,-32,54,32,FALSE,FALSE
405,32,216,165,196,216,165,196,216,165,196,-51,-20,51,20,FALSE,FALSE
405,33,179,138,168,179,138,168,179,138,168,-41,-11,41,11,FALSE,FALSE
405,34,152,104,140,152,104,140,152,104,140,-48,-12,48,12,FALSE,FALSE
405,35,138,83,121,138,83,121,138,83,121,-55,-17,55,17,FALSE,FALSE
405,36,122,58,106,122,58,106,122,58,106,-64,-16,64,16,FALSE,FALSE
405,37,99,48,90,99,48,90,99,48,90,-51,-9,51,9,FALSE,FALSE
405,38,79,39,73,79,39,73,79,39,73,-40,-6,40,6,FALSE,FALSE
405,39,61,37,64,61,37,64,61,37,64,-24,3,24,3,FALSE,FALSE
405,40,52,32,56,52,32,56,52,32,56,-20,4,20,4,FALSE,FALSE
405,41,42,29,50,42,29,50,42,29,50,-13,8,13,8,FALSE,FALSE
405,42,37,27,42,37,27,42,37,27,42,-10,5,10,5,FALSE,FALSE
405,43,29,26,32,29,26,32,29,26,32,-3,3,3,3,FALSE,FALSE
405,44,27,23,28,27,23,28,27,23,28,-4,1,4,1,FALSE,FALSE
405,45,26,19,22,26,19,22,26,19,22,-7,-4,7,4,FALSE,FALSE
405,46,19,17,17,19,17,17,19,17,17,-2,-2,2,2,FALSE,FALSE
405,47,20,18,16,20,18,16,20,18,16,-2,-4,2,4,FALSE,FALSE
405,48,18,13,13,18,13,13,18,13,13,-5,-5,5,5,FALSE,FALSE
405,49,14,9,11,14,9,11,14,9,11,-5,-3,5,3,FALSE,FALSE
405,50,11,9,10,11,9,10,11,9,10,-2,-1,2,1,FALSE,FALSE
405,51,11,8,12,11,8,12,11,8,12,-3,1,3,1,FALSE,FALSE
405,52,11,6,9,11,6,9,11,6,9,-5,-2,5,2,FALSE,FALSE
405,53,6,4,8,6,4,8,6,4,8,-2,2,2,2,FALSE,FALSE
405,54,6,3,8,6,3,8,6,3,8,-3,2,3,2,FALSE,FALSE
405,55,7,2,7,7,2,7,7,2,7,-5,0,5,0,FALSE,TRUE
405,56,6,2,7,6,2,7,6,2,7,-4,1,4,1,FALSE,FALSE
405,57,6,2,6,6,2,6,6,2,6,-4,0,4,0,FALSE,TRUE
405,58,4,2,6,4,2,6,4,2,6,-2,2,2,2,FALSE,FALSE
405,59,3,0,3,3,0,3,3,0,3,-3,0,3,0,FALSE,TRUE
405,60,3,0,3,3,0,3,3,0,3,-3,0,3,0,FALSE,TRUE
406,0,50,50,50,50,50,50,50,50,50,0,0,0,0,TRUE,TRUE
406,1,71,75,69,71,75,69,71,75,69,4,-2,4,2,FALSE,FALSE
406,2,105,116,119,105,116,119,105,116,119,11,14,11,14,FALSE,FALSE
406,3,157,169,176,157,169,176,157,169,176,12,19,12,19,FALSE,FALSE
406,4,244,250,252,244,250,252,244,250,252,6,8,6,8,FALSE,FALSE
406,5,359,356,353,359,356,353,359,356,353,-3,-6,3,6,FALSE,FALSE
406,6,500,510,495,500,510,495,500,510,495,10,-5,10,5,FALSE,FALSE
406,7,721,696,707,721,696,707,721,696,707,-25,-14,25,14,FALSE,FALSE
406,8,1023,934,1001,1023,934,1001,1023,934,1001,-89,-22,89,22,FALSE,FALSE
406,9,1376,1183,1357,1376,1183,1357,1376,1183,1357,-193,-19,193,19,FALSE,FALSE
406,10,1769,1528,1762,1769,1528,1762,1769,1528,1762,-241,-7,241,7,FALSE,FALSE
406,11,2201,1909,2127,2201,1909,2127,2201,1909,2127,-292,-74,292,74,FALSE,FALSE
406,12,2636,2246,2585,2636,2246,2585,2636,2246,2585,-390,-51,390,51,FALSE,FALSE
406,13,2960,2592,2943,2960,2592,2943,2960,2592,2943,-368,-17,368,17,FALSE,FALSE
406,14,3183,2875,3167,3183,2875,3167,3183,2875,3167,-308,-16,308,16,FALSE,FALSE
406,15,3301,3056,3292,3301,3056,3292,3301,3056,3292,-245,-9,245,9,FALSE,FALSE
406,16,3277,3101,3278,3277,3101,3278,3277,3101,3278,-176,1,176,1,FALSE,FALSE
406,17,3170,3064,3173,3170,3064,3173,3170,3064,3173,-106,3,106,3,FALSE,FALSE
406,18,3047,2972,2984,3047,2972,2984,3047,2972,2984,-75,-63,75,63,FALSE,FALSE
406,19,2843,2770,2845,2843,2770,2845,2843,2770,2845,-73,2,73,2,FALSE,FALSE
406,20,2619,2596,2666,2619,2596,2666,2619,2596,2666,-23,47,23,47,FALSE,FALSE
406,21,2391,2417,2446,2391,2417,2446,2391,2417,2446,26,55,26,55,FALSE,FALSE
406,22,2158,2192,2219,2158,2192,2219,2158,2192,2219,34,61,34,61,FALSE,FALSE
406,23,1927,1986,2024,1927,1986,2024,1927,1986,2024,59,97,59,97,FALSE,FALSE
406,24,1728,1803,1807,1728,1803,1807,1728,1803,1807,75,79,75,79,FALSE,FALSE
406,25,1551,1612,1632,1551,1612,1632,1551,1612,1632,61,81,61,81,FALSE,FALSE
406,26,1358,1458,1454,1358,1458,1454,1358,1458,1454,100,96,100,96,FALSE,FALSE
406,27,1211,1313,1303,1211,1313,1303,1211,1313,1303,102,92,102,92,FALSE,FALSE
406,28,1072,1149,1141,1072,1149,1141,1072,1149,1141,77,69,77,69,FALSE,FALSE
406,29,952,1020,1007,952,1020,1007,952,1020,1007,68,55,68,55,FALSE,FALSE
406,30,850,925,895,850,925,895,850,925,895,75,45,75,45,FALSE,FALSE
406,31,761,832,805,761,832,805,761,832,805,71,44,71,44,FALSE,FALSE
406,32,675,728,715,675,728,715,675,728,715,53,40,53,40,FALSE,FALSE
406,33,605,638,636,605,638,636,605,638,636,33,31,33,31,FALSE,FALSE
406,34,535,574,567,535,574,567,535,574,567,39,32,39,32,FALSE,FALSE
406,35,470,516,510,470,516,510,470,516,510,46,40,46,40,FALSE,FALSE
406,36,421,455,450,421,455,450,421,455,450,34,29,34,29,FALSE,FALSE
406,37,382,396,406,382,396,406,382,396,406,14,24,14,24,FALSE,FALSE
406,38,337,352,369,337,352,369,337,352,369,15,32,15,32,FALSE,FALSE
406,39,310,311,313,310,311,313,310,311,313,1,3,1,3,FALSE,FALSE
406,40,271,275,281,271,275,281,271,275,281,4,10,4,10,FALSE,FALSE
406,41,239,239,239,239,239,239,239,239,239,0,0,0,0,TRUE,TRUE
406,42,209,205,215,209,205,215,209,205,215,-4,6,4,6,FALSE,FALSE
406,43,192,174,194,192,174,194,192,174,194,-18,2,18,2,FALSE,FALSE
406,44,167,151,171,167,151,171,167,151,171,-16,4,16,4,FALSE,FALSE
406,45,152,133,152,152,133,152,152,133,152,-19,0,19,0,FALSE,TRUE
406,46,131,123,130,131,123,130,131,123,130,-8,-1,8,1,FALSE,FALSE
406,47,110,115,116,110,115,116,110,115,116,5,6,5,6,FALSE,FALSE
406,48,96,96,105,96,96,105,96,96,105,0,9,0,9,TRUE,FALSE
406,49,88,89,90,88,89,90,88,89,90,1,2,1,2,FALSE,FALSE
406,50,80,77,80,80,77,80,80,77,80,-3,0,3,0,FALSE,TRUE
406,51,74,66,69,74,66,69,74,66,69,-8,-5,8,5,FALSE,FALSE
406,52,65,57,61,65,57,61,65,57,61,-8,-4,8,4,FALSE,FALSE
406,53,60,51,53,60,51,53,60,51,53,-9,-7,9,7,FALSE,FALSE
406,54,51,43,47,51,43,47,51,43,47,-8,-4,8,4,FALSE,FALSE
406,55,50,38,41,50,38,41,50,38,41,-12,-9,12,9,FALSE,FALSE
406,56,42,36,38,42,36,38,42,36,38,-6,-4,6,4,FALSE,FALSE
406,57,40,32,35,40,32,35,40,32,35,-8,-5,8,5,FALSE,FALSE
406,58,36,24,31,36,24,31,36,24,31,-12,-5,12,5,FALSE,FALSE
406,59,31,21,28,31,21,28,31,21,28,-10,-3,10,3,FALSE,FALSE
406,60,26,19,23,26,19,23,26,19,23,-7,-3,7,3,FALSE,FALSE
407,0,130,130,130,130,130,130,130,130,130,0,0,0,0,TRUE,TRUE
407,1,180,176,157,180,176,157,180,176,157,-4,-23,4,23,FALSE,FALSE
407,2,244,235,205,244,235,205,244,235,205,-9,-39,9,39,FALSE,FALSE
407,3,310,293,287,310,293,287,310,293,287,-17,-23,17,23,FALSE,FALSE
407,4,397,371,368,397,371,368,397,371,368,-26,-29,26,29,FALSE,FALSE
407,5,477,462,446,477,462,446,477,462,446,-15,-31,15,31,FALSE,FALSE
407,6,613,576,585,613,576,585,613,576,585,-37,-28,37,28,FALSE,FALSE
407,7,760,695,716,760,695,716,760,695,716,-65,-44,65,44,FALSE,FALSE
407,8,895,818,827,895,818,827,895,818,827,-77,-68,77,68,FALSE,FALSE
407,9,1024,966,977,1024,966,977,1024,966,977,-58,-47,58,47,FALSE,FALSE
407,10,1152,1083,1135,1152,1083,1135,1152,1083,1135,-69,-17,69,17,FALSE,FALSE
407,11,1262,1236,1249,1262,1236,1249,1262,1236,1249,-26,-13,26,13,FALSE,FALSE
407,12,1343,1344,1374,1343,1344,1374,1343,1344,1374,1,31,1,31,FALSE,FALSE
407,13,1382,1438,1420,1382,1438,1420,1382,1438,1420,56,38,56,38,FALSE,FALSE
407,14,1411,1532,1420,1411,1532,1420,1411,1532,1420,121,9,121,9,FALSE,FALSE
407,15,1394,1529,1413,1394,1529,1413,1394,1529,1413,135,19,135,19,FALSE,FALSE
407,16,1391,1502,1411,1391,1502,1411,1391,1502,1411,111,20,111,20,FALSE,FALSE
407,17,1357,1434,1330,1357,1434,1330,1357,1434,1330,77,-27,77,27,FALSE,FALSE
407,18,1252,1353,1254,1252,1353,1254,1252,1353,1254,101,2,101,2,FALSE,FALSE
407,19,1178,1240,1129,1178,1240,1129,1178,1240,1129,62,-49,62,49,FALSE,FALSE
407,20,1070,1117,1037,1070,1117,1037,1070,1117,1037,47,-33,47,33,FALSE,FALSE
407,21,943,1032,921,943,1032,921,943,1032,921,89,-22,89,22,FALSE,FALSE
407,22,853,925,824,853,925,824,853,925,824,72,-29,72,29,FALSE,FALSE
407,23,763,819,737,763,819,737,763,819,737,56,-26,56,26,FALSE,FALSE
407,24,652,708,646,652,708,646,652,708,646,56,-6,56,6,FALSE,FALSE
407,25,575,640,552,575,640,552,575,640,552,65,-23,65,23,FALSE,FALSE
407,26,503,545,475,503,545,475,503,545,475,42,-28,42,28,FALSE,FALSE
407,27,440,472,381,440,472,381,440,472,381,32,-59,32,59,FALSE,FALSE
407,28,371,399,316,371,399,316,371,399,316,28,-55,28,55,FALSE,FALSE
407,29,314,347,270,314,347,270,314,347,270,33,-44,33,44,FALSE,FALSE
407,30,270,310,241,270,310,241,270,310,241,40,-29,40,29,FALSE,FALSE
407,31,223,252,205,223,252,205,223,252,205,29,-18,29,18,FALSE,FALSE
407,32,186,213,167,186,213,167,186,213,167,27,-19,27,19,FALSE,FALSE
407,33,165,184,150,165,184,150,165,184,150,19,-15,19,15,FALSE,FALSE
407,34,141,144,129,141,144,129,141,144,129,3,-12,3,12,FALSE,FALSE
407,35,127,132,110,127,132,110,127,132,110,5,-17,5,17,FALSE,FALSE
407,36,105,116,92,105,116,92,105,116,92,11,-13,11,13,FALSE,FALSE
407,37,82,98,86,82,98,86,82,98,86,16,4,16,4,FALSE,FALSE
407,38,74,81,59,74,81,59,74,81,59,7,-15,7,15,FALSE,FALSE
407,39,62,69,41,62,69,41,62,69,41,7,-21,7,21,FALSE,FALSE
407,40,52,54,34,52,54,34,52,54,34,2,-18,2,18,FALSE,FALSE
407,41,42,48,25,42,48,25,42,48,25,6,-17,6,17,FALSE,FALSE
407,42,29,40,21,29,40,21,29,40,21,11,-8,11,8,FALSE,FALSE
407,43,22,30,18,22,30,18,22,30,18,8,-4,8,4,FALSE,FALSE
407,44,17,23,16,17,23,16,17,23,16,6,-1,6,1,FALSE,FALSE
407,45,12,20,15,12,20,15,12,20,15,8,3,8,3,FALSE,FALSE
407,46,9,18,11,9,18,11,9,18,11,9,2,9,2,FALSE,FALSE
407,47,8,17,6,8,17,6,8,17,6,9,-2,9,2,FALSE,FALSE
407,48,6,12,6,6,12,6,6,12,6,6,0,6,0,FALSE,TRUE
407,49,6,12,6,6,12,6,6,12,6,6,0,6,0,FALSE,TRUE
407,50,4,9,4,4,9,4,4,9,4,5,0,5,0,FALSE,TRUE
407,51,5,6,3,5,6,3,5,6,3,1,-2,1,2,FALSE,FALSE
407,52,5,5,2,5,5,2,5,5,2,0,-3,0,3,TRUE,FALSE
407,53,5,2,2,5,2,2,5,2,2,-3,-3,3,3,FALSE,FALSE
407,54,4,3,2,4,3,2,4,3,2,-1,-2,1,2,FALSE,FALSE
407,55,4,3,1,4,3,1,4,3,1,-1,-3,1,3,FALSE,FALSE
407,56,3,2,1,3,2,1,3,2,1,-1,-2,1,2,FALSE,FALSE
407,57,3,2,1,3,2,1,3,2,1,-1,-2,1,2,FALSE,FALSE
407,58,2,2,1,2,2,1,2,2,1,0,-1,0,1,TRUE,FALSE
407,59,2,2,0,2,2,0,2,2,0,0,-2,0,2,TRUE,FALSE
407,60,2,2,0,2,2,0,2,2,0,0,-2,0,2,TRUE,FALSE
408,0,83,83,83,83,83,83,83,83,83,0,0,0,0,TRUE,TRUE
408,1,91,96,96,91,96,96,91,96,96,5,5,5,5,FALSE,FALSE
408,2,106,101,116,106,101,116,106,101,116,-5,10,5,10,FALSE,FALSE
408,3,120,112,132,120,112,132,120,112,132,-8,12,8,12,FALSE,FALSE
408,4,139,127,159,139,127,159,139,127,159,-12,20,12,20,FALSE,FALSE
408,5,156,143,177,156,143,177,156,143,177,-13,21,13,21,FALSE,FALSE
408,6,176,160,199,176,160,199,176,160,199,-16,23,16,23,FALSE,FALSE
408,7,196,179,222,196,179,222,196,179,222,-17,26,17,26,FALSE,FALSE
408,8,218,201,256,218,201,256,218,201,256,-17,38,17,38,FALSE,FALSE
408,9,258,222,298,258,222,298,258,222,298,-36,40,36,40,FALSE,FALSE
408,10,288,256,337,288,256,337,288,256,337,-32,49,32,49,FALSE,FALSE
408,11,334,288,377,334,288,377,334,288,377,-46,43,46,43,FALSE,FALSE
408,12,384,329,442,384,329,442,384,329,442,-55,58,55,58,FALSE,FALSE
408,13,437,357,494,437,357,494,437,357,494,-80,57,80,57,FALSE,FALSE
408,14,490,403,545,490,403,545,490,403,545,-87,55,87,55,FALSE,FALSE
408,15,544,439,603,544,439,603,544,439,603,-105,59,105,59,FALSE,FALSE
408,16,612,482,665,612,482,665,612,482,665,-130,53,130,53,FALSE,FALSE
408,17,683,546,740,683,546,740,683,546,740,-137,57,137,57,FALSE,FALSE
408,18,740,602,801,740,602,801,740,602,801,-138,61,138,61,FALSE,FALSE
408,19,825,648,879,825,648,879,825,648,879,-177,54,177,54,FALSE,FALSE
408,20,876,712,957,876,712,957,876,712,957,-164,81,164,81,FALSE,FALSE
408,21,944,773,1011,944,773,1011,944,773,1011,-171,67,171,67,FALSE,FALSE
408,22,1002,826,1093,1002,826,1093,1002,826,1093,-176,91,176,91,FALSE,FALSE
408,23,1029,905,1157,1029,905,1157,1029,905,1157,-124,128,124,128,FALSE,FALSE
408,24,1091,955,1208,1091,955,1208,1091,955,1208,-136,117,136,117,FALSE,FALSE
408,25,1148,1037,1265,1148,1037,1265,1148,1037,1265,-111,117,111,117,FALSE,FALSE
408,26,1192,1109,1287,1192,1109,1287,1192,1109,1287,-83,95,83,95,FALSE,FALSE
408,27,1218,1128,1297,1218,1128,1297,1218,1128,1297,-90,79,90,79,FALSE,FALSE
408,28,1263,1164,1332,1263,1164,1332,1263,1164,1332,-99,69,99,69,FALSE,FALSE
408,29,1283,1194,1367,1283,1194,1367,1283,1194,1367,-89,84,89,84,FALSE,FALSE
408,30,1333,1239,1339,1333,1239,1339,1333,1239,1339,-94,6,94,6,FALSE,FALSE
408,31,1348,1255,1370,1348,1255,1370,1348,1255,1370,-93,22,93,22,FALSE,FALSE
408,32,1343,1264,1386,1343,1264,1386,1343,1264,1386,-79,43,79,43,FALSE,FALSE
408,33,1370,1273,1366,1370,1273,1366,1370,1273,1366,-97,-4,97,4,FALSE,FALSE
408,34,1323,1273,1349,1323,1273,1349,1323,1273,1349,-50,26,50,26,FALSE,FALSE
408,35,1305,1279,1314,1305,1279,1314,1305,1279,1314,-26,9,26,9,FALSE,FALSE
408,36,1288,1285,1270,1288,1285,1270,1288,1285,1270,-3,-18,3,18,FALSE,FALSE
408,37,1260,1283,1256,1260,1283,1256,1260,1283,1256,23,-4,23,4,FALSE,FALSE
408,38,1235,1272,1220,1235,1272,1220,1235,1272,1220,37,-15,37,15,FALSE,FALSE
408,39,1201,1240,1211,1201,1240,1211,1201,1240,1211,39,10,39,10,FALSE,FALSE
408,40,1162,1212,1177,1162,1212,1177,1162,1212,1177,50,15,50,15,FALSE,FALSE
408,41,1119,1168,1148,1119,1168,1148,1119,1168,1148,49,29,49,29,FALSE,FALSE
408,42,1068,1131,1133,1068,1131,1133,1068,1131,1133,63,65,63,65,FALSE,FALSE
408,43,1036,1085,1079,1036,1085,1079,1036,1085,1079,49,43,49,43,FALSE,FALSE
408,44,991,1028,1037,991,1028,1037,991,1028,1037,37,46,37,46,FALSE,FALSE
408,45,938,1001,1010,938,1001,1010,938,1001,1010,63,72,63,72,FALSE,FALSE
408,46,901,967,981,901,967,981,901,967,981,66,80,66,80,FALSE,FALSE
408,47,863,920,923,863,920,923,863,920,923,57,60,57,60,FALSE,FALSE
408,48,827,894,885,827,894,885,827,894,885,67,58,67,58,FALSE,FALSE
408,49,792,860,843,792,860,843,792,860,843,68,51,68,51,FALSE,FALSE
408,50,749,824,806,749,824,806,749,824,806,75,57,75,57,FALSE,FALSE
408,51,708,783,756,708,783,756,708,783,756,75,48,75,48,FALSE,FALSE
408,52,673,748,703,673,748,703,673,748,703,75,30,75,30,FALSE,FALSE
408,53,632,703,662,632,703,662,632,703,662,71,30,71,30,FALSE,FALSE
408,54,585,672,619,585,672,619,585,672,619,87,34,87,34,FALSE,FALSE
408,55,564,645,588,564,645,588,564,645,588,81,24,81,24,FALSE,FALSE
408,56,540,612,542,540,612,542,540,612,542,72,2,72,2,FALSE,FALSE
408,57,511,571,507,511,571,507,511,571,507,60,-4,60,4,FALSE,FALSE
408,58,473,540,486,473,540,486,473,540,486,67,13,67,13,FALSE,FALSE
408,59,448,500,460,448,500,460,448,500,460,52,12,52,12,FALSE,FALSE
408,60,418,470,429,418,470,429,418,470,429,52,11,52,11,FALSE,FALSE
409,0,171,171,171,171,171,171,171,171,171,0,0,0,0,TRUE,TRUE
409,1,229,204,214,229,204,214,229,204,214,-25,-15,25,15,FALSE,FALSE
409,2,306,259,262,306,259,262,306,259,262,-47,-44,47,44,FALSE,FALSE
409,3,375,310,330,375,310,330,375,310,330,-65,-45,65,45,FALSE,FALSE
409,4,472,367,402,472,367,402,472,367,402,-105,-70,105,70,FALSE,FALSE
409,5,571,453,486,571,453,486,571,453,486,-118,-85,118,85,FALSE,FALSE
409,6,692,530,620,692,530,620,692,530,620,-162,-72,162,72,FALSE,FALSE
409,7,826,642,744,826,642,744,826,642,744,-184,-82,184,82,FALSE,FALSE
409,8,979,779,872,979,779,872,979,779,872,-200,-107,200,107,FALSE,FALSE
409,9,1162,921,1020,1162,921,1020,1162,921,1020,-241,-142,241,142,FALSE,FALSE
409,10,1343,1083,1197,1343,1083,1197,1343,1083,1197,-260,-146,260,146,FALSE,FALSE
409,11,1558,1244,1404,1558,1244,1404,1558,1244,1404,-314,-154,314,154,FALSE,FALSE
409,12,1797,1460,1624,1797,1460,1624,1797,1460,1624,-337,-173,337,173,FALSE,FALSE
409,13,2044,1635,1873,2044,1635,1873,2044,1635,1873,-409,-171,409,171,FALSE,FALSE
409,14,2268,1891,2155,2268,1891,2155,2268,1891,2155,-377,-113,377,113,FALSE,FALSE
409,15,2495,2125,2410,2495,2125,2410,2495,2125,2410,-370,-85,370,85,FALSE,FALSE
409,16,2726,2358,2657,2726,2358,2657,2726,2358,2657,-368,-69,368,69,FALSE,FALSE
409,17,2934,2552,2871,2934,2552,2871,2934,2552,2871,-382,-63,382,63,FALSE,FALSE
409,18,3098,2735,3027,3098,2735,3027,3098,2735,3027,-363,-71,363,71,FALSE,FALSE
409,19,3245,2893,3202,3245,2893,3202,3245,2893,3202,-352,-43,352,43,FALSE,FALSE
409,20,3381,3040,3273,3381,3040,3273,3381,3040,3273,-341,-108,341,108,FALSE,FALSE
409,21,3413,3171,3291,3413,3171,3291,3413,3171,3291,-242,-122,242,122,FALSE,FALSE
409,22,3427,3226,3326,3427,3226,3326,3427,3226,3326,-201,-101,201,101,FALSE,FALSE
409,23,3392,3277,3350,3392,3277,3350,3392,3277,3350,-115,-42,115,42,FALSE,FALSE
409,24,3299,3270,3276,3299,3270,3276,3299,3270,3276,-29,-23,29,23,FALSE,FALSE
409,25,3249,3235,3193,3249,3235,3193,3249,3235,3193,-14,-56,14,56,FALSE,FALSE
409,26,3112,3220,3082,3112,3220,3082,3112,3220,3082,108,-30,108,30,FALSE,FALSE
409,27,2994,3148,2945,2994,3148,2945,2994,3148,2945,154,-49,154,49,FALSE,FALSE
409,28,2857,3042,2832,2857,3042,2832,2857,3042,2832,185,-25,185,25,FALSE,FALSE
409,29,2698,2903,2726,2698,2903,2726,2698,2903,2726,205,28,205,28,FALSE,FALSE
409,30,2543,2772,2580,2543,2772,2580,2543,2772,2580,229,37,229,37,FALSE,FALSE
409,31,2379,2645,2445,2379,2645,2445,2379,2645,2445,266,66,266,66,FALSE,FALSE
409,32,2229,2490,2300,2229,2490,2300,2229,2490,2300,261,71,261,71,FALSE,FALSE
409,33,2087,2353,2176,2087,2353,2176,2087,2353,2176,266,89,266,89,FALSE,FALSE
409,34,1947,2233,2043,1947,2233,2043,1947,2233,2043,286,96,286,96,FALSE,FALSE
409,35,1832,2080,1905,1832,2080,1905,1832,2080,1905,248,73,248,73,FALSE,FALSE
409,36,1697,1975,1805,1697,1975,1805,1697,1975,1805,278,108,278,108,FALSE,FALSE
409,37,1567,1853,1677,1567,1853,1677,1567,1853,1677,286,110,286,110,FALSE,FALSE
409,38,1453,1706,1562,1453,1706,1562,1453,1706,1562,253,109,253,109,FALSE,FALSE
409,39,1338,1573,1444,1338,1573,1444,1338,1573,1444,235,106,235,106,FALSE,FALSE
409,40,1240,1450,1331,1240,1450,1331,1240,1450,1331,210,91,210,91,FALSE,FALSE
409,41,1144,1320,1225,1144,1320,1225,1144,1320,1225,176,81,176,81,FALSE,FALSE
409,42,1058,1203,1142,1058,1203,1142,1058,1203,1142,145,84,145,84,FALSE,FALSE
409,43,975,1099,1050,975,1099,1050,975,1099,1050,124,75,124,75,FALSE,FALSE
409,44,906,1007,964,906,1007,964,906,1007,964,101,58,101,58,FALSE,FALSE
409,45,854,930,853,854,930,853,854,930,853,76,-1,76,1,FALSE,FALSE
409,46,801,862,780,801,862,780,801,862,780,61,-21,61,21,FALSE,FALSE
409,47,736,796,712,736,796,712,736,796,712,60,-24,60,24,FALSE,FALSE
409,48,674,736,662,674,736,662,674,736,662,62,-12,62,12,FALSE,FALSE
409,49,601,676,609,601,676,609,601,676,609,75,8,75,8,FALSE,FALSE
409,50,537,618,556,537,618,556,537,618,556,81,19,81,19,FALSE,FALSE
409,51,489,567,510,489,567,510,489,567,510,78,21,78,21,FALSE,FALSE
409,52,438,497,473,438,497,473,438,497,473,59,35,59,35,FALSE,FALSE
409,53,407,440,442,407,440,442,407,440,442,33,35,33,35,FALSE,FALSE
409,54,370,392,395,370,392,395,370,392,395,22,25,22,25,FALSE,FALSE
409,55,337,350,370,337,350,370,337,350,370,13,33,13,33,FALSE,FALSE
409,56,308,319,326,308,319,326,308,319,326,11,18,11,18,FALSE,FALSE
409,57,282,286,296,282,286,296,282,286,296,4,14,4,14,FALSE,FALSE
409,58,251,267,271,251,267,271,251,267,271,16,20,16,20,FALSE,FALSE
409,59,228,245,256,228,245,256,228,245,256,17,28,17,28,FALSE,FALSE
409,60,209,217,243,209,217,243,209,217,243,8,34,8,34,FALSE,FALSE
410,0,122,122,122,122,122,122,122,122,122,0,0,0,0,TRUE,TRUE
410,1,169,181,166,169,181,166,169,181,166,12,-3,12,3,FALSE,FALSE
410,2,249,247,252,249,247,252,249,247,252,-2,3,2,3,FALSE,FALSE
410,3,343,361,366,343,361,366,343,361,366,18,23,18,23,FALSE,FALSE
410,4,459,502,528,459,502,528,459,502,528,43,69,43,69,FALSE,FALSE
410,5,666,707,741,666,707,741,666,707,741,41,75,41,75,FALSE,FALSE
410,6,921,932,1011,921,932,1011,921,932,1011,11,90,11,90,FALSE,FALSE
410,7,1234,1244,1330,1234,1244,1330,1234,1244,1330,10,96,10,96,FALSE,FALSE
410,8,1606,1568,1690,1606,1568,1690,1606,1568,1690,-38,84,38,84,FALSE,FALSE
410,9,1928,1901,2031,1928,1901,2031,1928,1901,2031,-27,103,27,103,FALSE,FALSE
410,10,2201,2176,2356,2201,2176,2356,2201,2176,2356,-25,155,25,155,FALSE,FALSE
410,11,2447,2384,2517,2447,2384,2517,2447,2384,2517,-63,70,63,70,FALSE,FALSE
410,12,2560,2484,2573,2560,2484,2573,2560,2484,2573,-76,13,76,13,FALSE,FALSE
410,13,2574,2512,2541,2574,2512,2541,2574,2512,2541,-62,-33,62,33,FALSE,FALSE
410,14,2460,2433,2438,2460,2433,2438,2460,2433,2438,-27,-22,27,22,FALSE,FALSE
410,15,2305,2307,2282,2305,2307,2282,2305,2307,2282,2,-23,2,23,FALSE,FALSE
410,16,2094,2130,2111,2094,2130,2111,2094,2130,2111,36,17,36,17,FALSE,FALSE
410,17,1912,1935,1850,1912,1935,1850,1912,1935,1850,23,-62,23,62,FALSE,FALSE
410,18,1708,1720,1656,1708,1720,1656,1708,1720,1656,12,-52,12,52,FALSE,FALSE
410,19,1532,1543,1473,1532,1543,1473,1532,1543,1473,11,-59,11,59,FALSE,FALSE
410,20,1347,1329,1306,1347,1329,1306,1347,1329,1306,-18,-41,18,41,FALSE,FALSE
410,21,1136,1156,1154,1136,1156,1154,1136,1156,1154,20,18,20,18,FALSE,FALSE
410,22,998,996,997,998,996,997,998,996,997,-2,-1,2,1,FALSE,FALSE
410,23,847,854,850,847,854,850,847,854,850,7,3,7,3,FALSE,FALSE
410,24,745,737,731,745,737,731,745,737,731,-8,-14,8,14,FALSE,FALSE
410,25,637,632,646,637,632,646,637,632,646,-5,9,5,9,FALSE,FALSE
410,26,541,544,540,541,544,540,541,544,540,3,-1,3,1,FALSE,FALSE
410,27,471,465,449,471,465,449,471,465,449,-6,-22,6,22,FALSE,FALSE
410,28,426,396,382,426,396,382,426,396,382,-30,-44,30,44,FALSE,FALSE
410,29,382,347,316,382,347,316,382,347,316,-35,-66,35,66,FALSE,FALSE
410,30,327,295,277,327,295,277,327,295,277,-32,-50,32,50,FALSE,FALSE
410,31,274,265,245,274,265,245,274,265,245,-9,-29,9,29,FALSE,FALSE
410,32,242,230,214,242,230,214,242,230,214,-12,-28,12,28,FALSE,FALSE
410,33,199,196,182,199,196,182,199,196,182,-3,-17,3,17,FALSE,FALSE
410,34,170,174,148,170,174,148,170,174,148,4,-22,4,22,FALSE,FALSE
410,35,149,143,126,149,143,126,149,143,126,-6,-23,6,23,FALSE,FALSE
410,36,125,119,110,125,119,110,125,119,110,-6,-15,6,15,FALSE,FALSE
410,37,108,103,90,108,103,90,108,103,90,-5,-18,5,18,FALSE,FALSE
410,38,95,91,77,95,91,77,95,91,77,-4,-18,4,18,FALSE,FALSE
410,39,81,76,70,81,76,70,81,76,70,-5,-11,5,11,FALSE,FALSE
410,40,74,62,59,74,62,59,74,62,59,-12,-15,12,15,FALSE,FALSE
410,41,55,54,51,55,54,51,55,54,51,-1,-4,1,4,FALSE,FALSE
410,42,50,45,44,50,45,44,50,45,44,-5,-6,5,6,FALSE,FALSE
410,43,40,37,42,40,37,42,40,37,42,-3,2,3,2,FALSE,FALSE
410,44,34,32,35,34,32,35,34,32,35,-2,1,2,1,FALSE,FALSE
410,45,30,30,29,30,30,29,30,30,29,0,-1,0,1,TRUE,FALSE
410,46,23,28,24,23,28,24,23,28,24,5,1,5,1,FALSE,FALSE
410,47,18,21,23,18,21,23,18,21,23,3,5,3,5,FALSE,FALSE
410,48,16,19,21,16,19,21,16,19,21,3,5,3,5,FALSE,FALSE
410,49,15,14,15,15,14,15,15,14,15,-1,0,1,0,FALSE,TRUE
410,50,11,13,12,11,13,12,11,13,12,2,1,2,1,FALSE,FALSE
410,51,10,9,9,10,9,9,10,9,9,-1,-1,1,1,FALSE,FALSE
410,52,6,8,5,6,8,5,6,8,5,2,-1,2,1,FALSE,FALSE
410,53,4,6,5,4,6,5,4,6,5,2,1,2,1,FALSE,FALSE
410,54,3,5,2,3,5,2,3,5,2,2,-1,2,1,FALSE,FALSE
410,55,3,5,2,3,5,2,3,5,2,2,-1,2,1,FALSE,FALSE
410,56,3,4,1,3,4,1,3,4,1,1,-2,1,2,FALSE,FALSE
410,57,2,4,1,2,4,1,2,4,1,2,-1,2,1,FALSE,FALSE
410,58,2,4,1,2,4,1,2,4,1,2,-1,2,1,FALSE,FALSE
410,59,0,4,1,0,4,1,0,4,1,4,1,4,1,FALSE,FALSE
410,60,0,4,1,0,4,1,0,4,1,4,1,4,1,FALSE,FALSE
411,0,77,77,77,77,77,77,77,77,77,0,0,0,0,TRUE,TRUE
411,1,77,80,85,77,80,85,77,80,85,3,8,3,8,FALSE,FALSE
411,2,80,90,86,80,90,86,80,90,86,10,6,10,6,FALSE,FALSE
411,3,86,92,89,86,92,89,86,92,89,6,3,6,3,FALSE,FALSE
411,4,90,95,91,90,95,91,90,95,91,5,1,5,1,FALSE,FALSE
411,5,94,104,92,94,104,92,94,104,92,10,-2,10,2,FALSE,FALSE
411,6,99,103,95,99,103,95,99,103,95,4,-4,4,4,FALSE,FALSE
411,7,98,106,98,98,106,98,98,106,98,8,0,8,0,FALSE,TRUE
411,8,110,113,99,110,113,99,110,113,99,3,-11,3,11,FALSE,FALSE
411,9,112,112,109,112,112,109,112,112,109,0,-3,0,3,TRUE,FALSE
411,10,105,120,121,105,120,121,105,120,121,15,16,15,16,FALSE,FALSE
411,11,106,122,125,106,122,125,106,122,125,16,19,16,19,FALSE,FALSE
411,12,110,136,126,110,136,126,110,136,126,26,16,26,16,FALSE,FALSE
411,13,111,139,143,111,139,143,111,139,143,28,32,28,32,FALSE,FALSE
411,14,116,143,152,116,143,152,116,143,152,27,36,27,36,FALSE,FALSE
411,15,132,152,161,132,152,161,132,152,161,20,29,20,29,FALSE,FALSE
411,16,139,162,173,139,162,173,139,162,173,23,34,23,34,FALSE,FALSE
411,17,147,167,176,147,167,176,147,167,176,20,29,20,29,FALSE,FALSE
411,18,151,179,185,151,179,185,151,179,185,28,34,28,34,FALSE,FALSE
411,19,151,172,202,151,172,202,151,172,202,21,51,21,51,FALSE,FALSE
411,20,163,188,219,163,188,219,163,188,219,25,56,25,56,FALSE,FALSE
411,21,170,194,236,170,194,236,170,194,236,24,66,24,66,FALSE,FALSE
411,22,169,196,245,169,196,245,169,196,245,27,76,27,76,FALSE,FALSE
411,23,177,216,254,177,216,254,177,216,254,39,77,39,77,FALSE,FALSE
411,24,189,229,258,189,229,258,189,229,258,40,69,40,69,FALSE,FALSE
411,25,199,230,268,199,230,268,199,230,268,31,69,31,69,FALSE,FALSE
411,26,208,240,280,208,240,280,208,240,280,32,72,32,72,FALSE,FALSE
411,27,226,257,292,226,257,292,226,257,292,31,66,31,66,FALSE,FALSE
411,28,236,279,317,236,279,317,236,279,317,43,81,43,81,FALSE,FALSE
411,29,251,275,335,251,275,335,251,275,335,24,84,24,84,FALSE,FALSE
411,30,256,277,361,256,277,361,256,277,361,21,105,21,105,FALSE,FALSE
411,31,270,277,383,270,277,383,270,277,383,7,113,7,113,FALSE,FALSE
411,32,285,287,409,285,287,409,285,287,409,2,124,2,124,FALSE,FALSE
411,33,302,295,418,302,295,418,302,295,418,-7,116,7,116,FALSE,FALSE
411,34,309,301,433,309,301,433,309,301,433,-8,124,8,124,FALSE,FALSE
411,35,326,323,463,326,323,463,326,323,463,-3,137,3,137,FALSE,FALSE
411,36,349,343,494,349,343,494,349,343,494,-6,145,6,145,FALSE,FALSE
411,37,367,358,509,367,358,509,367,358,509,-9,142,9,142,FALSE,FALSE
411,38,382,381,527,382,381,527,382,381,527,-1,145,1,145,FALSE,FALSE
411,39,389,388,527,389,388,527,389,388,527,-1,138,1,138,FALSE,FALSE
411,40,405,400,551,405,400,551,405,400,551,-5,146,5,146,FALSE,FALSE
411,41,425,417,572,425,417,572,425,417,572,-8,147,8,147,FALSE,FALSE
411,42,427,430,582,427,430,582,427,430,582,3,155,3,155,FALSE,FALSE
411,43,435,470,573,435,470,573,435,470,573,35,138,35,138,FALSE,FALSE
411,44,449,471,572,449,471,572,449,471,572,22,123,22,123,FALSE,FALSE
411,45,454,491,569,454,491,569,454,491,569,37,115,37,115,FALSE,FALSE
411,46,454,503,579,454,503,579,454,503,579,49,125,49,125,FALSE,FALSE
411,47,483,528,582,483,528,582,483,528,582,45,99,45,99,FALSE,FALSE
411,48,482,549,587,482,549,587,482,549,587,67,105,67,105,FALSE,FALSE
411,49,488,568,601,488,568,601,488,568,601,80,113,80,113,FALSE,FALSE
411,50,492,589,599,492,589,599,492,589,599,97,107,97,107,FALSE,FALSE
411,51,503,618,628,503,618,628,503,618,628,115,125,115,125,FALSE,FALSE
411,52,515,621,629,515,621,629,515,621,629,106,114,106,114,FALSE,FALSE
411,53,541,623,633,541,623,633,541,623,633,82,92,82,92,FALSE,FALSE
411,54,542,635,639,542,635,639,542,635,639,93,97,93,97,FALSE,FALSE
411,55,560,628,624,560,628,624,560,628,624,68,64,68,64,FALSE,FALSE
411,56,573,629,628,573,629,628,573,629,628,56,55,56,55,FALSE,FALSE
411,57,587,649,628,587,649,628,587,649,628,62,41,62,41,FALSE,FALSE
411,58,587,631,619,587,631,619,587,631,619,44,32,44,32,FALSE,FALSE
411,59,589,620,631,589,620,631,589,620,631,31,42,31,42,FALSE,FALSE
411,60,606,639,640,606,639,640,606,639,640,33,34,33,34,FALSE,FALSE
412,0,94,94,94,94,94,94,94,94,94,0,0,0,0,TRUE,TRUE
412,1,110,120,114,110,120,114,110,120,114,10,4,10,4,FALSE,FALSE
412,2,129,131,135,129,131,135,129,131,135,2,6,2,6,FALSE,FALSE
412,3,150,153,159,150,153,159,150,153,159,3,9,3,9,FALSE,FALSE
412,4,186,174,175,186,174,175,186,174,175,-12,-11,12,11,FALSE,FALSE
412,5,197,200,182,197,200,182,197,200,182,3,-15,3,15,FALSE,FALSE
412,6,232,239,203,232,239,203,232,239,203,7,-29,7,29,FALSE,FALSE
412,7,271,286,244,271,286,244,271,286,244,15,-27,15,27,FALSE,FALSE
412,8,307,321,287,307,321,287,307,321,287,14,-20,14,20,FALSE,FALSE
412,9,350,374,323,350,374,323,350,374,323,24,-27,24,27,FALSE,FALSE
412,10,412,433,356,412,433,356,412,433,356,21,-56,21,56,FALSE,FALSE
412,11,484,494,399,484,494,399,484,494,399,10,-85,10,85,FALSE,FALSE
412,12,547,563,467,547,563,467,547,563,467,16,-80,16,80,FALSE,FALSE
412,13,610,646,531,610,646,531,610,646,531,36,-79,36,79,FALSE,FALSE
412,14,689,722,596,689,722,596,689,722,596,33,-93,33,93,FALSE,FALSE
412,15,752,810,667,752,810,667,752,810,667,58,-85,58,85,FALSE,FALSE
412,16,851,930,756,851,930,756,851,930,756,79,-95,79,95,FALSE,FALSE
412,17,929,1009,865,929,1009,865,929,1009,865,80,-64,80,64,FALSE,FALSE
412,18,1025,1099,954,1025,1099,954,1025,1099,954,74,-71,74,71,FALSE,FALSE
412,19,1122,1215,1028,1122,1215,1028,1122,1215,1028,93,-94,93,94,FALSE,FALSE
412,20,1198,1327,1124,1198,1327,1124,1198,1327,1124,129,-74,129,74,FALSE,FALSE
412,21,1289,1428,1176,1289,1428,1176,1289,1428,1176,139,-113,139,113,FALSE,FALSE
412,22,1384,1529,1254,1384,1529,1254,1384,1529,1254,145,-130,145,130,FALSE,FALSE
412,23,1499,1595,1378,1499,1595,1378,1499,1595,1378,96,-121,96,121,FALSE,FALSE
412,24,1589,1699,1464,1589,1699,1464,1589,1699,1464,110,-125,110,125,FALSE,FALSE
412,25,1671,1767,1561,1671,1767,1561,1671,1767,1561,96,-110,96,110,FALSE,FALSE
412,26,1724,1823,1622,1724,1823,1622,1724,1823,1622,99,-102,99,102,FALSE,FALSE
412,27,1762,1882,1667,1762,1882,1667,1762,1882,1667,120,-95,120,95,FALSE,FALSE
412,28,1778,1897,1710,1778,1897,1710,1778,1897,1710,119,-68,119,68,FALSE,FALSE
412,29,1779,1882,1730,1779,1882,1730,1779,1882,1730,103,-49,103,49,FALSE,FALSE
412,30,1806,1887,1722,1806,1887,1722,1806,1887,1722,81,-84,81,84,FALSE,FALSE
412,31,1805,1890,1729,1805,1890,1729,1805,1890,1729,85,-76,85,76,FALSE,FALSE
412,32,1791,1891,1763,1791,1891,1763,1791,1891,1763,100,-28,100,28,FALSE,FALSE
412,33,1762,1865,1718,1762,1865,1718,1762,1865,1718,103,-44,103,44,FALSE,FALSE
412,34,1737,1807,1683,1737,1807,1683,1737,1807,1683,70,-54,70,54,FALSE,FALSE
412,35,1684,1775,1663,1684,1775,1663,1684,1775,1663,91,-21,91,21,FALSE,FALSE
412,36,1645,1712,1613,1645,1712,1613,1645,1712,1613,67,-32,67,32,FALSE,FALSE
412,37,1638,1639,1581,1638,1639,1581,1638,1639,1581,1,-57,1,57,FALSE,FALSE
412,38,1594,1588,1553,1594,1588,1553,1594,1588,1553,-6,-41,6,41,FALSE,FALSE
412,39,1552,1501,1489,1552,1501,1489,1552,1501,1489,-51,-63,51,63,FALSE,FALSE
412,40,1492,1449,1431,1492,1449,1431,1492,1449,1431,-43,-61,43,61,FALSE,FALSE
412,41,1432,1388,1372,1432,1388,1372,1432,1388,1372,-44,-60,44,60,FALSE,FALSE
412,42,1370,1316,1325,1370,1316,1325,1370,1316,1325,-54,-45,54,45,FALSE,FALSE
412,43,1303,1261,1278,1303,1261,1278,1303,1261,1278,-42,-25,42,25,FALSE,FALSE
412,44,1246,1203,1231,1246,1203,1231,1246,1203,1231,-43,-15,43,15,FALSE,FALSE
412,45,1176,1146,1178,1176,1146,1178,1176,1146,1178,-30,2,30,2,FALSE,FALSE
412,46,1120,1087,1133,1120,1087,1133,1120,1087,1133,-33,13,33,13,FALSE,FALSE
412,47,1067,1034,1071,1067,1034,1071,1067,1034,1071,-33,4,33,4,FALSE,FALSE
412,48,1004,953,1002,1004,953,1002,1004,953,1002,-51,-2,51,2,FALSE,FALSE
412,49,942,898,951,942,898,951,942,898,951,-44,9,44,9,FALSE,FALSE
412,50,883,837,901,883,837,901,883,837,901,-46,18,46,18,FALSE,FALSE
412,51,832,802,835,832,802,835,832,802,835,-30,3,30,3,FALSE,FALSE
412,52,783,759,778,783,759,778,783,759,778,-24,-5,24,5,FALSE,FALSE
412,53,727,724,755,727,724,755,727,724,755,-3,28,3,28,FALSE,FALSE
412,54,673,677,701,673,677,701,673,677,701,4,28,4,28,FALSE,FALSE
412,55,621,644,664,621,644,664,621,644,664,23,43,23,43,FALSE,FALSE
412,56,585,606,631,585,606,631,585,606,631,21,46,21,46,FALSE,FALSE
412,57,540,567,595,540,567,595,540,567,595,27,55,27,55,FALSE,FALSE
412,58,510,515,574,510,515,574,510,515,574,5,64,5,64,FALSE,FALSE
412,59,470,481,543,470,481,543,470,481,543,11,73,11,73,FALSE,FALSE
412,60,438,457,511,438,457,511,438,457,511,19,73,19,73,FALSE,FALSE
413,0,86,86,86,86,86,86,86,86,86,0,0,0,0,TRUE,TRUE
413,1,89,89,93,89,89,93,89,89,93,0,4,0,4,TRUE,FALSE
413,2,92,98,110,92,98,110,92,98,110,6,18,6,18,FALSE,FALSE
413,3,93,97,111,93,97,111,93,97,111,4,18,4,18,FALSE,FALSE
413,4,94,95,110,94,95,110,94,95,110,1,16,1,16,FALSE,FALSE
413,5,93,98,117,93,98,117,93,98,117,5,24,5,24,FALSE,FALSE
413,6,105,114,117,105,114,117,105,114,117,9,12,9,12,FALSE,FALSE
413,7,109,116,114,109,116,114,109,116,114,7,5,7,5,FALSE,FALSE
413,8,109,126,121,109,126,121,109,126,121,17,12,17,12,FALSE,FALSE
413,9,105,126,123,105,126,123,105,126,123,21,18,21,18,FALSE,FALSE
413,10,106,119,126,106,119,126,106,119,126,13,20,13,20,FALSE,FALSE
413,11,97,126,128,97,126,128,97,126,128,29,31,29,31,FALSE,FALSE
413,12,105,139,131,105,139,131,105,139,131,34,26,34,26,FALSE,FALSE
413,13,109,142,143,109,142,143,109,142,143,33,34,33,34,FALSE,FALSE
413,14,108,160,147,108,160,147,108,160,147,52,39,52,39,FALSE,FALSE
413,15,101,166,159,101,166,159,101,166,159,65,58,65,58,FALSE,FALSE
413,16,100,162,166,100,162,166,100,162,166,62,66,62,66,FALSE,FALSE
413,17,94,174,163,94,174,163,94,174,163,80,69,80,69,FALSE,FALSE
413,18,102,191,158,102,191,158,102,191,158,89,56,89,56,FALSE,FALSE
413,19,106,192,162,106,192,162,106,192,162,86,56,86,56,FALSE,FALSE
413,20,111,194,163,111,194,163,111,194,163,83,52,83,52,FALSE,FALSE
413,21,119,213,165,119,213,165,119,213,165,94,46,94,46,FALSE,FALSE
413,22,117,220,165,117,220,165,117,220,165,103,48,103,48,FALSE,FALSE
413,23,109,234,167,109,234,167,109,234,167,125,58,125,58,FALSE,FALSE
413,24,113,238,176,113,238,176,113,238,176,125,63,125,63,FALSE,FALSE
413,25,127,227,184,127,227,184,127,227,184,100,57,100,57,FALSE,FALSE
413,26,125,225,196,125,225,196,125,225,196,100,71,100,71,FALSE,FALSE
413,27,131,229,204,131,229,204,131,229,204,98,73,98,73,FALSE,FALSE
413,28,136,219,213,136,219,213,136,219,213,83,77,83,77,FALSE,FALSE
413,29,140,211,217,140,211,217,140,211,217,71,77,71,77,FALSE,FALSE
413,30,146,189,234,146,189,234,146,189,234,43,88,43,88,FALSE,FALSE
413,31,147,186,240,147,186,240,147,186,240,39,93,39,93,FALSE,FALSE
413,32,133,170,236,133,170,236,133,170,236,37,103,37,103,FALSE,FALSE
413,33,139,169,231,139,169,231,139,169,231,30,92,30,92,FALSE,FALSE
413,34,139,161,227,139,161,227,139,161,227,22,88,22,88,FALSE,FALSE
413,35,139,167,229,139,167,229,139,167,229,28,90,28,90,FALSE,FALSE
413,36,138,157,220,138,157,220,138,157,220,19,82,19,82,FALSE,FALSE
413,37,142,154,227,142,154,227,142,154,227,12,85,12,85,FALSE,FALSE
413,38,134,157,219,134,157,219,134,157,219,23,85,23,85,FALSE,FALSE
413,39,136,162,205,136,162,205,136,162,205,26,69,26,69,FALSE,FALSE
413,40,136,146,208,136,146,208,136,146,208,10,72,10,72,FALSE,FALSE
413,41,142,144,200,142,144,200,142,144,200,2,58,2,58,FALSE,FALSE
413,42,137,137,197,137,137,197,137,137,197,0,60,0,60,TRUE,FALSE
413,43,145,118,190,145,118,190,145,118,190,-27,45,27,45,FALSE,FALSE
413,44,141,111,187,141,111,187,141,111,187,-30,46,30,46,FALSE,FALSE
413,45,148,101,180,148,101,180,148,101,180,-47,32,47,32,FALSE,FALSE
413,46,147,95,173,147,95,173,147,95,173,-52,26,52,26,FALSE,FALSE
413,47,146,88,166,146,88,166,146,88,166,-58,20,58,20,FALSE,FALSE
413,48,142,75,159,142,75,159,142,75,159,-67,17,67,17,FALSE,FALSE
413,49,144,65,149,144,65,149,144,65,149,-79,5,79,5,FALSE,FALSE
413,50,139,62,150,139,62,150,139,62,150,-77,11,77,11,FALSE,FALSE
413,51,144,58,144,144,58,144,144,58,144,-86,0,86,0,FALSE,TRUE
413,52,147,47,149,147,47,149,147,47,149,-100,2,100,2,FALSE,FALSE
413,53,139,40,139,139,40,139,139,40,139,-99,0,99,0,FALSE,TRUE
413,54,125,42,131,125,42,131,125,42,131,-83,6,83,6,FALSE,FALSE
413,55,120,38,122,120,38,122,120,38,122,-82,2,82,2,FALSE,FALSE
413,56,122,34,116,122,34,116,122,34,116,-88,-6,88,6,FALSE,FALSE
413,57,120,37,122,120,37,122,120,37,122,-83,2,83,2,FALSE,FALSE
413,58,124,37,123,124,37,123,124,37,123,-87,-1,87,1,FALSE,FALSE
413,59,124,41,130,124,41,130,124,41,130,-83,6,83,6,FALSE,FALSE
413,60,118,43,126,118,43,126,118,43,126,-75,8,75,8,FALSE,FALSE
414,0,92,92,92,92,92,92,92,92,92,0,0,0,0,TRUE,TRUE
414,1,90,95,98,90,95,98,90,95,98,5,8,5,8,FALSE,FALSE
414,2,96,91,105,96,91,105,96,91,105,-5,9,5,9,FALSE,FALSE
414,3,94,91,114,94,91,114,94,91,114,-3,20,3,20,FALSE,FALSE
414,4,98,93,121,98,93,121,98,93,121,-5,23,5,23,FALSE,FALSE
414,5,101,111,125,101,111,125,101,111,125,10,24,10,24,FALSE,FALSE
414,6,102,117,131,102,117,131,102,117,131,15,29,15,29,FALSE,FALSE
414,7,101,117,140,101,117,140,101,117,140,16,39,16,39,FALSE,FALSE
414,8,104,121,136,104,121,136,104,121,136,17,32,17,32,FALSE,FALSE
414,9,106,123,155,106,123,155,106,123,155,17,49,17,49,FALSE,FALSE
414,10,120,135,170,120,135,170,120,135,170,15,50,15,50,FALSE,FALSE
414,11,129,157,185,129,157,185,129,157,185,28,56,28,56,FALSE,FALSE
414,12,132,164,189,132,164,189,132,164,189,32,57,32,57,FALSE,FALSE
414,13,132,163,196,132,163,196,132,163,196,31,64,31,64,FALSE,FALSE
414,14,140,177,209,140,177,209,140,177,209,37,69,37,69,FALSE,FALSE
414,15,141,184,218,141,184,218,141,184,218,43,77,43,77,FALSE,FALSE
414,16,158,192,214,158,192,214,158,192,214,34,56,34,56,FALSE,FALSE
414,17,169,209,211,169,209,211,169,209,211,40,42,40,42,FALSE,FALSE
414,18,174,213,212,174,213,212,174,213,212,39,38,39,38,FALSE,FALSE
414,19,179,223,208,179,223,208,179,223,208,44,29,44,29,FALSE,FALSE
414,20,188,216,224,188,216,224,188,216,224,28,36,28,36,FALSE,FALSE
414,21,195,224,229,195,224,229,195,224,229,29,34,29,34,FALSE,FALSE
414,22,209,235,236,209,235,236,209,235,236,26,27,26,27,FALSE,FALSE
414,23,214,230,247,214,230,247,214,230,247,16,33,16,33,FALSE,FALSE
414,24,228,264,259,228,264,259,228,264,259,36,31,36,31,FALSE,FALSE
414,25,234,274,274,234,274,274,234,274,274,40,40,40,40,FALSE,FALSE
414,26,245,277,285,245,277,285,245,277,285,32,40,32,40,FALSE,FALSE
414,27,241,272,293,241,272,293,241,272,293,31,52,31,52,FALSE,FALSE
414,28,243,268,305,243,268,305,243,268,305,25,62,25,62,FALSE,FALSE
414,29,248,280,316,248,280,316,248,280,316,32,68,32,68,FALSE,FALSE
414,30,259,292,335,259,292,335,259,292,335,33,76,33,76,FALSE,FALSE
414,31,273,297,349,273,297,349,273,297,349,24,76,24,76,FALSE,FALSE
414,32,274,322,351,274,322,351,274,322,351,48,77,48,77,FALSE,FALSE
414,33,271,315,362,271,315,362,271,315,362,44,91,44,91,FALSE,FALSE
414,34,271,322,368,271,322,368,271,322,368,51,97,51,97,FALSE,FALSE
414,35,284,346,382,284,346,382,284,346,382,62,98,62,98,FALSE,FALSE
414,36,296,351,401,296,351,401,296,351,401,55,105,55,105,FALSE,FALSE
414,37,306,357,419,306,357,419,306,357,419,51,113,51,113,FALSE,FALSE
414,38,319,363,437,319,363,437,319,363,437,44,118,44,118,FALSE,FALSE
414,39,339,379,440,339,379,440,339,379,440,40,101,40,101,FALSE,FALSE
414,40,355,384,460,355,384,460,355,384,460,29,105,29,105,FALSE,FALSE
414,41,362,403,459,362,403,459,362,403,459,41,97,41,97,FALSE,FALSE
414,42,365,415,461,365,415,461,365,415,461,50,96,50,96,FALSE,FALSE
414,43,374,431,464,374,431,464,374,431,464,57,90,57,90,FALSE,FALSE
414,44,375,427,462,375,427,462,375,427,462,52,87,52,87,FALSE,FALSE
414,45,382,430,473,382,430,473,382,430,473,48,91,48,91,FALSE,FALSE
414,46,389,423,487,389,423,487,389,423,487,34,98,34,98,FALSE,FALSE
414,47,402,444,497,402,444,497,402,444,497,42,95,42,95,FALSE,FALSE
414,48,404,445,514,404,445,514,404,445,514,41,110,41,110,FALSE,FALSE
414,49,408,465,521,408,465,521,408,465,521,57,113,57,113,FALSE,FALSE
414,50,410,455,542,410,455,542,410,455,542,45,132,45,132,FALSE,FALSE
414,51,410,452,529,410,452,529,410,452,529,42,119,42,119,FALSE,FALSE
414,52,410,460,536,410,460,536,410,460,536,50,126,50,126,FALSE,FALSE
414,53,415,456,540,415,456,540,415,456,540,41,125,41,125,FALSE,FALSE
414,54,423,461,542,423,461,542,423,461,542,38,119,38,119,FALSE,FALSE
414,55,434,470,540,434,470,540,434,470,540,36,106,36,106,FALSE,FALSE
414,56,456,451,532,456,451,532,456,451,532,-5,76,5,76,FALSE,FALSE
414,57,455,429,533,455,429,533,455,429,533,-26,78,26,78,FALSE,FALSE
414,58,469,423,519,469,423,519,469,423,519,-46,50,46,50,FALSE,FALSE
414,59,480,420,502,480,420,502,480,420,502,-60,22,60,22,FALSE,FALSE
414,60,478,408,502,478,408,502,478,408,502,-70,24,70,24,FALSE,FALSE
415,0,57,57,57,57,57,57,57,57,57,0,0,0,0,TRUE,TRUE
415,1,82,88,90,82,88,90,82,88,90,6,8,6,8,FALSE,FALSE
415,2,119,127,139,119,127,139,119,127,139,8,20,8,20,FALSE,FALSE
415,3,167,182,206,167,182,206,167,182,206,15,39,15,39,FALSE,FALSE
415,4,240,273,303,240,273,303,240,273,303,33,63,33,63,FALSE,FALSE
415,5,365,373,454,365,373,454,365,373,454,8,89,8,89,FALSE,FALSE
415,6,492,537,629,492,537,629,492,537,629,45,137,45,137,FALSE,FALSE
415,7,667,724,821,667,724,821,667,724,821,57,154,57,154,FALSE,FALSE
415,8,892,965,1079,892,965,1079,892,965,1079,73,187,73,187,FALSE,FALSE
415,9,1135,1210,1347,1135,1210,1347,1135,1210,1347,75,212,75,212,FALSE,FALSE
415,10,1434,1470,1608,1434,1470,1608,1434,1470,1608,36,174,36,174,FALSE,FALSE
415,11,1684,1730,1796,1684,1730,1796,1684,1730,1796,46,112,46,112,FALSE,FALSE
415,12,1844,1940,1994,1844,1940,1994,1844,1940,1994,96,150,96,150,FALSE,FALSE
415,13,1998,2022,2070,1998,2022,2070,1998,2022,2070,24,72,24,72,FALSE,FALSE
415,14,2014,2017,2032,2014,2017,2032,2014,2017,2032,3,18,3,18,FALSE,FALSE
415,15,1954,1969,1971,1954,1969,1971,1954,1969,1971,15,17,15,17,FALSE,FALSE
415,16,1893,1868,1851,1893,1868,1851,1893,1868,1851,-25,-42,25,42,FALSE,FALSE
415,17,1776,1770,1727,1776,1770,1727,1776,1770,1727,-6,-49,6,49,FALSE,FALSE
415,18,1633,1653,1573,1633,1653,1573,1633,1653,1573,20,-60,20,60,FALSE,FALSE
415,19,1483,1501,1432,1483,1501,1432,1483,1501,1432,18,-51,18,51,FALSE,FALSE
415,20,1308,1352,1272,1308,1352,1272,1308,1352,1272,44,-36,44,36,FALSE,FALSE
415,21,1147,1222,1115,1147,1222,1115,1147,1222,1115,75,-32,75,32,FALSE,FALSE
415,22,997,1073,996,997,1073,996,997,1073,996,76,-1,76,1,FALSE,FALSE
415,23,875,941,884,875,941,884,875,941,884,66,9,66,9,FALSE,FALSE
415,24,781,811,777,781,811,777,781,811,777,30,-4,30,4,FALSE,FALSE
415,25,690,733,668,690,733,668,690,733,668,43,-22,43,22,FALSE,FALSE
415,26,594,629,570,594,629,570,594,629,570,35,-24,35,24,FALSE,FALSE
415,27,518,547,484,518,547,484,518,547,484,29,-34,29,34,FALSE,FALSE
415,28,462,467,415,462,467,415,462,467,415,5,-47,5,47,FALSE,FALSE
415,29,408,416,357,408,416,357,408,416,357,8,-51,8,51,FALSE,FALSE
415,30,359,364,306,359,364,306,359,364,306,5,-53,5,53,FALSE,FALSE
415,31,310,322,259,310,322,259,310,322,259,12,-51,12,51,FALSE,FALSE
415,32,275,276,228,275,276,228,275,276,228,1,-47,1,47,FALSE,FALSE
415,33,240,236,206,240,236,206,240,236,206,-4,-34,4,34,FALSE,FALSE
415,34,207,204,174,207,204,174,207,204,174,-3,-33,3,33,FALSE,FALSE
415,35,176,174,156,176,174,156,176,174,156,-2,-20,2,20,FALSE,FALSE
415,36,156,145,133,156,145,133,156,145,133,-11,-23,11,23,FALSE,FALSE
415,37,137,135,122,137,135,122,137,135,122,-2,-15,2,15,FALSE,FALSE
415,38,123,112,100,123,112,100,123,112,100,-11,-23,11,23,FALSE,FALSE
415,39,104,91,81,104,91,81,104,91,81,-13,-23,13,23,FALSE,FALSE
415,40,89,73,71,89,73,71,89,73,71,-16,-18,16,18,FALSE,FALSE
415,41,79,60,58,79,60,58,79,60,58,-19,-21,19,21,FALSE,FALSE
415,42,68,51,49,68,51,49,68,51,49,-17,-19,17,19,FALSE,FALSE
415,43,56,39,43,56,39,43,56,39,43,-17,-13,17,13,FALSE,FALSE
415,44,46,35,34,46,35,34,46,35,34,-11,-12,11,12,FALSE,FALSE
415,45,42,28,24,42,28,24,42,28,24,-14,-18,14,18,FALSE,FALSE
415,46,38,24,22,38,24,22,38,24,22,-14,-16,14,16,FALSE,FALSE
415,47,34,20,21,34,20,21,34,20,21,-14,-13,14,13,FALSE,FALSE
415,48,31,21,20,31,21,20,31,21,20,-10,-11,10,11,FALSE,FALSE
415,49,28,20,17,28,20,17,28,20,17,-8,-11,8,11,FALSE,FALSE
415,50,28,16,15,28,16,15,28,16,15,-12,-13,12,13,FALSE,FALSE
415,51,26,13,12,26,13,12,26,13,12,-13,-14,13,14,FALSE,FALSE
415,52,25,12,9,25,12,9,25,12,9,-13,-16,13,16,FALSE,FALSE
415,53,17,9,9,17,9,9,17,9,9,-8,-8,8,8,FALSE,FALSE
415,54,16,8,7,16,8,7,16,8,7,-8,-9,8,9,FALSE,FALSE
415,55,14,8,6,14,8,6,14,8,6,-6,-8,6,8,FALSE,FALSE
415,56,12,7,4,12,7,4,12,7,4,-5,-8,5,8,FALSE,FALSE
415,57,11,7,3,11,7,3,11,7,3,-4,-8,4,8,FALSE,FALSE
415,58,9,6,3,9,6,3,9,6,3,-3,-6,3,6,FALSE,FALSE
415,59,8,5,3,8,5,3,8,5,3,-3,-5,3,5,FALSE,FALSE
415,60,5,4,3,5,4,3,5,4,3,-1,-2,1,2,FALSE,FALSE
416,0,99,99,99,99,99,99,99,99,99,0,0,0,0,TRUE,TRUE
416,1,106,106,108,106,106,108,106,106,108,0,2,0,2,TRUE,FALSE
416,2,117,114,111,117,114,111,117,114,111,-3,-6,3,6,FALSE,FALSE
416,3,123,129,115,123,129,115,123,129,115,6,-8,6,8,FALSE,FALSE
416,4,133,147,122,133,147,122,133,147,122,14,-11,14,11,FALSE,FALSE
416,5,138,162,124,138,162,124,138,162,124,24,-14,24,14,FALSE,FALSE
416,6,138,174,126,138,174,126,138,174,126,36,-12,36,12,FALSE,FALSE
416,7,146,190,139,146,190,139,146,190,139,44,-7,44,7,FALSE,FALSE
416,8,156,205,153,156,205,153,156,205,153,49,-3,49,3,FALSE,FALSE
416,9,174,227,157,174,227,157,174,227,157,53,-17,53,17,FALSE,FALSE
416,10,185,241,158,185,241,158,185,241,158,56,-27,56,27,FALSE,FALSE
416,11,187,266,174,187,266,174,187,266,174,79,-13,79,13,FALSE,FALSE
416,12,202,272,193,202,272,193,202,272,193,70,-9,70,9,FALSE,FALSE
416,13,222,291,196,222,291,196,222,291,196,69,-26,69,26,FALSE,FALSE
416,14,227,314,204,227,314,204,227,314,204,87,-23,87,23,FALSE,FALSE
416,15,235,314,217,235,314,217,235,314,217,79,-18,79,18,FALSE,FALSE
416,16,246,336,221,246,336,221,246,336,221,90,-25,90,25,FALSE,FALSE
416,17,258,346,228,258,346,228,258,346,228,88,-30,88,30,FALSE,FALSE
416,18,264,362,236,264,362,236,264,362,236,98,-28,98,28,FALSE,FALSE
416,19,275,382,253,275,382,253,275,382,253,107,-22,107,22,FALSE,FALSE
416,20,279,382,256,279,382,256,279,382,256,103,-23,103,23,FALSE,FALSE
416,21,297,418,266,297,418,266,297,418,266,121,-31,121,31,FALSE,FALSE
416,22,295,456,283,295,456,283,295,456,283,161,-12,161,12,FALSE,FALSE
416,23,297,455,294,297,455,294,297,455,294,158,-3,158,3,FALSE,FALSE
416,24,313,474,305,313,474,305,313,474,305,161,-8,161,8,FALSE,FALSE
416,25,337,477,316,337,477,316,337,477,316,140,-21,140,21,FALSE,FALSE
416,26,340,491,334,340,491,334,340,491,334,151,-6,151,6,FALSE,FALSE
416,27,357,500,356,357,500,356,357,500,356,143,-1,143,1,FALSE,FALSE
416,28,360,505,379,360,505,379,360,505,379,145,19,145,19,FALSE,FALSE
416,29,371,516,413,371,516,413,371,516,413,145,42,145,42,FALSE,FALSE
416,30,388,513,432,388,513,432,388,513,432,125,44,125,44,FALSE,FALSE
416,31,394,521,449,394,521,449,394,521,449,127,55,127,55,FALSE,FALSE
416,32,402,522,469,402,522,469,402,522,469,120,67,120,67,FALSE,FALSE
416,33,405,529,486,405,529,486,405,529,486,124,81,124,81,FALSE,FALSE
416,34,428,524,505,428,524,505,428,524,505,96,77,96,77,FALSE,FALSE
416,35,437,532,524,437,532,524,437,532,524,95,87,95,87,FALSE,FALSE
416,36,451,532,565,451,532,565,451,532,565,81,114,81,114,FALSE,FALSE
416,37,468,518,601,468,518,601,468,518,601,50,133,50,133,FALSE,FALSE
416,38,486,521,618,486,521,618,486,521,618,35,132,35,132,FALSE,FALSE
416,39,505,532,622,505,532,622,505,532,622,27,117,27,117,FALSE,FALSE
416,40,535,536,636,535,536,636,535,536,636,1,101,1,101,FALSE,FALSE
416,41,525,524,671,525,524,671,525,524,671,-1,146,1,146,FALSE,FALSE
416,42,556,518,686,556,518,686,556,518,686,-38,130,38,130,FALSE,FALSE
416,43,575,514,715,575,514,715,575,514,715,-61,140,61,140,FALSE,FALSE
416,44,585,510,722,585,510,722,585,510,722,-75,137,75,137,FALSE,FALSE
416,45,597,485,705,597,485,705,597,485,705,-112,108,112,108,FALSE,FALSE
416,46,597,485,731,597,485,731,597,485,731,-112,134,112,134,FALSE,FALSE
416,47,611,463,750,611,463,750,611,463,750,-148,139,148,139,FALSE,FALSE
416,48,628,452,765,628,452,765,628,452,765,-176,137,176,137,FALSE,FALSE
416,49,633,447,778,633,447,778,633,447,778,-186,145,186,145,FALSE,FALSE
416,50,633,437,783,633,437,783,633,437,783,-196,150,196,150,FALSE,FALSE
416,51,646,411,782,646,411,782,646,411,782,-235,136,235,136,FALSE,FALSE
416,52,649,382,748,649,382,748,649,382,748,-267,99,267,99,FALSE,FALSE
416,53,656,365,722,656,365,722,656,365,722,-291,66,291,66,FALSE,FALSE
416,54,658,360,731,658,360,731,658,360,731,-298,73,298,73,FALSE,FALSE
416,55,652,344,731,652,344,731,652,344,731,-308,79,308,79,FALSE,FALSE
416,56,635,329,734,635,329,734,635,329,734,-306,99,306,99,FALSE,FALSE
416,57,635,310,724,635,310,724,635,310,724,-325,89,325,89,FALSE,FALSE
416,58,629,289,728,629,289,728,629,289,728,-340,99,340,99,FALSE,FALSE
416,59,640,275,712,640,275,712,640,275,712,-365,72,365,72,FALSE,FALSE
416,60,631,261,701,631,261,701,631,261,701,-370,70,370,70,FALSE,FALSE
417,0,132,132,132,132,132,132,132,132,132,0,0,0,0,TRUE,TRUE
417,1,184,180,184,184,180,184,184,180,184,-4,0,4,0,FALSE,TRUE
417,2,266,259,275,266,259,275,266,259,275,-7,9,7,9,FALSE,FALSE
417,3,383,399,396,383,399,396,383,399,396,16,13,16,13,FALSE,FALSE
417,4,567,581,588,567,581,588,567,581,588,14,21,14,21,FALSE,FALSE
417,5,813,819,850,813,819,850,813,819,850,6,37,6,37,FALSE,FALSE
417,6,1143,1104,1171,1143,1104,1171,1143,1104,1171,-39,28,39,28,FALSE,FALSE
417,7,1569,1489,1579,1569,1489,1579,1569,1489,1579,-80,10,80,10,FALSE,FALSE
417,8,2005,1949,2085,2005,1949,2085,2005,1949,2085,-56,80,56,80,FALSE,FALSE
417,9,2538,2430,2613,2538,2430,2613,2538,2430,2613,-108,75,108,75,FALSE,FALSE
417,10,3085,2931,3172,3085,2931,3172,3085,2931,3172,-154,87,154,87,FALSE,FALSE
417,11,3554,3319,3631,3554,3319,3631,3554,3319,3631,-235,77,235,77,FALSE,FALSE
417,12,3859,3564,3912,3859,3564,3912,3859,3564,3912,-295,53,295,53,FALSE,FALSE
417,13,3916,3748,4104,3916,3748,4104,3916,3748,4104,-168,188,168,188,FALSE,FALSE
417,14,3905,3788,4014,3905,3788,4014,3905,3788,4014,-117,109,117,109,FALSE,FALSE
417,15,3752,3714,3902,3752,3714,3902,3752,3714,3902,-38,150,38,150,FALSE,FALSE
417,16,3565,3549,3651,3565,3549,3651,3565,3549,3651,-16,86,16,86,FALSE,FALSE
417,17,3326,3309,3375,3326,3309,3375,3326,3309,3375,-17,49,17,49,FALSE,FALSE
417,18,3055,3080,3048,3055,3080,3048,3055,3080,3048,25,-7,25,7,FALSE,FALSE
417,19,2746,2835,2738,2746,2835,2738,2746,2835,2738,89,-8,89,8,FALSE,FALSE
417,20,2459,2533,2427,2459,2533,2427,2459,2533,2427,74,-32,74,32,FALSE,FALSE
417,21,2185,2316,2153,2185,2316,2153,2185,2316,2153,131,-32,131,32,FALSE,FALSE
417,22,1946,2068,1894,1946,2068,1894,1946,2068,1894,122,-52,122,52,FALSE,FALSE
417,23,1707,1870,1658,1707,1870,1658,1707,1870,1658,163,-49,163,49,FALSE,FALSE
417,24,1491,1667,1444,1491,1667,1444,1491,1667,1444,176,-47,176,47,FALSE,FALSE
417,25,1312,1469,1263,1312,1469,1263,1312,1469,1263,157,-49,157,49,FALSE,FALSE
417,26,1119,1290,1083,1119,1290,1083,1119,1290,1083,171,-36,171,36,FALSE,FALSE
417,27,938,1127,942,938,1127,942,938,1127,942,189,4,189,4,FALSE,FALSE
417,28,812,964,821,812,964,821,812,964,821,152,9,152,9,FALSE,FALSE
417,29,712,844,721,712,844,721,712,844,721,132,9,132,9,FALSE,FALSE
417,30,622,751,611,622,751,611,622,751,611,129,-11,129,11,FALSE,FALSE
417,31,544,657,525,544,657,525,544,657,525,113,-19,113,19,FALSE,FALSE
417,32,463,577,467,463,577,467,463,577,467,114,4,114,4,FALSE,FALSE
417,33,390,508,394,390,508,394,390,508,394,118,4,118,4,FALSE,FALSE
417,34,330,440,353,330,440,353,330,440,353,110,23,110,23,FALSE,FALSE
417,35,285,392,311,285,392,311,285,392,311,107,26,107,26,FALSE,FALSE
417,36,252,338,270,252,338,270,252,338,270,86,18,86,18,FALSE,FALSE
417,37,224,311,239,224,311,239,224,311,239,87,15,87,15,FALSE,FALSE
417,38,198,280,218,198,280,218,198,280,218,82,20,82,20,FALSE,FALSE
417,39,164,245,188,164,245,188,164,245,188,81,24,81,24,FALSE,FALSE
417,40,140,209,165,140,209,165,140,209,165,69,25,69,25,FALSE,FALSE
417,41,113,181,134,113,181,134,113,181,134,68,21,68,21,FALSE,FALSE
417,42,100,152,119,100,152,119,100,152,119,52,19,52,19,FALSE,FALSE
417,43,87,131,94,87,131,94,87,131,94,44,7,44,7,FALSE,FALSE
417,44,72,109,81,72,109,81,72,109,81,37,9,37,9,FALSE,FALSE
417,45,63,88,70,63,88,70,63,88,70,25,7,25,7,FALSE,FALSE
417,46,52,76,61,52,76,61,52,76,61,24,9,24,9,FALSE,FALSE
417,47,46,65,53,46,65,53,46,65,53,19,7,19,7,FALSE,FALSE
417,48,43,56,46,43,56,46,43,56,46,13,3,13,3,FALSE,FALSE
417,49,40,48,39,40,48,39,40,48,39,8,-1,8,1,FALSE,FALSE
417,50,36,41,34,36,41,34,36,41,34,5,-2,5,2,FALSE,FALSE
417,51,33,32,29,33,32,29,33,32,29,-1,-4,1,4,FALSE,FALSE
417,52,30,23,24,30,23,24,30,23,24,-7,-6,7,6,FALSE,FALSE
417,53,22,18,22,22,18,22,22,18,22,-4,0,4,0,FALSE,TRUE
417,54,20,15,23,20,15,23,20,15,23,-5,3,5,3,FALSE,FALSE
417,55,15,14,22,15,14,22,15,14,22,-1,7,1,7,FALSE,FALSE
417,56,12,12,17,12,12,17,12,12,17,0,5,0,5,TRUE,FALSE
417,57,11,9,15,11,9,15,11,9,15,-2,4,2,4,FALSE,FALSE
417,58,9,9,14,9,9,14,9,9,14,0,5,0,5,TRUE,FALSE
417,59,8,8,10,8,8,10,8,8,10,0,2,0,2,TRUE,FALSE
417,60,7,7,9,7,7,9,7,7,9,0,2,0,2,TRUE,FALSE
418,0,56,56,56,56,56,56,56,56,56,0,0,0,0,TRUE,TRUE
418,1,69,80,70,69,80,70,69,80,70,11,1,11,1,FALSE,FALSE
418,2,87,107,96,87,107,96,87,107,96,20,9,20,9,FALSE,FALSE
418,3,117,136,132,117,136,132,117,136,132,19,15,19,15,FALSE,FALSE
418,4,160,179,175,160,179,175,160,179,175,19,15,19,15,FALSE,FALSE
418,5,218,234,220,218,234,220,218,234,220,16,2,16,2,FALSE,FALSE
418,6,284,314,302,284,314,302,284,314,302,30,18,30,18,FALSE,FALSE
418,7,366,408,385,366,408,385,366,408,385,42,19,42,19,FALSE,FALSE
418,8,457,519,485,457,519,485,457,519,485,62,28,62,28,FALSE,FALSE
418,9,558,654,612,558,654,612,558,654,612,96,54,96,54,FALSE,FALSE
418,10,696,820,805,696,820,805,696,820,805,124,109,124,109,FALSE,FALSE
418,11,808,1016,987,808,1016,987,808,1016,987,208,179,208,179,FALSE,FALSE
418,12,966,1210,1182,966,1210,1182,966,1210,1182,244,216,244,216,FALSE,FALSE
418,13,1142,1413,1383,1142,1413,1383,1142,1413,1383,271,241,271,241,FALSE,FALSE
418,14,1291,1569,1602,1291,1569,1602,1291,1569,1602,278,311,278,311,FALSE,FALSE
418,15,1458,1715,1811,1458,1715,1811,1458,1715,1811,257,353,257,353,FALSE,FALSE
418,16,1626,1852,1946,1626,1852,1946,1626,1852,1946,226,320,226,320,FALSE,FALSE
418,17,1770,1926,2051,1770,1926,2051,1770,1926,2051,156,281,156,281,FALSE,FALSE
418,18,1887,1996,2107,1887,1996,2107,1887,1996,2107,109,220,109,220,FALSE,FALSE
418,19,1952,1986,2127,1952,1986,2127,1952,1986,2127,34,175,34,175,FALSE,FALSE
418,20,1947,1946,2081,1947,1946,2081,1947,1946,2081,-1,134,1,134,FALSE,FALSE
418,21,1915,1883,2009,1915,1883,2009,1915,1883,2009,-32,94,32,94,FALSE,FALSE
418,22,1867,1811,1927,1867,1811,1927,1867,1811,1927,-56,60,56,60,FALSE,FALSE
418,23,1815,1705,1846,1815,1705,1846,1815,1705,1846,-110,31,110,31,FALSE,FALSE
418,24,1766,1594,1743,1766,1594,1743,1766,1594,1743,-172,-23,172,23,FALSE,FALSE
418,25,1685,1496,1622,1685,1496,1622,1685,1496,1622,-189,-63,189,63,FALSE,FALSE
418,26,1577,1410,1495,1577,1410,1495,1577,1410,1495,-167,-82,167,82,FALSE,FALSE
418,27,1474,1316,1371,1474,1316,1371,1474,1316,1371,-158,-103,158,103,FALSE,FALSE
418,28,1356,1217,1287,1356,1217,1287,1356,1217,1287,-139,-69,139,69,FALSE,FALSE
418,29,1269,1131,1176,1269,1131,1176,1269,1131,1176,-138,-93,138,93,FALSE,FALSE
418,30,1168,1041,1059,1168,1041,1059,1168,1041,1059,-127,-109,127,109,FALSE,FALSE
418,31,1085,965,950,1085,965,950,1085,965,950,-120,-135,120,135,FALSE,FALSE
418,32,979,883,871,979,883,871,979,883,871,-96,-108,96,108,FALSE,FALSE
418,33,908,825,783,908,825,783,908,825,783,-83,-125,83,125,FALSE,FALSE
418,34,843,740,701,843,740,701,843,740,701,-103,-142,103,142,FALSE,FALSE
418,35,761,672,630,761,672,630,761,672,630,-89,-131,89,131,FALSE,FALSE
418,36,687,619,579,687,619,579,687,619,579,-68,-108,68,108,FALSE,FALSE
418,37,638,548,530,638,548,530,638,548,530,-90,-108,90,108,FALSE,FALSE
418,38,581,482,479,581,482,479,581,482,479,-99,-102,99,102,FALSE,FALSE
418,39,533,422,443,533,422,443,533,422,443,-111,-90,111,90,FALSE,FALSE
418,40,486,378,391,486,378,391,486,378,391,-108,-95,108,95,FALSE,FALSE
418,41,454,347,363,454,347,363,454,347,363,-107,-91,107,91,FALSE,FALSE
418,42,408,319,324,408,319,324,408,319,324,-89,-84,89,84,FALSE,FALSE
418,43,361,278,297,361,278,297,361,278,297,-83,-64,83,64,FALSE,FALSE
418,44,317,258,269,317,258,269,317,258,269,-59,-48,59,48,FALSE,FALSE
418,45,292,230,241,292,230,241,292,230,241,-62,-51,62,51,FALSE,FALSE
418,46,268,210,214,268,210,214,268,210,214,-58,-54,58,54,FALSE,FALSE
418,47,243,194,184,243,194,184,243,194,184,-49,-59,49,59,FALSE,FALSE
418,48,220,171,165,220,171,165,220,171,165,-49,-55,49,55,FALSE,FALSE
418,49,197,152,147,197,152,147,197,152,147,-45,-50,45,50,FALSE,FALSE
418,50,176,139,138,176,139,138,176,139,138,-37,-38,37,38,FALSE,FALSE
418,51,156,130,129,156,130,129,156,130,129,-26,-27,26,27,FALSE,FALSE
418,52,137,109,113,137,109,113,137,109,113,-28,-24,28,24,FALSE,FALSE
418,53,126,98,98,126,98,98,126,98,98,-28,-28,28,28,FALSE,FALSE
418,54,116,86,87,116,86,87,116,86,87,-30,-29,30,29,FALSE,FALSE
418,55,108,81,79,108,81,79,108,81,79,-27,-29,27,29,FALSE,FALSE
418,56,100,75,74,100,75,74,100,75,74,-25,-26,25,26,FALSE,FALSE
418,57,83,70,70,83,70,70,83,70,70,-13,-13,13,13,FALSE,FALSE
418,58,76,64,63,76,64,63,76,64,63,-12,-13,12,13,FALSE,FALSE
418,59,72,58,54,72,58,54,72,58,54,-14,-18,14,18,FALSE,FALSE
418,60,62,53,48,62,53,48,62,53,48,-9,-14,9,14,FALSE,FALSE
419,0,76,76,76,76,76,76,76,76,76,0,0,0,0,TRUE,TRUE
419,1,120,98,91,120,98,91,120,98,91,-22,-29,22,29,FALSE,FALSE
419,2,165,142,116,165,142,116,165,142,116,-23,-49,23,49,FALSE,FALSE
419,3,230,198,172,230,198,172,230,198,172,-32,-58,32,58,FALSE,FALSE
419,4,289,263,238,289,263,238,289,263,238,-26,-51,26,51,FALSE,FALSE
419,5,389,347,329,389,347,329,389,347,329,-42,-60,42,60,FALSE,FALSE
419,6,510,461,435,510,461,435,510,461,435,-49,-75,49,75,FALSE,FALSE
419,7,690,621,562,690,621,562,690,621,562,-69,-128,69,128,FALSE,FALSE
419,8,892,839,722,892,839,722,892,839,722,-53,-170,53,170,FALSE,FALSE
419,9,1115,1120,928,1115,1120,928,1115,1120,928,5,-187,5,187,FALSE,FALSE
419,10,1375,1454,1195,1375,1454,1195,1375,1454,1195,79,-180,79,180,FALSE,FALSE
419,11,1706,1824,1494,1706,1824,1494,1706,1824,1494,118,-212,118,212,FALSE,FALSE
419,12,2070,2225,1808,2070,2225,1808,2070,2225,1808,155,-262,155,262,FALSE,FALSE
419,13,2425,2710,2124,2425,2710,2124,2425,2710,2124,285,-301,285,301,FALSE,FALSE
419,14,2782,3059,2457,2782,3059,2457,2782,3059,2457,277,-325,277,325,FALSE,FALSE
419,15,3079,3383,2788,3079,3383,2788,3079,3383,2788,304,-291,304,291,FALSE,FALSE
419,16,3326,3619,3119,3326,3619,3119,3326,3619,3119,293,-207,293,207,FALSE,FALSE
419,17,3524,3762,3373,3524,3762,3373,3524,3762,3373,238,-151,238,151,FALSE,FALSE
419,18,3638,3853,3559,3638,3853,3559,3638,3853,3559,215,-79,215,79,FALSE,FALSE
419,19,3709,3871,3626,3709,3871,3626,3709,3871,3626,162,-83,162,83,FALSE,FALSE
419,20,3726,3811,3672,3726,3811,3672,3726,3811,3672,85,-54,85,54,FALSE,FALSE
419,21,3653,3681,3656,3653,3681,3656,3653,3681,3656,28,3,28,3,FALSE,FALSE
419,22,3554,3535,3552,3554,3535,3552,3554,3535,3552,-19,-2,19,2,FALSE,FALSE
419,23,3377,3351,3471,3377,3351,3471,3377,3351,3471,-26,94,26,94,FALSE,FALSE
419,24,3200,3128,3340,3200,3128,3340,3200,3128,3340,-72,140,72,140,FALSE,FALSE
419,25,3083,2925,3178,3083,2925,3178,3083,2925,3178,-158,95,158,95,FALSE,FALSE
419,26,2914,2721,3014,2914,2721,3014,2914,2721,3014,-193,100,193,100,FALSE,FALSE
419,27,2693,2508,2803,2693,2508,2803,2693,2508,2803,-185,110,185,110,FALSE,FALSE
419,28,2527,2320,2624,2527,2320,2624,2527,2320,2624,-207,97,207,97,FALSE,FALSE
419,29,2370,2146,2454,2370,2146,2454,2370,2146,2454,-224,84,224,84,FALSE,FALSE
419,30,2207,1976,2257,2207,1976,2257,2207,1976,2257,-231,50,231,50,FALSE,FALSE
419,31,2033,1818,2064,2033,1818,2064,2033,1818,2064,-215,31,215,31,FALSE,FALSE
419,32,1882,1653,1910,1882,1653,1910,1882,1653,1910,-229,28,229,28,FALSE,FALSE
419,33,1732,1511,1749,1732,1511,1749,1732,1511,1749,-221,17,221,17,FALSE,FALSE
419,34,1602,1399,1591,1602,1399,1591,1602,1399,1591,-203,-11,203,11,FALSE,FALSE
419,35,1474,1294,1457,1474,1294,1457,1474,1294,1457,-180,-17,180,17,FALSE,FALSE
419,36,1328,1197,1341,1328,1197,1341,1328,1197,1341,-131,13,131,13,FALSE,FALSE
419,37,1223,1095,1248,1223,1095,1248,1223,1095,1248,-128,25,128,25,FALSE,FALSE
419,38,1138,1007,1152,1138,1007,1152,1138,1007,1152,-131,14,131,14,FALSE,FALSE
419,39,1045,895,1042,1045,895,1042,1045,895,1042,-150,-3,150,3,FALSE,FALSE
419,40,976,826,967,976,826,967,976,826,967,-150,-9,150,9,FALSE,FALSE
419,41,880,754,891,880,754,891,880,754,891,-126,11,126,11,FALSE,FALSE
419,42,817,679,812,817,679,812,817,679,812,-138,-5,138,5,FALSE,FALSE
419,43,738,618,740,738,618,740,738,618,740,-120,2,120,2,FALSE,FALSE
419,44,682,563,685,682,563,685,682,563,685,-119,3,119,3,FALSE,FALSE
419,45,607,515,628,607,515,628,607,515,628,-92,21,92,21,FALSE,FALSE
419,46,558,477,585,558,477,585,558,477,585,-81,27,81,27,FALSE,FALSE
419,47,512,437,546,512,437,546,512,437,546,-75,34,75,34,FALSE,FALSE
419,48,458,400,499,458,400,499,458,400,499,-58,41,58,41,FALSE,FALSE
419,49,429,375,446,429,375,446,429,375,446,-54,17,54,17,FALSE,FALSE
419,50,395,338,403,395,338,403,395,338,403,-57,8,57,8,FALSE,FALSE
419,51,359,307,374,359,307,374,359,307,374,-52,15,52,15,FALSE,FALSE
419,52,338,276,345,338,276,345,338,276,345,-62,7,62,7,FALSE,FALSE
419,53,310,252,320,310,252,320,310,252,320,-58,10,58,10,FALSE,FALSE
419,54,291,229,299,291,229,299,291,229,299,-62,8,62,8,FALSE,FALSE
419,55,267,213,271,267,213,271,267,213,271,-54,4,54,4,FALSE,FALSE
419,56,243,193,258,243,193,258,243,193,258,-50,15,50,15,FALSE,FALSE
419,57,226,173,237,226,173,237,226,173,237,-53,11,53,11,FALSE,FALSE
419,58,209,157,218,209,157,218,209,157,218,-52,9,52,9,FALSE,FALSE
419,59,191,144,203,191,144,203,191,144,203,-47,12,47,12,FALSE,FALSE
419,60,174,131,188,174,131,188,174,131,188,-43,14,43,14,FALSE,FALSE
420,0,60,60,60,60,60,60,60,60,60,0,0,0,0,TRUE,TRUE
420,1,59,208,61,59,208,61,59,208,61,149,2,149,2,FALSE,FALSE
420,2,60,712,64,60,712,64,60,712,64,652,4,652,4,FALSE,FALSE
420,3,58,1800,62,58,1800,62,58,1800,62,1742,4,1742,4,FALSE,FALSE
420,4,60,3016,67,60,3016,67,60,3016,67,2956,7,2956,7,FALSE,FALSE
420,5,56,3113,78,56,3113,78,56,3113,78,3057,22,3057,22,FALSE,FALSE
420,6,59,2337,79,59,2337,79,59,2337,79,2278,20,2278,20,FALSE,FALSE
420,7,56,1520,79,56,1520,79,56,1520,79,1464,23,1464,23,FALSE,FALSE
420,8,53,884,82,53,884,82,53,884,82,831,29,831,29,FALSE,FALSE
420,9,52,527,80,52,527,80,52,527,80,475,28,475,28,FALSE,FALSE
420,10,53,292,81,53,292,81,53,292,81,239,28,239,28,FALSE,FALSE
420,11,50,167,87,50,167,87,50,167,87,117,37,117,37,FALSE,FALSE
420,12,50,102,80,50,102,80,50,102,80,52,30,52,30,FALSE,FALSE
420,13,45,61,86,45,61,86,45,61,86,16,41,16,41,FALSE,FALSE
420,14,42,43,89,42,43,89,42,43,89,1,47,1,47,FALSE,FALSE
420,15,43,24,83,43,24,83,43,24,83,-19,40,19,40,FALSE,FALSE
420,16,42,15,83,42,15,83,42,15,83,-27,41,27,41,FALSE,FALSE
420,17,43,8,87,43,8,87,43,8,87,-35,44,35,44,FALSE,FALSE
420,18,40,4,86,40,4,86,40,4,86,-36,46,36,46,FALSE,FALSE
420,19,37,2,90,37,2,90,37,2,90,-35,53,35,53,FALSE,FALSE
420,20,38,1,91,38,1,91,38,1,91,-37,53,37,53,FALSE,FALSE
420,21,31,1,92,31,1,92,31,1,92,-30,61,30,61,FALSE,FALSE
420,22,28,1,95,28,1,95,28,1,95,-27,67,27,67,FALSE,FALSE
420,23,25,1,93,25,1,93,25,1,93,-24,68,24,68,FALSE,FALSE
420,24,28,1,98,28,1,98,28,1,98,-27,70,27,70,FALSE,FALSE
420,25,28,1,101,28,1,101,28,1,101,-27,73,27,73,FALSE,FALSE
420,26,28,1,103,28,1,103,28,1,103,-27,75,27,75,FALSE,FALSE
420,27,31,0,104,31,0,104,31,0,104,-31,73,31,73,FALSE,FALSE
420,28,29,0,106,29,0,106,29,0,106,-29,77,29,77,FALSE,FALSE
420,29,32,0,109,32,0,109,32,0,109,-32,77,32,77,FALSE,FALSE
420,30,32,0,117,32,0,117,32,0,117,-32,85,32,85,FALSE,FALSE
420,31,33,0,120,33,0,120,33,0,120,-33,87,33,87,FALSE,FALSE
420,32,37,0,119,37,0,119,37,0,119,-37,82,37,82,FALSE,FALSE
420,33,35,0,124,35,0,124,35,0,124,-35,89,35,89,FALSE,FALSE
420,34,38,0,133,38,0,133,38,0,133,-38,95,38,95,FALSE,FALSE
420,35,38,0,146,38,0,146,38,0,146,-38,108,38,108,FALSE,FALSE
420,36,36,0,145,36,0,145,36,0,145,-36,109,36,109,FALSE,FALSE
420,37,40,0,148,40,0,148,40,0,148,-40,108,40,108,FALSE,FALSE
420,38,38,0,148,38,0,148,38,0,148,-38,110,38,110,FALSE,FALSE
420,39,38,0,147,38,0,147,38,0,147,-38,109,38,109,FALSE,FALSE
420,40,41,0,148,41,0,148,41,0,148,-41,107,41,107,FALSE,FALSE
420,41,44,0,148,44,0,148,44,0,148,-44,104,44,104,FALSE,FALSE
420,42,48,0,149,48,0,149,48,0,149,-48,101,48,101,FALSE,FALSE
420,43,61,0,142,61,0,142,61,0,142,-61,81,61,81,FALSE,FALSE
420,44,64,0,142,64,0,142,64,0,142,-64,78,64,78,FALSE,FALSE
420,45,63,0,143,63,0,143,63,0,143,-63,80,63,80,FALSE,FALSE
420,46,59,0,143,59,0,143,59,0,143,-59,84,59,84,FALSE,FALSE
420,47,58,0,139,58,0,139,58,0,139,-58,81,58,81,FALSE,FALSE
420,48,56,0,144,56,0,144,56,0,144,-56,88,56,88,FALSE,FALSE
420,49,58,0,146,58,0,146,58,0,146,-58,88,58,88,FALSE,FALSE
420,50,63,0,151,63,0,151,63,0,151,-63,88,63,88,FALSE,FALSE
420,51,63,0,158,63,0,158,63,0,158,-63,95,63,95,FALSE,FALSE
420,52,57,0,157,57,0,157,57,0,157,-57,100,57,100,FALSE,FALSE
420,53,60,0,156,60,0,156,60,0,156,-60,96,60,96,FALSE,FALSE
420,54,62,0,159,62,0,159,62,0,159,-62,97,62,97,FALSE,FALSE
420,55,66,0,160,66,0,160,66,0,160,-66,94,66,94,FALSE,FALSE
420,56,68,0,163,68,0,163,68,0,163,-68,95,68,95,FALSE,FALSE
420,57,63,0,168,63,0,168,63,0,168,-63,105,63,105,FALSE,FALSE
420,58,66,0,173,66,0,173,66,0,173,-66,107,66,107,FALSE,FALSE
420,59,66,0,168,66,0,168,66,0,168,-66,102,66,102,FALSE,FALSE
420,60,70,0,162,70,0,162,70,0,162,-70,92,70,92,FALSE,FALSE
421,0,156,156,156,156,156,156,156,156,156,0,0,0,0,TRUE,TRUE
421,1,222,235,239,222,235,239,222,235,239,13,17,13,17,FALSE,FALSE
421,2,304,328,340,304,328,340,304,328,340,24,36,24,36,FALSE,FALSE
421,3,424,456,469,424,456,469,424,456,469,32,45,32,45,FALSE,FALSE
421,4,591,646,659,591,646,659,591,646,659,55,68,55,68,FALSE,FALSE
421,5,817,885,913,817,885,913,817,885,913,68,96,68,96,FALSE,FALSE
421,6,1091,1200,1224,1091,1200,1224,1091,1200,1224,109,133,109,133,FALSE,FALSE
421,7,1394,1525,1670,1394,1525,1670,1394,1525,1670,131,276,131,276,FALSE,FALSE
421,8,1804,1921,2093,1804,1921,2093,1804,1921,2093,117,289,117,289,FALSE,FALSE
421,9,2211,2311,2504,2211,2311,2504,2211,2311,2504,100,293,100,293,FALSE,FALSE
421,10,2635,2677,2820,2635,2677,2820,2635,2677,2820,42,185,42,185,FALSE,FALSE
421,11,2910,2920,3104,2910,2920,3104,2910,2920,3104,10,194,10,194,FALSE,FALSE
421,12,3082,3069,3283,3082,3069,3283,3082,3069,3283,-13,201,13,201,FALSE,FALSE
421,13,3171,3138,3258,3171,3138,3258,3171,3138,3258,-33,87,33,87,FALSE,FALSE
421,14,3142,3074,3178,3142,3074,3178,3142,3074,3178,-68,36,68,36,FALSE,FALSE
421,15,3058,2964,3030,3058,2964,3030,3058,2964,3030,-94,-28,94,28,FALSE,FALSE
421,16,2908,2794,2844,2908,2794,2844,2908,2794,2844,-114,-64,114,64,FALSE,FALSE
421,17,2764,2599,2635,2764,2599,2635,2764,2599,2635,-165,-129,165,129,FALSE,FALSE
421,18,2569,2355,2362,2569,2355,2362,2569,2355,2362,-214,-207,214,207,FALSE,FALSE
421,19,2319,2119,2125,2319,2119,2125,2319,2119,2125,-200,-194,200,194,FALSE,FALSE
421,20,2092,1911,1911,2092,1911,1911,2092,1911,1911,-181,-181,181,181,FALSE,FALSE
421,21,1904,1677,1714,1904,1677,1714,1904,1677,1714,-227,-190,227,190,FALSE,FALSE
421,22,1704,1488,1525,1704,1488,1525,1704,1488,1525,-216,-179,216,179,FALSE,FALSE
421,23,1485,1320,1342,1485,1320,1342,1485,1320,1342,-165,-143,165,143,FALSE,FALSE
421,24,1313,1162,1183,1313,1162,1183,1313,1162,1183,-151,-130,151,130,FALSE,FALSE
421,25,1187,1039,1034,1187,1039,1034,1187,1039,1034,-148,-153,148,153,FALSE,FALSE
421,26,1038,911,889,1038,911,889,1038,911,889,-127,-149,127,149,FALSE,FALSE
421,27,913,806,774,913,806,774,913,806,774,-107,-139,107,139,FALSE,FALSE
421,28,803,715,669,803,715,669,803,715,669,-88,-134,88,134,FALSE,FALSE
421,29,706,619,566,706,619,566,706,619,566,-87,-140,87,140,FALSE,FALSE
421,30,593,529,476,593,529,476,593,529,476,-64,-117,64,117,FALSE,FALSE
421,31,508,464,411,508,464,411,508,464,411,-44,-97,44,97,FALSE,FALSE
421,32,456,412,352,456,412,352,456,412,352,-44,-104,44,104,FALSE,FALSE
421,33,408,361,304,408,361,304,408,361,304,-47,-104,47,104,FALSE,FALSE
421,34,358,324,275,358,324,275,358,324,275,-34,-83,34,83,FALSE,FALSE
421,35,321,274,234,321,274,234,321,274,234,-47,-87,47,87,FALSE,FALSE
421,36,286,225,207,286,225,207,286,225,207,-61,-79,61,79,FALSE,FALSE
421,37,251,193,185,251,193,185,251,193,185,-58,-66,58,66,FALSE,FALSE
421,38,224,171,152,224,171,152,224,171,152,-53,-72,53,72,FALSE,FALSE
421,39,197,157,137,197,157,137,197,157,137,-40,-60,40,60,FALSE,FALSE
421,40,174,143,123,174,143,123,174,143,123,-31,-51,31,51,FALSE,FALSE
421,41,152,127,103,152,127,103,152,127,103,-25,-49,25,49,FALSE,FALSE
421,42,133,105,86,133,105,86,133,105,86,-28,-47,28,47,FALSE,FALSE
421,43,108,91,77,108,91,77,108,91,77,-17,-31,17,31,FALSE,FALSE
421,44,93,76,59,93,76,59,93,76,59,-17,-34,17,34,FALSE,FALSE
421,45,77,68,50,77,68,50,77,68,50,-9,-27,9,27,FALSE,FALSE
421,46,64,56,44,64,56,44,64,56,44,-8,-20,8,20,FALSE,FALSE
421,47,53,45,35,53,45,35,53,45,35,-8,-18,8,18,FALSE,FALSE
421,48,42,43,32,42,43,32,42,43,32,1,-10,1,10,FALSE,FALSE
421,49,35,31,25,35,31,25,35,31,25,-4,-10,4,10,FALSE,FALSE
421,50,34,26,21,34,26,21,34,26,21,-8,-13,8,13,FALSE,FALSE
421,51,32,24,15,32,24,15,32,24,15,-8,-17,8,17,FALSE,FALSE
421,52,27,21,13,27,21,13,27,21,13,-6,-14,6,14,FALSE,FALSE
421,53,24,20,11,24,20,11,24,20,11,-4,-13,4,13,FALSE,FALSE
421,54,22,17,10,22,17,10,22,17,10,-5,-12,5,12,FALSE,FALSE
421,55,17,15,9,17,15,9,17,15,9,-2,-8,2,8,FALSE,FALSE
421,56,16,14,7,16,14,7,16,14,7,-2,-9,2,9,FALSE,FALSE
421,57,16,12,6,16,12,6,16,12,6,-4,-10,4,10,FALSE,FALSE
421,58,12,11,5,12,11,5,12,11,5,-1,-7,1,7,FALSE,FALSE
421,59,12,10,5,12,10,5,12,10,5,-2,-7,2,7,FALSE,FALSE
421,60,7,8,4,7,8,4,7,8,4,1,-3,1,3,FALSE,FALSE
422,0,80,80,80,80,80,80,80,80,80,0,0,0,0,TRUE,TRUE
422,1,99,96,91,99,96,91,99,96,91,-3,-8,3,8,FALSE,FALSE
422,2,118,115,106,118,115,106,118,115,106,-3,-12,3,12,FALSE,FALSE
422,3,136,144,139,136,144,139,136,144,139,8,3,8,3,FALSE,FALSE
422,4,164,167,145,164,167,145,164,167,145,3,-19,3,19,FALSE,FALSE
422,5,202,202,167,202,202,167,202,202,167,0,-35,0,35,TRUE,FALSE
422,6,243,235,203,243,235,203,243,235,203,-8,-40,8,40,FALSE,FALSE
422,7,288,304,241,288,304,241,288,304,241,16,-47,16,47,FALSE,FALSE
422,8,349,359,291,349,359,291,349,359,291,10,-58,10,58,FALSE,FALSE
422,9,404,425,357,404,425,357,404,425,357,21,-47,21,47,FALSE,FALSE
422,10,476,499,409,476,499,409,476,499,409,23,-67,23,67,FALSE,FALSE
422,11,553,605,471,553,605,471,553,605,471,52,-82,52,82,FALSE,FALSE
422,12,631,723,552,631,723,552,631,723,552,92,-79,92,79,FALSE,FALSE
422,13,720,830,628,720,830,628,720,830,628,110,-92,110,92,FALSE,FALSE
422,14,854,941,725,854,941,725,854,941,725,87,-129,87,129,FALSE,FALSE
422,15,988,1086,810,988,1086,810,988,1086,810,98,-178,98,178,FALSE,FALSE
422,16,1086,1219,932,1086,1219,932,1086,1219,932,133,-154,133,154,FALSE,FALSE
422,17,1219,1375,1063,1219,1375,1063,1219,1375,1063,156,-156,156,156,FALSE,FALSE
422,18,1342,1479,1193,1342,1479,1193,1342,1479,1193,137,-149,137,149,FALSE,FALSE
422,19,1465,1580,1310,1465,1580,1310,1465,1580,1310,115,-155,115,155,FALSE,FALSE
422,20,1559,1686,1418,1559,1686,1418,1559,1686,1418,127,-141,127,141,FALSE,FALSE
422,21,1656,1775,1505,1656,1775,1505,1656,1775,1505,119,-151,119,151,FALSE,FALSE
422,22,1724,1826,1616,1724,1826,1616,1724,1826,1616,102,-108,102,108,FALSE,FALSE
422,23,1743,1848,1663,1743,1848,1663,1743,1848,1663,105,-80,105,80,FALSE,FALSE
422,24,1779,1840,1716,1779,1840,1716,1779,1840,1716,61,-63,61,63,FALSE,FALSE
422,25,1806,1871,1719,1806,1871,1719,1806,1871,1719,65,-87,65,87,FALSE,FALSE
422,26,1809,1838,1740,1809,1838,1740,1809,1838,1740,29,-69,29,69,FALSE,FALSE
422,27,1774,1769,1737,1774,1769,1737,1774,1769,1737,-5,-37,5,37,FALSE,FALSE
422,28,1707,1720,1748,1707,1720,1748,1707,1720,1748,13,41,13,41,FALSE,FALSE
422,29,1715,1661,1704,1715,1661,1704,1715,1661,1704,-54,-11,54,11,FALSE,FALSE
422,30,1662,1590,1700,1662,1590,1700,1662,1590,1700,-72,38,72,38,FALSE,FALSE
422,31,1588,1505,1652,1588,1505,1652,1588,1505,1652,-83,64,83,64,FALSE,FALSE
422,32,1499,1457,1601,1499,1457,1601,1499,1457,1601,-42,102,42,102,FALSE,FALSE
422,33,1429,1404,1561,1429,1404,1561,1429,1404,1561,-25,132,25,132,FALSE,FALSE
422,34,1350,1329,1497,1350,1329,1497,1350,1329,1497,-21,147,21,147,FALSE,FALSE
422,35,1275,1257,1441,1275,1257,1441,1275,1257,1441,-18,166,18,166,FALSE,FALSE
422,36,1200,1161,1378,1200,1161,1378,1200,1161,1378,-39,178,39,178,FALSE,FALSE
422,37,1119,1083,1287,1119,1083,1287,1119,1083,1287,-36,168,36,168,FALSE,FALSE
422,38,1056,993,1217,1056,993,1217,1056,993,1217,-63,161,63,161,FALSE,FALSE
422,39,966,931,1132,966,931,1132,966,931,1132,-35,166,35,166,FALSE,FALSE
422,40,908,856,1062,908,856,1062,908,856,1062,-52,154,52,154,FALSE,FALSE
422,41,839,788,989,839,788,989,839,788,989,-51,150,51,150,FALSE,FALSE
422,42,776,733,911,776,733,911,776,733,911,-43,135,43,135,FALSE,FALSE
422,43,729,670,851,729,670,851,729,670,851,-59,122,59,122,FALSE,FALSE
422,44,677,620,781,677,620,781,677,620,781,-57,104,57,104,FALSE,FALSE
422,45,632,570,727,632,570,727,632,570,727,-62,95,62,95,FALSE,FALSE
422,46,593,513,669,593,513,669,593,513,669,-80,76,80,76,FALSE,FALSE
422,47,557,484,623,557,484,623,557,484,623,-73,66,73,66,FALSE,FALSE
422,48,512,461,553,512,461,553,512,461,553,-51,41,51,41,FALSE,FALSE
422,49,457,413,517,457,413,517,457,413,517,-44,60,44,60,FALSE,FALSE
422,50,426,381,471,426,381,471,426,381,471,-45,45,45,45,FALSE,FALSE
422,51,402,345,435,402,345,435,402,345,435,-57,33,57,33,FALSE,FALSE
422,52,368,313,396,368,313,396,368,313,396,-55,28,55,28,FALSE,FALSE
422,53,343,291,368,343,291,368,343,291,368,-52,25,52,25,FALSE,FALSE
422,54,319,259,350,319,259,350,319,259,350,-60,31,60,31,FALSE,FALSE
422,55,289,235,326,289,235,326,289,235,326,-54,37,54,37,FALSE,FALSE
422,56,253,219,307,253,219,307,253,219,307,-34,54,34,54,FALSE,FALSE
422,57,229,201,276,229,201,276,229,201,276,-28,47,28,47,FALSE,FALSE
422,58,209,188,252,209,188,252,209,188,252,-21,43,21,43,FALSE,FALSE
422,59,193,165,237,193,165,237,193,165,237,-28,44,28,44,FALSE,FALSE
422,60,178,153,215,178,153,215,178,153,215,-25,37,25,37,FALSE,FALSE
423,0,68,68,68,68,68,68,68,68,68,0,0,0,0,TRUE,TRUE
423,1,110,101,110,110,101,110,110,101,110,-9,0,9,0,FALSE,TRUE
423,2,169,151,160,169,151,160,169,151,160,-18,-9,18,9,FALSE,FALSE
423,3,264,240,245,264,240,245,264,240,245,-24,-19,24,19,FALSE,FALSE
423,4,406,376,376,406,376,376,406,376,376,-30,-30,30,30,FALSE,FALSE
423,5,626,605,574,626,605,574,626,605,574,-21,-52,21,52,FALSE,FALSE
423,6,921,952,881,921,952,881,921,952,881,31,-40,31,40,FALSE,FALSE
423,7,1365,1383,1314,1365,1383,1314,1365,1383,1314,18,-51,18,51,FALSE,FALSE
423,8,1926,1949,1772,1926,1949,1772,1926,1949,1772,23,-154,23,154,FALSE,FALSE
423,9,2492,2636,2342,2492,2636,2342,2492,2636,2342,144,-150,144,150,FALSE,FALSE
423,10,2963,3144,2900,2963,3144,2900,2963,3144,2900,181,-63,181,63,FALSE,FALSE
423,11,3326,3592,3319,3326,3592,3319,3326,3592,3319,266,-7,266,7,FALSE,FALSE
423,12,3409,3692,3462,3409,3692,3462,3409,3692,3462,283,53,283,53,FALSE,FALSE
423,13,3296,3537,3413,3296,3537,3413,3296,3537,3413,241,117,241,117,FALSE,FALSE
423,14,3054,3317,3186,3054,3317,3186,3054,3317,3186,263,132,263,132,FALSE,FALSE
423,15,2767,2939,2842,2767,2939,2842,2767,2939,2842,172,75,172,75,FALSE,FALSE
423,16,2443,2530,2470,2443,2530,2470,2443,2530,2470,87,27,87,27,FALSE,FALSE
423,17,2082,2117,2038,2082,2117,2038,2082,2117,2038,35,-44,35,44,FALSE,FALSE
423,18,1717,1733,1759,1717,1733,1759,1717,1733,1759,16,42,16,42,FALSE,FALSE
423,19,1438,1434,1504,1438,1434,1504,1438,1434,1504,-4,66,4,66,FALSE,FALSE
423,20,1180,1165,1220,1180,1165,1220,1180,1165,1220,-15,40,15,40,FALSE,FALSE
423,21,943,945,982,943,945,982,943,945,982,2,39,2,39,FALSE,FALSE
423,22,781,771,821,781,771,821,781,771,821,-10,40,10,40,FALSE,FALSE
423,23,632,611,686,632,611,686,632,611,686,-21,54,21,54,FALSE,FALSE
423,24,511,496,545,511,496,545,511,496,545,-15,34,15,34,FALSE,FALSE
423,25,413,398,441,413,398,441,413,398,441,-15,28,15,28,FALSE,FALSE
423,26,338,320,350,338,320,350,338,320,350,-18,12,18,12,FALSE,FALSE
423,27,281,266,264,281,266,264,281,266,264,-15,-17,15,17,FALSE,FALSE
423,28,230,210,204,230,210,204,230,210,204,-20,-26,20,26,FALSE,FALSE
423,29,192,185,149,192,185,149,192,185,149,-7,-43,7,43,FALSE,FALSE
423,30,156,145,115,156,145,115,156,145,115,-11,-41,11,41,FALSE,FALSE
423,31,142,109,96,142,109,96,142,109,96,-33,-46,33,46,FALSE,FALSE
423,32,124,87,83,124,87,83,124,87,83,-37,-41,37,41,FALSE,FALSE
423,33,113,68,67,113,68,67,113,68,67,-45,-46,45,46,FALSE,FALSE
423,34,89,60,57,89,60,57,89,60,57,-29,-32,29,32,FALSE,FALSE
423,35,74,43,45,74,43,45,74,43,45,-31,-29,31,29,FALSE,FALSE
423,36,59,35,32,59,35,32,59,35,32,-24,-27,24,27,FALSE,FALSE
423,37,48,28,27,48,28,27,48,28,27,-20,-21,20,21,FALSE,FALSE
423,38,39,22,23,39,22,23,39,22,23,-17,-16,17,16,FALSE,FALSE
423,39,35,15,18,35,15,18,35,15,18,-20,-17,20,17,FALSE,FALSE
423,40,28,11,18,28,11,18,28,11,18,-17,-10,17,10,FALSE,FALSE
423,41,26,10,15,26,10,15,26,10,15,-16,-11,16,11,FALSE,FALSE
423,42,20,6,11,20,6,11,20,6,11,-14,-9,14,9,FALSE,FALSE
423,43,17,5,10,17,5,10,17,5,10,-12,-7,12,7,FALSE,FALSE
423,44,13,3,10,13,3,10,13,3,10,-10,-3,10,3,FALSE,FALSE
423,45,9,3,9,9,3,9,9,3,9,-6,0,6,0,FALSE,TRUE
423,46,9,3,8,9,3,8,9,3,8,-6,-1,6,1,FALSE,FALSE
423,47,5,3,7,5,3,7,5,3,7,-2,2,2,2,FALSE,FALSE
423,48,3,3,6,3,3,6,3,3,6,0,3,0,3,TRUE,FALSE
423,49,3,3,6,3,3,6,3,3,6,0,3,0,3,TRUE,FALSE
423,50,4,2,5,4,2,5,4,2,5,-2,1,2,1,FALSE,FALSE
423,51,4,2,5,4,2,5,4,2,5,-2,1,2,1,FALSE,FALSE
423,52,3,1,3,3,1,3,3,1,3,-2,0,2,0,FALSE,TRUE
423,53,3,1,2,3,1,2,3,1,2,-2,-1,2,1,FALSE,FALSE
423,54,3,1,2,3,1,2,3,1,2,-2,-1,2,1,FALSE,FALSE
423,55,3,1,2,3,1,2,3,1,2,-2,-1,2,1,FALSE,FALSE
423,56,3,0,2,3,0,2,3,0,2,-3,-1,3,1,FALSE,FALSE
423,57,3,0,1,3,0,1,3,0,1,-3,-2,3,2,FALSE,FALSE
423,58,2,0,1,2,0,1,2,0,1,-2,-1,2,1,FALSE,FALSE
423,59,2,0,1,2,0,1,2,0,1,-2,-1,2,1,FALSE,FALSE
423,60,1,0,1,1,0,1,1,0,1,-1,0,1,0,FALSE,TRUE
424,0,125,125,125,125,125,125,125,125,125,0,0,0,0,TRUE,TRUE
424,1,214,201,210,214,201,210,214,201,210,-13,-4,13,4,FALSE,FALSE
424,2,350,305,364,350,305,364,350,305,364,-45,14,45,14,FALSE,FALSE
424,3,584,504,578,584,504,578,584,504,578,-80,-6,80,6,FALSE,FALSE
424,4,875,799,960,875,799,960,875,799,960,-76,85,76,85,FALSE,FALSE
424,5,1324,1172,1491,1324,1172,1491,1324,1172,1491,-152,167,152,167,FALSE,FALSE
424,6,1891,1683,2104,1891,1683,2104,1891,1683,2104,-208,213,208,213,FALSE,FALSE
424,7,2419,2215,2682,2419,2215,2682,2419,2215,2682,-204,263,204,263,FALSE,FALSE
424,8,2781,2601,3127,2781,2601,3127,2781,2601,3127,-180,346,180,346,FALSE,FALSE
424,9,2970,2800,3235,2970,2800,3235,2970,2800,3235,-170,265,170,265,FALSE,FALSE
424,10,2845,2750,3076,2845,2750,3076,2845,2750,3076,-95,231,95,231,FALSE,FALSE
424,11,2563,2569,2692,2563,2569,2692,2563,2569,2692,6,129,6,129,FALSE,FALSE
424,12,2317,2315,2347,2317,2315,2347,2317,2315,2347,-2,30,2,30,FALSE,FALSE
424,13,2018,2027,1938,2018,2027,1938,2018,2027,1938,9,-80,9,80,FALSE,FALSE
424,14,1689,1761,1612,1689,1761,1612,1689,1761,1612,72,-77,72,77,FALSE,FALSE
424,15,1389,1449,1274,1389,1449,1274,1389,1449,1274,60,-115,60,115,FALSE,FALSE
424,16,1124,1183,1030,1124,1183,1030,1124,1183,1030,59,-94,59,94,FALSE,FALSE
424,17,900,967,828,900,967,828,900,967,828,67,-72,67,72,FALSE,FALSE
424,18,725,765,651,725,765,651,725,765,651,40,-74,40,74,FALSE,FALSE
424,19,600,626,523,600,626,523,600,626,523,26,-77,26,77,FALSE,FALSE
424,20,487,518,409,487,518,409,487,518,409,31,-78,31,78,FALSE,FALSE
424,21,382,414,333,382,414,333,382,414,333,32,-49,32,49,FALSE,FALSE
424,22,305,340,269,305,340,269,305,340,269,35,-36,35,36,FALSE,FALSE
424,23,247,277,220,247,277,220,247,277,220,30,-27,30,27,FALSE,FALSE
424,24,198,222,175,198,222,175,198,222,175,24,-23,24,23,FALSE,FALSE
424,25,167,173,142,167,173,142,167,173,142,6,-25,6,25,FALSE,FALSE
424,26,136,137,105,136,137,105,136,137,105,1,-31,1,31,FALSE,FALSE
424,27,115,112,86,115,112,86,115,112,86,-3,-29,3,29,FALSE,FALSE
424,28,86,85,68,86,85,68,86,85,68,-1,-18,1,18,FALSE,FALSE
424,29,65,73,49,65,73,49,65,73,49,8,-16,8,16,FALSE,FALSE
424,30,54,65,40,54,65,40,54,65,40,11,-14,11,14,FALSE,FALSE
424,31,43,53,32,43,53,32,43,53,32,10,-11,10,11,FALSE,FALSE
424,32,38,41,23,38,41,23,38,41,23,3,-15,3,15,FALSE,FALSE
424,33,34,33,20,34,33,20,34,33,20,-1,-14,1,14,FALSE,FALSE
424,34,28,28,19,28,28,19,28,28,19,0,-9,0,9,TRUE,FALSE
424,35,23,19,10,23,19,10,23,19,10,-4,-13,4,13,FALSE,FALSE
424,36,21,19,8,21,19,8,21,19,8,-2,-13,2,13,FALSE,FALSE
424,37,20,16,4,20,16,4,20,16,4,-4,-16,4,16,FALSE,FALSE
424,38,15,11,4,15,11,4,15,11,4,-4,-11,4,11,FALSE,FALSE
424,39,10,9,4,10,9,4,10,9,4,-1,-6,1,6,FALSE,FALSE
424,40,8,7,3,8,7,3,8,7,3,-1,-5,1,5,FALSE,FALSE
424,41,5,7,3,5,7,3,5,7,3,2,-2,2,2,FALSE,FALSE
424,42,4,5,3,4,5,3,4,5,3,1,-1,1,1,FALSE,FALSE
424,43,2,4,3,2,4,3,2,4,3,2,1,2,1,FALSE,FALSE
424,44,2,2,2,2,2,2,2,2,2,0,0,0,0,TRUE,TRUE
424,45,1,2,2,1,2,2,1,2,2,1,1,1,1,FALSE,FALSE
424,46,1,2,2,1,2,2,1,2,2,1,1,1,1,FALSE,FALSE
424,47,0,2,1,0,2,1,0,2,1,2,1,2,1,FALSE,FALSE
424,48,0,2,1,0,2,1,0,2,1,2,1,2,1,FALSE,FALSE
424,49,0,2,1,0,2,1,0,2,1,2,1,2,1,FALSE,FALSE
424,50,0,1,1,0,1,1,0,1,1,1,1,1,1,FALSE,FALSE
424,51,0,0,1,0,0,1,0,0,1,0,1,0,1,TRUE,FALSE
424,52,0,0,1,0,0,1,0,0,1,0,1,0,1,TRUE,FALSE
424,53,0,0,1,0,0,1,0,0,1,0,1,0,1,TRUE,FALSE
424,54,0,0,0,0,0,0,0,0,0,0,0,0,0,TRUE,TRUE
424,55,0,0,0,0,0,0,0,0,0,0,0,0,0,TRUE,TRUE
424,56,0,0,0,0,0,0,0,0,0,0,0,0,0,TRUE,TRUE
424,57,0,0,0,0,0,0,0,0,0,0,0,0,0,TRUE,TRUE
424,58,0,0,0,0,0,0,0,0,0,0,0,0,0,TRUE,TRUE
424,59,0,0,0,0,0,0,0,0,0,0,0,0,0,TRUE,TRUE
424,60,0,0,0,0,0,0,0,0,0,0,0,0,0,TRUE,TRUE
425,0,174,174,174,174,174,174,174,174,174,0,0,0,0,TRUE,TRUE
425,1,187,180,195,187,180,195,187,180,195,-7,8,7,8,FALSE,FALSE
425,2,200,181,203,200,181,203,200,181,203,-19,3,19,3,FALSE,FALSE
425,3,207,201,228,207,201,228,207,201,228,-6,21,6,21,FALSE,FALSE
425,4,209,211,243,209,211,243,209,211,243,2,34,2,34,FALSE,FALSE
425,5,219,230,261,219,230,261,219,230,261,11,42,11,42,FALSE,FALSE
425,6,239,243,283,239,243,283,239,243,283,4,44,4,44,FALSE,FALSE
425,7,263,259,296,263,259,296,263,259,296,-4,33,4,33,FALSE,FALSE
425,8,298,272,312,298,272,312,298,272,312,-26,14,26,14,FALSE,FALSE
425,9,315,278,348,315,278,348,315,278,348,-37,33,37,33,FALSE,FALSE
425,10,327,286,364,327,286,364,327,286,364,-41,37,41,37,FALSE,FALSE
425,11,351,316,382,351,316,382,351,316,382,-35,31,35,31,FALSE,FALSE
425,12,380,332,414,380,332,414,380,332,414,-48,34,48,34,FALSE,FALSE
425,13,390,347,435,390,347,435,390,347,435,-43,45,43,45,FALSE,FALSE
425,14,405,395,448,405,395,448,405,395,448,-10,43,10,43,FALSE,FALSE
425,15,423,423,482,423,423,482,423,423,482,0,59,0,59,TRUE,FALSE
425,16,462,456,528,462,456,528,462,456,528,-6,66,6,66,FALSE,FALSE
425,17,490,477,559,490,477,559,490,477,559,-13,69,13,69,FALSE,FALSE
425,18,523,491,607,523,491,607,523,491,607,-32,84,32,84,FALSE,FALSE
425,19,539,518,605,539,518,605,539,518,605,-21,66,21,66,FALSE,FALSE
425,20,572,561,654,572,561,654,572,561,654,-11,82,11,82,FALSE,FALSE
425,21,593,600,696,593,600,696,593,600,696,7,103,7,103,FALSE,FALSE
425,22,638,635,727,638,635,727,638,635,727,-3,89,3,89,FALSE,FALSE
425,23,675,671,782,675,671,782,675,671,782,-4,107,4,107,FALSE,FALSE
425,24,708,701,833,708,701,833,708,701,833,-7,125,7,125,FALSE,FALSE
425,25,760,721,856,760,721,856,760,721,856,-39,96,39,96,FALSE,FALSE
425,26,807,746,894,807,746,894,807,746,894,-61,87,61,87,FALSE,FALSE
425,27,858,782,956,858,782,956,858,782,956,-76,98,76,98,FALSE,FALSE
425,28,895,820,996,895,820,996,895,820,996,-75,101,75,101,FALSE,FALSE
425,29,932,860,1050,932,860,1050,932,860,1050,-72,118,72,118,FALSE,FALSE
425,30,964,905,1081,964,905,1081,964,905,1081,-59,117,59,117,FALSE,FALSE
425,31,993,937,1114,993,937,1114,993,937,1114,-56,121,56,121,FALSE,FALSE
425,32,1035,959,1125,1035,959,1125,1035,959,1125,-76,90,76,90,FALSE,FALSE
425,33,1046,976,1160,1046,976,1160,1046,976,1160,-70,114,70,114,FALSE,FALSE
425,34,1113,984,1157,1113,984,1157,1113,984,1157,-129,44,129,44,FALSE,FALSE
425,35,1140,995,1207,1140,995,1207,1140,995,1207,-145,67,145,67,FALSE,FALSE
425,36,1152,989,1214,1152,989,1214,1152,989,1214,-163,62,163,62,FALSE,FALSE
425,37,1177,993,1226,1177,993,1226,1177,993,1226,-184,49,184,49,FALSE,FALSE
425,38,1183,1014,1282,1183,1014,1282,1183,1014,1282,-169,99,169,99,FALSE,FALSE
425,39,1192,1008,1298,1192,1008,1298,1192,1008,1298,-184,106,184,106,FALSE,FALSE
425,40,1201,1025,1298,1201,1025,1298,1201,1025,1298,-176,97,176,97,FALSE,FALSE
425,41,1218,1033,1289,1218,1033,1289,1218,1033,1289,-185,71,185,71,FALSE,FALSE
425,42,1217,1054,1317,1217,1054,1317,1217,1054,1317,-163,100,163,100,FALSE,FALSE
425,43,1225,1069,1314,1225,1069,1314,1225,1069,1314,-156,89,156,89,FALSE,FALSE
425,44,1275,1084,1311,1275,1084,1311,1275,1084,1311,-191,36,191,36,FALSE,FALSE
425,45,1274,1101,1286,1274,1101,1286,1274,1101,1286,-173,12,173,12,FALSE,FALSE
425,46,1263,1110,1276,1263,1110,1276,1263,1110,1276,-153,13,153,13,FALSE,FALSE
425,47,1278,1104,1284,1278,1104,1284,1278,1104,1284,-174,6,174,6,FALSE,FALSE
425,48,1279,1103,1277,1279,1103,1277,1279,1103,1277,-176,-2,176,2,FALSE,FALSE
425,49,1247,1077,1287,1247,1077,1287,1247,1077,1287,-170,40,170,40,FALSE,FALSE
425,50,1261,1086,1267,1261,1086,1267,1261,1086,1267,-175,6,175,6,FALSE,FALSE
425,51,1285,1068,1258,1285,1068,1258,1285,1068,1258,-217,-27,217,27,FALSE,FALSE
425,52,1311,1049,1236,1311,1049,1236,1311,1049,1236,-262,-75,262,75,FALSE,FALSE
425,53,1294,1049,1248,1294,1049,1248,1294,1049,1248,-245,-46,245,46,FALSE,FALSE
425,54,1286,1050,1214,1286,1050,1214,1286,1050,1214,-236,-72,236,72,FALSE,FALSE
425,55,1277,1016,1200,1277,1016,1200,1277,1016,1200,-261,-77,261,77,FALSE,FALSE
425,56,1237,1015,1185,1237,1015,1185,1237,1015,1185,-222,-52,222,52,FALSE,FALSE
425,57,1213,1009,1164,1213,1009,1164,1213,1009,1164,-204,-49,204,49,FALSE,FALSE
425,58,1205,999,1145,1205,999,1145,1205,999,1145,-206,-60,206,60,FALSE,FALSE
425,59,1173,968,1116,1173,968,1116,1173,968,1116,-205,-57,205,57,FALSE,FALSE
425,60,1131,955,1070,1131,955,1070,1131,955,1070,-176,-61,176,61,FALSE,FALSE
426,0,150,150,150,150,150,150,150,150,150,0,0,0,0,TRUE,TRUE
426,1,174,166,187,174,166,187,174,166,187,-8,13,8,13,FALSE,FALSE
426,2,193,197,212,193,197,212,193,197,212,4,19,4,19,FALSE,FALSE
426,3,239,241,240,239,241,240,239,241,240,2,1,2,1,FALSE,FALSE
426,4,294,293,272,294,293,272,294,293,272,-1,-22,1,22,FALSE,FALSE
426,5,346,362,310,346,362,310,346,362,310,16,-36,16,36,FALSE,FALSE
426,6,399,412,381,399,412,381,399,412,381,13,-18,13,18,FALSE,FALSE
426,7,465,465,416,465,465,416,465,465,416,0,-49,0,49,TRUE,FALSE
426,8,527,534,496,527,534,496,527,534,496,7,-31,7,31,FALSE,FALSE
426,9,599,612,555,599,612,555,599,612,555,13,-44,13,44,FALSE,FALSE
426,10,676,720,621,676,720,621,676,720,621,44,-55,44,55,FALSE,FALSE
426,11,757,808,732,757,808,732,757,808,732,51,-25,51,25,FALSE,FALSE
426,12,860,905,832,860,905,832,860,905,832,45,-28,45,28,FALSE,FALSE
426,13,961,1034,934,961,1034,934,961,1034,934,73,-27,73,27,FALSE,FALSE
426,14,1073,1140,1033,1073,1140,1033,1073,1140,1033,67,-40,67,40,FALSE,FALSE
426,15,1158,1251,1157,1158,1251,1157,1158,1251,1157,93,-1,93,1,FALSE,FALSE
426,16,1261,1354,1277,1261,1354,1277,1261,1354,1277,93,16,93,16,FALSE,FALSE
426,17,1383,1457,1402,1383,1457,1402,1383,1457,1402,74,19,74,19,FALSE,FALSE
426,18,1482,1542,1522,1482,1542,1522,1482,1542,1522,60,40,60,40,FALSE,FALSE
426,19,1618,1640,1594,1618,1640,1594,1618,1640,1594,22,-24,22,24,FALSE,FALSE
426,20,1707,1702,1662,1707,1702,1662,1707,1702,1662,-5,-45,5,45,FALSE,FALSE
426,21,1786,1764,1719,1786,1764,1719,1786,1764,1719,-22,-67,22,67,FALSE,FALSE
426,22,1857,1813,1762,1857,1813,1762,1857,1813,1762,-44,-95,44,95,FALSE,FALSE
426,23,1909,1849,1840,1909,1849,1840,1909,1849,1840,-60,-69,60,69,FALSE,FALSE
426,24,1919,1839,1859,1919,1839,1859,1919,1839,1859,-80,-60,80,60,FALSE,FALSE
426,25,1920,1873,1847,1920,1873,1847,1920,1873,1847,-47,-73,47,73,FALSE,FALSE
426,26,1888,1873,1830,1888,1873,1830,1888,1873,1830,-15,-58,15,58,FALSE,FALSE
426,27,1888,1839,1829,1888,1839,1829,1888,1839,1829,-49,-59,49,59,FALSE,FALSE
426,28,1837,1803,1773,1837,1803,1773,1837,1803,1773,-34,-64,34,64,FALSE,FALSE
426,29,1765,1756,1741,1765,1756,1741,1765,1756,1741,-9,-24,9,24,FALSE,FALSE
426,30,1712,1692,1670,1712,1692,1670,1712,1692,1670,-20,-42,20,42,FALSE,FALSE
426,31,1662,1626,1625,1662,1626,1625,1662,1626,1625,-36,-37,36,37,FALSE,FALSE
426,32,1580,1529,1551,1580,1529,1551,1580,1529,1551,-51,-29,51,29,FALSE,FALSE
426,33,1490,1461,1469,1490,1461,1469,1490,1461,1469,-29,-21,29,21,FALSE,FALSE
426,34,1390,1410,1387,1390,1410,1387,1390,1410,1387,20,-3,20,3,FALSE,FALSE
426,35,1326,1340,1300,1326,1340,1300,1326,1340,1300,14,-26,14,26,FALSE,FALSE
426,36,1276,1275,1210,1276,1275,1210,1276,1275,1210,-1,-66,1,66,FALSE,FALSE
426,37,1195,1222,1123,1195,1222,1123,1195,1222,1123,27,-72,27,72,FALSE,FALSE
426,38,1105,1139,1048,1105,1139,1048,1105,1139,1048,34,-57,34,57,FALSE,FALSE
426,39,1004,1063,990,1004,1063,990,1004,1063,990,59,-14,59,14,FALSE,FALSE
426,40,929,996,952,929,996,952,929,996,952,67,23,67,23,FALSE,FALSE
426,41,853,918,892,853,918,892,853,918,892,65,39,65,39,FALSE,FALSE
426,42,797,839,818,797,839,818,797,839,818,42,21,42,21,FALSE,FALSE
426,43,733,782,751,733,782,751,733,782,751,49,18,49,18,FALSE,FALSE
426,44,686,722,708,686,722,708,686,722,708,36,22,36,22,FALSE,FALSE
426,45,636,670,651,636,670,651,636,670,651,34,15,34,15,FALSE,FALSE
426,46,592,618,617,592,618,617,592,618,617,26,25,26,25,FALSE,FALSE
426,47,542,571,572,542,571,572,542,571,572,29,30,29,30,FALSE,FALSE
426,48,486,525,519,486,525,519,486,525,519,39,33,39,33,FALSE,FALSE
426,49,448,491,477,448,491,477,448,491,477,43,29,43,29,FALSE,FALSE
426,50,401,449,443,401,449,443,401,449,443,48,42,48,42,FALSE,FALSE
426,51,369,403,412,369,403,412,369,403,412,34,43,34,43,FALSE,FALSE
426,52,340,373,377,340,373,377,340,373,377,33,37,33,37,FALSE,FALSE
426,53,320,334,365,320,334,365,320,334,365,14,45,14,45,FALSE,FALSE
426,54,290,296,340,290,296,340,290,296,340,6,50,6,50,FALSE,FALSE
426,55,263,277,312,263,277,312,263,277,312,14,49,14,49,FALSE,FALSE
426,56,243,250,276,243,250,276,243,250,276,7,33,7,33,FALSE,FALSE
426,57,203,240,258,203,240,258,203,240,258,37,55,37,55,FALSE,FALSE
426,58,188,232,237,188,232,237,188,232,237,44,49,44,49,FALSE,FALSE
426,59,181,218,224,181,218,224,181,218,224,37,43,37,43,FALSE,FALSE
426,60,159,197,211,159,197,211,159,197,211,38,52,38,52,FALSE,FALSE
427,0,106,106,106,106,106,106,106,106,106,0,0,0,0,TRUE,TRUE
427,1,104,118,110,104,118,110,104,118,110,14,6,14,6,FALSE,FALSE
427,2,107,132,109,107,132,109,107,132,109,25,2,25,2,FALSE,FALSE
427,3,110,140,105,110,140,105,110,140,105,30,-5,30,5,FALSE,FALSE
427,4,107,140,106,107,140,106,107,140,106,33,-1,33,1,FALSE,FALSE
427,5,111,148,106,111,148,106,111,148,106,37,-5,37,5,FALSE,FALSE
427,6,116,176,105,116,176,105,116,176,105,60,-11,60,11,FALSE,FALSE
427,7,120,191,116,120,191,116,120,191,116,71,-4,71,4,FALSE,FALSE
427,8,116,216,115,116,216,115,116,216,115,100,-1,100,1,FALSE,FALSE
427,9,121,269,118,121,269,118,121,269,118,148,-3,148,3,FALSE,FALSE
427,10,116,296,124,116,296,124,116,296,124,180,8,180,8,FALSE,FALSE
427,11,113,334,126,113,334,126,113,334,126,221,13,221,13,FALSE,FALSE
427,12,121,380,134,121,380,134,121,380,134,259,13,259,13,FALSE,FALSE
427,13,126,422,137,126,422,137,126,422,137,296,11,296,11,FALSE,FALSE
427,14,135,440,138,135,440,138,135,440,138,305,3,305,3,FALSE,FALSE
427,15,142,493,140,142,493,140,142,493,140,351,-2,351,2,FALSE,FALSE
427,16,146,532,132,146,532,132,146,532,132,386,-14,386,14,FALSE,FALSE
427,17,152,553,130,152,553,130,152,553,130,401,-22,401,22,FALSE,FALSE
427,18,154,600,144,154,600,144,154,600,144,446,-10,446,10,FALSE,FALSE
427,19,159,626,139,159,626,139,159,626,139,467,-20,467,20,FALSE,FALSE
427,20,159,669,145,159,669,145,159,669,145,510,-14,510,14,FALSE,FALSE
427,21,167,696,143,167,696,143,167,696,143,529,-24,529,24,FALSE,FALSE
427,22,172,723,147,172,723,147,172,723,147,551,-25,551,25,FALSE,FALSE
427,23,180,739,139,180,739,139,180,739,139,559,-41,559,41,FALSE,FALSE
427,24,188,755,149,188,755,149,188,755,149,567,-39,567,39,FALSE,FALSE
427,25,179,780,145,179,780,145,179,780,145,601,-34,601,34,FALSE,FALSE
427,26,185,804,150,185,804,150,185,804,150,619,-35,619,35,FALSE,FALSE
427,27,185,815,157,185,815,157,185,815,157,630,-28,630,28,FALSE,FALSE
427,28,190,835,165,190,835,165,190,835,165,645,-25,645,25,FALSE,FALSE
427,29,196,848,164,196,848,164,196,848,164,652,-32,652,32,FALSE,FALSE
427,30,207,837,166,207,837,166,207,837,166,630,-41,630,41,FALSE,FALSE
427,31,211,831,166,211,831,166,211,831,166,620,-45,620,45,FALSE,FALSE
427,32,213,800,165,213,800,165,213,800,165,587,-48,587,48,FALSE,FALSE
427,33,210,778,171,210,778,171,210,778,171,568,-39,568,39,FALSE,FALSE
427,34,214,768,168,214,768,168,214,768,168,554,-46,554,46,FALSE,FALSE
427,35,228,740,172,228,740,172,228,740,172,512,-56,512,56,FALSE,FALSE
427,36,230,721,177,230,721,177,230,721,177,491,-53,491,53,FALSE,FALSE
427,37,239,690,177,239,690,177,239,690,177,451,-62,451,62,FALSE,FALSE
427,38,251,683,176,251,683,176,251,683,176,432,-75,432,75,FALSE,FALSE
427,39,249,657,180,249,657,180,249,657,180,408,-69,408,69,FALSE,FALSE
427,40,248,610,181,248,610,181,248,610,181,362,-67,362,67,FALSE,FALSE
427,41,247,588,183,247,588,183,247,588,183,341,-64,341,64,FALSE,FALSE
427,42,241,555,174,241,555,174,241,555,174,314,-67,314,67,FALSE,FALSE
427,43,247,497,175,247,497,175,247,497,175,250,-72,250,72,FALSE,FALSE
427,44,245,484,172,245,484,172,245,484,172,239,-73,239,73,FALSE,FALSE
427,45,257,434,176,257,434,176,257,434,176,177,-81,177,81,FALSE,FALSE
427,46,259,404,181,259,404,181,259,404,181,145,-78,145,78,FALSE,FALSE
427,47,263,357,177,263,357,177,263,357,177,94,-86,94,86,FALSE,FALSE
427,48,275,322,185,275,322,185,275,322,185,47,-90,47,90,FALSE,FALSE
427,49,276,309,189,276,309,189,276,309,189,33,-87,33,87,FALSE,FALSE
427,50,274,289,184,274,289,184,274,289,184,15,-90,15,90,FALSE,FALSE
427,51,269,266,205,269,266,205,269,266,205,-3,-64,3,64,FALSE,FALSE
427,52,271,232,204,271,232,204,271,232,204,-39,-67,39,67,FALSE,FALSE
427,53,265,193,201,265,193,201,265,193,201,-72,-64,72,64,FALSE,FALSE
427,54,274,171,196,274,171,196,274,171,196,-103,-78,103,78,FALSE,FALSE
427,55,277,155,214,277,155,214,277,155,214,-122,-63,122,63,FALSE,FALSE
427,56,270,138,204,270,138,204,270,138,204,-132,-66,132,66,FALSE,FALSE
427,57,273,126,203,273,126,203,273,126,203,-147,-70,147,70,FALSE,FALSE
427,58,285,120,204,285,120,204,285,120,204,-165,-81,165,81,FALSE,FALSE
427,59,279,105,203,279,105,203,279,105,203,-174,-76,174,76,FALSE,FALSE
427,60,275,102,210,275,102,210,275,102,210,-173,-65,173,65,FALSE,FALSE
428,0,98,98,98,98,98,98,98,98,98,0,0,0,0,TRUE,TRUE
428,1,150,141,168,150,141,168,150,141,168,-9,18,9,18,FALSE,FALSE
428,2,232,228,268,232,228,268,232,228,268,-4,36,4,36,FALSE,FALSE
428,3,351,364,427,351,364,427,351,364,427,13,76,13,76,FALSE,FALSE
428,4,515,521,631,515,521,631,515,521,631,6,116,6,116,FALSE,FALSE
428,5,727,795,908,727,795,908,727,795,908,68,181,68,181,FALSE,FALSE
428,6,1018,1119,1249,1018,1119,1249,1018,1119,1249,101,231,101,231,FALSE,FALSE
428,7,1395,1475,1613,1395,1475,1613,1395,1475,1613,80,218,80,218,FALSE,FALSE
428,8,1782,1911,1994,1782,1911,1994,1782,1911,1994,129,212,129,212,FALSE,FALSE
428,9,2144,2224,2321,2144,2224,2321,2144,2224,2321,80,177,80,177,FALSE,FALSE
428,10,2390,2413,2532,2390,2413,2532,2390,2413,2532,23,142,23,142,FALSE,FALSE
428,11,2482,2512,2595,2482,2512,2595,2482,2512,2595,30,113,30,113,FALSE,FALSE
428,12,2391,2431,2508,2391,2431,2508,2391,2431,2508,40,117,40,117,FALSE,FALSE
428,13,2325,2216,2281,2325,2216,2281,2325,2216,2281,-109,-44,109,44,FALSE,FALSE
428,14,2108,2014,2066,2108,2014,2066,2108,2014,2066,-94,-42,94,42,FALSE,FALSE
428,15,1887,1822,1769,1887,1822,1769,1887,1822,1769,-65,-118,65,118,FALSE,FALSE
428,16,1624,1556,1497,1624,1556,1497,1624,1556,1497,-68,-127,68,127,FALSE,FALSE
428,17,1381,1320,1281,1381,1320,1281,1381,1320,1281,-61,-100,61,100,FALSE,FALSE
428,18,1189,1126,1084,1189,1126,1084,1189,1126,1084,-63,-105,63,105,FALSE,FALSE
428,19,965,945,892,965,945,892,965,945,892,-20,-73,20,73,FALSE,FALSE
428,20,828,778,743,828,778,743,828,778,743,-50,-85,50,85,FALSE,FALSE
428,21,674,660,631,674,660,631,674,660,631,-14,-43,14,43,FALSE,FALSE
428,22,562,536,519,562,536,519,562,536,519,-26,-43,26,43,FALSE,FALSE
428,23,465,433,423,465,433,423,465,433,423,-32,-42,32,42,FALSE,FALSE
428,24,379,342,334,379,342,334,379,342,334,-37,-45,37,45,FALSE,FALSE
428,25,304,272,273,304,272,273,304,272,273,-32,-31,32,31,FALSE,FALSE
428,26,252,215,227,252,215,227,252,215,227,-37,-25,37,25,FALSE,FALSE
428,27,212,184,190,212,184,190,212,184,190,-28,-22,28,22,FALSE,FALSE
428,28,179,154,150,179,154,150,179,154,150,-25,-29,25,29,FALSE,FALSE
428,29,153,117,115,153,117,115,153,117,115,-36,-38,36,38,FALSE,FALSE
428,30,126,95,100,126,95,100,126,95,100,-31,-26,31,26,FALSE,FALSE
428,31,99,82,85,99,82,85,99,82,85,-17,-14,17,14,FALSE,FALSE
428,32,79,73,66,79,73,66,79,73,66,-6,-13,6,13,FALSE,FALSE
428,33,70,55,57,70,55,57,70,55,57,-15,-13,15,13,FALSE,FALSE
428,34,61,40,48,61,40,48,61,40,48,-21,-13,21,13,FALSE,FALSE
428,35,49,27,39,49,27,39,49,27,39,-22,-10,22,10,FALSE,FALSE
428,36,36,23,36,36,23,36,36,23,36,-13,0,13,0,FALSE,TRUE
428,37,29,18,28,29,18,28,29,18,28,-11,-1,11,1,FALSE,FALSE
428,38,24,13,25,24,13,25,24,13,25,-11,1,11,1,FALSE,FALSE
428,39,19,12,21,19,12,21,19,12,21,-7,2,7,2,FALSE,FALSE
428,40,15,8,17,15,8,17,15,8,17,-7,2,7,2,FALSE,FALSE
428,41,13,5,15,13,5,15,13,5,15,-8,2,8,2,FALSE,FALSE
428,42,12,4,10,12,4,10,12,4,10,-8,-2,8,2,FALSE,FALSE
428,43,11,2,9,11,2,9,11,2,9,-9,-2,9,2,FALSE,FALSE
428,44,9,1,5,9,1,5,9,1,5,-8,-4,8,4,FALSE,FALSE
428,45,7,1,5,7,1,5,7,1,5,-6,-2,6,2,FALSE,FALSE
428,46,6,1,2,6,1,2,6,1,2,-5,-4,5,4,FALSE,FALSE
428,47,5,1,2,5,1,2,5,1,2,-4,-3,4,3,FALSE,FALSE
428,48,5,1,1,5,1,1,5,1,1,-4,-4,4,4,FALSE,FALSE
428,49,4,1,0,4,1,0,4,1,0,-3,-4,3,4,FALSE,FALSE
428,50,3,0,0,3,0,0,3,0,0,-3,-3,3,3,FALSE,FALSE
428,51,2,0,0,2,0,0,2,0,0,-2,-2,2,2,FALSE,FALSE
428,52,1,0,0,1,0,0,1,0,0,-1,-1,1,1,FALSE,FALSE
428,53,0,0,0,0,0,0,0,0,0,0,0,0,0,TRUE,TRUE
428,54,0,0,0,0,0,0,0,0,0,0,0,0,0,TRUE,TRUE
428,55,0,0,0,0,0,0,0,0,0,0,0,0,0,TRUE,TRUE
428,56,0,0,0,0,0,0,0,0,0,0,0,0,0,TRUE,TRUE
428,57,0,0,0,0,0,0,0,0,0,0,0,0,0,TRUE,TRUE
428,58,0,0,0,0,0,0,0,0,0,0,0,0,0,TRUE,TRUE
428,59,0,0,0,0,0,0,0,0,0,0,0,0,0,TRUE,TRUE
428,60,0,0,0,0,0,0,0,0,0,0,0,0,0,TRUE,TRUE
429,0,70,70,70,70,70,70,70,70,70,0,0,0,0,TRUE,TRUE
429,1,105,100,103,105,100,103,105,100,103,-5,-2,5,2,FALSE,FALSE
429,2,148,138,155,148,138,155,148,138,155,-10,7,10,7,FALSE,FALSE
429,3,205,201,215,205,201,215,205,201,215,-4,10,4,10,FALSE,FALSE
429,4,292,295,326,292,295,326,292,295,326,3,34,3,34,FALSE,FALSE
429,5,411,426,441,411,426,441,411,426,441,15,30,15,30,FALSE,FALSE
429,6,572,577,588,572,577,588,572,577,588,5,16,5,16,FALSE,FALSE
429,7,783,775,802,783,775,802,783,775,802,-8,19,8,19,FALSE,FALSE
429,8,966,1013,1064,966,1013,1064,966,1013,1064,47,98,47,98,FALSE,FALSE
429,9,1177,1265,1286,1177,1265,1286,1177,1265,1286,88,109,88,109,FALSE,FALSE
429,10,1423,1465,1570,1423,1465,1570,1423,1465,1570,42,147,42,147,FALSE,FALSE
429,11,1663,1627,1803,1663,1627,1803,1663,1627,1803,-36,140,36,140,FALSE,FALSE
429,12,1758,1780,1941,1758,1780,1941,1758,1780,1941,22,183,22,183,FALSE,FALSE
429,13,1828,1820,2003,1828,1820,2003,1828,1820,2003,-8,175,8,175,FALSE,FALSE
429,14,1827,1826,1925,1827,1826,1925,1827,1826,1925,-1,98,1,98,FALSE,FALSE
429,15,1764,1728,1836,1764,1728,1836,1764,1728,1836,-36,72,36,72,FALSE,FALSE
429,16,1609,1606,1673,1609,1606,1673,1609,1606,1673,-3,64,3,64,FALSE,FALSE
429,17,1436,1456,1463,1436,1456,1463,1436,1456,1463,20,27,20,27,FALSE,FALSE
429,18,1291,1294,1253,1291,1294,1253,1291,1294,1253,3,-38,3,38,FALSE,FALSE
429,19,1112,1094,1074,1112,1094,1074,1112,1094,1074,-18,-38,18,38,FALSE,FALSE
429,20,969,953,901,969,953,901,969,953,901,-16,-68,16,68,FALSE,FALSE
429,21,846,825,773,846,825,773,846,825,773,-21,-73,21,73,FALSE,FALSE
429,22,729,698,633,729,698,633,729,698,633,-31,-96,31,96,FALSE,FALSE
429,23,608,602,512,608,602,512,608,602,512,-6,-96,6,96,FALSE,FALSE
429,24,510,509,421,510,509,421,510,509,421,-1,-89,1,89,FALSE,FALSE
429,25,411,425,355,411,425,355,411,425,355,14,-56,14,56,FALSE,FALSE
429,26,343,363,275,343,363,275,343,363,275,20,-68,20,68,FALSE,FALSE
429,27,287,316,221,287,316,221,287,316,221,29,-66,29,66,FALSE,FALSE
429,28,229,260,182,229,260,182,229,260,182,31,-47,31,47,FALSE,FALSE
429,29,185,214,144,185,214,144,185,214,144,29,-41,29,41,FALSE,FALSE
429,30,147,187,119,147,187,119,147,187,119,40,-28,40,28,FALSE,FALSE
429,31,132,160,103,132,160,103,132,160,103,28,-29,28,29,FALSE,FALSE
429,32,108,133,83,108,133,83,108,133,83,25,-25,25,25,FALSE,FALSE
429,33,84,112,70,84,112,70,84,112,70,28,-14,28,14,FALSE,FALSE
429,34,71,97,57,71,97,57,71,97,57,26,-14,26,14,FALSE,FALSE
429,35,54,78,42,54,78,42,54,78,42,24,-12,24,12,FALSE,FALSE
429,36,46,70,37,46,70,37,46,70,37,24,-9,24,9,FALSE,FALSE
429,37,36,60,29,36,60,29,36,60,29,24,-7,24,7,FALSE,FALSE
429,38,32,52,22,32,52,22,32,52,22,20,-10,20,10,FALSE,FALSE
429,39,25,37,20,25,37,20,25,37,20,12,-5,12,5,FALSE,FALSE
429,40,24,31,18,24,31,18,24,31,18,7,-6,7,6,FALSE,FALSE
429,41,21,23,14,21,23,14,21,23,14,2,-7,2,7,FALSE,FALSE
429,42,21,19,10,21,19,10,21,19,10,-2,-11,2,11,FALSE,FALSE
429,43,17,19,9,17,19,9,17,19,9,2,-8,2,8,FALSE,FALSE
429,44,14,15,8,14,15,8,14,15,8,1,-6,1,6,FALSE,FALSE
429,45,11,14,7,11,14,7,11,14,7,3,-4,3,4,FALSE,FALSE
429,46,10,10,7,10,10,7,10,10,7,0,-3,0,3,TRUE,FALSE
429,47,9,8,5,9,8,5,9,8,5,-1,-4,1,4,FALSE,FALSE
429,48,8,9,4,8,9,4,8,9,4,1,-4,1,4,FALSE,FALSE
429,49,7,8,4,7,8,4,7,8,4,1,-3,1,3,FALSE,FALSE
429,50,5,7,4,5,7,4,5,7,4,2,-1,2,1,FALSE,FALSE
429,51,4,8,4,4,8,4,4,8,4,4,0,4,0,FALSE,TRUE
429,52,3,5,3,3,5,3,3,5,3,2,0,2,0,FALSE,TRUE
429,53,3,5,2,3,5,2,3,5,2,2,-1,2,1,FALSE,FALSE
429,54,2,4,2,2,4,2,2,4,2,2,0,2,0,FALSE,TRUE
429,55,2,4,2,2,4,2,2,4,2,2,0,2,0,FALSE,TRUE
429,56,1,2,2,1,2,2,1,2,2,1,1,1,1,FALSE,FALSE
429,57,1,1,2,1,1,2,1,1,2,0,1,0,1,TRUE,FALSE
429,58,1,1,2,1,1,2,1,1,2,0,1,0,1,TRUE,FALSE
429,59,1,1,2,1,1,2,1,1,2,0,1,0,1,TRUE,FALSE
429,60,1,1,2,1,1,2,1,1,2,0,1,0,1,TRUE,FALSE
430,0,107,107,107,107,107,107,107,107,107,0,0,0,0,TRUE,TRUE
430,1,128,127,112,128,127,112,128,127,112,-1,-16,1,16,FALSE,FALSE
430,2,150,148,123,150,148,123,150,148,123,-2,-27,2,27,FALSE,FALSE
430,3,174,178,136,174,178,136,174,178,136,4,-38,4,38,FALSE,FALSE
430,4,205,204,158,205,204,158,205,204,158,-1,-47,1,47,FALSE,FALSE
430,5,234,222,170,234,222,170,234,222,170,-12,-64,12,64,FALSE,FALSE
430,6,275,255,188,275,255,188,275,255,188,-20,-87,20,87,FALSE,FALSE
430,7,319,303,213,319,303,213,319,303,213,-16,-106,16,106,FALSE,FALSE
430,8,368,353,222,368,353,222,368,353,222,-15,-146,15,146,FALSE,FALSE
430,9,403,405,252,403,405,252,403,405,252,2,-151,2,151,FALSE,FALSE
430,10,440,456,280,440,456,280,440,456,280,16,-160,16,160,FALSE,FALSE
430,11,509,543,316,509,543,316,509,543,316,34,-193,34,193,FALSE,FALSE
430,12,580,599,359,580,599,359,580,599,359,19,-221,19,221,FALSE,FALSE
430,13,645,685,393,645,685,393,645,685,393,40,-252,40,252,FALSE,FALSE
430,14,714,757,444,714,757,444,714,757,444,43,-270,43,270,FALSE,FALSE
430,15,787,796,494,787,796,494,787,796,494,9,-293,9,293,FALSE,FALSE
430,16,837,874,558,837,874,558,837,874,558,37,-279,37,279,FALSE,FALSE
430,17,890,906,592,890,906,592,890,906,592,16,-298,16,298,FALSE,FALSE
430,18,933,959,635,933,959,635,933,959,635,26,-298,26,298,FALSE,FALSE
430,19,984,985,690,984,985,690,984,985,690,1,-294,1,294,FALSE,FALSE
430,20,976,1027,712,976,1027,712,976,1027,712,51,-264,51,264,FALSE,FALSE
430,21,1011,1026,743,1011,1026,743,1011,1026,743,15,-268,15,268,FALSE,FALSE
430,22,1052,1034,760,1052,1034,760,1052,1034,760,-18,-292,18,292,FALSE,FALSE
430,23,1049,1068,792,1049,1068,792,1049,1068,792,19,-257,19,257,FALSE,FALSE
430,24,1078,1079,806,1078,1079,806,1078,1079,806,1,-272,1,272,FALSE,FALSE
430,25,1040,1067,816,1040,1067,816,1040,1067,816,27,-224,27,224,FALSE,FALSE
430,26,1012,1052,846,1012,1052,846,1012,1052,846,40,-166,40,166,FALSE,FALSE
430,27,956,1018,832,956,1018,832,956,1018,832,62,-124,62,124,FALSE,FALSE
430,28,918,983,824,918,983,824,918,983,824,65,-94,65,94,FALSE,FALSE
430,29,873,939,830,873,939,830,873,939,830,66,-43,66,43,FALSE,FALSE
430,30,819,891,800,819,891,800,819,891,800,72,-19,72,19,FALSE,FALSE
430,31,785,832,789,785,832,789,785,832,789,47,4,47,4,FALSE,FALSE
430,32,742,764,802,742,764,802,742,764,802,22,60,22,60,FALSE,FALSE
430,33,694,703,789,694,703,789,694,703,789,9,95,9,95,FALSE,FALSE
430,34,652,649,760,652,649,760,652,649,760,-3,108,3,108,FALSE,FALSE
430,35,616,613,735,616,613,735,616,613,735,-3,119,3,119,FALSE,FALSE
430,36,549,581,697,549,581,697,549,581,697,32,148,32,148,FALSE,FALSE
430,37,478,532,635,478,532,635,478,532,635,54,157,54,157,FALSE,FALSE
430,38,420,488,581,420,488,581,420,488,581,68,161,68,161,FALSE,FALSE
430,39,403,470,511,403,470,511,403,470,511,67,108,67,108,FALSE,FALSE
430,40,367,414,466,367,414,466,367,414,466,47,99,47,99,FALSE,FALSE
430,41,332,384,446,332,384,446,332,384,446,52,114,52,114,FALSE,FALSE
430,42,311,348,424,311,348,424,311,348,424,37,113,37,113,FALSE,FALSE
430,43,276,328,377,276,328,377,276,328,377,52,101,52,101,FALSE,FALSE
430,44,268,284,357,268,284,357,268,284,357,16,89,16,89,FALSE,FALSE
430,45,241,253,343,241,253,343,241,253,343,12,102,12,102,FALSE,FALSE
430,46,223,215,291,223,215,291,223,215,291,-8,68,8,68,FALSE,FALSE
430,47,206,195,266,206,195,266,206,195,266,-11,60,11,60,FALSE,FALSE
430,48,185,165,254,185,165,254,185,165,254,-20,69,20,69,FALSE,FALSE
430,49,178,145,217,178,145,217,178,145,217,-33,39,33,39,FALSE,FALSE
430,50,162,128,193,162,128,193,162,128,193,-34,31,34,31,FALSE,FALSE
430,51,145,112,180,145,112,180,145,112,180,-33,35,33,35,FALSE,FALSE
430,52,125,98,158,125,98,158,125,98,158,-27,33,27,33,FALSE,FALSE
430,53,112,91,149,112,91,149,112,91,149,-21,37,21,37,FALSE,FALSE
430,54,91,87,137,91,87,137,91,87,137,-4,46,4,46,FALSE,FALSE
430,55,78,70,121,78,70,121,78,70,121,-8,43,8,43,FALSE,FALSE
430,56,65,66,120,65,66,120,65,66,120,1,55,1,55,FALSE,FALSE
430,57,59,58,110,59,58,110,59,58,110,-1,51,1,51,FALSE,FALSE
430,58,49,51,103,49,51,103,49,51,103,2,54,2,54,FALSE,FALSE
430,59,51,50,100,51,50,100,51,50,100,-1,49,1,49,FALSE,FALSE
430,60,56,48,94,56,48,94,56,48,94,-8,38,8,38,FALSE,FALSE
431,0,142,142,142,142,142,142,142,142,142,0,0,0,0,TRUE,TRUE
431,1,161,190,170,161,190,170,161,190,170,29,9,29,9,FALSE,FALSE
431,2,201,220,195,201,220,195,201,220,195,19,-6,19,6,FALSE,FALSE
431,3,241,274,230,241,274,230,241,274,230,33,-11,33,11,FALSE,FALSE
431,4,287,340,297,287,340,297,287,340,297,53,10,53,10,FALSE,FALSE
431,5,353,439,343,353,439,343,353,439,343,86,-10,86,10,FALSE,FALSE
431,6,418,526,400,418,526,400,418,526,400,108,-18,108,18,FALSE,FALSE
431,7,504,640,471,504,640,471,504,640,471,136,-33,136,33,FALSE,FALSE
431,8,593,757,580,593,757,580,593,757,580,164,-13,164,13,FALSE,FALSE
431,9,685,872,682,685,872,682,685,872,682,187,-3,187,3,FALSE,FALSE
431,10,785,1021,798,785,1021,798,785,1021,798,236,13,236,13,FALSE,FALSE
431,11,896,1181,944,896,1181,944,896,1181,944,285,48,285,48,FALSE,FALSE
431,12,1016,1331,1062,1016,1331,1062,1016,1331,1062,315,46,315,46,FALSE,FALSE
431,13,1154,1441,1167,1154,1441,1167,1154,1441,1167,287,13,287,13,FALSE,FALSE
431,14,1273,1584,1263,1273,1584,1263,1273,1584,1263,311,-10,311,10,FALSE,FALSE
431,15,1386,1679,1338,1386,1679,1338,1386,1679,1338,293,-48,293,48,FALSE,FALSE
431,16,1479,1742,1448,1479,1742,1448,1479,1742,1448,263,-31,263,31,FALSE,FALSE
431,17,1522,1774,1591,1522,1774,1591,1522,1774,1591,252,69,252,69,FALSE,FALSE
431,18,1605,1741,1646,1605,1741,1646,1605,1741,1646,136,41,136,41,FALSE,FALSE
431,19,1660,1758,1702,1660,1758,1702,1660,1758,1702,98,42,98,42,FALSE,FALSE
431,20,1629,1743,1713,1629,1743,1713,1629,1743,1713,114,84,114,84,FALSE,FALSE
431,21,1593,1683,1687,1593,1683,1687,1593,1683,1687,90,94,90,94,FALSE,FALSE
431,22,1551,1573,1656,1551,1573,1656,1551,1573,1656,22,105,22,105,FALSE,FALSE
431,23,1500,1461,1629,1500,1461,1629,1500,1461,1629,-39,129,39,129,FALSE,FALSE
431,24,1475,1361,1518,1475,1361,1518,1475,1361,1518,-114,43,114,43,FALSE,FALSE
431,25,1400,1238,1439,1400,1238,1439,1400,1238,1439,-162,39,162,39,FALSE,FALSE
431,26,1285,1156,1339,1285,1156,1339,1285,1156,1339,-129,54,129,54,FALSE,FALSE
431,27,1160,1042,1192,1160,1042,1192,1160,1042,1192,-118,32,118,32,FALSE,FALSE
431,28,1077,933,1092,1077,933,1092,1077,933,1092,-144,15,144,15,FALSE,FALSE
431,29,971,855,965,971,855,965,971,855,965,-116,-6,116,6,FALSE,FALSE
431,30,874,772,877,874,772,877,874,772,877,-102,3,102,3,FALSE,FALSE
431,31,783,656,754,783,656,754,783,656,754,-127,-29,127,29,FALSE,FALSE
431,32,682,605,697,682,605,697,682,605,697,-77,15,77,15,FALSE,FALSE
431,33,617,523,619,617,523,619,617,523,619,-94,2,94,2,FALSE,FALSE
431,34,557,461,544,557,461,544,557,461,544,-96,-13,96,13,FALSE,FALSE
431,35,502,418,490,502,418,490,502,418,490,-84,-12,84,12,FALSE,FALSE
431,36,445,385,449,445,385,449,445,385,449,-60,4,60,4,FALSE,FALSE
431,37,405,354,389,405,354,389,405,354,389,-51,-16,51,16,FALSE,FALSE
431,38,372,309,349,372,309,349,372,309,349,-63,-23,63,23,FALSE,FALSE
431,39,329,263,311,329,263,311,329,263,311,-66,-18,66,18,FALSE,FALSE
431,40,292,242,273,292,242,273,292,242,273,-50,-19,50,19,FALSE,FALSE
431,41,257,208,243,257,208,243,257,208,243,-49,-14,49,14,FALSE,FALSE
431,42,229,187,202,229,187,202,229,187,202,-42,-27,42,27,FALSE,FALSE
431,43,198,157,185,198,157,185,198,157,185,-41,-13,41,13,FALSE,FALSE
431,44,175,144,170,175,144,170,175,144,170,-31,-5,31,5,FALSE,FALSE
431,45,151,121,143,151,121,143,151,121,143,-30,-8,30,8,FALSE,FALSE
431,46,137,102,122,137,102,122,137,102,122,-35,-15,35,15,FALSE,FALSE
431,47,129,95,103,129,95,103,129,95,103,-34,-26,34,26,FALSE,FALSE
431,48,114,82,96,114,82,96,114,82,96,-32,-18,32,18,FALSE,FALSE
431,49,108,76,82,108,76,82,108,76,82,-32,-26,32,26,FALSE,FALSE
431,50,95,66,73,95,66,73,95,66,73,-29,-22,29,22,FALSE,FALSE
431,51,81,55,59,81,55,59,81,55,59,-26,-22,26,22,FALSE,FALSE
431,52,74,49,51,74,49,51,74,49,51,-25,-23,25,23,FALSE,FALSE
431,53,71,44,47,71,44,47,71,44,47,-27,-24,27,24,FALSE,FALSE
431,54,59,34,40,59,34,40,59,34,40,-25,-19,25,19,FALSE,FALSE
431,55,51,29,34,51,29,34,51,29,34,-22,-17,22,17,FALSE,FALSE
431,56,45,26,27,45,26,27,45,26,27,-19,-18,19,18,FALSE,FALSE
431,57,44,28,23,44,28,23,44,28,23,-16,-21,16,21,FALSE,FALSE
431,58,38,21,18,38,21,18,38,21,18,-17,-20,17,20,FALSE,FALSE
431,59,33,21,17,33,21,17,33,21,17,-12,-16,12,16,FALSE,FALSE
431,60,28,18,11,28,18,11,28,18,11,-10,-17,10,17,FALSE,FALSE
432,0,51,51,51,51,51,51,51,51,51,0,0,0,0,TRUE,TRUE
432,1,67,72,68,67,72,68,67,72,68,5,1,5,1,FALSE,FALSE
432,2,96,86,88,96,86,88,96,86,88,-10,-8,10,8,FALSE,FALSE
432,3,134,121,126,134,121,126,134,121,126,-13,-8,13,8,FALSE,FALSE
432,4,179,156,157,179,156,157,179,156,157,-23,-22,23,22,FALSE,FALSE
432,5,236,211,218,236,211,218,236,211,218,-25,-18,25,18,FALSE,FALSE
432,6,328,279,289,328,279,289,328,279,289,-49,-39,49,39,FALSE,FALSE
432,7,434,366,393,434,366,393,434,366,393,-68,-41,68,41,FALSE,FALSE
432,8,570,466,514,570,466,514,570,466,514,-104,-56,104,56,FALSE,FALSE
432,9,759,581,659,759,581,659,759,581,659,-178,-100,178,100,FALSE,FALSE
432,10,968,763,849,968,763,849,968,763,849,-205,-119,205,119,FALSE,FALSE
432,11,1230,1001,1102,1230,1001,1102,1230,1001,1102,-229,-128,229,128,FALSE,FALSE
432,12,1490,1249,1344,1490,1249,1344,1490,1249,1344,-241,-146,241,146,FALSE,FALSE
432,13,1796,1496,1620,1796,1496,1620,1796,1496,1620,-300,-176,300,176,FALSE,FALSE
432,14,2076,1795,1921,2076,1795,1921,2076,1795,1921,-281,-155,281,155,FALSE,FALSE
432,15,2322,2095,2217,2322,2095,2217,2322,2095,2217,-227,-105,227,105,FALSE,FALSE
432,16,2555,2359,2498,2555,2359,2498,2555,2359,2498,-196,-57,196,57,FALSE,FALSE
432,17,2728,2591,2689,2728,2591,2689,2728,2591,2689,-137,-39,137,39,FALSE,FALSE
432,18,2856,2738,2881,2856,2738,2881,2856,2738,2881,-118,25,118,25,FALSE,FALSE
432,19,2888,2850,2978,2888,2850,2978,2888,2850,2978,-38,90,38,90,FALSE,FALSE
432,20,2929,2867,2994,2929,2867,2994,2929,2867,2994,-62,65,62,65,FALSE,FALSE
432,21,2872,2853,2941,2872,2853,2941,2872,2853,2941,-19,69,19,69,FALSE,FALSE
432,22,2796,2791,2849,2796,2791,2849,2796,2791,2849,-5,53,5,53,FALSE,FALSE
432,23,2739,2670,2713,2739,2670,2713,2739,2670,2713,-69,-26,69,26,FALSE,FALSE
432,24,2621,2519,2592,2621,2519,2592,2621,2519,2592,-102,-29,102,29,FALSE,FALSE
432,25,2512,2351,2441,2512,2351,2441,2512,2351,2441,-161,-71,161,71,FALSE,FALSE
432,26,2353,2223,2297,2353,2223,2297,2353,2223,2297,-130,-56,130,56,FALSE,FALSE
432,27,2192,2078,2146,2192,2078,2146,2192,2078,2146,-114,-46,114,46,FALSE,FALSE
432,28,2032,1918,2022,2032,1918,2022,2032,1918,2022,-114,-10,114,10,FALSE,FALSE
432,29,1889,1788,1886,1889,1788,1886,1889,1788,1886,-101,-3,101,3,FALSE,FALSE
432,30,1741,1658,1727,1741,1658,1727,1741,1658,1727,-83,-14,83,14,FALSE,FALSE
432,31,1595,1539,1595,1595,1539,1595,1595,1539,1595,-56,0,56,0,FALSE,TRUE
432,32,1455,1400,1467,1455,1400,1467,1455,1400,1467,-55,12,55,12,FALSE,FALSE
432,33,1340,1275,1340,1340,1275,1340,1340,1275,1340,-65,0,65,0,FALSE,TRUE
432,34,1237,1170,1213,1237,1170,1213,1237,1170,1213,-67,-24,67,24,FALSE,FALSE
432,35,1124,1052,1080,1124,1052,1080,1124,1052,1080,-72,-44,72,44,FALSE,FALSE
432,36,1039,938,990,1039,938,990,1039,938,990,-101,-49,101,49,FALSE,FALSE
432,37,957,869,886,957,869,886,957,869,886,-88,-71,88,71,FALSE,FALSE
432,38,853,795,814,853,795,814,853,795,814,-58,-39,58,39,FALSE,FALSE
432,39,780,720,739,780,720,739,780,720,739,-60,-41,60,41,FALSE,FALSE
432,40,722,650,664,722,650,664,722,650,664,-72,-58,72,58,FALSE,FALSE
432,41,665,593,599,665,593,599,665,593,599,-72,-66,72,66,FALSE,FALSE
432,42,604,532,536,604,532,536,604,532,536,-72,-68,72,68,FALSE,FALSE
432,43,566,477,489,566,477,489,566,477,489,-89,-77,89,77,FALSE,FALSE
432,44,512,435,452,512,435,452,512,435,452,-77,-60,77,60,FALSE,FALSE
432,45,453,400,420,453,400,420,453,400,420,-53,-33,53,33,FALSE,FALSE
432,46,416,364,392,416,364,392,416,364,392,-52,-24,52,24,FALSE,FALSE
432,47,372,334,356,372,334,356,372,334,356,-38,-16,38,16,FALSE,FALSE
432,48,333,292,322,333,292,322,333,292,322,-41,-11,41,11,FALSE,FALSE
432,49,306,263,286,306,263,286,306,263,286,-43,-20,43,20,FALSE,FALSE
432,50,288,239,253,288,239,253,288,239,253,-49,-35,49,35,FALSE,FALSE
432,51,266,219,228,266,219,228,266,219,228,-47,-38,47,38,FALSE,FALSE
432,52,239,190,201,239,190,201,239,190,201,-49,-38,49,38,FALSE,FALSE
432,53,209,164,180,209,164,180,209,164,180,-45,-29,45,29,FALSE,FALSE
432,54,194,142,159,194,142,159,194,142,159,-52,-35,52,35,FALSE,FALSE
432,55,182,130,146,182,130,146,182,130,146,-52,-36,52,36,FALSE,FALSE
432,56,163,121,134,163,121,134,163,121,134,-42,-29,42,29,FALSE,FALSE
432,57,149,102,126,149,102,126,149,102,126,-47,-23,47,23,FALSE,FALSE
432,58,138,94,117,138,94,117,138,94,117,-44,-21,44,21,FALSE,FALSE
432,59,117,84,103,117,84,103,117,84,103,-33,-14,33,14,FALSE,FALSE
432,60,104,78,92,104,78,92,104,78,92,-26,-12,26,12,FALSE,FALSE
433,0,96,96,96,96,96,96,96,96,96,0,0,0,0,TRUE,TRUE
433,1,136,143,136,136,143,136,136,143,136,7,0,7,0,FALSE,TRUE
433,2,202,204,186,202,204,186,202,204,186,2,-16,2,16,FALSE,FALSE
433,3,287,275,263,287,275,263,287,275,263,-12,-24,12,24,FALSE,FALSE
433,4,420,428,389,420,428,389,420,428,389,8,-31,8,31,FALSE,FALSE
433,5,608,560,566,608,560,566,608,560,566,-48,-42,48,42,FALSE,FALSE
433,6,834,743,764,834,743,764,834,743,764,-91,-70,91,70,FALSE,FALSE
433,7,1125,983,1021,1125,983,1021,1125,983,1021,-142,-104,142,104,FALSE,FALSE
433,8,1450,1227,1312,1450,1227,1312,1450,1227,1312,-223,-138,223,138,FALSE,FALSE
433,9,1757,1580,1639,1757,1580,1639,1757,1580,1639,-177,-118,177,118,FALSE,FALSE
433,10,2048,1891,1905,2048,1891,1905,2048,1891,1905,-157,-143,157,143,FALSE,FALSE
433,11,2264,2130,2153,2264,2130,2153,2264,2130,2153,-134,-111,134,111,FALSE,FALSE
433,12,2382,2305,2273,2382,2305,2273,2382,2305,2273,-77,-109,77,109,FALSE,FALSE
433,13,2432,2365,2362,2432,2365,2362,2432,2365,2362,-67,-70,67,70,FALSE,FALSE
433,14,2399,2352,2329,2399,2352,2329,2399,2352,2329,-47,-70,47,70,FALSE,FALSE
433,15,2296,2262,2208,2296,2262,2208,2296,2262,2208,-34,-88,34,88,FALSE,FALSE
433,16,2126,2120,2039,2126,2120,2039,2126,2120,2039,-6,-87,6,87,FALSE,FALSE
433,17,1965,1966,1858,1965,1966,1858,1965,1966,1858,1,-107,1,107,FALSE,FALSE
433,18,1786,1776,1705,1786,1776,1705,1786,1776,1705,-10,-81,10,81,FALSE,FALSE
433,19,1609,1598,1558,1609,1598,1558,1609,1598,1558,-11,-51,11,51,FALSE,FALSE
433,20,1383,1402,1379,1383,1402,1379,1383,1402,1379,19,-4,19,4,FALSE,FALSE
433,21,1199,1262,1192,1199,1262,1192,1199,1262,1192,63,-7,63,7,FALSE,FALSE
433,22,1045,1080,1031,1045,1080,1031,1045,1080,1031,35,-14,35,14,FALSE,FALSE
433,23,896,955,899,896,955,899,896,955,899,59,3,59,3,FALSE,FALSE
433,24,792,839,775,792,839,775,792,839,775,47,-17,47,17,FALSE,FALSE
433,25,684,740,688,684,740,688,684,740,688,56,4,56,4,FALSE,FALSE
433,26,601,635,614,601,635,614,601,635,614,34,13,34,13,FALSE,FALSE
433,27,526,548,544,526,548,544,526,548,544,22,18,22,18,FALSE,FALSE
433,28,454,473,460,454,473,460,454,473,460,19,6,19,6,FALSE,FALSE
433,29,393,401,402,393,401,402,393,401,402,8,9,8,9,FALSE,FALSE
433,30,342,361,353,342,361,353,342,361,353,19,11,19,11,FALSE,FALSE
433,31,288,314,295,288,314,295,288,314,295,26,7,26,7,FALSE,FALSE
433,32,253,275,267,253,275,267,253,275,267,22,14,22,14,FALSE,FALSE
433,33,211,232,227,211,232,227,211,232,227,21,16,21,16,FALSE,FALSE
433,34,177,204,195,177,204,195,177,204,195,27,18,27,18,FALSE,FALSE
433,35,148,175,172,148,175,172,148,175,172,27,24,27,24,FALSE,FALSE
433,36,126,145,157,126,145,157,126,145,157,19,31,19,31,FALSE,FALSE
433,37,108,120,125,108,120,125,108,120,125,12,17,12,17,FALSE,FALSE
433,38,92,102,112,92,102,112,92,102,112,10,20,10,20,FALSE,FALSE
433,39,83,94,96,83,94,96,83,94,96,11,13,11,13,FALSE,FALSE
433,40,74,82,76,74,82,76,74,82,76,8,2,8,2,FALSE,FALSE
433,41,60,66,71,60,66,71,60,66,71,6,11,6,11,FALSE,FALSE
433,42,48,53,56,48,53,56,48,53,56,5,8,5,8,FALSE,FALSE
433,43,44,42,52,44,42,52,44,42,52,-2,8,2,8,FALSE,FALSE
433,44,37,39,44,37,39,44,37,39,44,2,7,2,7,FALSE,FALSE
433,45,31,31,37,31,31,37,31,31,37,0,6,0,6,TRUE,FALSE
433,46,26,24,27,26,24,27,26,24,27,-2,1,2,1,FALSE,FALSE
433,47,25,21,19,25,21,19,25,21,19,-4,-6,4,6,FALSE,FALSE
433,48,20,15,17,20,15,17,20,15,17,-5,-3,5,3,FALSE,FALSE
433,49,18,14,15,18,14,15,18,14,15,-4,-3,4,3,FALSE,FALSE
433,50,14,9,14,14,9,14,14,9,14,-5,0,5,0,FALSE,TRUE
433,51,12,8,13,12,8,13,12,8,13,-4,1,4,1,FALSE,FALSE
433,52,11,8,12,11,8,12,11,8,12,-3,1,3,1,FALSE,FALSE
433,53,6,8,11,6,8,11,6,8,11,2,5,2,5,FALSE,FALSE
433,54,6,7,8,6,7,8,6,7,8,1,2,1,2,FALSE,FALSE
433,55,6,6,7,6,6,7,6,6,7,0,1,0,1,TRUE,FALSE
433,56,5,5,7,5,5,7,5,5,7,0,2,0,2,TRUE,FALSE
433,57,5,4,4,5,4,4,5,4,4,-1,-1,1,1,FALSE,FALSE
433,58,4,3,4,4,3,4,4,3,4,-1,0,1,0,FALSE,TRUE
433,59,3,3,3,3,3,3,3,3,3,0,0,0,0,TRUE,TRUE
433,60,3,1,2,3,1,2,3,1,2,-2,-1,2,1,FALSE,FALSE
434,0,64,64,64,64,64,64,64,64,64,0,0,0,0,TRUE,TRUE
434,1,75,77,82,75,77,82,75,77,82,2,7,2,7,FALSE,FALSE
434,2,90,89,106,90,89,106,90,89,106,-1,16,1,16,FALSE,FALSE
434,3,110,105,144,110,105,144,110,105,144,-5,34,5,34,FALSE,FALSE
434,4,137,118,193,137,118,193,137,118,193,-19,56,19,56,FALSE,FALSE
434,5,165,142,249,165,142,249,165,142,249,-23,84,23,84,FALSE,FALSE
434,6,198,187,320,198,187,320,198,187,320,-11,122,11,122,FALSE,FALSE
434,7,251,226,394,251,226,394,251,226,394,-25,143,25,143,FALSE,FALSE
434,8,313,283,480,313,283,480,313,283,480,-30,167,30,167,FALSE,FALSE
434,9,386,354,589,386,354,589,386,354,589,-32,203,32,203,FALSE,FALSE
434,10,472,418,713,472,418,713,472,418,713,-54,241,54,241,FALSE,FALSE
434,11,583,539,887,583,539,887,583,539,887,-44,304,44,304,FALSE,FALSE
434,12,708,673,1060,708,673,1060,708,673,1060,-35,352,35,352,FALSE,FALSE
434,13,860,832,1290,860,832,1290,860,832,1290,-28,430,28,430,FALSE,FALSE
434,14,988,1006,1479,988,1006,1479,988,1006,1479,18,491,18,491,FALSE,FALSE
434,15,1177,1198,1725,1177,1198,1725,1177,1198,1725,21,548,21,548,FALSE,FALSE
434,16,1384,1399,1968,1384,1399,1968,1384,1399,1968,15,584,15,584,FALSE,FALSE
434,17,1619,1641,2231,1619,1641,2231,1619,1641,2231,22,612,22,612,FALSE,FALSE
434,18,1856,1910,2485,1856,1910,2485,1856,1910,2485,54,629,54,629,FALSE,FALSE
434,19,2088,2151,2672,2088,2151,2672,2088,2151,2672,63,584,63,584,FALSE,FALSE
434,20,2338,2368,2836,2338,2368,2836,2338,2368,2836,30,498,30,498,FALSE,FALSE
434,21,2593,2602,2988,2593,2602,2988,2593,2602,2988,9,395,9,395,FALSE,FALSE
434,22,2813,2851,3095,2813,2851,3095,2813,2851,3095,38,282,38,282,FALSE,FALSE
434,23,2961,3035,3167,2961,3035,3167,2961,3035,3167,74,206,74,206,FALSE,FALSE
434,24,3114,3192,3204,3114,3192,3204,3114,3192,3204,78,90,78,90,FALSE,FALSE
434,25,3240,3310,3189,3240,3310,3189,3240,3310,3189,70,-51,70,51,FALSE,FALSE
434,26,3293,3353,3159,3293,3353,3159,3293,3353,3159,60,-134,60,134,FALSE,FALSE
434,27,3364,3391,3141,3364,3391,3141,3364,3391,3141,27,-223,27,223,FALSE,FALSE
434,28,3338,3328,3065,3338,3328,3065,3338,3328,3065,-10,-273,10,273,FALSE,FALSE
434,29,3302,3283,2926,3302,3283,2926,3302,3283,2926,-19,-376,19,376,FALSE,FALSE
434,30,3209,3213,2774,3209,3213,2774,3209,3213,2774,4,-435,4,435,FALSE,FALSE
434,31,3075,3099,2679,3075,3099,2679,3075,3099,2679,24,-396,24,396,FALSE,FALSE
434,32,2981,2985,2565,2981,2985,2565,2981,2985,2565,4,-416,4,416,FALSE,FALSE
434,33,2877,2873,2440,2877,2873,2440,2877,2873,2440,-4,-437,4,437,FALSE,FALSE
434,34,2760,2736,2322,2760,2736,2322,2760,2736,2322,-24,-438,24,438,FALSE,FALSE
434,35,2635,2589,2209,2635,2589,2209,2635,2589,2209,-46,-426,46,426,FALSE,FALSE
434,36,2489,2447,2033,2489,2447,2033,2489,2447,2033,-42,-456,42,456,FALSE,FALSE
434,37,2317,2299,1917,2317,2299,1917,2317,2299,1917,-18,-400,18,400,FALSE,FALSE
434,38,2168,2167,1794,2168,2167,1794,2168,2167,1794,-1,-374,1,374,FALSE,FALSE
434,39,2058,2046,1688,2058,2046,1688,2058,2046,1688,-12,-370,12,370,FALSE,FALSE
434,40,1930,1904,1594,1930,1904,1594,1930,1904,1594,-26,-336,26,336,FALSE,FALSE
434,41,1794,1783,1500,1794,1783,1500,1794,1783,1500,-11,-294,11,294,FALSE,FALSE
434,42,1661,1660,1407,1661,1660,1407,1661,1660,1407,-1,-254,1,254,FALSE,FALSE
434,43,1537,1539,1308,1537,1539,1308,1537,1539,1308,2,-229,2,229,FALSE,FALSE
434,44,1424,1431,1215,1424,1431,1215,1424,1431,1215,7,-209,7,209,FALSE,FALSE
434,45,1314,1344,1117,1314,1344,1117,1314,1344,1117,30,-197,30,197,FALSE,FALSE
434,46,1239,1253,1028,1239,1253,1028,1239,1253,1028,14,-211,14,211,FALSE,FALSE
434,47,1170,1175,970,1170,1175,970,1170,1175,970,5,-200,5,200,FALSE,FALSE
434,48,1101,1086,908,1101,1086,908,1101,1086,908,-15,-193,15,193,FALSE,FALSE
434,49,1006,991,840,1006,991,840,1006,991,840,-15,-166,15,166,FALSE,FALSE
434,50,948,910,784,948,910,784,948,910,784,-38,-164,38,164,FALSE,FALSE
434,51,893,826,718,893,826,718,893,826,718,-67,-175,67,175,FALSE,FALSE
434,52,837,756,649,837,756,649,837,756,649,-81,-188,81,188,FALSE,FALSE
434,53,789,699,602,789,699,602,789,699,602,-90,-187,90,187,FALSE,FALSE
434,54,716,655,554,716,655,554,716,655,554,-61,-162,61,162,FALSE,FALSE
434,55,654,595,520,654,595,520,654,595,520,-59,-134,59,134,FALSE,FALSE
434,56,605,552,496,605,552,496,605,552,496,-53,-109,53,109,FALSE,FALSE
434,57,556,514,460,556,514,460,556,514,460,-42,-96,42,96,FALSE,FALSE
434,58,514,484,425,514,484,425,514,484,425,-30,-89,30,89,FALSE,FALSE
434,59,482,446,381,482,446,381,482,446,381,-36,-101,36,101,FALSE,FALSE
434,60,447,409,342,447,409,342,447,409,342,-38,-105,38,105,FALSE,FALSE
435,0,50,50,50,50,50,50,50,50,50,0,0,0,0,TRUE,TRUE
435,1,88,79,70,88,79,70,88,79,70,-9,-18,9,18,FALSE,FALSE
435,2,125,121,98,125,121,98,125,121,98,-4,-27,4,27,FALSE,FALSE
435,3,188,179,138,188,179,138,188,179,138,-9,-50,9,50,FALSE,FALSE
435,4,281,264,223,281,264,223,281,264,223,-17,-58,17,58,FALSE,FALSE
435,5,388,386,334,388,386,334,388,386,334,-2,-54,2,54,FALSE,FALSE
435,6,551,551,470,551,551,470,551,551,470,0,-81,0,81,TRUE,FALSE
435,7,743,772,663,743,772,663,743,772,663,29,-80,29,80,FALSE,FALSE
435,8,1015,1062,898,1015,1062,898,1015,1062,898,47,-117,47,117,FALSE,FALSE
435,9,1328,1421,1205,1328,1421,1205,1328,1421,1205,93,-123,93,123,FALSE,FALSE
435,10,1683,1742,1550,1683,1742,1550,1683,1742,1550,59,-133,59,133,FALSE,FALSE
435,11,2023,2085,1877,2023,2085,1877,2023,2085,1877,62,-146,62,146,FALSE,FALSE
435,12,2270,2366,2177,2270,2366,2177,2270,2366,2177,96,-93,96,93,FALSE,FALSE
435,13,2448,2541,2381,2448,2541,2381,2448,2541,2381,93,-67,93,67,FALSE,FALSE
435,14,2547,2593,2473,2547,2593,2473,2547,2593,2473,46,-74,46,74,FALSE,FALSE
435,15,2518,2580,2500,2518,2580,2500,2518,2580,2500,62,-18,62,18,FALSE,FALSE
435,16,2390,2426,2434,2390,2426,2434,2390,2426,2434,36,44,36,44,FALSE,FALSE
435,17,2239,2264,2311,2239,2264,2311,2239,2264,2311,25,72,25,72,FALSE,FALSE
435,18,2054,2013,2147,2054,2013,2147,2054,2013,2147,-41,93,41,93,FALSE,FALSE
435,19,1876,1819,1985,1876,1819,1985,1876,1819,1985,-57,109,57,109,FALSE,FALSE
435,20,1694,1633,1822,1694,1633,1822,1694,1633,1822,-61,128,61,128,FALSE,FALSE
435,21,1520,1438,1633,1520,1438,1633,1520,1438,1633,-82,113,82,113,FALSE,FALSE
435,22,1355,1265,1423,1355,1265,1423,1355,1265,1423,-90,68,90,68,FALSE,FALSE
435,23,1178,1115,1255,1178,1115,1255,1178,1115,1255,-63,77,63,77,FALSE,FALSE
435,24,1036,987,1110,1036,987,1110,1036,987,1110,-49,74,49,74,FALSE,FALSE
435,25,895,859,978,895,859,978,895,859,978,-36,83,36,83,FALSE,FALSE
435,26,774,769,860,774,769,860,774,769,860,-5,86,5,86,FALSE,FALSE
435,27,679,671,767,679,671,767,679,671,767,-8,88,8,88,FALSE,FALSE
435,28,583,578,685,583,578,685,583,578,685,-5,102,5,102,FALSE,FALSE
435,29,503,509,595,503,509,595,503,509,595,6,92,6,92,FALSE,FALSE
435,30,441,440,537,441,440,537,441,440,537,-1,96,1,96,FALSE,FALSE
435,31,388,360,445,388,360,445,388,360,445,-28,57,28,57,FALSE,FALSE
435,32,336,314,387,336,314,387,336,314,387,-22,51,22,51,FALSE,FALSE
435,33,297,273,340,297,273,340,297,273,340,-24,43,24,43,FALSE,FALSE
435,34,266,227,298,266,227,298,266,227,298,-39,32,39,32,FALSE,FALSE
435,35,235,198,262,235,198,262,235,198,262,-37,27,37,27,FALSE,FALSE
435,36,211,171,224,211,171,224,211,171,224,-40,13,40,13,FALSE,FALSE
435,37,183,152,193,183,152,193,183,152,193,-31,10,31,10,FALSE,FALSE
435,38,154,133,172,154,133,172,154,133,172,-21,18,21,18,FALSE,FALSE
435,39,135,117,145,135,117,145,135,117,145,-18,10,18,10,FALSE,FALSE
435,40,118,96,130,118,96,130,118,96,130,-22,12,22,12,FALSE,FALSE
435,41,104,84,109,104,84,109,104,84,109,-20,5,20,5,FALSE,FALSE
435,42,94,76,100,94,76,100,94,76,100,-18,6,18,6,FALSE,FALSE
435,43,84,63,86,84,63,86,84,63,86,-21,2,21,2,FALSE,FALSE
435,44,74,54,77,74,54,77,74,54,77,-20,3,20,3,FALSE,FALSE
435,45,66,50,64,66,50,64,66,50,64,-16,-2,16,2,FALSE,FALSE
435,46,64,43,53,64,43,53,64,43,53,-21,-11,21,11,FALSE,FALSE
435,47,56,38,45,56,38,45,56,38,45,-18,-11,18,11,FALSE,FALSE
435,48,52,34,41,52,34,41,52,34,41,-18,-11,18,11,FALSE,FALSE
435,49,44,30,34,44,30,34,44,30,34,-14,-10,14,10,FALSE,FALSE
435,50,40,28,27,40,28,27,40,28,27,-12,-13,12,13,FALSE,FALSE
435,51,35,22,26,35,22,26,35,22,26,-13,-9,13,9,FALSE,FALSE
435,52,31,22,25,31,22,25,31,22,25,-9,-6,9,6,FALSE,FALSE
435,53,27,18,25,27,18,25,27,18,25,-9,-2,9,2,FALSE,FALSE
435,54,25,16,25,25,16,25,25,16,25,-9,0,9,0,FALSE,TRUE
435,55,22,13,23,22,13,23,22,13,23,-9,1,9,1,FALSE,FALSE
435,56,18,12,20,18,12,20,18,12,20,-6,2,6,2,FALSE,FALSE
435,57,16,11,18,16,11,18,16,11,18,-5,2,5,2,FALSE,FALSE
435,58,15,9,15,15,9,15,15,9,15,-6,0,6,0,FALSE,TRUE
435,59,15,8,11,15,8,11,15,8,11,-7,-4,7,4,FALSE,FALSE
435,60,14,7,10,14,7,10,14,7,10,-7,-4,7,4,FALSE,FALSE
436,0,117,117,117,117,117,117,117,117,117,0,0,0,0,TRUE,TRUE
436,1,218,207,210,218,207,210,218,207,210,-11,-8,11,8,FALSE,FALSE
436,2,388,363,333,388,363,333,388,363,333,-25,-55,25,55,FALSE,FALSE
436,3,646,667,577,646,667,577,646,667,577,21,-69,21,69,FALSE,FALSE
436,4,1063,1074,979,1063,1074,979,1063,1074,979,11,-84,11,84,FALSE,FALSE
436,5,1601,1744,1533,1601,1744,1533,1601,1744,1533,143,-68,143,68,FALSE,FALSE
436,6,2356,2498,2219,2356,2498,2219,2356,2498,2219,142,-137,142,137,FALSE,FALSE
436,7,3045,3227,2859,3045,3227,2859,3045,3227,2859,182,-186,182,186,FALSE,FALSE
436,8,3619,3683,3398,3619,3683,3398,3619,3683,3398,64,-221,64,221,FALSE,FALSE
436,9,3827,3802,3720,3827,3802,3720,3827,3802,3720,-25,-107,25,107,FALSE,FALSE
436,10,3725,3639,3688,3725,3639,3688,3725,3639,3688,-86,-37,86,37,FALSE,FALSE
436,11,3381,3252,3444,3381,3252,3444,3381,3252,3444,-129,63,129,63,FALSE,FALSE
436,12,2939,2854,3029,2939,2854,3029,2939,2854,3029,-85,90,85,90,FALSE,FALSE
436,13,2528,2397,2635,2528,2397,2635,2528,2397,2635,-131,107,131,107,FALSE,FALSE
436,14,2093,1972,2251,2093,1972,2251,2093,1972,2251,-121,158,121,158,FALSE,FALSE
436,15,1717,1639,1865,1717,1639,1865,1717,1639,1865,-78,148,78,148,FALSE,FALSE
436,16,1384,1368,1496,1384,1368,1496,1384,1368,1496,-16,112,16,112,FALSE,FALSE
436,17,1120,1081,1245,1120,1081,1245,1120,1081,1245,-39,125,39,125,FALSE,FALSE
436,18,902,885,1004,902,885,1004,902,885,1004,-17,102,17,102,FALSE,FALSE
436,19,704,719,813,704,719,813,704,719,813,15,109,15,109,FALSE,FALSE
436,20,577,597,665,577,597,665,577,597,665,20,88,20,88,FALSE,FALSE
436,21,472,474,539,472,474,539,472,474,539,2,67,2,67,FALSE,FALSE
436,22,389,363,425,389,363,425,389,363,425,-26,36,26,36,FALSE,FALSE
436,23,320,272,339,320,272,339,320,272,339,-48,19,48,19,FALSE,FALSE
436,24,257,218,273,257,218,273,257,218,273,-39,16,39,16,FALSE,FALSE
436,25,206,179,222,206,179,222,206,179,222,-27,16,27,16,FALSE,FALSE
436,26,156,140,183,156,140,183,156,140,183,-16,27,16,27,FALSE,FALSE
436,27,124,108,136,124,108,136,124,108,136,-16,12,16,12,FALSE,FALSE
436,28,102,82,110,102,82,110,102,82,110,-20,8,20,8,FALSE,FALSE
436,29,86,65,89,86,65,89,86,65,89,-21,3,21,3,FALSE,FALSE
436,30,70,53,75,70,53,75,70,53,75,-17,5,17,5,FALSE,FALSE
436,31,60,45,64,60,45,64,60,45,64,-15,4,15,4,FALSE,FALSE
436,32,46,36,45,46,36,45,46,36,45,-10,-1,10,1,FALSE,FALSE
436,33,33,32,32,33,32,32,33,32,32,-1,-1,1,1,FALSE,FALSE
436,34,31,26,28,31,26,28,31,26,28,-5,-3,5,3,FALSE,FALSE
436,35,27,22,19,27,22,19,27,22,19,-5,-8,5,8,FALSE,FALSE
436,36,19,20,16,19,20,16,19,20,16,1,-3,1,3,FALSE,FALSE
436,37,14,15,10,14,15,10,14,15,10,1,-4,1,4,FALSE,FALSE
436,38,9,15,10,9,15,10,9,15,10,6,1,6,1,FALSE,FALSE
436,39,6,10,9,6,10,9,6,10,9,4,3,4,3,FALSE,FALSE
436,40,6,8,6,6,8,6,6,8,6,2,0,2,0,FALSE,TRUE
436,41,6,6,5,6,6,5,6,6,5,0,-1,0,1,TRUE,FALSE
436,42,6,5,4,6,5,4,6,5,4,-1,-2,1,2,FALSE,FALSE
436,43,6,3,4,6,3,4,6,3,4,-3,-2,3,2,FALSE,FALSE
436,44,5,3,2,5,3,2,5,3,2,-2,-3,2,3,FALSE,FALSE
436,45,5,2,1,5,2,1,5,2,1,-3,-4,3,4,FALSE,FALSE
436,46,4,2,1,4,2,1,4,2,1,-2,-3,2,3,FALSE,FALSE
436,47,3,1,1,3,1,1,3,1,1,-2,-2,2,2,FALSE,FALSE
436,48,3,1,1,3,1,1,3,1,1,-2,-2,2,2,FALSE,FALSE
436,49,2,1,1,2,1,1,2,1,1,-1,-1,1,1,FALSE,FALSE
436,50,2,1,1,2,1,1,2,1,1,-1,-1,1,1,FALSE,FALSE
436,51,2,1,1,2,1,1,2,1,1,-1,-1,1,1,FALSE,FALSE
436,52,2,1,1,2,1,1,2,1,1,-1,-1,1,1,FALSE,FALSE
436,53,2,1,1,2,1,1,2,1,1,-1,-1,1,1,FALSE,FALSE
436,54,1,1,1,1,1,1,1,1,1,0,0,0,0,TRUE,TRUE
436,55,1,0,0,1,0,0,1,0,0,-1,-1,1,1,FALSE,FALSE
436,56,0,0,0,0,0,0,0,0,0,0,0,0,0,TRUE,TRUE
436,57,0,0,0,0,0,0,0,0,0,0,0,0,0,TRUE,TRUE
436,58,0,0,0,0,0,0,0,0,0,0,0,0,0,TRUE,TRUE
436,59,0,0,0,0,0,0,0,0,0,0,0,0,0,TRUE,TRUE
436,60,0,0,0,0,0,0,0,0,0,0,0,0,0,TRUE,TRUE
437,0,59,59,59,59,59,59,59,59,59,0,0,0,0,TRUE,TRUE
437,1,84,65,66,84,65,66,84,65,66,-19,-18,19,18,FALSE,FALSE
437,2,102,84,76,102,84,76,102,84,76,-18,-26,18,26,FALSE,FALSE
437,3,140,103,101,140,103,101,140,103,101,-37,-39,37,39,FALSE,FALSE
437,4,175,120,145,175,120,145,175,120,145,-55,-30,55,30,FALSE,FALSE
437,5,217,156,188,217,156,188,217,156,188,-61,-29,61,29,FALSE,FALSE
437,6,288,196,229,288,196,229,288,196,229,-92,-59,92,59,FALSE,FALSE
437,7,375,255,311,375,255,311,375,255,311,-120,-64,120,64,FALSE,FALSE
437,8,466,301,391,466,301,391,466,301,391,-165,-75,165,75,FALSE,FALSE
437,9,567,370,514,567,370,514,567,370,514,-197,-53,197,53,FALSE,FALSE
437,10,712,438,678,712,438,678,712,438,678,-274,-34,274,34,FALSE,FALSE
437,11,884,543,846,884,543,846,884,543,846,-341,-38,341,38,FALSE,FALSE
437,12,1060,670,1063,1060,670,1063,1060,670,1063,-390,3,390,3,FALSE,FALSE
437,13,1243,829,1281,1243,829,1281,1243,829,1281,-414,38,414,38,FALSE,FALSE
437,14,1439,1007,1534,1439,1007,1534,1439,1007,1534,-432,95,432,95,FALSE,FALSE
437,15,1661,1207,1770,1661,1207,1770,1661,1207,1770,-454,109,454,109,FALSE,FALSE
437,16,1893,1380,1997,1893,1380,1997,1893,1380,1997,-513,104,513,104,FALSE,FALSE
437,17,2080,1614,2182,2080,1614,2182,2080,1614,2182,-466,102,466,102,FALSE,FALSE
437,18,2236,1793,2347,2236,1793,2347,2236,1793,2347,-443,111,443,111,FALSE,FALSE
437,19,2368,1910,2443,2368,1910,2443,2368,1910,2443,-458,75,458,75,FALSE,FALSE
437,20,2429,2068,2485,2429,2068,2485,2429,2068,2485,-361,56,361,56,FALSE,FALSE
437,21,2427,2157,2499,2427,2157,2499,2427,2157,2499,-270,72,270,72,FALSE,FALSE
437,22,2358,2227,2459,2358,2227,2459,2358,2227,2459,-131,101,131,101,FALSE,FALSE
437,23,2242,2238,2317,2242,2238,2317,2242,2238,2317,-4,75,4,75,FALSE,FALSE
437,24,2128,2160,2181,2128,2160,2181,2128,2160,2181,32,53,32,53,FALSE,FALSE
437,25,2002,2133,2013,2002,2133,2013,2002,2133,2013,131,11,131,11,FALSE,FALSE
437,26,1825,2049,1832,1825,2049,1832,1825,2049,1832,224,7,224,7,FALSE,FALSE
437,27,1656,1910,1659,1656,1910,1659,1656,1910,1659,254,3,254,3,FALSE,FALSE
437,28,1511,1804,1503,1511,1804,1503,1511,1804,1503,293,-8,293,8,FALSE,FALSE
437,29,1353,1652,1368,1353,1652,1368,1353,1652,1368,299,15,299,15,FALSE,FALSE
437,30,1202,1509,1224,1202,1509,1224,1202,1509,1224,307,22,307,22,FALSE,FALSE
437,31,1067,1381,1104,1067,1381,1104,1067,1381,1104,314,37,314,37,FALSE,FALSE
437,32,951,1217,979,951,1217,979,951,1217,979,266,28,266,28,FALSE,FALSE
437,33,864,1116,880,864,1116,880,864,1116,880,252,16,252,16,FALSE,FALSE
437,34,766,1013,779,766,1013,779,766,1013,779,247,13,247,13,FALSE,FALSE
437,35,679,896,680,679,896,680,679,896,680,217,1,217,1,FALSE,FALSE
437,36,584,790,591,584,790,591,584,790,591,206,7,206,7,FALSE,FALSE
437,37,518,680,523,518,680,523,518,680,523,162,5,162,5,FALSE,FALSE
437,38,472,611,446,472,611,446,472,611,446,139,-26,139,26,FALSE,FALSE
437,39,420,540,385,420,540,385,420,540,385,120,-35,120,35,FALSE,FALSE
437,40,353,486,332,353,486,332,353,486,332,133,-21,133,21,FALSE,FALSE
437,41,318,436,293,318,436,293,318,436,293,118,-25,118,25,FALSE,FALSE
437,42,289,383,256,289,383,256,289,383,256,94,-33,94,33,FALSE,FALSE
437,43,252,341,220,252,341,220,252,341,220,89,-32,89,32,FALSE,FALSE
437,44,222,312,181,222,312,181,222,312,181,90,-41,90,41,FALSE,FALSE
437,45,194,267,159,194,267,159,194,267,159,73,-35,73,35,FALSE,FALSE
437,46,170,235,150,170,235,150,170,235,150,65,-20,65,20,FALSE,FALSE
437,47,153,210,129,153,210,129,153,210,129,57,-24,57,24,FALSE,FALSE
437,48,137,170,118,137,170,118,137,170,118,33,-19,33,19,FALSE,FALSE
437,49,120,154,103,120,154,103,120,154,103,34,-17,34,17,FALSE,FALSE
437,50,111,125,93,111,125,93,111,125,93,14,-18,14,18,FALSE,FALSE
437,51,96,118,81,96,118,81,96,118,81,22,-15,22,15,FALSE,FALSE
437,52,85,104,64,85,104,64,85,104,64,19,-21,19,21,FALSE,FALSE
437,53,71,83,51,71,83,51,71,83,51,12,-20,12,20,FALSE,FALSE
437,54,56,76,43,56,76,43,56,76,43,20,-13,20,13,FALSE,FALSE
437,55,51,69,36,51,69,36,51,69,36,18,-15,18,15,FALSE,FALSE
437,56,42,59,35,42,59,35,42,59,35,17,-7,17,7,FALSE,FALSE
437,57,34,52,31,34,52,31,34,52,31,18,-3,18,3,FALSE,FALSE
437,58,28,49,27,28,49,27,28,49,27,21,-1,21,1,FALSE,FALSE
437,59,26,38,21,26,38,21,26,38,21,12,-5,12,5,FALSE,FALSE
437,60,20,35,20,20,35,20,20,35,20,15,0,15,0,FALSE,TRUE
438,0,142,142,142,142,142,142,142,142,142,0,0,0,0,TRUE,TRUE
438,1,193,178,164,193,178,164,193,178,164,-15,-29,15,29,FALSE,FALSE
438,2,232,215,211,232,215,211,232,215,211,-17,-21,17,21,FALSE,FALSE
438,3,293,275,274,293,275,274,293,275,274,-18,-19,18,19,FALSE,FALSE
438,4,360,349,352,360,349,352,360,349,352,-11,-8,11,8,FALSE,FALSE
438,5,462,443,447,462,443,447,462,443,447,-19,-15,19,15,FALSE,FALSE
438,6,582,534,528,582,534,528,582,534,528,-48,-54,48,54,FALSE,FALSE
438,7,721,660,624,721,660,624,721,660,624,-61,-97,61,97,FALSE,FALSE
438,8,865,800,766,865,800,766,865,800,766,-65,-99,65,99,FALSE,FALSE
438,9,1016,946,912,1016,946,912,1016,946,912,-70,-104,70,104,FALSE,FALSE
438,10,1176,1093,1053,1176,1093,1053,1176,1093,1053,-83,-123,83,123,FALSE,FALSE
438,11,1360,1292,1221,1360,1292,1221,1360,1292,1221,-68,-139,68,139,FALSE,FALSE
438,12,1525,1433,1408,1525,1433,1408,1525,1433,1408,-92,-117,92,117,FALSE,FALSE
438,13,1654,1571,1565,1654,1571,1565,1654,1571,1565,-83,-89,83,89,FALSE,FALSE
438,14,1782,1697,1694,1782,1697,1694,1782,1697,1694,-85,-88,85,88,FALSE,FALSE
438,15,1891,1789,1774,1891,1789,1774,1891,1789,1774,-102,-117,102,117,FALSE,FALSE
438,16,1932,1807,1818,1932,1807,1818,1932,1807,1818,-125,-114,125,114,FALSE,FALSE
438,17,1916,1802,1823,1916,1802,1823,1916,1802,1823,-114,-93,114,93,FALSE,FALSE
438,18,1848,1761,1825,1848,1761,1825,1848,1761,1825,-87,-23,87,23,FALSE,FALSE
438,19,1767,1731,1770,1767,1731,1770,1767,1731,1770,-36,3,36,3,FALSE,FALSE
438,20,1671,1654,1670,1671,1654,1670,1671,1654,1670,-17,-1,17,1,FALSE,FALSE
438,21,1565,1596,1555,1565,1596,1555,1565,1596,1555,31,-10,31,10,FALSE,FALSE
438,22,1447,1499,1419,1447,1499,1419,1447,1499,1419,52,-28,52,28,FALSE,FALSE
438,23,1350,1409,1325,1350,1409,1325,1350,1409,1325,59,-25,59,25,FALSE,FALSE
438,24,1226,1287,1229,1226,1287,1229,1226,1287,1229,61,3,61,3,FALSE,FALSE
438,25,1125,1178,1119,1125,1178,1119,1125,1178,1119,53,-6,53,6,FALSE,FALSE
438,26,1040,1046,994,1040,1046,994,1040,1046,994,6,-46,6,46,FALSE,FALSE
438,27,923,928,830,923,928,830,923,928,830,5,-93,5,93,FALSE,FALSE
438,28,818,798,748,818,798,748,818,798,748,-20,-70,20,70,FALSE,FALSE
438,29,698,697,670,698,697,670,698,697,670,-1,-28,1,28,FALSE,FALSE
438,30,603,601,591,603,601,591,603,601,591,-2,-12,2,12,FALSE,FALSE
438,31,513,519,517,513,519,517,513,519,517,6,4,6,4,FALSE,FALSE
438,32,452,453,463,452,453,463,452,453,463,1,11,1,11,FALSE,FALSE
438,33,403,400,417,403,400,417,403,400,417,-3,14,3,14,FALSE,FALSE
438,34,353,350,356,353,350,356,353,350,356,-3,3,3,3,FALSE,FALSE
438,35,304,316,331,304,316,331,304,316,331,12,27,12,27,FALSE,FALSE
438,36,273,288,280,273,288,280,273,288,280,15,7,15,7,FALSE,FALSE
438,37,224,247,245,224,247,245,224,247,245,23,21,23,21,FALSE,FALSE
438,38,199,213,216,199,213,216,199,213,216,14,17,14,17,FALSE,FALSE
438,39,174,193,201,174,193,201,174,193,201,19,27,19,27,FALSE,FALSE
438,40,150,173,174,150,173,174,150,173,174,23,24,23,24,FALSE,FALSE
438,41,134,148,149,134,148,149,134,148,149,14,15,14,15,FALSE,FALSE
438,42,106,130,122,106,130,122,106,130,122,24,16,24,16,FALSE,FALSE
438,43,97,114,105,97,114,105,97,114,105,17,8,17,8,FALSE,FALSE
438,44,80,94,94,80,94,94,80,94,94,14,14,14,14,FALSE,FALSE
438,45,75,75,77,75,75,77,75,75,77,0,2,0,2,TRUE,FALSE
438,46,69,61,65,69,61,65,69,61,65,-8,-4,8,4,FALSE,FALSE
438,47,59,49,62,59,49,62,59,49,62,-10,3,10,3,FALSE,FALSE
438,48,52,36,53,52,36,53,52,36,53,-16,1,16,1,FALSE,FALSE
438,49,47,29,48,47,29,48,47,29,48,-18,1,18,1,FALSE,FALSE
438,50,46,27,41,46,27,41,46,27,41,-19,-5,19,5,FALSE,FALSE
438,51,41,27,33,41,27,33,41,27,33,-14,-8,14,8,FALSE,FALSE
438,52,33,24,32,33,24,32,33,24,32,-9,-1,9,1,FALSE,FALSE
438,53,21,19,25,21,19,25,21,19,25,-2,4,2,4,FALSE,FALSE
438,54,17,16,19,17,16,19,17,16,19,-1,2,1,2,FALSE,FALSE
438,55,9,14,15,9,14,15,9,14,15,5,6,5,6,FALSE,FALSE
438,56,8,11,11,8,11,11,8,11,11,3,3,3,3,FALSE,FALSE
438,57,7,9,10,7,9,10,7,9,10,2,3,2,3,FALSE,FALSE
438,58,6,6,7,6,6,7,6,6,7,0,1,0,1,TRUE,FALSE
438,59,6,3,6,6,3,6,6,3,6,-3,0,3,0,FALSE,TRUE
438,60,5,3,5,5,3,5,5,3,5,-2,0,2,0,FALSE,TRUE
439,0,68,68,68,68,68,68,68,68,68,0,0,0,0,TRUE,TRUE
439,1,102,93,90,102,93,90,102,93,90,-9,-12,9,12,FALSE,FALSE
439,2,133,135,125,133,135,125,133,135,125,2,-8,2,8,FALSE,FALSE
439,3,166,190,166,166,190,166,166,190,166,24,0,24,0,FALSE,TRUE
439,4,229,262,221,229,262,221,229,262,221,33,-8,33,8,FALSE,FALSE
439,5,294,341,297,294,341,297,294,341,297,47,3,47,3,FALSE,FALSE
439,6,415,440,396,415,440,396,415,440,396,25,-19,25,19,FALSE,FALSE
439,7,522,570,533,522,570,533,522,570,533,48,11,48,11,FALSE,FALSE
439,8,648,699,627,648,699,627,648,699,627,51,-21,51,21,FALSE,FALSE
439,9,835,855,791,835,855,791,835,855,791,20,-44,20,44,FALSE,FALSE
439,10,969,1029,966,969,1029,966,969,1029,966,60,-3,60,3,FALSE,FALSE
439,11,1169,1182,1125,1169,1182,1125,1169,1182,1125,13,-44,13,44,FALSE,FALSE
439,12,1315,1331,1250,1315,1331,1250,1315,1331,1250,16,-65,16,65,FALSE,FALSE
439,13,1488,1431,1360,1488,1431,1360,1488,1431,1360,-57,-128,57,128,FALSE,FALSE
439,14,1516,1459,1449,1516,1459,1449,1516,1459,1449,-57,-67,57,67,FALSE,FALSE
439,15,1544,1494,1504,1544,1494,1504,1544,1494,1504,-50,-40,50,40,FALSE,FALSE
439,16,1525,1479,1499,1525,1479,1499,1525,1479,1499,-46,-26,46,26,FALSE,FALSE
439,17,1527,1451,1454,1527,1451,1454,1527,1451,1454,-76,-73,76,73,FALSE,FALSE
439,18,1467,1369,1385,1467,1369,1385,1467,1369,1385,-98,-82,98,82,FALSE,FALSE
439,19,1339,1279,1308,1339,1279,1308,1339,1279,1308,-60,-31,60,31,FALSE,FALSE
439,20,1238,1176,1192,1238,1176,1192,1238,1176,1192,-62,-46,62,46,FALSE,FALSE
439,21,1135,1079,1084,1135,1079,1084,1135,1079,1084,-56,-51,56,51,FALSE,FALSE
439,22,1013,958,967,1013,958,967,1013,958,967,-55,-46,55,46,FALSE,FALSE
439,23,896,861,837,896,861,837,896,861,837,-35,-59,35,59,FALSE,FALSE
439,24,801,748,744,801,748,744,801,748,744,-53,-57,53,57,FALSE,FALSE
439,25,705,679,642,705,679,642,705,679,642,-26,-63,26,63,FALSE,FALSE
439,26,625,603,563,625,603,563,625,603,563,-22,-62,22,62,FALSE,FALSE
439,27,537,522,491,537,522,491,537,522,491,-15,-46,15,46,FALSE,FALSE
439,28,476,454,432,476,454,432,476,454,432,-22,-44,22,44,FALSE,FALSE
439,29,417,388,392,417,388,392,417,388,392,-29,-25,29,25,FALSE,FALSE
439,30,356,339,341,356,339,341,356,339,341,-17,-15,17,15,FALSE,FALSE
439,31,282,292,300,282,292,300,282,292,300,10,18,10,18,FALSE,FALSE
439,32,258,251,258,258,251,258,258,251,258,-7,0,7,0,FALSE,TRUE
439,33,231,233,229,231,233,229,231,233,229,2,-2,2,2,FALSE,FALSE
439,34,205,199,194,205,199,194,205,199,194,-6,-11,6,11,FALSE,FALSE
439,35,181,180,170,181,180,170,181,180,170,-1,-11,1,11,FALSE,FALSE
439,36,155,159,144,155,159,144,155,159,144,4,-11,4,11,FALSE,FALSE
439,37,133,137,131,133,137,131,133,137,131,4,-2,4,2,FALSE,FALSE
439,38,118,118,114,118,118,114,118,118,114,0,-4,0,4,TRUE,FALSE
439,39,101,102,92,101,102,92,101,102,92,1,-9,1,9,FALSE,FALSE
439,40,79,85,86,79,85,86,79,85,86,6,7,6,7,FALSE,FALSE
439,41,70,71,80,70,71,80,70,71,80,1,10,1,10,FALSE,FALSE
439,42,58,64,79,58,64,79,58,64,79,6,21,6,21,FALSE,FALSE
439,43,52,55,70,52,55,70,52,55,70,3,18,3,18,FALSE,FALSE
439,44,44,49,58,44,49,58,44,49,58,5,14,5,14,FALSE,FALSE
439,45,41,40,52,41,40,52,41,40,52,-1,11,1,11,FALSE,FALSE
439,46,34,36,49,34,36,49,34,36,49,2,15,2,15,FALSE,FALSE
439,47,27,33,39,27,33,39,27,33,39,6,12,6,12,FALSE,FALSE
439,48,21,25,32,21,25,32,21,25,32,4,11,4,11,FALSE,FALSE
439,49,18,24,30,18,24,30,18,24,30,6,12,6,12,FALSE,FALSE
439,50,15,19,23,15,19,23,15,19,23,4,8,4,8,FALSE,FALSE
439,51,12,18,19,12,18,19,12,18,19,6,7,6,7,FALSE,FALSE
439,52,9,17,15,9,17,15,9,17,15,8,6,8,6,FALSE,FALSE
439,53,8,12,13,8,12,13,8,12,13,4,5,4,5,FALSE,FALSE
439,54,7,13,11,7,13,11,7,13,11,6,4,6,4,FALSE,FALSE
439,55,5,12,6,5,12,6,5,12,6,7,1,7,1,FALSE,FALSE
439,56,4,9,6,4,9,6,4,9,6,5,2,5,2,FALSE,FALSE
439,57,4,7,4,4,7,4,4,7,4,3,0,3,0,FALSE,TRUE
439,58,2,9,4,2,9,4,2,9,4,7,2,7,2,FALSE,FALSE
439,59,1,9,1,1,9,1,1,9,1,8,0,8,0,FALSE,TRUE
439,60,1,6,1,1,6,1,1,6,1,5,0,5,0,FALSE,TRUE
440,0,111,111,111,111,111,111,111,111,111,0,0,0,0,TRUE,TRUE
440,1,142,159,163,142,159,163,142,159,163,17,21,17,21,FALSE,FALSE
440,2,206,212,188,206,212,188,206,212,188,6,-18,6,18,FALSE,FALSE
440,3,271,285,254,271,285,254,271,285,254,14,-17,14,17,FALSE,FALSE
440,4,364,384,321,364,384,321,364,384,321,20,-43,20,43,FALSE,FALSE
440,5,476,506,433,476,506,433,476,506,433,30,-43,30,43,FALSE,FALSE
440,6,595,659,551,595,659,551,595,659,551,64,-44,64,44,FALSE,FALSE
440,7,762,821,702,762,821,702,762,821,702,59,-60,59,60,FALSE,FALSE
440,8,969,1043,873,969,1043,873,969,1043,873,74,-96,74,96,FALSE,FALSE
440,9,1230,1245,1106,1230,1245,1106,1230,1245,1106,15,-124,15,124,FALSE,FALSE
440,10,1503,1477,1343,1503,1477,1343,1503,1477,1343,-26,-160,26,160,FALSE,FALSE
440,11,1741,1711,1595,1741,1711,1595,1741,1711,1595,-30,-146,30,146,FALSE,FALSE
440,12,1932,1895,1816,1932,1895,1816,1932,1895,1816,-37,-116,37,116,FALSE,FALSE
440,13,2102,2037,2033,2102,2037,2033,2102,2037,2033,-65,-69,65,69,FALSE,FALSE
440,14,2178,2144,2100,2178,2144,2100,2178,2144,2100,-34,-78,34,78,FALSE,FALSE
440,15,2188,2157,2155,2188,2157,2155,2188,2157,2155,-31,-33,31,33,FALSE,FALSE
440,16,2178,2123,2179,2178,2123,2179,2178,2123,2179,-55,1,55,1,FALSE,FALSE
440,17,2092,2035,2105,2092,2035,2105,2092,2035,2105,-57,13,57,13,FALSE,FALSE
440,18,1969,1896,1978,1969,1896,1978,1969,1896,1978,-73,9,73,9,FALSE,FALSE
440,19,1779,1688,1837,1779,1688,1837,1779,1688,1837,-91,58,91,58,FALSE,FALSE
440,20,1620,1517,1675,1620,1517,1675,1620,1517,1675,-103,55,103,55,FALSE,FALSE
440,21,1418,1391,1478,1418,1391,1478,1418,1391,1478,-27,60,27,60,FALSE,FALSE
440,22,1264,1216,1322,1264,1216,1322,1264,1216,1322,-48,58,48,58,FALSE,FALSE
440,23,1137,1078,1145,1137,1078,1145,1137,1078,1145,-59,8,59,8,FALSE,FALSE
440,24,970,918,988,970,918,988,970,918,988,-52,18,52,18,FALSE,FALSE
440,25,816,794,860,816,794,860,816,794,860,-22,44,22,44,FALSE,FALSE
440,26,691,677,770,691,677,770,691,677,770,-14,79,14,79,FALSE,FALSE
440,27,588,567,653,588,567,653,588,567,653,-21,65,21,65,FALSE,FALSE
440,28,514,498,570,514,498,570,514,498,570,-16,56,16,56,FALSE,FALSE
440,29,450,416,485,450,416,485,450,416,485,-34,35,34,35,FALSE,FALSE
440,30,374,351,420,374,351,420,374,351,420,-23,46,23,46,FALSE,FALSE
440,31,314,296,370,314,296,370,314,296,370,-18,56,18,56,FALSE,FALSE
440,32,267,247,329,267,247,329,267,247,329,-20,62,20,62,FALSE,FALSE
440,33,220,214,278,220,214,278,220,214,278,-6,58,6,58,FALSE,FALSE
440,34,191,184,225,191,184,225,191,184,225,-7,34,7,34,FALSE,FALSE
440,35,167,166,204,167,166,204,167,166,204,-1,37,1,37,FALSE,FALSE
440,36,149,148,167,149,148,167,149,148,167,-1,18,1,18,FALSE,FALSE
440,37,134,136,134,134,136,134,134,136,134,2,0,2,0,FALSE,TRUE
440,38,117,119,113,117,119,113,117,119,113,2,-4,2,4,FALSE,FALSE
440,39,109,111,95,109,111,95,109,111,95,2,-14,2,14,FALSE,FALSE
440,40,94,101,76,94,101,76,94,101,76,7,-18,7,18,FALSE,FALSE
440,41,83,83,65,83,83,65,83,83,65,0,-18,0,18,TRUE,FALSE
440,42,70,73,53,70,73,53,70,73,53,3,-17,3,17,FALSE,FALSE
440,43,60,62,39,60,62,39,60,62,39,2,-21,2,21,FALSE,FALSE
440,44,52,52,37,52,52,37,52,52,37,0,-15,0,15,TRUE,FALSE
440,45,44,45,24,44,45,24,44,45,24,1,-20,1,20,FALSE,FALSE
440,46,38,40,22,38,40,22,38,40,22,2,-16,2,16,FALSE,FALSE
440,47,30,34,17,30,34,17,30,34,17,4,-13,4,13,FALSE,FALSE
440,48,18,29,12,18,29,12,18,29,12,11,-6,11,6,FALSE,FALSE
440,49,15,28,13,15,28,13,15,28,13,13,-2,13,2,FALSE,FALSE
440,50,14,24,9,14,24,9,14,24,9,10,-5,10,5,FALSE,FALSE
440,51,10,21,7,10,21,7,10,21,7,11,-3,11,3,FALSE,FALSE
440,52,9,19,5,9,19,5,9,19,5,10,-4,10,4,FALSE,FALSE
440,53,9,20,3,9,20,3,9,20,3,11,-6,11,6,FALSE,FALSE
440,54,8,17,3,8,17,3,8,17,3,9,-5,9,5,FALSE,FALSE
440,55,6,17,3,6,17,3,6,17,3,11,-3,11,3,FALSE,FALSE
440,56,5,15,3,5,15,3,5,15,3,10,-2,10,2,FALSE,FALSE
440,57,4,15,4,4,15,4,4,15,4,11,0,11,0,FALSE,TRUE
440,58,2,15,3,2,15,3,2,15,3,13,1,13,1,FALSE,FALSE
440,59,3,13,3,3,13,3,3,13,3,10,0,10,0,FALSE,TRUE
440,60,2,9,2,2,9,2,2,9,2,7,0,7,0,FALSE,TRUE
441,0,138,138,138,138,138,138,138,138,138,0,0,0,0,TRUE,TRUE
441,1,160,178,163,160,178,163,160,178,163,18,3,18,3,FALSE,FALSE
441,2,192,230,214,192,230,214,192,230,214,38,22,38,22,FALSE,FALSE
441,3,243,286,269,243,286,269,243,286,269,43,26,43,26,FALSE,FALSE
441,4,308,341,324,308,341,324,308,341,324,33,16,33,16,FALSE,FALSE
441,5,354,407,423,354,407,423,354,407,423,53,69,53,69,FALSE,FALSE
441,6,420,491,539,420,491,539,420,491,539,71,119,71,119,FALSE,FALSE
441,7,500,591,641,500,591,641,500,591,641,91,141,91,141,FALSE,FALSE
441,8,591,730,775,591,730,775,591,730,775,139,184,139,184,FALSE,FALSE
441,9,704,845,934,704,845,934,704,845,934,141,230,141,230,FALSE,FALSE
441,10,796,998,1068,796,998,1068,796,998,1068,202,272,202,272,FALSE,FALSE
441,11,932,1111,1219,932,1111,1219,932,1111,1219,179,287,179,287,FALSE,FALSE
441,12,1076,1251,1407,1076,1251,1407,1076,1251,1407,175,331,175,331,FALSE,FALSE
441,13,1225,1374,1538,1225,1374,1538,1225,1374,1538,149,313,149,313,FALSE,FALSE
441,14,1372,1476,1681,1372,1476,1681,1372,1476,1681,104,309,104,309,FALSE,FALSE
441,15,1460,1567,1788,1460,1567,1788,1460,1567,1788,107,328,107,328,FALSE,FALSE
441,16,1553,1611,1872,1553,1611,1872,1553,1611,1872,58,319,58,319,FALSE,FALSE
441,17,1650,1686,1905,1650,1686,1905,1650,1686,1905,36,255,36,255,FALSE,FALSE
441,18,1703,1725,1882,1703,1725,1882,1703,1725,1882,22,179,22,179,FALSE,FALSE
441,19,1728,1647,1851,1728,1647,1851,1728,1647,1851,-81,123,81,123,FALSE,FALSE
441,20,1754,1590,1805,1754,1590,1805,1754,1590,1805,-164,51,164,51,FALSE,FALSE
441,21,1748,1514,1764,1748,1514,1764,1748,1514,1764,-234,16,234,16,FALSE,FALSE
441,22,1662,1468,1644,1662,1468,1644,1662,1468,1644,-194,-18,194,18,FALSE,FALSE
441,23,1600,1376,1555,1600,1376,1555,1600,1376,1555,-224,-45,224,45,FALSE,FALSE
441,24,1521,1290,1446,1521,1290,1446,1521,1290,1446,-231,-75,231,75,FALSE,FALSE
441,25,1409,1228,1340,1409,1228,1340,1409,1228,1340,-181,-69,181,69,FALSE,FALSE
441,26,1263,1161,1234,1263,1161,1234,1263,1161,1234,-102,-29,102,29,FALSE,FALSE
441,27,1168,1049,1130,1168,1049,1130,1168,1049,1130,-119,-38,119,38,FALSE,FALSE
441,28,1070,953,1032,1070,953,1032,1070,953,1032,-117,-38,117,38,FALSE,FALSE
441,29,995,881,917,995,881,917,995,881,917,-114,-78,114,78,FALSE,FALSE
441,30,895,823,827,895,823,827,895,823,827,-72,-68,72,68,FALSE,FALSE
441,31,789,748,724,789,748,724,789,748,724,-41,-65,41,65,FALSE,FALSE
441,32,726,672,638,726,672,638,726,672,638,-54,-88,54,88,FALSE,FALSE
441,33,656,612,559,656,612,559,656,612,559,-44,-97,44,97,FALSE,FALSE
441,34,603,557,487,603,557,487,603,557,487,-46,-116,46,116,FALSE,FALSE
441,35,546,498,408,546,498,408,546,498,408,-48,-138,48,138,FALSE,FALSE
441,36,475,433,369,475,433,369,475,433,369,-42,-106,42,106,FALSE,FALSE
441,37,449,381,331,449,381,331,449,381,331,-68,-118,68,118,FALSE,FALSE
441,38,408,348,304,408,348,304,408,348,304,-60,-104,60,104,FALSE,FALSE
441,39,364,327,257,364,327,257,364,327,257,-37,-107,37,107,FALSE,FALSE
441,40,323,285,220,323,285,220,323,285,220,-38,-103,38,103,FALSE,FALSE
441,41,287,260,196,287,260,196,287,260,196,-27,-91,27,91,FALSE,FALSE
441,42,241,244,170,241,244,170,241,244,170,3,-71,3,71,FALSE,FALSE
441,43,215,215,148,215,215,148,215,215,148,0,-67,0,67,TRUE,FALSE
441,44,192,186,129,192,186,129,192,186,129,-6,-63,6,63,FALSE,FALSE
441,45,173,158,104,173,158,104,173,158,104,-15,-69,15,69,FALSE,FALSE
441,46,162,143,94,162,143,94,162,143,94,-19,-68,19,68,FALSE,FALSE
441,47,137,126,87,137,126,87,137,126,87,-11,-50,11,50,FALSE,FALSE
441,48,120,109,81,120,109,81,120,109,81,-11,-39,11,39,FALSE,FALSE
441,49,109,95,76,109,95,76,109,95,76,-14,-33,14,33,FALSE,FALSE
441,50,94,87,70,94,87,70,94,87,70,-7,-24,7,24,FALSE,FALSE
441,51,83,76,58,83,76,58,83,76,58,-7,-25,7,25,FALSE,FALSE
441,52,68,63,57,68,63,57,68,63,57,-5,-11,5,11,FALSE,FALSE
441,53,58,53,60,58,53,60,58,53,60,-5,2,5,2,FALSE,FALSE
441,54,51,47,54,51,47,54,51,47,54,-4,3,4,3,FALSE,FALSE
441,55,43,40,48,43,40,48,43,40,48,-3,5,3,5,FALSE,FALSE
441,56,34,38,42,34,38,42,34,38,42,4,8,4,8,FALSE,FALSE
441,57,30,32,38,30,32,38,30,32,38,2,8,2,8,FALSE,FALSE
441,58,23,29,35,23,29,35,23,29,35,6,12,6,12,FALSE,FALSE
441,59,22,29,29,22,29,29,22,29,29,7,7,7,7,FALSE,FALSE
441,60,20,26,24,20,26,24,20,26,24,6,4,6,4,FALSE,FALSE
442,0,139,139,139,139,139,139,139,139,139,0,0,0,0,TRUE,TRUE
442,1,170,171,203,170,171,203,170,171,203,1,33,1,33,FALSE,FALSE
442,2,222,226,249,222,226,249,222,226,249,4,27,4,27,FALSE,FALSE
442,3,267,291,313,267,291,313,267,291,313,24,46,24,46,FALSE,FALSE
442,4,330,364,402,330,364,402,330,364,402,34,72,34,72,FALSE,FALSE
442,5,426,476,531,426,476,531,426,476,531,50,105,50,105,FALSE,FALSE
442,6,547,606,652,547,606,652,547,606,652,59,105,59,105,FALSE,FALSE
442,7,680,763,847,680,763,847,680,763,847,83,167,83,167,FALSE,FALSE
442,8,870,961,1046,870,961,1046,870,961,1046,91,176,91,176,FALSE,FALSE
442,9,1044,1195,1316,1044,1195,1316,1044,1195,1316,151,272,151,272,FALSE,FALSE
442,10,1249,1469,1594,1249,1469,1594,1249,1469,1594,220,345,220,345,FALSE,FALSE
442,11,1468,1758,1859,1468,1758,1859,1468,1758,1859,290,391,290,391,FALSE,FALSE
442,12,1725,2018,2198,1725,2018,2198,1725,2018,2198,293,473,293,473,FALSE,FALSE
442,13,1987,2287,2474,1987,2287,2474,1987,2287,2474,300,487,300,487,FALSE,FALSE
442,14,2292,2549,2730,2292,2549,2730,2292,2549,2730,257,438,257,438,FALSE,FALSE
442,15,2567,2753,2944,2567,2753,2944,2567,2753,2944,186,377,186,377,FALSE,FALSE
442,16,2823,2911,3091,2823,2911,3091,2823,2911,3091,88,268,88,268,FALSE,FALSE
442,17,3058,3090,3185,3058,3090,3185,3058,3090,3185,32,127,32,127,FALSE,FALSE
442,18,3226,3169,3258,3226,3169,3258,3226,3169,3258,-57,32,57,32,FALSE,FALSE
442,19,3322,3227,3271,3322,3227,3271,3322,3227,3271,-95,-51,95,51,FALSE,FALSE
442,20,3361,3187,3207,3361,3187,3207,3361,3187,3207,-174,-154,174,154,FALSE,FALSE
442,21,3305,3143,3131,3305,3143,3131,3305,3143,3131,-162,-174,162,174,FALSE,FALSE
442,22,3233,3041,3035,3233,3041,3035,3233,3041,3035,-192,-198,192,198,FALSE,FALSE
442,23,3099,2948,2906,3099,2948,2906,3099,2948,2906,-151,-193,151,193,FALSE,FALSE
442,24,2950,2849,2733,2950,2849,2733,2950,2849,2733,-101,-217,101,217,FALSE,FALSE
442,25,2801,2696,2557,2801,2696,2557,2801,2696,2557,-105,-244,105,244,FALSE,FALSE
442,26,2647,2514,2380,2647,2514,2380,2647,2514,2380,-133,-267,133,267,FALSE,FALSE
442,27,2496,2348,2208,2496,2348,2208,2496,2348,2208,-148,-288,148,288,FALSE,FALSE
442,28,2299,2158,2039,2299,2158,2039,2299,2158,2039,-141,-260,141,260,FALSE,FALSE
442,29,2139,1990,1893,2139,1990,1893,2139,1990,1893,-149,-246,149,246,FALSE,FALSE
442,30,1966,1874,1750,1966,1874,1750,1966,1874,1750,-92,-216,92,216,FALSE,FALSE
442,31,1820,1722,1591,1820,1722,1591,1820,1722,1591,-98,-229,98,229,FALSE,FALSE
442,32,1682,1591,1464,1682,1591,1464,1682,1591,1464,-91,-218,91,218,FALSE,FALSE
442,33,1559,1456,1333,1559,1456,1333,1559,1456,1333,-103,-226,103,226,FALSE,FALSE
442,34,1426,1331,1217,1426,1331,1217,1426,1331,1217,-95,-209,95,209,FALSE,FALSE
442,35,1302,1221,1129,1302,1221,1129,1302,1221,1129,-81,-173,81,173,FALSE,FALSE
442,36,1167,1103,1030,1167,1103,1030,1167,1103,1030,-64,-137,64,137,FALSE,FALSE
442,37,1058,1000,933,1058,1000,933,1058,1000,933,-58,-125,58,125,FALSE,FALSE
442,38,985,922,859,985,922,859,985,922,859,-63,-126,63,126,FALSE,FALSE
442,39,894,838,796,894,838,796,894,838,796,-56,-98,56,98,FALSE,FALSE
442,40,816,750,738,816,750,738,816,750,738,-66,-78,66,78,FALSE,FALSE
442,41,739,693,681,739,693,681,739,693,681,-46,-58,46,58,FALSE,FALSE
442,42,685,621,622,685,621,622,685,621,622,-64,-63,64,63,FALSE,FALSE
442,43,630,578,568,630,578,568,630,578,568,-52,-62,52,62,FALSE,FALSE
442,44,568,526,526,568,526,526,568,526,526,-42,-42,42,42,FALSE,FALSE
442,45,533,485,482,533,485,482,533,485,482,-48,-51,48,51,FALSE,FALSE
442,46,493,451,438,493,451,438,493,451,438,-42,-55,42,55,FALSE,FALSE
442,47,444,405,403,444,405,403,444,405,403,-39,-41,39,41,FALSE,FALSE
442,48,409,370,375,409,370,375,409,370,375,-39,-34,39,34,FALSE,FALSE
442,49,380,327,338,380,327,338,380,327,338,-53,-42,53,42,FALSE,FALSE
442,50,347,298,314,347,298,314,347,298,314,-49,-33,49,33,FALSE,FALSE
442,51,317,282,288,317,282,288,317,282,288,-35,-29,35,29,FALSE,FALSE
442,52,287,258,261,287,258,261,287,258,261,-29,-26,29,26,FALSE,FALSE
442,53,262,240,240,262,240,240,262,240,240,-22,-22,22,22,FALSE,FALSE
442,54,238,216,222,238,216,222,238,216,222,-22,-16,22,16,FALSE,FALSE
442,55,214,202,196,214,202,196,214,202,196,-12,-18,12,18,FALSE,FALSE
442,56,194,180,178,194,180,178,194,180,178,-14,-16,14,16,FALSE,FALSE
442,57,175,162,166,175,162,166,175,162,166,-13,-9,13,9,FALSE,FALSE
442,58,163,145,153,163,145,153,163,145,153,-18,-10,18,10,FALSE,FALSE
442,59,149,131,146,149,131,146,149,131,146,-18,-3,18,3,FALSE,FALSE
442,60,132,122,130,132,122,130,132,122,130,-10,-2,10,2,FALSE,FALSE
443,0,146,146,146,146,146,146,146,146,146,0,0,0,0,TRUE,TRUE
443,1,185,180,173,185,180,173,185,180,173,-5,-12,5,12,FALSE,FALSE
443,2,215,198,199,215,198,199,215,198,199,-17,-16,17,16,FALSE,FALSE
443,3,251,230,247,251,230,247,251,230,247,-21,-4,21,4,FALSE,FALSE
443,4,328,264,308,328,264,308,328,264,308,-64,-20,64,20,FALSE,FALSE
443,5,391,298,358,391,298,358,391,298,358,-93,-33,93,33,FALSE,FALSE
443,6,440,346,426,440,346,426,440,346,426,-94,-14,94,14,FALSE,FALSE
443,7,506,413,498,506,413,498,506,413,498,-93,-8,93,8,FALSE,FALSE
443,8,592,479,587,592,479,587,592,479,587,-113,-5,113,5,FALSE,FALSE
443,9,688,529,674,688,529,674,688,529,674,-159,-14,159,14,FALSE,FALSE
443,10,780,596,784,780,596,784,780,596,784,-184,4,184,4,FALSE,FALSE
443,11,839,683,909,839,683,909,839,683,909,-156,70,156,70,FALSE,FALSE
443,12,942,782,1012,942,782,1012,942,782,1012,-160,70,160,70,FALSE,FALSE
443,13,1041,903,1101,1041,903,1101,1041,903,1101,-138,60,138,60,FALSE,FALSE
443,14,1139,1003,1173,1139,1003,1173,1139,1003,1173,-136,34,136,34,FALSE,FALSE
443,15,1190,1088,1264,1190,1088,1264,1190,1088,1264,-102,74,102,74,FALSE,FALSE
443,16,1253,1182,1332,1253,1182,1332,1253,1182,1332,-71,79,71,79,FALSE,FALSE
443,17,1313,1213,1384,1313,1213,1384,1313,1213,1384,-100,71,100,71,FALSE,FALSE
443,18,1356,1272,1414,1356,1272,1414,1356,1272,1414,-84,58,84,58,FALSE,FALSE
443,19,1367,1317,1417,1367,1317,1417,1367,1317,1417,-50,50,50,50,FALSE,FALSE
443,20,1344,1376,1397,1344,1376,1397,1344,1376,1397,32,53,32,53,FALSE,FALSE
443,21,1360,1368,1379,1360,1368,1379,1360,1368,1379,8,19,8,19,FALSE,FALSE
443,22,1364,1367,1353,1364,1367,1353,1364,1367,1353,3,-11,3,11,FALSE,FALSE
443,23,1331,1374,1309,1331,1374,1309,1331,1374,1309,43,-22,43,22,FALSE,FALSE
443,24,1281,1313,1265,1281,1313,1265,1281,1313,1265,32,-16,32,16,FALSE,FALSE
443,25,1182,1293,1202,1182,1293,1202,1182,1293,1202,111,20,111,20,FALSE,FALSE
443,26,1089,1270,1120,1089,1270,1120,1089,1270,1120,181,31,181,31,FALSE,FALSE
443,27,1007,1216,1027,1007,1216,1027,1007,1216,1027,209,20,209,20,FALSE,FALSE
443,28,920,1132,958,920,1132,958,920,1132,958,212,38,212,38,FALSE,FALSE
443,29,849,1036,890,849,1036,890,849,1036,890,187,41,187,41,FALSE,FALSE
443,30,805,932,798,805,932,798,805,932,798,127,-7,127,7,FALSE,FALSE
443,31,707,854,729,707,854,729,707,854,729,147,22,147,22,FALSE,FALSE
443,32,606,774,656,606,774,656,606,774,656,168,50,168,50,FALSE,FALSE
443,33,552,713,580,552,713,580,552,713,580,161,28,161,28,FALSE,FALSE
443,34,488,640,542,488,640,542,488,640,542,152,54,152,54,FALSE,FALSE
443,35,448,555,458,448,555,458,448,555,458,107,10,107,10,FALSE,FALSE
443,36,398,491,424,398,491,424,398,491,424,93,26,93,26,FALSE,FALSE
443,37,358,430,392,358,430,392,358,430,392,72,34,72,34,FALSE,FALSE
443,38,339,388,339,339,388,339,339,388,339,49,0,49,0,FALSE,TRUE
443,39,291,337,305,291,337,305,291,337,305,46,14,46,14,FALSE,FALSE
443,40,262,298,270,262,298,270,262,298,270,36,8,36,8,FALSE,FALSE
443,41,230,264,250,230,264,250,230,264,250,34,20,34,20,FALSE,FALSE
443,42,206,243,229,206,243,229,206,243,229,37,23,37,23,FALSE,FALSE
443,43,179,225,205,179,225,205,179,225,205,46,26,46,26,FALSE,FALSE
443,44,162,208,186,162,208,186,162,208,186,46,24,46,24,FALSE,FALSE
443,45,135,188,158,135,188,158,135,188,158,53,23,53,23,FALSE,FALSE
443,46,123,172,150,123,172,150,123,172,150,49,27,49,27,FALSE,FALSE
443,47,106,151,132,106,151,132,106,151,132,45,26,45,26,FALSE,FALSE
443,48,92,138,124,92,138,124,92,138,124,46,32,46,32,FALSE,FALSE
443,49,81,133,99,81,133,99,81,133,99,52,18,52,18,FALSE,FALSE
443,50,74,119,93,74,119,93,74,119,93,45,19,45,19,FALSE,FALSE
443,51,64,111,82,64,111,82,64,111,82,47,18,47,18,FALSE,FALSE
443,52,55,92,76,55,92,76,55,92,76,37,21,37,21,FALSE,FALSE
443,53,45,87,61,45,87,61,45,87,61,42,16,42,16,FALSE,FALSE
443,54,37,81,47,37,81,47,37,81,47,44,10,44,10,FALSE,FALSE
443,55,36,74,37,36,74,37,36,74,37,38,1,38,1,FALSE,FALSE
443,56,30,65,34,30,65,34,30,65,34,35,4,35,4,FALSE,FALSE
443,57,27,56,34,27,56,34,27,56,34,29,7,29,7,FALSE,FALSE
443,58,28,53,32,28,53,32,28,53,32,25,4,25,4,FALSE,FALSE
443,59,22,47,23,22,47,23,22,47,23,25,1,25,1,FALSE,FALSE
443,60,24,41,22,24,41,22,24,41,22,17,-2,17,2,FALSE,FALSE
444,0,60,60,60,60,60,60,60,60,60,0,0,0,0,TRUE,TRUE
444,1,94,99,94,94,99,94,94,99,94,5,0,5,0,FALSE,TRUE
444,2,153,166,154,153,166,154,153,166,154,13,1,13,1,FALSE,FALSE
444,3,246,265,250,246,265,250,246,265,250,19,4,19,4,FALSE,FALSE
444,4,394,402,396,394,402,396,394,402,396,8,2,8,2,FALSE,FALSE
444,5,613,598,598,613,598,598,613,598,598,-15,-15,15,15,FALSE,FALSE
444,6,869,843,910,869,843,910,869,843,910,-26,41,26,41,FALSE,FALSE
444,7,1233,1180,1269,1233,1180,1269,1233,1180,1269,-53,36,53,36,FALSE,FALSE
444,8,1708,1543,1719,1708,1543,1719,1708,1543,1719,-165,11,165,11,FALSE,FALSE
444,9,2137,1962,2152,2137,1962,2152,2137,1962,2152,-175,15,175,15,FALSE,FALSE
444,10,2494,2349,2548,2494,2349,2548,2494,2349,2548,-145,54,145,54,FALSE,FALSE
444,11,2729,2617,2817,2729,2617,2817,2729,2617,2817,-112,88,112,88,FALSE,FALSE
444,12,2797,2757,2968,2797,2757,2968,2797,2757,2968,-40,171,40,171,FALSE,FALSE
444,13,2797,2785,2888,2797,2785,2888,2797,2785,2888,-12,91,12,91,FALSE,FALSE
444,14,2683,2676,2721,2683,2676,2721,2683,2676,2721,-7,38,7,38,FALSE,FALSE
444,15,2484,2496,2469,2484,2496,2469,2484,2496,2469,12,-15,12,15,FALSE,FALSE
444,16,2258,2283,2252,2258,2283,2252,2258,2283,2252,25,-6,25,6,FALSE,FALSE
444,17,1996,2004,2020,1996,2004,2020,1996,2004,2020,8,24,8,24,FALSE,FALSE
444,18,1758,1782,1759,1758,1782,1759,1758,1782,1759,24,1,24,1,FALSE,FALSE
444,19,1561,1553,1541,1561,1553,1541,1561,1553,1541,-8,-20,8,20,FALSE,FALSE
444,20,1366,1330,1357,1366,1330,1357,1366,1330,1357,-36,-9,36,9,FALSE,FALSE
444,21,1166,1147,1150,1166,1147,1150,1166,1147,1150,-19,-16,19,16,FALSE,FALSE
444,22,1016,1000,974,1016,1000,974,1016,1000,974,-16,-42,16,42,FALSE,FALSE
444,23,860,875,830,860,875,830,860,875,830,15,-30,15,30,FALSE,FALSE
444,24,741,755,689,741,755,689,741,755,689,14,-52,14,52,FALSE,FALSE
444,25,636,641,587,636,641,587,636,641,587,5,-49,5,49,FALSE,FALSE
444,26,539,543,515,539,543,515,539,543,515,4,-24,4,24,FALSE,FALSE
444,27,449,462,448,449,462,448,449,462,448,13,-1,13,1,FALSE,FALSE
444,28,378,397,380,378,397,380,378,397,380,19,2,19,2,FALSE,FALSE
444,29,319,333,312,319,333,312,319,333,312,14,-7,14,7,FALSE,FALSE
444,30,267,279,264,267,279,264,267,279,264,12,-3,12,3,FALSE,FALSE
444,31,223,237,230,223,237,230,223,237,230,14,7,14,7,FALSE,FALSE
444,32,198,214,197,198,214,197,198,214,197,16,-1,16,1,FALSE,FALSE
444,33,166,175,163,166,175,163,166,175,163,9,-3,9,3,FALSE,FALSE
444,34,144,146,146,144,146,146,144,146,146,2,2,2,2,FALSE,FALSE
444,35,118,124,125,118,124,125,118,124,125,6,7,6,7,FALSE,FALSE
444,36,108,108,106,108,108,106,108,108,106,0,-2,0,2,TRUE,FALSE
444,37,81,94,88,81,94,88,81,94,88,13,7,13,7,FALSE,FALSE
444,38,67,79,77,67,79,77,67,79,77,12,10,12,10,FALSE,FALSE
444,39,59,68,67,59,68,67,59,68,67,9,8,9,8,FALSE,FALSE
444,40,48,56,54,48,56,54,48,56,54,8,6,8,6,FALSE,FALSE
444,41,42,48,44,42,48,44,42,48,44,6,2,6,2,FALSE,FALSE
444,42,35,40,38,35,40,38,35,40,38,5,3,5,3,FALSE,FALSE
444,43,33,33,35,33,33,35,33,33,35,0,2,0,2,TRUE,FALSE
444,44,26,29,32,26,29,32,26,29,32,3,6,3,6,FALSE,FALSE
444,45,25,22,26,25,22,26,25,22,26,-3,1,3,1,FALSE,FALSE
444,46,23,19,22,23,19,22,23,19,22,-4,-1,4,1,FALSE,FALSE
444,47,16,16,20,16,16,20,16,16,20,0,4,0,4,TRUE,FALSE
444,48,13,16,16,13,16,16,13,16,16,3,3,3,3,FALSE,FALSE
444,49,13,16,14,13,16,14,13,16,14,3,1,3,1,FALSE,FALSE
444,50,10,13,11,10,13,11,10,13,11,3,1,3,1,FALSE,FALSE
444,51,10,10,7,10,10,7,10,10,7,0,-3,0,3,TRUE,FALSE
444,52,9,9,7,9,9,7,9,9,7,0,-2,0,2,TRUE,FALSE
444,53,5,7,6,5,7,6,5,7,6,2,1,2,1,FALSE,FALSE
444,54,5,7,4,5,7,4,5,7,4,2,-1,2,1,FALSE,FALSE
444,55,4,5,2,4,5,2,4,5,2,1,-2,1,2,FALSE,FALSE
444,56,3,5,2,3,5,2,3,5,2,2,-1,2,1,FALSE,FALSE
444,57,2,3,1,2,3,1,2,3,1,1,-1,1,1,FALSE,FALSE
444,58,1,2,1,1,2,1,1,2,1,1,0,1,0,FALSE,TRUE
444,59,1,2,1,1,2,1,1,2,1,1,0,1,0,FALSE,TRUE
444,60,1,2,1,1,2,1,1,2,1,1,0,1,0,FALSE,TRUE
445,0,90,90,90,90,90,90,90,90,90,0,0,0,0,TRUE,TRUE
445,1,116,121,104,116,121,104,116,121,104,5,-12,5,12,FALSE,FALSE
445,2,154,154,130,154,154,130,154,154,130,0,-24,0,24,TRUE,FALSE
445,3,176,182,154,176,182,154,176,182,154,6,-22,6,22,FALSE,FALSE
445,4,221,227,163,221,227,163,221,227,163,6,-58,6,58,FALSE,FALSE
445,5,280,275,190,280,275,190,280,275,190,-5,-90,5,90,FALSE,FALSE
445,6,337,347,231,337,347,231,337,347,231,10,-106,10,106,FALSE,FALSE
445,7,419,416,284,419,416,284,419,416,284,-3,-135,3,135,FALSE,FALSE
445,8,484,495,352,484,495,352,484,495,352,11,-132,11,132,FALSE,FALSE
445,9,569,567,444,569,567,444,569,567,444,-2,-125,2,125,FALSE,FALSE
445,10,690,681,520,690,681,520,690,681,520,-9,-170,9,170,FALSE,FALSE
445,11,812,797,642,812,797,642,812,797,642,-15,-170,15,170,FALSE,FALSE
445,12,912,909,778,912,909,778,912,909,778,-3,-134,3,134,FALSE,FALSE
445,13,1029,1018,886,1029,1018,886,1029,1018,886,-11,-143,11,143,FALSE,FALSE
445,14,1125,1123,974,1125,1123,974,1125,1123,974,-2,-151,2,151,FALSE,FALSE
445,15,1210,1215,1036,1210,1215,1036,1210,1215,1036,5,-174,5,174,FALSE,FALSE
445,16,1282,1270,1108,1282,1270,1108,1282,1270,1108,-12,-174,12,174,FALSE,FALSE
445,17,1314,1304,1188,1314,1304,1188,1314,1304,1188,-10,-126,10,126,FALSE,FALSE
445,18,1328,1314,1233,1328,1314,1233,1328,1314,1233,-14,-95,14,95,FALSE,FALSE
445,19,1325,1345,1238,1325,1345,1238,1325,1345,1238,20,-87,20,87,FALSE,FALSE
445,20,1282,1330,1286,1282,1330,1286,1282,1330,1286,48,4,48,4,FALSE,FALSE
445,21,1233,1260,1251,1233,1260,1251,1233,1260,1251,27,18,27,18,FALSE,FALSE
445,22,1171,1216,1222,1171,1216,1222,1171,1216,1222,45,51,45,51,FALSE,FALSE
445,23,1121,1153,1153,1121,1153,1153,1121,1153,1153,32,32,32,32,FALSE,FALSE
445,24,1045,1103,1088,1045,1103,1088,1045,1103,1088,58,43,58,43,FALSE,FALSE
445,25,979,1007,1030,979,1007,1030,979,1007,1030,28,51,28,51,FALSE,FALSE
445,26,902,939,930,902,939,930,902,939,930,37,28,37,28,FALSE,FALSE
445,27,828,828,865,828,828,865,828,828,865,0,37,0,37,TRUE,FALSE
445,28,716,723,800,716,723,800,716,723,800,7,84,7,84,FALSE,FALSE
445,29,645,630,746,645,630,746,645,630,746,-15,101,15,101,FALSE,FALSE
445,30,585,553,649,585,553,649,585,553,649,-32,64,32,64,FALSE,FALSE
445,31,504,471,560,504,471,560,504,471,560,-33,56,33,56,FALSE,FALSE
445,32,440,432,504,440,432,504,440,432,504,-8,64,8,64,FALSE,FALSE
445,33,372,390,434,372,390,434,372,390,434,18,62,18,62,FALSE,FALSE
445,34,334,329,398,334,329,398,334,329,398,-5,64,5,64,FALSE,FALSE
445,35,294,299,357,294,299,357,294,299,357,5,63,5,63,FALSE,FALSE
445,36,268,258,328,268,258,328,268,258,328,-10,60,10,60,FALSE,FALSE
445,37,233,222,297,233,222,297,233,222,297,-11,64,11,64,FALSE,FALSE
445,38,192,196,253,192,196,253,192,196,253,4,61,4,61,FALSE,FALSE
445,39,163,170,231,163,170,231,163,170,231,7,68,7,68,FALSE,FALSE
445,40,139,153,197,139,153,197,139,153,197,14,58,14,58,FALSE,FALSE
445,41,111,138,177,111,138,177,111,138,177,27,66,27,66,FALSE,FALSE
445,42,91,123,150,91,123,150,91,123,150,32,59,32,59,FALSE,FALSE
445,43,82,97,127,82,97,127,82,97,127,15,45,15,45,FALSE,FALSE
445,44,74,82,110,74,82,110,74,82,110,8,36,8,36,FALSE,FALSE
445,45,65,64,98,65,64,98,65,64,98,-1,33,1,33,FALSE,FALSE
445,46,57,53,86,57,53,86,57,53,86,-4,29,4,29,FALSE,FALSE
445,47,47,50,73,47,50,73,47,50,73,3,26,3,26,FALSE,FALSE
445,48,51,42,64,51,42,64,51,42,64,-9,13,9,13,FALSE,FALSE
445,49,47,33,51,47,33,51,47,33,51,-14,4,14,4,FALSE,FALSE
445,50,38,30,41,38,30,41,38,30,41,-8,3,8,3,FALSE,FALSE
445,51,34,29,32,34,29,32,34,29,32,-5,-2,5,2,FALSE,FALSE
445,52,21,24,28,21,24,28,21,24,28,3,7,3,7,FALSE,FALSE
445,53,18,20,14,18,20,14,18,20,14,2,-4,2,4,FALSE,FALSE
445,54,13,17,14,13,17,14,13,17,14,4,1,4,1,FALSE,FALSE
445,55,9,15,10,9,15,10,9,15,10,6,1,6,1,FALSE,FALSE
445,56,9,12,10,9,12,10,9,12,10,3,1,3,1,FALSE,FALSE
445,57,7,10,9,7,10,9,7,10,9,3,2,3,2,FALSE,FALSE
445,58,9,8,7,9,8,7,9,8,7,-1,-2,1,2,FALSE,FALSE
445,59,8,7,6,8,7,6,8,7,6,-1,-2,1,2,FALSE,FALSE
445,60,5,6,5,5,6,5,5,6,5,1,0,1,0,FALSE,TRUE
446,0,53,53,53,53,53,53,53,53,53,0,0,0,0,TRUE,TRUE
446,1,59,56,62,59,56,62,59,56,62,-3,3,3,3,FALSE,FALSE
446,2,63,67,79,63,67,79,63,67,79,4,16,4,16,FALSE,FALSE
446,3,68,78,101,68,78,101,68,78,101,10,33,10,33,FALSE,FALSE
446,4,78,94,122,78,94,122,78,94,122,16,44,16,44,FALSE,FALSE
446,5,101,100,154,101,100,154,101,100,154,-1,53,1,53,FALSE,FALSE
446,6,119,107,196,119,107,196,119,107,196,-12,77,12,77,FALSE,FALSE
446,7,153,135,219,153,135,219,153,135,219,-18,66,18,66,FALSE,FALSE
446,8,173,155,257,173,155,257,173,155,257,-18,84,18,84,FALSE,FALSE
446,9,201,180,302,201,180,302,201,180,302,-21,101,21,101,FALSE,FALSE
446,10,224,200,355,224,200,355,224,200,355,-24,131,24,131,FALSE,FALSE
446,11,255,233,401,255,233,401,255,233,401,-22,146,22,146,FALSE,FALSE
446,12,313,283,467,313,283,467,313,283,467,-30,154,30,154,FALSE,FALSE
446,13,365,344,530,365,344,530,365,344,530,-21,165,21,165,FALSE,FALSE
446,14,448,408,592,448,408,592,448,408,592,-40,144,40,144,FALSE,FALSE
446,15,516,489,671,516,489,671,516,489,671,-27,155,27,155,FALSE,FALSE
446,16,598,570,747,598,570,747,598,570,747,-28,149,28,149,FALSE,FALSE
446,17,679,635,809,679,635,809,679,635,809,-44,130,44,130,FALSE,FALSE
446,18,744,721,884,744,721,884,744,721,884,-23,140,23,140,FALSE,FALSE
446,19,876,815,964,876,815,964,876,815,964,-61,88,61,88,FALSE,FALSE
446,20,944,902,1048,944,902,1048,944,902,1048,-42,104,42,104,FALSE,FALSE
446,21,1002,967,1149,1002,967,1149,1002,967,1149,-35,147,35,147,FALSE,FALSE
446,22,1082,1039,1209,1082,1039,1209,1082,1039,1209,-43,127,43,127,FALSE,FALSE
446,23,1156,1118,1237,1156,1118,1237,1156,1118,1237,-38,81,38,81,FALSE,FALSE
446,24,1199,1170,1231,1199,1170,1231,1199,1170,1231,-29,32,29,32,FALSE,FALSE
446,25,1247,1213,1222,1247,1213,1222,1247,1213,1222,-34,-25,34,25,FALSE,FALSE
446,26,1283,1279,1217,1283,1279,1217,1283,1279,1217,-4,-66,4,66,FALSE,FALSE
446,27,1267,1295,1197,1267,1295,1197,1267,1295,1197,28,-70,28,70,FALSE,FALSE
446,28,1292,1342,1180,1292,1342,1180,1292,1342,1180,50,-112,50,112,FALSE,FALSE
446,29,1282,1340,1153,1282,1340,1153,1282,1340,1153,58,-129,58,129,FALSE,FALSE
446,30,1252,1319,1123,1252,1319,1123,1252,1319,1123,67,-129,67,129,FALSE,FALSE
446,31,1191,1244,1056,1191,1244,1056,1191,1244,1056,53,-135,53,135,FALSE,FALSE
446,32,1120,1183,1022,1120,1183,1022,1120,1183,1022,63,-98,63,98,FALSE,FALSE
446,33,1034,1112,943,1034,1112,943,1034,1112,943,78,-91,78,91,FALSE,FALSE
446,34,944,1040,873,944,1040,873,944,1040,873,96,-71,96,71,FALSE,FALSE
446,35,859,979,813,859,979,813,859,979,813,120,-46,120,46,FALSE,FALSE
446,36,796,908,755,796,908,755,796,908,755,112,-41,112,41,FALSE,FALSE
446,37,749,869,670,749,869,670,749,869,670,120,-79,120,79,FALSE,FALSE
446,38,690,775,621,690,775,621,690,775,621,85,-69,85,69,FALSE,FALSE
446,39,644,703,587,644,703,587,644,703,587,59,-57,59,57,FALSE,FALSE
446,40,568,638,535,568,638,535,568,638,535,70,-33,70,33,FALSE,FALSE
446,41,505,599,496,505,599,496,505,599,496,94,-9,94,9,FALSE,FALSE
446,42,443,535,446,443,535,446,443,535,446,92,3,92,3,FALSE,FALSE
446,43,393,482,382,393,482,382,393,482,382,89,-11,89,11,FALSE,FALSE
446,44,357,431,350,357,431,350,357,431,350,74,-7,74,7,FALSE,FALSE
446,45,326,388,298,326,388,298,326,388,298,62,-28,62,28,FALSE,FALSE
446,46,305,343,255,305,343,255,305,343,255,38,-50,38,50,FALSE,FALSE
446,47,260,322,229,260,322,229,260,322,229,62,-31,62,31,FALSE,FALSE
446,48,212,299,199,212,299,199,212,299,199,87,-13,87,13,FALSE,FALSE
446,49,186,263,170,186,263,170,186,263,170,77,-16,77,16,FALSE,FALSE
446,50,170,249,150,170,249,150,170,249,150,79,-20,79,20,FALSE,FALSE
446,51,154,219,116,154,219,116,154,219,116,65,-38,65,38,FALSE,FALSE
446,52,132,207,102,132,207,102,132,207,102,75,-30,75,30,FALSE,FALSE
446,53,118,182,88,118,182,88,118,182,88,64,-30,64,30,FALSE,FALSE
446,54,106,157,78,106,157,78,106,157,78,51,-28,51,28,FALSE,FALSE
446,55,99,138,64,99,138,64,99,138,64,39,-35,39,35,FALSE,FALSE
446,56,93,126,56,93,126,56,93,126,56,33,-37,33,37,FALSE,FALSE
446,57,84,115,48,84,115,48,84,115,48,31,-36,31,36,FALSE,FALSE
446,58,64,102,39,64,102,39,64,102,39,38,-25,38,25,FALSE,FALSE
446,59,55,95,37,55,95,37,55,95,37,40,-18,40,18,FALSE,FALSE
446,60,49,81,32,49,81,32,49,81,32,32,-17,32,17,FALSE,FALSE
447,0,99,99,99,99,99,99,99,99,99,0,0,0,0,TRUE,TRUE
447,1,115,114,120,115,114,120,115,114,120,-1,5,1,5,FALSE,FALSE
447,2,138,132,133,138,132,133,138,132,133,-6,-5,6,5,FALSE,FALSE
447,3,144,151,155,144,151,155,144,151,155,7,11,7,11,FALSE,FALSE
447,4,162,159,180,162,159,180,162,159,180,-3,18,3,18,FALSE,FALSE
447,5,180,195,213,180,195,213,180,195,213,15,33,15,33,FALSE,FALSE
447,6,215,220,243,215,220,243,215,220,243,5,28,5,28,FALSE,FALSE
447,7,251,257,264,251,257,264,251,257,264,6,13,6,13,FALSE,FALSE
447,8,297,289,296,297,289,296,297,289,296,-8,-1,8,1,FALSE,FALSE
447,9,340,339,332,340,339,332,340,339,332,-1,-8,1,8,FALSE,FALSE
447,10,387,387,387,387,387,387,387,387,387,0,0,0,0,TRUE,TRUE
447,11,443,447,433,443,447,433,443,447,433,4,-10,4,10,FALSE,FALSE
447,12,500,516,468,500,516,468,500,516,468,16,-32,16,32,FALSE,FALSE
447,13,565,588,542,565,588,542,565,588,542,23,-23,23,23,FALSE,FALSE
447,14,626,677,619,626,677,619,626,677,619,51,-7,51,7,FALSE,FALSE
447,15,694,772,701,694,772,701,694,772,701,78,7,78,7,FALSE,FALSE
447,16,779,860,800,779,860,800,779,860,800,81,21,81,21,FALSE,FALSE
447,17,892,952,867,892,952,867,892,952,867,60,-25,60,25,FALSE,FALSE
447,18,990,1069,944,990,1069,944,990,1069,944,79,-46,79,46,FALSE,FALSE
447,19,1085,1206,1045,1085,1206,1045,1085,1206,1045,121,-40,121,40,FALSE,FALSE
447,20,1166,1336,1164,1166,1336,1164,1166,1336,1164,170,-2,170,2,FALSE,FALSE
447,21,1283,1488,1271,1283,1488,1271,1283,1488,1271,205,-12,205,12,FALSE,FALSE
447,22,1390,1607,1403,1390,1607,1403,1390,1607,1403,217,13,217,13,FALSE,FALSE
447,23,1507,1762,1531,1507,1762,1531,1507,1762,1531,255,24,255,24,FALSE,FALSE
447,24,1608,1894,1654,1608,1894,1654,1608,1894,1654,286,46,286,46,FALSE,FALSE
447,25,1722,2030,1766,1722,2030,1766,1722,2030,1766,308,44,308,44,FALSE,FALSE
447,26,1835,2174,1895,1835,2174,1895,1835,2174,1895,339,60,339,60,FALSE,FALSE
447,27,1970,2297,1994,1970,2297,1994,1970,2297,1994,327,24,327,24,FALSE,FALSE
447,28,2064,2419,2099,2064,2419,2099,2064,2419,2099,355,35,355,35,FALSE,FALSE
447,29,2187,2515,2220,2187,2515,2220,2187,2515,2220,328,33,328,33,FALSE,FALSE
447,30,2304,2600,2287,2304,2600,2287,2304,2600,2287,296,-17,296,17,FALSE,FALSE
447,31,2359,2641,2379,2359,2641,2379,2359,2641,2379,282,20,282,20,FALSE,FALSE
447,32,2415,2680,2438,2415,2680,2438,2415,2680,2438,265,23,265,23,FALSE,FALSE
447,33,2489,2724,2513,2489,2724,2513,2489,2724,2513,235,24,235,24,FALSE,FALSE
447,34,2546,2771,2546,2546,2771,2546,2546,2771,2546,225,0,225,0,FALSE,TRUE
447,35,2594,2793,2567,2594,2793,2567,2594,2793,2567,199,-27,199,27,FALSE,FALSE
447,36,2626,2754,2615,2626,2754,2615,2626,2754,2615,128,-11,128,11,FALSE,FALSE
447,37,2657,2749,2625,2657,2749,2625,2657,2749,2625,92,-32,92,32,FALSE,FALSE
447,38,2641,2733,2622,2641,2733,2622,2641,2733,2622,92,-19,92,19,FALSE,FALSE
447,39,2604,2719,2592,2604,2719,2592,2604,2719,2592,115,-12,115,12,FALSE,FALSE
447,40,2571,2655,2548,2571,2655,2548,2571,2655,2548,84,-23,84,23,FALSE,FALSE
447,41,2523,2589,2521,2523,2589,2521,2523,2589,2521,66,-2,66,2,FALSE,FALSE
447,42,2472,2532,2474,2472,2532,2474,2472,2532,2474,60,2,60,2,FALSE,FALSE
447,43,2426,2449,2418,2426,2449,2418,2426,2449,2418,23,-8,23,8,FALSE,FALSE
447,44,2376,2354,2377,2376,2354,2377,2376,2354,2377,-22,1,22,1,FALSE,FALSE
447,45,2314,2263,2338,2314,2263,2338,2314,2263,2338,-51,24,51,24,FALSE,FALSE
447,46,2236,2165,2276,2236,2165,2276,2236,2165,2276,-71,40,71,40,FALSE,FALSE
447,47,2155,2067,2179,2155,2067,2179,2155,2067,2179,-88,24,88,24,FALSE,FALSE
447,48,2076,1968,2138,2076,1968,2138,2076,1968,2138,-108,62,108,62,FALSE,FALSE
447,49,2006,1877,2054,2006,1877,2054,2006,1877,2054,-129,48,129,48,FALSE,FALSE
447,50,1955,1792,1975,1955,1792,1975,1955,1792,1975,-163,20,163,20,FALSE,FALSE
447,51,1878,1710,1908,1878,1710,1908,1878,1710,1908,-168,30,168,30,FALSE,FALSE
447,52,1797,1632,1831,1797,1632,1831,1797,1632,1831,-165,34,165,34,FALSE,FALSE
447,53,1702,1560,1770,1702,1560,1770,1702,1560,1770,-142,68,142,68,FALSE,FALSE
447,54,1625,1487,1719,1625,1487,1719,1625,1487,1719,-138,94,138,94,FALSE,FALSE
447,55,1552,1409,1633,1552,1409,1633,1552,1409,1633,-143,81,143,81,FALSE,FALSE
447,56,1485,1334,1570,1485,1334,1570,1485,1334,1570,-151,85,151,85,FALSE,FALSE
447,57,1392,1274,1497,1392,1274,1497,1392,1274,1497,-118,105,118,105,FALSE,FALSE
447,58,1324,1205,1422,1324,1205,1422,1324,1205,1422,-119,98,119,98,FALSE,FALSE
447,59,1253,1158,1351,1253,1158,1351,1253,1158,1351,-95,98,95,98,FALSE,FALSE
447,60,1197,1111,1266,1197,1111,1266,1197,1111,1266,-86,69,86,69,FALSE,FALSE
448,0,43,43,43,43,43,43,43,43,43,0,0,0,0,TRUE,TRUE
448,1,47,44,49,47,44,49,47,44,49,-3,2,3,2,FALSE,FALSE
448,2,53,47,61,53,47,61,53,47,61,-6,8,6,8,FALSE,FALSE
448,3,65,57,73,65,57,73,65,57,73,-8,8,8,8,FALSE,FALSE
448,4,79,74,86,79,74,86,79,74,86,-5,7,5,7,FALSE,FALSE
448,5,99,89,109,99,89,109,99,89,109,-10,10,10,10,FALSE,FALSE
448,6,132,104,126,132,104,126,132,104,126,-28,-6,28,6,FALSE,FALSE
448,7,168,132,156,168,132,156,168,132,156,-36,-12,36,12,FALSE,FALSE
448,8,187,152,176,187,152,176,187,152,176,-35,-11,35,11,FALSE,FALSE
448,9,208,184,214,208,184,214,208,184,214,-24,6,24,6,FALSE,FALSE
448,10,234,197,248,234,197,248,234,197,248,-37,14,37,14,FALSE,FALSE
448,11,276,222,301,276,222,301,276,222,301,-54,25,54,25,FALSE,FALSE
448,12,321,264,344,321,264,344,321,264,344,-57,23,57,23,FALSE,FALSE
448,13,365,310,392,365,310,392,365,310,392,-55,27,55,27,FALSE,FALSE
448,14,413,374,465,413,374,465,413,374,465,-39,52,39,52,FALSE,FALSE
448,15,476,437,518,476,437,518,476,437,518,-39,42,39,42,FALSE,FALSE
448,16,541,504,594,541,504,594,541,504,594,-37,53,37,53,FALSE,FALSE
448,17,619,577,673,619,577,673,619,577,673,-42,54,42,54,FALSE,FALSE
448,18,712,654,758,712,654,758,712,654,758,-58,46,58,46,FALSE,FALSE
448,19,797,744,850,797,744,850,797,744,850,-53,53,53,53,FALSE,FALSE
448,20,893,803,917,893,803,917,893,803,917,-90,24,90,24,FALSE,FALSE
448,21,995,887,1032,995,887,1032,995,887,1032,-108,37,108,37,FALSE,FALSE
448,22,1099,971,1124,1099,971,1124,1099,971,1124,-128,25,128,25,FALSE,FALSE
448,23,1177,1063,1237,1177,1063,1237,1177,1063,1237,-114,60,114,60,FALSE,FALSE
448,24,1222,1135,1322,1222,1135,1322,1222,1135,1322,-87,100,87,100,FALSE,FALSE
448,25,1296,1232,1410,1296,1232,1410,1296,1232,1410,-64,114,64,114,FALSE,FALSE
448,26,1325,1330,1451,1325,1330,1451,1325,1330,1451,5,126,5,126,FALSE,FALSE
448,27,1352,1390,1519,1352,1390,1519,1352,1390,1519,38,167,38,167,FALSE,FALSE
448,28,1393,1463,1556,1393,1463,1556,1393,1463,1556,70,163,70,163,FALSE,FALSE
448,29,1459,1506,1563,1459,1506,1563,1459,1506,1563,47,104,47,104,FALSE,FALSE
448,30,1459,1533,1571,1459,1533,1571,1459,1533,1571,74,112,74,112,FALSE,FALSE
448,31,1480,1535,1546,1480,1535,1546,1480,1535,1546,55,66,55,66,FALSE,FALSE
448,32,1453,1544,1518,1453,1544,1518,1453,1544,1518,91,65,91,65,FALSE,FALSE
448,33,1435,1544,1492,1435,1544,1492,1435,1544,1492,109,57,109,57,FALSE,FALSE
448,34,1391,1503,1422,1391,1503,1422,1391,1503,1422,112,31,112,31,FALSE,FALSE
448,35,1360,1490,1407,1360,1490,1407,1360,1490,1407,130,47,130,47,FALSE,FALSE
448,36,1329,1439,1362,1329,1439,1362,1329,1439,1362,110,33,110,33,FALSE,FALSE
448,37,1299,1379,1301,1299,1379,1301,1299,1379,1301,80,2,80,2,FALSE,FALSE
448,38,1246,1345,1263,1246,1345,1263,1246,1345,1263,99,17,99,17,FALSE,FALSE
448,39,1176,1282,1201,1176,1282,1201,1176,1282,1201,106,25,106,25,FALSE,FALSE
448,40,1129,1222,1133,1129,1222,1133,1129,1222,1133,93,4,93,4,FALSE,FALSE
448,41,1062,1157,1094,1062,1157,1094,1062,1157,1094,95,32,95,32,FALSE,FALSE
448,42,1034,1123,1051,1034,1123,1051,1034,1123,1051,89,17,89,17,FALSE,FALSE
448,43,1002,1074,998,1002,1074,998,1002,1074,998,72,-4,72,4,FALSE,FALSE
448,44,957,1016,926,957,1016,926,957,1016,926,59,-31,59,31,FALSE,FALSE
448,45,904,973,857,904,973,857,904,973,857,69,-47,69,47,FALSE,FALSE
448,46,853,910,809,853,910,809,853,910,809,57,-44,57,44,FALSE,FALSE
448,47,803,858,775,803,858,775,803,858,775,55,-28,55,28,FALSE,FALSE
448,48,753,806,725,753,806,725,753,806,725,53,-28,53,28,FALSE,FALSE
448,49,694,752,684,694,752,684,694,752,684,58,-10,58,10,FALSE,FALSE
448,50,654,698,647,654,698,647,654,698,647,44,-7,44,7,FALSE,FALSE
448,51,611,642,583,611,642,583,611,642,583,31,-28,31,28,FALSE,FALSE
448,52,572,590,561,572,590,561,572,590,561,18,-11,18,11,FALSE,FALSE
448,53,530,557,533,530,557,533,530,557,533,27,3,27,3,FALSE,FALSE
448,54,501,522,491,501,522,491,501,522,491,21,-10,21,10,FALSE,FALSE
448,55,469,471,457,469,471,457,469,471,457,2,-12,2,12,FALSE,FALSE
448,56,437,430,437,437,430,437,437,430,437,-7,0,7,0,FALSE,TRUE
448,57,401,398,409,401,398,409,401,398,409,-3,8,3,8,FALSE,FALSE
448,58,377,366,385,377,366,385,377,366,385,-11,8,11,8,FALSE,FALSE
448,59,339,339,375,339,339,375,339,339,375,0,36,0,36,TRUE,FALSE
448,60,310,317,342,310,317,342,310,317,342,7,32,7,32,FALSE,FALSE
449,0,159,159,159,159,159,159,159,159,159,0,0,0,0,TRUE,TRUE
449,1,300,280,289,300,280,289,300,280,289,-20,-11,20,11,FALSE,FALSE
449,2,545,476,517,545,476,517,545,476,517,-69,-28,69,28,FALSE,FALSE
449,3,935,771,892,935,771,892,935,771,892,-164,-43,164,43,FALSE,FALSE
449,4,1496,1229,1465,1496,1229,1465,1496,1229,1465,-267,-31,267,31,FALSE,FALSE
449,5,2188,1804,2181,2188,1804,2181,2188,1804,2181,-384,-7,384,7,FALSE,FALSE
449,6,2932,2386,2902,2932,2386,2902,2932,2386,2902,-546,-30,546,30,FALSE,FALSE
449,7,3414,2990,3487,3414,2990,3487,3414,2990,3487,-424,73,424,73,FALSE,FALSE
449,8,3584,3336,3730,3584,3336,3730,3584,3336,3730,-248,146,248,146,FALSE,FALSE
449,9,3528,3360,3577,3528,3360,3577,3528,3360,3577,-168,49,168,49,FALSE,FALSE
449,10,3159,3198,3210,3159,3198,3210,3159,3198,3210,39,51,39,51,FALSE,FALSE
449,11,2685,2908,2763,2685,2908,2763,2685,2908,2763,223,78,223,78,FALSE,FALSE
449,12,2237,2503,2286,2237,2503,2286,2237,2503,2286,266,49,266,49,FALSE,FALSE
449,13,1860,2154,1864,1860,2154,1864,1860,2154,1864,294,4,294,4,FALSE,FALSE
449,14,1539,1812,1461,1539,1812,1461,1539,1812,1461,273,-78,273,78,FALSE,FALSE
449,15,1228,1518,1165,1228,1518,1165,1228,1518,1165,290,-63,290,63,FALSE,FALSE
449,16,996,1264,947,996,1264,947,996,1264,947,268,-49,268,49,FALSE,FALSE
449,17,794,1024,758,794,1024,758,794,1024,758,230,-36,230,36,FALSE,FALSE
449,18,641,815,598,641,815,598,641,815,598,174,-43,174,43,FALSE,FALSE
449,19,508,667,455,508,667,455,508,667,455,159,-53,159,53,FALSE,FALSE
449,20,404,526,355,404,526,355,404,526,355,122,-49,122,49,FALSE,FALSE
449,21,330,429,271,330,429,271,330,429,271,99,-59,99,59,FALSE,FALSE
449,22,268,338,220,268,338,220,268,338,220,70,-48,70,48,FALSE,FALSE
449,23,221,279,170,221,279,170,221,279,170,58,-51,58,51,FALSE,FALSE
449,24,180,214,140,180,214,140,180,214,140,34,-40,34,40,FALSE,FALSE
449,25,136,188,105,136,188,105,136,188,105,52,-31,52,31,FALSE,FALSE
449,26,96,147,82,96,147,82,96,147,82,51,-14,51,14,FALSE,FALSE
449,27,68,112,62,68,112,62,68,112,62,44,-6,44,6,FALSE,FALSE
449,28,57,98,49,57,98,49,57,98,49,41,-8,41,8,FALSE,FALSE
449,29,42,75,40,42,75,40,42,75,40,33,-2,33,2,FALSE,FALSE
449,30,39,60,31,39,60,31,39,60,31,21,-8,21,8,FALSE,FALSE
449,31,35,52,26,35,52,26,35,52,26,17,-9,17,9,FALSE,FALSE
449,32,29,45,19,29,45,19,29,45,19,16,-10,16,10,FALSE,FALSE
449,33,26,35,13,26,35,13,26,35,13,9,-13,9,13,FALSE,FALSE
449,34,21,29,12,21,29,12,21,29,12,8,-9,8,9,FALSE,FALSE
449,35,14,23,8,14,23,8,14,23,8,9,-6,9,6,FALSE,FALSE
449,36,11,15,7,11,15,7,11,15,7,4,-4,4,4,FALSE,FALSE
449,37,9,15,6,9,15,6,9,15,6,6,-3,6,3,FALSE,FALSE
449,38,7,13,5,7,13,5,7,13,5,6,-2,6,2,FALSE,FALSE
449,39,5,11,4,5,11,4,5,11,4,6,-1,6,1,FALSE,FALSE
449,40,5,9,3,5,9,3,5,9,3,4,-2,4,2,FALSE,FALSE
449,41,3,7,2,3,7,2,3,7,2,4,-1,4,1,FALSE,FALSE
449,42,3,5,2,3,5,2,3,5,2,2,-1,2,1,FALSE,FALSE
449,43,3,3,1,3,3,1,3,3,1,0,-2,0,2,TRUE,FALSE
449,44,3,2,1,3,2,1,3,2,1,-1,-2,1,2,FALSE,FALSE
449,45,3,2,0,3,2,0,3,2,0,-1,-3,1,3,FALSE,FALSE
449,46,3,1,0,3,1,0,3,1,0,-2,-3,2,3,FALSE,FALSE
449,47,3,0,0,3,0,0,3,0,0,-3,-3,3,3,FALSE,FALSE
449,48,2,0,0,2,0,0,2,0,0,-2,-2,2,2,FALSE,FALSE
449,49,1,0,0,1,0,0,1,0,0,-1,-1,1,1,FALSE,FALSE
449,50,1,0,0,1,0,0,1,0,0,-1,-1,1,1,FALSE,FALSE
449,51,0,0,0,0,0,0,0,0,0,0,0,0,0,TRUE,TRUE
449,52,0,0,0,0,0,0,0,0,0,0,0,0,0,TRUE,TRUE
449,53,0,0,0,0,0,0,0,0,0,0,0,0,0,TRUE,TRUE
449,54,0,0,0,0,0,0,0,0,0,0,0,0,0,TRUE,TRUE
449,55,0,0,0,0,0,0,0,0,0,0,0,0,0,TRUE,TRUE
449,56,0,0,0,0,0,0,0,0,0,0,0,0,0,TRUE,TRUE
449,57,0,0,0,0,0,0,0,0,0,0,0,0,0,TRUE,TRUE
449,58,0,0,0,0,0,0,0,0,0,0,0,0,0,TRUE,TRUE
449,59,0,0,0,0,0,0,0,0,0,0,0,0,0,TRUE,TRUE
449,60,0,0,0,0,0,0,0,0,0,0,0,0,0,TRUE,TRUE
450,0,185,185,185,185,185,185,185,185,185,0,0,0,0,TRUE,TRUE
450,1,275,268,271,275,268,271,275,268,271,-7,-4,7,4,FALSE,FALSE
450,2,400,387,392,400,387,392,400,387,392,-13,-8,13,8,FALSE,FALSE
450,3,600,565,547,600,565,547,600,565,547,-35,-53,35,53,FALSE,FALSE
450,4,838,798,789,838,798,789,838,798,789,-40,-49,40,49,FALSE,FALSE
450,5,1150,1139,1103,1150,1139,1103,1150,1139,1103,-11,-47,11,47,FALSE,FALSE
450,6,1562,1527,1535,1562,1527,1535,1562,1527,1535,-35,-27,35,27,FALSE,FALSE
450,7,2035,1989,2082,2035,1989,2082,2035,1989,2082,-46,47,46,47,FALSE,FALSE
450,8,2586,2542,2641,2586,2542,2641,2586,2542,2641,-44,55,44,55,FALSE,FALSE
450,9,3110,3029,3186,3110,3029,3186,3110,3029,3186,-81,76,81,76,FALSE,FALSE
450,10,3620,3507,3682,3620,3507,3682,3620,3507,3682,-113,62,113,62,FALSE,FALSE
450,11,3942,3867,4050,3942,3867,4050,3942,3867,4050,-75,108,75,108,FALSE,FALSE
450,12,4089,4057,4239,4089,4057,4239,4089,4057,4239,-32,150,32,150,FALSE,FALSE
450,13,4146,4110,4213,4146,4110,4213,4146,4110,4213,-36,67,36,67,FALSE,FALSE
450,14,4014,4008,4015,4014,4008,4015,4014,4008,4015,-6,1,6,1,FALSE,FALSE
450,15,3808,3840,3748,3808,3840,3748,3808,3840,3748,32,-60,32,60,FALSE,FALSE
450,16,3507,3593,3493,3507,3593,3493,3507,3593,3493,86,-14,86,14,FALSE,FALSE
450,17,3226,3292,3193,3226,3292,3193,3226,3292,3193,66,-33,66,33,FALSE,FALSE
450,18,2894,2964,2872,2894,2964,2872,2894,2964,2872,70,-22,70,22,FALSE,FALSE
450,19,2621,2649,2595,2621,2649,2595,2621,2649,2595,28,-26,28,26,FALSE,FALSE
450,20,2333,2389,2284,2333,2389,2284,2333,2389,2284,56,-49,56,49,FALSE,FALSE
450,21,2071,2141,2025,2071,2141,2025,2071,2141,2025,70,-46,70,46,FALSE,FALSE
450,22,1826,1912,1779,1826,1912,1779,1826,1912,1779,86,-47,86,47,FALSE,FALSE
450,23,1619,1684,1599,1619,1684,1599,1619,1684,1599,65,-20,65,20,FALSE,FALSE
450,24,1459,1493,1394,1459,1493,1394,1459,1493,1394,34,-65,34,65,FALSE,FALSE
450,25,1281,1301,1204,1281,1301,1204,1281,1301,1204,20,-77,20,77,FALSE,FALSE
450,26,1122,1139,1051,1122,1139,1051,1122,1139,1051,17,-71,17,71,FALSE,FALSE
450,27,989,1007,923,989,1007,923,989,1007,923,18,-66,18,66,FALSE,FALSE
450,28,863,889,820,863,889,820,863,889,820,26,-43,26,43,FALSE,FALSE
450,29,750,794,711,750,794,711,750,794,711,44,-39,44,39,FALSE,FALSE
450,30,664,687,624,664,687,624,664,687,624,23,-40,23,40,FALSE,FALSE
450,31,565,588,558,565,588,558,565,588,558,23,-7,23,7,FALSE,FALSE
450,32,488,512,493,488,512,493,488,512,493,24,5,24,5,FALSE,FALSE
450,33,426,439,427,426,439,427,426,439,427,13,1,13,1,FALSE,FALSE
450,34,368,366,366,368,366,366,368,366,366,-2,-2,2,2,FALSE,FALSE
450,35,329,317,313,329,317,313,329,317,313,-12,-16,12,16,FALSE,FALSE
450,36,273,283,270,273,283,270,273,283,270,10,-3,10,3,FALSE,FALSE
450,37,238,248,232,238,248,232,238,248,232,10,-6,10,6,FALSE,FALSE
450,38,202,217,203,202,217,203,202,217,203,15,1,15,1,FALSE,FALSE
450,39,172,189,176,172,189,176,172,189,176,17,4,17,4,FALSE,FALSE
450,40,146,166,157,146,166,157,146,166,157,20,11,20,11,FALSE,FALSE
450,41,126,150,140,126,150,140,126,150,140,24,14,24,14,FALSE,FALSE
450,42,102,126,125,102,126,125,102,126,125,24,23,24,23,FALSE,FALSE
450,43,92,113,110,92,113,110,92,113,110,21,18,21,18,FALSE,FALSE
450,44,82,103,97,82,103,97,82,103,97,21,15,21,15,FALSE,FALSE
450,45,72,88,89,72,88,89,72,88,89,16,17,16,17,FALSE,FALSE
450,46,68,83,74,68,83,74,68,83,74,15,6,15,6,FALSE,FALSE
450,47,61,68,67,61,68,67,61,68,67,7,6,7,6,FALSE,FALSE
450,48,52,60,56,52,60,56,52,60,56,8,4,8,4,FALSE,FALSE
450,49,41,51,50,41,51,50,41,51,50,10,9,10,9,FALSE,FALSE
450,50,38,38,43,38,38,43,38,38,43,0,5,0,5,TRUE,FALSE
450,51,34,38,37,34,38,37,34,38,37,4,3,4,3,FALSE,FALSE
450,52,28,35,29,28,35,29,28,35,29,7,1,7,1,FALSE,FALSE
450,53,21,27,26,21,27,26,21,27,26,6,5,6,5,FALSE,FALSE
450,54,17,23,22,17,23,22,17,23,22,6,5,6,5,FALSE,FALSE
450,55,16,22,20,16,22,20,16,22,20,6,4,6,4,FALSE,FALSE
450,56,15,19,18,15,19,18,15,19,18,4,3,4,3,FALSE,FALSE
450,57,12,19,12,12,19,12,12,19,12,7,0,7,0,FALSE,TRUE
450,58,11,14,11,11,14,11,11,14,11,3,0,3,0,FALSE,TRUE
450,59,8,13,9,8,13,9,8,13,9,5,1,5,1,FALSE,FALSE
450,60,7,12,9,7,12,9,7,12,9,5,2,5,2,FALSE,FALSE
451,0,141,141,141,141,141,141,141,141,141,0,0,0,0,TRUE,TRUE
451,1,206,213,202,206,213,202,206,213,202,7,-4,7,4,FALSE,FALSE
451,2,279,320,286,279,320,286,279,320,286,41,7,41,7,FALSE,FALSE
451,3,394,456,393,394,456,393,394,456,393,62,-1,62,1,FALSE,FALSE
451,4,546,669,561,546,669,561,546,669,561,123,15,123,15,FALSE,FALSE
451,5,770,908,803,770,908,803,770,908,803,138,33,138,33,FALSE,FALSE
451,6,1074,1251,1097,1074,1251,1097,1074,1251,1097,177,23,177,23,FALSE,FALSE
451,7,1460,1687,1495,1460,1687,1495,1460,1687,1495,227,35,227,35,FALSE,FALSE
451,8,1846,2156,1977,1846,2156,1977,1846,2156,1977,310,131,310,131,FALSE,FALSE
451,9,2272,2674,2462,2272,2674,2462,2272,2674,2462,402,190,402,190,FALSE,FALSE
451,10,2681,3131,2956,2681,3131,2956,2681,3131,2956,450,275,450,275,FALSE,FALSE
451,11,2969,3426,3343,2969,3426,3343,2969,3426,3343,457,374,457,374,FALSE,FALSE
451,12,3234,3571,3600,3234,3571,3600,3234,3571,3600,337,366,337,366,FALSE,FALSE
451,13,3411,3642,3731,3411,3642,3731,3411,3642,3731,231,320,231,320,FALSE,FALSE
451,14,3449,3516,3689,3449,3516,3689,3449,3516,3689,67,240,67,240,FALSE,FALSE
451,15,3364,3339,3493,3364,3339,3493,3364,3339,3493,-25,129,25,129,FALSE,FALSE
451,16,3184,3135,3266,3184,3135,3266,3184,3135,3266,-49,82,49,82,FALSE,FALSE
451,17,2964,2877,3014,2964,2877,3014,2964,2877,3014,-87,50,87,50,FALSE,FALSE
451,18,2751,2645,2738,2751,2645,2738,2751,2645,2738,-106,-13,106,13,FALSE,FALSE
451,19,2467,2370,2461,2467,2370,2461,2467,2370,2461,-97,-6,97,6,FALSE,FALSE
451,20,2196,2081,2186,2196,2081,2186,2196,2081,2186,-115,-10,115,10,FALSE,FALSE
451,21,1970,1835,1935,1970,1835,1935,1970,1835,1935,-135,-35,135,35,FALSE,FALSE
451,22,1780,1596,1740,1780,1596,1740,1780,1596,1740,-184,-40,184,40,FALSE,FALSE
451,23,1563,1387,1514,1563,1387,1514,1563,1387,1514,-176,-49,176,49,FALSE,FALSE
451,24,1386,1201,1302,1386,1201,1302,1386,1201,1302,-185,-84,185,84,FALSE,FALSE
451,25,1221,1044,1137,1221,1044,1137,1221,1044,1137,-177,-84,177,84,FALSE,FALSE
451,26,1076,903,966,1076,903,966,1076,903,966,-173,-110,173,110,FALSE,FALSE
451,27,915,781,834,915,781,834,915,781,834,-134,-81,134,81,FALSE,FALSE
451,28,817,670,718,817,670,718,817,670,718,-147,-99,147,99,FALSE,FALSE
451,29,718,571,623,718,571,623,718,571,623,-147,-95,147,95,FALSE,FALSE
451,30,628,494,551,628,494,551,628,494,551,-134,-77,134,77,FALSE,FALSE
451,31,529,421,459,529,421,459,529,421,459,-108,-70,108,70,FALSE,FALSE
451,32,460,362,394,460,362,394,460,362,394,-98,-66,98,66,FALSE,FALSE
451,33,400,320,328,400,320,328,400,320,328,-80,-72,80,72,FALSE,FALSE
451,34,352,266,272,352,266,272,352,266,272,-86,-80,86,80,FALSE,FALSE
451,35,295,234,227,295,234,227,295,234,227,-61,-68,61,68,FALSE,FALSE
451,36,261,195,201,261,195,201,261,195,201,-66,-60,66,60,FALSE,FALSE
451,37,220,164,178,220,164,178,220,164,178,-56,-42,56,42,FALSE,FALSE
451,38,181,141,152,181,141,152,181,141,152,-40,-29,40,29,FALSE,FALSE
451,39,162,111,130,162,111,130,162,111,130,-51,-32,51,32,FALSE,FALSE
451,40,137,97,111,137,97,111,137,97,111,-40,-26,40,26,FALSE,FALSE
451,41,116,87,104,116,87,104,116,87,104,-29,-12,29,12,FALSE,FALSE
451,42,107,70,88,107,70,88,107,70,88,-37,-19,37,19,FALSE,FALSE
451,43,91,64,79,91,64,79,91,64,79,-27,-12,27,12,FALSE,FALSE
451,44,79,49,66,79,49,66,79,49,66,-30,-13,30,13,FALSE,FALSE
451,45,74,43,60,74,43,60,74,43,60,-31,-14,31,14,FALSE,FALSE
451,46,66,35,52,66,35,52,66,35,52,-31,-14,31,14,FALSE,FALSE
451,47,58,23,50,58,23,50,58,23,50,-35,-8,35,8,FALSE,FALSE
451,48,50,21,47,50,21,47,50,21,47,-29,-3,29,3,FALSE,FALSE
451,49,41,20,39,41,20,39,41,20,39,-21,-2,21,2,FALSE,FALSE
451,50,33,16,35,33,16,35,33,16,35,-17,2,17,2,FALSE,FALSE
451,51,27,13,30,27,13,30,27,13,30,-14,3,14,3,FALSE,FALSE
451,52,25,12,27,25,12,27,25,12,27,-13,2,13,2,FALSE,FALSE
451,53,23,10,23,23,10,23,23,10,23,-13,0,13,0,FALSE,TRUE
451,54,20,7,21,20,7,21,20,7,21,-13,1,13,1,FALSE,FALSE
451,55,19,7,16,19,7,16,19,7,16,-12,-3,12,3,FALSE,FALSE
451,56,16,7,12,16,7,12,16,7,12,-9,-4,9,4,FALSE,FALSE
451,57,15,8,10,15,8,10,15,8,10,-7,-5,7,5,FALSE,FALSE
451,58,14,8,8,14,8,8,14,8,8,-6,-6,6,6,FALSE,FALSE
451,59,11,7,7,11,7,7,11,7,7,-4,-4,4,4,FALSE,FALSE
451,60,12,5,6,12,5,6,12,5,6,-7,-6,7,6,FALSE,FALSE
452,0,108,108,108,108,108,108,108,108,108,0,0,0,0,TRUE,TRUE
452,1,107,110,110,107,110,110,107,110,110,3,3,3,3,FALSE,FALSE
452,2,116,113,111,116,113,111,116,113,111,-3,-5,3,5,FALSE,FALSE
452,3,115,105,117,115,105,117,115,105,117,-10,2,10,2,FALSE,FALSE
452,4,118,112,116,118,112,116,118,112,116,-6,-2,6,2,FALSE,FALSE
452,5,139,124,123,139,124,123,139,124,123,-15,-16,15,16,FALSE,FALSE
452,6,154,126,145,154,126,145,154,126,145,-28,-9,28,9,FALSE,FALSE
452,7,142,120,140,142,120,140,142,120,140,-22,-2,22,2,FALSE,FALSE
452,8,148,122,158,148,122,158,148,122,158,-26,10,26,10,FALSE,FALSE
452,9,144,143,171,144,143,171,144,143,171,-1,27,1,27,FALSE,FALSE
452,10,156,146,177,156,146,177,156,146,177,-10,21,10,21,FALSE,FALSE
452,11,166,137,152,166,137,152,166,137,152,-29,-14,29,14,FALSE,FALSE
452,12,180,131,156,180,131,156,180,131,156,-49,-24,49,24,FALSE,FALSE
452,13,178,133,162,178,133,162,178,133,162,-45,-16,45,16,FALSE,FALSE
452,14,203,151,154,203,151,154,203,151,154,-52,-49,52,49,FALSE,FALSE
452,15,207,156,160,207,156,160,207,156,160,-51,-47,51,47,FALSE,FALSE
452,16,220,163,156,220,163,156,220,163,156,-57,-64,57,64,FALSE,FALSE
452,17,226,163,160,226,163,160,226,163,160,-63,-66,63,66,FALSE,FALSE
452,18,230,170,150,230,170,150,230,170,150,-60,-80,60,80,FALSE,FALSE
452,19,253,163,149,253,163,149,253,163,149,-90,-104,90,104,FALSE,FALSE
452,20,249,172,149,249,172,149,249,172,149,-77,-100,77,100,FALSE,FALSE
452,21,267,201,149,267,201,149,267,201,149,-66,-118,66,118,FALSE,FALSE
452,22,264,203,145,264,203,145,264,203,145,-61,-119,61,119,FALSE,FALSE
452,23,240,210,147,240,210,147,240,210,147,-30,-93,30,93,FALSE,FALSE
452,24,230,219,157,230,219,157,230,219,157,-11,-73,11,73,FALSE,FALSE
452,25,234,232,151,234,232,151,234,232,151,-2,-83,2,83,FALSE,FALSE
452,26,247,244,138,247,244,138,247,244,138,-3,-109,3,109,FALSE,FALSE
452,27,259,257,145,259,257,145,259,257,145,-2,-114,2,114,FALSE,FALSE
452,28,254,247,142,254,247,142,254,247,142,-7,-112,7,112,FALSE,FALSE
452,29,238,244,140,238,244,140,238,244,140,6,-98,6,98,FALSE,FALSE
452,30,236,242,142,236,242,142,236,242,142,6,-94,6,94,FALSE,FALSE
452,31,229,229,143,229,229,143,229,229,143,0,-86,0,86,TRUE,FALSE
452,32,242,231,154,242,231,154,242,231,154,-11,-88,11,88,FALSE,FALSE
452,33,247,223,142,247,223,142,247,223,142,-24,-105,24,105,FALSE,FALSE
452,34,228,224,146,228,224,146,228,224,146,-4,-82,4,82,FALSE,FALSE
452,35,209,231,138,209,231,138,209,231,138,22,-71,22,71,FALSE,FALSE
452,36,202,220,149,202,220,149,202,220,149,18,-53,18,53,FALSE,FALSE
452,37,185,216,141,185,216,141,185,216,141,31,-44,31,44,FALSE,FALSE
452,38,171,222,140,171,222,140,171,222,140,51,-31,51,31,FALSE,FALSE
452,39,175,211,139,175,211,139,175,211,139,36,-36,36,36,FALSE,FALSE
452,40,152,212,143,152,212,143,152,212,143,60,-9,60,9,FALSE,FALSE
452,41,150,196,148,150,196,148,150,196,148,46,-2,46,2,FALSE,FALSE
452,42,145,192,135,145,192,135,145,192,135,47,-10,47,10,FALSE,FALSE
452,43,130,199,125,130,199,125,130,199,125,69,-5,69,5,FALSE,FALSE
452,44,114,194,130,114,194,130,114,194,130,80,16,80,16,FALSE,FALSE
452,45,101,187,129,101,187,129,101,187,129,86,28,86,28,FALSE,FALSE
452,46,96,183,132,96,183,132,96,183,132,87,36,87,36,FALSE,FALSE
452,47,93,165,130,93,165,130,93,165,130,72,37,72,37,FALSE,FALSE
452,48,89,147,118,89,147,118,89,147,118,58,29,58,29,FALSE,FALSE
452,49,86,141,122,86,141,122,86,141,122,55,36,55,36,FALSE,FALSE
452,50,84,133,122,84,133,122,84,133,122,49,38,49,38,FALSE,FALSE
452,51,81,129,128,81,129,128,81,129,128,48,47,48,47,FALSE,FALSE
452,52,81,125,124,81,125,124,81,125,124,44,43,44,43,FALSE,FALSE
452,53,90,127,127,90,127,127,90,127,127,37,37,37,37,FALSE,FALSE
452,54,88,120,115,88,120,115,88,120,115,32,27,32,27,FALSE,FALSE
452,55,93,111,109,93,111,109,93,111,109,18,16,18,16,FALSE,FALSE
452,56,86,101,88,86,101,88,86,101,88,15,2,15,2,FALSE,FALSE
452,57,89,86,78,89,86,78,89,86,78,-3,-11,3,11,FALSE,FALSE
452,58,91,86,72,91,86,72,91,86,72,-5,-19,5,19,FALSE,FALSE
452,59,80,85,69,80,85,69,80,85,69,5,-11,5,11,FALSE,FALSE
452,60,73,73,73,73,73,73,73,73,73,0,0,0,0,TRUE,TRUE
453,0,97,97,97,97,97,97,97,97,97,0,0,0,0,TRUE,TRUE
453,1,134,125,129,134,125,129,134,125,129,-9,-5,9,5,FALSE,FALSE
453,2,169,165,175,169,165,175,169,165,175,-4,6,4,6,FALSE,FALSE
453,3,234,237,251,234,237,251,234,237,251,3,17,3,17,FALSE,FALSE
453,4,311,311,339,311,311,339,311,311,339,0,28,0,28,TRUE,FALSE
453,5,399,397,471,399,397,471,399,397,471,-2,72,2,72,FALSE,FALSE
453,6,522,533,646,522,533,646,522,533,646,11,124,11,124,FALSE,FALSE
453,7,666,695,863,666,695,863,666,695,863,29,197,29,197,FALSE,FALSE
453,8,848,900,1102,848,900,1102,848,900,1102,52,254,52,254,FALSE,FALSE
453,9,1079,1120,1351,1079,1120,1351,1079,1120,1351,41,272,41,272,FALSE,FALSE
453,10,1354,1378,1657,1354,1378,1657,1354,1378,1657,24,303,24,303,FALSE,FALSE
453,11,1656,1598,1965,1656,1598,1965,1656,1598,1965,-58,309,58,309,FALSE,FALSE
453,12,1972,1855,2246,1972,1855,2246,1972,1855,2246,-117,274,117,274,FALSE,FALSE
453,13,2257,2119,2498,2257,2119,2498,2257,2119,2498,-138,241,138,241,FALSE,FALSE
453,14,2517,2405,2749,2517,2405,2749,2517,2405,2749,-112,232,112,232,FALSE,FALSE
453,15,2720,2691,2899,2720,2691,2899,2720,2691,2899,-29,179,29,179,FALSE,FALSE
453,16,2903,2868,2955,2903,2868,2955,2903,2868,2955,-35,52,35,52,FALSE,FALSE
453,17,3043,2968,3025,3043,2968,3025,3043,2968,3025,-75,-18,75,18,FALSE,FALSE
453,18,3020,2989,3020,3020,2989,3020,3020,2989,3020,-31,0,31,0,FALSE,TRUE
453,19,3006,3024,2928,3006,3024,2928,3006,3024,2928,18,-78,18,78,FALSE,FALSE
453,20,2885,2944,2804,2885,2944,2804,2885,2944,2804,59,-81,59,81,FALSE,FALSE
453,21,2754,2805,2637,2754,2805,2637,2754,2805,2637,51,-117,51,117,FALSE,FALSE
453,22,2618,2660,2488,2618,2660,2488,2618,2660,2488,42,-130,42,130,FALSE,FALSE
453,23,2501,2539,2299,2501,2539,2299,2501,2539,2299,38,-202,38,202,FALSE,FALSE
453,24,2309,2360,2134,2309,2360,2134,2309,2360,2134,51,-175,51,175,FALSE,FALSE
453,25,2152,2184,1946,2152,2184,1946,2152,2184,1946,32,-206,32,206,FALSE,FALSE
453,26,1980,2021,1771,1980,2021,1771,1980,2021,1771,41,-209,41,209,FALSE,FALSE
453,27,1819,1850,1602,1819,1850,1602,1819,1850,1602,31,-217,31,217,FALSE,FALSE
453,28,1652,1685,1452,1652,1685,1452,1652,1685,1452,33,-200,33,200,FALSE,FALSE
453,29,1522,1547,1330,1522,1547,1330,1522,1547,1330,25,-192,25,192,FALSE,FALSE
453,30,1375,1421,1196,1375,1421,1196,1375,1421,1196,46,-179,46,179,FALSE,FALSE
453,31,1234,1293,1078,1234,1293,1078,1234,1293,1078,59,-156,59,156,FALSE,FALSE
453,32,1103,1169,954,1103,1169,954,1103,1169,954,66,-149,66,149,FALSE,FALSE
453,33,1014,1067,857,1014,1067,857,1014,1067,857,53,-157,53,157,FALSE,FALSE
453,34,917,967,770,917,967,770,917,967,770,50,-147,50,147,FALSE,FALSE
453,35,830,878,695,830,878,695,830,878,695,48,-135,48,135,FALSE,FALSE
453,36,737,804,634,737,804,634,737,804,634,67,-103,67,103,FALSE,FALSE
453,37,660,705,556,660,705,556,660,705,556,45,-104,45,104,FALSE,FALSE
453,38,605,643,501,605,643,501,605,643,501,38,-104,38,104,FALSE,FALSE
453,39,553,566,453,553,566,453,553,566,453,13,-100,13,100,FALSE,FALSE
453,40,490,517,397,490,517,397,490,517,397,27,-93,27,93,FALSE,FALSE
453,41,456,467,355,456,467,355,456,467,355,11,-101,11,101,FALSE,FALSE
453,42,393,417,315,393,417,315,393,417,315,24,-78,24,78,FALSE,FALSE
453,43,354,371,269,354,371,269,354,371,269,17,-85,17,85,FALSE,FALSE
453,44,314,329,245,314,329,245,314,329,245,15,-69,15,69,FALSE,FALSE
453,45,285,287,216,285,287,216,285,287,216,2,-69,2,69,FALSE,FALSE
453,46,255,259,196,255,259,196,255,259,196,4,-59,4,59,FALSE,FALSE
453,47,228,232,176,228,232,176,228,232,176,4,-52,4,52,FALSE,FALSE
453,48,203,209,161,203,209,161,203,209,161,6,-42,6,42,FALSE,FALSE
453,49,185,191,140,185,191,140,185,191,140,6,-45,6,45,FALSE,FALSE
453,50,158,179,122,158,179,122,158,179,122,21,-36,21,36,FALSE,FALSE
453,51,138,167,103,138,167,103,138,167,103,29,-35,29,35,FALSE,FALSE
453,52,126,145,88,126,145,88,126,145,88,19,-38,19,38,FALSE,FALSE
453,53,106,129,78,106,129,78,106,129,78,23,-28,23,28,FALSE,FALSE
453,54,97,114,74,97,114,74,97,114,74,17,-23,17,23,FALSE,FALSE
453,55,86,100,68,86,100,68,86,100,68,14,-18,14,18,FALSE,FALSE
453,56,78,90,56,78,90,56,78,90,56,12,-22,12,22,FALSE,FALSE
453,57,69,83,51,69,83,51,69,83,51,14,-18,14,18,FALSE,FALSE
453,58,63,74,45,63,74,45,63,74,45,11,-18,11,18,FALSE,FALSE
453,59,53,70,38,53,70,38,53,70,38,17,-15,17,15,FALSE,FALSE
453,60,52,56,33,52,56,33,52,56,33,4,-19,4,19,FALSE,FALSE
454,0,47,47,47,47,47,47,47,47,47,0,0,0,0,TRUE,TRUE
454,1,68,68,68,68,68,68,68,68,68,0,0,0,0,TRUE,TRUE
454,2,114,101,107,114,101,107,114,101,107,-13,-7,13,7,FALSE,FALSE
454,3,175,137,182,175,137,182,175,137,182,-38,7,38,7,FALSE,FALSE
454,4,291,202,288,291,202,288,291,202,288,-89,-3,89,3,FALSE,FALSE
454,5,465,317,430,465,317,430,465,317,430,-148,-35,148,35,FALSE,FALSE
454,6,696,453,657,696,453,657,696,453,657,-243,-39,243,39,FALSE,FALSE
454,7,947,652,962,947,652,962,947,652,962,-295,15,295,15,FALSE,FALSE
454,8,1271,873,1282,1271,873,1282,1271,873,1282,-398,11,398,11,FALSE,FALSE
454,9,1654,1166,1638,1654,1166,1638,1654,1166,1638,-488,-16,488,16,FALSE,FALSE
454,10,1914,1490,1914,1914,1490,1914,1914,1490,1914,-424,0,424,0,FALSE,TRUE
454,11,2094,1762,2083,2094,1762,2083,2094,1762,2083,-332,-11,332,11,FALSE,FALSE
454,12,2114,2010,2066,2114,2010,2066,2114,2010,2066,-104,-48,104,48,FALSE,FALSE
454,13,2044,2081,2011,2044,2081,2011,2044,2081,2011,37,-33,37,33,FALSE,FALSE
454,14,1917,2100,1920,1917,2100,1920,1917,2100,1920,183,3,183,3,FALSE,FALSE
454,15,1676,1983,1680,1676,1983,1680,1676,1983,1680,307,4,307,4,FALSE,FALSE
454,16,1442,1834,1492,1442,1834,1492,1442,1834,1492,392,50,392,50,FALSE,FALSE
454,17,1221,1621,1252,1221,1621,1252,1221,1621,1252,400,31,400,31,FALSE,FALSE
454,18,1005,1414,1068,1005,1414,1068,1005,1414,1068,409,63,409,63,FALSE,FALSE
454,19,826,1181,895,826,1181,895,826,1181,895,355,69,355,69,FALSE,FALSE
454,20,690,1012,761,690,1012,761,690,1012,761,322,71,322,71,FALSE,FALSE
454,21,553,836,614,553,836,614,553,836,614,283,61,283,61,FALSE,FALSE
454,22,444,666,482,444,666,482,444,666,482,222,38,222,38,FALSE,FALSE
454,23,358,545,390,358,545,390,358,545,390,187,32,187,32,FALSE,FALSE
454,24,278,451,305,278,451,305,278,451,305,173,27,173,27,FALSE,FALSE
454,25,207,363,231,207,363,231,207,363,231,156,24,156,24,FALSE,FALSE
454,26,176,298,173,176,298,173,176,298,173,122,-3,122,3,FALSE,FALSE
454,27,149,246,141,149,246,141,149,246,141,97,-8,97,8,FALSE,FALSE
454,28,121,196,111,121,196,111,121,196,111,75,-10,75,10,FALSE,FALSE
454,29,95,163,88,95,163,88,95,163,88,68,-7,68,7,FALSE,FALSE
454,30,76,130,69,76,130,69,76,130,69,54,-7,54,7,FALSE,FALSE
454,31,62,109,62,62,109,62,62,109,62,47,0,47,0,FALSE,TRUE
454,32,52,82,48,52,82,48,52,82,48,30,-4,30,4,FALSE,FALSE
454,33,47,69,37,47,69,37,47,69,37,22,-10,22,10,FALSE,FALSE
454,34,32,47,32,32,47,32,32,47,32,15,0,15,0,FALSE,TRUE
454,35,27,38,25,27,38,25,27,38,25,11,-2,11,2,FALSE,FALSE
454,36,22,27,25,22,27,25,22,27,25,5,3,5,3,FALSE,FALSE
454,37,14,21,20,14,21,20,14,21,20,7,6,7,6,FALSE,FALSE
454,38,11,22,18,11,22,18,11,22,18,11,7,11,7,FALSE,FALSE
454,39,7,15,13,7,15,13,7,15,13,8,6,8,6,FALSE,FALSE
454,40,6,12,12,6,12,12,6,12,12,6,6,6,6,FALSE,FALSE
454,41,6,12,10,6,12,10,6,12,10,6,4,6,4,FALSE,FALSE
454,42,6,14,8,6,14,8,6,14,8,8,2,8,2,FALSE,FALSE
454,43,5,12,7,5,12,7,5,12,7,7,2,7,2,FALSE,FALSE
454,44,6,12,6,6,12,6,6,12,6,6,0,6,0,FALSE,TRUE
454,45,5,10,5,5,10,5,5,10,5,5,0,5,0,FALSE,TRUE
454,46,4,7,5,4,7,5,4,7,5,3,1,3,1,FALSE,FALSE
454,47,2,5,4,2,5,4,2,5,4,3,2,3,2,FALSE,FALSE
454,48,1,2,4,1,2,4,1,2,4,1,3,1,3,FALSE,FALSE
454,49,1,2,2,1,2,2,1,2,2,1,1,1,1,FALSE,FALSE
454,50,0,0,1,0,0,1,0,0,1,0,1,0,1,TRUE,FALSE
454,51,0,0,0,0,0,0,0,0,0,0,0,0,0,TRUE,TRUE
454,52,0,0,0,0,0,0,0,0,0,0,0,0,0,TRUE,TRUE
454,53,0,0,0,0,0,0,0,0,0,0,0,0,0,TRUE,TRUE
454,54,0,0,0,0,0,0,0,0,0,0,0,0,0,TRUE,TRUE
454,55,0,0,0,0,0,0,0,0,0,0,0,0,0,TRUE,TRUE
454,56,0,0,0,0,0,0,0,0,0,0,0,0,0,TRUE,TRUE
454,57,0,0,0,0,0,0,0,0,0,0,0,0,0,TRUE,TRUE
454,58,0,0,0,0,0,0,0,0,0,0,0,0,0,TRUE,TRUE
454,59,0,0,0,0,0,0,0,0,0,0,0,0,0,TRUE,TRUE
454,60,0,0,0,0,0,0,0,0,0,0,0,0,0,TRUE,TRUE
455,0,87,87,87,87,87,87,87,87,87,0,0,0,0,TRUE,TRUE
455,1,115,113,95,115,113,95,115,113,95,-2,-20,2,20,FALSE,FALSE
455,2,132,143,120,132,143,120,132,143,120,11,-12,11,12,FALSE,FALSE
455,3,168,180,140,168,180,140,168,180,140,12,-28,12,28,FALSE,FALSE
455,4,205,216,190,205,216,190,205,216,190,11,-15,11,15,FALSE,FALSE
455,5,246,250,236,246,250,236,246,250,236,4,-10,4,10,FALSE,FALSE
455,6,291,294,259,291,294,259,291,294,259,3,-32,3,32,FALSE,FALSE
455,7,338,330,304,338,330,304,338,330,304,-8,-34,8,34,FALSE,FALSE
455,8,385,419,349,385,419,349,385,419,349,34,-36,34,36,FALSE,FALSE
455,9,418,492,384,418,492,384,418,492,384,74,-34,74,34,FALSE,FALSE
455,10,502,578,421,502,578,421,502,578,421,76,-81,76,81,FALSE,FALSE
455,11,578,675,475,578,675,475,578,675,475,97,-103,97,103,FALSE,FALSE
455,12,650,752,517,650,752,517,650,752,517,102,-133,102,133,FALSE,FALSE
455,13,701,831,591,701,831,591,701,831,591,130,-110,130,110,FALSE,FALSE
455,14,805,947,675,805,947,675,805,947,675,142,-130,142,130,FALSE,FALSE
455,15,879,1042,733,879,1042,733,879,1042,733,163,-146,163,146,FALSE,FALSE
455,16,940,1086,780,940,1086,780,940,1086,780,146,-160,146,160,FALSE,FALSE
455,17,951,1127,821,951,1127,821,951,1127,821,176,-130,176,130,FALSE,FALSE
455,18,977,1134,896,977,1134,896,977,1134,896,157,-81,157,81,FALSE,FALSE
455,19,1017,1178,921,1017,1178,921,1017,1178,921,161,-96,161,96,FALSE,FALSE
455,20,1018,1166,957,1018,1166,957,1018,1166,957,148,-61,148,61,FALSE,FALSE
455,21,1020,1155,988,1020,1155,988,1020,1155,988,135,-32,135,32,FALSE,FALSE
455,22,1023,1134,1032,1023,1134,1032,1023,1134,1032,111,9,111,9,FALSE,FALSE
455,23,1020,1084,1026,1020,1084,1026,1020,1084,1026,64,6,64,6,FALSE,FALSE
455,24,969,1046,991,969,1046,991,969,1046,991,77,22,77,22,FALSE,FALSE
455,25,935,976,954,935,976,954,935,976,954,41,19,41,19,FALSE,FALSE
455,26,887,878,914,887,878,914,887,878,914,-9,27,9,27,FALSE,FALSE
455,27,825,807,875,825,807,875,825,807,875,-18,50,18,50,FALSE,FALSE
455,28,800,750,815,800,750,815,800,750,815,-50,15,50,15,FALSE,FALSE
455,29,729,676,792,729,676,792,729,676,792,-53,63,53,63,FALSE,FALSE
455,30,664,629,745,664,629,745,664,629,745,-35,81,35,81,FALSE,FALSE
455,31,592,583,692,592,583,692,592,583,692,-9,100,9,100,FALSE,FALSE
455,32,565,503,622,565,503,622,565,503,622,-62,57,62,57,FALSE,FALSE
455,33,500,458,561,500,458,561,500,458,561,-42,61,42,61,FALSE,FALSE
455,34,464,428,511,464,428,511,464,428,511,-36,47,36,47,FALSE,FALSE
455,35,423,376,474,423,376,474,423,376,474,-47,51,47,51,FALSE,FALSE
455,36,370,336,432,370,336,432,370,336,432,-34,62,34,62,FALSE,FALSE
455,37,348,299,400,348,299,400,348,299,400,-49,52,49,52,FALSE,FALSE
455,38,331,270,378,331,270,378,331,270,378,-61,47,61,47,FALSE,FALSE
455,39,296,240,348,296,240,348,296,240,348,-56,52,56,52,FALSE,FALSE
455,40,264,209,303,264,209,303,264,209,303,-55,39,55,39,FALSE,FALSE
455,41,219,178,265,219,178,265,219,178,265,-41,46,41,46,FALSE,FALSE
455,42,201,169,231,201,169,231,201,169,231,-32,30,32,30,FALSE,FALSE
455,43,175,138,216,175,138,216,175,138,216,-37,41,37,41,FALSE,FALSE
455,44,169,129,198,169,129,198,169,129,198,-40,29,40,29,FALSE,FALSE
455,45,151,106,185,151,106,185,151,106,185,-45,34,45,34,FALSE,FALSE
455,46,127,92,172,127,92,172,127,92,172,-35,45,35,45,FALSE,FALSE
455,47,111,79,152,111,79,152,111,79,152,-32,41,32,41,FALSE,FALSE
455,48,96,70,143,96,70,143,96,70,143,-26,47,26,47,FALSE,FALSE
455,49,76,66,116,76,66,116,76,66,116,-10,40,10,40,FALSE,FALSE
455,50,67,58,103,67,58,103,67,58,103,-9,36,9,36,FALSE,FALSE
455,51,48,53,96,48,53,96,48,53,96,5,48,5,48,FALSE,FALSE
455,52,45,49,90,45,49,90,45,49,90,4,45,4,45,FALSE,FALSE
455,53,46,41,84,46,41,84,46,41,84,-5,38,5,38,FALSE,FALSE
455,54,34,35,73,34,35,73,34,35,73,1,39,1,39,FALSE,FALSE
455,55,28,27,64,28,27,64,28,27,64,-1,36,1,36,FALSE,FALSE
455,56,27,23,60,27,23,60,27,23,60,-4,33,4,33,FALSE,FALSE
455,57,23,20,54,23,20,54,23,20,54,-3,31,3,31,FALSE,FALSE
455,58,18,19,43,18,19,43,18,19,43,1,25,1,25,FALSE,FALSE
455,59,14,16,39,14,16,39,14,16,39,2,25,2,25,FALSE,FALSE
455,60,13,14,36,13,14,36,13,14,36,1,23,1,23,FALSE,FALSE
456,0,67,67,67,67,67,67,67,67,67,0,0,0,0,TRUE,TRUE
456,1,105,103,104,105,103,104,105,103,104,-2,-1,2,1,FALSE,FALSE
456,2,156,168,169,156,168,169,156,168,169,12,13,12,13,FALSE,FALSE
456,3,222,273,256,222,273,256,222,273,256,51,34,51,34,FALSE,FALSE
456,4,331,404,373,331,404,373,331,404,373,73,42,73,42,FALSE,FALSE
456,5,494,621,540,494,621,540,494,621,540,127,46,127,46,FALSE,FALSE
456,6,705,918,807,705,918,807,705,918,807,213,102,213,102,FALSE,FALSE
456,7,996,1257,1154,996,1257,1154,996,1257,1154,261,158,261,158,FALSE,FALSE
456,8,1337,1662,1622,1337,1662,1622,1337,1662,1622,325,285,325,285,FALSE,FALSE
456,9,1783,2114,2062,1783,2114,2062,1783,2114,2062,331,279,331,279,FALSE,FALSE
456,10,2249,2545,2516,2249,2545,2516,2249,2545,2516,296,267,296,267,FALSE,FALSE
456,11,2665,2929,2885,2665,2929,2885,2665,2929,2885,264,220,264,220,FALSE,FALSE
456,12,3037,3150,3151,3037,3150,3151,3037,3150,3151,113,114,113,114,FALSE,FALSE
456,13,3250,3232,3272,3250,3232,3272,3250,3232,3272,-18,22,18,22,FALSE,FALSE
456,14,3281,3194,3256,3281,3194,3256,3281,3194,3256,-87,-25,87,25,FALSE,FALSE
456,15,3067,3003,3086,3067,3003,3086,3067,3003,3086,-64,19,64,19,FALSE,FALSE
456,16,2810,2701,2792,2810,2701,2792,2810,2701,2792,-109,-18,109,18,FALSE,FALSE
456,17,2555,2393,2489,2555,2393,2489,2555,2393,2489,-162,-66,162,66,FALSE,FALSE
456,18,2241,2087,2192,2241,2087,2192,2241,2087,2192,-154,-49,154,49,FALSE,FALSE
456,19,1943,1848,1905,1943,1848,1905,1943,1848,1905,-95,-38,95,38,FALSE,FALSE
456,20,1623,1596,1620,1623,1596,1620,1623,1596,1620,-27,-3,27,3,FALSE,FALSE
456,21,1384,1364,1342,1384,1364,1342,1384,1364,1342,-20,-42,20,42,FALSE,FALSE
456,22,1187,1187,1130,1187,1187,1130,1187,1187,1130,0,-57,0,57,TRUE,FALSE
456,23,989,994,950,989,994,950,989,994,950,5,-39,5,39,FALSE,FALSE
456,24,826,849,826,826,849,826,826,849,826,23,0,23,0,FALSE,TRUE
456,25,694,707,674,694,707,674,694,707,674,13,-20,13,20,FALSE,FALSE
456,26,576,600,568,576,600,568,576,600,568,24,-8,24,8,FALSE,FALSE
456,27,488,510,476,488,510,476,488,510,476,22,-12,22,12,FALSE,FALSE
456,28,415,436,387,415,436,387,415,436,387,21,-28,21,28,FALSE,FALSE
456,29,346,377,310,346,377,310,346,377,310,31,-36,31,36,FALSE,FALSE
456,30,293,324,257,293,324,257,293,324,257,31,-36,31,36,FALSE,FALSE
456,31,235,262,203,235,262,203,235,262,203,27,-32,27,32,FALSE,FALSE
456,32,193,216,172,193,216,172,193,216,172,23,-21,23,21,FALSE,FALSE
456,33,146,179,144,146,179,144,146,179,144,33,-2,33,2,FALSE,FALSE
456,34,113,144,117,113,144,117,113,144,117,31,4,31,4,FALSE,FALSE
456,35,97,110,101,97,110,101,97,110,101,13,4,13,4,FALSE,FALSE
456,36,78,97,86,78,97,86,78,97,86,19,8,19,8,FALSE,FALSE
456,37,69,83,69,69,83,69,69,83,69,14,0,14,0,FALSE,TRUE
456,38,56,74,61,56,74,61,56,74,61,18,5,18,5,FALSE,FALSE
456,39,47,57,52,47,57,52,47,57,52,10,5,10,5,FALSE,FALSE
456,40,34,54,43,34,54,43,34,54,43,20,9,20,9,FALSE,FALSE
456,41,27,44,32,27,44,32,27,44,32,17,5,17,5,FALSE,FALSE
456,42,18,33,25,18,33,25,18,33,25,15,7,15,7,FALSE,FALSE
456,43,14,31,23,14,31,23,14,31,23,17,9,17,9,FALSE,FALSE
456,44,11,27,22,11,27,22,11,27,22,16,11,16,11,FALSE,FALSE
456,45,8,23,21,8,23,21,8,23,21,15,13,15,13,FALSE,FALSE
456,46,7,20,21,7,20,21,7,20,21,13,14,13,14,FALSE,FALSE
456,47,6,15,14,6,15,14,6,15,14,9,8,9,8,FALSE,FALSE
456,48,5,13,13,5,13,13,5,13,13,8,8,8,8,FALSE,FALSE
456,49,4,11,12,4,11,12,4,11,12,7,8,7,8,FALSE,FALSE
456,50,5,10,11,5,10,11,5,10,11,5,6,5,6,FALSE,FALSE
456,51,6,7,9,6,7,9,6,7,9,1,3,1,3,FALSE,FALSE
456,52,6,4,8,6,4,8,6,4,8,-2,2,2,2,FALSE,FALSE
456,53,3,3,6,3,3,6,3,3,6,0,3,0,3,TRUE,FALSE
456,54,2,2,5,2,2,5,2,2,5,0,3,0,3,TRUE,FALSE
456,55,2,2,3,2,2,3,2,2,3,0,1,0,1,TRUE,FALSE
456,56,1,1,3,1,1,3,1,1,3,0,2,0,2,TRUE,FALSE
456,57,1,1,2,1,1,2,1,1,2,0,1,0,1,TRUE,FALSE
456,58,1,1,2,1,1,2,1,1,2,0,1,0,1,TRUE,FALSE
456,59,1,1,1,1,1,1,1,1,1,0,0,0,0,TRUE,TRUE
456,60,0,1,1,0,1,1,0,1,1,1,1,1,1,FALSE,FALSE
457,0,114,114,114,114,114,114,114,114,114,0,0,0,0,TRUE,TRUE
457,1,157,161,168,157,161,168,157,161,168,4,11,4,11,FALSE,FALSE
457,2,217,227,233,217,227,233,217,227,233,10,16,10,16,FALSE,FALSE
457,3,296,301,335,296,301,335,296,301,335,5,39,5,39,FALSE,FALSE
457,4,409,407,461,409,407,461,409,407,461,-2,52,2,52,FALSE,FALSE
457,5,562,549,624,562,549,624,562,549,624,-13,62,13,62,FALSE,FALSE
457,6,739,740,821,739,740,821,739,740,821,1,82,1,82,FALSE,FALSE
457,7,1025,1008,1130,1025,1008,1130,1025,1008,1130,-17,105,17,105,FALSE,FALSE
457,8,1314,1334,1468,1314,1334,1468,1314,1334,1468,20,154,20,154,FALSE,FALSE
457,9,1675,1647,1811,1675,1647,1811,1675,1647,1811,-28,136,28,136,FALSE,FALSE
457,10,2085,1945,2272,2085,1945,2272,2085,1945,2272,-140,187,140,187,FALSE,FALSE
457,11,2406,2195,2637,2406,2195,2637,2406,2195,2637,-211,231,211,231,FALSE,FALSE
457,12,2710,2481,2896,2710,2481,2896,2710,2481,2896,-229,186,229,186,FALSE,FALSE
457,13,2972,2743,3054,2972,2743,3054,2972,2743,3054,-229,82,229,82,FALSE,FALSE
457,14,3072,2879,3072,3072,2879,3072,3072,2879,3072,-193,0,193,0,FALSE,TRUE
457,15,3097,2942,3010,3097,2942,3010,3097,2942,3010,-155,-87,155,87,FALSE,FALSE
457,16,2963,2875,2879,2963,2875,2879,2963,2875,2879,-88,-84,88,84,FALSE,FALSE
457,17,2851,2759,2750,2851,2759,2750,2851,2759,2750,-92,-101,92,101,FALSE,FALSE
457,18,2685,2595,2550,2685,2595,2550,2685,2595,2550,-90,-135,90,135,FALSE,FALSE
457,19,2481,2397,2343,2481,2397,2343,2481,2397,2343,-84,-138,84,138,FALSE,FALSE
457,20,2267,2254,2119,2267,2254,2119,2267,2254,2119,-13,-148,13,148,FALSE,FALSE
457,21,2048,2049,1912,2048,2049,1912,2048,2049,1912,1,-136,1,136,FALSE,FALSE
457,22,1853,1846,1707,1853,1846,1707,1853,1846,1707,-7,-146,7,146,FALSE,FALSE
457,23,1658,1611,1512,1658,1611,1512,1658,1611,1512,-47,-146,47,146,FALSE,FALSE
457,24,1448,1451,1343,1448,1451,1343,1448,1451,1343,3,-105,3,105,FALSE,FALSE
457,25,1273,1330,1210,1273,1330,1210,1273,1330,1210,57,-63,57,63,FALSE,FALSE
457,26,1122,1198,1057,1122,1198,1057,1122,1198,1057,76,-65,76,65,FALSE,FALSE
457,27,1013,1085,931,1013,1085,931,1013,1085,931,72,-82,72,82,FALSE,FALSE
457,28,912,951,808,912,951,808,912,951,808,39,-104,39,104,FALSE,FALSE
457,29,803,840,714,803,840,714,803,840,714,37,-89,37,89,FALSE,FALSE
457,30,717,748,626,717,748,626,717,748,626,31,-91,31,91,FALSE,FALSE
457,31,637,671,556,637,671,556,637,671,556,34,-81,34,81,FALSE,FALSE
457,32,540,597,488,540,597,488,540,597,488,57,-52,57,52,FALSE,FALSE
457,33,459,523,417,459,523,417,459,523,417,64,-42,64,42,FALSE,FALSE
457,34,398,459,365,398,459,365,398,459,365,61,-33,61,33,FALSE,FALSE
457,35,348,397,329,348,397,329,348,397,329,49,-19,49,19,FALSE,FALSE
457,36,302,347,301,302,347,301,302,347,301,45,-1,45,1,FALSE,FALSE
457,37,272,306,270,272,306,270,272,306,270,34,-2,34,2,FALSE,FALSE
457,38,245,260,235,245,260,235,245,260,235,15,-10,15,10,FALSE,FALSE
457,39,216,240,204,216,240,204,216,240,204,24,-12,24,12,FALSE,FALSE
457,40,193,205,180,193,205,180,193,205,180,12,-13,12,13,FALSE,FALSE
457,41,170,185,164,170,185,164,170,185,164,15,-6,15,6,FALSE,FALSE
457,42,145,156,143,145,156,143,145,156,143,11,-2,11,2,FALSE,FALSE
457,43,123,142,118,123,142,118,123,142,118,19,-5,19,5,FALSE,FALSE
457,44,99,125,107,99,125,107,99,125,107,26,8,26,8,FALSE,FALSE
457,45,82,108,96,82,108,96,82,108,96,26,14,26,14,FALSE,FALSE
457,46,73,91,85,73,91,85,73,91,85,18,12,18,12,FALSE,FALSE
457,47,64,84,73,64,84,73,64,84,73,20,9,20,9,FALSE,FALSE
457,48,51,73,56,51,73,56,51,73,56,22,5,22,5,FALSE,FALSE
457,49,48,65,51,48,65,51,48,65,51,17,3,17,3,FALSE,FALSE
457,50,37,58,43,37,58,43,37,58,43,21,6,21,6,FALSE,FALSE
457,51,36,50,37,36,50,37,36,50,37,14,1,14,1,FALSE,FALSE
457,52,35,43,30,35,43,30,35,43,30,8,-5,8,5,FALSE,FALSE
457,53,32,34,25,32,34,25,32,34,25,2,-7,2,7,FALSE,FALSE
457,54,27,30,23,27,30,23,27,30,23,3,-4,3,4,FALSE,FALSE
457,55,20,29,18,20,29,18,20,29,18,9,-2,9,2,FALSE,FALSE
457,56,17,28,18,17,28,18,17,28,18,11,1,11,1,FALSE,FALSE
457,57,17,25,14,17,25,14,17,25,14,8,-3,8,3,FALSE,FALSE
457,58,17,23,11,17,23,11,17,23,11,6,-6,6,6,FALSE,FALSE
457,59,15,19,9,15,19,9,15,19,9,4,-6,4,6,FALSE,FALSE
457,60,15,19,10,15,19,10,15,19,10,4,-5,4,5,FALSE,FALSE
458,0,102,102,102,102,102,102,102,102,102,0,0,0,0,TRUE,TRUE
458,1,144,143,127,144,143,127,144,143,127,-1,-17,1,17,FALSE,FALSE
458,2,199,197,169,199,197,169,199,197,169,-2,-30,2,30,FALSE,FALSE
458,3,250,271,215,250,271,215,250,271,215,21,-35,21,35,FALSE,FALSE
458,4,320,336,285,320,336,285,320,336,285,16,-35,16,35,FALSE,FALSE
458,5,403,414,356,403,414,356,403,414,356,11,-47,11,47,FALSE,FALSE
458,6,526,525,469,526,525,469,526,525,469,-1,-57,1,57,FALSE,FALSE
458,7,653,634,582,653,634,582,653,634,582,-19,-71,19,71,FALSE,FALSE
458,8,793,752,714,793,752,714,793,752,714,-41,-79,41,79,FALSE,FALSE
458,9,938,903,843,938,903,843,938,903,843,-35,-95,35,95,FALSE,FALSE
458,10,1074,1058,992,1074,1058,992,1074,1058,992,-16,-82,16,82,FALSE,FALSE
458,11,1257,1238,1153,1257,1238,1153,1257,1238,1153,-19,-104,19,104,FALSE,FALSE
458,12,1381,1405,1300,1381,1405,1300,1381,1405,1300,24,-81,24,81,FALSE,FALSE
458,13,1485,1518,1470,1485,1518,1470,1485,1518,1470,33,-15,33,15,FALSE,FALSE
458,14,1551,1584,1555,1551,1584,1555,1551,1584,1555,33,4,33,4,FALSE,FALSE
458,15,1628,1604,1610,1628,1604,1610,1628,1604,1610,-24,-18,24,18,FALSE,FALSE
458,16,1575,1599,1652,1575,1599,1652,1575,1599,1652,24,77,24,77,FALSE,FALSE
458,17,1527,1545,1612,1527,1545,1612,1527,1545,1612,18,85,18,85,FALSE,FALSE
458,18,1487,1488,1543,1487,1488,1543,1487,1488,1543,1,56,1,56,FALSE,FALSE
458,19,1362,1392,1436,1362,1392,1436,1362,1392,1436,30,74,30,74,FALSE,FALSE
458,20,1281,1298,1339,1281,1298,1339,1281,1298,1339,17,58,17,58,FALSE,FALSE
458,21,1147,1161,1243,1147,1161,1243,1147,1161,1243,14,96,14,96,FALSE,FALSE
458,22,1049,1072,1159,1049,1072,1159,1049,1072,1159,23,110,23,110,FALSE,FALSE
458,23,944,969,1030,944,969,1030,944,969,1030,25,86,25,86,FALSE,FALSE
458,24,823,866,925,823,866,925,823,866,925,43,102,43,102,FALSE,FALSE
458,25,719,779,818,719,779,818,719,779,818,60,99,60,99,FALSE,FALSE
458,26,649,679,723,649,679,723,649,679,723,30,74,30,74,FALSE,FALSE
458,27,569,598,627,569,598,627,569,598,627,29,58,29,58,FALSE,FALSE
458,28,502,543,524,502,543,524,502,543,524,41,22,41,22,FALSE,FALSE
458,29,435,499,457,435,499,457,435,499,457,64,22,64,22,FALSE,FALSE
458,30,384,448,414,384,448,414,384,448,414,64,30,64,30,FALSE,FALSE
458,31,326,393,356,326,393,356,326,393,356,67,30,67,30,FALSE,FALSE
458,32,292,348,317,292,348,317,292,348,317,56,25,56,25,FALSE,FALSE
458,33,248,309,276,248,309,276,248,309,276,61,28,61,28,FALSE,FALSE
458,34,214,275,237,214,275,237,214,275,237,61,23,61,23,FALSE,FALSE
458,35,184,227,207,184,227,207,184,227,207,43,23,43,23,FALSE,FALSE
458,36,152,191,175,152,191,175,152,191,175,39,23,39,23,FALSE,FALSE
458,37,140,164,154,140,164,154,140,164,154,24,14,24,14,FALSE,FALSE
458,38,112,140,132,112,140,132,112,140,132,28,20,28,20,FALSE,FALSE
458,39,97,127,113,97,127,113,97,127,113,30,16,30,16,FALSE,FALSE
458,40,88,109,100,88,109,100,88,109,100,21,12,21,12,FALSE,FALSE
458,41,77,92,82,77,92,82,77,92,82,15,5,15,5,FALSE,FALSE
458,42,56,77,70,56,77,70,56,77,70,21,14,21,14,FALSE,FALSE
458,43,53,70,64,53,70,64,53,70,64,17,11,17,11,FALSE,FALSE
458,44,45,64,61,45,64,61,45,64,61,19,16,19,16,FALSE,FALSE
458,45,35,54,56,35,54,56,35,54,56,19,21,19,21,FALSE,FALSE
458,46,29,47,45,29,47,45,29,47,45,18,16,18,16,FALSE,FALSE
458,47,21,38,38,21,38,38,21,38,38,17,17,17,17,FALSE,FALSE
458,48,18,34,32,18,34,32,18,34,32,16,14,16,14,FALSE,FALSE
458,49,13,33,29,13,33,29,13,33,29,20,16,20,16,FALSE,FALSE
458,50,12,33,24,12,33,24,12,33,24,21,12,21,12,FALSE,FALSE
458,51,11,25,18,11,25,18,11,25,18,14,7,14,7,FALSE,FALSE
458,52,5,19,18,5,19,18,5,19,18,14,13,14,13,FALSE,FALSE
458,53,5,19,16,5,19,16,5,19,16,14,11,14,11,FALSE,FALSE
458,54,5,20,14,5,20,14,5,20,14,15,9,15,9,FALSE,FALSE
458,55,4,20,12,4,20,12,4,20,12,16,8,16,8,FALSE,FALSE
458,56,3,21,11,3,21,11,3,21,11,18,8,18,8,FALSE,FALSE
458,57,2,19,7,2,19,7,2,19,7,17,5,17,5,FALSE,FALSE
458,58,1,14,5,1,14,5,1,14,5,13,4,13,4,FALSE,FALSE
458,59,1,13,4,1,13,4,1,13,4,12,3,12,3,FALSE,FALSE
458,60,1,12,4,1,12,4,1,12,4,11,3,11,3,FALSE,FALSE
459,0,103,103,103,103,103,103,103,103,103,0,0,0,0,TRUE,TRUE
459,1,130,132,138,130,132,138,130,132,138,2,8,2,8,FALSE,FALSE
459,2,176,186,188,176,186,188,176,186,188,10,12,10,12,FALSE,FALSE
459,3,232,229,242,232,229,242,232,229,242,-3,10,3,10,FALSE,FALSE
459,4,295,293,304,295,293,304,295,293,304,-2,9,2,9,FALSE,FALSE
459,5,389,373,380,389,373,380,389,373,380,-16,-9,16,9,FALSE,FALSE
459,6,469,479,493,469,479,493,469,479,493,10,24,10,24,FALSE,FALSE
459,7,584,601,644,584,601,644,584,601,644,17,60,17,60,FALSE,FALSE
459,8,726,732,810,726,732,810,726,732,810,6,84,6,84,FALSE,FALSE
459,9,907,904,996,907,904,996,907,904,996,-3,89,3,89,FALSE,FALSE
459,10,1101,1102,1244,1101,1102,1244,1101,1102,1244,1,143,1,143,FALSE,FALSE
459,11,1328,1318,1464,1328,1318,1464,1328,1318,1464,-10,136,10,136,FALSE,FALSE
459,12,1540,1548,1683,1540,1548,1683,1540,1548,1683,8,143,8,143,FALSE,FALSE
459,13,1807,1816,1891,1807,1816,1891,1807,1816,1891,9,84,9,84,FALSE,FALSE
459,14,2098,2020,2109,2098,2020,2109,2098,2020,2109,-78,11,78,11,FALSE,FALSE
459,15,2393,2262,2324,2393,2262,2324,2393,2262,2324,-131,-69,131,69,FALSE,FALSE
459,16,2570,2456,2519,2570,2456,2519,2570,2456,2519,-114,-51,114,51,FALSE,FALSE
459,17,2764,2633,2645,2764,2633,2645,2764,2633,2645,-131,-119,131,119,FALSE,FALSE
459,18,2848,2727,2763,2848,2727,2763,2848,2727,2763,-121,-85,121,85,FALSE,FALSE
459,19,2914,2789,2797,2914,2789,2797,2914,2789,2797,-125,-117,125,117,FALSE,FALSE
459,20,2891,2802,2790,2891,2802,2790,2891,2802,2790,-89,-101,89,101,FALSE,FALSE
459,21,2815,2766,2720,2815,2766,2720,2815,2766,2720,-49,-95,49,95,FALSE,FALSE
459,22,2761,2739,2643,2761,2739,2643,2761,2739,2643,-22,-118,22,118,FALSE,FALSE
459,23,2648,2623,2549,2648,2623,2549,2648,2623,2549,-25,-99,25,99,FALSE,FALSE
459,24,2518,2489,2412,2518,2489,2412,2518,2489,2412,-29,-106,29,106,FALSE,FALSE
459,25,2383,2338,2288,2383,2338,2288,2383,2338,2288,-45,-95,45,95,FALSE,FALSE
459,26,2238,2195,2150,2238,2195,2150,2238,2195,2150,-43,-88,43,88,FALSE,FALSE
459,27,2117,2063,2011,2117,2063,2011,2117,2063,2011,-54,-106,54,106,FALSE,FALSE
459,28,1945,1943,1869,1945,1943,1869,1945,1943,1869,-2,-76,2,76,FALSE,FALSE
459,29,1774,1803,1753,1774,1803,1753,1774,1803,1753,29,-21,29,21,FALSE,FALSE
459,30,1618,1672,1624,1618,1672,1624,1618,1672,1624,54,6,54,6,FALSE,FALSE
459,31,1467,1553,1510,1467,1553,1510,1467,1553,1510,86,43,86,43,FALSE,FALSE
459,32,1366,1424,1382,1366,1424,1382,1366,1424,1382,58,16,58,16,FALSE,FALSE
459,33,1256,1311,1246,1256,1311,1246,1256,1311,1246,55,-10,55,10,FALSE,FALSE
459,34,1155,1181,1136,1155,1181,1136,1155,1181,1136,26,-19,26,19,FALSE,FALSE
459,35,1035,1081,1054,1035,1081,1054,1035,1081,1054,46,19,46,19,FALSE,FALSE
459,36,941,989,955,941,989,955,941,989,955,48,14,48,14,FALSE,FALSE
459,37,856,909,861,856,909,861,856,909,861,53,5,53,5,FALSE,FALSE
459,38,769,846,795,769,846,795,769,846,795,77,26,77,26,FALSE,FALSE
459,39,710,760,712,710,760,712,710,760,712,50,2,50,2,FALSE,FALSE
459,40,654,697,641,654,697,641,654,697,641,43,-13,43,13,FALSE,FALSE
459,41,616,626,588,616,626,588,616,626,588,10,-28,10,28,FALSE,FALSE
459,42,549,577,544,549,577,544,549,577,544,28,-5,28,5,FALSE,FALSE
459,43,493,521,479,493,521,479,493,521,479,28,-14,28,14,FALSE,FALSE
459,44,438,474,433,438,474,433,438,474,433,36,-5,36,5,FALSE,FALSE
459,45,396,428,405,396,428,405,396,428,405,32,9,32,9,FALSE,FALSE
459,46,355,380,361,355,380,361,355,380,361,25,6,25,6,FALSE,FALSE
459,47,319,341,325,319,341,325,319,341,325,22,6,22,6,FALSE,FALSE
459,48,290,305,285,290,305,285,290,305,285,15,-5,15,5,FALSE,FALSE
459,49,253,284,268,253,284,268,253,284,268,31,15,31,15,FALSE,FALSE
459,50,238,267,250,238,267,250,238,267,250,29,12,29,12,FALSE,FALSE
459,51,216,247,221,216,247,221,216,247,221,31,5,31,5,FALSE,FALSE
459,52,200,222,194,200,222,194,200,222,194,22,-6,22,6,FALSE,FALSE
459,53,183,199,180,183,199,180,183,199,180,16,-3,16,3,FALSE,FALSE
459,54,162,175,158,162,175,158,162,175,158,13,-4,13,4,FALSE,FALSE
459,55,144,159,146,144,159,146,144,159,146,15,2,15,2,FALSE,FALSE
459,56,125,148,132,125,148,132,125,148,132,23,7,23,7,FALSE,FALSE
459,57,109,137,118,109,137,118,109,137,118,28,9,28,9,FALSE,FALSE
459,58,95,133,107,95,133,107,95,133,107,38,12,38,12,FALSE,FALSE
459,59,84,123,97,84,123,97,84,123,97,39,13,39,13,FALSE,FALSE
459,60,76,111,91,76,111,91,76,111,91,35,15,35,15,FALSE,FALSE
460,0,73,73,73,73,73,73,73,73,73,0,0,0,0,TRUE,TRUE
460,1,110,103,116,110,103,116,110,103,116,-7,6,7,6,FALSE,FALSE
460,2,181,172,187,181,172,187,181,172,187,-9,6,9,6,FALSE,FALSE
460,3,305,294,292,305,294,292,305,294,292,-11,-13,11,13,FALSE,FALSE
460,4,456,428,457,456,428,457,456,428,457,-28,1,28,1,FALSE,FALSE
460,5,659,713,764,659,713,764,659,713,764,54,105,54,105,FALSE,FALSE
460,6,991,1031,1112,991,1031,1112,991,1031,1112,40,121,40,121,FALSE,FALSE
460,7,1474,1449,1615,1474,1449,1615,1474,1449,1615,-25,141,25,141,FALSE,FALSE
460,8,2059,1965,2301,2059,1965,2301,2059,1965,2301,-94,242,94,242,FALSE,FALSE
460,9,2699,2496,2843,2699,2496,2843,2699,2496,2843,-203,144,203,144,FALSE,FALSE
460,10,3225,2942,3297,3225,2942,3297,3225,2942,3297,-283,72,283,72,FALSE,FALSE
460,11,3485,3267,3536,3485,3267,3536,3485,3267,3536,-218,51,218,51,FALSE,FALSE
460,12,3484,3346,3507,3484,3346,3507,3484,3346,3507,-138,23,138,23,FALSE,FALSE
460,13,3355,3259,3312,3355,3259,3312,3355,3259,3312,-96,-43,96,43,FALSE,FALSE
460,14,3055,3045,2975,3055,3045,2975,3055,3045,2975,-10,-80,10,80,FALSE,FALSE
460,15,2649,2755,2574,2649,2755,2574,2649,2755,2574,106,-75,106,75,FALSE,FALSE
460,16,2288,2432,2214,2288,2432,2214,2288,2432,2214,144,-74,144,74,FALSE,FALSE
460,17,1973,2106,1872,1973,2106,1872,1973,2106,1872,133,-101,133,101,FALSE,FALSE
460,18,1665,1741,1551,1665,1741,1551,1665,1741,1551,76,-114,76,114,FALSE,FALSE
460,19,1370,1481,1287,1370,1481,1287,1370,1481,1287,111,-83,111,83,FALSE,FALSE
460,20,1112,1276,1044,1112,1276,1044,1112,1276,1044,164,-68,164,68,FALSE,FALSE
460,21,936,1066,848,936,1066,848,936,1066,848,130,-88,130,88,FALSE,FALSE
460,22,789,894,688,789,894,688,789,894,688,105,-101,105,101,FALSE,FALSE
460,23,643,744,584,643,744,584,643,744,584,101,-59,101,59,FALSE,FALSE
460,24,513,599,498,513,599,498,513,599,498,86,-15,86,15,FALSE,FALSE
460,25,407,487,408,407,487,408,407,487,408,80,1,80,1,FALSE,FALSE
460,26,335,404,347,335,404,347,335,404,347,69,12,69,12,FALSE,FALSE
460,27,275,344,277,275,344,277,275,344,277,69,2,69,2,FALSE,FALSE
460,28,231,284,226,231,284,226,231,284,226,53,-5,53,5,FALSE,FALSE
460,29,195,240,190,195,240,190,195,240,190,45,-5,45,5,FALSE,FALSE
460,30,157,199,158,157,199,158,157,199,158,42,1,42,1,FALSE,FALSE
460,31,137,169,131,137,169,131,137,169,131,32,-6,32,6,FALSE,FALSE
460,32,113,131,110,113,131,110,113,131,110,18,-3,18,3,FALSE,FALSE
460,33,91,110,95,91,110,95,91,110,95,19,4,19,4,FALSE,FALSE
460,34,73,89,77,73,89,77,73,89,77,16,4,16,4,FALSE,FALSE
460,35,65,78,60,65,78,60,65,78,60,13,-5,13,5,FALSE,FALSE
460,36,54,59,49,54,59,49,54,59,49,5,-5,5,5,FALSE,FALSE
460,37,49,55,41,49,55,41,49,55,41,6,-8,6,8,FALSE,FALSE
460,38,40,46,36,40,46,36,40,46,36,6,-4,6,4,FALSE,FALSE
460,39,31,39,31,31,39,31,31,39,31,8,0,8,0,FALSE,TRUE
460,40,27,29,26,27,29,26,27,29,26,2,-1,2,1,FALSE,FALSE
460,41,22,18,16,22,18,16,22,18,16,-4,-6,4,6,FALSE,FALSE
460,42,19,13,13,19,13,13,19,13,13,-6,-6,6,6,FALSE,FALSE
460,43,16,13,13,16,13,13,16,13,13,-3,-3,3,3,FALSE,FALSE
460,44,12,11,12,12,11,12,12,11,12,-1,0,1,0,FALSE,TRUE
460,45,11,11,10,11,11,10,11,11,10,0,-1,0,1,TRUE,FALSE
460,46,7,11,9,7,11,9,7,11,9,4,2,4,2,FALSE,FALSE
460,47,5,8,9,5,8,9,5,8,9,3,4,3,4,FALSE,FALSE
460,48,3,5,5,3,5,5,3,5,5,2,2,2,2,FALSE,FALSE
460,49,3,5,5,3,5,5,3,5,5,2,2,2,2,FALSE,FALSE
460,50,2,4,4,2,4,4,2,4,4,2,2,2,2,FALSE,FALSE
460,51,2,2,4,2,2,4,2,2,4,0,2,0,2,TRUE,FALSE
460,52,2,2,2,2,2,2,2,2,2,0,0,0,0,TRUE,TRUE
460,53,1,1,0,1,1,0,1,1,0,0,-1,0,1,TRUE,FALSE
460,54,1,1,0,1,1,0,1,1,0,0,-1,0,1,TRUE,FALSE
460,55,1,1,0,1,1,0,1,1,0,0,-1,0,1,TRUE,FALSE
460,56,0,0,0,0,0,0,0,0,0,0,0,0,0,TRUE,TRUE
460,57,0,0,0,0,0,0,0,0,0,0,0,0,0,TRUE,TRUE
460,58,0,0,0,0,0,0,0,0,0,0,0,0,0,TRUE,TRUE
460,59,0,0,0,0,0,0,0,0,0,0,0,0,0,TRUE,TRUE
460,60,0,0,0,0,0,0,0,0,0,0,0,0,0,TRUE,TRUE
461,0,139,139,139,139,139,139,139,139,139,0,0,0,0,TRUE,TRUE
461,1,271,270,277,271,270,277,271,270,277,-1,6,1,6,FALSE,FALSE
461,2,485,489,484,485,489,484,485,489,484,4,-1,4,1,FALSE,FALSE
461,3,886,880,853,886,880,853,886,880,853,-6,-33,6,33,FALSE,FALSE
461,4,1461,1414,1414,1461,1414,1414,1461,1414,1414,-47,-47,47,47,FALSE,FALSE
461,5,2199,2107,2193,2199,2107,2193,2199,2107,2193,-92,-6,92,6,FALSE,FALSE
461,6,2922,2747,2944,2922,2747,2944,2922,2747,2944,-175,22,175,22,FALSE,FALSE
461,7,3369,3214,3381,3369,3214,3381,3369,3214,3381,-155,12,155,12,FALSE,FALSE
461,8,3430,3342,3460,3430,3342,3460,3430,3342,3460,-88,30,88,30,FALSE,FALSE
461,9,3213,3226,3260,3213,3226,3260,3213,3226,3260,13,47,13,47,FALSE,FALSE
461,10,2805,2873,2884,2805,2873,2884,2805,2873,2884,68,79,68,79,FALSE,FALSE
461,11,2378,2467,2435,2378,2467,2435,2378,2467,2435,89,57,89,57,FALSE,FALSE
461,12,1950,2038,2011,1950,2038,2011,1950,2038,2011,88,61,88,61,FALSE,FALSE
461,13,1588,1646,1624,1588,1646,1624,1588,1646,1624,58,36,58,36,FALSE,FALSE
461,14,1288,1328,1291,1288,1328,1291,1288,1328,1291,40,3,40,3,FALSE,FALSE
461,15,1028,1078,1041,1028,1078,1041,1028,1078,1041,50,13,50,13,FALSE,FALSE
461,16,805,852,830,805,852,830,805,852,830,47,25,47,25,FALSE,FALSE
461,17,610,677,654,610,677,654,610,677,654,67,44,67,44,FALSE,FALSE
461,18,494,527,508,494,527,508,494,527,508,33,14,33,14,FALSE,FALSE
461,19,361,410,407,361,410,407,361,410,407,49,46,49,46,FALSE,FALSE
461,20,293,327,319,293,327,319,293,327,319,34,26,34,26,FALSE,FALSE
461,21,234,248,254,234,248,254,234,248,254,14,20,14,20,FALSE,FALSE
461,22,189,201,195,189,201,195,189,201,195,12,6,12,6,FALSE,FALSE
461,23,152,152,152,152,152,152,152,152,152,0,0,0,0,TRUE,TRUE
461,24,122,125,118,122,125,118,122,125,118,3,-4,3,4,FALSE,FALSE
461,25,98,101,90,98,101,90,98,101,90,3,-8,3,8,FALSE,FALSE
461,26,80,83,71,80,83,71,80,83,71,3,-9,3,9,FALSE,FALSE
461,27,62,65,56,62,65,56,62,65,56,3,-6,3,6,FALSE,FALSE
461,28,49,46,45,49,46,45,49,46,45,-3,-4,3,4,FALSE,FALSE
461,29,38,40,38,38,40,38,38,40,38,2,0,2,0,FALSE,TRUE
461,30,27,32,32,27,32,32,27,32,32,5,5,5,5,FALSE,FALSE
461,31,20,29,28,20,29,28,20,29,28,9,8,9,8,FALSE,FALSE
461,32,16,24,23,16,24,23,16,24,23,8,7,8,7,FALSE,FALSE
461,33,15,16,20,15,16,20,15,16,20,1,5,1,5,FALSE,FALSE
461,34,13,16,15,13,16,15,13,16,15,3,2,3,2,FALSE,FALSE
461,35,11,15,12,11,15,12,11,15,12,4,1,4,1,FALSE,FALSE
461,36,11,10,7,11,10,7,11,10,7,-1,-4,1,4,FALSE,FALSE
461,37,8,7,6,8,7,6,8,7,6,-1,-2,1,2,FALSE,FALSE
461,38,6,5,4,6,5,4,6,5,4,-1,-2,1,2,FALSE,FALSE
461,39,2,5,3,2,5,3,2,5,3,3,1,3,1,FALSE,FALSE
461,40,2,4,1,2,4,1,2,4,1,2,-1,2,1,FALSE,FALSE
461,41,3,4,1,3,4,1,3,4,1,1,-2,1,2,FALSE,FALSE
461,42,2,4,0,2,4,0,2,4,0,2,-2,2,2,FALSE,FALSE
461,43,2,3,0,2,3,0,2,3,0,1,-2,1,2,FALSE,FALSE
461,44,1,3,0,1,3,0,1,3,0,2,-1,2,1,FALSE,FALSE
461,45,0,3,0,0,3,0,0,3,0,3,0,3,0,FALSE,TRUE
461,46,0,3,0,0,3,0,0,3,0,3,0,3,0,FALSE,TRUE
461,47,0,2,0,0,2,0,0,2,0,2,0,2,0,FALSE,TRUE
461,48,0,2,0,0,2,0,0,2,0,2,0,2,0,FALSE,TRUE
461,49,0,0,0,0,0,0,0,0,0,0,0,0,0,TRUE,TRUE
461,50,0,0,0,0,0,0,0,0,0,0,0,0,0,TRUE,TRUE
461,51,0,0,0,0,0,0,0,0,0,0,0,0,0,TRUE,TRUE
461,52,0,0,0,0,0,0,0,0,0,0,0,0,0,TRUE,TRUE
461,53,0,0,0,0,0,0,0,0,0,0,0,0,0,TRUE,TRUE
461,54,0,0,0,0,0,0,0,0,0,0,0,0,0,TRUE,TRUE
461,55,0,0,0,0,0,0,0,0,0,0,0,0,0,TRUE,TRUE
461,56,0,0,0,0,0,0,0,0,0,0,0,0,0,TRUE,TRUE
461,57,0,0,0,0,0,0,0,0,0,0,0,0,0,TRUE,TRUE
461,58,0,0,0,0,0,0,0,0,0,0,0,0,0,TRUE,TRUE
461,59,0,0,0,0,0,0,0,0,0,0,0,0,0,TRUE,TRUE
461,60,0,0,0,0,0,0,0,0,0,0,0,0,0,TRUE,TRUE
462,0,102,102,102,102,102,102,102,102,102,0,0,0,0,TRUE,TRUE
462,1,138,135,133,138,135,133,138,135,133,-3,-5,3,5,FALSE,FALSE
462,2,179,174,155,179,174,155,179,174,155,-5,-24,5,24,FALSE,FALSE
462,3,216,203,188,216,203,188,216,203,188,-13,-28,13,28,FALSE,FALSE
462,4,272,263,256,272,263,256,272,263,256,-9,-16,9,16,FALSE,FALSE
462,5,339,329,323,339,329,323,339,329,323,-10,-16,10,16,FALSE,FALSE
462,6,429,411,418,429,411,418,429,411,418,-18,-11,18,11,FALSE,FALSE
462,7,524,479,506,524,479,506,524,479,506,-45,-18,45,18,FALSE,FALSE
462,8,619,568,601,619,568,601,619,568,601,-51,-18,51,18,FALSE,FALSE
462,9,743,650,722,743,650,722,743,650,722,-93,-21,93,21,FALSE,FALSE
462,10,880,751,840,880,751,840,880,751,840,-129,-40,129,40,FALSE,FALSE
462,11,1051,859,987,1051,859,987,1051,859,987,-192,-64,192,64,FALSE,FALSE
462,12,1194,1000,1118,1194,1000,1118,1194,1000,1118,-194,-76,194,76,FALSE,FALSE
462,13,1344,1129,1263,1344,1129,1263,1344,1129,1263,-215,-81,215,81,FALSE,FALSE
462,14,1427,1223,1400,1427,1223,1400,1427,1223,1400,-204,-27,204,27,FALSE,FALSE
462,15,1464,1296,1500,1464,1296,1500,1464,1296,1500,-168,36,168,36,FALSE,FALSE
462,16,1454,1356,1585,1454,1356,1585,1454,1356,1585,-98,131,98,131,FALSE,FALSE
462,17,1460,1356,1559,1460,1356,1559,1460,1356,1559,-104,99,104,99,FALSE,FALSE
462,18,1439,1338,1519,1439,1338,1519,1439,1338,1519,-101,80,101,80,FALSE,FALSE
462,19,1408,1348,1445,1408,1348,1445,1408,1348,1445,-60,37,60,37,FALSE,FALSE
462,20,1314,1331,1351,1314,1331,1351,1314,1331,1351,17,37,17,37,FALSE,FALSE
462,21,1236,1296,1251,1236,1296,1251,1236,1296,1251,60,15,60,15,FALSE,FALSE
462,22,1115,1193,1164,1115,1193,1164,1115,1193,1164,78,49,78,49,FALSE,FALSE
462,23,1007,1104,1015,1007,1104,1015,1007,1104,1015,97,8,97,8,FALSE,FALSE
462,24,906,1028,924,906,1028,924,906,1028,924,122,18,122,18,FALSE,FALSE
462,25,804,928,811,804,928,811,804,928,811,124,7,124,7,FALSE,FALSE
462,26,735,814,720,735,814,720,735,814,720,79,-15,79,15,FALSE,FALSE
462,27,639,715,646,639,715,646,639,715,646,76,7,76,7,FALSE,FALSE
462,28,531,611,579,531,611,579,531,611,579,80,48,80,48,FALSE,FALSE
462,29,444,554,487,444,554,487,444,554,487,110,43,110,43,FALSE,FALSE
462,30,387,508,408,387,508,408,387,508,408,121,21,121,21,FALSE,FALSE
462,31,364,439,338,364,439,338,364,439,338,75,-26,75,26,FALSE,FALSE
462,32,317,385,301,317,385,301,317,385,301,68,-16,68,16,FALSE,FALSE
462,33,284,331,264,284,331,264,284,331,264,47,-20,47,20,FALSE,FALSE
462,34,232,282,212,232,282,212,232,282,212,50,-20,50,20,FALSE,FALSE
462,35,190,261,174,190,261,174,190,261,174,71,-16,71,16,FALSE,FALSE
462,36,162,222,135,162,222,135,162,222,135,60,-27,60,27,FALSE,FALSE
462,37,131,191,101,131,191,101,131,191,101,60,-30,60,30,FALSE,FALSE
462,38,106,166,82,106,166,82,106,166,82,60,-24,60,24,FALSE,FALSE
462,39,85,142,71,85,142,71,85,142,71,57,-14,57,14,FALSE,FALSE
462,40,69,135,65,69,135,65,69,135,65,66,-4,66,4,FALSE,FALSE
462,41,52,111,54,52,111,54,52,111,54,59,2,59,2,FALSE,FALSE
462,42,43,88,36,43,88,36,43,88,36,45,-7,45,7,FALSE,FALSE
462,43,33,73,30,33,73,30,33,73,30,40,-3,40,3,FALSE,FALSE
462,44,28,60,29,28,60,29,28,60,29,32,1,32,1,FALSE,FALSE
462,45,24,50,27,24,50,27,24,50,27,26,3,26,3,FALSE,FALSE
462,46,20,45,27,20,45,27,20,45,27,25,7,25,7,FALSE,FALSE
462,47,17,43,27,17,43,27,17,43,27,26,10,26,10,FALSE,FALSE
462,48,11,38,23,11,38,23,11,38,23,27,12,27,12,FALSE,FALSE
462,49,9,34,16,9,34,16,9,34,16,25,7,25,7,FALSE,FALSE
462,50,6,36,13,6,36,13,6,36,13,30,7,30,7,FALSE,FALSE
462,51,6,31,11,6,31,11,6,31,11,25,5,25,5,FALSE,FALSE
462,52,6,24,7,6,24,7,6,24,7,18,1,18,1,FALSE,FALSE
462,53,7,20,6,7,20,6,7,20,6,13,-1,13,1,FALSE,FALSE
462,54,4,17,3,4,17,3,4,17,3,13,-1,13,1,FALSE,FALSE
462,55,3,17,3,3,17,3,3,17,3,14,0,14,0,FALSE,TRUE
462,56,3,12,1,3,12,1,3,12,1,9,-2,9,2,FALSE,FALSE
462,57,3,13,1,3,13,1,3,13,1,10,-2,10,2,FALSE,FALSE
462,58,3,11,1,3,11,1,3,11,1,8,-2,8,2,FALSE,FALSE
462,59,2,10,1,2,10,1,2,10,1,8,-1,8,1,FALSE,FALSE
462,60,0,10,0,0,10,0,0,10,0,10,0,10,0,FALSE,TRUE
463,0,169,169,169,169,169,169,169,169,169,0,0,0,0,TRUE,TRUE
463,1,275,272,277,275,272,277,275,272,277,-3,2,3,2,FALSE,FALSE
463,2,431,415,428,431,415,428,431,415,428,-16,-3,16,3,FALSE,FALSE
463,3,654,620,688,654,620,688,654,620,688,-34,34,34,34,FALSE,FALSE
463,4,978,937,1070,978,937,1070,978,937,1070,-41,92,41,92,FALSE,FALSE
463,5,1485,1404,1555,1485,1404,1555,1485,1404,1555,-81,70,81,70,FALSE,FALSE
463,6,2039,1946,2140,2039,1946,2140,2039,1946,2140,-93,101,93,101,FALSE,FALSE
463,7,2624,2520,2658,2624,2520,2658,2624,2520,2658,-104,34,104,34,FALSE,FALSE
463,8,3059,3049,3144,3059,3049,3144,3059,3049,3144,-10,85,10,85,FALSE,FALSE
463,9,3351,3409,3392,3351,3409,3392,3351,3409,3392,58,41,58,41,FALSE,FALSE
463,10,3439,3413,3457,3439,3413,3457,3439,3413,3457,-26,18,26,18,FALSE,FALSE
463,11,3274,3296,3286,3274,3296,3286,3274,3296,3286,22,12,22,12,FALSE,FALSE
463,12,2991,3028,2943,2991,3028,2943,2991,3028,2943,37,-48,37,48,FALSE,FALSE
463,13,2619,2721,2569,2619,2721,2569,2619,2721,2569,102,-50,102,50,FALSE,FALSE
463,14,2246,2360,2190,2246,2360,2190,2246,2360,2190,114,-56,114,56,FALSE,FALSE
463,15,1889,1966,1841,1889,1966,1841,1889,1966,1841,77,-48,77,48,FALSE,FALSE
463,16,1583,1653,1501,1583,1653,1501,1583,1653,1501,70,-82,70,82,FALSE,FALSE
463,17,1287,1354,1212,1287,1354,1212,1287,1354,1212,67,-75,67,75,FALSE,FALSE
463,18,1025,1111,980,1025,1111,980,1025,1111,980,86,-45,86,45,FALSE,FALSE
463,19,834,913,779,834,913,779,834,913,779,79,-55,79,55,FALSE,FALSE
463,20,671,743,637,671,743,637,671,743,637,72,-34,72,34,FALSE,FALSE
463,21,557,600,488,557,600,488,557,600,488,43,-69,43,69,FALSE,FALSE
463,22,460,480,403,460,480,403,460,480,403,20,-57,20,57,FALSE,FALSE
463,23,364,394,332,364,394,332,364,394,332,30,-32,30,32,FALSE,FALSE
463,24,293,312,263,293,312,263,293,312,263,19,-30,19,30,FALSE,FALSE
463,25,246,247,210,246,247,210,246,247,210,1,-36,1,36,FALSE,FALSE
463,26,190,199,162,190,199,162,190,199,162,9,-28,9,28,FALSE,FALSE
463,27,150,160,132,150,160,132,150,160,132,10,-18,10,18,FALSE,FALSE
463,28,119,125,107,119,125,107,119,125,107,6,-12,6,12,FALSE,FALSE
463,29,95,103,83,95,103,83,95,103,83,8,-12,8,12,FALSE,FALSE
463,30,70,87,66,70,87,66,70,87,66,17,-4,17,4,FALSE,FALSE
463,31,52,76,57,52,76,57,52,76,57,24,5,24,5,FALSE,FALSE
463,32,41,58,43,41,58,43,41,58,43,17,2,17,2,FALSE,FALSE
463,33,31,45,34,31,45,34,31,45,34,14,3,14,3,FALSE,FALSE
463,34,21,35,29,21,35,29,21,35,29,14,8,14,8,FALSE,FALSE
463,35,19,30,20,19,30,20,19,30,20,11,1,11,1,FALSE,FALSE
463,36,16,23,15,16,23,15,16,23,15,7,-1,7,1,FALSE,FALSE
463,37,10,15,12,10,15,12,10,15,12,5,2,5,2,FALSE,FALSE
463,38,7,10,10,7,10,10,7,10,10,3,3,3,3,FALSE,FALSE
463,39,6,7,8,6,7,8,6,7,8,1,2,1,2,FALSE,FALSE
463,40,6,7,5,6,7,5,6,7,5,1,-1,1,1,FALSE,FALSE
463,41,5,6,3,5,6,3,5,6,3,1,-2,1,2,FALSE,FALSE
463,42,4,3,3,4,3,3,4,3,3,-1,-1,1,1,FALSE,FALSE
463,43,3,1,2,3,1,2,3,1,2,-2,-1,2,1,FALSE,FALSE
463,44,3,1,2,3,1,2,3,1,2,-2,-1,2,1,FALSE,FALSE
463,45,2,1,2,2,1,2,2,1,2,-1,0,1,0,FALSE,TRUE
463,46,2,1,2,2,1,2,2,1,2,-1,0,1,0,FALSE,TRUE
463,47,2,1,1,2,1,1,2,1,1,-1,-1,1,1,FALSE,FALSE
463,48,2,1,1,2,1,1,2,1,1,-1,-1,1,1,FALSE,FALSE
463,49,1,1,1,1,1,1,1,1,1,0,0,0,0,TRUE,TRUE
463,50,0,0,1,0,0,1,0,0,1,0,1,0,1,TRUE,FALSE
463,51,0,0,0,0,0,0,0,0,0,0,0,0,0,TRUE,TRUE
463,52,0,0,0,0,0,0,0,0,0,0,0,0,0,TRUE,TRUE
463,53,0,0,0,0,0,0,0,0,0,0,0,0,0,TRUE,TRUE
463,54,0,0,0,0,0,0,0,0,0,0,0,0,0,TRUE,TRUE
463,55,0,0,0,0,0,0,0,0,0,0,0,0,0,TRUE,TRUE
463,56,0,0,0,0,0,0,0,0,0,0,0,0,0,TRUE,TRUE
463,57,0,0,0,0,0,0,0,0,0,0,0,0,0,TRUE,TRUE
463,58,0,0,0,0,0,0,0,0,0,0,0,0,0,TRUE,TRUE
463,59,0,0,0,0,0,0,0,0,0,0,0,0,0,TRUE,TRUE
463,60,0,0,0,0,0,0,0,0,0,0,0,0,0,TRUE,TRUE
464,0,83,83,83,83,83,83,83,83,83,0,0,0,0,TRUE,TRUE
464,1,157,120,155,157,120,155,157,120,155,-37,-2,37,2,FALSE,FALSE
464,2,296,187,259,296,187,259,296,187,259,-109,-37,109,37,FALSE,FALSE
464,3,508,265,466,508,265,466,508,265,466,-243,-42,243,42,FALSE,FALSE
464,4,860,332,828,860,332,828,860,332,828,-528,-32,528,32,FALSE,FALSE
464,5,1381,431,1386,1381,431,1386,1381,431,1386,-950,5,950,5,FALSE,FALSE
464,6,2054,556,2017,2054,556,2017,2054,556,2017,-1498,-37,1498,37,FALSE,FALSE
464,7,2731,733,2703,2731,733,2703,2731,733,2703,-1998,-28,1998,28,FALSE,FALSE
464,8,3207,890,3171,3207,890,3171,3207,890,3171,-2317,-36,2317,36,FALSE,FALSE
464,9,3353,1135,3339,3353,1135,3339,3353,1135,3339,-2218,-14,2218,14,FALSE,FALSE
464,10,3244,1381,3233,3244,1381,3233,3244,1381,3233,-1863,-11,1863,11,FALSE,FALSE
464,11,2892,1608,2972,2892,1608,2972,2892,1608,2972,-1284,80,1284,80,FALSE,FALSE
464,12,2502,1781,2512,2502,1781,2512,2502,1781,2512,-721,10,721,10,FALSE,FALSE
464,13,2092,1944,2160,2092,1944,2160,2092,1944,2160,-148,68,148,68,FALSE,FALSE
464,14,1747,2028,1776,1747,2028,1776,1747,2028,1776,281,29,281,29,FALSE,FALSE
464,15,1432,2030,1451,1432,2030,1451,1432,2030,1451,598,19,598,19,FALSE,FALSE
464,16,1185,1973,1175,1185,1973,1175,1185,1973,1175,788,-10,788,10,FALSE,FALSE
464,17,951,1883,929,951,1883,929,951,1883,929,932,-22,932,22,FALSE,FALSE
464,18,764,1789,771,764,1789,771,764,1789,771,1025,7,1025,7,FALSE,FALSE
464,19,620,1693,613,620,1693,613,620,1693,613,1073,-7,1073,7,FALSE,FALSE
464,20,499,1531,474,499,1531,474,499,1531,474,1032,-25,1032,25,FALSE,FALSE
464,21,411,1360,375,411,1360,375,411,1360,375,949,-36,949,36,FALSE,FALSE
464,22,329,1210,289,329,1210,289,329,1210,289,881,-40,881,40,FALSE,FALSE
464,23,269,1066,237,269,1066,237,269,1066,237,797,-32,797,32,FALSE,FALSE
464,24,210,933,183,210,933,183,210,933,183,723,-27,723,27,FALSE,FALSE
464,25,169,817,143,169,817,143,169,817,143,648,-26,648,26,FALSE,FALSE
464,26,138,703,116,138,703,116,138,703,116,565,-22,565,22,FALSE,FALSE
464,27,118,611,89,118,611,89,118,611,89,493,-29,493,29,FALSE,FALSE
464,28,97,519,72,97,519,72,97,519,72,422,-25,422,25,FALSE,FALSE
464,29,87,438,59,87,438,59,87,438,59,351,-28,351,28,FALSE,FALSE
464,30,66,355,45,66,355,45,66,355,45,289,-21,289,21,FALSE,FALSE
464,31,53,319,32,53,319,32,53,319,32,266,-21,266,21,FALSE,FALSE
464,32,44,273,22,44,273,22,44,273,22,229,-22,229,22,FALSE,FALSE
464,33,41,225,15,41,225,15,41,225,15,184,-26,184,26,FALSE,FALSE
464,34,39,187,13,39,187,13,39,187,13,148,-26,148,26,FALSE,FALSE
464,35,30,166,12,30,166,12,30,166,12,136,-18,136,18,FALSE,FALSE
464,36,25,142,10,25,142,10,25,142,10,117,-15,117,15,FALSE,FALSE
464,37,18,115,8,18,115,8,18,115,8,97,-10,97,10,FALSE,FALSE
464,38,15,96,7,15,96,7,15,96,7,81,-8,81,8,FALSE,FALSE
464,39,10,81,4,10,81,4,10,81,4,71,-6,71,6,FALSE,FALSE
464,40,5,67,2,5,67,2,5,67,2,62,-3,62,3,FALSE,FALSE
464,41,4,52,2,4,52,2,4,52,2,48,-2,48,2,FALSE,FALSE
464,42,3,48,1,3,48,1,3,48,1,45,-2,45,2,FALSE,FALSE
464,43,4,40,1,4,40,1,4,40,1,36,-3,36,3,FALSE,FALSE
464,44,4,34,1,4,34,1,4,34,1,30,-3,30,3,FALSE,FALSE
464,45,3,26,1,3,26,1,3,26,1,23,-2,23,2,FALSE,FALSE
464,46,2,25,1,2,25,1,2,25,1,23,-1,23,1,FALSE,FALSE
464,47,0,23,0,0,23,0,0,23,0,23,0,23,0,FALSE,TRUE
464,48,0,17,0,0,17,0,0,17,0,17,0,17,0,FALSE,TRUE
464,49,0,10,0,0,10,0,0,10,0,10,0,10,0,FALSE,TRUE
464,50,0,9,0,0,9,0,0,9,0,9,0,9,0,FALSE,TRUE
464,51,0,7,0,0,7,0,0,7,0,7,0,7,0,FALSE,TRUE
464,52,0,5,0,0,5,0,0,5,0,5,0,5,0,FALSE,TRUE
464,53,0,3,0,0,3,0,0,3,0,3,0,3,0,FALSE,TRUE
464,54,0,0,0,0,0,0,0,0,0,0,0,0,0,TRUE,TRUE
464,55,0,0,0,0,0,0,0,0,0,0,0,0,0,TRUE,TRUE
464,56,0,0,0,0,0,0,0,0,0,0,0,0,0,TRUE,TRUE
464,57,0,0,0,0,0,0,0,0,0,0,0,0,0,TRUE,TRUE
464,58,0,0,0,0,0,0,0,0,0,0,0,0,0,TRUE,TRUE
464,59,0,0,0,0,0,0,0,0,0,0,0,0,0,TRUE,TRUE
464,60,0,0,0,0,0,0,0,0,0,0,0,0,0,TRUE,TRUE
465,0,159,159,159,159,159,159,159,159,159,0,0,0,0,TRUE,TRUE
465,1,155,182,154,155,182,154,155,182,154,27,-1,27,1,FALSE,FALSE
465,2,157,192,155,157,192,155,157,192,155,35,-2,35,2,FALSE,FALSE
465,3,154,216,161,154,216,161,154,216,161,62,7,62,7,FALSE,FALSE
465,4,156,240,165,156,240,165,156,240,165,84,9,84,9,FALSE,FALSE
465,5,163,237,162,163,237,162,163,237,162,74,-1,74,1,FALSE,FALSE
465,6,165,255,157,165,255,157,165,255,157,90,-8,90,8,FALSE,FALSE
465,7,174,294,163,174,294,163,174,294,163,120,-11,120,11,FALSE,FALSE
465,8,176,299,156,176,299,156,176,299,156,123,-20,123,20,FALSE,FALSE
465,9,175,314,154,175,314,154,175,314,154,139,-21,139,21,FALSE,FALSE
465,10,185,327,170,185,327,170,185,327,170,142,-15,142,15,FALSE,FALSE
465,11,178,362,172,178,362,172,178,362,172,184,-6,184,6,FALSE,FALSE
465,12,178,389,175,178,389,175,178,389,175,211,-3,211,3,FALSE,FALSE
465,13,187,424,170,187,424,170,187,424,170,237,-17,237,17,FALSE,FALSE
465,14,203,452,171,203,452,171,203,452,171,249,-32,249,32,FALSE,FALSE
465,15,210,454,188,210,454,188,210,454,188,244,-22,244,22,FALSE,FALSE
465,16,214,477,172,214,477,172,214,477,172,263,-42,263,42,FALSE,FALSE
465,17,214,509,174,214,509,174,214,509,174,295,-40,295,40,FALSE,FALSE
465,18,208,540,177,208,540,177,208,540,177,332,-31,332,31,FALSE,FALSE
465,19,213,544,183,213,544,183,213,544,183,331,-30,331,30,FALSE,FALSE
465,20,208,570,173,208,570,173,208,570,173,362,-35,362,35,FALSE,FALSE
465,21,218,596,186,218,596,186,218,596,186,378,-32,378,32,FALSE,FALSE
465,22,237,604,194,237,604,194,237,604,194,367,-43,367,43,FALSE,FALSE
465,23,236,617,199,236,617,199,236,617,199,381,-37,381,37,FALSE,FALSE
465,24,244,614,205,244,614,205,244,614,205,370,-39,370,39,FALSE,FALSE
465,25,235,628,199,235,628,199,235,628,199,393,-36,393,36,FALSE,FALSE
465,26,247,643,201,247,643,201,247,643,201,396,-46,396,46,FALSE,FALSE
465,27,252,655,204,252,655,204,252,655,204,403,-48,403,48,FALSE,FALSE
465,28,250,654,216,250,654,216,250,654,216,404,-34,404,34,FALSE,FALSE
465,29,259,684,224,259,684,224,259,684,224,425,-35,425,35,FALSE,FALSE
465,30,261,659,217,261,659,217,261,659,217,398,-44,398,44,FALSE,FALSE
465,31,254,628,228,254,628,228,254,628,228,374,-26,374,26,FALSE,FALSE
465,32,250,632,228,250,632,228,250,632,228,382,-22,382,22,FALSE,FALSE
465,33,259,617,241,259,617,241,259,617,241,358,-18,358,18,FALSE,FALSE
465,34,270,623,243,270,623,243,270,623,243,353,-27,353,27,FALSE,FALSE
465,35,272,589,248,272,589,248,272,589,248,317,-24,317,24,FALSE,FALSE
465,36,279,573,240,279,573,240,279,573,240,294,-39,294,39,FALSE,FALSE
465,37,273,553,235,273,553,235,273,553,235,280,-38,280,38,FALSE,FALSE
465,38,265,541,241,265,541,241,265,541,241,276,-24,276,24,FALSE,FALSE
465,39,270,522,253,270,522,253,270,522,253,252,-17,252,17,FALSE,FALSE
465,40,270,492,256,270,492,256,270,492,256,222,-14,222,14,FALSE,FALSE
465,41,285,476,258,285,476,258,285,476,258,191,-27,191,27,FALSE,FALSE
465,42,284,444,256,284,444,256,284,444,256,160,-28,160,28,FALSE,FALSE
465,43,286,422,264,286,422,264,286,422,264,136,-22,136,22,FALSE,FALSE
465,44,288,386,264,288,386,264,288,386,264,98,-24,98,24,FALSE,FALSE
465,45,276,373,277,276,373,277,276,373,277,97,1,97,1,FALSE,FALSE
465,46,276,356,285,276,356,285,276,356,285,80,9,80,9,FALSE,FALSE
465,47,268,334,289,268,334,289,268,334,289,66,21,66,21,FALSE,FALSE
465,48,261,317,284,261,317,284,261,317,284,56,23,56,23,FALSE,FALSE
465,49,252,287,277,252,287,277,252,287,277,35,25,35,25,FALSE,FALSE
465,50,253,268,281,253,268,281,253,268,281,15,28,15,28,FALSE,FALSE
465,51,261,236,280,261,236,280,261,236,280,-25,19,25,19,FALSE,FALSE
465,52,255,211,272,255,211,272,255,211,272,-44,17,44,17,FALSE,FALSE
465,53,255,197,267,255,197,267,255,197,267,-58,12,58,12,FALSE,FALSE
465,54,239,172,273,239,172,273,239,172,273,-67,34,67,34,FALSE,FALSE
465,55,239,153,284,239,153,284,239,153,284,-86,45,86,45,FALSE,FALSE
465,56,237,147,276,237,147,276,237,147,276,-90,39,90,39,FALSE,FALSE
465,57,238,134,273,238,134,273,238,134,273,-104,35,104,35,FALSE,FALSE
465,58,244,125,257,244,125,257,244,125,257,-119,13,119,13,FALSE,FALSE
465,59,248,106,249,248,106,249,248,106,249,-142,1,142,1,FALSE,FALSE
465,60,247,108,269,247,108,269,247,108,269,-139,22,139,22,FALSE,FALSE
466,0,91,91,91,91,91,91,91,91,91,0,0,0,0,TRUE,TRUE
466,1,110,115,111,110,115,111,110,115,111,5,1,5,1,FALSE,FALSE
466,2,118,139,125,118,139,125,118,139,125,21,7,21,7,FALSE,FALSE
466,3,132,159,139,132,159,139,132,159,139,27,7,27,7,FALSE,FALSE
466,4,139,188,156,139,188,156,139,188,156,49,17,49,17,FALSE,FALSE
466,5,152,220,195,152,220,195,152,220,195,68,43,68,43,FALSE,FALSE
466,6,184,238,236,184,238,236,184,238,236,54,52,54,52,FALSE,FALSE
466,7,213,271,270,213,271,270,213,271,270,58,57,58,57,FALSE,FALSE
466,8,238,339,314,238,339,314,238,339,314,101,76,101,76,FALSE,FALSE
466,9,262,381,365,262,381,365,262,381,365,119,103,119,103,FALSE,FALSE
466,10,284,447,416,284,447,416,284,447,416,163,132,163,132,FALSE,FALSE
466,11,316,490,456,316,490,456,316,490,456,174,140,174,140,FALSE,FALSE
466,12,366,561,495,366,561,495,366,561,495,195,129,195,129,FALSE,FALSE
466,13,407,614,529,407,614,529,407,614,529,207,122,207,122,FALSE,FALSE
466,14,442,668,555,442,668,555,442,668,555,226,113,226,113,FALSE,FALSE
466,15,490,704,613,490,704,613,490,704,613,214,123,214,123,FALSE,FALSE
466,16,559,756,654,559,756,654,559,756,654,197,95,197,95,FALSE,FALSE
466,17,609,772,681,609,772,681,609,772,681,163,72,163,72,FALSE,FALSE
466,18,672,823,703,672,823,703,672,823,703,151,31,151,31,FALSE,FALSE
466,19,732,847,760,732,847,760,732,847,760,115,28,115,28,FALSE,FALSE
466,20,774,869,785,774,869,785,774,869,785,95,11,95,11,FALSE,FALSE
466,21,781,882,826,781,882,826,781,882,826,101,45,101,45,FALSE,FALSE
466,22,809,859,841,809,859,841,809,859,841,50,32,50,32,FALSE,FALSE
466,23,826,856,844,826,856,844,826,856,844,30,18,30,18,FALSE,FALSE
466,24,837,845,859,837,845,859,837,845,859,8,22,8,22,FALSE,FALSE
466,25,854,793,841,854,793,841,854,793,841,-61,-13,61,13,FALSE,FALSE
466,26,839,780,794,839,780,794,839,780,794,-59,-45,59,45,FALSE,FALSE
466,27,818,735,758,818,735,758,818,735,758,-83,-60,83,60,FALSE,FALSE
466,28,777,698,714,777,698,714,777,698,714,-79,-63,79,63,FALSE,FALSE
466,29,742,647,674,742,647,674,742,647,674,-95,-68,95,68,FALSE,FALSE
466,30,721,601,664,721,601,664,721,601,664,-120,-57,120,57,FALSE,FALSE
466,31,674,554,631,674,554,631,674,554,631,-120,-43,120,43,FALSE,FALSE
466,32,608,525,598,608,525,598,608,525,598,-83,-10,83,10,FALSE,FALSE
466,33,554,478,548,554,478,548,554,478,548,-76,-6,76,6,FALSE,FALSE
466,34,510,437,516,510,437,516,510,437,516,-73,6,73,6,FALSE,FALSE
466,35,467,405,480,467,405,480,467,405,480,-62,13,62,13,FALSE,FALSE
466,36,445,363,427,445,363,427,445,363,427,-82,-18,82,18,FALSE,FALSE
466,37,424,343,390,424,343,390,424,343,390,-81,-34,81,34,FALSE,FALSE
466,38,405,330,347,405,330,347,405,330,347,-75,-58,75,58,FALSE,FALSE
466,39,366,296,296,366,296,296,366,296,296,-70,-70,70,70,FALSE,FALSE
466,40,330,260,279,330,260,279,330,260,279,-70,-51,70,51,FALSE,FALSE
466,41,327,229,260,327,229,260,327,229,260,-98,-67,98,67,FALSE,FALSE
466,42,310,210,225,310,210,225,310,210,225,-100,-85,100,85,FALSE,FALSE
466,43,273,184,203,273,184,203,273,184,203,-89,-70,89,70,FALSE,FALSE
466,44,247,171,180,247,171,180,247,171,180,-76,-67,76,67,FALSE,FALSE
466,45,230,168,161,230,168,161,230,168,161,-62,-69,62,69,FALSE,FALSE
466,46,210,144,154,210,144,154,210,144,154,-66,-56,66,56,FALSE,FALSE
466,47,204,129,145,204,129,145,204,129,145,-75,-59,75,59,FALSE,FALSE
466,48,188,111,131,188,111,131,188,111,131,-77,-57,77,57,FALSE,FALSE
466,49,173,103,115,173,103,115,173,103,115,-70,-58,70,58,FALSE,FALSE
466,50,168,85,117,168,85,117,168,85,117,-83,-51,83,51,FALSE,FALSE
466,51,155,79,108,155,79,108,155,79,108,-76,-47,76,47,FALSE,FALSE
466,52,145,71,92,145,71,92,145,71,92,-74,-53,74,53,FALSE,FALSE
466,53,134,66,85,134,66,85,134,66,85,-68,-49,68,49,FALSE,FALSE
466,54,126,68,81,126,68,81,126,68,81,-58,-45,58,45,FALSE,FALSE
466,55,124,65,70,124,65,70,124,65,70,-59,-54,59,54,FALSE,FALSE
466,56,114,64,59,114,64,59,114,64,59,-50,-55,50,55,FALSE,FALSE
466,57,100,53,53,100,53,53,100,53,53,-47,-47,47,47,FALSE,FALSE
466,58,86,51,52,86,51,52,86,51,52,-35,-34,35,34,FALSE,FALSE
466,59,81,46,53,81,46,53,81,46,53,-35,-28,35,28,FALSE,FALSE
466,60,72,40,47,72,40,47,72,40,47,-32,-25,32,25,FALSE,FALSE
467,0,50,50,50,50,50,50,50,50,50,0,0,0,0,TRUE,TRUE
467,1,66,66,62,66,66,62,66,66,62,0,-4,0,4,TRUE,FALSE
467,2,82,98,80,82,98,80,82,98,80,16,-2,16,2,FALSE,FALSE
467,3,113,127,101,113,127,101,113,127,101,14,-12,14,12,FALSE,FALSE
467,4,139,169,125,139,169,125,139,169,125,30,-14,30,14,FALSE,FALSE
467,5,178,220,168,178,220,168,178,220,168,42,-10,42,10,FALSE,FALSE
467,6,225,297,219,225,297,219,225,297,219,72,-6,72,6,FALSE,FALSE
467,7,298,382,289,298,382,289,298,382,289,84,-9,84,9,FALSE,FALSE
467,8,360,491,346,360,491,346,360,491,346,131,-14,131,14,FALSE,FALSE
467,9,434,641,449,434,641,449,434,641,449,207,15,207,15,FALSE,FALSE
467,10,540,804,568,540,804,568,540,804,568,264,28,264,28,FALSE,FALSE
467,11,658,974,707,658,974,707,658,974,707,316,49,316,49,FALSE,FALSE
467,12,807,1178,892,807,1178,892,807,1178,892,371,85,371,85,FALSE,FALSE
467,13,972,1358,1043,972,1358,1043,972,1358,1043,386,71,386,71,FALSE,FALSE
467,14,1179,1578,1224,1179,1578,1224,1179,1578,1224,399,45,399,45,FALSE,FALSE
467,15,1351,1771,1395,1351,1771,1395,1351,1771,1395,420,44,420,44,FALSE,FALSE
467,16,1542,1918,1522,1542,1918,1522,1542,1918,1522,376,-20,376,20,FALSE,FALSE
467,17,1725,2071,1708,1725,2071,1708,1725,2071,1708,346,-17,346,17,FALSE,FALSE
467,18,1856,2179,1841,1856,2179,1841,1856,2179,1841,323,-15,323,15,FALSE,FALSE
467,19,1948,2257,1990,1948,2257,1990,1948,2257,1990,309,42,309,42,FALSE,FALSE
467,20,2011,2285,2116,2011,2285,2116,2011,2285,2116,274,105,274,105,FALSE,FALSE
467,21,2083,2230,2141,2083,2230,2141,2083,2230,2141,147,58,147,58,FALSE,FALSE
467,22,2091,2184,2161,2091,2184,2161,2091,2184,2161,93,70,93,70,FALSE,FALSE
467,23,2056,2100,2130,2056,2100,2130,2056,2100,2130,44,74,44,74,FALSE,FALSE
467,24,1977,1985,2110,1977,1985,2110,1977,1985,2110,8,133,8,133,FALSE,FALSE
467,25,1968,1883,2011,1968,1883,2011,1968,1883,2011,-85,43,85,43,FALSE,FALSE
467,26,1860,1774,1891,1860,1774,1891,1860,1774,1891,-86,31,86,31,FALSE,FALSE
467,27,1725,1647,1818,1725,1647,1818,1725,1647,1818,-78,93,78,93,FALSE,FALSE
467,28,1634,1514,1716,1634,1514,1716,1634,1514,1716,-120,82,120,82,FALSE,FALSE
467,29,1530,1389,1576,1530,1389,1576,1530,1389,1576,-141,46,141,46,FALSE,FALSE
467,30,1399,1297,1470,1399,1297,1470,1399,1297,1470,-102,71,102,71,FALSE,FALSE
467,31,1283,1173,1345,1283,1173,1345,1283,1173,1345,-110,62,110,62,FALSE,FALSE
467,32,1185,1074,1220,1185,1074,1220,1185,1074,1220,-111,35,111,35,FALSE,FALSE
467,33,1098,953,1133,1098,953,1133,1098,953,1133,-145,35,145,35,FALSE,FALSE
467,34,998,866,1028,998,866,1028,998,866,1028,-132,30,132,30,FALSE,FALSE
467,35,914,782,938,914,782,938,914,782,938,-132,24,132,24,FALSE,FALSE
467,36,845,700,846,845,700,846,845,700,846,-145,1,145,1,FALSE,FALSE
467,37,779,632,763,779,632,763,779,632,763,-147,-16,147,16,FALSE,FALSE
467,38,697,575,697,697,575,697,697,575,697,-122,0,122,0,FALSE,TRUE
467,39,613,520,634,613,520,634,613,520,634,-93,21,93,21,FALSE,FALSE
467,40,552,462,565,552,462,565,552,462,565,-90,13,90,13,FALSE,FALSE
467,41,503,410,500,503,410,500,503,410,500,-93,-3,93,3,FALSE,FALSE
467,42,456,370,461,456,370,461,456,370,461,-86,5,86,5,FALSE,FALSE
467,43,425,328,413,425,328,413,425,328,413,-97,-12,97,12,FALSE,FALSE
467,44,379,296,364,379,296,364,379,296,364,-83,-15,83,15,FALSE,FALSE
467,45,340,271,326,340,271,326,340,271,326,-69,-14,69,14,FALSE,FALSE
467,46,312,243,286,312,243,286,312,243,286,-69,-26,69,26,FALSE,FALSE
467,47,278,222,261,278,222,261,278,222,261,-56,-17,56,17,FALSE,FALSE
467,48,248,205,234,248,205,234,248,205,234,-43,-14,43,14,FALSE,FALSE
467,49,230,182,211,230,182,211,230,182,211,-48,-19,48,19,FALSE,FALSE
467,50,208,163,183,208,163,183,208,163,183,-45,-25,45,25,FALSE,FALSE
467,51,191,145,166,191,145,166,191,145,166,-46,-25,46,25,FALSE,FALSE
467,52,178,130,152,178,130,152,178,130,152,-48,-26,48,26,FALSE,FALSE
467,53,165,116,141,165,116,141,165,116,141,-49,-24,49,24,FALSE,FALSE
467,54,143,103,126,143,103,126,143,103,126,-40,-17,40,17,FALSE,FALSE
467,55,129,95,111,129,95,111,129,95,111,-34,-18,34,18,FALSE,FALSE
467,56,119,88,99,119,88,99,119,88,99,-31,-20,31,20,FALSE,FALSE
467,57,108,83,89,108,83,89,108,83,89,-25,-19,25,19,FALSE,FALSE
467,58,101,74,81,101,74,81,101,74,81,-27,-20,27,20,FALSE,FALSE
467,59,99,71,69,99,71,69,99,71,69,-28,-30,28,30,FALSE,FALSE
467,60,87,63,59,87,63,59,87,63,59,-24,-28,24,28,FALSE,FALSE
468,0,103,103,103,103,103,103,103,103,103,0,0,0,0,TRUE,TRUE
468,1,145,143,140,145,143,140,145,143,140,-2,-5,2,5,FALSE,FALSE
468,2,199,207,210,199,207,210,199,207,210,8,11,8,11,FALSE,FALSE
468,3,258,287,323,258,287,323,258,287,323,29,65,29,65,FALSE,FALSE
468,4,355,393,455,355,393,455,355,393,455,38,100,38,100,FALSE,FALSE
468,5,498,544,633,498,544,633,498,544,633,46,135,46,135,FALSE,FALSE
468,6,691,740,830,691,740,830,691,740,830,49,139,49,139,FALSE,FALSE
468,7,918,988,1091,918,988,1091,918,988,1091,70,173,70,173,FALSE,FALSE
468,8,1146,1262,1366,1146,1262,1366,1146,1262,1366,116,220,116,220,FALSE,FALSE
468,9,1454,1531,1658,1454,1531,1658,1454,1531,1658,77,204,77,204,FALSE,FALSE
468,10,1701,1777,1879,1701,1777,1879,1701,1777,1879,76,178,76,178,FALSE,FALSE
468,11,1948,2014,2120,1948,2014,2120,1948,2014,2120,66,172,66,172,FALSE,FALSE
468,12,2166,2133,2230,2166,2133,2230,2166,2133,2230,-33,64,33,64,FALSE,FALSE
468,13,2250,2174,2267,2250,2174,2267,2250,2174,2267,-76,17,76,17,FALSE,FALSE
468,14,2248,2191,2193,2248,2191,2193,2248,2191,2193,-57,-55,57,55,FALSE,FALSE
468,15,2152,2089,2108,2152,2089,2108,2152,2089,2108,-63,-44,63,44,FALSE,FALSE
468,16,2051,1969,1953,2051,1969,1953,2051,1969,1953,-82,-98,82,98,FALSE,FALSE
468,17,1920,1831,1784,1920,1831,1784,1920,1831,1784,-89,-136,89,136,FALSE,FALSE
468,18,1741,1673,1603,1741,1673,1603,1741,1673,1603,-68,-138,68,138,FALSE,FALSE
468,19,1569,1489,1441,1569,1489,1441,1569,1489,1441,-80,-128,80,128,FALSE,FALSE
468,20,1373,1303,1269,1373,1303,1269,1373,1303,1269,-70,-104,70,104,FALSE,FALSE
468,21,1199,1156,1113,1199,1156,1113,1199,1156,1113,-43,-86,43,86,FALSE,FALSE
468,22,1028,1009,930,1028,1009,930,1028,1009,930,-19,-98,19,98,FALSE,FALSE
468,23,919,896,800,919,896,800,919,896,800,-23,-119,23,119,FALSE,FALSE
468,24,776,762,686,776,762,686,776,762,686,-14,-90,14,90,FALSE,FALSE
468,25,683,690,586,683,690,586,683,690,586,7,-97,7,97,FALSE,FALSE
468,26,580,575,502,580,575,502,580,575,502,-5,-78,5,78,FALSE,FALSE
468,27,505,495,420,505,495,420,505,495,420,-10,-85,10,85,FALSE,FALSE
468,28,416,428,347,416,428,347,416,428,347,12,-69,12,69,FALSE,FALSE
468,29,354,372,298,354,372,298,354,372,298,18,-56,18,56,FALSE,FALSE
468,30,287,313,257,287,313,257,287,313,257,26,-30,26,30,FALSE,FALSE
468,31,241,256,224,241,256,224,241,256,224,15,-17,15,17,FALSE,FALSE
468,32,207,205,191,207,205,191,207,205,191,-2,-16,2,16,FALSE,FALSE
468,33,189,168,170,189,168,170,189,168,170,-21,-19,21,19,FALSE,FALSE
468,34,164,146,144,164,146,144,164,146,144,-18,-20,18,20,FALSE,FALSE
468,35,137,117,118,137,117,118,137,117,118,-20,-19,20,19,FALSE,FALSE
468,36,119,100,96,119,100,96,119,100,96,-19,-23,19,23,FALSE,FALSE
468,37,104,81,84,104,81,84,104,81,84,-23,-20,23,20,FALSE,FALSE
468,38,83,62,75,83,62,75,83,62,75,-21,-8,21,8,FALSE,FALSE
468,39,74,53,61,74,53,61,74,53,61,-21,-13,21,13,FALSE,FALSE
468,40,63,42,53,63,42,53,63,42,53,-21,-10,21,10,FALSE,FALSE
468,41,54,31,44,54,31,44,54,31,44,-23,-10,23,10,FALSE,FALSE
468,42,49,29,35,49,29,35,49,29,35,-20,-14,20,14,FALSE,FALSE
468,43,47,25,31,47,25,31,47,25,31,-22,-16,22,16,FALSE,FALSE
468,44,36,21,27,36,21,27,36,21,27,-15,-9,15,9,FALSE,FALSE
468,45,31,20,26,31,20,26,31,20,26,-11,-5,11,5,FALSE,FALSE
468,46,28,17,18,28,17,18,28,17,18,-11,-10,11,10,FALSE,FALSE
468,47,25,14,16,25,14,16,25,14,16,-11,-9,11,9,FALSE,FALSE
468,48,19,14,15,19,14,15,19,14,15,-5,-4,5,4,FALSE,FALSE
468,49,15,12,12,15,12,12,15,12,12,-3,-3,3,3,FALSE,FALSE
468,50,14,12,11,14,12,11,14,12,11,-2,-3,2,3,FALSE,FALSE
468,51,13,11,13,13,11,13,13,11,13,-2,0,2,0,FALSE,TRUE
468,52,10,10,10,10,10,10,10,10,10,0,0,0,0,TRUE,TRUE
468,53,9,7,9,9,7,9,9,7,9,-2,0,2,0,FALSE,TRUE
468,54,5,7,8,5,7,8,5,7,8,2,3,2,3,FALSE,FALSE
468,55,4,5,7,4,5,7,4,5,7,1,3,1,3,FALSE,FALSE
468,56,3,3,7,3,3,7,3,3,7,0,4,0,4,TRUE,FALSE
468,57,3,3,6,3,3,6,3,3,6,0,3,0,3,TRUE,FALSE
468,58,3,3,4,3,3,4,3,3,4,0,1,0,1,TRUE,FALSE
468,59,3,3,3,3,3,3,3,3,3,0,0,0,0,TRUE,TRUE
468,60,3,2,3,3,2,3,3,2,3,-1,0,1,0,FALSE,TRUE
469,0,91,91,91,91,91,91,91,91,91,0,0,0,0,TRUE,TRUE
469,1,138,149,161,138,149,161,138,149,161,11,23,11,23,FALSE,FALSE
469,2,209,242,267,209,242,267,209,242,267,33,58,33,58,FALSE,FALSE
469,3,334,403,392,334,403,392,334,403,392,69,58,69,58,FALSE,FALSE
469,4,525,662,609,525,662,609,525,662,609,137,84,137,84,FALSE,FALSE
469,5,815,1030,926,815,1030,926,815,1030,926,215,111,215,111,FALSE,FALSE
469,6,1239,1473,1383,1239,1473,1383,1239,1473,1383,234,144,234,144,FALSE,FALSE
469,7,1752,2047,1890,1752,2047,1890,1752,2047,1890,295,138,295,138,FALSE,FALSE
469,8,2409,2654,2464,2409,2654,2464,2409,2654,2464,245,55,245,55,FALSE,FALSE
469,9,2989,3221,3016,2989,3221,3016,2989,3221,3016,232,27,232,27,FALSE,FALSE
469,10,3506,3717,3529,3506,3717,3529,3506,3717,3529,211,23,211,23,FALSE,FALSE
469,11,3797,3926,3826,3797,3926,3826,3797,3926,3826,129,29,129,29,FALSE,FALSE
469,12,3974,3930,3877,3974,3930,3877,3974,3930,3877,-44,-97,44,97,FALSE,FALSE
469,13,3844,3745,3749,3844,3745,3749,3844,3745,3749,-99,-95,99,95,FALSE,FALSE
469,14,3562,3488,3491,3562,3488,3491,3562,3488,3491,-74,-71,74,71,FALSE,FALSE
469,15,3262,3168,3185,3262,3168,3185,3262,3168,3185,-94,-77,94,77,FALSE,FALSE
469,16,2887,2801,2903,2887,2801,2903,2887,2801,2903,-86,16,86,16,FALSE,FALSE
469,17,2536,2451,2598,2536,2451,2598,2536,2451,2598,-85,62,85,62,FALSE,FALSE
469,18,2229,2123,2295,2229,2123,2295,2229,2123,2295,-106,66,106,66,FALSE,FALSE
469,19,1904,1817,1973,1904,1817,1973,1904,1817,1973,-87,69,87,69,FALSE,FALSE
469,20,1615,1551,1677,1615,1551,1677,1615,1551,1677,-64,62,64,62,FALSE,FALSE
469,21,1377,1344,1434,1377,1344,1434,1377,1344,1434,-33,57,33,57,FALSE,FALSE
469,22,1182,1156,1247,1182,1156,1247,1182,1156,1247,-26,65,26,65,FALSE,FALSE
469,23,1002,992,1055,1002,992,1055,1002,992,1055,-10,53,10,53,FALSE,FALSE
469,24,839,845,907,839,845,907,839,845,907,6,68,6,68,FALSE,FALSE
469,25,699,720,772,699,720,772,699,720,772,21,73,21,73,FALSE,FALSE
469,26,616,599,650,616,599,650,616,599,650,-17,34,17,34,FALSE,FALSE
469,27,526,490,542,526,490,542,526,490,542,-36,16,36,16,FALSE,FALSE
469,28,433,426,456,433,426,456,433,426,456,-7,23,7,23,FALSE,FALSE
469,29,354,373,389,354,373,389,354,373,389,19,35,19,35,FALSE,FALSE
469,30,294,310,339,294,310,339,294,310,339,16,45,16,45,FALSE,FALSE
469,31,249,258,281,249,258,281,249,258,281,9,32,9,32,FALSE,FALSE
469,32,218,225,241,218,225,241,218,225,241,7,23,7,23,FALSE,FALSE
469,33,193,197,206,193,197,206,193,197,206,4,13,4,13,FALSE,FALSE
469,34,166,152,177,166,152,177,166,152,177,-14,11,14,11,FALSE,FALSE
469,35,134,132,142,134,132,142,134,132,142,-2,8,2,8,FALSE,FALSE
469,36,117,116,125,117,116,125,117,116,125,-1,8,1,8,FALSE,FALSE
469,37,100,99,107,100,99,107,100,99,107,-1,7,1,7,FALSE,FALSE
469,38,85,75,91,85,75,91,85,75,91,-10,6,10,6,FALSE,FALSE
469,39,74,65,81,74,65,81,74,65,81,-9,7,9,7,FALSE,FALSE
469,40,70,56,67,70,56,67,70,56,67,-14,-3,14,3,FALSE,FALSE
469,41,58,46,53,58,46,53,58,46,53,-12,-5,12,5,FALSE,FALSE
469,42,45,42,45,45,42,45,45,42,45,-3,0,3,0,FALSE,TRUE
469,43,38,36,31,38,36,31,38,36,31,-2,-7,2,7,FALSE,FALSE
469,44,33,31,25,33,31,25,33,31,25,-2,-8,2,8,FALSE,FALSE
469,45,30,27,21,30,27,21,30,27,21,-3,-9,3,9,FALSE,FALSE
469,46,26,24,17,26,24,17,26,24,17,-2,-9,2,9,FALSE,FALSE
469,47,24,19,15,24,19,15,24,19,15,-5,-9,5,9,FALSE,FALSE
469,48,19,14,11,19,14,11,19,14,11,-5,-8,5,8,FALSE,FALSE
469,49,17,11,8,17,11,8,17,11,8,-6,-9,6,9,FALSE,FALSE
469,50,16,11,6,16,11,6,16,11,6,-5,-10,5,10,FALSE,FALSE
469,51,12,8,4,12,8,4,12,8,4,-4,-8,4,8,FALSE,FALSE
469,52,9,5,4,9,5,4,9,5,4,-4,-5,4,5,FALSE,FALSE
469,53,7,5,4,7,5,4,7,5,4,-2,-3,2,3,FALSE,FALSE
469,54,7,3,4,7,3,4,7,3,4,-4,-3,4,3,FALSE,FALSE
469,55,7,1,4,7,1,4,7,1,4,-6,-3,6,3,FALSE,FALSE
469,56,4,0,4,4,0,4,4,0,4,-4,0,4,0,FALSE,TRUE
469,57,4,0,4,4,0,4,4,0,4,-4,0,4,0,FALSE,TRUE
469,58,4,0,2,4,0,2,4,0,2,-4,-2,4,2,FALSE,FALSE
469,59,3,0,2,3,0,2,3,0,2,-3,-1,3,1,FALSE,FALSE
469,60,2,0,2,2,0,2,2,0,2,-2,0,2,0,FALSE,TRUE
470,0,146,146,146,146,146,146,146,146,146,0,0,0,0,TRUE,TRUE
470,1,208,194,212,208,194,212,208,194,212,-14,4,14,4,FALSE,FALSE
470,2,306,271,280,306,271,280,306,271,280,-35,-26,35,26,FALSE,FALSE
470,3,403,397,370,403,397,370,403,397,370,-6,-33,6,33,FALSE,FALSE
470,4,534,549,502,534,549,502,534,549,502,15,-32,15,32,FALSE,FALSE
470,5,726,732,659,726,732,659,726,732,659,6,-67,6,67,FALSE,FALSE
470,6,958,966,873,958,966,873,958,966,873,8,-85,8,85,FALSE,FALSE
470,7,1246,1269,1124,1246,1269,1124,1246,1269,1124,23,-122,23,122,FALSE,FALSE
470,8,1550,1623,1443,1550,1623,1443,1550,1623,1443,73,-107,73,107,FALSE,FALSE
470,9,1920,1969,1811,1920,1969,1811,1920,1969,1811,49,-109,49,109,FALSE,FALSE
470,10,2332,2328,2121,2332,2328,2121,2332,2328,2121,-4,-211,4,211,FALSE,FALSE
470,11,2608,2586,2347,2608,2586,2347,2608,2586,2347,-22,-261,22,261,FALSE,FALSE
470,12,2795,2726,2572,2795,2726,2572,2795,2726,2572,-69,-223,69,223,FALSE,FALSE
470,13,2899,2898,2730,2899,2898,2730,2899,2898,2730,-1,-169,1,169,FALSE,FALSE
470,14,2900,2920,2869,2900,2920,2869,2900,2920,2869,20,-31,20,31,FALSE,FALSE
470,15,2827,2876,2854,2827,2876,2854,2827,2876,2854,49,27,49,27,FALSE,FALSE
470,16,2668,2710,2806,2668,2710,2806,2668,2710,2806,42,138,42,138,FALSE,FALSE
470,17,2509,2522,2607,2509,2522,2607,2509,2522,2607,13,98,13,98,FALSE,FALSE
470,18,2224,2276,2383,2224,2276,2383,2224,2276,2383,52,159,52,159,FALSE,FALSE
470,19,1955,2013,2136,1955,2013,2136,1955,2013,2136,58,181,58,181,FALSE,FALSE
470,20,1743,1797,1940,1743,1797,1940,1743,1797,1940,54,197,54,197,FALSE,FALSE
470,21,1525,1571,1726,1525,1571,1726,1525,1571,1726,46,201,46,201,FALSE,FALSE
470,22,1339,1364,1477,1339,1364,1477,1339,1364,1477,25,138,25,138,FALSE,FALSE
470,23,1174,1213,1260,1174,1213,1260,1174,1213,1260,39,86,39,86,FALSE,FALSE
470,24,1029,1028,1102,1029,1028,1102,1029,1028,1102,-1,73,1,73,FALSE,FALSE
470,25,877,870,962,877,870,962,877,870,962,-7,85,7,85,FALSE,FALSE
470,26,761,747,820,761,747,820,761,747,820,-14,59,14,59,FALSE,FALSE
470,27,641,646,688,641,646,688,641,646,688,5,47,5,47,FALSE,FALSE
470,28,543,525,609,543,525,609,543,525,609,-18,66,18,66,FALSE,FALSE
470,29,468,450,505,468,450,505,468,450,505,-18,37,18,37,FALSE,FALSE
470,30,394,394,432,394,394,432,394,394,432,0,38,0,38,TRUE,FALSE
470,31,345,332,354,345,332,354,345,332,354,-13,9,13,9,FALSE,FALSE
470,32,279,294,311,279,294,311,279,294,311,15,32,15,32,FALSE,FALSE
470,33,230,255,282,230,255,282,230,255,282,25,52,25,52,FALSE,FALSE
470,34,201,205,235,201,205,235,201,205,235,4,34,4,34,FALSE,FALSE
470,35,170,173,200,170,173,200,170,173,200,3,30,3,30,FALSE,FALSE
470,36,139,150,165,139,150,165,139,150,165,11,26,11,26,FALSE,FALSE
470,37,115,119,143,115,119,143,115,119,143,4,28,4,28,FALSE,FALSE
470,38,95,112,112,95,112,112,95,112,112,17,17,17,17,FALSE,FALSE
470,39,85,98,94,85,98,94,85,98,94,13,9,13,9,FALSE,FALSE
470,40,73,91,81,73,91,81,73,91,81,18,8,18,8,FALSE,FALSE
470,41,63,78,69,63,78,69,63,78,69,15,6,15,6,FALSE,FALSE
470,42,54,65,59,54,65,59,54,65,59,11,5,11,5,FALSE,FALSE
470,43,44,53,48,44,53,48,44,53,48,9,4,9,4,FALSE,FALSE
470,44,29,47,36,29,47,36,29,47,36,18,7,18,7,FALSE,FALSE
470,45,23,41,31,23,41,31,23,41,31,18,8,18,8,FALSE,FALSE
470,46,21,31,27,21,31,27,21,31,27,10,6,10,6,FALSE,FALSE
470,47,18,25,24,18,25,24,18,25,24,7,6,7,6,FALSE,FALSE
470,48,14,23,21,14,23,21,14,23,21,9,7,9,7,FALSE,FALSE
470,49,14,20,14,14,20,14,14,20,14,6,0,6,0,FALSE,TRUE
470,50,10,16,12,10,16,12,10,16,12,6,2,6,2,FALSE,FALSE
470,51,10,12,10,10,12,10,10,12,10,2,0,2,0,FALSE,TRUE
470,52,7,10,9,7,10,9,7,10,9,3,2,3,2,FALSE,FALSE
470,53,7,10,7,7,10,7,7,10,7,3,0,3,0,FALSE,TRUE
470,54,6,9,8,6,9,8,6,9,8,3,2,3,2,FALSE,FALSE
470,55,5,10,8,5,10,8,5,10,8,5,3,5,3,FALSE,FALSE
470,56,4,6,9,4,6,9,4,6,9,2,5,2,5,FALSE,FALSE
470,57,2,4,8,2,4,8,2,4,8,2,6,2,6,FALSE,FALSE
470,58,2,2,6,2,2,6,2,2,6,0,4,0,4,TRUE,FALSE
470,59,2,2,5,2,2,5,2,2,5,0,3,0,3,TRUE,FALSE
470,60,2,2,3,2,2,3,2,2,3,0,1,0,1,TRUE,FALSE
471,0,141,141,141,141,141,141,141,141,141,0,0,0,0,TRUE,TRUE
471,1,213,220,207,213,220,207,213,220,207,7,-6,7,6,FALSE,FALSE
471,2,324,316,312,324,316,312,324,316,312,-8,-12,8,12,FALSE,FALSE
471,3,490,488,487,490,488,487,490,488,487,-2,-3,2,3,FALSE,FALSE
471,4,694,710,699,694,710,699,694,710,699,16,5,16,5,FALSE,FALSE
471,5,984,1015,978,984,1015,978,984,1015,978,31,-6,31,6,FALSE,FALSE
471,6,1340,1395,1384,1340,1395,1384,1340,1395,1384,55,44,55,44,FALSE,FALSE
471,7,1844,1876,1869,1844,1876,1869,1844,1876,1869,32,25,32,25,FALSE,FALSE
471,8,2345,2414,2351,2345,2414,2351,2345,2414,2351,69,6,69,6,FALSE,FALSE
471,9,2813,2856,2823,2813,2856,2823,2813,2856,2823,43,10,43,10,FALSE,FALSE
471,10,3170,3201,3224,3170,3201,3224,3170,3201,3224,31,54,31,54,FALSE,FALSE
471,11,3367,3450,3447,3367,3450,3447,3367,3450,3447,83,80,83,80,FALSE,FALSE
471,12,3438,3479,3508,3438,3479,3508,3438,3479,3508,41,70,41,70,FALSE,FALSE
471,13,3408,3364,3425,3408,3364,3425,3408,3364,3425,-44,17,44,17,FALSE,FALSE
471,14,3271,3146,3235,3271,3146,3235,3271,3146,3235,-125,-36,125,36,FALSE,FALSE
471,15,3023,2929,2906,3023,2929,2906,3023,2929,2906,-94,-117,94,117,FALSE,FALSE
471,16,2757,2648,2687,2757,2648,2687,2757,2648,2687,-109,-70,109,70,FALSE,FALSE
471,17,2472,2410,2431,2472,2410,2431,2472,2410,2431,-62,-41,62,41,FALSE,FALSE
471,18,2178,2155,2177,2178,2155,2177,2178,2155,2177,-23,-1,23,1,FALSE,FALSE
471,19,1884,1846,1881,1884,1846,1881,1884,1846,1881,-38,-3,38,3,FALSE,FALSE
471,20,1611,1607,1629,1611,1607,1629,1611,1607,1629,-4,18,4,18,FALSE,FALSE
471,21,1386,1414,1418,1386,1414,1418,1386,1414,1418,28,32,28,32,FALSE,FALSE
471,22,1190,1225,1218,1190,1225,1218,1190,1225,1218,35,28,35,28,FALSE,FALSE
471,23,1054,1068,1040,1054,1068,1040,1054,1068,1040,14,-14,14,14,FALSE,FALSE
471,24,895,926,891,895,926,891,895,926,891,31,-4,31,4,FALSE,FALSE
471,25,760,782,783,760,782,783,760,782,783,22,23,22,23,FALSE,FALSE
471,26,672,674,666,672,674,666,672,674,666,2,-6,2,6,FALSE,FALSE
471,27,580,554,560,580,554,560,580,554,560,-26,-20,26,20,FALSE,FALSE
471,28,500,482,484,500,482,484,500,482,484,-18,-16,18,16,FALSE,FALSE
471,29,416,419,414,416,419,414,416,419,414,3,-2,3,2,FALSE,FALSE
471,30,350,361,357,350,361,357,350,361,357,11,7,11,7,FALSE,FALSE
471,31,304,307,299,304,307,299,304,307,299,3,-5,3,5,FALSE,FALSE
471,32,267,251,250,267,251,250,267,251,250,-16,-17,16,17,FALSE,FALSE
471,33,226,223,208,226,223,208,226,223,208,-3,-18,3,18,FALSE,FALSE
471,34,190,177,188,190,177,188,190,177,188,-13,-2,13,2,FALSE,FALSE
471,35,160,145,156,160,145,156,160,145,156,-15,-4,15,4,FALSE,FALSE
471,36,130,127,132,130,127,132,130,127,132,-3,2,3,2,FALSE,FALSE
471,37,108,110,118,108,110,118,108,110,118,2,10,2,10,FALSE,FALSE
471,38,96,96,103,96,96,103,96,96,103,0,7,0,7,TRUE,FALSE
471,39,81,84,85,81,84,85,81,84,85,3,4,3,4,FALSE,FALSE
471,40,68,66,74,68,66,74,68,66,74,-2,6,2,6,FALSE,FALSE
471,41,59,60,63,59,60,63,59,60,63,1,4,1,4,FALSE,FALSE
471,42,55,47,53,55,47,53,55,47,53,-8,-2,8,2,FALSE,FALSE
471,43,51,37,44,51,37,44,51,37,44,-14,-7,14,7,FALSE,FALSE
471,44,43,29,37,43,29,37,43,29,37,-14,-6,14,6,FALSE,FALSE
471,45,39,23,34,39,23,34,39,23,34,-16,-5,16,5,FALSE,FALSE
471,46,34,17,27,34,17,27,34,17,27,-17,-7,17,7,FALSE,FALSE
471,47,31,15,22,31,15,22,31,15,22,-16,-9,16,9,FALSE,FALSE
471,48,25,13,16,25,13,16,25,13,16,-12,-9,12,9,FALSE,FALSE
471,49,24,12,14,24,12,14,24,12,14,-12,-10,12,10,FALSE,FALSE
471,50,22,10,12,22,10,12,22,10,12,-12,-10,12,10,FALSE,FALSE
471,51,20,8,9,20,8,9,20,8,9,-12,-11,12,11,FALSE,FALSE
471,52,17,6,9,17,6,9,17,6,9,-11,-8,11,8,FALSE,FALSE
471,53,11,4,8,11,4,8,11,4,8,-7,-3,7,3,FALSE,FALSE
471,54,9,3,8,9,3,8,9,3,8,-6,-1,6,1,FALSE,FALSE
471,55,5,2,5,5,2,5,5,2,5,-3,0,3,0,FALSE,TRUE
471,56,4,1,7,4,1,7,4,1,7,-3,3,3,3,FALSE,FALSE
471,57,4,0,6,4,0,6,4,0,6,-4,2,4,2,FALSE,FALSE
471,58,3,0,4,3,0,4,3,0,4,-3,1,3,1,FALSE,FALSE
471,59,2,0,4,2,0,4,2,0,4,-2,2,2,2,FALSE,FALSE
471,60,2,0,4,2,0,4,2,0,4,-2,2,2,2,FALSE,FALSE
472,0,154,154,154,154,154,154,154,154,154,0,0,0,0,TRUE,TRUE
472,1,165,185,180,165,185,180,165,185,180,20,15,20,15,FALSE,FALSE
472,2,190,228,216,190,228,216,190,228,216,38,26,38,26,FALSE,FALSE
472,3,224,261,260,224,261,260,224,261,260,37,36,37,36,FALSE,FALSE
472,4,260,307,299,260,307,299,260,307,299,47,39,47,39,FALSE,FALSE
472,5,274,371,353,274,371,353,274,371,353,97,79,97,79,FALSE,FALSE
472,6,287,421,409,287,421,409,287,421,409,134,122,134,122,FALSE,FALSE
472,7,347,484,487,347,484,487,347,484,487,137,140,137,140,FALSE,FALSE
472,8,389,531,570,389,531,570,389,531,570,142,181,142,181,FALSE,FALSE
472,9,451,583,641,451,583,641,451,583,641,132,190,132,190,FALSE,FALSE
472,10,500,675,745,500,675,745,500,675,745,175,245,175,245,FALSE,FALSE
472,11,548,715,820,548,715,820,548,715,820,167,272,167,272,FALSE,FALSE
472,12,626,758,933,626,758,933,626,758,933,132,307,132,307,FALSE,FALSE
472,13,682,851,1008,682,851,1008,682,851,1008,169,326,169,326,FALSE,FALSE
472,14,761,943,1120,761,943,1120,761,943,1120,182,359,182,359,FALSE,FALSE
472,15,812,1026,1240,812,1026,1240,812,1026,1240,214,428,214,428,FALSE,FALSE
472,16,912,1088,1330,912,1088,1330,912,1088,1330,176,418,176,418,FALSE,FALSE
472,17,950,1161,1448,950,1161,1448,950,1161,1448,211,498,211,498,FALSE,FALSE
472,18,1020,1213,1501,1020,1213,1501,1020,1213,1501,193,481,193,481,FALSE,FALSE
472,19,1059,1283,1530,1059,1283,1530,1059,1283,1530,224,471,224,471,FALSE,FALSE
472,20,1110,1329,1565,1110,1329,1565,1110,1329,1565,219,455,219,455,FALSE,FALSE
472,21,1152,1349,1592,1152,1349,1592,1152,1349,1592,197,440,197,440,FALSE,FALSE
472,22,1167,1405,1610,1167,1405,1610,1167,1405,1610,238,443,238,443,FALSE,FALSE
472,23,1184,1402,1591,1184,1402,1591,1184,1402,1591,218,407,218,407,FALSE,FALSE
472,24,1212,1398,1514,1212,1398,1514,1212,1398,1514,186,302,186,302,FALSE,FALSE
472,25,1253,1414,1492,1253,1414,1492,1253,1414,1492,161,239,161,239,FALSE,FALSE
472,26,1316,1362,1449,1316,1362,1449,1316,1362,1449,46,133,46,133,FALSE,FALSE
472,27,1320,1312,1394,1320,1312,1394,1320,1312,1394,-8,74,8,74,FALSE,FALSE
472,28,1286,1273,1325,1286,1273,1325,1286,1273,1325,-13,39,13,39,FALSE,FALSE
472,29,1246,1239,1264,1246,1239,1264,1246,1239,1264,-7,18,7,18,FALSE,FALSE
472,30,1198,1168,1176,1198,1168,1176,1198,1168,1176,-30,-22,30,22,FALSE,FALSE
472,31,1160,1126,1074,1160,1126,1074,1160,1126,1074,-34,-86,34,86,FALSE,FALSE
472,32,1101,1064,1011,1101,1064,1011,1101,1064,1011,-37,-90,37,90,FALSE,FALSE
472,33,1059,1043,944,1059,1043,944,1059,1043,944,-16,-115,16,115,FALSE,FALSE
472,34,1028,974,900,1028,974,900,1028,974,900,-54,-128,54,128,FALSE,FALSE
472,35,983,913,827,983,913,827,983,913,827,-70,-156,70,156,FALSE,FALSE
472,36,930,867,780,930,867,780,930,867,780,-63,-150,63,150,FALSE,FALSE
472,37,902,787,717,902,787,717,902,787,717,-115,-185,115,185,FALSE,FALSE
472,38,828,721,653,828,721,653,828,721,653,-107,-175,107,175,FALSE,FALSE
472,39,775,660,598,775,660,598,775,660,598,-115,-177,115,177,FALSE,FALSE
472,40,726,613,575,726,613,575,726,613,575,-113,-151,113,151,FALSE,FALSE
472,41,668,551,527,668,551,527,668,551,527,-117,-141,117,141,FALSE,FALSE
472,42,613,513,491,613,513,491,613,513,491,-100,-122,100,122,FALSE,FALSE
472,43,576,473,455,576,473,455,576,473,455,-103,-121,103,121,FALSE,FALSE
472,44,543,441,411,543,441,411,543,441,411,-102,-132,102,132,FALSE,FALSE
472,45,507,401,368,507,401,368,507,401,368,-106,-139,106,139,FALSE,FALSE
472,46,474,368,334,474,368,334,474,368,334,-106,-140,106,140,FALSE,FALSE
472,47,454,357,312,454,357,312,454,357,312,-97,-142,97,142,FALSE,FALSE
472,48,433,324,309,433,324,309,433,324,309,-109,-124,109,124,FALSE,FALSE
472,49,404,292,281,404,292,281,404,292,281,-112,-123,112,123,FALSE,FALSE
472,50,364,254,268,364,254,268,364,254,268,-110,-96,110,96,FALSE,FALSE
472,51,324,229,245,324,229,245,324,229,245,-95,-79,95,79,FALSE,FALSE
472,52,298,212,220,298,212,220,298,212,220,-86,-78,86,78,FALSE,FALSE
472,53,263,194,200,263,194,200,263,194,200,-69,-63,69,63,FALSE,FALSE
472,54,227,174,178,227,174,178,227,174,178,-53,-49,53,49,FALSE,FALSE
472,55,203,158,168,203,158,168,203,158,168,-45,-35,45,35,FALSE,FALSE
472,56,180,138,149,180,138,149,180,138,149,-42,-31,42,31,FALSE,FALSE
472,57,156,108,130,156,108,130,156,108,130,-48,-26,48,26,FALSE,FALSE
472,58,142,100,118,142,100,118,142,100,118,-42,-24,42,24,FALSE,FALSE
472,59,126,95,108,126,95,108,126,95,108,-31,-18,31,18,FALSE,FALSE
472,60,116,85,98,116,85,98,116,85,98,-31,-18,31,18,FALSE,FALSE
473,0,144,144,144,144,144,144,144,144,144,0,0,0,0,TRUE,TRUE
473,1,175,187,169,175,187,169,175,187,169,12,-6,12,6,FALSE,FALSE
473,2,214,246,213,214,246,213,214,246,213,32,-1,32,1,FALSE,FALSE
473,3,288,288,279,288,288,279,288,288,279,0,-9,0,9,TRUE,FALSE
473,4,347,372,368,347,372,368,347,372,368,25,21,25,21,FALSE,FALSE
473,5,438,487,483,438,487,483,438,487,483,49,45,49,45,FALSE,FALSE
473,6,577,630,576,577,630,576,577,630,576,53,-1,53,1,FALSE,FALSE
473,7,727,795,762,727,795,762,727,795,762,68,35,68,35,FALSE,FALSE
473,8,918,989,941,918,989,941,918,989,941,71,23,71,23,FALSE,FALSE
473,9,1154,1189,1147,1154,1189,1147,1154,1189,1147,35,-7,35,7,FALSE,FALSE
473,10,1313,1389,1371,1313,1389,1371,1313,1389,1371,76,58,76,58,FALSE,FALSE
473,11,1516,1532,1553,1516,1532,1553,1516,1532,1553,16,37,16,37,FALSE,FALSE
473,12,1676,1705,1757,1676,1705,1757,1676,1705,1757,29,81,29,81,FALSE,FALSE
473,13,1816,1830,1854,1816,1830,1854,1816,1830,1854,14,38,14,38,FALSE,FALSE
473,14,1920,1862,1892,1920,1862,1892,1920,1862,1892,-58,-28,58,28,FALSE,FALSE
473,15,1933,1861,1896,1933,1861,1896,1933,1861,1896,-72,-37,72,37,FALSE,FALSE
473,16,1898,1793,1846,1898,1793,1846,1898,1793,1846,-105,-52,105,52,FALSE,FALSE
473,17,1771,1666,1774,1771,1666,1774,1771,1666,1774,-105,3,105,3,FALSE,FALSE
473,18,1642,1500,1691,1642,1500,1691,1642,1500,1691,-142,49,142,49,FALSE,FALSE
473,19,1468,1371,1527,1468,1371,1527,1468,1371,1527,-97,59,97,59,FALSE,FALSE
473,20,1318,1232,1371,1318,1232,1371,1318,1232,1371,-86,53,86,53,FALSE,FALSE
473,21,1156,1099,1205,1156,1099,1205,1156,1099,1205,-57,49,57,49,FALSE,FALSE
473,22,992,989,1019,992,989,1019,992,989,1019,-3,27,3,27,FALSE,FALSE
473,23,858,899,874,858,899,874,858,899,874,41,16,41,16,FALSE,FALSE
473,24,732,773,770,732,773,770,732,773,770,41,38,41,38,FALSE,FALSE
473,25,604,670,642,604,670,642,604,670,642,66,38,66,38,FALSE,FALSE
473,26,522,578,560,522,578,560,522,578,560,56,38,56,38,FALSE,FALSE
473,27,451,490,469,451,490,469,451,490,469,39,18,39,18,FALSE,FALSE
473,28,382,412,409,382,412,409,382,412,409,30,27,30,27,FALSE,FALSE
473,29,305,346,347,305,346,347,305,346,347,41,42,41,42,FALSE,FALSE
473,30,245,289,289,245,289,289,245,289,289,44,44,44,44,FALSE,FALSE
473,31,218,233,252,218,233,252,218,233,252,15,34,15,34,FALSE,FALSE
473,32,181,204,211,181,204,211,181,204,211,23,30,23,30,FALSE,FALSE
473,33,155,167,182,155,167,182,155,167,182,12,27,12,27,FALSE,FALSE
473,34,133,140,146,133,140,146,133,140,146,7,13,7,13,FALSE,FALSE
473,35,106,131,124,106,131,124,106,131,124,25,18,25,18,FALSE,FALSE
473,36,101,96,106,101,96,106,101,96,106,-5,5,5,5,FALSE,FALSE
473,37,80,75,92,80,75,92,80,75,92,-5,12,5,12,FALSE,FALSE
473,38,64,69,78,64,69,78,64,69,78,5,14,5,14,FALSE,FALSE
473,39,55,58,63,55,58,63,55,58,63,3,8,3,8,FALSE,FALSE
473,40,46,54,61,46,54,61,46,54,61,8,15,8,15,FALSE,FALSE
473,41,39,49,47,39,49,47,39,49,47,10,8,10,8,FALSE,FALSE
473,42,33,41,34,33,41,34,33,41,34,8,1,8,1,FALSE,FALSE
473,43,33,37,27,33,37,27,33,37,27,4,-6,4,6,FALSE,FALSE
473,44,26,33,20,26,33,20,26,33,20,7,-6,7,6,FALSE,FALSE
473,45,24,29,20,24,29,20,24,29,20,5,-4,5,4,FALSE,FALSE
473,46,16,21,19,16,21,19,16,21,19,5,3,5,3,FALSE,FALSE
473,47,14,18,19,14,18,19,14,18,19,4,5,4,5,FALSE,FALSE
473,48,11,15,12,11,15,12,11,15,12,4,1,4,1,FALSE,FALSE
473,49,5,13,12,5,13,12,5,13,12,8,7,8,7,FALSE,FALSE
473,50,4,10,11,4,10,11,4,10,11,6,7,6,7,FALSE,FALSE
473,51,5,9,9,5,9,9,5,9,9,4,4,4,4,FALSE,FALSE
473,52,3,6,8,3,6,8,3,6,8,3,5,3,5,FALSE,FALSE
473,53,3,4,5,3,4,5,3,4,5,1,2,1,2,FALSE,FALSE
473,54,3,3,4,3,3,4,3,3,4,0,1,0,1,TRUE,FALSE
473,55,3,3,1,3,3,1,3,3,1,0,-2,0,2,TRUE,FALSE
473,56,2,3,1,2,3,1,2,3,1,1,-1,1,1,FALSE,FALSE
473,57,1,3,0,1,3,0,1,3,0,2,-1,2,1,FALSE,FALSE
473,58,1,2,0,1,2,0,1,2,0,1,-1,1,1,FALSE,FALSE
473,59,1,2,0,1,2,0,1,2,0,1,-1,1,1,FALSE,FALSE
473,60,1,3,0,1,3,0,1,3,0,2,-1,2,1,FALSE,FALSE
474,0,93,93,93,93,93,93,93,93,93,0,0,0,0,TRUE,TRUE
474,1,103,122,112,103,122,112,103,122,112,19,9,19,9,FALSE,FALSE
474,2,122,137,147,122,137,147,122,137,147,15,25,15,25,FALSE,FALSE
474,3,140,155,176,140,155,176,140,155,176,15,36,15,36,FALSE,FALSE
474,4,149,187,189,149,187,189,149,187,189,38,40,38,40,FALSE,FALSE
474,5,170,207,214,170,207,214,170,207,214,37,44,37,44,FALSE,FALSE
474,6,202,223,231,202,223,231,202,223,231,21,29,21,29,FALSE,FALSE
474,7,237,262,266,237,262,266,237,262,266,25,29,25,29,FALSE,FALSE
474,8,270,321,313,270,321,313,270,321,313,51,43,51,43,FALSE,FALSE
474,9,304,352,355,304,352,355,304,352,355,48,51,48,51,FALSE,FALSE
474,10,351,394,411,351,394,411,351,394,411,43,60,43,60,FALSE,FALSE
474,11,386,452,464,386,452,464,386,452,464,66,78,66,78,FALSE,FALSE
474,12,430,517,529,430,517,529,430,517,529,87,99,87,99,FALSE,FALSE
474,13,474,574,594,474,574,594,474,574,594,100,120,100,120,FALSE,FALSE
474,14,520,662,676,520,662,676,520,662,676,142,156,142,156,FALSE,FALSE
474,15,588,735,748,588,735,748,588,735,748,147,160,147,160,FALSE,FALSE
474,16,659,830,836,659,830,836,659,830,836,171,177,171,177,FALSE,FALSE
474,17,729,921,927,729,921,927,729,921,927,192,198,192,198,FALSE,FALSE
474,18,796,1045,1024,796,1045,1024,796,1045,1024,249,228,249,228,FALSE,FALSE
474,19,897,1147,1122,897,1147,1122,897,1147,1122,250,225,250,225,FALSE,FALSE
474,20,1008,1250,1227,1008,1250,1227,1008,1250,1227,242,219,242,219,FALSE,FALSE
474,21,1095,1348,1299,1095,1348,1299,1095,1348,1299,253,204,253,204,FALSE,FALSE
474,22,1190,1430,1423,1190,1430,1423,1190,1430,1423,240,233,240,233,FALSE,FALSE
474,23,1302,1517,1505,1302,1517,1505,1302,1517,1505,215,203,215,203,FALSE,FALSE
474,24,1386,1582,1633,1386,1582,1633,1386,1582,1633,196,247,196,247,FALSE,FALSE
474,25,1483,1673,1732,1483,1673,1732,1483,1673,1732,190,249,190,249,FALSE,FALSE
474,26,1565,1724,1795,1565,1724,1795,1565,1724,1795,159,230,159,230,FALSE,FALSE
474,27,1638,1774,1855,1638,1774,1855,1638,1774,1855,136,217,136,217,FALSE,FALSE
474,28,1721,1830,1907,1721,1830,1907,1721,1830,1907,109,186,109,186,FALSE,FALSE
474,29,1774,1905,1927,1774,1905,1927,1774,1905,1927,131,153,131,153,FALSE,FALSE
474,30,1829,1923,1991,1829,1923,1991,1829,1923,1991,94,162,94,162,FALSE,FALSE
474,31,1828,1947,2023,1828,1947,2023,1828,1947,2023,119,195,119,195,FALSE,FALSE
474,32,1848,1950,2066,1848,1950,2066,1848,1950,2066,102,218,102,218,FALSE,FALSE
474,33,1874,1978,2060,1874,1978,2060,1874,1978,2060,104,186,104,186,FALSE,FALSE
474,34,1860,1967,2045,1860,1967,2045,1860,1967,2045,107,185,107,185,FALSE,FALSE
474,35,1823,1915,2025,1823,1915,2025,1823,1915,2025,92,202,92,202,FALSE,FALSE
474,36,1825,1880,1975,1825,1880,1975,1825,1880,1975,55,150,55,150,FALSE,FALSE
474,37,1800,1822,1945,1800,1822,1945,1800,1822,1945,22,145,22,145,FALSE,FALSE
474,38,1803,1774,1917,1803,1774,1917,1803,1774,1917,-29,114,29,114,FALSE,FALSE
474,39,1780,1736,1842,1780,1736,1842,1780,1736,1842,-44,62,44,62,FALSE,FALSE
474,40,1774,1686,1800,1774,1686,1800,1774,1686,1800,-88,26,88,26,FALSE,FALSE
474,41,1732,1647,1721,1732,1647,1721,1732,1647,1721,-85,-11,85,11,FALSE,FALSE
474,42,1675,1573,1665,1675,1573,1665,1675,1573,1665,-102,-10,102,10,FALSE,FALSE
474,43,1628,1505,1608,1628,1505,1608,1628,1505,1608,-123,-20,123,20,FALSE,FALSE
474,44,1548,1448,1546,1548,1448,1546,1548,1448,1546,-100,-2,100,2,FALSE,FALSE
474,45,1497,1401,1475,1497,1401,1475,1497,1401,1475,-96,-22,96,22,FALSE,FALSE
474,46,1457,1337,1384,1457,1337,1384,1457,1337,1384,-120,-73,120,73,FALSE,FALSE
474,47,1414,1271,1305,1414,1271,1305,1414,1271,1305,-143,-109,143,109,FALSE,FALSE
474,48,1354,1197,1246,1354,1197,1246,1354,1197,1246,-157,-108,157,108,FALSE,FALSE
474,49,1319,1130,1206,1319,1130,1206,1319,1130,1206,-189,-113,189,113,FALSE,FALSE
474,50,1291,1047,1143,1291,1047,1143,1291,1047,1143,-244,-148,244,148,FALSE,FALSE
474,51,1213,981,1089,1213,981,1089,1213,981,1089,-232,-124,232,124,FALSE,FALSE
474,52,1161,921,1037,1161,921,1037,1161,921,1037,-240,-124,240,124,FALSE,FALSE
474,53,1117,868,994,1117,868,994,1117,868,994,-249,-123,249,123,FALSE,FALSE
474,54,1063,824,930,1063,824,930,1063,824,930,-239,-133,239,133,FALSE,FALSE
474,55,1002,783,875,1002,783,875,1002,783,875,-219,-127,219,127,FALSE,FALSE
474,56,962,720,819,962,720,819,962,720,819,-242,-143,242,143,FALSE,FALSE
474,57,932,685,765,932,685,765,932,685,765,-247,-167,247,167,FALSE,FALSE
474,58,890,640,722,890,640,722,890,640,722,-250,-168,250,168,FALSE,FALSE
474,59,842,603,675,842,603,675,842,603,675,-239,-167,239,167,FALSE,FALSE
474,60,787,562,639,787,562,639,787,562,639,-225,-148,225,148,FALSE,FALSE
475,0,70,70,70,70,70,70,70,70,70,0,0,0,0,TRUE,TRUE
475,1,97,84,86,97,84,86,97,84,86,-13,-11,13,11,FALSE,FALSE
475,2,120,109,102,120,109,102,120,109,102,-11,-18,11,18,FALSE,FALSE
475,3,148,142,123,148,142,123,148,142,123,-6,-25,6,25,FALSE,FALSE
475,4,184,165,147,184,165,147,184,165,147,-19,-37,19,37,FALSE,FALSE
475,5,223,213,191,223,213,191,223,213,191,-10,-32,10,32,FALSE,FALSE
475,6,287,267,244,287,267,244,287,267,244,-20,-43,20,43,FALSE,FALSE
475,7,358,334,319,358,334,319,358,334,319,-24,-39,24,39,FALSE,FALSE
475,8,454,433,417,454,433,417,454,433,417,-21,-37,21,37,FALSE,FALSE
475,9,558,529,508,558,529,508,558,529,508,-29,-50,29,50,FALSE,FALSE
475,10,676,641,604,676,641,604,676,641,604,-35,-72,35,72,FALSE,FALSE
475,11,804,771,719,804,771,719,804,771,719,-33,-85,33,85,FALSE,FALSE
475,12,985,919,868,985,919,868,985,919,868,-66,-117,66,117,FALSE,FALSE
475,13,1176,1074,1010,1176,1074,1010,1176,1074,1010,-102,-166,102,166,FALSE,FALSE
475,14,1366,1253,1164,1366,1253,1164,1366,1253,1164,-113,-202,113,202,FALSE,FALSE
475,15,1563,1402,1322,1563,1402,1322,1563,1402,1322,-161,-241,161,241,FALSE,FALSE
475,16,1724,1601,1495,1724,1601,1495,1724,1601,1495,-123,-229,123,229,FALSE,FALSE
475,17,1883,1755,1675,1883,1755,1675,1883,1755,1675,-128,-208,128,208,FALSE,FALSE
475,18,2023,1912,1814,2023,1912,1814,2023,1912,1814,-111,-209,111,209,FALSE,FALSE
475,19,2116,2035,1931,2116,2035,1931,2116,2035,1931,-81,-185,81,185,FALSE,FALSE
475,20,2195,2159,2044,2195,2159,2044,2195,2159,2044,-36,-151,36,151,FALSE,FALSE
475,21,2226,2229,2144,2226,2229,2144,2226,2229,2144,3,-82,3,82,FALSE,FALSE
475,22,2235,2281,2179,2235,2281,2179,2235,2281,2179,46,-56,46,56,FALSE,FALSE
475,23,2238,2252,2166,2238,2252,2166,2238,2252,2166,14,-72,14,72,FALSE,FALSE
475,24,2147,2247,2110,2147,2247,2110,2147,2247,2110,100,-37,100,37,FALSE,FALSE
475,25,2073,2168,2054,2073,2168,2054,2073,2168,2054,95,-19,95,19,FALSE,FALSE
475,26,1980,2058,2011,1980,2058,2011,1980,2058,2011,78,31,78,31,FALSE,FALSE
475,27,1864,1955,1971,1864,1955,1971,1864,1955,1971,91,107,91,107,FALSE,FALSE
475,28,1720,1849,1872,1720,1849,1872,1720,1849,1872,129,152,129,152,FALSE,FALSE
475,29,1624,1710,1765,1624,1710,1765,1624,1710,1765,86,141,86,141,FALSE,FALSE
475,30,1505,1588,1668,1505,1588,1668,1505,1588,1668,83,163,83,163,FALSE,FALSE
475,31,1408,1487,1558,1408,1487,1558,1408,1487,1558,79,150,79,150,FALSE,FALSE
475,32,1309,1367,1428,1309,1367,1428,1309,1367,1428,58,119,58,119,FALSE,FALSE
475,33,1199,1274,1303,1199,1274,1303,1199,1274,1303,75,104,75,104,FALSE,FALSE
475,34,1102,1133,1195,1102,1133,1195,1102,1133,1195,31,93,31,93,FALSE,FALSE
475,35,1002,1021,1087,1002,1021,1087,1002,1021,1087,19,85,19,85,FALSE,FALSE
475,36,892,927,999,892,927,999,892,927,999,35,107,35,107,FALSE,FALSE
475,37,797,838,899,797,838,899,797,838,899,41,102,41,102,FALSE,FALSE
475,38,709,780,808,709,780,808,709,780,808,71,99,71,99,FALSE,FALSE
475,39,640,719,740,640,719,740,640,719,740,79,100,79,100,FALSE,FALSE
475,40,568,655,662,568,655,662,568,655,662,87,94,87,94,FALSE,FALSE
475,41,517,593,608,517,593,608,517,593,608,76,91,76,91,FALSE,FALSE
475,42,473,515,554,473,515,554,473,515,554,42,81,42,81,FALSE,FALSE
475,43,435,466,490,435,466,490,435,466,490,31,55,31,55,FALSE,FALSE
475,44,371,415,447,371,415,447,371,415,447,44,76,44,76,FALSE,FALSE
475,45,342,374,399,342,374,399,342,374,399,32,57,32,57,FALSE,FALSE
475,46,316,338,356,316,338,356,316,338,356,22,40,22,40,FALSE,FALSE
475,47,289,298,322,289,298,322,289,298,322,9,33,9,33,FALSE,FALSE
475,48,258,270,291,258,270,291,258,270,291,12,33,12,33,FALSE,FALSE
475,49,238,236,258,238,236,258,238,236,258,-2,20,2,20,FALSE,FALSE
475,50,207,207,229,207,207,229,207,207,229,0,22,0,22,TRUE,FALSE
475,51,184,193,203,184,193,203,184,193,203,9,19,9,19,FALSE,FALSE
475,52,166,169,180,166,169,180,166,169,180,3,14,3,14,FALSE,FALSE
475,53,149,155,149,149,155,149,149,155,149,6,0,6,0,FALSE,TRUE
475,54,131,135,132,131,135,132,131,135,132,4,1,4,1,FALSE,FALSE
475,55,114,130,120,114,130,120,114,130,120,16,6,16,6,FALSE,FALSE
475,56,107,112,100,107,112,100,107,112,100,5,-7,5,7,FALSE,FALSE
475,57,88,103,89,88,103,89,88,103,89,15,1,15,1,FALSE,FALSE
475,58,73,91,73,73,91,73,73,91,73,18,0,18,0,FALSE,TRUE
475,59,60,80,58,60,80,58,60,80,58,20,-2,20,2,FALSE,FALSE
475,60,57,69,50,57,69,50,57,69,50,12,-7,12,7,FALSE,FALSE
476,0,134,134,134,134,134,134,134,134,134,0,0,0,0,TRUE,TRUE
476,1,145,155,158,145,155,158,145,155,158,10,13,10,13,FALSE,FALSE
476,2,168,180,191,168,180,191,168,180,191,12,23,12,23,FALSE,FALSE
476,3,203,209,228,203,209,228,203,209,228,6,25,6,25,FALSE,FALSE
476,4,239,256,262,239,256,262,239,256,262,17,23,17,23,FALSE,FALSE
476,5,276,292,318,276,292,318,276,292,318,16,42,16,42,FALSE,FALSE
476,6,328,351,372,328,351,372,328,351,372,23,44,23,44,FALSE,FALSE
476,7,382,421,437,382,421,437,382,421,437,39,55,39,55,FALSE,FALSE
476,8,426,478,523,426,478,523,426,478,523,52,97,52,97,FALSE,FALSE
476,9,488,531,617,488,531,617,488,531,617,43,129,43,129,FALSE,FALSE
476,10,556,597,702,556,597,702,556,597,702,41,146,41,146,FALSE,FALSE
476,11,639,665,781,639,665,781,639,665,781,26,142,26,142,FALSE,FALSE
476,12,722,755,914,722,755,914,722,755,914,33,192,33,192,FALSE,FALSE
476,13,830,841,1055,830,841,1055,830,841,1055,11,225,11,225,FALSE,FALSE
476,14,923,930,1188,923,930,1188,923,930,1188,7,265,7,265,FALSE,FALSE
476,15,1023,1031,1313,1023,1031,1313,1023,1031,1313,8,290,8,290,FALSE,FALSE
476,16,1115,1130,1407,1115,1130,1407,1115,1130,1407,15,292,15,292,FALSE,FALSE
476,17,1232,1245,1431,1232,1245,1431,1232,1245,1431,13,199,13,199,FALSE,FALSE
476,18,1307,1367,1504,1307,1367,1504,1307,1367,1504,60,197,60,197,FALSE,FALSE
476,19,1376,1442,1586,1376,1442,1586,1376,1442,1586,66,210,66,210,FALSE,FALSE
476,20,1447,1546,1630,1447,1546,1630,1447,1546,1630,99,183,99,183,FALSE,FALSE
476,21,1488,1588,1638,1488,1588,1638,1488,1588,1638,100,150,100,150,FALSE,FALSE
476,22,1558,1626,1621,1558,1626,1621,1558,1626,1621,68,63,68,63,FALSE,FALSE
476,23,1565,1609,1587,1565,1609,1587,1565,1609,1587,44,22,44,22,FALSE,FALSE
476,24,1557,1570,1549,1557,1570,1549,1557,1570,1549,13,-8,13,8,FALSE,FALSE
476,25,1542,1557,1510,1542,1557,1510,1542,1557,1510,15,-32,15,32,FALSE,FALSE
476,26,1469,1513,1447,1469,1513,1447,1469,1513,1447,44,-22,44,22,FALSE,FALSE
476,27,1428,1486,1401,1428,1486,1401,1428,1486,1401,58,-27,58,27,FALSE,FALSE
476,28,1383,1417,1296,1383,1417,1296,1383,1417,1296,34,-87,34,87,FALSE,FALSE
476,29,1288,1381,1244,1288,1381,1244,1288,1381,1244,93,-44,93,44,FALSE,FALSE
476,30,1222,1341,1150,1222,1341,1150,1222,1341,1150,119,-72,119,72,FALSE,FALSE
476,31,1172,1267,1086,1172,1267,1086,1172,1267,1086,95,-86,95,86,FALSE,FALSE
476,32,1087,1208,1008,1087,1208,1008,1087,1208,1008,121,-79,121,79,FALSE,FALSE
476,33,999,1109,950,999,1109,950,999,1109,950,110,-49,110,49,FALSE,FALSE
476,34,932,1038,871,932,1038,871,932,1038,871,106,-61,106,61,FALSE,FALSE
476,35,847,960,787,847,960,787,847,960,787,113,-60,113,60,FALSE,FALSE
476,36,775,886,726,775,886,726,775,886,726,111,-49,111,49,FALSE,FALSE
476,37,709,802,661,709,802,661,709,802,661,93,-48,93,48,FALSE,FALSE
476,38,665,758,618,665,758,618,665,758,618,93,-47,93,47,FALSE,FALSE
476,39,609,684,572,609,684,572,609,684,572,75,-37,75,37,FALSE,FALSE
476,40,563,644,529,563,644,529,563,644,529,81,-34,81,34,FALSE,FALSE
476,41,520,583,490,520,583,490,520,583,490,63,-30,63,30,FALSE,FALSE
476,42,482,528,455,482,528,455,482,528,455,46,-27,46,27,FALSE,FALSE
476,43,432,473,403,432,473,403,432,473,403,41,-29,41,29,FALSE,FALSE
476,44,372,414,362,372,414,362,372,414,362,42,-10,42,10,FALSE,FALSE
476,45,333,368,332,333,368,332,333,368,332,35,-1,35,1,FALSE,FALSE
476,46,302,332,306,302,332,306,302,332,306,30,4,30,4,FALSE,FALSE
476,47,262,300,265,262,300,265,262,300,265,38,3,38,3,FALSE,FALSE
476,48,234,275,239,234,275,239,234,275,239,41,5,41,5,FALSE,FALSE
476,49,211,252,207,211,252,207,211,252,207,41,-4,41,4,FALSE,FALSE
476,50,203,231,187,203,231,187,203,231,187,28,-16,28,16,FALSE,FALSE
476,51,174,224,176,174,224,176,174,224,176,50,2,50,2,FALSE,FALSE
476,52,159,209,166,159,209,166,159,209,166,50,7,50,7,FALSE,FALSE
476,53,145,184,154,145,184,154,145,184,154,39,9,39,9,FALSE,FALSE
476,54,121,163,135,121,163,135,121,163,135,42,14,42,14,FALSE,FALSE
476,55,105,151,126,105,151,126,105,151,126,46,21,46,21,FALSE,FALSE
476,56,89,129,118,89,129,118,89,129,118,40,29,40,29,FALSE,FALSE
476,57,81,117,108,81,117,108,81,117,108,36,27,36,27,FALSE,FALSE
476,58,67,101,88,67,101,88,67,101,88,34,21,34,21,FALSE,FALSE
476,59,57,84,84,57,84,84,57,84,84,27,27,27,27,FALSE,FALSE
476,60,54,79,77,54,79,77,54,79,77,25,23,25,23,FALSE,FALSE
477,0,90,90,90,90,90,90,90,90,90,0,0,0,0,TRUE,TRUE
477,1,110,112,111,110,112,111,110,112,111,2,1,2,1,FALSE,FALSE
477,2,126,138,130,126,138,130,126,138,130,12,4,12,4,FALSE,FALSE
477,3,161,172,159,161,172,159,161,172,159,11,-2,11,2,FALSE,FALSE
477,4,186,202,194,186,202,194,186,202,194,16,8,16,8,FALSE,FALSE
477,5,228,248,235,228,248,235,228,248,235,20,7,20,7,FALSE,FALSE
477,6,257,293,292,257,293,292,257,293,292,36,35,36,35,FALSE,FALSE
477,7,302,348,356,302,348,356,302,348,356,46,54,46,54,FALSE,FALSE
477,8,383,415,413,383,415,413,383,415,413,32,30,32,30,FALSE,FALSE
477,9,452,513,498,452,513,498,452,513,498,61,46,61,46,FALSE,FALSE
477,10,544,606,599,544,606,599,544,606,599,62,55,62,55,FALSE,FALSE
477,11,648,721,703,648,721,703,648,721,703,73,55,73,55,FALSE,FALSE
477,12,767,860,833,767,860,833,767,860,833,93,66,93,66,FALSE,FALSE
477,13,879,991,939,879,991,939,879,991,939,112,60,112,60,FALSE,FALSE
477,14,1003,1127,1050,1003,1127,1050,1003,1127,1050,124,47,124,47,FALSE,FALSE
477,15,1133,1297,1188,1133,1297,1188,1133,1297,1188,164,55,164,55,FALSE,FALSE
477,16,1249,1466,1334,1249,1466,1334,1249,1466,1334,217,85,217,85,FALSE,FALSE
477,17,1378,1634,1512,1378,1634,1512,1378,1634,1512,256,134,256,134,FALSE,FALSE
477,18,1487,1787,1673,1487,1787,1673,1487,1787,1673,300,186,300,186,FALSE,FALSE
477,19,1624,1920,1798,1624,1920,1798,1624,1920,1798,296,174,296,174,FALSE,FALSE
477,20,1745,2051,1886,1745,2051,1886,1745,2051,1886,306,141,306,141,FALSE,FALSE
477,21,1878,2137,2026,1878,2137,2026,1878,2137,2026,259,148,259,148,FALSE,FALSE
477,22,1963,2219,2110,1963,2219,2110,1963,2219,2110,256,147,256,147,FALSE,FALSE
477,23,2047,2253,2168,2047,2253,2168,2047,2253,2168,206,121,206,121,FALSE,FALSE
477,24,2125,2243,2215,2125,2243,2215,2125,2243,2215,118,90,118,90,FALSE,FALSE
477,25,2182,2232,2225,2182,2232,2225,2182,2232,2225,50,43,50,43,FALSE,FALSE
477,26,2195,2253,2222,2195,2253,2222,2195,2253,2222,58,27,58,27,FALSE,FALSE
477,27,2203,2237,2189,2203,2237,2189,2203,2237,2189,34,-14,34,14,FALSE,FALSE
477,28,2155,2160,2179,2155,2160,2179,2155,2160,2179,5,24,5,24,FALSE,FALSE
477,29,2112,2054,2130,2112,2054,2130,2112,2054,2130,-58,18,58,18,FALSE,FALSE
477,30,2077,1977,2079,2077,1977,2079,2077,1977,2079,-100,2,100,2,FALSE,FALSE
477,31,2027,1903,1995,2027,1903,1995,2027,1903,1995,-124,-32,124,32,FALSE,FALSE
477,32,1943,1822,1934,1943,1822,1934,1943,1822,1934,-121,-9,121,9,FALSE,FALSE
477,33,1884,1729,1842,1884,1729,1842,1884,1729,1842,-155,-42,155,42,FALSE,FALSE
477,34,1805,1643,1733,1805,1643,1733,1805,1643,1733,-162,-72,162,72,FALSE,FALSE
477,35,1718,1557,1632,1718,1557,1632,1718,1557,1632,-161,-86,161,86,FALSE,FALSE
477,36,1620,1490,1550,1620,1490,1550,1620,1490,1550,-130,-70,130,70,FALSE,FALSE
477,37,1517,1410,1432,1517,1410,1432,1517,1410,1432,-107,-85,107,85,FALSE,FALSE
477,38,1417,1350,1352,1417,1350,1352,1417,1350,1352,-67,-65,67,65,FALSE,FALSE
477,39,1336,1275,1261,1336,1275,1261,1336,1275,1261,-61,-75,61,75,FALSE,FALSE
477,40,1247,1191,1186,1247,1191,1186,1247,1191,1186,-56,-61,56,61,FALSE,FALSE
477,41,1183,1095,1089,1183,1095,1089,1183,1095,1089,-88,-94,88,94,FALSE,FALSE
477,42,1111,1003,989,1111,1003,989,1111,1003,989,-108,-122,108,122,FALSE,FALSE
477,43,1036,930,934,1036,930,934,1036,930,934,-106,-102,106,102,FALSE,FALSE
477,44,963,849,869,963,849,869,963,849,869,-114,-94,114,94,FALSE,FALSE
477,45,916,799,800,916,799,800,916,799,800,-117,-116,117,116,FALSE,FALSE
477,46,856,748,755,856,748,755,856,748,755,-108,-101,108,101,FALSE,FALSE
477,47,786,694,692,786,694,692,786,694,692,-92,-94,92,94,FALSE,FALSE
477,48,722,636,637,722,636,637,722,636,637,-86,-85,86,85,FALSE,FALSE
477,49,680,583,589,680,583,589,680,583,589,-97,-91,97,91,FALSE,FALSE
477,50,627,545,546,627,545,546,627,545,546,-82,-81,82,81,FALSE,FALSE
477,51,581,510,506,581,510,506,581,510,506,-71,-75,71,75,FALSE,FALSE
477,52,539,484,466,539,484,466,539,484,466,-55,-73,55,73,FALSE,FALSE
477,53,492,458,417,492,458,417,492,458,417,-34,-75,34,75,FALSE,FALSE
477,54,463,429,381,463,429,381,463,429,381,-34,-82,34,82,FALSE,FALSE
477,55,425,388,350,425,388,350,425,388,350,-37,-75,37,75,FALSE,FALSE
477,56,398,346,317,398,346,317,398,346,317,-52,-81,52,81,FALSE,FALSE
477,57,365,319,284,365,319,284,365,319,284,-46,-81,46,81,FALSE,FALSE
477,58,349,298,261,349,298,261,349,298,261,-51,-88,51,88,FALSE,FALSE
477,59,324,280,245,324,280,245,324,280,245,-44,-79,44,79,FALSE,FALSE
477,60,301,253,229,301,253,229,301,253,229,-48,-72,48,72,FALSE,FALSE
478,0,160,160,160,160,160,160,160,160,160,0,0,0,0,TRUE,TRUE
478,1,206,190,199,206,190,199,206,190,199,-16,-7,16,7,FALSE,FALSE
478,2,242,236,220,242,236,220,242,236,220,-6,-22,6,22,FALSE,FALSE
478,3,300,303,257,300,303,257,300,303,257,3,-43,3,43,FALSE,FALSE
478,4,368,352,302,368,352,302,368,352,302,-16,-66,16,66,FALSE,FALSE
478,5,449,426,352,449,426,352,449,426,352,-23,-97,23,97,FALSE,FALSE
478,6,508,517,399,508,517,399,508,517,399,9,-109,9,109,FALSE,FALSE
478,7,606,563,466,606,563,466,606,563,466,-43,-140,43,140,FALSE,FALSE
478,8,673,621,513,673,621,513,673,621,513,-52,-160,52,160,FALSE,FALSE
478,9,754,691,616,754,691,616,754,691,616,-63,-138,63,138,FALSE,FALSE
478,10,913,733,695,913,733,695,913,733,695,-180,-218,180,218,FALSE,FALSE
478,11,998,800,768,998,800,768,998,800,768,-198,-230,198,230,FALSE,FALSE
478,12,1088,872,845,1088,872,845,1088,872,845,-216,-243,216,243,FALSE,FALSE
478,13,1127,929,936,1127,929,936,1127,929,936,-198,-191,198,191,FALSE,FALSE
478,14,1180,1004,1015,1180,1004,1015,1180,1004,1015,-176,-165,176,165,FALSE,FALSE
478,15,1178,1019,1078,1178,1019,1078,1178,1019,1078,-159,-100,159,100,FALSE,FALSE
478,16,1201,1048,1118,1201,1048,1118,1201,1048,1118,-153,-83,153,83,FALSE,FALSE
478,17,1188,1022,1151,1188,1022,1151,1188,1022,1151,-166,-37,166,37,FALSE,FALSE
478,18,1194,1036,1185,1194,1036,1185,1194,1036,1185,-158,-9,158,9,FALSE,FALSE
478,19,1197,1012,1186,1197,1012,1186,1197,1012,1186,-185,-11,185,11,FALSE,FALSE
478,20,1136,996,1154,1136,996,1154,1136,996,1154,-140,18,140,18,FALSE,FALSE
478,21,1078,963,1097,1078,963,1097,1078,963,1097,-115,19,115,19,FALSE,FALSE
478,22,1039,876,1054,1039,876,1054,1039,876,1054,-163,15,163,15,FALSE,FALSE
478,23,952,839,971,952,839,971,952,839,971,-113,19,113,19,FALSE,FALSE
478,24,866,790,897,866,790,897,866,790,897,-76,31,76,31,FALSE,FALSE
478,25,792,738,821,792,738,821,792,738,821,-54,29,54,29,FALSE,FALSE
478,26,713,697,770,713,697,770,713,697,770,-16,57,16,57,FALSE,FALSE
478,27,635,660,726,635,660,726,635,660,726,25,91,25,91,FALSE,FALSE
478,28,543,634,674,543,634,674,543,634,674,91,131,91,131,FALSE,FALSE
478,29,481,545,608,481,545,608,481,545,608,64,127,64,127,FALSE,FALSE
478,30,408,506,561,408,506,561,408,506,561,98,153,98,153,FALSE,FALSE
478,31,364,441,495,364,441,495,364,441,495,77,131,77,131,FALSE,FALSE
478,32,320,380,425,320,380,425,320,380,425,60,105,60,105,FALSE,FALSE
478,33,274,326,376,274,326,376,274,326,376,52,102,52,102,FALSE,FALSE
478,34,245,281,337,245,281,337,245,281,337,36,92,36,92,FALSE,FALSE
478,35,213,242,303,213,242,303,213,242,303,29,90,29,90,FALSE,FALSE
478,36,197,207,277,197,207,277,197,207,277,10,80,10,80,FALSE,FALSE
478,37,173,162,234,173,162,234,173,162,234,-11,61,11,61,FALSE,FALSE
478,38,151,150,196,151,150,196,151,150,196,-1,45,1,45,FALSE,FALSE
478,39,130,133,164,130,133,164,130,133,164,3,34,3,34,FALSE,FALSE
478,40,111,114,143,111,114,143,111,114,143,3,32,3,32,FALSE,FALSE
478,41,105,105,117,105,105,117,105,105,117,0,12,0,12,TRUE,FALSE
478,42,84,93,98,84,93,98,84,93,98,9,14,9,14,FALSE,FALSE
478,43,78,73,92,78,73,92,78,73,92,-5,14,5,14,FALSE,FALSE
478,44,63,66,78,63,66,78,63,66,78,3,15,3,15,FALSE,FALSE
478,45,48,57,58,48,57,58,48,57,58,9,10,9,10,FALSE,FALSE
478,46,37,52,59,37,52,59,37,52,59,15,22,15,22,FALSE,FALSE
478,47,32,42,44,32,42,44,32,42,44,10,12,10,12,FALSE,FALSE
478,48,31,37,35,31,37,35,31,37,35,6,4,6,4,FALSE,FALSE
478,49,28,34,26,28,34,26,28,34,26,6,-2,6,2,FALSE,FALSE
478,50,26,29,20,26,29,20,26,29,20,3,-6,3,6,FALSE,FALSE
478,51,24,23,20,24,23,20,24,23,20,-1,-4,1,4,FALSE,FALSE
478,52,26,13,19,26,13,19,26,13,19,-13,-7,13,7,FALSE,FALSE
478,53,25,8,19,25,8,19,25,8,19,-17,-6,17,6,FALSE,FALSE
478,54,22,7,21,22,7,21,22,7,21,-15,-1,15,1,FALSE,FALSE
478,55,22,5,19,22,5,19,22,5,19,-17,-3,17,3,FALSE,FALSE
478,56,13,5,20,13,5,20,13,5,20,-8,7,8,7,FALSE,FALSE
478,57,14,3,19,14,3,19,14,3,19,-11,5,11,5,FALSE,FALSE
478,58,12,4,17,12,4,17,12,4,17,-8,5,8,5,FALSE,FALSE
478,59,11,4,15,11,4,15,11,4,15,-7,4,7,4,FALSE,FALSE
478,60,8,4,14,8,4,14,8,4,14,-4,6,4,6,FALSE,FALSE
479,0,87,87,87,87,87,87,87,87,87,0,0,0,0,TRUE,TRUE
479,1,98,96,97,98,96,97,98,96,97,-2,-1,2,1,FALSE,FALSE
479,2,110,115,107,110,115,107,110,115,107,5,-3,5,3,FALSE,FALSE
479,3,112,125,118,112,125,118,112,125,118,13,6,13,6,FALSE,FALSE
479,4,129,134,126,129,134,126,129,134,126,5,-3,5,3,FALSE,FALSE
479,5,132,158,129,132,158,129,132,158,129,26,-3,26,3,FALSE,FALSE
479,6,148,165,136,148,165,136,148,165,136,17,-12,17,12,FALSE,FALSE
479,7,165,178,148,165,178,148,165,178,148,13,-17,13,17,FALSE,FALSE
479,8,184,205,160,184,205,160,184,205,160,21,-24,21,24,FALSE,FALSE
479,9,197,235,170,197,235,170,197,235,170,38,-27,38,27,FALSE,FALSE
479,10,222,265,183,222,265,183,222,265,183,43,-39,43,39,FALSE,FALSE
479,11,239,284,203,239,284,203,239,284,203,45,-36,45,36,FALSE,FALSE
479,12,253,321,217,253,321,217,253,321,217,68,-36,68,36,FALSE,FALSE
479,13,286,356,230,286,356,230,286,356,230,70,-56,70,56,FALSE,FALSE
479,14,311,400,253,311,400,253,311,400,253,89,-58,89,58,FALSE,FALSE
479,15,351,441,276,351,441,276,351,441,276,90,-75,90,75,FALSE,FALSE
479,16,385,486,309,385,486,309,385,486,309,101,-76,101,76,FALSE,FALSE
479,17,426,514,350,426,514,350,426,514,350,88,-76,88,76,FALSE,FALSE
479,18,478,581,394,478,581,394,478,581,394,103,-84,103,84,FALSE,FALSE
479,19,517,614,426,517,614,426,517,614,426,97,-91,97,91,FALSE,FALSE
479,20,546,655,453,546,655,453,546,655,453,109,-93,109,93,FALSE,FALSE
479,21,598,710,459,598,710,459,598,710,459,112,-139,112,139,FALSE,FALSE
479,22,640,768,496,640,768,496,640,768,496,128,-144,128,144,FALSE,FALSE
479,23,683,827,547,683,827,547,683,827,547,144,-136,144,136,FALSE,FALSE
479,24,723,866,604,723,866,604,723,866,604,143,-119,143,119,FALSE,FALSE
479,25,774,909,655,774,909,655,774,909,655,135,-119,135,119,FALSE,FALSE
479,26,815,975,691,815,975,691,815,975,691,160,-124,160,124,FALSE,FALSE
479,27,857,1037,756,857,1037,756,857,1037,756,180,-101,180,101,FALSE,FALSE
479,28,899,1075,818,899,1075,818,899,1075,818,176,-81,176,81,FALSE,FALSE
479,29,935,1126,865,935,1126,865,935,1126,865,191,-70,191,70,FALSE,FALSE
479,30,982,1201,884,982,1201,884,982,1201,884,219,-98,219,98,FALSE,FALSE
479,31,1000,1260,897,1000,1260,897,1000,1260,897,260,-103,260,103,FALSE,FALSE
479,32,1019,1320,925,1019,1320,925,1019,1320,925,301,-94,301,94,FALSE,FALSE
479,33,1057,1342,959,1057,1342,959,1057,1342,959,285,-98,285,98,FALSE,FALSE
479,34,1080,1367,1013,1080,1367,1013,1080,1367,1013,287,-67,287,67,FALSE,FALSE
479,35,1094,1370,1068,1094,1370,1068,1094,1370,1068,276,-26,276,26,FALSE,FALSE
479,36,1096,1379,1091,1096,1379,1091,1096,1379,1091,283,-5,283,5,FALSE,FALSE
479,37,1121,1357,1153,1121,1357,1153,1121,1357,1153,236,32,236,32,FALSE,FALSE
479,38,1148,1349,1187,1148,1349,1187,1148,1349,1187,201,39,201,39,FALSE,FALSE
479,39,1155,1340,1209,1155,1340,1209,1155,1340,1209,185,54,185,54,FALSE,FALSE
479,40,1163,1331,1202,1163,1331,1202,1163,1331,1202,168,39,168,39,FALSE,FALSE
479,41,1180,1323,1230,1180,1323,1230,1180,1323,1230,143,50,143,50,FALSE,FALSE
479,42,1182,1289,1240,1182,1289,1240,1182,1289,1240,107,58,107,58,FALSE,FALSE
479,43,1178,1255,1249,1178,1255,1249,1178,1255,1249,77,71,77,71,FALSE,FALSE
479,44,1145,1209,1218,1145,1209,1218,1145,1209,1218,64,73,64,73,FALSE,FALSE
479,45,1128,1170,1224,1128,1170,1224,1128,1170,1224,42,96,42,96,FALSE,FALSE
479,46,1099,1143,1218,1099,1143,1218,1099,1143,1218,44,119,44,119,FALSE,FALSE
479,47,1097,1117,1209,1097,1117,1209,1097,1117,1209,20,112,20,112,FALSE,FALSE
479,48,1066,1087,1192,1066,1087,1192,1066,1087,1192,21,126,21,126,FALSE,FALSE
479,49,1045,1049,1173,1045,1049,1173,1045,1049,1173,4,128,4,128,FALSE,FALSE
479,50,1027,1015,1159,1027,1015,1159,1027,1015,1159,-12,132,12,132,FALSE,FALSE
479,51,1013,975,1105,1013,975,1105,1013,975,1105,-38,92,38,92,FALSE,FALSE
479,52,988,947,1071,988,947,1071,988,947,1071,-41,83,41,83,FALSE,FALSE
479,53,961,915,1035,961,915,1035,961,915,1035,-46,74,46,74,FALSE,FALSE
479,54,914,854,1004,914,854,1004,914,854,1004,-60,90,60,90,FALSE,FALSE
479,55,862,821,961,862,821,961,862,821,961,-41,99,41,99,FALSE,FALSE
479,56,798,771,954,798,771,954,798,771,954,-27,156,27,156,FALSE,FALSE
479,57,790,750,903,790,750,903,790,750,903,-40,113,40,113,FALSE,FALSE
479,58,768,718,869,768,718,869,768,718,869,-50,101,50,101,FALSE,FALSE
479,59,745,705,834,745,705,834,745,705,834,-40,89,40,89,FALSE,FALSE
479,60,724,670,820,724,670,820,724,670,820,-54,96,54,96,FALSE,FALSE
480,0,90,90,90,90,90,90,90,90,90,0,0,0,0,TRUE,TRUE
480,1,102,105,106,102,105,106,102,105,106,3,4,3,4,FALSE,FALSE
480,2,118,122,126,118,122,126,118,122,126,4,8,4,8,FALSE,FALSE
480,3,145,136,138,145,136,138,145,136,138,-9,-7,9,7,FALSE,FALSE
480,4,179,169,154,179,169,154,179,169,154,-10,-25,10,25,FALSE,FALSE
480,5,198,207,198,198,207,198,198,207,198,9,0,9,0,FALSE,TRUE
480,6,242,252,243,242,252,243,242,252,243,10,1,10,1,FALSE,FALSE
480,7,261,284,301,261,284,301,261,284,301,23,40,23,40,FALSE,FALSE
480,8,296,335,347,296,335,347,296,335,347,39,51,39,51,FALSE,FALSE
480,9,346,383,407,346,383,407,346,383,407,37,61,37,61,FALSE,FALSE
480,10,393,416,488,393,416,488,393,416,488,23,95,23,95,FALSE,FALSE
480,11,440,501,542,440,501,542,440,501,542,61,102,61,102,FALSE,FALSE
480,12,490,556,606,490,556,606,490,556,606,66,116,66,116,FALSE,FALSE
480,13,541,629,664,541,629,664,541,629,664,88,123,88,123,FALSE,FALSE
480,14,583,683,733,583,683,733,583,683,733,100,150,100,150,FALSE,FALSE
480,15,635,728,816,635,728,816,635,728,816,93,181,93,181,FALSE,FALSE
480,16,714,777,884,714,777,884,714,777,884,63,170,63,170,FALSE,FALSE
480,17,734,808,941,734,808,941,734,808,941,74,207,74,207,FALSE,FALSE
480,18,808,862,986,808,862,986,808,862,986,54,178,54,178,FALSE,FALSE
480,19,839,916,1021,839,916,1021,839,916,1021,77,182,77,182,FALSE,FALSE
480,20,889,939,1069,889,939,1069,889,939,1069,50,180,50,180,FALSE,FALSE
480,21,902,946,1100,902,946,1100,902,946,1100,44,198,44,198,FALSE,FALSE
480,22,952,971,1125,952,971,1125,952,971,1125,19,173,19,173,FALSE,FALSE
480,23,966,999,1112,966,999,1112,966,999,1112,33,146,33,146,FALSE,FALSE
480,24,965,1002,1094,965,1002,1094,965,1002,1094,37,129,37,129,FALSE,FALSE
480,25,950,1007,1083,950,1007,1083,950,1007,1083,57,133,57,133,FALSE,FALSE
480,26,946,973,1038,946,973,1038,946,973,1038,27,92,27,92,FALSE,FALSE
480,27,925,949,995,925,949,995,925,949,995,24,70,24,70,FALSE,FALSE
480,28,872,897,948,872,897,948,872,897,948,25,76,25,76,FALSE,FALSE
480,29,860,846,877,860,846,877,860,846,877,-14,17,14,17,FALSE,FALSE
480,30,840,808,819,840,808,819,840,808,819,-32,-21,32,21,FALSE,FALSE
480,31,798,761,767,798,761,767,798,761,767,-37,-31,37,31,FALSE,FALSE
480,32,751,710,715,751,710,715,751,710,715,-41,-36,41,36,FALSE,FALSE
480,33,699,675,661,699,675,661,699,675,661,-24,-38,24,38,FALSE,FALSE
480,34,657,628,603,657,628,603,657,628,603,-29,-54,29,54,FALSE,FALSE
480,35,619,587,572,619,587,572,619,587,572,-32,-47,32,47,FALSE,FALSE
480,36,581,553,528,581,553,528,581,553,528,-28,-53,28,53,FALSE,FALSE
480,37,531,510,482,531,510,482,531,510,482,-21,-49,21,49,FALSE,FALSE
480,38,480,465,446,480,465,446,480,465,446,-15,-34,15,34,FALSE,FALSE
480,39,455,425,404,455,425,404,455,425,404,-30,-51,30,51,FALSE,FALSE
480,40,433,380,365,433,380,365,433,380,365,-53,-68,53,68,FALSE,FALSE
480,41,400,352,334,400,352,334,400,352,334,-48,-66,48,66,FALSE,FALSE
480,42,375,331,305,375,331,305,375,331,305,-44,-70,44,70,FALSE,FALSE
480,43,342,307,263,342,307,263,342,307,263,-35,-79,35,79,FALSE,FALSE
480,44,309,287,244,309,287,244,309,287,244,-22,-65,22,65,FALSE,FALSE
480,45,272,273,231,272,273,231,272,273,231,1,-41,1,41,FALSE,FALSE
480,46,252,246,192,252,246,192,252,246,192,-6,-60,6,60,FALSE,FALSE
480,47,227,212,182,227,212,182,227,212,182,-15,-45,15,45,FALSE,FALSE
480,48,206,192,158,206,192,158,206,192,158,-14,-48,14,48,FALSE,FALSE
480,49,182,174,144,182,174,144,182,174,144,-8,-38,8,38,FALSE,FALSE
480,50,157,172,134,157,172,134,157,172,134,15,-23,15,23,FALSE,FALSE
480,51,146,156,124,146,156,124,146,156,124,10,-22,10,22,FALSE,FALSE
480,52,128,136,109,128,136,109,128,136,109,8,-19,8,19,FALSE,FALSE
480,53,113,116,100,113,116,100,113,116,100,3,-13,3,13,FALSE,FALSE
480,54,104,102,89,104,102,89,104,102,89,-2,-15,2,15,FALSE,FALSE
480,55,102,93,74,102,93,74,102,93,74,-9,-28,9,28,FALSE,FALSE
480,56,96,87,66,96,87,66,96,87,66,-9,-30,9,30,FALSE,FALSE
480,57,94,78,61,94,78,61,94,78,61,-16,-33,16,33,FALSE,FALSE
480,58,82,72,51,82,72,51,82,72,51,-10,-31,10,31,FALSE,FALSE
480,59,76,69,45,76,69,45,76,69,45,-7,-31,7,31,FALSE,FALSE
480,60,65,64,42,65,64,42,65,64,42,-1,-23,1,23,FALSE,FALSE
481,0,104,104,104,104,104,104,104,104,104,0,0,0,0,TRUE,TRUE
481,1,128,125,120,128,125,120,128,125,120,-3,-8,3,8,FALSE,FALSE
481,2,145,128,147,145,128,147,145,128,147,-17,2,17,2,FALSE,FALSE
481,3,166,142,167,166,142,167,166,142,167,-24,1,24,1,FALSE,FALSE
481,4,193,160,185,193,160,185,193,160,185,-33,-8,33,8,FALSE,FALSE
481,5,210,177,199,210,177,199,210,177,199,-33,-11,33,11,FALSE,FALSE
481,6,231,199,227,231,199,227,231,199,227,-32,-4,32,4,FALSE,FALSE
481,7,246,233,262,246,233,262,246,233,262,-13,16,13,16,FALSE,FALSE
481,8,288,276,296,288,276,296,288,276,296,-12,8,12,8,FALSE,FALSE
481,9,317,294,330,317,294,330,317,294,330,-23,13,23,13,FALSE,FALSE
481,10,352,323,381,352,323,381,352,323,381,-29,29,29,29,FALSE,FALSE
481,11,392,359,440,392,359,440,392,359,440,-33,48,33,48,FALSE,FALSE
481,12,437,367,479,437,367,479,437,367,479,-70,42,70,42,FALSE,FALSE
481,13,477,411,558,477,411,558,477,411,558,-66,81,66,81,FALSE,FALSE
481,14,529,459,630,529,459,630,529,459,630,-70,101,70,101,FALSE,FALSE
481,15,559,523,711,559,523,711,559,523,711,-36,152,36,152,FALSE,FALSE
481,16,592,583,788,592,583,788,592,583,788,-9,196,9,196,FALSE,FALSE
481,17,604,628,809,604,628,809,604,628,809,24,205,24,205,FALSE,FALSE
481,18,617,630,855,617,630,855,617,630,855,13,238,13,238,FALSE,FALSE
481,19,636,688,862,636,688,862,636,688,862,52,226,52,226,FALSE,FALSE
481,20,656,720,863,656,720,863,656,720,863,64,207,64,207,FALSE,FALSE
481,21,689,712,900,689,712,900,689,712,900,23,211,23,211,FALSE,FALSE
481,22,726,730,900,726,730,900,726,730,900,4,174,4,174,FALSE,FALSE
481,23,702,710,899,702,710,899,702,710,899,8,197,8,197,FALSE,FALSE
481,24,676,717,915,676,717,915,676,717,915,41,239,41,239,FALSE,FALSE
481,25,664,701,881,664,701,881,664,701,881,37,217,37,217,FALSE,FALSE
481,26,681,681,863,681,681,863,681,681,863,0,182,0,182,TRUE,FALSE
481,27,681,651,826,681,651,826,681,651,826,-30,145,30,145,FALSE,FALSE
481,28,644,628,798,644,628,798,644,628,798,-16,154,16,154,FALSE,FALSE
481,29,626,608,744,626,608,744,626,608,744,-18,118,18,118,FALSE,FALSE
481,30,592,593,691,592,593,691,592,593,691,1,99,1,99,FALSE,FALSE
481,31,577,553,615,577,553,615,577,553,615,-24,38,24,38,FALSE,FALSE
481,32,563,540,594,563,540,594,563,540,594,-23,31,23,31,FALSE,FALSE
481,33,526,513,559,526,513,559,526,513,559,-13,33,13,33,FALSE,FALSE
481,34,509,492,498,509,492,498,509,492,498,-17,-11,17,11,FALSE,FALSE
481,35,449,483,457,449,483,457,449,483,457,34,8,34,8,FALSE,FALSE
481,36,410,452,409,410,452,409,410,452,409,42,-1,42,1,FALSE,FALSE
481,37,384,423,375,384,423,375,384,423,375,39,-9,39,9,FALSE,FALSE
481,38,372,378,342,372,378,342,372,378,342,6,-30,6,30,FALSE,FALSE
481,39,331,340,306,331,340,306,331,340,306,9,-25,9,25,FALSE,FALSE
481,40,322,327,289,322,327,289,322,327,289,5,-33,5,33,FALSE,FALSE
481,41,297,302,244,297,302,244,297,302,244,5,-53,5,53,FALSE,FALSE
481,42,276,272,237,276,272,237,276,272,237,-4,-39,4,39,FALSE,FALSE
481,43,272,255,209,272,255,209,272,255,209,-17,-63,17,63,FALSE,FALSE
481,44,264,231,189,264,231,189,264,231,189,-33,-75,33,75,FALSE,FALSE
481,45,235,228,175,235,228,175,235,228,175,-7,-60,7,60,FALSE,FALSE
481,46,213,202,162,213,202,162,213,202,162,-11,-51,11,51,FALSE,FALSE
481,47,201,178,146,201,178,146,201,178,146,-23,-55,23,55,FALSE,FALSE
481,48,169,160,118,169,160,118,169,160,118,-9,-51,9,51,FALSE,FALSE
481,49,154,135,108,154,135,108,154,135,108,-19,-46,19,46,FALSE,FALSE
481,50,144,118,94,144,118,94,144,118,94,-26,-50,26,50,FALSE,FALSE
481,51,122,102,80,122,102,80,122,102,80,-20,-42,20,42,FALSE,FALSE
481,52,111,80,77,111,80,77,111,80,77,-31,-34,31,34,FALSE,FALSE
481,53,96,68,73,96,68,73,96,68,73,-28,-23,28,23,FALSE,FALSE
481,54,91,64,69,91,64,69,91,64,69,-27,-22,27,22,FALSE,FALSE
481,55,76,55,57,76,55,57,76,55,57,-21,-19,21,19,FALSE,FALSE
481,56,70,52,40,70,52,40,70,52,40,-18,-30,18,30,FALSE,FALSE
481,57,68,45,41,68,45,41,68,45,41,-23,-27,23,27,FALSE,FALSE
481,58,59,43,40,59,43,40,59,43,40,-16,-19,16,19,FALSE,FALSE
481,59,54,36,42,54,36,42,54,36,42,-18,-12,18,12,FALSE,FALSE
481,60,50,31,37,50,31,37,50,31,37,-19,-13,19,13,FALSE,FALSE
482,0,113,113,113,113,113,113,113,113,113,0,0,0,0,TRUE,TRUE
482,1,136,150,140,136,150,140,136,150,140,14,4,14,4,FALSE,FALSE
482,2,174,200,191,174,200,191,174,200,191,26,17,26,17,FALSE,FALSE
482,3,228,247,232,228,247,232,228,247,232,19,4,19,4,FALSE,FALSE
482,4,279,312,302,279,312,302,279,312,302,33,23,33,23,FALSE,FALSE
482,5,377,396,387,377,396,387,377,396,387,19,10,19,10,FALSE,FALSE
482,6,477,467,504,477,467,504,477,467,504,-10,27,10,27,FALSE,FALSE
482,7,616,563,655,616,563,655,616,563,655,-53,39,53,39,FALSE,FALSE
482,8,749,724,778,749,724,778,749,724,778,-25,29,25,29,FALSE,FALSE
482,9,927,888,927,927,888,927,927,888,927,-39,0,39,0,FALSE,TRUE
482,10,1108,1059,1121,1108,1059,1121,1108,1059,1121,-49,13,49,13,FALSE,FALSE
482,11,1329,1224,1317,1329,1224,1317,1329,1224,1317,-105,-12,105,12,FALSE,FALSE
482,12,1531,1367,1503,1531,1367,1503,1531,1367,1503,-164,-28,164,28,FALSE,FALSE
482,13,1745,1543,1674,1745,1543,1674,1745,1543,1674,-202,-71,202,71,FALSE,FALSE
482,14,1914,1718,1851,1914,1718,1851,1914,1718,1851,-196,-63,196,63,FALSE,FALSE
482,15,1985,1836,1967,1985,1836,1967,1985,1836,1967,-149,-18,149,18,FALSE,FALSE
482,16,2114,1913,2048,2114,1913,2048,2114,1913,2048,-201,-66,201,66,FALSE,FALSE
482,17,2146,2016,2112,2146,2016,2112,2146,2016,2112,-130,-34,130,34,FALSE,FALSE
482,18,2149,2044,2096,2149,2044,2096,2149,2044,2096,-105,-53,105,53,FALSE,FALSE
482,19,2089,2053,2037,2089,2053,2037,2089,2053,2037,-36,-52,36,52,FALSE,FALSE
482,20,2031,1984,1968,2031,1984,1968,2031,1984,1968,-47,-63,47,63,FALSE,FALSE
482,21,1927,1898,1904,1927,1898,1904,1927,1898,1904,-29,-23,29,23,FALSE,FALSE
482,22,1829,1827,1804,1829,1827,1804,1829,1827,1804,-2,-25,2,25,FALSE,FALSE
482,23,1680,1693,1647,1680,1693,1647,1680,1693,1647,13,-33,13,33,FALSE,FALSE
482,24,1534,1558,1565,1534,1558,1565,1534,1558,1565,24,31,24,31,FALSE,FALSE
482,25,1424,1421,1423,1424,1421,1423,1424,1421,1423,-3,-1,3,1,FALSE,FALSE
482,26,1297,1325,1295,1297,1325,1295,1297,1325,1295,28,-2,28,2,FALSE,FALSE
482,27,1177,1188,1171,1177,1188,1171,1177,1188,1171,11,-6,11,6,FALSE,FALSE
482,28,1047,1095,1068,1047,1095,1068,1047,1095,1068,48,21,48,21,FALSE,FALSE
482,29,947,977,943,947,977,943,947,977,943,30,-4,30,4,FALSE,FALSE
482,30,844,887,830,844,887,830,844,887,830,43,-14,43,14,FALSE,FALSE
482,31,743,771,715,743,771,715,743,771,715,28,-28,28,28,FALSE,FALSE
482,32,645,711,641,645,711,641,645,711,641,66,-4,66,4,FALSE,FALSE
482,33,566,632,577,566,632,577,566,632,577,66,11,66,11,FALSE,FALSE
482,34,497,539,508,497,539,508,497,539,508,42,11,42,11,FALSE,FALSE
482,35,450,488,462,450,488,462,450,488,462,38,12,38,12,FALSE,FALSE
482,36,407,439,418,407,439,418,407,439,418,32,11,32,11,FALSE,FALSE
482,37,359,387,377,359,387,377,359,387,377,28,18,28,18,FALSE,FALSE
482,38,323,350,333,323,350,333,323,350,333,27,10,27,10,FALSE,FALSE
482,39,271,304,314,271,304,314,271,304,314,33,43,33,43,FALSE,FALSE
482,40,236,269,267,236,269,267,236,269,267,33,31,33,31,FALSE,FALSE
482,41,199,248,246,199,248,246,199,248,246,49,47,49,47,FALSE,FALSE
482,42,171,222,209,171,222,209,171,222,209,51,38,51,38,FALSE,FALSE
482,43,151,199,181,151,199,181,151,199,181,48,30,48,30,FALSE,FALSE
482,44,132,171,155,132,171,155,132,171,155,39,23,39,23,FALSE,FALSE
482,45,115,145,139,115,145,139,115,145,139,30,24,30,24,FALSE,FALSE
482,46,98,125,126,98,125,126,98,125,126,27,28,27,28,FALSE,FALSE
482,47,84,107,105,84,107,105,84,107,105,23,21,23,21,FALSE,FALSE
482,48,73,95,89,73,95,89,73,95,89,22,16,22,16,FALSE,FALSE
482,49,62,81,84,62,81,84,62,81,84,19,22,19,22,FALSE,FALSE
482,50,58,67,70,58,67,70,58,67,70,9,12,9,12,FALSE,FALSE
482,51,50,55,68,50,55,68,50,55,68,5,18,5,18,FALSE,FALSE
482,52,46,49,66,46,49,66,46,49,66,3,20,3,20,FALSE,FALSE
482,53,43,46,60,43,46,60,43,46,60,3,17,3,17,FALSE,FALSE
482,54,37,39,55,37,39,55,37,39,55,2,18,2,18,FALSE,FALSE
482,55,34,35,50,34,35,50,34,35,50,1,16,1,16,FALSE,FALSE
482,56,30,32,44,30,32,44,30,32,44,2,14,2,14,FALSE,FALSE
482,57,27,30,36,27,30,36,27,30,36,3,9,3,9,FALSE,FALSE
482,58,22,26,31,22,26,31,22,26,31,4,9,4,9,FALSE,FALSE
482,59,19,24,27,19,24,27,19,24,27,5,8,5,8,FALSE,FALSE
482,60,17,21,22,17,21,22,17,21,22,4,5,4,5,FALSE,FALSE
483,0,124,124,124,124,124,124,124,124,124,0,0,0,0,TRUE,TRUE
483,1,172,172,169,172,172,169,172,172,169,0,-3,0,3,TRUE,FALSE
483,2,238,211,233,238,211,233,238,211,233,-27,-5,27,5,FALSE,FALSE
483,3,323,282,321,323,282,321,323,282,321,-41,-2,41,2,FALSE,FALSE
483,4,426,351,437,426,351,437,426,351,437,-75,11,75,11,FALSE,FALSE
483,5,588,479,575,588,479,575,588,479,575,-109,-13,109,13,FALSE,FALSE
483,6,771,579,751,771,579,751,771,579,751,-192,-20,192,20,FALSE,FALSE
483,7,1017,741,971,1017,741,971,1017,741,971,-276,-46,276,46,FALSE,FALSE
483,8,1332,981,1201,1332,981,1201,1332,981,1201,-351,-131,351,131,FALSE,FALSE
483,9,1633,1238,1456,1633,1238,1456,1633,1238,1456,-395,-177,395,177,FALSE,FALSE
483,10,1961,1516,1738,1961,1516,1738,1961,1516,1738,-445,-223,445,223,FALSE,FALSE
483,11,2322,1785,2011,2322,1785,2011,2322,1785,2011,-537,-311,537,311,FALSE,FALSE
483,12,2554,2063,2294,2554,2063,2294,2554,2063,2294,-491,-260,491,260,FALSE,FALSE
483,13,2766,2355,2509,2766,2355,2509,2766,2355,2509,-411,-257,411,257,FALSE,FALSE
483,14,2881,2573,2672,2881,2573,2672,2881,2573,2672,-308,-209,308,209,FALSE,FALSE
483,15,2887,2723,2751,2887,2723,2751,2887,2723,2751,-164,-136,164,136,FALSE,FALSE
483,16,2871,2739,2737,2871,2739,2737,2871,2739,2737,-132,-134,132,134,FALSE,FALSE
483,17,2717,2692,2683,2717,2692,2683,2717,2692,2683,-25,-34,25,34,FALSE,FALSE
483,18,2590,2606,2560,2590,2606,2560,2590,2606,2560,16,-30,16,30,FALSE,FALSE
483,19,2380,2481,2424,2380,2481,2424,2380,2481,2424,101,44,101,44,FALSE,FALSE
483,20,2117,2297,2271,2117,2297,2271,2117,2297,2271,180,154,180,154,FALSE,FALSE
483,21,1955,2120,2072,1955,2120,2072,1955,2120,2072,165,117,165,117,FALSE,FALSE
483,22,1796,1904,1869,1796,1904,1869,1796,1904,1869,108,73,108,73,FALSE,FALSE
483,23,1587,1666,1718,1587,1666,1718,1587,1666,1718,79,131,79,131,FALSE,FALSE
483,24,1439,1475,1521,1439,1475,1521,1439,1475,1521,36,82,36,82,FALSE,FALSE
483,25,1268,1342,1343,1268,1342,1343,1268,1342,1343,74,75,74,75,FALSE,FALSE
483,26,1112,1174,1158,1112,1174,1158,1112,1174,1158,62,46,62,46,FALSE,FALSE
483,27,962,1045,1027,962,1045,1027,962,1045,1027,83,65,83,65,FALSE,FALSE
483,28,833,916,869,833,916,869,833,916,869,83,36,83,36,FALSE,FALSE
483,29,709,819,750,709,819,750,709,819,750,110,41,110,41,FALSE,FALSE
483,30,641,727,615,641,727,615,641,727,615,86,-26,86,26,FALSE,FALSE
483,31,542,624,524,542,624,524,542,624,524,82,-18,82,18,FALSE,FALSE
483,32,473,568,435,473,568,435,473,568,435,95,-38,95,38,FALSE,FALSE
483,33,405,487,369,405,487,369,405,487,369,82,-36,82,36,FALSE,FALSE
483,34,360,413,323,360,413,323,360,413,323,53,-37,53,37,FALSE,FALSE
483,35,311,355,283,311,355,283,311,355,283,44,-28,44,28,FALSE,FALSE
483,36,253,307,247,253,307,247,253,307,247,54,-6,54,6,FALSE,FALSE
483,37,223,254,210,223,254,210,223,254,210,31,-13,31,13,FALSE,FALSE
483,38,196,225,172,196,225,172,196,225,172,29,-24,29,24,FALSE,FALSE
483,39,166,198,144,166,198,144,166,198,144,32,-22,32,22,FALSE,FALSE
483,40,142,167,117,142,167,117,142,167,117,25,-25,25,25,FALSE,FALSE
483,41,126,136,107,126,136,107,126,136,107,10,-19,10,19,FALSE,FALSE
483,42,106,115,93,106,115,93,106,115,93,9,-13,9,13,FALSE,FALSE
483,43,85,92,85,85,92,85,85,92,85,7,0,7,0,FALSE,TRUE
483,44,68,75,78,68,75,78,68,75,78,7,10,7,10,FALSE,FALSE
483,45,55,59,61,55,59,61,55,59,61,4,6,4,6,FALSE,FALSE
483,46,47,54,55,47,54,55,47,54,55,7,8,7,8,FALSE,FALSE
483,47,42,44,47,42,44,47,42,44,47,2,5,2,5,FALSE,FALSE
483,48,35,38,40,35,38,40,35,38,40,3,5,3,5,FALSE,FALSE
483,49,32,32,37,32,32,37,32,32,37,0,5,0,5,TRUE,FALSE
483,50,29,29,29,29,29,29,29,29,29,0,0,0,0,TRUE,TRUE
483,51,26,27,24,26,27,24,26,27,24,1,-2,1,2,FALSE,FALSE
483,52,22,25,22,22,25,22,22,25,22,3,0,3,0,FALSE,TRUE
483,53,18,24,21,18,24,21,18,24,21,6,3,6,3,FALSE,FALSE
483,54,19,21,17,19,21,17,19,21,17,2,-2,2,2,FALSE,FALSE
483,55,18,18,15,18,18,15,18,18,15,0,-3,0,3,TRUE,FALSE
483,56,14,16,11,14,16,11,14,16,11,2,-3,2,3,FALSE,FALSE
483,57,14,13,9,14,13,9,14,13,9,-1,-5,1,5,FALSE,FALSE
483,58,11,11,7,11,11,7,11,11,7,0,-4,0,4,TRUE,FALSE
483,59,11,11,6,11,11,6,11,11,6,0,-5,0,5,TRUE,FALSE
483,60,6,9,4,6,9,4,6,9,4,3,-2,3,2,FALSE,FALSE
484,0,63,63,63,63,63,63,63,63,63,0,0,0,0,TRUE,TRUE
484,1,89,89,92,89,89,92,89,89,92,0,3,0,3,TRUE,FALSE
484,2,132,142,139,132,142,139,132,142,139,10,7,10,7,FALSE,FALSE
484,3,194,206,218,194,206,218,194,206,218,12,24,12,24,FALSE,FALSE
484,4,280,320,322,280,320,322,280,320,322,40,42,40,42,FALSE,FALSE
484,5,419,452,453,419,452,453,419,452,453,33,34,33,34,FALSE,FALSE
484,6,608,635,655,608,635,655,608,635,655,27,47,27,47,FALSE,FALSE
484,7,828,882,910,828,882,910,828,882,910,54,82,54,82,FALSE,FALSE
484,8,1082,1165,1148,1082,1165,1148,1082,1165,1148,83,66,83,66,FALSE,FALSE
484,9,1370,1487,1424,1370,1487,1424,1370,1487,1424,117,54,117,54,FALSE,FALSE
484,10,1682,1779,1696,1682,1779,1696,1682,1779,1696,97,14,97,14,FALSE,FALSE
484,11,1899,1938,1835,1899,1938,1835,1899,1938,1835,39,-64,39,64,FALSE,FALSE
484,12,1988,1990,1927,1988,1990,1927,1988,1990,1927,2,-61,2,61,FALSE,FALSE
484,13,1994,1937,1913,1994,1937,1913,1994,1937,1913,-57,-81,57,81,FALSE,FALSE
484,14,1934,1874,1822,1934,1874,1822,1934,1874,1822,-60,-112,60,112,FALSE,FALSE
484,15,1793,1710,1682,1793,1710,1682,1793,1710,1682,-83,-111,83,111,FALSE,FALSE
484,16,1613,1545,1510,1613,1545,1510,1613,1545,1510,-68,-103,68,103,FALSE,FALSE
484,17,1434,1355,1329,1434,1355,1329,1434,1355,1329,-79,-105,79,105,FALSE,FALSE
484,18,1244,1185,1196,1244,1185,1196,1244,1185,1196,-59,-48,59,48,FALSE,FALSE
484,19,1101,1029,1056,1101,1029,1056,1101,1029,1056,-72,-45,72,45,FALSE,FALSE
484,20,945,875,924,945,875,924,945,875,924,-70,-21,70,21,FALSE,FALSE
484,21,789,737,815,789,737,815,789,737,815,-52,26,52,26,FALSE,FALSE
484,22,690,631,714,690,631,714,690,631,714,-59,24,59,24,FALSE,FALSE
484,23,585,549,613,585,549,613,585,549,613,-36,28,36,28,FALSE,FALSE
484,24,521,477,527,521,477,527,521,477,527,-44,6,44,6,FALSE,FALSE
484,25,432,397,430,432,397,430,432,397,430,-35,-2,35,2,FALSE,FALSE
484,26,354,330,377,354,330,377,354,330,377,-24,23,24,23,FALSE,FALSE
484,27,295,276,322,295,276,322,295,276,322,-19,27,19,27,FALSE,FALSE
484,28,253,234,271,253,234,271,253,234,271,-19,18,19,18,FALSE,FALSE
484,29,215,198,230,215,198,230,215,198,230,-17,15,17,15,FALSE,FALSE
484,30,170,164,181,170,164,181,170,164,181,-6,11,6,11,FALSE,FALSE
484,31,144,137,151,144,137,151,144,137,151,-7,7,7,7,FALSE,FALSE
484,32,118,126,129,118,126,129,118,126,129,8,11,8,11,FALSE,FALSE
484,33,105,93,110,105,93,110,105,93,110,-12,5,12,5,FALSE,FALSE
484,34,87,78,87,87,78,87,87,78,87,-9,0,9,0,FALSE,TRUE
484,35,71,60,75,71,60,75,71,60,75,-11,4,11,4,FALSE,FALSE
484,36,55,52,70,55,52,70,55,52,70,-3,15,3,15,FALSE,FALSE
484,37,46,45,55,46,45,55,46,45,55,-1,9,1,9,FALSE,FALSE
484,38,40,36,44,40,36,44,40,36,44,-4,4,4,4,FALSE,FALSE
484,39,38,29,37,38,29,37,38,29,37,-9,-1,9,1,FALSE,FALSE
484,40,33,24,30,33,24,30,33,24,30,-9,-3,9,3,FALSE,FALSE
484,41,29,20,26,29,20,26,29,20,26,-9,-3,9,3,FALSE,FALSE
484,42,24,13,20,24,13,20,24,13,20,-11,-4,11,4,FALSE,FALSE
484,43,21,12,18,21,12,18,21,12,18,-9,-3,9,3,FALSE,FALSE
484,44,15,12,13,15,12,13,15,12,13,-3,-2,3,2,FALSE,FALSE
484,45,12,9,9,12,9,9,12,9,9,-3,-3,3,3,FALSE,FALSE
484,46,11,6,8,11,6,8,11,6,8,-5,-3,5,3,FALSE,FALSE
484,47,11,7,8,11,7,8,11,7,8,-4,-3,4,3,FALSE,FALSE
484,48,10,6,7,10,6,7,10,6,7,-4,-3,4,3,FALSE,FALSE
484,49,9,6,6,9,6,6,9,6,6,-3,-3,3,3,FALSE,FALSE
484,50,7,4,5,7,4,5,7,4,5,-3,-2,3,2,FALSE,FALSE
484,51,6,3,5,6,3,5,6,3,5,-3,-1,3,1,FALSE,FALSE
484,52,5,3,5,5,3,5,5,3,5,-2,0,2,0,FALSE,TRUE
484,53,4,2,4,4,2,4,4,2,4,-2,0,2,0,FALSE,TRUE
484,54,4,2,3,4,2,3,4,2,3,-2,-1,2,1,FALSE,FALSE
484,55,2,2,2,2,2,2,2,2,2,0,0,0,0,TRUE,TRUE
484,56,2,1,1,2,1,1,2,1,1,-1,-1,1,1,FALSE,FALSE
484,57,2,1,1,2,1,1,2,1,1,-1,-1,1,1,FALSE,FALSE
484,58,2,1,1,2,1,1,2,1,1,-1,-1,1,1,FALSE,FALSE
484,59,2,1,1,2,1,1,2,1,1,-1,-1,1,1,FALSE,FALSE
484,60,1,1,1,1,1,1,1,1,1,0,0,0,0,TRUE,TRUE
485,0,95,95,95,95,95,95,95,95,95,0,0,0,0,TRUE,TRUE
485,1,114,104,97,114,104,97,114,104,97,-10,-17,10,17,FALSE,FALSE
485,2,120,110,110,120,110,110,120,110,110,-10,-10,10,10,FALSE,FALSE
485,3,128,117,122,128,117,122,128,117,122,-11,-6,11,6,FALSE,FALSE
485,4,139,130,140,139,130,140,139,130,140,-9,1,9,1,FALSE,FALSE
485,5,154,145,153,154,145,153,154,145,153,-9,-1,9,1,FALSE,FALSE
485,6,157,153,175,157,153,175,157,153,175,-4,18,4,18,FALSE,FALSE
485,7,177,165,187,177,165,187,177,165,187,-12,10,12,10,FALSE,FALSE
485,8,195,176,216,195,176,216,195,176,216,-19,21,19,21,FALSE,FALSE
485,9,220,197,234,220,197,234,220,197,234,-23,14,23,14,FALSE,FALSE
485,10,238,207,275,238,207,275,238,207,275,-31,37,31,37,FALSE,FALSE
485,11,272,226,304,272,226,304,272,226,304,-46,32,46,32,FALSE,FALSE
485,12,294,262,328,294,262,328,294,262,328,-32,34,32,34,FALSE,FALSE
485,13,315,272,354,315,272,354,315,272,354,-43,39,43,39,FALSE,FALSE
485,14,342,308,389,342,308,389,342,308,389,-34,47,34,47,FALSE,FALSE
485,15,380,341,427,380,341,427,380,341,427,-39,47,39,47,FALSE,FALSE
485,16,413,367,456,413,367,456,413,367,456,-46,43,46,43,FALSE,FALSE
485,17,446,385,503,446,385,503,446,385,503,-61,57,61,57,FALSE,FALSE
485,18,483,413,530,483,413,530,483,413,530,-70,47,70,47,FALSE,FALSE
485,19,510,471,548,510,471,548,510,471,548,-39,38,39,38,FALSE,FALSE
485,20,553,509,588,553,509,588,553,509,588,-44,35,44,35,FALSE,FALSE
485,21,589,548,645,589,548,645,589,548,645,-41,56,41,56,FALSE,FALSE
485,22,637,616,679,637,616,679,637,616,679,-21,42,21,42,FALSE,FALSE
485,23,680,659,720,680,659,720,680,659,720,-21,40,21,40,FALSE,FALSE
485,24,734,705,753,734,705,753,734,705,753,-29,19,29,19,FALSE,FALSE
485,25,774,744,794,774,744,794,774,744,794,-30,20,30,20,FALSE,FALSE
485,26,826,789,846,826,789,846,826,789,846,-37,20,37,20,FALSE,FALSE
485,27,850,850,887,850,850,887,850,850,887,0,37,0,37,TRUE,FALSE
485,28,902,893,950,902,893,950,902,893,950,-9,48,9,48,FALSE,FALSE
485,29,921,931,997,921,931,997,921,931,997,10,76,10,76,FALSE,FALSE
485,30,967,959,1037,967,959,1037,967,959,1037,-8,70,8,70,FALSE,FALSE
485,31,993,1013,1058,993,1013,1058,993,1013,1058,20,65,20,65,FALSE,FALSE
485,32,1033,1059,1096,1033,1059,1096,1033,1059,1096,26,63,26,63,FALSE,FALSE
485,33,1052,1115,1146,1052,1115,1146,1052,1115,1146,63,94,63,94,FALSE,FALSE
485,34,1083,1145,1159,1083,1145,1159,1083,1145,1159,62,76,62,76,FALSE,FALSE
485,35,1099,1172,1156,1099,1172,1156,1099,1172,1156,73,57,73,57,FALSE,FALSE
485,36,1126,1178,1195,1126,1178,1195,1126,1178,1195,52,69,52,69,FALSE,FALSE
485,37,1159,1199,1224,1159,1199,1224,1159,1199,1224,40,65,40,65,FALSE,FALSE
485,38,1183,1240,1222,1183,1240,1222,1183,1240,1222,57,39,57,39,FALSE,FALSE
485,39,1215,1274,1249,1215,1274,1249,1215,1274,1249,59,34,59,34,FALSE,FALSE
485,40,1227,1290,1249,1227,1290,1249,1227,1290,1249,63,22,63,22,FALSE,FALSE
485,41,1244,1299,1263,1244,1299,1263,1244,1299,1263,55,19,55,19,FALSE,FALSE
485,42,1251,1312,1260,1251,1312,1260,1251,1312,1260,61,9,61,9,FALSE,FALSE
485,43,1246,1301,1252,1246,1301,1252,1246,1301,1252,55,6,55,6,FALSE,FALSE
485,44,1236,1286,1240,1236,1286,1240,1236,1286,1240,50,4,50,4,FALSE,FALSE
485,45,1223,1293,1235,1223,1293,1235,1223,1293,1235,70,12,70,12,FALSE,FALSE
485,46,1220,1276,1233,1220,1276,1233,1220,1276,1233,56,13,56,13,FALSE,FALSE
485,47,1196,1252,1208,1196,1252,1208,1196,1252,1208,56,12,56,12,FALSE,FALSE
485,48,1168,1226,1185,1168,1226,1185,1168,1226,1185,58,17,58,17,FALSE,FALSE
485,49,1159,1203,1160,1159,1203,1160,1159,1203,1160,44,1,44,1,FALSE,FALSE
485,50,1158,1173,1140,1158,1173,1140,1158,1173,1140,15,-18,15,18,FALSE,FALSE
485,51,1128,1141,1125,1128,1141,1125,1128,1141,1125,13,-3,13,3,FALSE,FALSE
485,52,1100,1126,1122,1100,1126,1122,1100,1126,1122,26,22,26,22,FALSE,FALSE
485,53,1063,1093,1112,1063,1093,1112,1063,1093,1112,30,49,30,49,FALSE,FALSE
485,54,1041,1048,1071,1041,1048,1071,1041,1048,1071,7,30,7,30,FALSE,FALSE
485,55,1014,1021,1036,1014,1021,1036,1014,1021,1036,7,22,7,22,FALSE,FALSE
485,56,981,991,1010,981,991,1010,981,991,1010,10,29,10,29,FALSE,FALSE
485,57,949,939,971,949,939,971,949,939,971,-10,22,10,22,FALSE,FALSE
485,58,921,900,936,921,900,936,921,900,936,-21,15,21,15,FALSE,FALSE
485,59,906,865,894,906,865,894,906,865,894,-41,-12,41,12,FALSE,FALSE
485,60,864,828,859,864,828,859,864,828,859,-36,-5,36,5,FALSE,FALSE
486,0,160,160,160,160,160,160,160,160,160,0,0,0,0,TRUE,TRUE
486,1,191,191,190,191,191,190,191,191,190,0,-1,0,1,TRUE,FALSE
486,2,209,232,235,209,232,235,209,232,235,23,26,23,26,FALSE,FALSE
486,3,229,279,260,229,279,260,229,279,260,50,31,50,31,FALSE,FALSE
486,4,265,319,304,265,319,304,265,319,304,54,39,54,39,FALSE,FALSE
486,5,304,372,350,304,372,350,304,372,350,68,46,68,46,FALSE,FALSE
486,6,342,428,404,342,428,404,342,428,404,86,62,86,62,FALSE,FALSE
486,7,393,490,460,393,490,460,393,490,460,97,67,97,67,FALSE,FALSE
486,8,450,572,545,450,572,545,450,572,545,122,95,122,95,FALSE,FALSE
486,9,508,645,621,508,645,621,508,645,621,137,113,137,113,FALSE,FALSE
486,10,581,723,735,581,723,735,581,723,735,142,154,142,154,FALSE,FALSE
486,11,664,828,825,664,828,825,664,828,825,164,161,164,161,FALSE,FALSE
486,12,785,926,961,785,926,961,785,926,961,141,176,141,176,FALSE,FALSE
486,13,875,1059,1090,875,1059,1090,875,1059,1090,184,215,184,215,FALSE,FALSE
486,14,973,1165,1207,973,1165,1207,973,1165,1207,192,234,192,234,FALSE,FALSE
486,15,1107,1277,1296,1107,1277,1296,1107,1277,1296,170,189,170,189,FALSE,FALSE
486,16,1237,1406,1444,1237,1406,1444,1237,1406,1444,169,207,169,207,FALSE,FALSE
486,17,1377,1498,1581,1377,1498,1581,1377,1498,1581,121,204,121,204,FALSE,FALSE
486,18,1528,1591,1754,1528,1591,1754,1528,1591,1754,63,226,63,226,FALSE,FALSE
486,19,1651,1680,1899,1651,1680,1899,1651,1680,1899,29,248,29,248,FALSE,FALSE
486,20,1772,1809,2038,1772,1809,2038,1772,1809,2038,37,266,37,266,FALSE,FALSE
486,21,1876,1910,2130,1876,1910,2130,1876,1910,2130,34,254,34,254,FALSE,FALSE
486,22,1974,1962,2195,1974,1962,2195,1974,1962,2195,-12,221,12,221,FALSE,FALSE
486,23,2041,2031,2287,2041,2031,2287,2041,2031,2287,-10,246,10,246,FALSE,FALSE
486,24,2095,2080,2349,2095,2080,2349,2095,2080,2349,-15,254,15,254,FALSE,FALSE
486,25,2136,2138,2345,2136,2138,2345,2136,2138,2345,2,209,2,209,FALSE,FALSE
486,26,2156,2164,2353,2156,2164,2353,2156,2164,2353,8,197,8,197,FALSE,FALSE
486,27,2194,2156,2324,2194,2156,2324,2194,2156,2324,-38,130,38,130,FALSE,FALSE
486,28,2164,2148,2312,2164,2148,2312,2164,2148,2312,-16,148,16,148,FALSE,FALSE
486,29,2122,2094,2259,2122,2094,2259,2122,2094,2259,-28,137,28,137,FALSE,FALSE
486,30,2132,2026,2169,2132,2026,2169,2132,2026,2169,-106,37,106,37,FALSE,FALSE
486,31,2113,1990,2084,2113,1990,2084,2113,1990,2084,-123,-29,123,29,FALSE,FALSE
486,32,2039,1923,1992,2039,1923,1992,2039,1923,1992,-116,-47,116,47,FALSE,FALSE
486,33,1968,1850,1904,1968,1850,1904,1968,1850,1904,-118,-64,118,64,FALSE,FALSE
486,34,1892,1774,1839,1892,1774,1839,1892,1774,1839,-118,-53,118,53,FALSE,FALSE
486,35,1816,1713,1765,1816,1713,1765,1816,1713,1765,-103,-51,103,51,FALSE,FALSE
486,36,1736,1640,1682,1736,1640,1682,1736,1640,1682,-96,-54,96,54,FALSE,FALSE
486,37,1659,1559,1596,1659,1559,1596,1659,1559,1596,-100,-63,100,63,FALSE,FALSE
486,38,1558,1463,1520,1558,1463,1520,1558,1463,1520,-95,-38,95,38,FALSE,FALSE
486,39,1477,1410,1440,1477,1410,1440,1477,1410,1440,-67,-37,67,37,FALSE,FALSE
486,40,1378,1344,1355,1378,1344,1355,1378,1344,1355,-34,-23,34,23,FALSE,FALSE
486,41,1321,1291,1250,1321,1291,1250,1321,1291,1250,-30,-71,30,71,FALSE,FALSE
486,42,1241,1235,1149,1241,1235,1149,1241,1235,1149,-6,-92,6,92,FALSE,FALSE
486,43,1169,1173,1070,1169,1173,1070,1169,1173,1070,4,-99,4,99,FALSE,FALSE
486,44,1105,1073,974,1105,1073,974,1105,1073,974,-32,-131,32,131,FALSE,FALSE
486,45,1061,1024,913,1061,1024,913,1061,1024,913,-37,-148,37,148,FALSE,FALSE
486,46,978,954,862,978,954,862,978,954,862,-24,-116,24,116,FALSE,FALSE
486,47,893,880,806,893,880,806,893,880,806,-13,-87,13,87,FALSE,FALSE
486,48,820,815,741,820,815,741,820,815,741,-5,-79,5,79,FALSE,FALSE
486,49,758,759,669,758,759,669,758,759,669,1,-89,1,89,FALSE,FALSE
486,50,713,708,629,713,708,629,713,708,629,-5,-84,5,84,FALSE,FALSE
486,51,650,662,595,650,662,595,650,662,595,12,-55,12,55,FALSE,FALSE
486,52,609,632,545,609,632,545,609,632,545,23,-64,23,64,FALSE,FALSE
486,53,581,574,493,581,574,493,581,574,493,-7,-88,7,88,FALSE,FALSE
486,54,545,543,439,545,543,439,545,543,439,-2,-106,2,106,FALSE,FALSE
486,55,505,497,406,505,497,406,505,497,406,-8,-99,8,99,FALSE,FALSE
486,56,462,446,376,462,446,376,462,446,376,-16,-86,16,86,FALSE,FALSE
486,57,433,424,354,433,424,354,433,424,354,-9,-79,9,79,FALSE,FALSE
486,58,397,389,319,397,389,319,397,389,319,-8,-78,8,78,FALSE,FALSE
486,59,354,369,299,354,369,299,354,369,299,15,-55,15,55,FALSE,FALSE
486,60,317,338,272,317,338,272,317,338,272,21,-45,21,45,FALSE,FALSE
487,0,177,177,177,177,177,177,177,177,177,0,0,0,0,TRUE,TRUE
487,1,258,278,263,258,278,263,258,278,263,20,5,20,5,FALSE,FALSE
487,2,359,433,385,359,433,385,359,433,385,74,26,74,26,FALSE,FALSE
487,3,527,675,561,527,675,561,527,675,561,148,34,148,34,FALSE,FALSE
487,4,778,975,821,778,975,821,778,975,821,197,43,197,43,FALSE,FALSE
487,5,1089,1344,1152,1089,1344,1152,1089,1344,1152,255,63,255,63,FALSE,FALSE
487,6,1454,1869,1618,1454,1869,1618,1454,1869,1618,415,164,415,164,FALSE,FALSE
487,7,1873,2383,2121,1873,2383,2121,1873,2383,2121,510,248,510,248,FALSE,FALSE
487,8,2370,2837,2656,2370,2837,2656,2370,2837,2656,467,286,467,286,FALSE,FALSE
487,9,2790,3171,3165,2790,3171,3165,2790,3171,3165,381,375,381,375,FALSE,FALSE
487,10,3155,3387,3399,3155,3387,3399,3155,3387,3399,232,244,232,244,FALSE,FALSE
487,11,3378,3460,3429,3378,3460,3429,3378,3460,3429,82,51,82,51,FALSE,FALSE
487,12,3379,3306,3392,3379,3306,3392,3379,3306,3392,-73,13,73,13,FALSE,FALSE
487,13,3233,3118,3199,3233,3118,3199,3233,3118,3199,-115,-34,115,34,FALSE,FALSE
487,14,3015,2815,2903,3015,2815,2903,3015,2815,2903,-200,-112,200,112,FALSE,FALSE
487,15,2699,2544,2610,2699,2544,2610,2699,2544,2610,-155,-89,155,89,FALSE,FALSE
487,16,2369,2236,2324,2369,2236,2324,2369,2236,2324,-133,-45,133,45,FALSE,FALSE
487,17,2068,1937,2062,2068,1937,2062,2068,1937,2062,-131,-6,131,6,FALSE,FALSE
487,18,1754,1666,1816,1754,1666,1816,1754,1666,1816,-88,62,88,62,FALSE,FALSE
487,19,1524,1427,1537,1524,1427,1537,1524,1427,1537,-97,13,97,13,FALSE,FALSE
487,20,1263,1233,1267,1263,1233,1267,1263,1233,1267,-30,4,30,4,FALSE,FALSE
487,21,1066,1010,1080,1066,1010,1080,1066,1010,1080,-56,14,56,14,FALSE,FALSE
487,22,899,855,911,899,855,911,899,855,911,-44,12,44,12,FALSE,FALSE
487,23,779,713,758,779,713,758,779,713,758,-66,-21,66,21,FALSE,FALSE
487,24,625,609,623,625,609,623,625,609,623,-16,-2,16,2,FALSE,FALSE
487,25,550,525,520,550,525,520,550,525,520,-25,-30,25,30,FALSE,FALSE
487,26,454,439,437,454,439,437,454,439,437,-15,-17,15,17,FALSE,FALSE
487,27,372,361,347,372,361,347,372,361,347,-11,-25,11,25,FALSE,FALSE
487,28,321,299,280,321,299,280,321,299,280,-22,-41,22,41,FALSE,FALSE
487,29,266,251,234,266,251,234,266,251,234,-15,-32,15,32,FALSE,FALSE
487,30,224,218,188,224,218,188,224,218,188,-6,-36,6,36,FALSE,FALSE
487,31,174,184,159,174,184,159,174,184,159,10,-15,10,15,FALSE,FALSE
487,32,150,153,143,150,153,143,150,153,143,3,-7,3,7,FALSE,FALSE
487,33,132,142,118,132,142,118,132,142,118,10,-14,10,14,FALSE,FALSE
487,34,114,125,95,114,125,95,114,125,95,11,-19,11,19,FALSE,FALSE
487,35,96,110,82,96,110,82,96,110,82,14,-14,14,14,FALSE,FALSE
487,36,82,89,71,82,89,71,82,89,71,7,-11,7,11,FALSE,FALSE
487,37,66,78,60,66,78,60,66,78,60,12,-6,12,6,FALSE,FALSE
487,38,51,62,48,51,62,48,51,62,48,11,-3,11,3,FALSE,FALSE
487,39,42,51,40,42,51,40,42,51,40,9,-2,9,2,FALSE,FALSE
487,40,34,42,31,34,42,31,34,42,31,8,-3,8,3,FALSE,FALSE
487,41,28,36,21,28,36,21,28,36,21,8,-7,8,7,FALSE,FALSE
487,42,26,31,19,26,31,19,26,31,19,5,-7,5,7,FALSE,FALSE
487,43,18,29,13,18,29,13,18,29,13,11,-5,11,5,FALSE,FALSE
487,44,15,20,11,15,20,11,15,20,11,5,-4,5,4,FALSE,FALSE
487,45,11,15,10,11,15,10,11,15,10,4,-1,4,1,FALSE,FALSE
487,46,9,14,10,9,14,10,9,14,10,5,1,5,1,FALSE,FALSE
487,47,6,13,7,6,13,7,6,13,7,7,1,7,1,FALSE,FALSE
487,48,6,10,5,6,10,5,6,10,5,4,-1,4,1,FALSE,FALSE
487,49,5,9,4,5,9,4,5,9,4,4,-1,4,1,FALSE,FALSE
487,50,5,8,3,5,8,3,5,8,3,3,-2,3,2,FALSE,FALSE
487,51,4,8,4,4,8,4,4,8,4,4,0,4,0,FALSE,TRUE
487,52,4,5,4,4,5,4,4,5,4,1,0,1,0,FALSE,TRUE
487,53,4,5,2,4,5,2,4,5,2,1,-2,1,2,FALSE,FALSE
487,54,3,5,1,3,5,1,3,5,1,2,-2,2,2,FALSE,FALSE
487,55,2,4,1,2,4,1,2,4,1,2,-1,2,1,FALSE,FALSE
487,56,2,3,0,2,3,0,2,3,0,1,-2,1,2,FALSE,FALSE
487,57,2,2,0,2,2,0,2,2,0,0,-2,0,2,TRUE,FALSE
487,58,2,1,0,2,1,0,2,1,0,-1,-2,1,2,FALSE,FALSE
487,59,1,1,0,1,1,0,1,1,0,0,-1,0,1,TRUE,FALSE
487,60,1,0,0,1,0,0,1,0,0,-1,-1,1,1,FALSE,FALSE
488,0,63,63,63,63,63,63,63,63,63,0,0,0,0,TRUE,TRUE
488,1,77,81,91,77,81,91,77,81,91,4,14,4,14,FALSE,FALSE
488,2,94,114,127,94,114,127,94,114,127,20,33,20,33,FALSE,FALSE
488,3,114,145,165,114,145,165,114,145,165,31,51,31,51,FALSE,FALSE
488,4,157,180,210,157,180,210,157,180,210,23,53,23,53,FALSE,FALSE
488,5,208,252,277,208,252,277,208,252,277,44,69,44,69,FALSE,FALSE
488,6,280,334,377,280,334,377,280,334,377,54,97,54,97,FALSE,FALSE
488,7,358,458,489,358,458,489,358,458,489,100,131,100,131,FALSE,FALSE
488,8,446,616,636,446,616,636,446,616,636,170,190,170,190,FALSE,FALSE
488,9,571,759,837,571,759,837,571,759,837,188,266,188,266,FALSE,FALSE
488,10,695,929,1064,695,929,1064,695,929,1064,234,369,234,369,FALSE,FALSE
488,11,850,1119,1268,850,1119,1268,850,1119,1268,269,418,269,418,FALSE,FALSE
488,12,1014,1311,1462,1014,1311,1462,1014,1311,1462,297,448,297,448,FALSE,FALSE
488,13,1214,1457,1631,1214,1457,1631,1214,1457,1631,243,417,243,417,FALSE,FALSE
488,14,1377,1589,1740,1377,1589,1740,1377,1589,1740,212,363,212,363,FALSE,FALSE
488,15,1510,1675,1854,1510,1675,1854,1510,1675,1854,165,344,165,344,FALSE,FALSE
488,16,1601,1702,1883,1601,1702,1883,1601,1702,1883,101,282,101,282,FALSE,FALSE
488,17,1688,1717,1867,1688,1717,1867,1688,1717,1867,29,179,29,179,FALSE,FALSE
488,18,1715,1703,1821,1715,1703,1821,1715,1703,1821,-12,106,12,106,FALSE,FALSE
488,19,1738,1677,1752,1738,1677,1752,1738,1677,1752,-61,14,61,14,FALSE,FALSE
488,20,1717,1553,1628,1717,1553,1628,1717,1553,1628,-164,-89,164,89,FALSE,FALSE
488,21,1680,1451,1522,1680,1451,1522,1680,1451,1522,-229,-158,229,158,FALSE,FALSE
488,22,1536,1349,1425,1536,1349,1425,1536,1349,1425,-187,-111,187,111,FALSE,FALSE
488,23,1413,1229,1325,1413,1229,1325,1413,1229,1325,-184,-88,184,88,FALSE,FALSE
488,24,1292,1131,1168,1292,1131,1168,1292,1131,1168,-161,-124,161,124,FALSE,FALSE
488,25,1173,995,1037,1173,995,1037,1173,995,1037,-178,-136,178,136,FALSE,FALSE
488,26,1058,902,949,1058,902,949,1058,902,949,-156,-109,156,109,FALSE,FALSE
488,27,983,812,851,983,812,851,983,812,851,-171,-132,171,132,FALSE,FALSE
488,28,917,740,745,917,740,745,917,740,745,-177,-172,177,172,FALSE,FALSE
488,29,832,658,675,832,658,675,832,658,675,-174,-157,174,157,FALSE,FALSE
488,30,738,596,613,738,596,613,738,596,613,-142,-125,142,125,FALSE,FALSE
488,31,666,534,542,666,534,542,666,534,542,-132,-124,132,124,FALSE,FALSE
488,32,598,466,461,598,466,461,598,466,461,-132,-137,132,137,FALSE,FALSE
488,33,523,414,396,523,414,396,523,414,396,-109,-127,109,127,FALSE,FALSE
488,34,453,359,339,453,359,339,453,359,339,-94,-114,94,114,FALSE,FALSE
488,35,403,317,285,403,317,285,403,317,285,-86,-118,86,118,FALSE,FALSE
488,36,345,273,251,345,273,251,345,273,251,-72,-94,72,94,FALSE,FALSE
488,37,305,237,216,305,237,216,305,237,216,-68,-89,68,89,FALSE,FALSE
488,38,269,205,189,269,205,189,269,205,189,-64,-80,64,80,FALSE,FALSE
488,39,231,180,167,231,180,167,231,180,167,-51,-64,51,64,FALSE,FALSE
488,40,208,161,145,208,161,145,208,161,145,-47,-63,47,63,FALSE,FALSE
488,41,186,135,121,186,135,121,186,135,121,-51,-65,51,65,FALSE,FALSE
488,42,167,117,100,167,117,100,167,117,100,-50,-67,50,67,FALSE,FALSE
488,43,139,106,82,139,106,82,139,106,82,-33,-57,33,57,FALSE,FALSE
488,44,121,89,73,121,89,73,121,89,73,-32,-48,32,48,FALSE,FALSE
488,45,109,76,62,109,76,62,109,76,62,-33,-47,33,47,FALSE,FALSE
488,46,94,63,57,94,63,57,94,63,57,-31,-37,31,37,FALSE,FALSE
488,47,84,46,48,84,46,48,84,46,48,-38,-36,38,36,FALSE,FALSE
488,48,77,40,46,77,40,46,77,40,46,-37,-31,37,31,FALSE,FALSE
488,49,65,35,38,65,35,38,65,35,38,-30,-27,30,27,FALSE,FALSE
488,50,58,29,28,58,29,28,58,29,28,-29,-30,29,30,FALSE,FALSE
488,51,56,28,28,56,28,28,56,28,28,-28,-28,28,28,FALSE,FALSE
488,52,45,26,22,45,26,22,45,26,22,-19,-23,19,23,FALSE,FALSE
488,53,39,18,17,39,18,17,39,18,17,-21,-22,21,22,FALSE,FALSE
488,54,32,16,14,32,16,14,32,16,14,-16,-18,16,18,FALSE,FALSE
488,55,32,13,12,32,13,12,32,13,12,-19,-20,19,20,FALSE,FALSE
488,56,27,10,11,27,10,11,27,10,11,-17,-16,17,16,FALSE,FALSE
488,57,20,8,10,20,8,10,20,8,10,-12,-10,12,10,FALSE,FALSE
488,58,13,8,8,13,8,8,13,8,8,-5,-5,5,5,FALSE,FALSE
488,59,11,6,6,11,6,6,11,6,6,-5,-5,5,5,FALSE,FALSE
488,60,11,6,5,11,6,5,11,6,5,-5,-6,5,6,FALSE,FALSE
489,0,106,106,106,106,106,106,106,106,106,0,0,0,0,TRUE,TRUE
489,1,164,173,157,164,173,157,164,173,157,9,-7,9,7,FALSE,FALSE
489,2,236,249,228,236,249,228,236,249,228,13,-8,13,8,FALSE,FALSE
489,3,339,355,342,339,355,342,339,355,342,16,3,16,3,FALSE,FALSE
489,4,509,533,562,509,533,562,509,533,562,24,53,24,53,FALSE,FALSE
489,5,762,719,837,762,719,837,762,719,837,-43,75,43,75,FALSE,FALSE
489,6,1005,948,1186,1005,948,1186,1005,948,1186,-57,181,57,181,FALSE,FALSE
489,7,1290,1210,1566,1290,1210,1566,1290,1210,1566,-80,276,80,276,FALSE,FALSE
489,8,1593,1477,1870,1593,1477,1870,1593,1477,1870,-116,277,116,277,FALSE,FALSE
489,9,1835,1712,2097,1835,1712,2097,1835,1712,2097,-123,262,123,262,FALSE,FALSE
489,10,1962,1870,2157,1962,1870,2157,1962,1870,2157,-92,195,92,195,FALSE,FALSE
489,11,2015,1927,2078,2015,1927,2078,2015,1927,2078,-88,63,88,63,FALSE,FALSE
489,12,1918,1861,1917,1918,1861,1917,1918,1861,1917,-57,-1,57,1,FALSE,FALSE
489,13,1773,1775,1689,1773,1775,1689,1773,1775,1689,2,-84,2,84,FALSE,FALSE
489,14,1591,1622,1449,1591,1622,1449,1591,1622,1449,31,-142,31,142,FALSE,FALSE
489,15,1415,1385,1237,1415,1385,1237,1415,1385,1237,-30,-178,30,178,FALSE,FALSE
489,16,1180,1186,1035,1180,1186,1035,1180,1186,1035,6,-145,6,145,FALSE,FALSE
489,17,975,1029,840,975,1029,840,975,1029,840,54,-135,54,135,FALSE,FALSE
489,18,818,905,713,818,905,713,818,905,713,87,-105,87,105,FALSE,FALSE
489,19,673,787,583,673,787,583,673,787,583,114,-90,114,90,FALSE,FALSE
489,20,540,649,483,540,649,483,540,649,483,109,-57,109,57,FALSE,FALSE
489,21,438,555,381,438,555,381,438,555,381,117,-57,117,57,FALSE,FALSE
489,22,345,456,321,345,456,321,345,456,321,111,-24,111,24,FALSE,FALSE
489,23,282,369,269,282,369,269,282,369,269,87,-13,87,13,FALSE,FALSE
489,24,225,299,212,225,299,212,225,299,212,74,-13,74,13,FALSE,FALSE
489,25,181,237,162,181,237,162,181,237,162,56,-19,56,19,FALSE,FALSE
489,26,147,197,126,147,197,126,147,197,126,50,-21,50,21,FALSE,FALSE
489,27,116,174,102,116,174,102,116,174,102,58,-14,58,14,FALSE,FALSE
489,28,98,139,79,98,139,79,98,139,79,41,-19,41,19,FALSE,FALSE
489,29,82,118,65,82,118,65,82,118,65,36,-17,36,17,FALSE,FALSE
489,30,69,92,52,69,92,52,69,92,52,23,-17,23,17,FALSE,FALSE
489,31,51,75,42,51,75,42,51,75,42,24,-9,24,9,FALSE,FALSE
489,32,41,56,27,41,56,27,41,56,27,15,-14,15,14,FALSE,FALSE
489,33,34,43,20,34,43,20,34,43,20,9,-14,9,14,FALSE,FALSE
489,34,31,33,17,31,33,17,31,33,17,2,-14,2,14,FALSE,FALSE
489,35,26,30,15,26,30,15,26,30,15,4,-11,4,11,FALSE,FALSE
489,36,20,24,13,20,24,13,20,24,13,4,-7,4,7,FALSE,FALSE
489,37,15,21,13,15,21,13,15,21,13,6,-2,6,2,FALSE,FALSE
489,38,12,17,10,12,17,10,12,17,10,5,-2,5,2,FALSE,FALSE
489,39,10,15,11,10,15,11,10,15,11,5,1,5,1,FALSE,FALSE
489,40,10,13,9,10,13,9,10,13,9,3,-1,3,1,FALSE,FALSE
489,41,7,9,9,7,9,9,7,9,9,2,2,2,2,FALSE,FALSE
489,42,6,6,8,6,6,8,6,6,8,0,2,0,2,TRUE,FALSE
489,43,6,5,7,6,5,7,6,5,7,-1,1,1,1,FALSE,FALSE
489,44,5,5,7,5,5,7,5,5,7,0,2,0,2,TRUE,FALSE
489,45,4,3,6,4,3,6,4,3,6,-1,2,1,2,FALSE,FALSE
489,46,3,3,5,3,3,5,3,3,5,0,2,0,2,TRUE,FALSE
489,47,2,2,5,2,2,5,2,2,5,0,3,0,3,TRUE,FALSE
489,48,2,2,4,2,2,4,2,2,4,0,2,0,2,TRUE,FALSE
489,49,3,2,4,3,2,4,3,2,4,-1,1,1,1,FALSE,FALSE
489,50,3,1,3,3,1,3,3,1,3,-2,0,2,0,FALSE,TRUE
489,51,1,1,2,1,1,2,1,1,2,0,1,0,1,TRUE,FALSE
489,52,2,0,1,2,0,1,2,0,1,-2,-1,2,1,FALSE,FALSE
489,53,2,0,0,2,0,0,2,0,0,-2,-2,2,2,FALSE,FALSE
489,54,2,0,0,2,0,0,2,0,0,-2,-2,2,2,FALSE,FALSE
489,55,2,0,0,2,0,0,2,0,0,-2,-2,2,2,FALSE,FALSE
489,56,1,0,0,1,0,0,1,0,0,-1,-1,1,1,FALSE,FALSE
489,57,1,0,0,1,0,0,1,0,0,-1,-1,1,1,FALSE,FALSE
489,58,1,0,0,1,0,0,1,0,0,-1,-1,1,1,FALSE,FALSE
489,59,1,0,0,1,0,0,1,0,0,-1,-1,1,1,FALSE,FALSE
489,60,1,0,0,1,0,0,1,0,0,-1,-1,1,1,FALSE,FALSE
490,0,110,110,110,110,110,110,110,110,110,0,0,0,0,TRUE,TRUE
490,1,129,132,141,129,132,141,129,132,141,3,12,3,12,FALSE,FALSE
490,2,139,164,168,139,164,168,139,164,168,25,29,25,29,FALSE,FALSE
490,3,158,184,201,158,184,201,158,184,201,26,43,26,43,FALSE,FALSE
490,4,177,213,241,177,213,241,177,213,241,36,64,36,64,FALSE,FALSE
490,5,205,241,280,205,241,280,205,241,280,36,75,36,75,FALSE,FALSE
490,6,232,307,320,232,307,320,232,307,320,75,88,75,88,FALSE,FALSE
490,7,258,359,371,258,359,371,258,359,371,101,113,101,113,FALSE,FALSE
490,8,273,415,443,273,415,443,273,415,443,142,170,142,170,FALSE,FALSE
490,9,322,470,527,322,470,527,322,470,527,148,205,148,205,FALSE,FALSE
490,10,352,518,581,352,518,581,352,518,581,166,229,166,229,FALSE,FALSE
490,11,414,591,637,414,591,637,414,591,637,177,223,177,223,FALSE,FALSE
490,12,473,655,706,473,655,706,473,655,706,182,233,182,233,FALSE,FALSE
490,13,519,724,788,519,724,788,519,724,788,205,269,205,269,FALSE,FALSE
490,14,579,794,850,579,794,850,579,794,850,215,271,215,271,FALSE,FALSE
490,15,641,866,926,641,866,926,641,866,926,225,285,225,285,FALSE,FALSE
490,16,722,920,997,722,920,997,722,920,997,198,275,198,275,FALSE,FALSE
490,17,785,1006,1052,785,1006,1052,785,1006,1052,221,267,221,267,FALSE,FALSE
490,18,857,1071,1112,857,1071,1112,857,1071,1112,214,255,214,255,FALSE,FALSE
490,19,921,1112,1146,921,1112,1146,921,1112,1146,191,225,191,225,FALSE,FALSE
490,20,969,1175,1180,969,1175,1180,969,1175,1180,206,211,206,211,FALSE,FALSE
490,21,1000,1219,1215,1000,1219,1215,1000,1219,1215,219,215,219,215,FALSE,FALSE
490,22,1057,1249,1215,1057,1249,1215,1057,1249,1215,192,158,192,158,FALSE,FALSE
490,23,1108,1300,1189,1108,1300,1189,1108,1300,1189,192,81,192,81,FALSE,FALSE
490,24,1132,1304,1147,1132,1304,1147,1132,1304,1147,172,15,172,15,FALSE,FALSE
490,25,1173,1300,1121,1173,1300,1121,1173,1300,1121,127,-52,127,52,FALSE,FALSE
490,26,1157,1286,1094,1157,1286,1094,1157,1286,1094,129,-63,129,63,FALSE,FALSE
490,27,1158,1242,1046,1158,1242,1046,1158,1242,1046,84,-112,84,112,FALSE,FALSE
490,28,1144,1186,994,1144,1186,994,1144,1186,994,42,-150,42,150,FALSE,FALSE
490,29,1150,1174,961,1150,1174,961,1150,1174,961,24,-189,24,189,FALSE,FALSE
490,30,1107,1098,929,1107,1098,929,1107,1098,929,-9,-178,9,178,FALSE,FALSE
490,31,1072,1055,922,1072,1055,922,1072,1055,922,-17,-150,17,150,FALSE,FALSE
490,32,1023,1023,890,1023,1023,890,1023,1023,890,0,-133,0,133,TRUE,FALSE
490,33,988,962,838,988,962,838,988,962,838,-26,-150,26,150,FALSE,FALSE
490,34,939,901,779,939,901,779,939,901,779,-38,-160,38,160,FALSE,FALSE
490,35,886,830,718,886,830,718,886,830,718,-56,-168,56,168,FALSE,FALSE
490,36,847,762,663,847,762,663,847,762,663,-85,-184,85,184,FALSE,FALSE
490,37,768,709,618,768,709,618,768,709,618,-59,-150,59,150,FALSE,FALSE
490,38,739,644,573,739,644,573,739,644,573,-95,-166,95,166,FALSE,FALSE
490,39,667,593,533,667,593,533,667,593,533,-74,-134,74,134,FALSE,FALSE
490,40,633,553,482,633,553,482,633,553,482,-80,-151,80,151,FALSE,FALSE
490,41,598,498,444,598,498,444,598,498,444,-100,-154,100,154,FALSE,FALSE
490,42,548,445,404,548,445,404,548,445,404,-103,-144,103,144,FALSE,FALSE
490,43,511,409,377,511,409,377,511,409,377,-102,-134,102,134,FALSE,FALSE
490,44,465,359,332,465,359,332,465,359,332,-106,-133,106,133,FALSE,FALSE
490,45,449,318,319,449,318,319,449,318,319,-131,-130,131,130,FALSE,FALSE
490,46,394,286,298,394,286,298,394,286,298,-108,-96,108,96,FALSE,FALSE
490,47,360,260,270,360,260,270,360,260,270,-100,-90,100,90,FALSE,FALSE
490,48,342,221,245,342,221,245,342,221,245,-121,-97,121,97,FALSE,FALSE
490,49,293,197,238,293,197,238,293,197,238,-96,-55,96,55,FALSE,FALSE
490,50,282,175,219,282,175,219,282,175,219,-107,-63,107,63,FALSE,FALSE
490,51,251,149,190,251,149,190,251,149,190,-102,-61,102,61,FALSE,FALSE
490,52,235,136,168,235,136,168,235,136,168,-99,-67,99,67,FALSE,FALSE
490,53,207,125,138,207,125,138,207,125,138,-82,-69,82,69,FALSE,FALSE
490,54,186,106,128,186,106,128,186,106,128,-80,-58,80,58,FALSE,FALSE
490,55,166,94,119,166,94,119,166,94,119,-72,-47,72,47,FALSE,FALSE
490,56,153,83,107,153,83,107,153,83,107,-70,-46,70,46,FALSE,FALSE
490,57,137,76,97,137,76,97,137,76,97,-61,-40,61,40,FALSE,FALSE
490,58,129,76,83,129,76,83,129,76,83,-53,-46,53,46,FALSE,FALSE
490,59,116,73,74,116,73,74,116,73,74,-43,-42,43,42,FALSE,FALSE
490,60,100,68,67,100,68,67,100,68,67,-32,-33,32,33,FALSE,FALSE
491,0,43,43,43,43,43,43,43,43,43,0,0,0,0,TRUE,TRUE
491,1,46,46,46,46,46,46,46,46,46,0,0,0,0,TRUE,TRUE
491,2,49,43,53,49,43,53,49,43,53,-6,4,6,4,FALSE,FALSE
491,3,52,50,60,52,50,60,52,50,60,-2,8,2,8,FALSE,FALSE
491,4,54,52,55,54,52,55,54,52,55,-2,1,2,1,FALSE,FALSE
491,5,54,46,56,54,46,56,54,46,56,-8,2,8,2,FALSE,FALSE
491,6,43,45,58,43,45,58,43,45,58,2,15,2,15,FALSE,FALSE
491,7,48,44,61,48,44,61,48,44,61,-4,13,4,13,FALSE,FALSE
491,8,54,45,59,54,45,59,54,45,59,-9,5,9,5,FALSE,FALSE
491,9,47,44,61,47,44,61,47,44,61,-3,14,3,14,FALSE,FALSE
491,10,50,48,61,50,48,61,50,48,61,-2,11,2,11,FALSE,FALSE
491,11,54,47,71,54,47,71,54,47,71,-7,17,7,17,FALSE,FALSE
491,12,50,47,73,50,47,73,50,47,73,-3,23,3,23,FALSE,FALSE
491,13,56,50,67,56,50,67,56,50,67,-6,11,6,11,FALSE,FALSE
491,14,62,53,71,62,53,71,62,53,71,-9,9,9,9,FALSE,FALSE
491,15,64,52,73,64,52,73,64,52,73,-12,9,12,9,FALSE,FALSE
491,16,71,56,73,71,56,73,71,56,73,-15,2,15,2,FALSE,FALSE
491,17,70,58,81,70,58,81,70,58,81,-12,11,12,11,FALSE,FALSE
491,18,74,66,86,74,66,86,74,66,86,-8,12,8,12,FALSE,FALSE
491,19,76,67,87,76,67,87,76,67,87,-9,11,9,11,FALSE,FALSE
491,20,81,68,82,81,68,82,81,68,82,-13,1,13,1,FALSE,FALSE
491,21,85,69,81,85,69,81,85,69,81,-16,-4,16,4,FALSE,FALSE
491,22,80,69,96,80,69,96,80,69,96,-11,16,11,16,FALSE,FALSE
491,23,90,70,104,90,70,104,90,70,104,-20,14,20,14,FALSE,FALSE
491,24,89,75,105,89,75,105,89,75,105,-14,16,14,16,FALSE,FALSE
491,25,96,71,105,96,71,105,96,71,105,-25,9,25,9,FALSE,FALSE
491,26,103,71,108,103,71,108,103,71,108,-32,5,32,5,FALSE,FALSE
491,27,113,71,117,113,71,117,113,71,117,-42,4,42,4,FALSE,FALSE
491,28,124,75,122,124,75,122,124,75,122,-49,-2,49,2,FALSE,FALSE
491,29,130,78,128,130,78,128,130,78,128,-52,-2,52,2,FALSE,FALSE
491,30,133,78,128,133,78,128,133,78,128,-55,-5,55,5,FALSE,FALSE
491,31,134,82,135,134,82,135,134,82,135,-52,1,52,1,FALSE,FALSE
491,32,139,81,147,139,81,147,139,81,147,-58,8,58,8,FALSE,FALSE
491,33,134,83,160,134,83,160,134,83,160,-51,26,51,26,FALSE,FALSE
491,34,133,80,168,133,80,168,133,80,168,-53,35,53,35,FALSE,FALSE
491,35,139,77,179,139,77,179,139,77,179,-62,40,62,40,FALSE,FALSE
491,36,140,78,181,140,78,181,140,78,181,-62,41,62,41,FALSE,FALSE
491,37,140,75,196,140,75,196,140,75,196,-65,56,65,56,FALSE,FALSE
491,38,154,74,203,154,74,203,154,74,203,-80,49,80,49,FALSE,FALSE
491,39,160,76,210,160,76,210,160,76,210,-84,50,84,50,FALSE,FALSE
491,40,167,76,214,167,76,214,167,76,214,-91,47,91,47,FALSE,FALSE
491,41,179,80,212,179,80,212,179,80,212,-99,33,99,33,FALSE,FALSE
491,42,194,78,218,194,78,218,194,78,218,-116,24,116,24,FALSE,FALSE
491,43,201,79,235,201,79,235,201,79,235,-122,34,122,34,FALSE,FALSE
491,44,195,77,243,195,77,243,195,77,243,-118,48,118,48,FALSE,FALSE
491,45,193,81,260,193,81,260,193,81,260,-112,67,112,67,FALSE,FALSE
491,46,185,83,260,185,83,260,185,83,260,-102,75,102,75,FALSE,FALSE
491,47,185,92,267,185,92,267,185,92,267,-93,82,93,82,FALSE,FALSE
491,48,198,93,269,198,93,269,198,93,269,-105,71,105,71,FALSE,FALSE
491,49,200,101,278,200,101,278,200,101,278,-99,78,99,78,FALSE,FALSE
491,50,205,100,272,205,100,272,205,100,272,-105,67,105,67,FALSE,FALSE
491,51,215,98,268,215,98,268,215,98,268,-117,53,117,53,FALSE,FALSE
491,52,224,104,279,224,104,279,224,104,279,-120,55,120,55,FALSE,FALSE
491,53,225,102,292,225,102,292,225,102,292,-123,67,123,67,FALSE,FALSE
491,54,230,108,279,230,108,279,230,108,279,-122,49,122,49,FALSE,FALSE
491,55,245,112,277,245,112,277,245,112,277,-133,32,133,32,FALSE,FALSE
491,56,242,117,283,242,117,283,242,117,283,-125,41,125,41,FALSE,FALSE
491,57,233,121,273,233,121,273,233,121,273,-112,40,112,40,FALSE,FALSE
491,58,240,124,272,240,124,272,240,124,272,-116,32,116,32,FALSE,FALSE
491,59,244,120,273,244,120,273,244,120,273,-124,29,124,29,FALSE,FALSE
491,60,253,117,284,253,117,284,253,117,284,-136,31,136,31,FALSE,FALSE
492,0,110,110,110,110,110,110,110,110,110,0,0,0,0,TRUE,TRUE
492,1,159,153,148,159,153,148,159,153,148,-6,-11,6,11,FALSE,FALSE
492,2,208,183,200,208,183,200,208,183,200,-25,-8,25,8,FALSE,FALSE
492,3,262,247,290,262,247,290,262,247,290,-15,28,15,28,FALSE,FALSE
492,4,359,336,407,359,336,407,359,336,407,-23,48,23,48,FALSE,FALSE
492,5,479,453,527,479,453,527,479,453,527,-26,48,26,48,FALSE,FALSE
492,6,612,581,694,612,581,694,612,581,694,-31,82,31,82,FALSE,FALSE
492,7,790,763,895,790,763,895,790,763,895,-27,105,27,105,FALSE,FALSE
492,8,969,974,1171,969,974,1171,969,974,1171,5,202,5,202,FALSE,FALSE
492,9,1240,1219,1481,1240,1219,1481,1240,1219,1481,-21,241,21,241,FALSE,FALSE
492,10,1539,1504,1803,1539,1504,1803,1539,1504,1803,-35,264,35,264,FALSE,FALSE
492,11,1817,1808,2198,1817,1808,2198,1817,1808,2198,-9,381,9,381,FALSE,FALSE
492,12,2160,2163,2483,2160,2163,2483,2160,2163,2483,3,323,3,323,FALSE,FALSE
492,13,2467,2467,2744,2467,2467,2744,2467,2467,2744,0,277,0,277,TRUE,FALSE
492,14,2743,2753,2995,2743,2753,2995,2743,2753,2995,10,252,10,252,FALSE,FALSE
492,15,2941,2985,3127,2941,2985,3127,2941,2985,3127,44,186,44,186,FALSE,FALSE
492,16,3047,3113,3166,3047,3113,3166,3047,3113,3166,66,119,66,119,FALSE,FALSE
492,17,3114,3157,3117,3114,3157,3117,3114,3157,3117,43,3,43,3,FALSE,FALSE
492,18,3089,3107,3030,3089,3107,3030,3089,3107,3030,18,-59,18,59,FALSE,FALSE
492,19,2972,2973,2850,2972,2973,2850,2972,2973,2850,1,-122,1,122,FALSE,FALSE
492,20,2840,2848,2655,2840,2848,2655,2840,2848,2655,8,-185,8,185,FALSE,FALSE
492,21,2662,2697,2389,2662,2697,2389,2662,2697,2389,35,-273,35,273,FALSE,FALSE
492,22,2468,2507,2229,2468,2507,2229,2468,2507,2229,39,-239,39,239,FALSE,FALSE
492,23,2238,2276,1999,2238,2276,1999,2238,2276,1999,38,-239,38,239,FALSE,FALSE
492,24,2024,2054,1804,2024,2054,1804,2024,2054,1804,30,-220,30,220,FALSE,FALSE
492,25,1805,1820,1615,1805,1820,1615,1805,1820,1615,15,-190,15,190,FALSE,FALSE
492,26,1642,1646,1455,1642,1646,1455,1642,1646,1455,4,-187,4,187,FALSE,FALSE
492,27,1474,1435,1277,1474,1435,1277,1474,1435,1277,-39,-197,39,197,FALSE,FALSE
492,28,1286,1261,1142,1286,1261,1142,1286,1261,1142,-25,-144,25,144,FALSE,FALSE
492,29,1119,1111,998,1119,1111,998,1119,1111,998,-8,-121,8,121,FALSE,FALSE
492,30,998,979,866,998,979,866,998,979,866,-19,-132,19,132,FALSE,FALSE
492,31,877,869,759,877,869,759,877,869,759,-8,-118,8,118,FALSE,FALSE
492,32,771,766,679,771,766,679,771,766,679,-5,-92,5,92,FALSE,FALSE
492,33,663,663,595,663,663,595,663,663,595,0,-68,0,68,TRUE,FALSE
492,34,586,587,524,586,587,524,586,587,524,1,-62,1,62,FALSE,FALSE
492,35,521,523,461,521,523,461,521,523,461,2,-60,2,60,FALSE,FALSE
492,36,448,465,399,448,465,399,448,465,399,17,-49,17,49,FALSE,FALSE
492,37,404,407,350,404,407,350,404,407,350,3,-54,3,54,FALSE,FALSE
492,38,352,359,304,352,359,304,352,359,304,7,-48,7,48,FALSE,FALSE
492,39,294,323,261,294,323,261,294,323,261,29,-33,29,33,FALSE,FALSE
492,40,253,283,217,253,283,217,253,283,217,30,-36,30,36,FALSE,FALSE
492,41,230,241,192,230,241,192,230,241,192,11,-38,11,38,FALSE,FALSE
492,42,214,199,159,214,199,159,214,199,159,-15,-55,15,55,FALSE,FALSE
492,43,184,170,132,184,170,132,184,170,132,-14,-52,14,52,FALSE,FALSE
492,44,159,145,117,159,145,117,159,145,117,-14,-42,14,42,FALSE,FALSE
492,45,137,130,97,137,130,97,137,130,97,-7,-40,7,40,FALSE,FALSE
492,46,120,116,82,120,116,82,120,116,82,-4,-38,4,38,FALSE,FALSE
492,47,106,107,71,106,107,71,106,107,71,1,-35,1,35,FALSE,FALSE
492,48,94,84,60,94,84,60,94,84,60,-10,-34,10,34,FALSE,FALSE
492,49,84,71,56,84,71,56,84,71,56,-13,-28,13,28,FALSE,FALSE
492,50,66,63,46,66,63,46,66,63,46,-3,-20,3,20,FALSE,FALSE
492,51,60,59,44,60,59,44,60,59,44,-1,-16,1,16,FALSE,FALSE
492,52,54,55,41,54,55,41,54,55,41,1,-13,1,13,FALSE,FALSE
492,53,48,50,35,48,50,35,48,50,35,2,-13,2,13,FALSE,FALSE
492,54,41,39,34,41,39,34,41,39,34,-2,-7,2,7,FALSE,FALSE
492,55,32,29,26,32,29,26,32,29,26,-3,-6,3,6,FALSE,FALSE
492,56,30,26,25,30,26,25,30,26,25,-4,-5,4,5,FALSE,FALSE
492,57,28,25,21,28,25,21,28,25,21,-3,-7,3,7,FALSE,FALSE
492,58,23,22,20,23,22,20,23,22,20,-1,-3,1,3,FALSE,FALSE
492,59,23,21,17,23,21,17,23,21,17,-2,-6,2,6,FALSE,FALSE
492,60,19,20,11,19,20,11,19,20,11,1,-8,1,8,FALSE,FALSE
493,0,94,94,94,94,94,94,94,94,94,0,0,0,0,TRUE,TRUE
493,1,124,136,121,124,136,121,124,136,121,12,-3,12,3,FALSE,FALSE
493,2,174,167,145,174,167,145,174,167,145,-7,-29,7,29,FALSE,FALSE
493,3,234,236,191,234,236,191,234,236,191,2,-43,2,43,FALSE,FALSE
493,4,303,314,254,303,314,254,303,314,254,11,-49,11,49,FALSE,FALSE
493,5,384,402,303,384,402,303,384,402,303,18,-81,18,81,FALSE,FALSE
493,6,495,515,393,495,515,393,495,515,393,20,-102,20,102,FALSE,FALSE
493,7,594,617,466,594,617,466,594,617,466,23,-128,23,128,FALSE,FALSE
493,8,711,727,554,711,727,554,711,727,554,16,-157,16,157,FALSE,FALSE
493,9,856,860,643,856,860,643,856,860,643,4,-213,4,213,FALSE,FALSE
493,10,970,946,746,970,946,746,970,946,746,-24,-224,24,224,FALSE,FALSE
493,11,1064,1046,828,1064,1046,828,1064,1046,828,-18,-236,18,236,FALSE,FALSE
493,12,1127,1099,931,1127,1099,931,1127,1099,931,-28,-196,28,196,FALSE,FALSE
493,13,1152,1087,1012,1152,1087,1012,1152,1087,1012,-65,-140,65,140,FALSE,FALSE
493,14,1164,1068,1073,1164,1068,1073,1164,1068,1073,-96,-91,96,91,FALSE,FALSE
493,15,1105,1038,1102,1105,1038,1102,1105,1038,1102,-67,-3,67,3,FALSE,FALSE
493,16,1066,1023,1098,1066,1023,1098,1066,1023,1098,-43,32,43,32,FALSE,FALSE
493,17,1004,957,1078,1004,957,1078,1004,957,1078,-47,74,47,74,FALSE,FALSE
493,18,910,883,1007,910,883,1007,910,883,1007,-27,97,27,97,FALSE,FALSE
493,19,814,797,965,814,797,965,814,797,965,-17,151,17,151,FALSE,FALSE
493,20,747,708,874,747,708,874,747,708,874,-39,127,39,127,FALSE,FALSE
493,21,650,631,823,650,631,823,650,631,823,-19,173,19,173,FALSE,FALSE
493,22,546,543,749,546,543,749,546,543,749,-3,203,3,203,FALSE,FALSE
493,23,471,483,658,471,483,658,471,483,658,12,187,12,187,FALSE,FALSE
493,24,383,407,571,383,407,571,383,407,571,24,188,24,188,FALSE,FALSE
493,25,339,341,514,339,341,514,339,341,514,2,175,2,175,FALSE,FALSE
493,26,296,293,423,296,293,423,296,293,423,-3,127,3,127,FALSE,FALSE
493,27,259,254,363,259,254,363,259,254,363,-5,104,5,104,FALSE,FALSE
493,28,215,219,308,215,219,308,215,219,308,4,93,4,93,FALSE,FALSE
493,29,180,177,271,180,177,271,180,177,271,-3,91,3,91,FALSE,FALSE
493,30,152,159,220,152,159,220,152,159,220,7,68,7,68,FALSE,FALSE
493,31,129,139,187,129,139,187,129,139,187,10,58,10,58,FALSE,FALSE
493,32,113,117,154,113,117,154,113,117,154,4,41,4,41,FALSE,FALSE
493,33,95,99,129,95,99,129,95,99,129,4,34,4,34,FALSE,FALSE
493,34,86,89,115,86,89,115,86,89,115,3,29,3,29,FALSE,FALSE
493,35,76,85,89,76,85,89,76,85,89,9,13,9,13,FALSE,FALSE
493,36,73,74,78,73,74,78,73,74,78,1,5,1,5,FALSE,FALSE
493,37,56,59,67,56,59,67,56,59,67,3,11,3,11,FALSE,FALSE
493,38,53,52,60,53,52,60,53,52,60,-1,7,1,7,FALSE,FALSE
493,39,41,48,47,41,48,47,41,48,47,7,6,7,6,FALSE,FALSE
493,40,37,39,39,37,39,39,37,39,39,2,2,2,2,FALSE,FALSE
493,41,31,31,37,31,31,37,31,31,37,0,6,0,6,TRUE,FALSE
493,42,27,27,27,27,27,27,27,27,27,0,0,0,0,TRUE,TRUE
493,43,24,24,27,24,24,27,24,24,27,0,3,0,3,TRUE,FALSE
493,44,19,13,23,19,13,23,19,13,23,-6,4,6,4,FALSE,FALSE
493,45,19,12,18,19,12,18,19,12,18,-7,-1,7,1,FALSE,FALSE
493,46,14,12,12,14,12,12,14,12,12,-2,-2,2,2,FALSE,FALSE
493,47,15,12,11,15,12,11,15,12,11,-3,-4,3,4,FALSE,FALSE
493,48,12,10,10,12,10,10,12,10,10,-2,-2,2,2,FALSE,FALSE
493,49,9,7,6,9,7,6,9,7,6,-2,-3,2,3,FALSE,FALSE
493,50,6,4,5,6,4,5,6,4,5,-2,-1,2,1,FALSE,FALSE
493,51,4,4,4,4,4,4,4,4,4,0,0,0,0,TRUE,TRUE
493,52,4,1,4,4,1,4,4,1,4,-3,0,3,0,FALSE,TRUE
493,53,3,1,3,3,1,3,3,1,3,-2,0,2,0,FALSE,TRUE
493,54,3,1,2,3,1,2,3,1,2,-2,-1,2,1,FALSE,FALSE
493,55,3,1,2,3,1,2,3,1,2,-2,-1,2,1,FALSE,FALSE
493,56,1,1,2,1,1,2,1,1,2,0,1,0,1,TRUE,FALSE
493,57,1,2,1,1,2,1,1,2,1,1,0,1,0,FALSE,TRUE
493,58,1,2,1,1,2,1,1,2,1,1,0,1,0,FALSE,TRUE
493,59,1,1,1,1,1,1,1,1,1,0,0,0,0,TRUE,TRUE
493,60,0,1,1,0,1,1,0,1,1,1,1,1,1,FALSE,FALSE
494,0,126,126,126,126,126,126,126,126,126,0,0,0,0,TRUE,TRUE
494,1,227,204,224,227,204,224,227,204,224,-23,-3,23,3,FALSE,FALSE
494,2,349,371,370,349,371,370,349,371,370,22,21,22,21,FALSE,FALSE
494,3,567,589,588,567,589,588,567,589,588,22,21,22,21,FALSE,FALSE
494,4,870,975,892,870,975,892,870,975,892,105,22,105,22,FALSE,FALSE
494,5,1345,1493,1326,1345,1493,1326,1345,1493,1326,148,-19,148,19,FALSE,FALSE
494,6,1953,2162,1932,1953,2162,1932,1953,2162,1932,209,-21,209,21,FALSE,FALSE
494,7,2626,2914,2673,2626,2914,2673,2626,2914,2673,288,47,288,47,FALSE,FALSE
494,8,3191,3553,3288,3191,3553,3288,3191,3553,3288,362,97,362,97,FALSE,FALSE
494,9,3599,3886,3715,3599,3886,3715,3599,3886,3715,287,116,287,116,FALSE,FALSE
494,10,3753,3932,3826,3753,3932,3826,3753,3932,3826,179,73,179,73,FALSE,FALSE
494,11,3714,3690,3745,3714,3690,3745,3714,3690,3745,-24,31,24,31,FALSE,FALSE
494,12,3426,3366,3408,3426,3366,3408,3426,3366,3408,-60,-18,60,18,FALSE,FALSE
494,13,3016,2957,2970,3016,2957,2970,3016,2957,2970,-59,-46,59,46,FALSE,FALSE
494,14,2638,2523,2551,2638,2523,2551,2638,2523,2551,-115,-87,115,87,FALSE,FALSE
494,15,2228,2166,2173,2228,2166,2173,2228,2166,2173,-62,-55,62,55,FALSE,FALSE
494,16,1895,1815,1845,1895,1815,1845,1895,1815,1845,-80,-50,80,50,FALSE,FALSE
494,17,1603,1530,1558,1603,1530,1558,1603,1530,1558,-73,-45,73,45,FALSE,FALSE
494,18,1328,1268,1288,1328,1268,1288,1328,1268,1288,-60,-40,60,40,FALSE,FALSE
494,19,1095,1035,1073,1095,1035,1073,1095,1035,1073,-60,-22,60,22,FALSE,FALSE
494,20,872,871,873,872,871,873,872,871,873,-1,1,1,1,FALSE,FALSE
494,21,709,708,729,709,708,729,709,708,729,-1,20,1,20,FALSE,FALSE
494,22,598,569,590,598,569,590,598,569,590,-29,-8,29,8,FALSE,FALSE
494,23,478,457,483,478,457,483,478,457,483,-21,5,21,5,FALSE,FALSE
494,24,399,370,397,399,370,397,399,370,397,-29,-2,29,2,FALSE,FALSE
494,25,332,302,333,332,302,333,332,302,333,-30,1,30,1,FALSE,FALSE
494,26,281,237,275,281,237,275,281,237,275,-44,-6,44,6,FALSE,FALSE
494,27,230,202,227,230,202,227,230,202,227,-28,-3,28,3,FALSE,FALSE
494,28,191,178,186,191,178,186,191,178,186,-13,-5,13,5,FALSE,FALSE
494,29,160,148,152,160,148,152,160,148,152,-12,-8,12,8,FALSE,FALSE
494,30,134,120,125,134,120,125,134,120,125,-14,-9,14,9,FALSE,FALSE
494,31,115,98,102,115,98,102,115,98,102,-17,-13,17,13,FALSE,FALSE
494,32,90,84,82,90,84,82,90,84,82,-6,-8,6,8,FALSE,FALSE
494,33,77,71,67,77,71,67,77,71,67,-6,-10,6,10,FALSE,FALSE
494,34,60,57,61,60,57,61,60,57,61,-3,1,3,1,FALSE,FALSE
494,35,51,47,48,51,47,48,51,47,48,-4,-3,4,3,FALSE,FALSE
494,36,37,38,39,37,38,39,37,38,39,1,2,1,2,FALSE,FALSE
494,37,28,25,27,28,25,27,28,25,27,-3,-1,3,1,FALSE,FALSE
494,38,22,19,20,22,19,20,22,19,20,-3,-2,3,2,FALSE,FALSE
494,39,19,17,20,19,17,20,19,17,20,-2,1,2,1,FALSE,FALSE
494,40,13,15,16,13,15,16,13,15,16,2,3,2,3,FALSE,FALSE
494,41,9,9,13,9,9,13,9,9,13,0,4,0,4,TRUE,FALSE
494,42,8,7,13,8,7,13,8,7,13,-1,5,1,5,FALSE,FALSE
494,43,7,7,10,7,7,10,7,7,10,0,3,0,3,TRUE,FALSE
494,44,7,7,9,7,7,9,7,7,9,0,2,0,2,TRUE,FALSE
494,45,6,6,6,6,6,6,6,6,6,0,0,0,0,TRUE,TRUE
494,46,4,3,6,4,3,6,4,3,6,-1,2,1,2,FALSE,FALSE
494,47,3,2,5,3,2,5,3,2,5,-1,2,1,2,FALSE,FALSE
494,48,3,1,4,3,1,4,3,1,4,-2,1,2,1,FALSE,FALSE
494,49,3,1,3,3,1,3,3,1,3,-2,0,2,0,FALSE,TRUE
494,50,3,1,1,3,1,1,3,1,1,-2,-2,2,2,FALSE,FALSE
494,51,1,0,1,1,0,1,1,0,1,-1,0,1,0,FALSE,TRUE
494,52,0,0,1,0,0,1,0,0,1,0,1,0,1,TRUE,FALSE
494,53,0,0,0,0,0,0,0,0,0,0,0,0,0,TRUE,TRUE
494,54,0,0,0,0,0,0,0,0,0,0,0,0,0,TRUE,TRUE
494,55,0,0,0,0,0,0,0,0,0,0,0,0,0,TRUE,TRUE
494,56,0,0,0,0,0,0,0,0,0,0,0,0,0,TRUE,TRUE
494,57,0,0,0,0,0,0,0,0,0,0,0,0,0,TRUE,TRUE
494,58,0,0,0,0,0,0,0,0,0,0,0,0,0,TRUE,TRUE
494,59,0,0,0,0,0,0,0,0,0,0,0,0,0,TRUE,TRUE
494,60,0,0,0,0,0,0,0,0,0,0,0,0,0,TRUE,TRUE
495,0,65,65,65,65,65,65,65,65,65,0,0,0,0,TRUE,TRUE
495,1,87,91,93,87,91,93,87,91,93,4,6,4,6,FALSE,FALSE
495,2,129,125,134,129,125,134,129,125,134,-4,5,4,5,FALSE,FALSE
495,3,195,174,186,195,174,186,195,174,186,-21,-9,21,9,FALSE,FALSE
495,4,283,249,260,283,249,260,283,249,260,-34,-23,34,23,FALSE,FALSE
495,5,404,336,358,404,336,358,404,336,358,-68,-46,68,46,FALSE,FALSE
495,6,503,453,499,503,453,499,503,453,499,-50,-4,50,4,FALSE,FALSE
495,7,665,631,707,665,631,707,665,631,707,-34,42,34,42,FALSE,FALSE
495,8,907,854,928,907,854,928,907,854,928,-53,21,53,21,FALSE,FALSE
495,9,1215,1106,1257,1215,1106,1257,1215,1106,1257,-109,42,109,42,FALSE,FALSE
495,10,1539,1396,1596,1539,1396,1596,1539,1396,1596,-143,57,143,57,FALSE,FALSE
495,11,1923,1721,1917,1923,1721,1917,1923,1721,1917,-202,-6,202,6,FALSE,FALSE
495,12,2283,2020,2274,2283,2020,2274,2283,2020,2274,-263,-9,263,9,FALSE,FALSE
495,13,2616,2324,2606,2616,2324,2606,2616,2324,2606,-292,-10,292,10,FALSE,FALSE
495,14,2852,2588,2779,2852,2588,2779,2852,2588,2779,-264,-73,264,73,FALSE,FALSE
495,15,2920,2756,2865,2920,2756,2865,2920,2756,2865,-164,-55,164,55,FALSE,FALSE
495,16,2947,2842,2864,2947,2842,2864,2947,2842,2864,-105,-83,105,83,FALSE,FALSE
495,17,2870,2806,2824,2870,2806,2824,2870,2806,2824,-64,-46,64,46,FALSE,FALSE
495,18,2714,2728,2682,2714,2728,2682,2714,2728,2682,14,-32,14,32,FALSE,FALSE
495,19,2475,2615,2496,2475,2615,2496,2475,2615,2496,140,21,140,21,FALSE,FALSE
495,20,2292,2465,2275,2292,2465,2275,2292,2465,2275,173,-17,173,17,FALSE,FALSE
495,21,2072,2239,2053,2072,2239,2053,2072,2239,2053,167,-19,167,19,FALSE,FALSE
495,22,1880,1999,1829,1880,1999,1829,1880,1999,1829,119,-51,119,51,FALSE,FALSE
495,23,1682,1808,1655,1682,1808,1655,1682,1808,1655,126,-27,126,27,FALSE,FALSE
495,24,1512,1602,1487,1512,1602,1487,1512,1602,1487,90,-25,90,25,FALSE,FALSE
495,25,1324,1429,1319,1324,1429,1319,1324,1429,1319,105,-5,105,5,FALSE,FALSE
495,26,1159,1263,1162,1159,1263,1162,1159,1263,1162,104,3,104,3,FALSE,FALSE
495,27,1010,1136,1000,1010,1136,1000,1010,1136,1000,126,-10,126,10,FALSE,FALSE
495,28,898,984,895,898,984,895,898,984,895,86,-3,86,3,FALSE,FALSE
495,29,769,851,786,769,851,786,769,851,786,82,17,82,17,FALSE,FALSE
495,30,672,728,685,672,728,685,672,728,685,56,13,56,13,FALSE,FALSE
495,31,568,642,604,568,642,604,568,642,604,74,36,74,36,FALSE,FALSE
495,32,489,566,528,489,566,528,489,566,528,77,39,77,39,FALSE,FALSE
495,33,429,494,459,429,494,459,429,494,459,65,30,65,30,FALSE,FALSE
495,34,381,444,389,381,444,389,381,444,389,63,8,63,8,FALSE,FALSE
495,35,327,375,337,327,375,337,327,375,337,48,10,48,10,FALSE,FALSE
495,36,284,332,291,284,332,291,284,332,291,48,7,48,7,FALSE,FALSE
495,37,243,289,262,243,289,262,243,289,262,46,19,46,19,FALSE,FALSE
495,38,211,235,230,211,235,230,211,235,230,24,19,24,19,FALSE,FALSE
495,39,173,199,199,173,199,199,173,199,199,26,26,26,26,FALSE,FALSE
495,40,153,173,176,153,173,176,153,173,176,20,23,20,23,FALSE,FALSE
495,41,133,154,149,133,154,149,133,154,149,21,16,21,16,FALSE,FALSE
495,42,115,128,126,115,128,126,115,128,126,13,11,13,11,FALSE,FALSE
495,43,101,110,105,101,110,105,101,110,105,9,4,9,4,FALSE,FALSE
495,44,90,93,86,90,93,86,90,93,86,3,-4,3,4,FALSE,FALSE
495,45,74,81,72,74,81,72,74,81,72,7,-2,7,2,FALSE,FALSE
495,46,66,73,66,66,73,66,66,73,66,7,0,7,0,FALSE,TRUE
495,47,64,61,57,64,61,57,64,61,57,-3,-7,3,7,FALSE,FALSE
495,48,53,51,55,53,51,55,53,51,55,-2,2,2,2,FALSE,FALSE
495,49,45,47,45,45,47,45,45,47,45,2,0,2,0,FALSE,TRUE
495,50,35,40,37,35,40,37,35,40,37,5,2,5,2,FALSE,FALSE
495,51,32,29,32,32,29,32,32,29,32,-3,0,3,0,FALSE,TRUE
495,52,27,29,24,27,29,24,27,29,24,2,-3,2,3,FALSE,FALSE
495,53,22,25,20,22,25,20,22,25,20,3,-2,3,2,FALSE,FALSE
495,54,20,22,15,20,22,15,20,22,15,2,-5,2,5,FALSE,FALSE
495,55,17,20,12,17,20,12,17,20,12,3,-5,3,5,FALSE,FALSE
495,56,14,17,12,14,17,12,14,17,12,3,-2,3,2,FALSE,FALSE
495,57,13,15,11,13,15,11,13,15,11,2,-2,2,2,FALSE,FALSE
495,58,11,13,11,11,13,11,11,13,11,2,0,2,0,FALSE,TRUE
495,59,9,13,12,9,13,12,9,13,12,4,3,4,3,FALSE,FALSE
495,60,8,11,13,8,11,13,8,11,13,3,5,3,5,FALSE,FALSE
496,0,100,100,100,100,100,100,100,100,100,0,0,0,0,TRUE,TRUE
496,1,109,106,100,109,106,100,109,106,100,-3,-9,3,9,FALSE,FALSE
496,2,112,126,104,112,126,104,112,126,104,14,-8,14,8,FALSE,FALSE
496,3,134,141,127,134,141,127,134,141,127,7,-7,7,7,FALSE,FALSE
496,4,146,154,135,146,154,135,146,154,135,8,-11,8,11,FALSE,FALSE
496,5,164,172,159,164,172,159,164,172,159,8,-5,8,5,FALSE,FALSE
496,6,180,193,180,180,193,180,180,193,180,13,0,13,0,FALSE,TRUE
496,7,204,211,192,204,211,192,204,211,192,7,-12,7,12,FALSE,FALSE
496,8,216,226,206,216,226,206,216,226,206,10,-10,10,10,FALSE,FALSE
496,9,229,255,233,229,255,233,229,255,233,26,4,26,4,FALSE,FALSE
496,10,255,270,249,255,270,249,255,270,249,15,-6,15,6,FALSE,FALSE
496,11,278,294,262,278,294,262,278,294,262,16,-16,16,16,FALSE,FALSE
496,12,305,329,284,305,329,284,305,329,284,24,-21,24,21,FALSE,FALSE
496,13,323,351,298,323,351,298,323,351,298,28,-25,28,25,FALSE,FALSE
496,14,351,377,324,351,377,324,351,377,324,26,-27,26,27,FALSE,FALSE
496,15,395,412,357,395,412,357,395,412,357,17,-38,17,38,FALSE,FALSE
496,16,424,443,374,424,443,374,424,443,374,19,-50,19,50,FALSE,FALSE
496,17,463,497,415,463,497,415,463,497,415,34,-48,34,48,FALSE,FALSE
496,18,476,538,436,476,538,436,476,538,436,62,-40,62,40,FALSE,FALSE
496,19,502,587,450,502,587,450,502,587,450,85,-52,85,52,FALSE,FALSE
496,20,526,651,475,526,651,475,526,651,475,125,-51,125,51,FALSE,FALSE
496,21,560,674,500,560,674,500,560,674,500,114,-60,114,60,FALSE,FALSE
496,22,597,736,533,597,736,533,597,736,533,139,-64,139,64,FALSE,FALSE
496,23,616,791,577,616,791,577,616,791,577,175,-39,175,39,FALSE,FALSE
496,24,631,819,622,631,819,622,631,819,622,188,-9,188,9,FALSE,FALSE
496,25,660,845,656,660,845,656,660,845,656,185,-4,185,4,FALSE,FALSE
496,26,692,884,701,692,884,701,692,884,701,192,9,192,9,FALSE,FALSE
496,27,720,923,731,720,923,731,720,923,731,203,11,203,11,FALSE,FALSE
496,28,759,972,778,759,972,778,759,972,778,213,19,213,19,FALSE,FALSE
496,29,783,1017,816,783,1017,816,783,1017,816,234,33,234,33,FALSE,FALSE
496,30,800,1049,849,800,1049,849,800,1049,849,249,49,249,49,FALSE,FALSE
496,31,822,1063,878,822,1063,878,822,1063,878,241,56,241,56,FALSE,FALSE
496,32,833,1073,909,833,1073,909,833,1073,909,240,76,240,76,FALSE,FALSE
496,33,840,1060,927,840,1060,927,840,1060,927,220,87,220,87,FALSE,FALSE
496,34,840,1069,933,840,1069,933,840,1069,933,229,93,229,93,FALSE,FALSE
496,35,844,1039,931,844,1039,931,844,1039,931,195,87,195,87,FALSE,FALSE
496,36,839,1036,957,839,1036,957,839,1036,957,197,118,197,118,FALSE,FALSE
496,37,833,1018,955,833,1018,955,833,1018,955,185,122,185,122,FALSE,FALSE
496,38,855,1013,929,855,1013,929,855,1013,929,158,74,158,74,FALSE,FALSE
496,39,850,983,944,850,983,944,850,983,944,133,94,133,94,FALSE,FALSE
496,40,854,964,950,854,964,950,854,964,950,110,96,110,96,FALSE,FALSE
496,41,858,949,950,858,949,950,858,949,950,91,92,91,92,FALSE,FALSE
496,42,851,944,952,851,944,952,851,944,952,93,101,93,101,FALSE,FALSE
496,43,831,924,960,831,924,960,831,924,960,93,129,93,129,FALSE,FALSE
496,44,820,911,953,820,911,953,820,911,953,91,133,91,133,FALSE,FALSE
496,45,808,872,919,808,872,919,808,872,919,64,111,64,111,FALSE,FALSE
496,46,803,841,894,803,841,894,803,841,894,38,91,38,91,FALSE,FALSE
496,47,798,813,883,798,813,883,798,813,883,15,85,15,85,FALSE,FALSE
496,48,789,772,865,789,772,865,789,772,865,-17,76,17,76,FALSE,FALSE
496,49,773,740,828,773,740,828,773,740,828,-33,55,33,55,FALSE,FALSE
496,50,765,704,815,765,704,815,765,704,815,-61,50,61,50,FALSE,FALSE
496,51,743,679,782,743,679,782,743,679,782,-64,39,64,39,FALSE,FALSE
496,52,724,651,754,724,651,754,724,651,754,-73,30,73,30,FALSE,FALSE
496,53,691,618,721,691,618,721,691,618,721,-73,30,73,30,FALSE,FALSE
496,54,677,578,687,677,578,687,677,578,687,-99,10,99,10,FALSE,FALSE
496,55,656,544,652,656,544,652,656,544,652,-112,-4,112,4,FALSE,FALSE
496,56,632,525,643,632,525,643,632,525,643,-107,11,107,11,FALSE,FALSE
496,57,591,495,614,591,495,614,591,495,614,-96,23,96,23,FALSE,FALSE
496,58,559,456,598,559,456,598,559,456,598,-103,39,103,39,FALSE,FALSE
496,59,531,432,568,531,432,568,531,432,568,-99,37,99,37,FALSE,FALSE
496,60,513,406,548,513,406,548,513,406,548,-107,35,107,35,FALSE,FALSE
497,0,48,48,48,48,48,48,48,48,48,0,0,0,0,TRUE,TRUE
497,1,73,73,65,73,73,65,73,73,65,0,-8,0,8,TRUE,FALSE
497,2,125,109,88,125,109,88,125,109,88,-16,-37,16,37,FALSE,FALSE
497,3,189,161,118,189,161,118,189,161,118,-28,-71,28,71,FALSE,FALSE
497,4,281,249,164,281,249,164,281,249,164,-32,-117,32,117,FALSE,FALSE
497,5,430,392,241,430,392,241,430,392,241,-38,-189,38,189,FALSE,FALSE
497,6,567,578,361,567,578,361,567,578,361,11,-206,11,206,FALSE,FALSE
497,7,773,824,504,773,824,504,773,824,504,51,-269,51,269,FALSE,FALSE
497,8,1040,1111,700,1040,1111,700,1040,1111,700,71,-340,71,340,FALSE,FALSE
497,9,1363,1415,959,1363,1415,959,1363,1415,959,52,-404,52,404,FALSE,FALSE
497,10,1704,1686,1211,1704,1686,1211,1704,1686,1211,-18,-493,18,493,FALSE,FALSE
497,11,1898,1911,1521,1898,1911,1521,1898,1911,1521,13,-377,13,377,FALSE,FALSE
497,12,2043,2077,1770,2043,2077,1770,2043,2077,1770,34,-273,34,273,FALSE,FALSE
497,13,2131,2074,1963,2131,2074,1963,2131,2074,1963,-57,-168,57,168,FALSE,FALSE
497,14,2088,2005,2071,2088,2005,2071,2088,2005,2071,-83,-17,83,17,FALSE,FALSE
497,15,2008,1874,2080,2008,1874,2080,2008,1874,2080,-134,72,134,72,FALSE,FALSE
497,16,1864,1723,1992,1864,1723,1992,1864,1723,1992,-141,128,141,128,FALSE,FALSE
497,17,1697,1567,1826,1697,1567,1826,1697,1567,1826,-130,129,130,129,FALSE,FALSE
497,18,1489,1404,1680,1489,1404,1680,1489,1404,1680,-85,191,85,191,FALSE,FALSE
497,19,1324,1235,1512,1324,1235,1512,1324,1235,1512,-89,188,89,188,FALSE,FALSE
497,20,1149,1065,1365,1149,1065,1365,1149,1065,1365,-84,216,84,216,FALSE,FALSE
497,21,1008,937,1223,1008,937,1223,1008,937,1223,-71,215,71,215,FALSE,FALSE
497,22,849,816,1059,849,816,1059,849,816,1059,-33,210,33,210,FALSE,FALSE
497,23,708,696,927,708,696,927,708,696,927,-12,219,12,219,FALSE,FALSE
497,24,633,605,795,633,605,795,633,605,795,-28,162,28,162,FALSE,FALSE
497,25,554,513,684,554,513,684,554,513,684,-41,130,41,130,FALSE,FALSE
497,26,473,429,576,473,429,576,473,429,576,-44,103,44,103,FALSE,FALSE
497,27,403,359,496,403,359,496,403,359,496,-44,93,44,93,FALSE,FALSE
497,28,342,314,415,342,314,415,342,314,415,-28,73,28,73,FALSE,FALSE
497,29,295,278,353,295,278,353,295,278,353,-17,58,17,58,FALSE,FALSE
497,30,259,229,288,259,229,288,259,229,288,-30,29,30,29,FALSE,FALSE
497,31,229,189,249,229,189,249,229,189,249,-40,20,40,20,FALSE,FALSE
497,32,192,159,211,192,159,211,192,159,211,-33,19,33,19,FALSE,FALSE
497,33,165,136,166,165,136,166,165,136,166,-29,1,29,1,FALSE,FALSE
497,34,131,112,139,131,112,139,131,112,139,-19,8,19,8,FALSE,FALSE
497,35,112,103,121,112,103,121,112,103,121,-9,9,9,9,FALSE,FALSE
497,36,93,92,102,93,92,102,93,92,102,-1,9,1,9,FALSE,FALSE
497,37,80,75,85,80,75,85,80,75,85,-5,5,5,5,FALSE,FALSE
497,38,64,61,67,64,61,67,64,61,67,-3,3,3,3,FALSE,FALSE
497,39,50,48,59,50,48,59,50,48,59,-2,9,2,9,FALSE,FALSE
497,40,37,39,51,37,39,51,37,39,51,2,14,2,14,FALSE,FALSE
497,41,33,37,38,33,37,38,33,37,38,4,5,4,5,FALSE,FALSE
497,42,27,28,31,27,28,31,27,28,31,1,4,1,4,FALSE,FALSE
497,43,25,22,29,25,22,29,25,22,29,-3,4,3,4,FALSE,FALSE
497,44,22,15,24,22,15,24,22,15,24,-7,2,7,2,FALSE,FALSE
497,45,17,11,20,17,11,20,17,11,20,-6,3,6,3,FALSE,FALSE
497,46,16,10,19,16,10,19,16,10,19,-6,3,6,3,FALSE,FALSE
497,47,13,8,17,13,8,17,13,8,17,-5,4,5,4,FALSE,FALSE
497,48,10,7,14,10,7,14,10,7,14,-3,4,3,4,FALSE,FALSE
497,49,9,5,12,9,5,12,9,5,12,-4,3,4,3,FALSE,FALSE
497,50,7,5,12,7,5,12,7,5,12,-2,5,2,5,FALSE,FALSE
497,51,8,2,8,8,2,8,8,2,8,-6,0,6,0,FALSE,TRUE
497,52,5,2,7,5,2,7,5,2,7,-3,2,3,2,FALSE,FALSE
497,53,5,3,4,5,3,4,5,3,4,-2,-1,2,1,FALSE,FALSE
497,54,4,3,3,4,3,3,4,3,3,-1,-1,1,1,FALSE,FALSE
497,55,2,3,2,2,3,2,2,3,2,1,0,1,0,FALSE,TRUE
497,56,2,1,1,2,1,1,2,1,1,-1,-1,1,1,FALSE,FALSE
497,57,2,1,1,2,1,1,2,1,1,-1,-1,1,1,FALSE,FALSE
497,58,2,1,1,2,1,1,2,1,1,-1,-1,1,1,FALSE,FALSE
497,59,2,1,1,2,1,1,2,1,1,-1,-1,1,1,FALSE,FALSE
497,60,2,1,1,2,1,1,2,1,1,-1,-1,1,1,FALSE,FALSE
498,0,98,98,98,98,98,98,98,98,98,0,0,0,0,TRUE,TRUE
498,1,147,127,143,147,127,143,147,127,143,-20,-4,20,4,FALSE,FALSE
498,2,224,185,213,224,185,213,224,185,213,-39,-11,39,11,FALSE,FALSE
498,3,317,267,288,317,267,288,317,267,288,-50,-29,50,29,FALSE,FALSE
498,4,441,377,380,441,377,380,441,377,380,-64,-61,64,61,FALSE,FALSE
498,5,617,521,520,617,521,520,617,521,520,-96,-97,96,97,FALSE,FALSE
498,6,846,714,696,846,714,696,846,714,696,-132,-150,132,150,FALSE,FALSE
498,7,1151,969,924,1151,969,924,1151,969,924,-182,-227,182,227,FALSE,FALSE
498,8,1477,1258,1191,1477,1258,1191,1477,1258,1191,-219,-286,219,286,FALSE,FALSE
498,9,1901,1660,1559,1901,1660,1559,1901,1660,1559,-241,-342,241,342,FALSE,FALSE
498,10,2340,2040,1966,2340,2040,1966,2340,2040,1966,-300,-374,300,374,FALSE,FALSE
498,11,2838,2488,2310,2838,2488,2310,2838,2488,2310,-350,-528,350,528,FALSE,FALSE
498,12,3264,2859,2750,3264,2859,2750,3264,2859,2750,-405,-514,405,514,FALSE,FALSE
498,13,3627,3214,3160,3627,3214,3160,3627,3214,3160,-413,-467,413,467,FALSE,FALSE
498,14,3853,3519,3510,3853,3519,3510,3853,3519,3510,-334,-343,334,343,FALSE,FALSE
498,15,4030,3736,3711,4030,3736,3711,4030,3736,3711,-294,-319,294,319,FALSE,FALSE
498,16,4013,3855,3811,4013,3855,3811,4013,3855,3811,-158,-202,158,202,FALSE,FALSE
498,17,3933,3821,3897,3933,3821,3897,3933,3821,3897,-112,-36,112,36,FALSE,FALSE
498,18,3744,3689,3848,3744,3689,3848,3744,3689,3848,-55,104,55,104,FALSE,FALSE
498,19,3514,3567,3706,3514,3567,3706,3514,3567,3706,53,192,53,192,FALSE,FALSE
498,20,3274,3333,3452,3274,3333,3452,3274,3333,3452,59,178,59,178,FALSE,FALSE
498,21,3013,3075,3214,3013,3075,3214,3013,3075,3214,62,201,62,201,FALSE,FALSE
498,22,2781,2827,2974,2781,2827,2974,2781,2827,2974,46,193,46,193,FALSE,FALSE
498,23,2530,2560,2724,2530,2560,2724,2530,2560,2724,30,194,30,194,FALSE,FALSE
498,24,2287,2326,2491,2287,2326,2491,2287,2326,2491,39,204,39,204,FALSE,FALSE
498,25,2057,2080,2220,2057,2080,2220,2057,2080,2220,23,163,23,163,FALSE,FALSE
498,26,1818,1864,1984,1818,1864,1984,1818,1864,1984,46,166,46,166,FALSE,FALSE
498,27,1605,1686,1805,1605,1686,1805,1605,1686,1805,81,200,81,200,FALSE,FALSE
498,28,1412,1485,1619,1412,1485,1619,1412,1485,1619,73,207,73,207,FALSE,FALSE
498,29,1273,1333,1457,1273,1333,1457,1273,1333,1457,60,184,60,184,FALSE,FALSE
498,30,1146,1169,1287,1146,1169,1287,1146,1169,1287,23,141,23,141,FALSE,FALSE
498,31,1013,1052,1165,1013,1052,1165,1013,1052,1165,39,152,39,152,FALSE,FALSE
498,32,884,936,1030,884,936,1030,884,936,1030,52,146,52,146,FALSE,FALSE
498,33,779,840,908,779,840,908,779,840,908,61,129,61,129,FALSE,FALSE
498,34,693,747,817,693,747,817,693,747,817,54,124,54,124,FALSE,FALSE
498,35,589,671,708,589,671,708,589,671,708,82,119,82,119,FALSE,FALSE
498,36,518,610,635,518,610,635,518,610,635,92,117,92,117,FALSE,FALSE
498,37,466,528,565,466,528,565,466,528,565,62,99,62,99,FALSE,FALSE
498,38,418,467,498,418,467,498,418,467,498,49,80,49,80,FALSE,FALSE
498,39,376,414,449,376,414,449,376,414,449,38,73,38,73,FALSE,FALSE
498,40,337,359,402,337,359,402,337,359,402,22,65,22,65,FALSE,FALSE
498,41,299,325,364,299,325,364,299,325,364,26,65,26,65,FALSE,FALSE
498,42,267,281,316,267,281,316,267,281,316,14,49,14,49,FALSE,FALSE
498,43,234,261,278,234,261,278,234,261,278,27,44,27,44,FALSE,FALSE
498,44,210,231,244,210,231,244,210,231,244,21,34,21,34,FALSE,FALSE
498,45,190,204,216,190,204,216,190,204,216,14,26,14,26,FALSE,FALSE
498,46,170,180,188,170,180,188,170,180,188,10,18,10,18,FALSE,FALSE
498,47,152,158,175,152,158,175,152,158,175,6,23,6,23,FALSE,FALSE
498,48,130,132,150,130,132,150,130,132,150,2,20,2,20,FALSE,FALSE
498,49,120,114,135,120,114,135,120,114,135,-6,15,6,15,FALSE,FALSE
498,50,101,100,121,101,100,121,101,100,121,-1,20,1,20,FALSE,FALSE
498,51,89,89,104,89,89,104,89,89,104,0,15,0,15,TRUE,FALSE
498,52,81,85,82,81,85,82,81,85,82,4,1,4,1,FALSE,FALSE
498,53,78,73,78,78,73,78,78,73,78,-5,0,5,0,FALSE,TRUE
498,54,70,66,69,70,66,69,70,66,69,-4,-1,4,1,FALSE,FALSE
498,55,60,58,64,60,58,64,60,58,64,-2,4,2,4,FALSE,FALSE
498,56,54,51,56,54,51,56,54,51,56,-3,2,3,2,FALSE,FALSE
498,57,50,45,52,50,45,52,50,45,52,-5,2,5,2,FALSE,FALSE
498,58,41,36,47,41,36,47,41,36,47,-5,6,5,6,FALSE,FALSE
498,59,35,31,37,35,31,37,35,31,37,-4,2,4,2,FALSE,FALSE
498,60,31,27,34,31,27,34,31,27,34,-4,3,4,3,FALSE,FALSE
499,0,97,97,97,97,97,97,97,97,97,0,0,0,0,TRUE,TRUE
499,1,159,139,146,159,139,146,159,139,146,-20,-13,20,13,FALSE,FALSE
499,2,253,245,238,253,245,238,253,245,238,-8,-15,8,15,FALSE,FALSE
499,3,390,388,364,390,388,364,390,388,364,-2,-26,2,26,FALSE,FALSE
499,4,607,598,555,607,598,555,607,598,555,-9,-52,9,52,FALSE,FALSE
499,5,919,886,840,919,886,840,919,886,840,-33,-79,33,79,FALSE,FALSE
499,6,1300,1268,1177,1300,1268,1177,1300,1268,1177,-32,-123,32,123,FALSE,FALSE
499,7,1749,1731,1647,1749,1731,1647,1749,1731,1647,-18,-102,18,102,FALSE,FALSE
499,8,2187,2128,2068,2187,2128,2068,2187,2128,2068,-59,-119,59,119,FALSE,FALSE
499,9,2517,2406,2454,2517,2406,2454,2517,2406,2454,-111,-63,111,63,FALSE,FALSE
499,10,2631,2557,2586,2631,2557,2586,2631,2557,2586,-74,-45,74,45,FALSE,FALSE
499,11,2592,2587,2612,2592,2587,2612,2592,2587,2612,-5,20,5,20,FALSE,FALSE
499,12,2435,2474,2499,2435,2474,2499,2435,2474,2499,39,64,39,64,FALSE,FALSE
499,13,2233,2335,2278,2233,2335,2278,2233,2335,2278,102,45,102,45,FALSE,FALSE
499,14,1935,2116,2024,1935,2116,2024,1935,2116,2024,181,89,181,89,FALSE,FALSE
499,15,1696,1869,1792,1696,1869,1792,1696,1869,1792,173,96,173,96,FALSE,FALSE
499,16,1506,1621,1517,1506,1621,1517,1506,1621,1517,115,11,115,11,FALSE,FALSE
499,17,1308,1392,1273,1308,1392,1273,1308,1392,1273,84,-35,84,35,FALSE,FALSE
499,18,1118,1203,1072,1118,1203,1072,1118,1203,1072,85,-46,85,46,FALSE,FALSE
499,19,943,1020,905,943,1020,905,943,1020,905,77,-38,77,38,FALSE,FALSE
499,20,776,870,768,776,870,768,776,870,768,94,-8,94,8,FALSE,FALSE
499,21,649,716,646,649,716,646,649,716,646,67,-3,67,3,FALSE,FALSE
499,22,546,595,535,546,595,535,546,595,535,49,-11,49,11,FALSE,FALSE
499,23,454,486,451,454,486,451,454,486,451,32,-3,32,3,FALSE,FALSE
499,24,381,408,387,381,408,387,381,408,387,27,6,27,6,FALSE,FALSE
499,25,328,333,315,328,333,315,328,333,315,5,-13,5,13,FALSE,FALSE
499,26,271,275,264,271,275,264,271,275,264,4,-7,4,7,FALSE,FALSE
499,27,218,233,223,218,233,223,218,233,223,15,5,15,5,FALSE,FALSE
499,28,169,203,189,169,203,189,169,203,189,34,20,34,20,FALSE,FALSE
499,29,140,163,161,140,163,161,140,163,161,23,21,23,21,FALSE,FALSE
499,30,120,134,132,120,134,132,120,134,132,14,12,14,12,FALSE,FALSE
499,31,101,114,114,101,114,114,101,114,114,13,13,13,13,FALSE,FALSE
499,32,85,87,91,85,87,91,85,87,91,2,6,2,6,FALSE,FALSE
499,33,68,68,76,68,68,76,68,68,76,0,8,0,8,TRUE,FALSE
499,34,55,56,65,55,56,65,55,56,65,1,10,1,10,FALSE,FALSE
499,35,45,48,61,45,48,61,45,48,61,3,16,3,16,FALSE,FALSE
499,36,32,45,54,32,45,54,32,45,54,13,22,13,22,FALSE,FALSE
499,37,25,38,45,25,38,45,25,38,45,13,20,13,20,FALSE,FALSE
499,38,22,28,36,22,28,36,22,28,36,6,14,6,14,FALSE,FALSE
499,39,17,26,31,17,26,31,17,26,31,9,14,9,14,FALSE,FALSE
499,40,11,22,26,11,22,26,11,22,26,11,15,11,15,FALSE,FALSE
499,41,8,19,22,8,19,22,8,19,22,11,14,11,14,FALSE,FALSE
499,42,5,16,18,5,16,18,5,16,18,11,13,11,13,FALSE,FALSE
499,43,3,13,15,3,13,15,3,13,15,10,12,10,12,FALSE,FALSE
499,44,3,11,9,3,11,9,3,11,9,8,6,8,6,FALSE,FALSE
499,45,1,10,7,1,10,7,1,10,7,9,6,9,6,FALSE,FALSE
499,46,1,10,6,1,10,6,1,10,6,9,5,9,5,FALSE,FALSE
499,47,1,8,6,1,8,6,1,8,6,7,5,7,5,FALSE,FALSE
499,48,1,6,4,1,6,4,1,6,4,5,3,5,3,FALSE,FALSE
499,49,1,3,3,1,3,3,1,3,3,2,2,2,2,FALSE,FALSE
499,50,1,2,3,1,2,3,1,2,3,1,2,1,2,FALSE,FALSE
499,51,1,1,3,1,1,3,1,1,3,0,2,0,2,TRUE,FALSE
499,52,1,1,1,1,1,1,1,1,1,0,0,0,0,TRUE,TRUE
499,53,1,1,1,1,1,1,1,1,1,0,0,0,0,TRUE,TRUE
499,54,1,1,1,1,1,1,1,1,1,0,0,0,0,TRUE,TRUE
499,55,0,1,1,0,1,1,0,1,1,1,1,1,1,FALSE,FALSE
499,56,0,1,0,0,1,0,0,1,0,1,0,1,0,FALSE,TRUE
499,57,0,1,0,0,1,0,0,1,0,1,0,1,0,FALSE,TRUE
499,58,0,1,0,0,1,0,0,1,0,1,0,1,0,FALSE,TRUE
499,59,0,1,0,0,1,0,0,1,0,1,0,1,0,FALSE,TRUE
499,60,0,1,0,0,1,0,0,1,0,1,0,1,0,FALSE,TRUE
500,0,118,118,118,118,118,118,118,118,118,0,0,0,0,TRUE,TRUE
500,1,190,189,174,190,189,174,190,189,174,-1,-16,1,16,FALSE,FALSE
500,2,316,292,245,316,292,245,316,292,245,-24,-71,24,71,FALSE,FALSE
500,3,485,459,395,485,459,395,485,459,395,-26,-90,26,90,FALSE,FALSE
500,4,704,687,601,704,687,601,704,687,601,-17,-103,17,103,FALSE,FALSE
500,5,1087,1037,855,1087,1037,855,1087,1037,855,-50,-232,50,232,FALSE,FALSE
500,6,1511,1458,1229,1511,1458,1229,1511,1458,1229,-53,-282,53,282,FALSE,FALSE
500,7,1991,1863,1673,1991,1863,1673,1991,1863,1673,-128,-318,128,318,FALSE,FALSE
500,8,2372,2254,2072,2372,2254,2072,2372,2254,2072,-118,-300,118,300,FALSE,FALSE
500,9,2566,2471,2430,2566,2471,2430,2566,2471,2430,-95,-136,95,136,FALSE,FALSE
500,10,2592,2586,2618,2592,2586,2618,2592,2586,2618,-6,26,6,26,FALSE,FALSE
500,11,2555,2613,2559,2555,2613,2559,2555,2613,2559,58,4,58,4,FALSE,FALSE
500,12,2355,2384,2416,2355,2384,2416,2355,2384,2416,29,61,29,61,FALSE,FALSE
500,13,2054,2131,2192,2054,2131,2192,2054,2131,2192,77,138,77,138,FALSE,FALSE
500,14,1754,1837,1942,1754,1837,1942,1754,1837,1942,83,188,83,188,FALSE,FALSE
500,15,1450,1591,1680,1450,1591,1680,1450,1591,1680,141,230,141,230,FALSE,FALSE
500,16,1227,1331,1398,1227,1331,1398,1227,1331,1398,104,171,104,171,FALSE,FALSE
500,17,988,1128,1142,988,1128,1142,988,1128,1142,140,154,140,154,FALSE,FALSE
500,18,804,916,953,804,916,953,804,916,953,112,149,112,149,FALSE,FALSE
500,19,645,732,805,645,732,805,645,732,805,87,160,87,160,FALSE,FALSE
500,20,510,591,648,510,591,648,510,591,648,81,138,81,138,FALSE,FALSE
500,21,406,460,505,406,460,505,406,460,505,54,99,54,99,FALSE,FALSE
500,22,327,393,408,327,393,408,327,393,408,66,81,66,81,FALSE,FALSE
500,23,264,323,326,264,323,326,264,323,326,59,62,59,62,FALSE,FALSE
500,24,212,267,286,212,267,286,212,267,286,55,74,55,74,FALSE,FALSE
500,25,168,208,243,168,208,243,168,208,243,40,75,40,75,FALSE,FALSE
500,26,134,162,191,134,162,191,134,162,191,28,57,28,57,FALSE,FALSE
500,27,102,140,148,102,140,148,102,140,148,38,46,38,46,FALSE,FALSE
500,28,89,109,114,89,109,114,89,109,114,20,25,20,25,FALSE,FALSE
500,29,71,83,83,71,83,83,71,83,83,12,12,12,12,FALSE,FALSE
500,30,57,63,58,57,63,58,57,63,58,6,1,6,1,FALSE,FALSE
500,31,51,44,48,51,44,48,51,44,48,-7,-3,7,3,FALSE,FALSE
500,32,42,40,34,42,40,34,42,40,34,-2,-8,2,8,FALSE,FALSE
500,33,35,35,27,35,35,27,35,35,27,0,-8,0,8,TRUE,FALSE
500,34,29,28,19,29,28,19,29,28,19,-1,-10,1,10,FALSE,FALSE
500,35,25,27,14,25,27,14,25,27,14,2,-11,2,11,FALSE,FALSE
500,36,18,25,13,18,25,13,18,25,13,7,-5,7,5,FALSE,FALSE
500,37,16,22,9,16,22,9,16,22,9,6,-7,6,7,FALSE,FALSE
500,38,13,18,6,13,18,6,13,18,6,5,-7,5,7,FALSE,FALSE
500,39,12,12,5,12,12,5,12,12,5,0,-7,0,7,TRUE,FALSE
500,40,9,12,2,9,12,2,9,12,2,3,-7,3,7,FALSE,FALSE
500,41,7,8,1,7,8,1,7,8,1,1,-6,1,6,FALSE,FALSE
500,42,6,6,1,6,6,1,6,6,1,0,-5,0,5,TRUE,FALSE
500,43,5,7,1,5,7,1,5,7,1,2,-4,2,4,FALSE,FALSE
500,44,4,6,1,4,6,1,4,6,1,2,-3,2,3,FALSE,FALSE
500,45,1,5,0,1,5,0,1,5,0,4,-1,4,1,FALSE,FALSE
500,46,1,4,0,1,4,0,1,4,0,3,-1,3,1,FALSE,FALSE
500,47,1,4,0,1,4,0,1,4,0,3,-1,3,1,FALSE,FALSE
500,48,0,2,0,0,2,0,0,2,0,2,0,2,0,FALSE,TRUE
500,49,0,2,0,0,2,0,0,2,0,2,0,2,0,FALSE,TRUE
500,50,0,2,0,0,2,0,0,2,0,2,0,2,0,FALSE,TRUE
500,51,0,2,0,0,2,0,0,2,0,2,0,2,0,FALSE,TRUE
500,52,0,1,0,0,1,0,0,1,0,1,0,1,0,FALSE,TRUE
500,53,0,1,0,0,1,0,0,1,0,1,0,1,0,FALSE,TRUE
500,54,0,1,0,0,1,0,0,1,0,1,0,1,0,FALSE,TRUE
500,55,0,1,0,0,1,0,0,1,0,1,0,1,0,FALSE,TRUE
500,56,0,1,0,0,1,0,0,1,0,1,0,1,0,FALSE,TRUE
500,57,0,1,0,0,1,0,0,1,0,1,0,1,0,FALSE,TRUE
500,58,0,1,0,0,1,0,0,1,0,1,0,1,0,FALSE,TRUE
500,59,0,0,0,0,0,0,0,0,0,0,0,0,0,TRUE,TRUE
500,60,0,0,0,0,0,0,0,0,0,0,0,0,0,TRUE,TRUE
501,0,111,111,111,111,111,111,111,111,111,0,0,0,0,TRUE,TRUE
501,1,155,156,151,155,156,151,155,156,151,1,-4,1,4,FALSE,FALSE
501,2,214,196,209,214,196,209,214,196,209,-18,-5,18,5,FALSE,FALSE
501,3,302,277,308,302,277,308,302,277,308,-25,6,25,6,FALSE,FALSE
501,4,428,376,440,428,376,440,428,376,440,-52,12,52,12,FALSE,FALSE
501,5,570,523,623,570,523,623,570,523,623,-47,53,47,53,FALSE,FALSE
501,6,804,700,863,804,700,863,804,700,863,-104,59,104,59,FALSE,FALSE
501,7,1072,951,1216,1072,951,1216,1072,951,1216,-121,144,121,144,FALSE,FALSE
501,8,1373,1248,1556,1373,1248,1556,1373,1248,1556,-125,183,125,183,FALSE,FALSE
501,9,1750,1610,1970,1750,1610,1970,1750,1610,1970,-140,220,140,220,FALSE,FALSE
501,10,2214,2037,2452,2214,2037,2452,2214,2037,2452,-177,238,177,238,FALSE,FALSE
501,11,2674,2504,2984,2674,2504,2984,2674,2504,2984,-170,310,170,310,FALSE,FALSE
501,12,3102,2941,3443,3102,2941,3443,3102,2941,3443,-161,341,161,341,FALSE,FALSE
501,13,3545,3337,3828,3545,3337,3828,3545,3337,3828,-208,283,208,283,FALSE,FALSE
501,14,3856,3670,4083,3856,3670,4083,3856,3670,4083,-186,227,186,227,FALSE,FALSE
501,15,4047,3941,4250,4047,3941,4250,4047,3941,4250,-106,203,106,203,FALSE,FALSE
501,16,4123,4067,4308,4123,4067,4308,4123,4067,4308,-56,185,56,185,FALSE,FALSE
501,17,4122,4048,4253,4122,4048,4253,4122,4048,4253,-74,131,74,131,FALSE,FALSE
501,18,3985,3954,4116,3985,3954,4116,3985,3954,4116,-31,131,31,131,FALSE,FALSE
501,19,3803,3846,3884,3803,3846,3884,3803,3846,3884,43,81,43,81,FALSE,FALSE
501,20,3608,3672,3634,3608,3672,3634,3608,3672,3634,64,26,64,26,FALSE,FALSE
501,21,3382,3501,3352,3382,3501,3352,3382,3501,3352,119,-30,119,30,FALSE,FALSE
501,22,3145,3268,3075,3145,3268,3075,3145,3268,3075,123,-70,123,70,FALSE,FALSE
501,23,2896,3093,2832,2896,3093,2832,2896,3093,2832,197,-64,197,64,FALSE,FALSE
501,24,2640,2856,2616,2640,2856,2616,2640,2856,2616,216,-24,216,24,FALSE,FALSE
501,25,2422,2617,2352,2422,2617,2352,2422,2617,2352,195,-70,195,70,FALSE,FALSE
501,26,2176,2390,2132,2176,2390,2132,2176,2390,2132,214,-44,214,44,FALSE,FALSE
501,27,1982,2185,1923,1982,2185,1923,1982,2185,1923,203,-59,203,59,FALSE,FALSE
501,28,1807,1983,1752,1807,1983,1752,1807,1983,1752,176,-55,176,55,FALSE,FALSE
501,29,1644,1786,1584,1644,1786,1584,1644,1786,1584,142,-60,142,60,FALSE,FALSE
501,30,1494,1587,1431,1494,1587,1431,1494,1587,1431,93,-63,93,63,FALSE,FALSE
501,31,1349,1434,1287,1349,1434,1287,1349,1434,1287,85,-62,85,62,FALSE,FALSE
501,32,1218,1300,1136,1218,1300,1136,1218,1300,1136,82,-82,82,82,FALSE,FALSE
501,33,1077,1183,1012,1077,1183,1012,1077,1183,1012,106,-65,106,65,FALSE,FALSE
501,34,949,1059,924,949,1059,924,949,1059,924,110,-25,110,25,FALSE,FALSE
501,35,845,959,835,845,959,835,845,959,835,114,-10,114,10,FALSE,FALSE
501,36,762,867,760,762,867,760,762,867,760,105,-2,105,2,FALSE,FALSE
501,37,687,787,692,687,787,692,687,787,692,100,5,100,5,FALSE,FALSE
501,38,610,703,609,610,703,609,610,703,609,93,-1,93,1,FALSE,FALSE
501,39,543,629,554,543,629,554,543,629,554,86,11,86,11,FALSE,FALSE
501,40,481,565,495,481,565,495,481,565,495,84,14,84,14,FALSE,FALSE
501,41,432,512,448,432,512,448,432,512,448,80,16,80,16,FALSE,FALSE
501,42,385,463,405,385,463,405,385,463,405,78,20,78,20,FALSE,FALSE
501,43,346,423,353,346,423,353,346,423,353,77,7,77,7,FALSE,FALSE
501,44,303,377,321,303,377,321,303,377,321,74,18,74,18,FALSE,FALSE
501,45,271,343,284,271,343,284,271,343,284,72,13,72,13,FALSE,FALSE
501,46,243,299,252,243,299,252,243,299,252,56,9,56,9,FALSE,FALSE
501,47,221,268,222,221,268,222,221,268,222,47,1,47,1,FALSE,FALSE
501,48,199,234,193,199,234,193,199,234,193,35,-6,35,6,FALSE,FALSE
501,49,177,205,177,177,205,177,177,205,177,28,0,28,0,FALSE,TRUE
501,50,154,182,158,154,182,158,154,182,158,28,4,28,4,FALSE,FALSE
501,51,138,163,136,138,163,136,138,163,136,25,-2,25,2,FALSE,FALSE
501,52,120,146,121,120,146,121,120,146,121,26,1,26,1,FALSE,FALSE
501,53,105,124,103,105,124,103,105,124,103,19,-2,19,2,FALSE,FALSE
501,54,95,113,95,95,113,95,95,113,95,18,0,18,0,FALSE,TRUE
501,55,84,107,81,84,107,81,84,107,81,23,-3,23,3,FALSE,FALSE
501,56,74,96,72,74,96,72,74,96,72,22,-2,22,2,FALSE,FALSE
501,57,66,83,66,66,83,66,66,83,66,17,0,17,0,FALSE,TRUE
501,58,60,75,61,60,75,61,60,75,61,15,1,15,1,FALSE,FALSE
501,59,53,68,49,53,68,49,53,68,49,15,-4,15,4,FALSE,FALSE
501,60,49,60,44,49,60,44,49,60,44,11,-5,11,5,FALSE,FALSE
502,0,117,117,117,117,117,117,117,117,117,0,0,0,0,TRUE,TRUE
502,1,164,162,163,164,162,163,164,162,163,-2,-1,2,1,FALSE,FALSE
502,2,230,201,236,230,201,236,230,201,236,-29,6,29,6,FALSE,FALSE
502,3,309,250,325,309,250,325,309,250,325,-59,16,59,16,FALSE,FALSE
502,4,429,359,454,429,359,454,429,359,454,-70,25,70,25,FALSE,FALSE
502,5,584,459,617,584,459,617,584,459,617,-125,33,125,33,FALSE,FALSE
502,6,793,607,801,793,607,801,793,607,801,-186,8,186,8,FALSE,FALSE
502,7,1033,835,991,1033,835,991,1033,835,991,-198,-42,198,42,FALSE,FALSE
502,8,1329,1060,1210,1329,1060,1210,1329,1060,1210,-269,-119,269,119,FALSE,FALSE
502,9,1564,1340,1494,1564,1340,1494,1564,1340,1494,-224,-70,224,70,FALSE,FALSE
502,10,1895,1673,1773,1895,1673,1773,1895,1673,1773,-222,-122,222,122,FALSE,FALSE
502,11,2159,1959,2114,2159,1959,2114,2159,1959,2114,-200,-45,200,45,FALSE,FALSE
502,12,2335,2180,2352,2335,2180,2352,2335,2180,2352,-155,17,155,17,FALSE,FALSE
502,13,2494,2319,2484,2494,2319,2484,2494,2319,2484,-175,-10,175,10,FALSE,FALSE
502,14,2504,2418,2582,2504,2418,2582,2504,2418,2582,-86,78,86,78,FALSE,FALSE
502,15,2519,2456,2523,2519,2456,2523,2519,2456,2523,-63,4,63,4,FALSE,FALSE
502,16,2438,2411,2404,2438,2411,2404,2438,2411,2404,-27,-34,27,34,FALSE,FALSE
502,17,2284,2283,2251,2284,2283,2251,2284,2283,2251,-1,-33,1,33,FALSE,FALSE
502,18,2069,2104,2037,2069,2104,2037,2069,2104,2037,35,-32,35,32,FALSE,FALSE
502,19,1866,1934,1824,1866,1934,1824,1866,1934,1824,68,-42,68,42,FALSE,FALSE
502,20,1627,1732,1594,1627,1732,1594,1627,1732,1594,105,-33,105,33,FALSE,FALSE
502,21,1436,1569,1408,1436,1569,1408,1436,1569,1408,133,-28,133,28,FALSE,FALSE
502,22,1247,1375,1226,1247,1375,1226,1247,1375,1226,128,-21,128,21,FALSE,FALSE
502,23,1076,1199,1034,1076,1199,1034,1076,1199,1034,123,-42,123,42,FALSE,FALSE
502,24,891,1040,881,891,1040,881,891,1040,881,149,-10,149,10,FALSE,FALSE
502,25,769,888,733,769,888,733,769,888,733,119,-36,119,36,FALSE,FALSE
502,26,660,739,629,660,739,629,660,739,629,79,-31,79,31,FALSE,FALSE
502,27,565,612,533,565,612,533,565,612,533,47,-32,47,32,FALSE,FALSE
502,28,475,532,426,475,532,426,475,532,426,57,-49,57,49,FALSE,FALSE
502,29,386,465,365,386,465,365,386,465,365,79,-21,79,21,FALSE,FALSE
502,30,328,378,311,328,378,311,328,378,311,50,-17,50,17,FALSE,FALSE
502,31,272,302,271,272,302,271,272,302,271,30,-1,30,1,FALSE,FALSE
502,32,229,242,220,229,242,220,229,242,220,13,-9,13,9,FALSE,FALSE
502,33,185,198,188,185,198,188,185,198,188,13,3,13,3,FALSE,FALSE
502,34,155,171,145,155,171,145,155,171,145,16,-10,16,10,FALSE,FALSE
502,35,122,135,110,122,135,110,122,135,110,13,-12,13,12,FALSE,FALSE
502,36,100,111,96,100,111,96,100,111,96,11,-4,11,4,FALSE,FALSE
502,37,85,97,78,85,97,78,85,97,78,12,-7,12,7,FALSE,FALSE
502,38,70,80,60,70,80,60,70,80,60,10,-10,10,10,FALSE,FALSE
502,39,57,58,53,57,58,53,57,58,53,1,-4,1,4,FALSE,FALSE
502,40,48,43,44,48,43,44,48,43,44,-5,-4,5,4,FALSE,FALSE
502,41,36,37,34,36,37,34,36,37,34,1,-2,1,2,FALSE,FALSE
502,42,28,31,30,28,31,30,28,31,30,3,2,3,2,FALSE,FALSE
502,43,26,23,25,26,23,25,26,23,25,-3,-1,3,1,FALSE,FALSE
502,44,22,15,20,22,15,20,22,15,20,-7,-2,7,2,FALSE,FALSE
502,45,18,11,19,18,11,19,18,11,19,-7,1,7,1,FALSE,FALSE
502,46,14,9,13,14,9,13,14,9,13,-5,-1,5,1,FALSE,FALSE
502,47,12,5,10,12,5,10,12,5,10,-7,-2,7,2,FALSE,FALSE
502,48,11,5,8,11,5,8,11,5,8,-6,-3,6,3,FALSE,FALSE
502,49,10,4,6,10,4,6,10,4,6,-6,-4,6,4,FALSE,FALSE
502,50,6,4,5,6,4,5,6,4,5,-2,-1,2,1,FALSE,FALSE
502,51,3,3,4,3,3,4,3,3,4,0,1,0,1,TRUE,FALSE
502,52,2,3,2,2,3,2,2,3,2,1,0,1,0,FALSE,TRUE
502,53,2,3,1,2,3,1,2,3,1,1,-1,1,1,FALSE,FALSE
502,54,2,3,1,2,3,1,2,3,1,1,-1,1,1,FALSE,FALSE
502,55,2,2,1,2,2,1,2,2,1,0,-1,0,1,TRUE,FALSE
502,56,2,2,1,2,2,1,2,2,1,0,-1,0,1,TRUE,FALSE
502,57,0,1,1,0,1,1,0,1,1,1,1,1,1,FALSE,FALSE
502,58,0,1,1,0,1,1,0,1,1,1,1,1,1,FALSE,FALSE
502,59,0,1,1,0,1,1,0,1,1,1,1,1,1,FALSE,FALSE
502,60,0,1,1,0,1,1,0,1,1,1,1,1,1,FALSE,FALSE
503,0,138,138,138,138,138,138,138,138,138,0,0,0,0,TRUE,TRUE
503,1,206,185,190,206,185,190,206,185,190,-21,-16,21,16,FALSE,FALSE
503,2,275,231,281,275,231,281,275,231,281,-44,6,44,6,FALSE,FALSE
503,3,351,321,367,351,321,367,351,321,367,-30,16,30,16,FALSE,FALSE
503,4,444,409,472,444,409,472,444,409,472,-35,28,35,28,FALSE,FALSE
503,5,587,511,612,587,511,612,587,511,612,-76,25,76,25,FALSE,FALSE
503,6,758,680,764,758,680,764,758,680,764,-78,6,78,6,FALSE,FALSE
503,7,921,818,953,921,818,953,921,818,953,-103,32,103,32,FALSE,FALSE
503,8,1101,1007,1119,1101,1007,1119,1101,1007,1119,-94,18,94,18,FALSE,FALSE
503,9,1267,1283,1302,1267,1283,1302,1267,1283,1302,16,35,16,35,FALSE,FALSE
503,10,1427,1488,1495,1427,1488,1495,1427,1488,1495,61,68,61,68,FALSE,FALSE
503,11,1564,1690,1700,1564,1690,1700,1564,1690,1700,126,136,126,136,FALSE,FALSE
503,12,1701,1810,1818,1701,1810,1818,1701,1810,1818,109,117,109,117,FALSE,FALSE
503,13,1777,1926,1910,1777,1926,1910,1777,1926,1910,149,133,149,133,FALSE,FALSE
503,14,1799,1948,1872,1799,1948,1872,1799,1948,1872,149,73,149,73,FALSE,FALSE
503,15,1779,1945,1785,1779,1945,1785,1779,1945,1785,166,6,166,6,FALSE,FALSE
503,16,1724,1856,1727,1724,1856,1727,1724,1856,1727,132,3,132,3,FALSE,FALSE
503,17,1623,1742,1623,1623,1742,1623,1623,1742,1623,119,0,119,0,FALSE,TRUE
503,18,1503,1595,1521,1503,1595,1521,1503,1595,1521,92,18,92,18,FALSE,FALSE
503,19,1406,1447,1358,1406,1447,1358,1406,1447,1358,41,-48,41,48,FALSE,FALSE
503,20,1274,1360,1198,1274,1360,1198,1274,1360,1198,86,-76,86,76,FALSE,FALSE
503,21,1175,1192,1062,1175,1192,1062,1175,1192,1062,17,-113,17,113,FALSE,FALSE
503,22,1049,1028,940,1049,1028,940,1049,1028,940,-21,-109,21,109,FALSE,FALSE
503,23,942,918,851,942,918,851,942,918,851,-24,-91,24,91,FALSE,FALSE
503,24,794,778,745,794,778,745,794,778,745,-16,-49,16,49,FALSE,FALSE
503,25,673,660,638,673,660,638,673,660,638,-13,-35,13,35,FALSE,FALSE
503,26,572,566,530,572,566,530,572,566,530,-6,-42,6,42,FALSE,FALSE
503,27,478,502,436,478,502,436,478,502,436,24,-42,24,42,FALSE,FALSE
503,28,428,431,377,428,431,377,428,431,377,3,-51,3,51,FALSE,FALSE
503,29,372,382,320,372,382,320,372,382,320,10,-52,10,52,FALSE,FALSE
503,30,325,333,274,325,333,274,325,333,274,8,-51,8,51,FALSE,FALSE
503,31,268,274,232,268,274,232,268,274,232,6,-36,6,36,FALSE,FALSE
503,32,233,225,197,233,225,197,233,225,197,-8,-36,8,36,FALSE,FALSE
503,33,196,197,173,196,197,173,196,197,173,1,-23,1,23,FALSE,FALSE
503,34,165,151,139,165,151,139,165,151,139,-14,-26,14,26,FALSE,FALSE
503,35,129,132,123,129,132,123,129,132,123,3,-6,3,6,FALSE,FALSE
503,36,104,103,100,104,103,100,104,103,100,-1,-4,1,4,FALSE,FALSE
503,37,89,95,89,89,95,89,89,95,89,6,0,6,0,FALSE,TRUE
503,38,64,70,76,64,70,76,64,70,76,6,12,6,12,FALSE,FALSE
503,39,52,64,66,52,64,66,52,64,66,12,14,12,14,FALSE,FALSE
503,40,47,56,56,47,56,56,47,56,56,9,9,9,9,FALSE,FALSE
503,41,39,52,44,39,52,44,39,52,44,13,5,13,5,FALSE,FALSE
503,42,34,48,35,34,48,35,34,48,35,14,1,14,1,FALSE,FALSE
503,43,25,34,28,25,34,28,25,34,28,9,3,9,3,FALSE,FALSE
503,44,22,27,24,22,27,24,22,27,24,5,2,5,2,FALSE,FALSE
503,45,18,19,18,18,19,18,18,19,18,1,0,1,0,FALSE,TRUE
503,46,10,17,14,10,17,14,10,17,14,7,4,7,4,FALSE,FALSE
503,47,8,17,9,8,17,9,8,17,9,9,1,9,1,FALSE,FALSE
503,48,4,16,7,4,16,7,4,16,7,12,3,12,3,FALSE,FALSE
503,49,3,13,4,3,13,4,3,13,4,10,1,10,1,FALSE,FALSE
503,50,3,12,2,3,12,2,3,12,2,9,-1,9,1,FALSE,FALSE
503,51,4,12,2,4,12,2,4,12,2,8,-2,8,2,FALSE,FALSE
503,52,2,10,2,2,10,2,2,10,2,8,0,8,0,FALSE,TRUE
503,53,2,8,2,2,8,2,2,8,2,6,0,6,0,FALSE,TRUE
503,54,1,8,2,1,8,2,1,8,2,7,1,7,1,FALSE,FALSE
503,55,1,6,1,1,6,1,1,6,1,5,0,5,0,FALSE,TRUE
503,56,1,6,1,1,6,1,1,6,1,5,0,5,0,FALSE,TRUE
503,57,0,4,2,0,4,2,0,4,2,4,2,4,2,FALSE,FALSE
503,58,0,4,1,0,4,1,0,4,1,4,1,4,1,FALSE,FALSE
503,59,0,6,1,0,6,1,0,6,1,6,1,6,1,FALSE,FALSE
503,60,0,5,1,0,5,1,0,5,1,5,1,5,1,FALSE,FALSE
504,0,74,74,74,74,74,74,74,74,74,0,0,0,0,TRUE,TRUE
504,1,85,88,95,85,88,95,85,88,95,3,10,3,10,FALSE,FALSE
504,2,98,110,119,98,110,119,98,110,119,12,21,12,21,FALSE,FALSE
504,3,108,127,162,108,127,162,108,127,162,19,54,19,54,FALSE,FALSE
504,4,144,149,216,144,149,216,144,149,216,5,72,5,72,FALSE,FALSE
504,5,200,189,264,200,189,264,200,189,264,-11,64,11,64,FALSE,FALSE
504,6,244,239,308,244,239,308,244,239,308,-5,64,5,64,FALSE,FALSE
504,7,312,305,394,312,305,394,312,305,394,-7,82,7,82,FALSE,FALSE
504,8,371,387,461,371,387,461,371,387,461,16,90,16,90,FALSE,FALSE
504,9,443,489,540,443,489,540,443,489,540,46,97,46,97,FALSE,FALSE
504,10,532,574,634,532,574,634,532,574,634,42,102,42,102,FALSE,FALSE
504,11,646,686,768,646,686,768,646,686,768,40,122,40,122,FALSE,FALSE
504,12,757,844,923,757,844,923,757,844,923,87,166,87,166,FALSE,FALSE
504,13,888,973,1080,888,973,1080,888,973,1080,85,192,85,192,FALSE,FALSE
504,14,1054,1137,1187,1054,1137,1187,1054,1137,1187,83,133,83,133,FALSE,FALSE
504,15,1206,1308,1330,1206,1308,1330,1206,1308,1330,102,124,102,124,FALSE,FALSE
504,16,1345,1515,1465,1345,1515,1465,1345,1515,1465,170,120,170,120,FALSE,FALSE
504,17,1464,1643,1578,1464,1643,1578,1464,1643,1578,179,114,179,114,FALSE,FALSE
504,18,1610,1761,1680,1610,1761,1680,1610,1761,1680,151,70,151,70,FALSE,FALSE
504,19,1744,1914,1770,1744,1914,1770,1744,1914,1770,170,26,170,26,FALSE,FALSE
504,20,1794,2039,1813,1794,2039,1813,1794,2039,1813,245,19,245,19,FALSE,FALSE
504,21,1815,2099,1883,1815,2099,1883,1815,2099,1883,284,68,284,68,FALSE,FALSE
504,22,1864,2043,1887,1864,2043,1887,1864,2043,1887,179,23,179,23,FALSE,FALSE
504,23,1887,2038,1830,1887,2038,1830,1887,2038,1830,151,-57,151,57,FALSE,FALSE
504,24,1857,1981,1763,1857,1981,1763,1857,1981,1763,124,-94,124,94,FALSE,FALSE
504,25,1795,1907,1686,1795,1907,1686,1795,1907,1686,112,-109,112,109,FALSE,FALSE
504,26,1707,1765,1599,1707,1765,1599,1707,1765,1599,58,-108,58,108,FALSE,FALSE
504,27,1631,1612,1510,1631,1612,1510,1631,1612,1510,-19,-121,19,121,FALSE,FALSE
504,28,1593,1484,1422,1593,1484,1422,1593,1484,1422,-109,-171,109,171,FALSE,FALSE
504,29,1524,1353,1357,1524,1353,1357,1524,1353,1357,-171,-167,171,167,FALSE,FALSE
504,30,1398,1266,1269,1398,1266,1269,1398,1266,1269,-132,-129,132,129,FALSE,FALSE
504,31,1291,1167,1174,1291,1167,1174,1291,1167,1174,-124,-117,124,117,FALSE,FALSE
504,32,1183,1071,1065,1183,1071,1065,1183,1071,1065,-112,-118,112,118,FALSE,FALSE
504,33,1093,978,989,1093,978,989,1093,978,989,-115,-104,115,104,FALSE,FALSE
504,34,952,885,886,952,885,886,952,885,886,-67,-66,67,66,FALSE,FALSE
504,35,873,799,790,873,799,790,873,799,790,-74,-83,74,83,FALSE,FALSE
504,36,782,711,690,782,711,690,782,711,690,-71,-92,71,92,FALSE,FALSE
504,37,736,643,617,736,643,617,736,643,617,-93,-119,93,119,FALSE,FALSE
504,38,672,576,532,672,576,532,672,576,532,-96,-140,96,140,FALSE,FALSE
504,39,607,511,467,607,511,467,607,511,467,-96,-140,96,140,FALSE,FALSE
504,40,572,469,439,572,469,439,572,469,439,-103,-133,103,133,FALSE,FALSE
504,41,507,416,387,507,416,387,507,416,387,-91,-120,91,120,FALSE,FALSE
504,42,456,351,340,456,351,340,456,351,340,-105,-116,105,116,FALSE,FALSE
504,43,392,310,298,392,310,298,392,310,298,-82,-94,82,94,FALSE,FALSE
504,44,354,277,262,354,277,262,354,277,262,-77,-92,77,92,FALSE,FALSE
504,45,319,248,228,319,248,228,319,248,228,-71,-91,71,91,FALSE,FALSE
504,46,275,218,201,275,218,201,275,218,201,-57,-74,57,74,FALSE,FALSE
504,47,246,185,178,246,185,178,246,185,178,-61,-68,61,68,FALSE,FALSE
504,48,221,154,155,221,154,155,221,154,155,-67,-66,67,66,FALSE,FALSE
504,49,190,129,138,190,129,138,190,129,138,-61,-52,61,52,FALSE,FALSE
504,50,158,119,123,158,119,123,158,119,123,-39,-35,39,35,FALSE,FALSE
504,51,134,97,112,134,97,112,134,97,112,-37,-22,37,22,FALSE,FALSE
504,52,131,78,105,131,78,105,131,78,105,-53,-26,53,26,FALSE,FALSE
504,53,119,63,91,119,63,91,119,63,91,-56,-28,56,28,FALSE,FALSE
504,54,113,56,80,113,56,80,113,56,80,-57,-33,57,33,FALSE,FALSE
504,55,99,51,68,99,51,68,99,51,68,-48,-31,48,31,FALSE,FALSE
504,56,90,48,64,90,48,64,90,48,64,-42,-26,42,26,FALSE,FALSE
504,57,75,43,57,75,43,57,75,43,57,-32,-18,32,18,FALSE,FALSE
504,58,70,37,51,70,37,51,70,37,51,-33,-19,33,19,FALSE,FALSE
504,59,57,34,44,57,34,44,57,34,44,-23,-13,23,13,FALSE,FALSE
504,60,50,25,45,50,25,45,50,25,45,-25,-5,25,5,FALSE,FALSE
505,0,50,50,50,50,50,50,50,50,50,0,0,0,0,TRUE,TRUE
505,1,54,57,60,54,57,60,54,57,60,3,6,3,6,FALSE,FALSE
505,2,67,70,70,67,70,70,67,70,70,3,3,3,3,FALSE,FALSE
505,3,81,85,80,81,85,80,81,85,80,4,-1,4,1,FALSE,FALSE
505,4,89,102,101,89,102,101,89,102,101,13,12,13,12,FALSE,FALSE
505,5,103,108,111,103,108,111,103,108,111,5,8,5,8,FALSE,FALSE
505,6,132,115,147,132,115,147,132,115,147,-17,15,17,15,FALSE,FALSE
505,7,160,137,177,160,137,177,160,137,177,-23,17,23,17,FALSE,FALSE
505,8,194,154,233,194,154,233,194,154,233,-40,39,40,39,FALSE,FALSE
505,9,254,180,278,254,180,278,254,180,278,-74,24,74,24,FALSE,FALSE
505,10,306,207,340,306,207,340,306,207,340,-99,34,99,34,FALSE,FALSE
505,11,376,256,396,376,256,396,376,256,396,-120,20,120,20,FALSE,FALSE
505,12,452,296,466,452,296,466,452,296,466,-156,14,156,14,FALSE,FALSE
505,13,506,337,558,506,337,558,506,337,558,-169,52,169,52,FALSE,FALSE
505,14,591,409,606,591,409,606,591,409,606,-182,15,182,15,FALSE,FALSE
505,15,708,454,687,708,454,687,708,454,687,-254,-21,254,21,FALSE,FALSE
505,16,832,524,758,832,524,758,832,524,758,-308,-74,308,74,FALSE,FALSE
505,17,945,561,839,945,561,839,945,561,839,-384,-106,384,106,FALSE,FALSE
505,18,1023,634,940,1023,634,940,1023,634,940,-389,-83,389,83,FALSE,FALSE
505,19,1139,696,992,1139,696,992,1139,696,992,-443,-147,443,147,FALSE,FALSE
505,20,1224,759,1091,1224,759,1091,1224,759,1091,-465,-133,465,133,FALSE,FALSE
505,21,1278,824,1151,1278,824,1151,1278,824,1151,-454,-127,454,127,FALSE,FALSE
505,22,1325,893,1215,1325,893,1215,1325,893,1215,-432,-110,432,110,FALSE,FALSE
505,23,1340,943,1265,1340,943,1265,1340,943,1265,-397,-75,397,75,FALSE,FALSE
505,24,1337,996,1323,1337,996,1323,1337,996,1323,-341,-14,341,14,FALSE,FALSE
505,25,1349,1025,1336,1349,1025,1336,1349,1025,1336,-324,-13,324,13,FALSE,FALSE
505,26,1347,1044,1313,1347,1044,1313,1347,1044,1313,-303,-34,303,34,FALSE,FALSE
505,27,1313,1058,1297,1313,1058,1297,1313,1058,1297,-255,-16,255,16,FALSE,FALSE
505,28,1261,1095,1243,1261,1095,1243,1261,1095,1243,-166,-18,166,18,FALSE,FALSE
505,29,1192,1121,1232,1192,1121,1232,1192,1121,1232,-71,40,71,40,FALSE,FALSE
505,30,1152,1092,1180,1152,1092,1180,1152,1092,1180,-60,28,60,28,FALSE,FALSE
505,31,1103,1028,1111,1103,1028,1111,1103,1028,1111,-75,8,75,8,FALSE,FALSE
505,32,1037,1023,1028,1037,1023,1028,1037,1023,1028,-14,-9,14,9,FALSE,FALSE
505,33,943,978,972,943,978,972,943,978,972,35,29,35,29,FALSE,FALSE
505,34,861,919,910,861,919,910,861,919,910,58,49,58,49,FALSE,FALSE
505,35,812,879,848,812,879,848,812,879,848,67,36,67,36,FALSE,FALSE
505,36,741,843,765,741,843,765,741,843,765,102,24,102,24,FALSE,FALSE
505,37,681,807,702,681,807,702,681,807,702,126,21,126,21,FALSE,FALSE
505,38,634,765,651,634,765,651,634,765,651,131,17,131,17,FALSE,FALSE
505,39,595,700,599,595,700,599,595,700,599,105,4,105,4,FALSE,FALSE
505,40,544,645,545,544,645,545,544,645,545,101,1,101,1,FALSE,FALSE
505,41,509,594,510,509,594,510,509,594,510,85,1,85,1,FALSE,FALSE
505,42,455,538,472,455,538,472,455,538,472,83,17,83,17,FALSE,FALSE
505,43,401,503,416,401,503,416,401,503,416,102,15,102,15,FALSE,FALSE
505,44,359,463,368,359,463,368,359,463,368,104,9,104,9,FALSE,FALSE
505,45,315,424,329,315,424,329,315,424,329,109,14,109,14,FALSE,FALSE
505,46,283,387,296,283,387,296,283,387,296,104,13,104,13,FALSE,FALSE
505,47,263,361,262,263,361,262,263,361,262,98,-1,98,1,FALSE,FALSE
505,48,237,342,234,237,342,234,237,342,234,105,-3,105,3,FALSE,FALSE
505,49,205,328,219,205,328,219,205,328,219,123,14,123,14,FALSE,FALSE
505,50,180,288,195,180,288,195,180,288,195,108,15,108,15,FALSE,FALSE
505,51,168,263,174,168,263,174,168,263,174,95,6,95,6,FALSE,FALSE
505,52,149,244,163,149,244,163,149,244,163,95,14,95,14,FALSE,FALSE
505,53,126,221,138,126,221,138,126,221,138,95,12,95,12,FALSE,FALSE
505,54,119,196,124,119,196,124,119,196,124,77,5,77,5,FALSE,FALSE
505,55,102,180,111,102,180,111,102,180,111,78,9,78,9,FALSE,FALSE
505,56,99,164,94,99,164,94,99,164,94,65,-5,65,5,FALSE,FALSE
505,57,93,149,85,93,149,85,93,149,85,56,-8,56,8,FALSE,FALSE
505,58,84,132,74,84,132,74,84,132,74,48,-10,48,10,FALSE,FALSE
505,59,74,119,65,74,119,65,74,119,65,45,-9,45,9,FALSE,FALSE
505,60,72,111,61,72,111,61,72,111,61,39,-11,39,11,FALSE,FALSE
506,0,122,122,122,122,122,122,122,122,122,0,0,0,0,TRUE,TRUE
506,1,214,167,231,214,167,231,214,167,231,-47,17,47,17,FALSE,FALSE
506,2,377,238,406,377,238,406,377,238,406,-139,29,139,29,FALSE,FALSE
506,3,700,344,737,700,344,737,700,344,737,-356,37,356,37,FALSE,FALSE
506,4,1211,491,1261,1211,491,1261,1211,491,1261,-720,50,720,50,FALSE,FALSE
506,5,1872,664,2063,1872,664,2063,1872,664,2063,-1208,191,1208,191,FALSE,FALSE
506,6,2727,904,3034,2727,904,3034,2727,904,3034,-1823,307,1823,307,FALSE,FALSE
506,7,3673,1142,3876,3673,1142,3876,3673,1142,3876,-2531,203,2531,203,FALSE,FALSE
506,8,4139,1464,4343,4139,1464,4343,4139,1464,4343,-2675,204,2675,204,FALSE,FALSE
506,9,4184,1816,4223,4184,1816,4223,4184,1816,4223,-2368,39,2368,39,FALSE,FALSE
506,10,3885,2132,3829,3885,2132,3829,3885,2132,3829,-1753,-56,1753,56,FALSE,FALSE
506,11,3368,2442,3243,3368,2442,3243,3368,2442,3243,-926,-125,926,125,FALSE,FALSE
506,12,2815,2654,2680,2815,2654,2680,2815,2654,2680,-161,-135,161,135,FALSE,FALSE
506,13,2281,2810,2172,2281,2810,2172,2281,2810,2172,529,-109,529,109,FALSE,FALSE
506,14,1835,2806,1745,1835,2806,1745,1835,2806,1745,971,-90,971,90,FALSE,FALSE
506,15,1451,2723,1386,1451,2723,1386,1451,2723,1386,1272,-65,1272,65,FALSE,FALSE
506,16,1169,2551,1087,1169,2551,1087,1169,2551,1087,1382,-82,1382,82,FALSE,FALSE
506,17,930,2260,848,930,2260,848,930,2260,848,1330,-82,1330,82,FALSE,FALSE
506,18,733,1986,679,733,1986,679,733,1986,679,1253,-54,1253,54,FALSE,FALSE
506,19,576,1742,527,576,1742,527,576,1742,527,1166,-49,1166,49,FALSE,FALSE
506,20,465,1524,391,465,1524,391,465,1524,391,1059,-74,1059,74,FALSE,FALSE
506,21,363,1315,317,363,1315,317,363,1315,317,952,-46,952,46,FALSE,FALSE
506,22,292,1114,243,292,1114,243,292,1114,243,822,-49,822,49,FALSE,FALSE
506,23,220,923,187,220,923,187,220,923,187,703,-33,703,33,FALSE,FALSE
506,24,171,770,144,171,770,144,171,770,144,599,-27,599,27,FALSE,FALSE
506,25,134,655,117,134,655,117,134,655,117,521,-17,521,17,FALSE,FALSE
506,26,99,559,89,99,559,89,99,559,89,460,-10,460,10,FALSE,FALSE
506,27,84,480,68,84,480,68,84,480,68,396,-16,396,16,FALSE,FALSE
506,28,65,402,49,65,402,49,65,402,49,337,-16,337,16,FALSE,FALSE
506,29,54,331,38,54,331,38,54,331,38,277,-16,277,16,FALSE,FALSE
506,30,41,261,30,41,261,30,41,261,30,220,-11,220,11,FALSE,FALSE
506,31,33,224,22,33,224,22,33,224,22,191,-11,191,11,FALSE,FALSE
506,32,25,194,16,25,194,16,25,194,16,169,-9,169,9,FALSE,FALSE
506,33,22,144,11,22,144,11,22,144,11,122,-11,122,11,FALSE,FALSE
506,34,22,120,10,22,120,10,22,120,10,98,-12,98,12,FALSE,FALSE
506,35,21,98,10,21,98,10,21,98,10,77,-11,77,11,FALSE,FALSE
506,36,15,82,7,15,82,7,15,82,7,67,-8,67,8,FALSE,FALSE
506,37,13,64,5,13,64,5,13,64,5,51,-8,51,8,FALSE,FALSE
506,38,12,53,4,12,53,4,12,53,4,41,-8,41,8,FALSE,FALSE
506,39,12,44,4,12,44,4,12,44,4,32,-8,32,8,FALSE,FALSE
506,40,8,35,3,8,35,3,8,35,3,27,-5,27,5,FALSE,FALSE
506,41,8,26,2,8,26,2,8,26,2,18,-6,18,6,FALSE,FALSE
506,42,6,20,2,6,20,2,6,20,2,14,-4,14,4,FALSE,FALSE
506,43,5,17,0,5,17,0,5,17,0,12,-5,12,5,FALSE,FALSE
506,44,4,17,0,4,17,0,4,17,0,13,-4,13,4,FALSE,FALSE
506,45,5,15,0,5,15,0,5,15,0,10,-5,10,5,FALSE,FALSE
506,46,4,12,0,4,12,0,4,12,0,8,-4,8,4,FALSE,FALSE
506,47,2,10,0,2,10,0,2,10,0,8,-2,8,2,FALSE,FALSE
506,48,2,9,0,2,9,0,2,9,0,7,-2,7,2,FALSE,FALSE
506,49,1,8,0,1,8,0,1,8,0,7,-1,7,1,FALSE,FALSE
506,50,1,8,0,1,8,0,1,8,0,7,-1,7,1,FALSE,FALSE
506,51,1,2,0,1,2,0,1,2,0,1,-1,1,1,FALSE,FALSE
506,52,1,2,0,1,2,0,1,2,0,1,-1,1,1,FALSE,FALSE
506,53,1,1,0,1,1,0,1,1,0,0,-1,0,1,TRUE,FALSE
506,54,1,1,0,1,1,0,1,1,0,0,-1,0,1,TRUE,FALSE
506,55,1,1,0,1,1,0,1,1,0,0,-1,0,1,TRUE,FALSE
506,56,1,1,0,1,1,0,1,1,0,0,-1,0,1,TRUE,FALSE
506,57,1,0,0,1,0,0,1,0,0,-1,-1,1,1,FALSE,FALSE
506,58,1,0,0,1,0,0,1,0,0,-1,-1,1,1,FALSE,FALSE
506,59,1,0,0,1,0,0,1,0,0,-1,-1,1,1,FALSE,FALSE
506,60,1,0,0,1,0,0,1,0,0,-1,-1,1,1,FALSE,FALSE
507,0,68,68,68,68,68,68,68,68,68,0,0,0,0,TRUE,TRUE
507,1,90,95,92,90,95,92,90,95,92,5,2,5,2,FALSE,FALSE
507,2,118,107,125,118,107,125,118,107,125,-11,7,11,7,FALSE,FALSE
507,3,154,151,172,154,151,172,154,151,172,-3,18,3,18,FALSE,FALSE
507,4,205,198,243,205,198,243,205,198,243,-7,38,7,38,FALSE,FALSE
507,5,267,246,307,267,246,307,267,246,307,-21,40,21,40,FALSE,FALSE
507,6,320,303,373,320,303,373,320,303,373,-17,53,17,53,FALSE,FALSE
507,7,412,381,440,412,381,440,412,381,440,-31,28,31,28,FALSE,FALSE
507,8,507,473,559,507,473,559,507,473,559,-34,52,34,52,FALSE,FALSE
507,9,642,599,664,642,599,664,642,599,664,-43,22,43,22,FALSE,FALSE
507,10,772,721,833,772,721,833,772,721,833,-51,61,51,61,FALSE,FALSE
507,11,938,860,979,938,860,979,938,860,979,-78,41,78,41,FALSE,FALSE
507,12,1131,1013,1158,1131,1013,1158,1131,1013,1158,-118,27,118,27,FALSE,FALSE
507,13,1289,1207,1380,1289,1207,1380,1289,1207,1380,-82,91,82,91,FALSE,FALSE
507,14,1429,1385,1589,1429,1385,1589,1429,1385,1589,-44,160,44,160,FALSE,FALSE
507,15,1593,1526,1795,1593,1526,1795,1593,1526,1795,-67,202,67,202,FALSE,FALSE
507,16,1755,1697,1995,1755,1697,1995,1755,1697,1995,-58,240,58,240,FALSE,FALSE
507,17,1908,1841,2174,1908,1841,2174,1908,1841,2174,-67,266,67,266,FALSE,FALSE
507,18,2072,1933,2298,2072,1933,2298,2072,1933,2298,-139,226,139,226,FALSE,FALSE
507,19,2136,2006,2333,2136,2006,2333,2136,2006,2333,-130,197,130,197,FALSE,FALSE
507,20,2221,2061,2330,2221,2061,2330,2221,2061,2330,-160,109,160,109,FALSE,FALSE
507,21,2173,2054,2282,2173,2054,2282,2173,2054,2282,-119,109,119,109,FALSE,FALSE
507,22,2190,2023,2240,2190,2023,2240,2190,2023,2240,-167,50,167,50,FALSE,FALSE
507,23,2127,1963,2134,2127,1963,2134,2127,1963,2134,-164,7,164,7,FALSE,FALSE
507,24,2045,1916,2012,2045,1916,2012,2045,1916,2012,-129,-33,129,33,FALSE,FALSE
507,25,1955,1863,1926,1955,1863,1926,1955,1863,1926,-92,-29,92,29,FALSE,FALSE
507,26,1860,1755,1802,1860,1755,1802,1860,1755,1802,-105,-58,105,58,FALSE,FALSE
507,27,1725,1656,1650,1725,1656,1650,1725,1656,1650,-69,-75,69,75,FALSE,FALSE
507,28,1574,1511,1530,1574,1511,1530,1574,1511,1530,-63,-44,63,44,FALSE,FALSE
507,29,1448,1425,1412,1448,1425,1412,1448,1425,1412,-23,-36,23,36,FALSE,FALSE
507,30,1330,1314,1291,1330,1314,1291,1330,1314,1291,-16,-39,16,39,FALSE,FALSE
507,31,1230,1207,1183,1230,1207,1183,1230,1207,1183,-23,-47,23,47,FALSE,FALSE
507,32,1122,1107,1086,1122,1107,1086,1122,1107,1086,-15,-36,15,36,FALSE,FALSE
507,33,1011,1023,961,1011,1023,961,1011,1023,961,12,-50,12,50,FALSE,FALSE
507,34,900,936,862,900,936,862,900,936,862,36,-38,36,38,FALSE,FALSE
507,35,833,862,767,833,862,767,833,862,767,29,-66,29,66,FALSE,FALSE
507,36,767,776,697,767,776,697,767,776,697,9,-70,9,70,FALSE,FALSE
507,37,701,710,624,701,710,624,701,710,624,9,-77,9,77,FALSE,FALSE
507,38,640,656,566,640,656,566,640,656,566,16,-74,16,74,FALSE,FALSE
507,39,585,594,518,585,594,518,585,594,518,9,-67,9,67,FALSE,FALSE
507,40,516,526,450,516,526,450,516,526,450,10,-66,10,66,FALSE,FALSE
507,41,464,464,399,464,464,399,464,464,399,0,-65,0,65,TRUE,FALSE
507,42,438,423,368,438,423,368,438,423,368,-15,-70,15,70,FALSE,FALSE
507,43,395,391,331,395,391,331,395,391,331,-4,-64,4,64,FALSE,FALSE
507,44,348,351,300,348,351,300,348,351,300,3,-48,3,48,FALSE,FALSE
507,45,322,316,275,322,316,275,322,316,275,-6,-47,6,47,FALSE,FALSE
507,46,287,289,254,287,289,254,287,289,254,2,-33,2,33,FALSE,FALSE
507,47,256,259,230,256,259,230,256,259,230,3,-26,3,26,FALSE,FALSE
507,48,242,238,205,242,238,205,242,238,205,-4,-37,4,37,FALSE,FALSE
507,49,224,216,178,224,216,178,224,216,178,-8,-46,8,46,FALSE,FALSE
507,50,204,192,161,204,192,161,204,192,161,-12,-43,12,43,FALSE,FALSE
507,51,180,171,142,180,171,142,180,171,142,-9,-38,9,38,FALSE,FALSE
507,52,162,150,126,162,150,126,162,150,126,-12,-36,12,36,FALSE,FALSE
507,53,143,144,114,143,144,114,143,144,114,1,-29,1,29,FALSE,FALSE
507,54,125,132,104,125,132,104,125,132,104,7,-21,7,21,FALSE,FALSE
507,55,114,117,91,114,117,91,114,117,91,3,-23,3,23,FALSE,FALSE
507,56,105,105,77,105,105,77,105,105,77,0,-28,0,28,TRUE,FALSE
507,57,90,92,72,90,92,72,90,92,72,2,-18,2,18,FALSE,FALSE
507,58,76,84,62,76,84,62,76,84,62,8,-14,8,14,FALSE,FALSE
507,59,71,80,56,71,80,56,71,80,56,9,-15,9,15,FALSE,FALSE
507,60,66,63,49,66,63,49,66,63,49,-3,-17,3,17,FALSE,FALSE
508,0,78,78,78,78,78,78,78,78,78,0,0,0,0,TRUE,TRUE
508,1,81,80,86,81,80,86,81,80,86,-1,5,1,5,FALSE,FALSE
508,2,79,82,90,79,82,90,79,82,90,3,11,3,11,FALSE,FALSE
508,3,81,87,96,81,87,96,81,87,96,6,15,6,15,FALSE,FALSE
508,4,77,91,109,77,91,109,77,91,109,14,32,14,32,FALSE,FALSE
508,5,83,99,118,83,99,118,83,99,118,16,35,16,35,FALSE,FALSE
508,6,86,99,121,86,99,121,86,99,121,13,35,13,35,FALSE,FALSE
508,7,90,109,122,90,109,122,90,109,122,19,32,19,32,FALSE,FALSE
508,8,91,117,123,91,117,123,91,117,123,26,32,26,32,FALSE,FALSE
508,9,92,123,125,92,123,125,92,123,125,31,33,31,33,FALSE,FALSE
508,10,101,126,136,101,126,136,101,126,136,25,35,25,35,FALSE,FALSE
508,11,103,127,127,103,127,127,103,127,127,24,24,24,24,FALSE,FALSE
508,12,103,131,144,103,131,144,103,131,144,28,41,28,41,FALSE,FALSE
508,13,111,144,144,111,144,144,111,144,144,33,33,33,33,FALSE,FALSE
508,14,116,142,160,116,142,160,116,142,160,26,44,26,44,FALSE,FALSE
508,15,123,145,161,123,145,161,123,145,161,22,38,22,38,FALSE,FALSE
508,16,123,160,166,123,160,166,123,160,166,37,43,37,43,FALSE,FALSE
508,17,131,154,175,131,154,175,131,154,175,23,44,23,44,FALSE,FALSE
508,18,132,166,197,132,166,197,132,166,197,34,65,34,65,FALSE,FALSE
508,19,136,173,195,136,173,195,136,173,195,37,59,37,59,FALSE,FALSE
508,20,145,181,194,145,181,194,145,181,194,36,49,36,49,FALSE,FALSE
508,21,154,194,201,154,194,201,154,194,201,40,47,40,47,FALSE,FALSE
508,22,158,197,205,158,197,205,158,197,205,39,47,39,47,FALSE,FALSE
508,23,152,203,208,152,203,208,152,203,208,51,56,51,56,FALSE,FALSE
508,24,151,212,210,151,212,210,151,212,210,61,59,61,59,FALSE,FALSE
508,25,156,216,226,156,216,226,156,216,226,60,70,60,70,FALSE,FALSE
508,26,161,233,223,161,233,223,161,233,223,72,62,72,62,FALSE,FALSE
508,27,149,239,223,149,239,223,149,239,223,90,74,90,74,FALSE,FALSE
508,28,152,253,234,152,253,234,152,253,234,101,82,101,82,FALSE,FALSE
508,29,172,252,255,172,252,255,172,252,255,80,83,80,83,FALSE,FALSE
508,30,171,256,252,171,256,252,171,256,252,85,81,85,81,FALSE,FALSE
508,31,185,255,263,185,255,263,185,255,263,70,78,70,78,FALSE,FALSE
508,32,176,273,265,176,273,265,176,273,265,97,89,97,89,FALSE,FALSE
508,33,174,279,254,174,279,254,174,279,254,105,80,105,80,FALSE,FALSE
508,34,170,303,244,170,303,244,170,303,244,133,74,133,74,FALSE,FALSE
508,35,171,294,240,171,294,240,171,294,240,123,69,123,69,FALSE,FALSE
508,36,179,280,248,179,280,248,179,280,248,101,69,101,69,FALSE,FALSE
508,37,187,293,248,187,293,248,187,293,248,106,61,106,61,FALSE,FALSE
508,38,193,301,246,193,301,246,193,301,246,108,53,108,53,FALSE,FALSE
508,39,206,307,249,206,307,249,206,307,249,101,43,101,43,FALSE,FALSE
508,40,199,307,250,199,307,250,199,307,250,108,51,108,51,FALSE,FALSE
508,41,190,312,257,190,312,257,190,312,257,122,67,122,67,FALSE,FALSE
508,42,188,313,252,188,313,252,188,313,252,125,64,125,64,FALSE,FALSE
508,43,193,293,252,193,293,252,193,293,252,100,59,100,59,FALSE,FALSE
508,44,182,296,251,182,296,251,182,296,251,114,69,114,69,FALSE,FALSE
508,45,185,296,245,185,296,245,185,296,245,111,60,111,60,FALSE,FALSE
508,46,196,304,240,196,304,240,196,304,240,108,44,108,44,FALSE,FALSE
508,47,206,312,242,206,312,242,206,312,242,106,36,106,36,FALSE,FALSE
508,48,209,312,241,209,312,241,209,312,241,103,32,103,32,FALSE,FALSE
508,49,210,314,243,210,314,243,210,314,243,104,33,104,33,FALSE,FALSE
508,50,226,309,241,226,309,241,226,309,241,83,15,83,15,FALSE,FALSE
508,51,234,316,233,234,316,233,234,316,233,82,-1,82,1,FALSE,FALSE
508,52,232,318,234,232,318,234,232,318,234,86,2,86,2,FALSE,FALSE
508,53,250,297,230,250,297,230,250,297,230,47,-20,47,20,FALSE,FALSE
508,54,235,284,228,235,284,228,235,284,228,49,-7,49,7,FALSE,FALSE
508,55,231,271,225,231,271,225,231,271,225,40,-6,40,6,FALSE,FALSE
508,56,238,252,221,238,252,221,238,252,221,14,-17,14,17,FALSE,FALSE
508,57,254,256,216,254,256,216,254,256,216,2,-38,2,38,FALSE,FALSE
508,58,253,246,210,253,246,210,253,246,210,-7,-43,7,43,FALSE,FALSE
508,59,250,245,210,250,245,210,250,245,210,-5,-40,5,40,FALSE,FALSE
508,60,249,251,200,249,251,200,249,251,200,2,-49,2,49,FALSE,FALSE
509,0,72,72,72,72,72,72,72,72,72,0,0,0,0,TRUE,TRUE
509,1,87,83,80,87,83,80,87,83,80,-4,-7,4,7,FALSE,FALSE
509,2,97,100,87,97,100,87,97,100,87,3,-10,3,10,FALSE,FALSE
509,3,102,120,91,102,120,91,102,120,91,18,-11,18,11,FALSE,FALSE
509,4,111,131,106,111,131,106,111,131,106,20,-5,20,5,FALSE,FALSE
509,5,114,156,120,114,156,120,114,156,120,42,6,42,6,FALSE,FALSE
509,6,136,168,133,136,168,133,136,168,133,32,-3,32,3,FALSE,FALSE
509,7,149,189,154,149,189,154,149,189,154,40,5,40,5,FALSE,FALSE
509,8,182,203,167,182,203,167,182,203,167,21,-15,21,15,FALSE,FALSE
509,9,202,207,193,202,207,193,202,207,193,5,-9,5,9,FALSE,FALSE
509,10,224,231,218,224,231,218,224,231,218,7,-6,7,6,FALSE,FALSE
509,11,248,256,234,248,256,234,248,256,234,8,-14,8,14,FALSE,FALSE
509,12,276,290,249,276,290,249,276,290,249,14,-27,14,27,FALSE,FALSE
509,13,299,308,268,299,308,268,299,308,268,9,-31,9,31,FALSE,FALSE
509,14,316,325,293,316,325,293,316,325,293,9,-23,9,23,FALSE,FALSE
509,15,345,347,327,345,347,327,345,347,327,2,-18,2,18,FALSE,FALSE
509,16,363,365,349,363,365,349,363,365,349,2,-14,2,14,FALSE,FALSE
509,17,398,396,392,398,396,392,398,396,392,-2,-6,2,6,FALSE,FALSE
509,18,427,426,426,427,426,426,427,426,426,-1,-1,1,1,FALSE,FALSE
509,19,456,463,467,456,463,467,456,463,467,7,11,7,11,FALSE,FALSE
509,20,470,485,487,470,485,487,470,485,487,15,17,15,17,FALSE,FALSE
509,21,510,526,525,510,526,525,510,526,525,16,15,16,15,FALSE,FALSE
509,22,553,557,566,553,557,566,553,557,566,4,13,4,13,FALSE,FALSE
509,23,592,587,636,592,587,636,592,587,636,-5,44,5,44,FALSE,FALSE
509,24,621,630,689,621,630,689,621,630,689,9,68,9,68,FALSE,FALSE
509,25,666,681,728,666,681,728,666,681,728,15,62,15,62,FALSE,FALSE
509,26,709,721,760,709,721,760,709,721,760,12,51,12,51,FALSE,FALSE
509,27,772,754,802,772,754,802,772,754,802,-18,30,18,30,FALSE,FALSE
509,28,811,783,839,811,783,839,811,783,839,-28,28,28,28,FALSE,FALSE
509,29,858,816,870,858,816,870,858,816,870,-42,12,42,12,FALSE,FALSE
509,30,877,839,910,877,839,910,877,839,910,-38,33,38,33,FALSE,FALSE
509,31,892,878,950,892,878,950,892,878,950,-14,58,14,58,FALSE,FALSE
509,32,919,891,972,919,891,972,919,891,972,-28,53,28,53,FALSE,FALSE
509,33,970,906,980,970,906,980,970,906,980,-64,10,64,10,FALSE,FALSE
509,34,997,924,1000,997,924,1000,997,924,1000,-73,3,73,3,FALSE,FALSE
509,35,1001,946,1000,1001,946,1000,1001,946,1000,-55,-1,55,1,FALSE,FALSE
509,36,1009,974,995,1009,974,995,1009,974,995,-35,-14,35,14,FALSE,FALSE
509,37,1051,983,1008,1051,983,1008,1051,983,1008,-68,-43,68,43,FALSE,FALSE
509,38,1065,973,976,1065,973,976,1065,973,976,-92,-89,92,89,FALSE,FALSE
509,39,1054,954,1004,1054,954,1004,1054,954,1004,-100,-50,100,50,FALSE,FALSE
509,40,1049,955,1017,1049,955,1017,1049,955,1017,-94,-32,94,32,FALSE,FALSE
509,41,1081,945,1016,1081,945,1016,1081,945,1016,-136,-65,136,65,FALSE,FALSE
509,42,1071,928,1010,1071,928,1010,1071,928,1010,-143,-61,143,61,FALSE,FALSE
509,43,1043,913,980,1043,913,980,1043,913,980,-130,-63,130,63,FALSE,FALSE
509,44,1007,900,975,1007,900,975,1007,900,975,-107,-32,107,32,FALSE,FALSE
509,45,992,892,955,992,892,955,992,892,955,-100,-37,100,37,FALSE,FALSE
509,46,977,886,936,977,886,936,977,886,936,-91,-41,91,41,FALSE,FALSE
509,47,986,881,902,986,881,902,986,881,902,-105,-84,105,84,FALSE,FALSE
509,48,956,865,867,956,865,867,956,865,867,-91,-89,91,89,FALSE,FALSE
509,49,923,847,859,923,847,859,923,847,859,-76,-64,76,64,FALSE,FALSE
509,50,895,806,852,895,806,852,895,806,852,-89,-43,89,43,FALSE,FALSE
509,51,876,777,834,876,777,834,876,777,834,-99,-42,99,42,FALSE,FALSE
509,52,843,755,800,843,755,800,843,755,800,-88,-43,88,43,FALSE,FALSE
509,53,807,712,770,807,712,770,807,712,770,-95,-37,95,37,FALSE,FALSE
509,54,774,668,757,774,668,757,774,668,757,-106,-17,106,17,FALSE,FALSE
509,55,739,632,740,739,632,740,739,632,740,-107,1,107,1,FALSE,FALSE
509,56,715,614,723,715,614,723,715,614,723,-101,8,101,8,FALSE,FALSE
509,57,675,596,703,675,596,703,675,596,703,-79,28,79,28,FALSE,FALSE
509,58,647,563,668,647,563,668,647,563,668,-84,21,84,21,FALSE,FALSE
509,59,618,539,641,618,539,641,618,539,641,-79,23,79,23,FALSE,FALSE
509,60,592,516,615,592,516,615,592,516,615,-76,23,76,23,FALSE,FALSE
510,0,184,184,184,184,184,184,184,184,184,0,0,0,0,TRUE,TRUE
510,1,238,239,233,238,239,233,238,239,233,1,-5,1,5,FALSE,FALSE
510,2,318,314,295,318,314,295,318,314,295,-4,-23,4,23,FALSE,FALSE
510,3,392,402,346,392,402,346,392,402,346,10,-46,10,46,FALSE,FALSE
510,4,504,516,445,504,516,445,504,516,445,12,-59,12,59,FALSE,FALSE
510,5,626,669,541,626,669,541,626,669,541,43,-85,43,85,FALSE,FALSE
510,6,791,856,705,791,856,705,791,856,705,65,-86,65,86,FALSE,FALSE
510,7,1006,1040,892,1006,1040,892,1006,1040,892,34,-114,34,114,FALSE,FALSE
510,8,1215,1292,1121,1215,1292,1121,1215,1292,1121,77,-94,77,94,FALSE,FALSE
510,9,1488,1626,1380,1488,1626,1380,1488,1626,1380,138,-108,138,108,FALSE,FALSE
510,10,1757,1971,1682,1757,1971,1682,1757,1971,1682,214,-75,214,75,FALSE,FALSE
510,11,2106,2378,2004,2106,2378,2004,2106,2378,2004,272,-102,272,102,FALSE,FALSE
510,12,2477,2749,2316,2477,2749,2316,2477,2749,2316,272,-161,272,161,FALSE,FALSE
510,13,2840,3140,2642,2840,3140,2642,2840,3140,2642,300,-198,300,198,FALSE,FALSE
510,14,3171,3503,3009,3171,3503,3009,3171,3503,3009,332,-162,332,162,FALSE,FALSE
510,15,3531,3846,3397,3531,3846,3397,3531,3846,3397,315,-134,315,134,FALSE,FALSE
510,16,3812,4160,3745,3812,4160,3745,3812,4160,3745,348,-67,348,67,FALSE,FALSE
510,17,4036,4392,4069,4036,4392,4069,4036,4392,4069,356,33,356,33,FALSE,FALSE
510,18,4217,4535,4291,4217,4535,4291,4217,4535,4291,318,74,318,74,FALSE,FALSE
510,19,4324,4640,4439,4324,4640,4439,4324,4640,4439,316,115,316,115,FALSE,FALSE
510,20,4418,4691,4537,4418,4691,4537,4418,4691,4537,273,119,273,119,FALSE,FALSE
510,21,4446,4665,4617,4446,4665,4617,4446,4665,4617,219,171,219,171,FALSE,FALSE
510,22,4410,4530,4558,4410,4530,4558,4410,4530,4558,120,148,120,148,FALSE,FALSE
510,23,4304,4415,4439,4304,4415,4439,4304,4415,4439,111,135,111,135,FALSE,FALSE
510,24,4160,4207,4352,4160,4207,4352,4160,4207,4352,47,192,47,192,FALSE,FALSE
510,25,3996,4090,4222,3996,4090,4222,3996,4090,4222,94,226,94,226,FALSE,FALSE
510,26,3846,3912,4025,3846,3912,4025,3846,3912,4025,66,179,66,179,FALSE,FALSE
510,27,3653,3749,3861,3653,3749,3861,3653,3749,3861,96,208,96,208,FALSE,FALSE
510,28,3535,3580,3700,3535,3580,3700,3535,3580,3700,45,165,45,165,FALSE,FALSE
510,29,3353,3356,3493,3353,3356,3493,3353,3356,3493,3,140,3,140,FALSE,FALSE
510,30,3186,3178,3277,3186,3178,3277,3186,3178,3277,-8,91,8,91,FALSE,FALSE
510,31,2990,2984,3089,2990,2984,3089,2990,2984,3089,-6,99,6,99,FALSE,FALSE
510,32,2818,2810,2896,2818,2810,2896,2818,2810,2896,-8,78,8,78,FALSE,FALSE
510,33,2644,2625,2711,2644,2625,2711,2644,2625,2711,-19,67,19,67,FALSE,FALSE
510,34,2499,2467,2531,2499,2467,2531,2499,2467,2531,-32,32,32,32,FALSE,FALSE
510,35,2343,2319,2357,2343,2319,2357,2343,2319,2357,-24,14,24,14,FALSE,FALSE
510,36,2211,2146,2195,2211,2146,2195,2211,2146,2195,-65,-16,65,16,FALSE,FALSE
510,37,2043,2017,2052,2043,2017,2052,2043,2017,2052,-26,9,26,9,FALSE,FALSE
510,38,1900,1865,1925,1900,1865,1925,1900,1865,1925,-35,25,35,25,FALSE,FALSE
510,39,1764,1724,1782,1764,1724,1782,1764,1724,1782,-40,18,40,18,FALSE,FALSE
510,40,1644,1582,1657,1644,1582,1657,1644,1582,1657,-62,13,62,13,FALSE,FALSE
510,41,1538,1466,1567,1538,1466,1567,1538,1466,1567,-72,29,72,29,FALSE,FALSE
510,42,1447,1376,1466,1447,1376,1466,1447,1376,1466,-71,19,71,19,FALSE,FALSE
510,43,1343,1272,1374,1343,1272,1374,1343,1272,1374,-71,31,71,31,FALSE,FALSE
510,44,1238,1170,1303,1238,1170,1303,1238,1170,1303,-68,65,68,65,FALSE,FALSE
510,45,1136,1077,1217,1136,1077,1217,1136,1077,1217,-59,81,59,81,FALSE,FALSE
510,46,1052,1014,1127,1052,1014,1127,1052,1014,1127,-38,75,38,75,FALSE,FALSE
510,47,978,948,1046,978,948,1046,978,948,1046,-30,68,30,68,FALSE,FALSE
510,48,906,867,961,906,867,961,906,867,961,-39,55,39,55,FALSE,FALSE
510,49,825,807,884,825,807,884,825,807,884,-18,59,18,59,FALSE,FALSE
510,50,773,745,819,773,745,819,773,745,819,-28,46,28,46,FALSE,FALSE
510,51,721,685,753,721,685,753,721,685,753,-36,32,36,32,FALSE,FALSE
510,52,674,634,702,674,634,702,674,634,702,-40,28,40,28,FALSE,FALSE
510,53,609,575,663,609,575,663,609,575,663,-34,54,34,54,FALSE,FALSE
510,54,570,537,608,570,537,608,570,537,608,-33,38,33,38,FALSE,FALSE
510,55,529,502,553,529,502,553,529,502,553,-27,24,27,24,FALSE,FALSE
510,56,484,475,510,484,475,510,484,475,510,-9,26,9,26,FALSE,FALSE
510,57,453,437,473,453,437,473,453,437,473,-16,20,16,20,FALSE,FALSE
510,58,417,402,418,417,402,418,417,402,418,-15,1,15,1,FALSE,FALSE
510,59,386,374,388,386,374,388,386,374,388,-12,2,12,2,FALSE,FALSE
510,60,349,354,362,349,354,362,349,354,362,5,13,5,13,FALSE,FALSE
511,0,59,59,59,59,59,59,59,59,59,0,0,0,0,TRUE,TRUE
511,1,84,92,76,84,92,76,84,92,76,8,-8,8,8,FALSE,FALSE
511,2,109,126,108,109,126,108,109,126,108,17,-1,17,1,FALSE,FALSE
511,3,165,180,147,165,180,147,165,180,147,15,-18,15,18,FALSE,FALSE
511,4,228,250,199,228,250,199,228,250,199,22,-29,22,29,FALSE,FALSE
511,5,333,335,267,333,335,267,333,335,267,2,-66,2,66,FALSE,FALSE
511,6,432,434,402,432,434,402,432,434,402,2,-30,2,30,FALSE,FALSE
511,7,548,584,543,548,584,543,548,584,543,36,-5,36,5,FALSE,FALSE
511,8,724,756,748,724,756,748,724,756,748,32,24,32,24,FALSE,FALSE
511,9,973,947,948,973,947,948,973,947,948,-26,-25,26,25,FALSE,FALSE
511,10,1215,1148,1211,1215,1148,1211,1215,1148,1211,-67,-4,67,4,FALSE,FALSE
511,11,1492,1380,1488,1492,1380,1488,1492,1380,1488,-112,-4,112,4,FALSE,FALSE
511,12,1808,1656,1792,1808,1656,1792,1808,1656,1792,-152,-16,152,16,FALSE,FALSE
511,13,2129,1896,2042,2129,1896,2042,2129,1896,2042,-233,-87,233,87,FALSE,FALSE
511,14,2340,2144,2314,2340,2144,2314,2340,2144,2314,-196,-26,196,26,FALSE,FALSE
511,15,2527,2305,2500,2527,2305,2500,2527,2305,2500,-222,-27,222,27,FALSE,FALSE
511,16,2651,2450,2607,2651,2450,2607,2651,2450,2607,-201,-44,201,44,FALSE,FALSE
511,17,2634,2498,2646,2634,2498,2646,2634,2498,2646,-136,12,136,12,FALSE,FALSE
511,18,2577,2534,2597,2577,2534,2597,2577,2534,2597,-43,20,43,20,FALSE,FALSE
511,19,2459,2415,2471,2459,2415,2471,2459,2415,2471,-44,12,44,12,FALSE,FALSE
511,20,2258,2327,2285,2258,2327,2285,2258,2327,2285,69,27,69,27,FALSE,FALSE
511,21,2070,2161,2152,2070,2161,2152,2070,2161,2152,91,82,91,82,FALSE,FALSE
511,22,1883,2013,1948,1883,2013,1948,1883,2013,1948,130,65,130,65,FALSE,FALSE
511,23,1702,1861,1748,1702,1861,1748,1702,1861,1748,159,46,159,46,FALSE,FALSE
511,24,1552,1717,1563,1552,1717,1563,1552,1717,1563,165,11,165,11,FALSE,FALSE
511,25,1407,1507,1350,1407,1507,1350,1407,1507,1350,100,-57,100,57,FALSE,FALSE
511,26,1248,1339,1208,1248,1339,1208,1248,1339,1208,91,-40,91,40,FALSE,FALSE
511,27,1105,1195,1048,1105,1195,1048,1105,1195,1048,90,-57,90,57,FALSE,FALSE
511,28,974,1050,915,974,1050,915,974,1050,915,76,-59,76,59,FALSE,FALSE
511,29,850,927,820,850,927,820,850,927,820,77,-30,77,30,FALSE,FALSE
511,30,771,808,723,771,808,723,771,808,723,37,-48,37,48,FALSE,FALSE
511,31,672,698,621,672,698,621,672,698,621,26,-51,26,51,FALSE,FALSE
511,32,576,607,542,576,607,542,576,607,542,31,-34,31,34,FALSE,FALSE
511,33,498,526,478,498,526,478,498,526,478,28,-20,28,20,FALSE,FALSE
511,34,420,467,422,420,467,422,420,467,422,47,2,47,2,FALSE,FALSE
511,35,375,410,372,375,410,372,375,410,372,35,-3,35,3,FALSE,FALSE
511,36,320,361,326,320,361,326,320,361,326,41,6,41,6,FALSE,FALSE
511,37,276,302,280,276,302,280,276,302,280,26,4,26,4,FALSE,FALSE
511,38,238,264,233,238,264,233,238,264,233,26,-5,26,5,FALSE,FALSE
511,39,208,223,201,208,223,201,208,223,201,15,-7,15,7,FALSE,FALSE
511,40,172,202,179,172,202,179,172,202,179,30,7,30,7,FALSE,FALSE
511,41,149,177,165,149,177,165,149,177,165,28,16,28,16,FALSE,FALSE
511,42,133,156,142,133,156,142,133,156,142,23,9,23,9,FALSE,FALSE
511,43,116,127,128,116,127,128,116,127,128,11,12,11,12,FALSE,FALSE
511,44,102,113,107,102,113,107,102,113,107,11,5,11,5,FALSE,FALSE
511,45,91,105,82,91,105,82,91,105,82,14,-9,14,9,FALSE,FALSE
511,46,81,97,73,81,97,73,81,97,73,16,-8,16,8,FALSE,FALSE
511,47,68,88,58,68,88,58,68,88,58,20,-10,20,10,FALSE,FALSE
511,48,60,76,56,60,76,56,60,76,56,16,-4,16,4,FALSE,FALSE
511,49,55,69,53,55,69,53,55,69,53,14,-2,14,2,FALSE,FALSE
511,50,47,62,48,47,62,48,47,62,48,15,1,15,1,FALSE,FALSE
511,51,43,53,44,43,53,44,43,53,44,10,1,10,1,FALSE,FALSE
511,52,36,48,37,36,48,37,36,48,37,12,1,12,1,FALSE,FALSE
511,53,35,42,29,35,42,29,35,42,29,7,-6,7,6,FALSE,FALSE
511,54,28,35,25,28,35,25,28,35,25,7,-3,7,3,FALSE,FALSE
511,55,23,37,22,23,37,22,23,37,22,14,-1,14,1,FALSE,FALSE
511,56,16,31,24,16,31,24,16,31,24,15,8,15,8,FALSE,FALSE
511,57,14,28,19,14,28,19,14,28,19,14,5,14,5,FALSE,FALSE
511,58,13,26,14,13,26,14,13,26,14,13,1,13,1,FALSE,FALSE
511,59,11,20,12,11,20,12,11,20,12,9,1,9,1,FALSE,FALSE
511,60,9,14,12,9,14,12,9,14,12,5,3,5,3,FALSE,FALSE
512,0,50,50,50,50,50,50,50,50,50,0,0,0,0,TRUE,TRUE
512,1,65,67,67,65,67,67,65,67,67,2,2,2,2,FALSE,FALSE
512,2,92,93,99,92,93,99,92,93,99,1,7,1,7,FALSE,FALSE
512,3,128,131,139,128,131,139,128,131,139,3,11,3,11,FALSE,FALSE
512,4,172,193,197,172,193,197,172,193,197,21,25,21,25,FALSE,FALSE
512,5,251,278,278,251,278,278,251,278,278,27,27,27,27,FALSE,FALSE
512,6,341,380,370,341,380,370,341,380,370,39,29,39,29,FALSE,FALSE
512,7,460,485,545,460,485,545,460,485,545,25,85,25,85,FALSE,FALSE
512,8,632,624,740,632,624,740,632,624,740,-8,108,8,108,FALSE,FALSE
512,9,846,810,971,846,810,971,846,810,971,-36,125,36,125,FALSE,FALSE
512,10,1091,1013,1234,1091,1013,1234,1091,1013,1234,-78,143,78,143,FALSE,FALSE
512,11,1339,1275,1498,1339,1275,1498,1339,1275,1498,-64,159,64,159,FALSE,FALSE
512,12,1569,1490,1725,1569,1490,1725,1569,1490,1725,-79,156,79,156,FALSE,FALSE
512,13,1764,1722,1975,1764,1722,1975,1764,1722,1975,-42,211,42,211,FALSE,FALSE
512,14,1946,1892,2090,1946,1892,2090,1946,1892,2090,-54,144,54,144,FALSE,FALSE
512,15,2036,2022,2124,2036,2022,2124,2036,2022,2124,-14,88,14,88,FALSE,FALSE
512,16,2092,2104,2069,2092,2104,2069,2092,2104,2069,12,-23,12,23,FALSE,FALSE
512,17,2055,2073,1999,2055,2073,1999,2055,2073,1999,18,-56,18,56,FALSE,FALSE
512,18,1958,1961,1850,1958,1961,1850,1958,1961,1850,3,-108,3,108,FALSE,FALSE
512,19,1756,1839,1641,1756,1839,1641,1756,1839,1641,83,-115,83,115,FALSE,FALSE
512,20,1570,1672,1473,1570,1672,1473,1570,1672,1473,102,-97,102,97,FALSE,FALSE
512,21,1397,1514,1304,1397,1514,1304,1397,1514,1304,117,-93,117,93,FALSE,FALSE
512,22,1259,1367,1117,1259,1367,1117,1259,1367,1117,108,-142,108,142,FALSE,FALSE
512,23,1102,1149,987,1102,1149,987,1102,1149,987,47,-115,47,115,FALSE,FALSE
512,24,959,1018,853,959,1018,853,959,1018,853,59,-106,59,106,FALSE,FALSE
512,25,832,909,722,832,909,722,832,909,722,77,-110,77,110,FALSE,FALSE
512,26,701,799,612,701,799,612,701,799,612,98,-89,98,89,FALSE,FALSE
512,27,605,705,518,605,705,518,605,705,518,100,-87,100,87,FALSE,FALSE
512,28,503,583,439,503,583,439,503,583,439,80,-64,80,64,FALSE,FALSE
512,29,434,494,368,434,494,368,434,494,368,60,-66,60,66,FALSE,FALSE
512,30,371,426,309,371,426,309,371,426,309,55,-62,55,62,FALSE,FALSE
512,31,308,360,249,308,360,249,308,360,249,52,-59,52,59,FALSE,FALSE
512,32,242,314,206,242,314,206,242,314,206,72,-36,72,36,FALSE,FALSE
512,33,200,268,184,200,268,184,200,268,184,68,-16,68,16,FALSE,FALSE
512,34,170,226,154,170,226,154,170,226,154,56,-16,56,16,FALSE,FALSE
512,35,149,190,133,149,190,133,149,190,133,41,-16,41,16,FALSE,FALSE
512,36,132,153,113,132,153,113,132,153,113,21,-19,21,19,FALSE,FALSE
512,37,105,127,84,105,127,84,105,127,84,22,-21,22,21,FALSE,FALSE
512,38,92,107,72,92,107,72,92,107,72,15,-20,15,20,FALSE,FALSE
512,39,78,99,60,78,99,60,78,99,60,21,-18,21,18,FALSE,FALSE
512,40,64,81,48,64,81,48,64,81,48,17,-16,17,16,FALSE,FALSE
512,41,54,74,39,54,74,39,54,74,39,20,-15,20,15,FALSE,FALSE
512,42,44,58,29,44,58,29,44,58,29,14,-15,14,15,FALSE,FALSE
512,43,36,48,24,36,48,24,36,48,24,12,-12,12,12,FALSE,FALSE
512,44,32,42,20,32,42,20,32,42,20,10,-12,10,12,FALSE,FALSE
512,45,28,33,17,28,33,17,28,33,17,5,-11,5,11,FALSE,FALSE
512,46,25,27,14,25,27,14,25,27,14,2,-11,2,11,FALSE,FALSE
512,47,22,26,12,22,26,12,22,26,12,4,-10,4,10,FALSE,FALSE
512,48,16,22,12,16,22,12,16,22,12,6,-4,6,4,FALSE,FALSE
512,49,13,21,9,13,21,9,13,21,9,8,-4,8,4,FALSE,FALSE
512,50,9,17,7,9,17,7,9,17,7,8,-2,8,2,FALSE,FALSE
512,51,6,16,6,6,16,6,6,16,6,10,0,10,0,FALSE,TRUE
512,52,5,10,6,5,10,6,5,10,6,5,1,5,1,FALSE,FALSE
512,53,3,9,6,3,9,6,3,9,6,6,3,6,3,FALSE,FALSE
512,54,1,9,7,1,9,7,1,9,7,8,6,8,6,FALSE,FALSE
512,55,1,6,6,1,6,6,1,6,6,5,5,5,5,FALSE,FALSE
512,56,0,5,5,0,5,5,0,5,5,5,5,5,5,FALSE,FALSE
512,57,0,4,3,0,4,3,0,4,3,4,3,4,3,FALSE,FALSE
512,58,0,3,2,0,3,2,0,3,2,3,2,3,2,FALSE,FALSE
512,59,0,0,0,0,0,0,0,0,0,0,0,0,0,TRUE,TRUE
512,60,0,0,0,0,0,0,0,0,0,0,0,0,0,TRUE,TRUE
513,0,57,57,57,57,57,57,57,57,57,0,0,0,0,TRUE,TRUE
513,1,93,101,96,93,101,96,93,101,96,8,3,8,3,FALSE,FALSE
513,2,162,166,160,162,166,160,162,166,160,4,-2,4,2,FALSE,FALSE
513,3,268,291,270,268,291,270,268,291,270,23,2,23,2,FALSE,FALSE
513,4,418,496,438,418,496,438,418,496,438,78,20,78,20,FALSE,FALSE
513,5,633,827,681,633,827,681,633,827,681,194,48,194,48,FALSE,FALSE
513,6,975,1300,1032,975,1300,1032,975,1300,1032,325,57,325,57,FALSE,FALSE
513,7,1414,1867,1547,1414,1867,1547,1414,1867,1547,453,133,453,133,FALSE,FALSE
513,8,1964,2369,2070,1964,2369,2070,1964,2369,2070,405,106,405,106,FALSE,FALSE
513,9,2503,2839,2571,2503,2839,2571,2503,2839,2571,336,68,336,68,FALSE,FALSE
513,10,2886,3077,2949,2886,3077,2949,2886,3077,2949,191,63,191,63,FALSE,FALSE
513,11,3092,3118,3119,3092,3118,3119,3092,3118,3119,26,27,26,27,FALSE,FALSE
513,12,3076,3012,3013,3076,3012,3013,3076,3012,3013,-64,-63,64,63,FALSE,FALSE
513,13,2858,2780,2834,2858,2780,2834,2858,2780,2834,-78,-24,78,24,FALSE,FALSE
513,14,2595,2474,2593,2595,2474,2593,2595,2474,2593,-121,-2,121,2,FALSE,FALSE
513,15,2299,2166,2241,2299,2166,2241,2299,2166,2241,-133,-58,133,58,FALSE,FALSE
513,16,1979,1873,1949,1979,1873,1949,1979,1873,1949,-106,-30,106,30,FALSE,FALSE
513,17,1686,1585,1666,1686,1585,1666,1686,1585,1666,-101,-20,101,20,FALSE,FALSE
513,18,1443,1365,1408,1443,1365,1408,1443,1365,1408,-78,-35,78,35,FALSE,FALSE
513,19,1231,1134,1218,1231,1134,1218,1231,1134,1218,-97,-13,97,13,FALSE,FALSE
513,20,1032,950,1025,1032,950,1025,1032,950,1025,-82,-7,82,7,FALSE,FALSE
513,21,867,781,868,867,781,868,867,781,868,-86,1,86,1,FALSE,FALSE
513,22,729,657,727,729,657,727,729,657,727,-72,-2,72,2,FALSE,FALSE
513,23,607,551,612,607,551,612,607,551,612,-56,5,56,5,FALSE,FALSE
513,24,492,470,495,492,470,495,492,470,495,-22,3,22,3,FALSE,FALSE
513,25,404,389,397,404,389,397,404,389,397,-15,-7,15,7,FALSE,FALSE
513,26,338,329,323,338,329,323,338,329,323,-9,-15,9,15,FALSE,FALSE
513,27,278,272,257,278,272,257,278,272,257,-6,-21,6,21,FALSE,FALSE
513,28,233,227,212,233,227,212,233,227,212,-6,-21,6,21,FALSE,FALSE
513,29,196,199,179,196,199,179,196,199,179,3,-17,3,17,FALSE,FALSE
513,30,157,172,157,157,172,157,157,172,157,15,0,15,0,FALSE,TRUE
513,31,135,145,126,135,145,126,135,145,126,10,-9,10,9,FALSE,FALSE
513,32,104,124,103,104,124,103,104,124,103,20,-1,20,1,FALSE,FALSE
513,33,88,98,84,88,98,84,88,98,84,10,-4,10,4,FALSE,FALSE
513,34,71,86,69,71,86,69,71,86,69,15,-2,15,2,FALSE,FALSE
513,35,62,66,60,62,66,60,62,66,60,4,-2,4,2,FALSE,FALSE
513,36,54,62,44,54,62,44,54,62,44,8,-10,8,10,FALSE,FALSE
513,37,45,53,35,45,53,35,45,53,35,8,-10,8,10,FALSE,FALSE
513,38,35,44,29,35,44,29,35,44,29,9,-6,9,6,FALSE,FALSE
513,39,31,37,24,31,37,24,31,37,24,6,-7,6,7,FALSE,FALSE
513,40,23,31,23,23,31,23,23,31,23,8,0,8,0,FALSE,TRUE
513,41,21,25,17,21,25,17,21,25,17,4,-4,4,4,FALSE,FALSE
513,42,18,20,14,18,20,14,18,20,14,2,-4,2,4,FALSE,FALSE
513,43,17,16,12,17,16,12,17,16,12,-1,-5,1,5,FALSE,FALSE
513,44,14,13,10,14,13,10,14,13,10,-1,-4,1,4,FALSE,FALSE
513,45,10,10,7,10,10,7,10,10,7,0,-3,0,3,TRUE,FALSE
513,46,9,8,6,9,8,6,9,8,6,-1,-3,1,3,FALSE,FALSE
513,47,6,9,4,6,9,4,6,9,4,3,-2,3,2,FALSE,FALSE
513,48,6,7,3,6,7,3,6,7,3,1,-3,1,3,FALSE,FALSE
513,49,4,5,2,4,5,2,4,5,2,1,-2,1,2,FALSE,FALSE
513,50,3,4,1,3,4,1,3,4,1,1,-2,1,2,FALSE,FALSE
513,51,3,4,1,3,4,1,3,4,1,1,-2,1,2,FALSE,FALSE
513,52,3,3,1,3,3,1,3,3,1,0,-2,0,2,TRUE,FALSE
513,53,3,3,1,3,3,1,3,3,1,0,-2,0,2,TRUE,FALSE
513,54,3,3,1,3,3,1,3,3,1,0,-2,0,2,TRUE,FALSE
513,55,3,3,1,3,3,1,3,3,1,0,-2,0,2,TRUE,FALSE
513,56,3,3,1,3,3,1,3,3,1,0,-2,0,2,TRUE,FALSE
513,57,2,3,1,2,3,1,2,3,1,1,-1,1,1,FALSE,FALSE
513,58,2,3,1,2,3,1,2,3,1,1,-1,1,1,FALSE,FALSE
513,59,1,2,1,1,2,1,1,2,1,1,0,1,0,FALSE,TRUE
513,60,1,1,1,1,1,1,1,1,1,0,0,0,0,TRUE,TRUE
514,0,124,124,124,124,124,124,124,124,124,0,0,0,0,TRUE,TRUE
514,1,215,207,216,215,207,216,215,207,216,-8,1,8,1,FALSE,FALSE
514,2,374,331,368,374,331,368,374,331,368,-43,-6,43,6,FALSE,FALSE
514,3,609,533,639,609,533,639,609,533,639,-76,30,76,30,FALSE,FALSE
514,4,966,863,1028,966,863,1028,966,863,1028,-103,62,103,62,FALSE,FALSE
514,5,1460,1334,1580,1460,1334,1580,1460,1334,1580,-126,120,126,120,FALSE,FALSE
514,6,2029,1871,2176,2029,1871,2176,2029,1871,2176,-158,147,158,147,FALSE,FALSE
514,7,2567,2338,2705,2567,2338,2705,2567,2338,2705,-229,138,229,138,FALSE,FALSE
514,8,2906,2676,3081,2906,2676,3081,2906,2676,3081,-230,175,230,175,FALSE,FALSE
514,9,3030,2889,3144,3030,2889,3144,3030,2889,3144,-141,114,141,114,FALSE,FALSE
514,10,2951,2817,2914,2951,2817,2914,2951,2817,2914,-134,-37,134,37,FALSE,FALSE
514,11,2636,2560,2560,2636,2560,2560,2636,2560,2560,-76,-76,76,76,FALSE,FALSE
514,12,2217,2241,2170,2217,2241,2170,2217,2241,2170,24,-47,24,47,FALSE,FALSE
514,13,1894,1886,1792,1894,1886,1792,1894,1886,1792,-8,-102,8,102,FALSE,FALSE
514,14,1540,1587,1487,1540,1587,1487,1540,1587,1487,47,-53,47,53,FALSE,FALSE
514,15,1283,1300,1208,1283,1300,1208,1283,1300,1208,17,-75,17,75,FALSE,FALSE
514,16,1052,1048,974,1052,1048,974,1052,1048,974,-4,-78,4,78,FALSE,FALSE
514,17,837,880,776,837,880,776,837,880,776,43,-61,43,61,FALSE,FALSE
514,18,663,704,614,663,704,614,663,704,614,41,-49,41,49,FALSE,FALSE
514,19,530,588,492,530,588,492,530,588,492,58,-38,58,38,FALSE,FALSE
514,20,410,470,391,410,470,391,410,470,391,60,-19,60,19,FALSE,FALSE
514,21,315,371,315,315,371,315,315,371,315,56,0,56,0,FALSE,TRUE
514,22,247,303,245,247,303,245,247,303,245,56,-2,56,2,FALSE,FALSE
514,23,187,230,196,187,230,196,187,230,196,43,9,43,9,FALSE,FALSE
514,24,144,180,154,144,180,154,144,180,154,36,10,36,10,FALSE,FALSE
514,25,118,141,118,118,141,118,118,141,118,23,0,23,0,FALSE,TRUE
514,26,91,109,94,91,109,94,91,109,94,18,3,18,3,FALSE,FALSE
514,27,76,90,72,76,90,72,76,90,72,14,-4,14,4,FALSE,FALSE
514,28,60,74,58,60,74,58,60,74,58,14,-2,14,2,FALSE,FALSE
514,29,46,62,46,46,62,46,46,62,46,16,0,16,0,FALSE,TRUE
514,30,44,49,36,44,49,36,44,49,36,5,-8,5,8,FALSE,FALSE
514,31,33,41,26,33,41,26,33,41,26,8,-7,8,7,FALSE,FALSE
514,32,30,29,21,30,29,21,30,29,21,-1,-9,1,9,FALSE,FALSE
514,33,21,24,17,21,24,17,21,24,17,3,-4,3,4,FALSE,FALSE
514,34,18,19,10,18,19,10,18,19,10,1,-8,1,8,FALSE,FALSE
514,35,9,19,7,9,19,7,9,19,7,10,-2,10,2,FALSE,FALSE
514,36,8,17,6,8,17,6,8,17,6,9,-2,9,2,FALSE,FALSE
514,37,6,14,4,6,14,4,6,14,4,8,-2,8,2,FALSE,FALSE
514,38,5,13,3,5,13,3,5,13,3,8,-2,8,2,FALSE,FALSE
514,39,2,9,4,2,9,4,2,9,4,7,2,7,2,FALSE,FALSE
514,40,2,8,2,2,8,2,2,8,2,6,0,6,0,FALSE,TRUE
514,41,1,8,2,1,8,2,1,8,2,7,1,7,1,FALSE,FALSE
514,42,1,5,2,1,5,2,1,5,2,4,1,4,1,FALSE,FALSE
514,43,1,2,1,1,2,1,1,2,1,1,0,1,0,FALSE,TRUE
514,44,1,2,1,1,2,1,1,2,1,1,0,1,0,FALSE,TRUE
514,45,1,2,1,1,2,1,1,2,1,1,0,1,0,FALSE,TRUE
514,46,1,2,1,1,2,1,1,2,1,1,0,1,0,FALSE,TRUE
514,47,1,1,1,1,1,1,1,1,1,0,0,0,0,TRUE,TRUE
514,48,1,0,1,1,0,1,1,0,1,-1,0,1,0,FALSE,TRUE
514,49,1,0,1,1,0,1,1,0,1,-1,0,1,0,FALSE,TRUE
514,50,0,0,1,0,0,1,0,0,1,0,1,0,1,TRUE,FALSE
514,51,0,0,1,0,0,1,0,0,1,0,1,0,1,TRUE,FALSE
514,52,0,0,1,0,0,1,0,0,1,0,1,0,1,TRUE,FALSE
514,53,0,0,1,0,0,1,0,0,1,0,1,0,1,TRUE,FALSE
514,54,0,0,1,0,0,1,0,0,1,0,1,0,1,TRUE,FALSE
514,55,0,0,1,0,0,1,0,0,1,0,1,0,1,TRUE,FALSE
514,56,0,0,1,0,0,1,0,0,1,0,1,0,1,TRUE,FALSE
514,57,0,0,1,0,0,1,0,0,1,0,1,0,1,TRUE,FALSE
514,58,0,0,1,0,0,1,0,0,1,0,1,0,1,TRUE,FALSE
514,59,0,0,1,0,0,1,0,0,1,0,1,0,1,TRUE,FALSE
514,60,0,0,1,0,0,1,0,0,1,0,1,0,1,TRUE,FALSE
515,0,116,116,116,116,116,116,116,116,116,0,0,0,0,TRUE,TRUE
515,1,120,121,112,120,121,112,120,121,112,1,-8,1,8,FALSE,FALSE
515,2,116,123,117,116,123,117,116,123,117,7,1,7,1,FALSE,FALSE
515,3,114,133,118,114,133,118,114,133,118,19,4,19,4,FALSE,FALSE
515,4,113,142,119,113,142,119,113,142,119,29,6,29,6,FALSE,FALSE
515,5,114,149,128,114,149,128,114,149,128,35,14,35,14,FALSE,FALSE
515,6,117,154,134,117,154,134,117,154,134,37,17,37,17,FALSE,FALSE
515,7,123,165,140,123,165,140,123,165,140,42,17,42,17,FALSE,FALSE
515,8,127,181,146,127,181,146,127,181,146,54,19,54,19,FALSE,FALSE
515,9,132,192,146,132,192,146,132,192,146,60,14,60,14,FALSE,FALSE
515,10,132,201,152,132,201,152,132,201,152,69,20,69,20,FALSE,FALSE
515,11,139,213,154,139,213,154,139,213,154,74,15,74,15,FALSE,FALSE
515,12,144,217,161,144,217,161,144,217,161,73,17,73,17,FALSE,FALSE
515,13,146,217,165,146,217,165,146,217,165,71,19,71,19,FALSE,FALSE
515,14,154,222,168,154,222,168,154,222,168,68,14,68,14,FALSE,FALSE
515,15,164,218,174,164,218,174,164,218,174,54,10,54,10,FALSE,FALSE
515,16,158,222,168,158,222,168,158,222,168,64,10,64,10,FALSE,FALSE
515,17,168,231,169,168,231,169,168,231,169,63,1,63,1,FALSE,FALSE
515,18,175,237,161,175,237,161,175,237,161,62,-14,62,14,FALSE,FALSE
515,19,176,247,160,176,247,160,176,247,160,71,-16,71,16,FALSE,FALSE
515,20,179,245,166,179,245,166,179,245,166,66,-13,66,13,FALSE,FALSE
515,21,185,257,174,185,257,174,185,257,174,72,-11,72,11,FALSE,FALSE
515,22,197,265,185,197,265,185,197,265,185,68,-12,68,12,FALSE,FALSE
515,23,198,273,192,198,273,192,198,273,192,75,-6,75,6,FALSE,FALSE
515,24,202,281,196,202,281,196,202,281,196,79,-6,79,6,FALSE,FALSE
515,25,210,281,215,210,281,215,210,281,215,71,5,71,5,FALSE,FALSE
515,26,210,291,224,210,291,224,210,291,224,81,14,81,14,FALSE,FALSE
515,27,216,296,214,216,296,214,216,296,214,80,-2,80,2,FALSE,FALSE
515,28,229,304,219,229,304,219,229,304,219,75,-10,75,10,FALSE,FALSE
515,29,233,297,222,233,297,222,233,297,222,64,-11,64,11,FALSE,FALSE
515,30,232,294,224,232,294,224,232,294,224,62,-8,62,8,FALSE,FALSE
515,31,244,296,224,244,296,224,244,296,224,52,-20,52,20,FALSE,FALSE
515,32,243,298,218,243,298,218,243,298,218,55,-25,55,25,FALSE,FALSE
515,33,230,295,219,230,295,219,230,295,219,65,-11,65,11,FALSE,FALSE
515,34,227,299,224,227,299,224,227,299,224,72,-3,72,3,FALSE,FALSE
515,35,231,312,226,231,312,226,231,312,226,81,-5,81,5,FALSE,FALSE
515,36,216,338,230,216,338,230,216,338,230,122,14,122,14,FALSE,FALSE
515,37,208,340,228,208,340,228,208,340,228,132,20,132,20,FALSE,FALSE
515,38,223,346,238,223,346,238,223,346,238,123,15,123,15,FALSE,FALSE
515,39,219,354,239,219,354,239,219,354,239,135,20,135,20,FALSE,FALSE
515,40,235,357,237,235,357,237,235,357,237,122,2,122,2,FALSE,FALSE
515,41,228,351,241,228,351,241,228,351,241,123,13,123,13,FALSE,FALSE
515,42,234,353,251,234,353,251,234,353,251,119,17,119,17,FALSE,FALSE
515,43,239,348,258,239,348,258,239,348,258,109,19,109,19,FALSE,FALSE
515,44,244,347,261,244,347,261,244,347,261,103,17,103,17,FALSE,FALSE
515,45,259,346,267,259,346,267,259,346,267,87,8,87,8,FALSE,FALSE
515,46,267,352,283,267,352,283,267,352,283,85,16,85,16,FALSE,FALSE
515,47,271,349,290,271,349,290,271,349,290,78,19,78,19,FALSE,FALSE
515,48,265,353,290,265,353,290,265,353,290,88,25,88,25,FALSE,FALSE
515,49,277,366,303,277,366,303,277,366,303,89,26,89,26,FALSE,FALSE
515,50,266,362,298,266,362,298,266,362,298,96,32,96,32,FALSE,FALSE
515,51,269,370,304,269,370,304,269,370,304,101,35,101,35,FALSE,FALSE
515,52,273,367,311,273,367,311,273,367,311,94,38,94,38,FALSE,FALSE
515,53,272,366,314,272,366,314,272,366,314,94,42,94,42,FALSE,FALSE
515,54,272,358,314,272,358,314,272,358,314,86,42,86,42,FALSE,FALSE
515,55,294,367,313,294,367,313,294,367,313,73,19,73,19,FALSE,FALSE
515,56,294,365,311,294,365,311,294,365,311,71,17,71,17,FALSE,FALSE
515,57,309,362,318,309,362,318,309,362,318,53,9,53,9,FALSE,FALSE
515,58,315,352,316,315,352,316,315,352,316,37,1,37,1,FALSE,FALSE
515,59,328,344,327,328,344,327,328,344,327,16,-1,16,1,FALSE,FALSE
515,60,344,330,320,344,330,320,344,330,320,-14,-24,14,24,FALSE,FALSE
516,0,144,144,144,144,144,144,144,144,144,0,0,0,0,TRUE,TRUE
516,1,184,203,200,184,203,200,184,203,200,19,16,19,16,FALSE,FALSE
516,2,251,269,278,251,269,278,251,269,278,18,27,18,27,FALSE,FALSE
516,3,317,356,377,317,356,377,317,356,377,39,60,39,60,FALSE,FALSE
516,4,430,473,495,430,473,495,430,473,495,43,65,43,65,FALSE,FALSE
516,5,573,612,642,573,612,642,573,612,642,39,69,39,69,FALSE,FALSE
516,6,738,800,867,738,800,867,738,800,867,62,129,62,129,FALSE,FALSE
516,7,948,1007,1098,948,1007,1098,948,1007,1098,59,150,59,150,FALSE,FALSE
516,8,1180,1275,1398,1180,1275,1398,1180,1275,1398,95,218,95,218,FALSE,FALSE
516,9,1456,1562,1733,1456,1562,1733,1456,1562,1733,106,277,106,277,FALSE,FALSE
516,10,1719,1849,2043,1719,1849,2043,1719,1849,2043,130,324,130,324,FALSE,FALSE
516,11,2002,2088,2350,2002,2088,2350,2002,2088,2350,86,348,86,348,FALSE,FALSE
516,12,2280,2360,2603,2280,2360,2603,2280,2360,2603,80,323,80,323,FALSE,FALSE
516,13,2527,2508,2751,2527,2508,2751,2527,2508,2751,-19,224,19,224,FALSE,FALSE
516,14,2748,2659,2899,2748,2659,2899,2748,2659,2899,-89,151,89,151,FALSE,FALSE
516,15,2898,2796,2969,2898,2796,2969,2898,2796,2969,-102,71,102,71,FALSE,FALSE
516,16,2925,2829,2967,2925,2829,2967,2925,2829,2967,-96,42,96,42,FALSE,FALSE
516,17,2874,2812,2948,2874,2812,2948,2874,2812,2948,-62,74,62,74,FALSE,FALSE
516,18,2830,2760,2814,2830,2760,2814,2830,2760,2814,-70,-16,70,16,FALSE,FALSE
516,19,2759,2667,2659,2759,2667,2659,2759,2667,2659,-92,-100,92,100,FALSE,FALSE
516,20,2614,2576,2467,2614,2576,2467,2614,2576,2467,-38,-147,38,147,FALSE,FALSE
516,21,2432,2441,2277,2432,2441,2277,2432,2441,2277,9,-155,9,155,FALSE,FALSE
516,22,2250,2256,2107,2250,2256,2107,2250,2256,2107,6,-143,6,143,FALSE,FALSE
516,23,2072,2095,1909,2072,2095,1909,2072,2095,1909,23,-163,23,163,FALSE,FALSE
516,24,1867,1945,1754,1867,1945,1754,1867,1945,1754,78,-113,78,113,FALSE,FALSE
516,25,1702,1761,1626,1702,1761,1626,1702,1761,1626,59,-76,59,76,FALSE,FALSE
516,26,1548,1622,1489,1548,1622,1489,1548,1622,1489,74,-59,74,59,FALSE,FALSE
516,27,1391,1467,1324,1391,1467,1324,1391,1467,1324,76,-67,76,67,FALSE,FALSE
516,28,1257,1309,1191,1257,1309,1191,1257,1309,1191,52,-66,52,66,FALSE,FALSE
516,29,1130,1163,1060,1130,1163,1060,1130,1163,1060,33,-70,33,70,FALSE,FALSE
516,30,1033,1050,954,1033,1050,954,1033,1050,954,17,-79,17,79,FALSE,FALSE
516,31,930,937,853,930,937,853,930,937,853,7,-77,7,77,FALSE,FALSE
516,32,828,816,758,828,816,758,828,816,758,-12,-70,12,70,FALSE,FALSE
516,33,742,723,670,742,723,670,742,723,670,-19,-72,19,72,FALSE,FALSE
516,34,676,650,583,676,650,583,676,650,583,-26,-93,26,93,FALSE,FALSE
516,35,604,572,530,604,572,530,604,572,530,-32,-74,32,74,FALSE,FALSE
516,36,532,502,455,532,502,455,532,502,455,-30,-77,30,77,FALSE,FALSE
516,37,480,456,411,480,456,411,480,456,411,-24,-69,24,69,FALSE,FALSE
516,38,428,400,362,428,400,362,428,400,362,-28,-66,28,66,FALSE,FALSE
516,39,373,350,325,373,350,325,373,350,325,-23,-48,23,48,FALSE,FALSE
516,40,336,316,286,336,316,286,336,316,286,-20,-50,20,50,FALSE,FALSE
516,41,283,278,265,283,278,265,283,278,265,-5,-18,5,18,FALSE,FALSE
516,42,257,256,240,257,256,240,257,256,240,-1,-17,1,17,FALSE,FALSE
516,43,232,232,216,232,232,216,232,232,216,0,-16,0,16,TRUE,FALSE
516,44,209,209,192,209,209,192,209,209,192,0,-17,0,17,TRUE,FALSE
516,45,187,188,171,187,188,171,187,188,171,1,-16,1,16,FALSE,FALSE
516,46,162,169,148,162,169,148,162,169,148,7,-14,7,14,FALSE,FALSE
516,47,147,146,128,147,146,128,147,146,128,-1,-19,1,19,FALSE,FALSE
516,48,133,135,112,133,135,112,133,135,112,2,-21,2,21,FALSE,FALSE
516,49,115,124,99,115,124,99,115,124,99,9,-16,9,16,FALSE,FALSE
516,50,96,109,87,96,109,87,96,109,87,13,-9,13,9,FALSE,FALSE
516,51,87,97,76,87,97,76,87,97,76,10,-11,10,11,FALSE,FALSE
516,52,80,83,64,80,83,64,80,83,64,3,-16,3,16,FALSE,FALSE
516,53,71,74,56,71,74,56,71,74,56,3,-15,3,15,FALSE,FALSE
516,54,60,66,50,60,66,50,60,66,50,6,-10,6,10,FALSE,FALSE
516,55,58,56,42,58,56,42,58,56,42,-2,-16,2,16,FALSE,FALSE
516,56,52,51,41,52,51,41,52,51,41,-1,-11,1,11,FALSE,FALSE
516,57,50,47,37,50,47,37,50,47,37,-3,-13,3,13,FALSE,FALSE
516,58,45,41,37,45,41,37,45,41,37,-4,-8,4,8,FALSE,FALSE
516,59,41,40,34,41,40,34,41,40,34,-1,-7,1,7,FALSE,FALSE
516,60,40,34,29,40,34,29,40,34,29,-6,-11,6,11,FALSE,FALSE
517,0,170,170,170,170,170,170,170,170,170,0,0,0,0,TRUE,TRUE
517,1,202,194,199,202,194,199,202,194,199,-8,-3,8,3,FALSE,FALSE
517,2,225,227,230,225,227,230,225,227,230,2,5,2,5,FALSE,FALSE
517,3,275,274,294,275,274,294,275,274,294,-1,19,1,19,FALSE,FALSE
517,4,356,332,370,356,332,370,356,332,370,-24,14,24,14,FALSE,FALSE
517,5,404,396,472,404,396,472,404,396,472,-8,68,8,68,FALSE,FALSE
517,6,481,483,536,481,483,536,481,483,536,2,55,2,55,FALSE,FALSE
517,7,578,574,640,578,574,640,578,574,640,-4,62,4,62,FALSE,FALSE
517,8,661,659,773,661,659,773,661,659,773,-2,112,2,112,FALSE,FALSE
517,9,761,766,924,761,766,924,761,766,924,5,163,5,163,FALSE,FALSE
517,10,905,922,1072,905,922,1072,905,922,1072,17,167,17,167,FALSE,FALSE
517,11,1051,1035,1250,1051,1035,1250,1051,1035,1250,-16,199,16,199,FALSE,FALSE
517,12,1201,1211,1403,1201,1211,1403,1201,1211,1403,10,202,10,202,FALSE,FALSE
517,13,1342,1377,1597,1342,1377,1597,1342,1377,1597,35,255,35,255,FALSE,FALSE
517,14,1550,1542,1771,1550,1542,1771,1550,1542,1771,-8,221,8,221,FALSE,FALSE
517,15,1732,1702,1958,1732,1702,1958,1732,1702,1958,-30,226,30,226,FALSE,FALSE
517,16,1921,1856,2102,1921,1856,2102,1921,1856,2102,-65,181,65,181,FALSE,FALSE
517,17,2094,2036,2257,2094,2036,2257,2094,2036,2257,-58,163,58,163,FALSE,FALSE
517,18,2250,2207,2440,2250,2207,2440,2250,2207,2440,-43,190,43,190,FALSE,FALSE
517,19,2400,2376,2573,2400,2376,2573,2400,2376,2573,-24,173,24,173,FALSE,FALSE
517,20,2498,2530,2697,2498,2530,2697,2498,2530,2697,32,199,32,199,FALSE,FALSE
517,21,2573,2637,2739,2573,2637,2739,2573,2637,2739,64,166,64,166,FALSE,FALSE
517,22,2628,2685,2789,2628,2685,2789,2628,2685,2789,57,161,57,161,FALSE,FALSE
517,23,2671,2710,2800,2671,2710,2800,2671,2710,2800,39,129,39,129,FALSE,FALSE
517,24,2680,2723,2765,2680,2723,2765,2680,2723,2765,43,85,43,85,FALSE,FALSE
517,25,2692,2724,2761,2692,2724,2761,2692,2724,2761,32,69,32,69,FALSE,FALSE
517,26,2661,2715,2705,2661,2715,2705,2661,2715,2705,54,44,54,44,FALSE,FALSE
517,27,2650,2641,2648,2650,2641,2648,2650,2641,2648,-9,-2,9,2,FALSE,FALSE
517,28,2612,2623,2586,2612,2623,2586,2612,2623,2586,11,-26,11,26,FALSE,FALSE
517,29,2534,2529,2493,2534,2529,2493,2534,2529,2493,-5,-41,5,41,FALSE,FALSE
517,30,2447,2421,2414,2447,2421,2414,2447,2421,2414,-26,-33,26,33,FALSE,FALSE
517,31,2338,2298,2274,2338,2298,2274,2338,2298,2274,-40,-64,40,64,FALSE,FALSE
517,32,2234,2227,2165,2234,2227,2165,2234,2227,2165,-7,-69,7,69,FALSE,FALSE
517,33,2087,2136,2059,2087,2136,2059,2087,2136,2059,49,-28,49,28,FALSE,FALSE
517,34,1954,1992,1937,1954,1992,1937,1954,1992,1937,38,-17,38,17,FALSE,FALSE
517,35,1814,1905,1812,1814,1905,1812,1814,1905,1812,91,-2,91,2,FALSE,FALSE
517,36,1723,1781,1692,1723,1781,1692,1723,1781,1692,58,-31,58,31,FALSE,FALSE
517,37,1613,1656,1571,1613,1656,1571,1613,1656,1571,43,-42,43,42,FALSE,FALSE
517,38,1534,1550,1459,1534,1550,1459,1534,1550,1459,16,-75,16,75,FALSE,FALSE
517,39,1435,1425,1366,1435,1425,1366,1435,1425,1366,-10,-69,10,69,FALSE,FALSE
517,40,1323,1333,1257,1323,1333,1257,1323,1333,1257,10,-66,10,66,FALSE,FALSE
517,41,1253,1225,1128,1253,1225,1128,1253,1225,1128,-28,-125,28,125,FALSE,FALSE
517,42,1148,1124,1018,1148,1124,1018,1148,1124,1018,-24,-130,24,130,FALSE,FALSE
517,43,1062,1043,955,1062,1043,955,1062,1043,955,-19,-107,19,107,FALSE,FALSE
517,44,984,961,901,984,961,901,984,961,901,-23,-83,23,83,FALSE,FALSE
517,45,898,896,833,898,896,833,898,896,833,-2,-65,2,65,FALSE,FALSE
517,46,826,838,765,826,838,765,826,838,765,12,-61,12,61,FALSE,FALSE
517,47,759,778,701,759,778,701,759,778,701,19,-58,19,58,FALSE,FALSE
517,48,708,730,655,708,730,655,708,730,655,22,-53,22,53,FALSE,FALSE
517,49,652,667,616,652,667,616,652,667,616,15,-36,15,36,FALSE,FALSE
517,50,607,606,574,607,606,574,607,606,574,-1,-33,1,33,FALSE,FALSE
517,51,566,559,528,566,559,528,566,559,528,-7,-38,7,38,FALSE,FALSE
517,52,529,526,490,529,526,490,529,526,490,-3,-39,3,39,FALSE,FALSE
517,53,487,477,432,487,477,432,487,477,432,-10,-55,10,55,FALSE,FALSE
517,54,451,443,402,451,443,402,451,443,402,-8,-49,8,49,FALSE,FALSE
517,55,412,397,367,412,397,367,412,397,367,-15,-45,15,45,FALSE,FALSE
517,56,379,364,334,379,364,334,379,364,334,-15,-45,15,45,FALSE,FALSE
517,57,365,335,309,365,335,309,365,335,309,-30,-56,30,56,FALSE,FALSE
517,58,324,305,288,324,305,288,324,305,288,-19,-36,19,36,FALSE,FALSE
517,59,293,277,271,293,277,271,293,277,271,-16,-22,16,22,FALSE,FALSE
517,60,263,256,246,263,256,246,263,256,246,-7,-17,7,17,FALSE,FALSE
518,0,166,166,166,166,166,166,166,166,166,0,0,0,0,TRUE,TRUE
518,1,268,276,267,268,276,267,268,276,267,8,-1,8,1,FALSE,FALSE
518,2,417,440,420,417,440,420,417,440,420,23,3,23,3,FALSE,FALSE
518,3,671,676,635,671,676,635,671,676,635,5,-36,5,36,FALSE,FALSE
518,4,996,989,952,996,989,952,996,989,952,-7,-44,7,44,FALSE,FALSE
518,5,1387,1399,1405,1387,1399,1405,1387,1399,1405,12,18,12,18,FALSE,FALSE
518,6,1866,1944,1956,1866,1944,1956,1866,1944,1956,78,90,78,90,FALSE,FALSE
518,7,2392,2435,2497,2392,2435,2497,2392,2435,2497,43,105,43,105,FALSE,FALSE
518,8,2850,2836,2954,2850,2836,2954,2850,2836,2954,-14,104,14,104,FALSE,FALSE
518,9,3165,3156,3241,3165,3156,3241,3165,3156,3241,-9,76,9,76,FALSE,FALSE
518,10,3274,3250,3334,3274,3250,3334,3274,3250,3334,-24,60,24,60,FALSE,FALSE
518,11,3171,3113,3262,3171,3113,3262,3171,3113,3262,-58,91,58,91,FALSE,FALSE
518,12,2994,2863,2917,2994,2863,2917,2994,2863,2917,-131,-77,131,77,FALSE,FALSE
518,13,2631,2579,2566,2631,2579,2566,2631,2579,2566,-52,-65,52,65,FALSE,FALSE
518,14,2281,2236,2198,2281,2236,2198,2281,2236,2198,-45,-83,45,83,FALSE,FALSE
518,15,1936,1868,1876,1936,1868,1876,1936,1868,1876,-68,-60,68,60,FALSE,FALSE
518,16,1591,1589,1544,1591,1589,1544,1591,1589,1544,-2,-47,2,47,FALSE,FALSE
518,17,1330,1284,1263,1330,1284,1263,1330,1284,1263,-46,-67,46,67,FALSE,FALSE
518,18,1073,1037,1013,1073,1037,1013,1073,1037,1013,-36,-60,36,60,FALSE,FALSE
518,19,892,847,842,892,847,842,892,847,842,-45,-50,45,50,FALSE,FALSE
518,20,740,677,672,740,677,672,740,677,672,-63,-68,63,68,FALSE,FALSE
518,21,590,532,539,590,532,539,590,532,539,-58,-51,58,51,FALSE,FALSE
518,22,476,446,417,476,446,417,476,446,417,-30,-59,30,59,FALSE,FALSE
518,23,387,369,332,387,369,332,387,369,332,-18,-55,18,55,FALSE,FALSE
518,24,314,280,270,314,280,270,314,280,270,-34,-44,34,44,FALSE,FALSE
518,25,242,229,205,242,229,205,242,229,205,-13,-37,13,37,FALSE,FALSE
518,26,195,182,172,195,182,172,195,182,172,-13,-23,13,23,FALSE,FALSE
518,27,157,142,141,157,142,141,157,142,141,-15,-16,15,16,FALSE,FALSE
518,28,134,108,114,134,108,114,134,108,114,-26,-20,26,20,FALSE,FALSE
518,29,106,85,85,106,85,85,106,85,85,-21,-21,21,21,FALSE,FALSE
518,30,80,73,72,80,73,72,80,73,72,-7,-8,7,8,FALSE,FALSE
518,31,64,55,55,64,55,55,64,55,55,-9,-9,9,9,FALSE,FALSE
518,32,50,46,44,50,46,44,50,46,44,-4,-6,4,6,FALSE,FALSE
518,33,36,31,41,36,31,41,36,31,41,-5,5,5,5,FALSE,FALSE
518,34,30,24,32,30,24,32,30,24,32,-6,2,6,2,FALSE,FALSE
518,35,24,24,24,24,24,24,24,24,24,0,0,0,0,TRUE,TRUE
518,36,17,22,21,17,22,21,17,22,21,5,4,5,4,FALSE,FALSE
518,37,17,21,12,17,21,12,17,21,12,4,-5,4,5,FALSE,FALSE
518,38,13,15,7,13,15,7,13,15,7,2,-6,2,6,FALSE,FALSE
518,39,13,9,5,13,9,5,13,9,5,-4,-8,4,8,FALSE,FALSE
518,40,11,6,1,11,6,1,11,6,1,-5,-10,5,10,FALSE,FALSE
518,41,8,5,0,8,5,0,8,5,0,-3,-8,3,8,FALSE,FALSE
518,42,6,5,0,6,5,0,6,5,0,-1,-6,1,6,FALSE,FALSE
518,43,4,4,0,4,4,0,4,4,0,0,-4,0,4,TRUE,FALSE
518,44,2,3,0,2,3,0,2,3,0,1,-2,1,2,FALSE,FALSE
518,45,2,3,0,2,3,0,2,3,0,1,-2,1,2,FALSE,FALSE
518,46,2,2,0,2,2,0,2,2,0,0,-2,0,2,TRUE,FALSE
518,47,2,1,0,2,1,0,2,1,0,-1,-2,1,2,FALSE,FALSE
518,48,2,1,0,2,1,0,2,1,0,-1,-2,1,2,FALSE,FALSE
518,49,2,0,0,2,0,0,2,0,0,-2,-2,2,2,FALSE,FALSE
518,50,1,0,0,1,0,0,1,0,0,-1,-1,1,1,FALSE,FALSE
518,51,1,0,0,1,0,0,1,0,0,-1,-1,1,1,FALSE,FALSE
518,52,1,0,0,1,0,0,1,0,0,-1,-1,1,1,FALSE,FALSE
518,53,0,0,0,0,0,0,0,0,0,0,0,0,0,TRUE,TRUE
518,54,0,0,0,0,0,0,0,0,0,0,0,0,0,TRUE,TRUE
518,55,0,0,0,0,0,0,0,0,0,0,0,0,0,TRUE,TRUE
518,56,0,0,0,0,0,0,0,0,0,0,0,0,0,TRUE,TRUE
518,57,0,0,0,0,0,0,0,0,0,0,0,0,0,TRUE,TRUE
518,58,0,0,0,0,0,0,0,0,0,0,0,0,0,TRUE,TRUE
518,59,0,0,0,0,0,0,0,0,0,0,0,0,0,TRUE,TRUE
518,60,0,0,0,0,0,0,0,0,0,0,0,0,0,TRUE,TRUE
519,0,63,63,63,63,63,63,63,63,63,0,0,0,0,TRUE,TRUE
519,1,86,103,87,86,103,87,86,103,87,17,1,17,1,FALSE,FALSE
519,2,120,144,121,120,144,121,120,144,121,24,1,24,1,FALSE,FALSE
519,3,175,202,174,175,202,174,175,202,174,27,-1,27,1,FALSE,FALSE
519,4,244,264,234,244,264,234,244,264,234,20,-10,20,10,FALSE,FALSE
519,5,325,371,302,325,371,302,325,371,302,46,-23,46,23,FALSE,FALSE
519,6,461,501,406,461,501,406,461,501,406,40,-55,40,55,FALSE,FALSE
519,7,604,634,551,604,634,551,604,634,551,30,-53,30,53,FALSE,FALSE
519,8,770,804,756,770,804,756,770,804,756,34,-14,34,14,FALSE,FALSE
519,9,951,988,944,951,988,944,951,988,944,37,-7,37,7,FALSE,FALSE
519,10,1186,1157,1148,1186,1157,1148,1186,1157,1148,-29,-38,29,38,FALSE,FALSE
519,11,1333,1312,1339,1333,1312,1339,1333,1312,1339,-21,6,21,6,FALSE,FALSE
519,12,1435,1461,1482,1435,1461,1482,1435,1461,1482,26,47,26,47,FALSE,FALSE
519,13,1480,1506,1536,1480,1506,1536,1480,1506,1536,26,56,26,56,FALSE,FALSE
519,14,1452,1528,1541,1452,1528,1541,1452,1528,1541,76,89,76,89,FALSE,FALSE
519,15,1396,1496,1483,1396,1496,1483,1396,1496,1483,100,87,100,87,FALSE,FALSE
519,16,1336,1392,1373,1336,1392,1373,1336,1392,1373,56,37,56,37,FALSE,FALSE
519,17,1172,1293,1234,1172,1293,1234,1172,1293,1234,121,62,121,62,FALSE,FALSE
519,18,1029,1127,1092,1029,1127,1092,1029,1127,1092,98,63,98,63,FALSE,FALSE
519,19,931,950,928,931,950,928,931,950,928,19,-3,19,3,FALSE,FALSE
519,20,826,820,812,826,820,812,826,820,812,-6,-14,6,14,FALSE,FALSE
519,21,711,715,707,711,715,707,711,715,707,4,-4,4,4,FALSE,FALSE
519,22,589,606,583,589,606,583,589,606,583,17,-6,17,6,FALSE,FALSE
519,23,495,500,480,495,500,480,495,500,480,5,-15,5,15,FALSE,FALSE
519,24,412,407,397,412,407,397,412,407,397,-5,-15,5,15,FALSE,FALSE
519,25,326,320,318,326,320,318,326,320,318,-6,-8,6,8,FALSE,FALSE
519,26,268,270,254,268,270,254,268,270,254,2,-14,2,14,FALSE,FALSE
519,27,224,208,229,224,208,229,224,208,229,-16,5,16,5,FALSE,FALSE
519,28,191,173,199,191,173,199,191,173,199,-18,8,18,8,FALSE,FALSE
519,29,157,141,162,157,141,162,157,141,162,-16,5,16,5,FALSE,FALSE
519,30,133,121,130,133,121,130,133,121,130,-12,-3,12,3,FALSE,FALSE
519,31,98,100,109,98,100,109,98,100,109,2,11,2,11,FALSE,FALSE
519,32,86,84,90,86,84,90,86,84,90,-2,4,2,4,FALSE,FALSE
519,33,70,65,75,70,65,75,70,65,75,-5,5,5,5,FALSE,FALSE
519,34,56,54,58,56,54,58,56,54,58,-2,2,2,2,FALSE,FALSE
519,35,49,48,47,49,48,47,49,48,47,-1,-2,1,2,FALSE,FALSE
519,36,45,37,37,45,37,37,45,37,37,-8,-8,8,8,FALSE,FALSE
519,37,39,27,32,39,27,32,39,27,32,-12,-7,12,7,FALSE,FALSE
519,38,31,19,23,31,19,23,31,19,23,-12,-8,12,8,FALSE,FALSE
519,39,19,16,20,19,16,20,19,16,20,-3,1,3,1,FALSE,FALSE
519,40,15,15,18,15,15,18,15,15,18,0,3,0,3,TRUE,FALSE
519,41,11,10,20,11,10,20,11,10,20,-1,9,1,9,FALSE,FALSE
519,42,11,8,17,11,8,17,11,8,17,-3,6,3,6,FALSE,FALSE
519,43,10,7,12,10,7,12,10,7,12,-3,2,3,2,FALSE,FALSE
519,44,11,6,12,11,6,12,11,6,12,-5,1,5,1,FALSE,FALSE
519,45,10,5,13,10,5,13,10,5,13,-5,3,5,3,FALSE,FALSE
519,46,10,5,10,10,5,10,10,5,10,-5,0,5,0,FALSE,TRUE
519,47,10,3,8,10,3,8,10,3,8,-7,-2,7,2,FALSE,FALSE
519,48,6,3,6,6,3,6,6,3,6,-3,0,3,0,FALSE,TRUE
519,49,3,2,4,3,2,4,3,2,4,-1,1,1,1,FALSE,FALSE
519,50,3,0,3,3,0,3,3,0,3,-3,0,3,0,FALSE,TRUE
519,51,1,0,4,1,0,4,1,0,4,-1,3,1,3,FALSE,FALSE
519,52,1,0,3,1,0,3,1,0,3,-1,2,1,2,FALSE,FALSE
519,53,1,0,3,1,0,3,1,0,3,-1,2,1,2,FALSE,FALSE
519,54,0,0,3,0,0,3,0,0,3,0,3,0,3,TRUE,FALSE
519,55,0,0,1,0,0,1,0,0,1,0,1,0,1,TRUE,FALSE
519,56,0,0,1,0,0,1,0,0,1,0,1,0,1,TRUE,FALSE
519,57,0,0,1,0,0,1,0,0,1,0,1,0,1,TRUE,FALSE
519,58,0,0,1,0,0,1,0,0,1,0,1,0,1,TRUE,FALSE
519,59,0,0,1,0,0,1,0,0,1,0,1,0,1,TRUE,FALSE
519,60,0,0,1,0,0,1,0,0,1,0,1,0,1,TRUE,FALSE
520,0,103,103,103,103,103,103,103,103,103,0,0,0,0,TRUE,TRUE
520,1,122,136,139,122,136,139,122,136,139,14,17,14,17,FALSE,FALSE
520,2,146,167,167,146,167,167,146,167,167,21,21,21,21,FALSE,FALSE
520,3,176,202,199,176,202,199,176,202,199,26,23,26,23,FALSE,FALSE
520,4,199,259,244,199,259,244,199,259,244,60,45,60,45,FALSE,FALSE
520,5,231,305,305,231,305,305,231,305,305,74,74,74,74,FALSE,FALSE
520,6,282,361,370,282,361,370,282,361,370,79,88,79,88,FALSE,FALSE
520,7,339,442,444,339,442,444,339,442,444,103,105,103,105,FALSE,FALSE
520,8,402,553,502,402,553,502,402,553,502,151,100,151,100,FALSE,FALSE
520,9,471,657,584,471,657,584,471,657,584,186,113,186,113,FALSE,FALSE
520,10,564,778,703,564,778,703,564,778,703,214,139,214,139,FALSE,FALSE
520,11,678,923,842,678,923,842,678,923,842,245,164,245,164,FALSE,FALSE
520,12,811,1098,986,811,1098,986,811,1098,986,287,175,287,175,FALSE,FALSE
520,13,927,1245,1123,927,1245,1123,927,1245,1123,318,196,318,196,FALSE,FALSE
520,14,1067,1425,1257,1067,1425,1257,1067,1425,1257,358,190,358,190,FALSE,FALSE
520,15,1200,1579,1423,1200,1579,1423,1200,1579,1423,379,223,379,223,FALSE,FALSE
520,16,1368,1708,1575,1368,1708,1575,1368,1708,1575,340,207,340,207,FALSE,FALSE
520,17,1542,1827,1721,1542,1827,1721,1542,1827,1721,285,179,285,179,FALSE,FALSE
520,18,1704,1977,1855,1704,1977,1855,1704,1977,1855,273,151,273,151,FALSE,FALSE
520,19,1829,2065,1970,1829,2065,1970,1829,2065,1970,236,141,236,141,FALSE,FALSE
520,20,1925,2155,2077,1925,2155,2077,1925,2155,2077,230,152,230,152,FALSE,FALSE
520,21,2012,2216,2150,2012,2216,2150,2012,2216,2150,204,138,204,138,FALSE,FALSE
520,22,2071,2240,2186,2071,2240,2186,2071,2240,2186,169,115,169,115,FALSE,FALSE
520,23,2146,2292,2230,2146,2292,2230,2146,2292,2230,146,84,146,84,FALSE,FALSE
520,24,2179,2291,2261,2179,2291,2261,2179,2291,2261,112,82,112,82,FALSE,FALSE
520,25,2201,2273,2258,2201,2273,2258,2201,2273,2258,72,57,72,57,FALSE,FALSE
520,26,2215,2232,2245,2215,2232,2245,2215,2232,2245,17,30,17,30,FALSE,FALSE
520,27,2217,2186,2202,2217,2186,2202,2217,2186,2202,-31,-15,31,15,FALSE,FALSE
520,28,2196,2147,2102,2196,2147,2102,2196,2147,2102,-49,-94,49,94,FALSE,FALSE
520,29,2148,2081,2031,2148,2081,2031,2148,2081,2031,-67,-117,67,117,FALSE,FALSE
520,30,2070,2008,1942,2070,2008,1942,2070,2008,1942,-62,-128,62,128,FALSE,FALSE
520,31,1999,1928,1857,1999,1928,1857,1999,1928,1857,-71,-142,71,142,FALSE,FALSE
520,32,1931,1862,1794,1931,1862,1794,1931,1862,1794,-69,-137,69,137,FALSE,FALSE
520,33,1852,1774,1704,1852,1774,1704,1852,1774,1704,-78,-148,78,148,FALSE,FALSE
520,34,1765,1694,1627,1765,1694,1627,1765,1694,1627,-71,-138,71,138,FALSE,FALSE
520,35,1681,1604,1540,1681,1604,1540,1681,1604,1540,-77,-141,77,141,FALSE,FALSE
520,36,1584,1512,1440,1584,1512,1440,1584,1512,1440,-72,-144,72,144,FALSE,FALSE
520,37,1515,1432,1349,1515,1432,1349,1515,1432,1349,-83,-166,83,166,FALSE,FALSE
520,38,1414,1343,1256,1414,1343,1256,1414,1343,1256,-71,-158,71,158,FALSE,FALSE
520,39,1310,1276,1181,1310,1276,1181,1310,1276,1181,-34,-129,34,129,FALSE,FALSE
520,40,1234,1217,1109,1234,1217,1109,1234,1217,1109,-17,-125,17,125,FALSE,FALSE
520,41,1149,1144,1035,1149,1144,1035,1149,1144,1035,-5,-114,5,114,FALSE,FALSE
520,42,1089,1061,979,1089,1061,979,1089,1061,979,-28,-110,28,110,FALSE,FALSE
520,43,1040,1001,930,1040,1001,930,1040,1001,930,-39,-110,39,110,FALSE,FALSE
520,44,988,939,879,988,939,879,988,939,879,-49,-109,49,109,FALSE,FALSE
520,45,913,891,822,913,891,822,913,891,822,-22,-91,22,91,FALSE,FALSE
520,46,842,827,755,842,827,755,842,827,755,-15,-87,15,87,FALSE,FALSE
520,47,786,786,697,786,786,697,786,786,697,0,-89,0,89,TRUE,FALSE
520,48,723,730,646,723,730,646,723,730,646,7,-77,7,77,FALSE,FALSE
520,49,675,674,597,675,674,597,675,674,597,-1,-78,1,78,FALSE,FALSE
520,50,619,616,545,619,616,545,619,616,545,-3,-74,3,74,FALSE,FALSE
520,51,566,583,513,566,583,513,566,583,513,17,-53,17,53,FALSE,FALSE
520,52,520,550,473,520,550,473,520,550,473,30,-47,30,47,FALSE,FALSE
520,53,485,515,438,485,515,438,485,515,438,30,-47,30,47,FALSE,FALSE
520,54,458,483,402,458,483,402,458,483,402,25,-56,25,56,FALSE,FALSE
520,55,424,448,371,424,448,371,424,448,371,24,-53,24,53,FALSE,FALSE
520,56,404,417,345,404,417,345,404,417,345,13,-59,13,59,FALSE,FALSE
520,57,374,398,313,374,398,313,374,398,313,24,-61,24,61,FALSE,FALSE
520,58,355,371,288,355,371,288,355,371,288,16,-67,16,67,FALSE,FALSE
520,59,327,351,270,327,351,270,327,351,270,24,-57,24,57,FALSE,FALSE
520,60,299,335,250,299,335,250,299,335,250,36,-49,36,49,FALSE,FALSE
521,0,71,71,71,71,71,71,71,71,71,0,0,0,0,TRUE,TRUE
521,1,76,90,87,76,90,87,76,90,87,14,11,14,11,FALSE,FALSE
521,2,92,112,125,92,112,125,92,112,125,20,33,20,33,FALSE,FALSE
521,3,114,139,151,114,139,151,114,139,151,25,37,25,37,FALSE,FALSE
521,4,134,167,190,134,167,190,134,167,190,33,56,33,56,FALSE,FALSE
521,5,162,206,210,162,206,210,162,206,210,44,48,44,48,FALSE,FALSE
521,6,207,241,248,207,241,248,207,241,248,34,41,34,41,FALSE,FALSE
521,7,266,288,294,266,288,294,266,288,294,22,28,22,28,FALSE,FALSE
521,8,325,346,357,325,346,357,325,346,357,21,32,21,32,FALSE,FALSE
521,9,377,419,440,377,419,440,377,419,440,42,63,42,63,FALSE,FALSE
521,10,466,503,521,466,503,521,466,503,521,37,55,37,55,FALSE,FALSE
521,11,577,567,613,577,567,613,577,567,613,-10,36,10,36,FALSE,FALSE
521,12,692,676,731,692,676,731,692,676,731,-16,39,16,39,FALSE,FALSE
521,13,832,782,863,832,782,863,832,782,863,-50,31,50,31,FALSE,FALSE
521,14,961,920,990,961,920,990,961,920,990,-41,29,41,29,FALSE,FALSE
521,15,1131,1059,1145,1131,1059,1145,1131,1059,1145,-72,14,72,14,FALSE,FALSE
521,16,1297,1230,1288,1297,1230,1288,1297,1230,1288,-67,-9,67,9,FALSE,FALSE
521,17,1474,1437,1430,1474,1437,1430,1474,1437,1430,-37,-44,37,44,FALSE,FALSE
521,18,1670,1630,1609,1670,1630,1609,1670,1630,1609,-40,-61,40,61,FALSE,FALSE
521,19,1877,1855,1783,1877,1855,1783,1877,1855,1783,-22,-94,22,94,FALSE,FALSE
521,20,2043,2087,1976,2043,2087,1976,2043,2087,1976,44,-67,44,67,FALSE,FALSE
521,21,2210,2233,2134,2210,2233,2134,2210,2233,2134,23,-76,23,76,FALSE,FALSE
521,22,2313,2386,2268,2313,2386,2268,2313,2386,2268,73,-45,73,45,FALSE,FALSE
521,23,2390,2489,2387,2390,2489,2387,2390,2489,2387,99,-3,99,3,FALSE,FALSE
521,24,2497,2574,2447,2497,2574,2447,2497,2574,2447,77,-50,77,50,FALSE,FALSE
521,25,2571,2630,2503,2571,2630,2503,2571,2630,2503,59,-68,59,68,FALSE,FALSE
521,26,2643,2663,2527,2643,2663,2527,2643,2663,2527,20,-116,20,116,FALSE,FALSE
521,27,2665,2696,2588,2665,2696,2588,2665,2696,2588,31,-77,31,77,FALSE,FALSE
521,28,2666,2686,2592,2666,2686,2592,2666,2686,2592,20,-74,20,74,FALSE,FALSE
521,29,2619,2606,2573,2619,2606,2573,2619,2606,2573,-13,-46,13,46,FALSE,FALSE
521,30,2536,2570,2543,2536,2570,2543,2536,2570,2543,34,7,34,7,FALSE,FALSE
521,31,2438,2453,2456,2438,2453,2456,2438,2453,2456,15,18,15,18,FALSE,FALSE
521,32,2357,2356,2409,2357,2356,2409,2357,2356,2409,-1,52,1,52,FALSE,FALSE
521,33,2281,2230,2305,2281,2230,2305,2281,2230,2305,-51,24,51,24,FALSE,FALSE
521,34,2204,2118,2183,2204,2118,2183,2204,2118,2183,-86,-21,86,21,FALSE,FALSE
521,35,2118,2021,2074,2118,2021,2074,2118,2021,2074,-97,-44,97,44,FALSE,FALSE
521,36,2023,1924,1982,2023,1924,1982,2023,1924,1982,-99,-41,99,41,FALSE,FALSE
521,37,1895,1814,1858,1895,1814,1858,1895,1814,1858,-81,-37,81,37,FALSE,FALSE
521,38,1767,1673,1707,1767,1673,1707,1767,1673,1707,-94,-60,94,60,FALSE,FALSE
521,39,1675,1588,1608,1675,1588,1608,1675,1588,1608,-87,-67,87,67,FALSE,FALSE
521,40,1593,1494,1526,1593,1494,1526,1593,1494,1526,-99,-67,99,67,FALSE,FALSE
521,41,1482,1413,1429,1482,1413,1429,1482,1413,1429,-69,-53,69,53,FALSE,FALSE
521,42,1370,1330,1350,1370,1330,1350,1370,1330,1350,-40,-20,40,20,FALSE,FALSE
521,43,1295,1224,1252,1295,1224,1252,1295,1224,1252,-71,-43,71,43,FALSE,FALSE
521,44,1202,1139,1167,1202,1139,1167,1202,1139,1167,-63,-35,63,35,FALSE,FALSE
521,45,1139,1056,1077,1139,1056,1077,1139,1056,1077,-83,-62,83,62,FALSE,FALSE
521,46,1063,971,1001,1063,971,1001,1063,971,1001,-92,-62,92,62,FALSE,FALSE
521,47,972,908,933,972,908,933,972,908,933,-64,-39,64,39,FALSE,FALSE
521,48,909,858,882,909,858,882,909,858,882,-51,-27,51,27,FALSE,FALSE
521,49,840,786,815,840,786,815,840,786,815,-54,-25,54,25,FALSE,FALSE
521,50,772,729,753,772,729,753,772,729,753,-43,-19,43,19,FALSE,FALSE
521,51,697,670,710,697,670,710,697,670,710,-27,13,27,13,FALSE,FALSE
521,52,643,616,654,643,616,654,643,616,654,-27,11,27,11,FALSE,FALSE
521,53,589,568,614,589,568,614,589,568,614,-21,25,21,25,FALSE,FALSE
521,54,541,530,573,541,530,573,541,530,573,-11,32,11,32,FALSE,FALSE
521,55,498,490,538,498,490,538,498,490,538,-8,40,8,40,FALSE,FALSE
521,56,476,454,498,476,454,498,476,454,498,-22,22,22,22,FALSE,FALSE
521,57,443,412,462,443,412,462,443,412,462,-31,19,31,19,FALSE,FALSE
521,58,416,384,440,416,384,440,416,384,440,-32,24,32,24,FALSE,FALSE
521,59,388,346,407,388,346,407,388,346,407,-42,19,42,19,FALSE,FALSE
521,60,356,326,382,356,326,382,356,326,382,-30,26,30,26,FALSE,FALSE
522,0,159,159,159,159,159,159,159,159,159,0,0,0,0,TRUE,TRUE
522,1,182,183,201,182,183,201,182,183,201,1,19,1,19,FALSE,FALSE
522,2,223,204,240,223,204,240,223,204,240,-19,17,19,17,FALSE,FALSE
522,3,236,269,270,236,269,270,236,269,270,33,34,33,34,FALSE,FALSE
522,4,268,306,350,268,306,350,268,306,350,38,82,38,82,FALSE,FALSE
522,5,310,375,433,310,375,433,310,375,433,65,123,65,123,FALSE,FALSE
522,6,372,421,536,372,421,536,372,421,536,49,164,49,164,FALSE,FALSE
522,7,432,497,591,432,497,591,432,497,591,65,159,65,159,FALSE,FALSE
522,8,486,588,666,486,588,666,486,588,666,102,180,102,180,FALSE,FALSE
522,9,566,678,779,566,678,779,566,678,779,112,213,112,213,FALSE,FALSE
522,10,657,769,875,657,769,875,657,769,875,112,218,112,218,FALSE,FALSE
522,11,764,861,976,764,861,976,764,861,976,97,212,97,212,FALSE,FALSE
522,12,829,985,1086,829,985,1086,829,985,1086,156,257,156,257,FALSE,FALSE
522,13,926,1083,1221,926,1083,1221,926,1083,1221,157,295,157,295,FALSE,FALSE
522,14,1035,1201,1315,1035,1201,1315,1035,1201,1315,166,280,166,280,FALSE,FALSE
522,15,1132,1298,1432,1132,1298,1432,1132,1298,1432,166,300,166,300,FALSE,FALSE
522,16,1224,1381,1518,1224,1381,1518,1224,1381,1518,157,294,157,294,FALSE,FALSE
522,17,1327,1424,1569,1327,1424,1569,1327,1424,1569,97,242,97,242,FALSE,FALSE
522,18,1414,1495,1629,1414,1495,1629,1414,1495,1629,81,215,81,215,FALSE,FALSE
522,19,1484,1556,1628,1484,1556,1628,1484,1556,1628,72,144,72,144,FALSE,FALSE
522,20,1536,1564,1671,1536,1564,1671,1536,1564,1671,28,135,28,135,FALSE,FALSE
522,21,1585,1558,1654,1585,1558,1654,1585,1558,1654,-27,69,27,69,FALSE,FALSE
522,22,1563,1533,1643,1563,1533,1643,1563,1533,1643,-30,80,30,80,FALSE,FALSE
522,23,1549,1513,1612,1549,1513,1612,1549,1513,1612,-36,63,36,63,FALSE,FALSE
522,24,1504,1472,1563,1504,1472,1563,1504,1472,1563,-32,59,32,59,FALSE,FALSE
522,25,1483,1445,1476,1483,1445,1476,1483,1445,1476,-38,-7,38,7,FALSE,FALSE
522,26,1400,1410,1418,1400,1410,1418,1400,1410,1418,10,18,10,18,FALSE,FALSE
522,27,1366,1354,1309,1366,1354,1309,1366,1354,1309,-12,-57,12,57,FALSE,FALSE
522,28,1303,1277,1199,1303,1277,1199,1303,1277,1199,-26,-104,26,104,FALSE,FALSE
522,29,1239,1168,1114,1239,1168,1114,1239,1168,1114,-71,-125,71,125,FALSE,FALSE
522,30,1151,1091,1006,1151,1091,1006,1151,1091,1006,-60,-145,60,145,FALSE,FALSE
522,31,1078,1004,947,1078,1004,947,1078,1004,947,-74,-131,74,131,FALSE,FALSE
522,32,1006,926,867,1006,926,867,1006,926,867,-80,-139,80,139,FALSE,FALSE
522,33,951,867,780,951,867,780,951,867,780,-84,-171,84,171,FALSE,FALSE
522,34,867,789,688,867,789,688,867,789,688,-78,-179,78,179,FALSE,FALSE
522,35,809,743,629,809,743,629,809,743,629,-66,-180,66,180,FALSE,FALSE
522,36,727,663,562,727,663,562,727,663,562,-64,-165,64,165,FALSE,FALSE
522,37,679,579,482,679,579,482,679,579,482,-100,-197,100,197,FALSE,FALSE
522,38,601,534,448,601,534,448,601,534,448,-67,-153,67,153,FALSE,FALSE
522,39,522,479,404,522,479,404,522,479,404,-43,-118,43,118,FALSE,FALSE
522,40,469,432,378,469,432,378,469,432,378,-37,-91,37,91,FALSE,FALSE
522,41,425,387,323,425,387,323,425,387,323,-38,-102,38,102,FALSE,FALSE
522,42,390,343,281,390,343,281,390,343,281,-47,-109,47,109,FALSE,FALSE
522,43,361,305,241,361,305,241,361,305,241,-56,-120,56,120,FALSE,FALSE
522,44,318,294,204,318,294,204,318,294,204,-24,-114,24,114,FALSE,FALSE
522,45,287,258,186,287,258,186,287,258,186,-29,-101,29,101,FALSE,FALSE
522,46,259,227,170,259,227,170,259,227,170,-32,-89,32,89,FALSE,FALSE
522,47,227,202,157,227,202,157,227,202,157,-25,-70,25,70,FALSE,FALSE
522,48,208,184,137,208,184,137,208,184,137,-24,-71,24,71,FALSE,FALSE
522,49,186,170,125,186,170,125,186,170,125,-16,-61,16,61,FALSE,FALSE
522,50,178,151,118,178,151,118,178,151,118,-27,-60,27,60,FALSE,FALSE
522,51,157,130,99,157,130,99,157,130,99,-27,-58,27,58,FALSE,FALSE
522,52,143,117,91,143,117,91,143,117,91,-26,-52,26,52,FALSE,FALSE
522,53,122,98,85,122,98,85,122,98,85,-24,-37,24,37,FALSE,FALSE
522,54,104,86,74,104,86,74,104,86,74,-18,-30,18,30,FALSE,FALSE
522,55,92,83,62,92,83,62,92,83,62,-9,-30,9,30,FALSE,FALSE
522,56,84,82,57,84,82,57,84,82,57,-2,-27,2,27,FALSE,FALSE
522,57,71,72,50,71,72,50,71,72,50,1,-21,1,21,FALSE,FALSE
522,58,66,68,42,66,68,42,66,68,42,2,-24,2,24,FALSE,FALSE
522,59,56,61,38,56,61,38,56,61,38,5,-18,5,18,FALSE,FALSE
522,60,49,52,36,49,52,36,49,52,36,3,-13,3,13,FALSE,FALSE
523,0,130,130,130,130,130,130,130,130,130,0,0,0,0,TRUE,TRUE
523,1,161,168,178,161,168,178,161,168,178,7,17,7,17,FALSE,FALSE
523,2,193,189,234,193,189,234,193,189,234,-4,41,4,41,FALSE,FALSE
523,3,250,252,292,250,252,292,250,252,292,2,42,2,42,FALSE,FALSE
523,4,298,309,369,298,309,369,298,309,369,11,71,11,71,FALSE,FALSE
523,5,359,370,461,359,370,461,359,370,461,11,102,11,102,FALSE,FALSE
523,6,425,438,551,425,438,551,425,438,551,13,126,13,126,FALSE,FALSE
523,7,529,551,639,529,551,639,529,551,639,22,110,22,110,FALSE,FALSE
523,8,621,656,786,621,656,786,621,656,786,35,165,35,165,FALSE,FALSE
523,9,700,791,889,700,791,889,700,791,889,91,189,91,189,FALSE,FALSE
523,10,807,902,1054,807,902,1054,807,902,1054,95,247,95,247,FALSE,FALSE
523,11,913,1008,1194,913,1008,1194,913,1008,1194,95,281,95,281,FALSE,FALSE
523,12,1002,1157,1273,1002,1157,1273,1002,1157,1273,155,271,155,271,FALSE,FALSE
523,13,1104,1242,1399,1104,1242,1399,1104,1242,1399,138,295,138,295,FALSE,FALSE
523,14,1183,1378,1472,1183,1378,1472,1183,1378,1472,195,289,195,289,FALSE,FALSE
523,15,1244,1495,1585,1244,1495,1585,1244,1495,1585,251,341,251,341,FALSE,FALSE
523,16,1362,1527,1586,1362,1527,1586,1362,1527,1586,165,224,165,224,FALSE,FALSE
523,17,1430,1608,1591,1430,1608,1591,1430,1608,1591,178,161,178,161,FALSE,FALSE
523,18,1519,1569,1586,1519,1569,1586,1519,1569,1586,50,67,50,67,FALSE,FALSE
523,19,1585,1542,1581,1585,1542,1581,1585,1542,1581,-43,-4,43,4,FALSE,FALSE
523,20,1591,1526,1554,1591,1526,1554,1591,1526,1554,-65,-37,65,37,FALSE,FALSE
523,21,1584,1472,1491,1584,1472,1491,1584,1472,1491,-112,-93,112,93,FALSE,FALSE
523,22,1527,1407,1395,1527,1407,1395,1527,1407,1395,-120,-132,120,132,FALSE,FALSE
523,23,1437,1332,1317,1437,1332,1317,1437,1332,1317,-105,-120,105,120,FALSE,FALSE
523,24,1333,1249,1200,1333,1249,1200,1333,1249,1200,-84,-133,84,133,FALSE,FALSE
523,25,1243,1171,1129,1243,1171,1129,1243,1171,1129,-72,-114,72,114,FALSE,FALSE
523,26,1158,1094,1017,1158,1094,1017,1158,1094,1017,-64,-141,64,141,FALSE,FALSE
523,27,1043,987,922,1043,987,922,1043,987,922,-56,-121,56,121,FALSE,FALSE
523,28,980,905,834,980,905,834,980,905,834,-75,-146,75,146,FALSE,FALSE
523,29,903,815,760,903,815,760,903,815,760,-88,-143,88,143,FALSE,FALSE
523,30,820,738,674,820,738,674,820,738,674,-82,-146,82,146,FALSE,FALSE
523,31,725,652,609,725,652,609,725,652,609,-73,-116,73,116,FALSE,FALSE
523,32,646,576,554,646,576,554,646,576,554,-70,-92,70,92,FALSE,FALSE
523,33,572,530,498,572,530,498,572,530,498,-42,-74,42,74,FALSE,FALSE
523,34,505,484,419,505,484,419,505,484,419,-21,-86,21,86,FALSE,FALSE
523,35,451,438,344,451,438,344,451,438,344,-13,-107,13,107,FALSE,FALSE
523,36,374,374,306,374,374,306,374,374,306,0,-68,0,68,TRUE,FALSE
523,37,322,341,283,322,341,283,322,341,283,19,-39,19,39,FALSE,FALSE
523,38,277,292,264,277,292,264,277,292,264,15,-13,15,13,FALSE,FALSE
523,39,245,234,230,245,234,230,245,234,230,-11,-15,11,15,FALSE,FALSE
523,40,207,209,208,207,209,208,207,209,208,2,1,2,1,FALSE,FALSE
523,41,185,192,181,185,192,181,185,192,181,7,-4,7,4,FALSE,FALSE
523,42,161,162,153,161,162,153,161,162,153,1,-8,1,8,FALSE,FALSE
523,43,134,151,136,134,151,136,134,151,136,17,2,17,2,FALSE,FALSE
523,44,117,127,110,117,127,110,117,127,110,10,-7,10,7,FALSE,FALSE
523,45,99,113,90,99,113,90,99,113,90,14,-9,14,9,FALSE,FALSE
523,46,94,91,79,94,91,79,94,91,79,-3,-15,3,15,FALSE,FALSE
523,47,84,79,71,84,79,71,84,79,71,-5,-13,5,13,FALSE,FALSE
523,48,67,65,59,67,65,59,67,65,59,-2,-8,2,8,FALSE,FALSE
523,49,59,54,53,59,54,53,59,54,53,-5,-6,5,6,FALSE,FALSE
523,50,57,47,42,57,47,42,57,47,42,-10,-15,10,15,FALSE,FALSE
523,51,49,46,40,49,46,40,49,46,40,-3,-9,3,9,FALSE,FALSE
523,52,42,40,33,42,40,33,42,40,33,-2,-9,2,9,FALSE,FALSE
523,53,43,41,23,43,41,23,43,41,23,-2,-20,2,20,FALSE,FALSE
523,54,41,40,20,41,40,20,41,40,20,-1,-21,1,21,FALSE,FALSE
523,55,36,38,21,36,38,21,36,38,21,2,-15,2,15,FALSE,FALSE
523,56,31,29,14,31,29,14,31,29,14,-2,-17,2,17,FALSE,FALSE
523,57,27,28,11,27,28,11,27,28,11,1,-16,1,16,FALSE,FALSE
523,58,21,26,10,21,26,10,21,26,10,5,-11,5,11,FALSE,FALSE
523,59,15,22,6,15,22,6,15,22,6,7,-9,7,9,FALSE,FALSE
523,60,13,17,6,13,17,6,13,17,6,4,-7,4,7,FALSE,FALSE
524,0,69,69,69,69,69,69,69,69,69,0,0,0,0,TRUE,TRUE
524,1,101,103,106,101,103,106,101,103,106,2,5,2,5,FALSE,FALSE
524,2,139,142,150,139,142,150,139,142,150,3,11,3,11,FALSE,FALSE
524,3,190,230,260,190,230,260,190,230,260,40,70,40,70,FALSE,FALSE
524,4,271,363,403,271,363,403,271,363,403,92,132,92,132,FALSE,FALSE
524,5,409,543,593,409,543,593,409,543,593,134,184,134,184,FALSE,FALSE
524,6,562,773,873,562,773,873,562,773,873,211,311,211,311,FALSE,FALSE
524,7,791,1074,1197,791,1074,1197,791,1074,1197,283,406,283,406,FALSE,FALSE
524,8,1125,1451,1649,1125,1451,1649,1125,1451,1649,326,524,326,524,FALSE,FALSE
524,9,1480,1911,2154,1480,1911,2154,1480,1911,2154,431,674,431,674,FALSE,FALSE
524,10,1854,2346,2566,1854,2346,2566,1854,2346,2566,492,712,492,712,FALSE,FALSE
524,11,2307,2778,2885,2307,2778,2885,2307,2778,2885,471,578,471,578,FALSE,FALSE
524,12,2670,3014,3047,2670,3014,3047,2670,3014,3047,344,377,344,377,FALSE,FALSE
524,13,2832,3042,3001,2832,3042,3001,2832,3042,3001,210,169,210,169,FALSE,FALSE
524,14,2906,2971,2855,2906,2971,2855,2906,2971,2855,65,-51,65,51,FALSE,FALSE
524,15,2862,2812,2624,2862,2812,2624,2862,2812,2624,-50,-238,50,238,FALSE,FALSE
524,16,2692,2576,2384,2692,2576,2384,2692,2576,2384,-116,-308,116,308,FALSE,FALSE
524,17,2450,2271,2088,2450,2271,2088,2450,2271,2088,-179,-362,179,362,FALSE,FALSE
524,18,2183,1982,1842,2183,1982,1842,2183,1982,1842,-201,-341,201,341,FALSE,FALSE
524,19,1918,1731,1566,1918,1731,1566,1918,1731,1566,-187,-352,187,352,FALSE,FALSE
524,20,1660,1473,1316,1660,1473,1316,1660,1473,1316,-187,-344,187,344,FALSE,FALSE
524,21,1422,1287,1137,1422,1287,1137,1422,1287,1137,-135,-285,135,285,FALSE,FALSE
524,22,1204,1085,945,1204,1085,945,1204,1085,945,-119,-259,119,259,FALSE,FALSE
524,23,987,913,775,987,913,775,987,913,775,-74,-212,74,212,FALSE,FALSE
524,24,806,758,652,806,758,652,806,758,652,-48,-154,48,154,FALSE,FALSE
524,25,677,636,542,677,636,542,677,636,542,-41,-135,41,135,FALSE,FALSE
524,26,553,552,456,553,552,456,553,552,456,-1,-97,1,97,FALSE,FALSE
524,27,463,444,396,463,444,396,463,444,396,-19,-67,19,67,FALSE,FALSE
524,28,373,375,326,373,375,326,373,375,326,2,-47,2,47,FALSE,FALSE
524,29,312,319,268,312,319,268,312,319,268,7,-44,7,44,FALSE,FALSE
524,30,258,276,229,258,276,229,258,276,229,18,-29,18,29,FALSE,FALSE
524,31,217,231,183,217,231,183,217,231,183,14,-34,14,34,FALSE,FALSE
524,32,186,188,144,186,188,144,186,188,144,2,-42,2,42,FALSE,FALSE
524,33,149,158,116,149,158,116,149,158,116,9,-33,9,33,FALSE,FALSE
524,34,126,134,98,126,134,98,126,134,98,8,-28,8,28,FALSE,FALSE
524,35,106,115,79,106,115,79,106,115,79,9,-27,9,27,FALSE,FALSE
524,36,85,90,67,85,90,67,85,90,67,5,-18,5,18,FALSE,FALSE
524,37,69,70,58,69,70,58,69,70,58,1,-11,1,11,FALSE,FALSE
524,38,58,56,52,58,56,52,58,56,52,-2,-6,2,6,FALSE,FALSE
524,39,48,51,44,48,51,44,48,51,44,3,-4,3,4,FALSE,FALSE
524,40,40,44,30,40,44,30,40,44,30,4,-10,4,10,FALSE,FALSE
524,41,35,37,23,35,37,23,35,37,23,2,-12,2,12,FALSE,FALSE
524,42,25,30,17,25,30,17,25,30,17,5,-8,5,8,FALSE,FALSE
524,43,23,23,16,23,23,16,23,23,16,0,-7,0,7,TRUE,FALSE
524,44,19,21,12,19,21,12,19,21,12,2,-7,2,7,FALSE,FALSE
524,45,16,18,11,16,18,11,16,18,11,2,-5,2,5,FALSE,FALSE
524,46,15,17,9,15,17,9,15,17,9,2,-6,2,6,FALSE,FALSE
524,47,11,15,9,11,15,9,11,15,9,4,-2,4,2,FALSE,FALSE
524,48,8,13,12,8,13,12,8,13,12,5,4,5,4,FALSE,FALSE
524,49,6,10,9,6,10,9,6,10,9,4,3,4,3,FALSE,FALSE
524,50,4,8,8,4,8,8,4,8,8,4,4,4,4,FALSE,FALSE
524,51,4,8,8,4,8,8,4,8,8,4,4,4,4,FALSE,FALSE
524,52,3,8,7,3,8,7,3,8,7,5,4,5,4,FALSE,FALSE
524,53,3,7,7,3,7,7,3,7,7,4,4,4,4,FALSE,FALSE
524,54,3,7,6,3,7,6,3,7,6,4,3,4,3,FALSE,FALSE
524,55,3,4,4,3,4,4,3,4,4,1,1,1,1,FALSE,FALSE
524,56,2,2,2,2,2,2,2,2,2,0,0,0,0,TRUE,TRUE
524,57,2,2,1,2,2,1,2,2,1,0,-1,0,1,TRUE,FALSE
524,58,2,2,0,2,2,0,2,2,0,0,-2,0,2,TRUE,FALSE
524,59,2,2,0,2,2,0,2,2,0,0,-2,0,2,TRUE,FALSE
524,60,1,2,0,1,2,0,1,2,0,1,-1,1,1,FALSE,FALSE
525,0,171,171,171,171,171,171,171,171,171,0,0,0,0,TRUE,TRUE
525,1,294,271,329,294,271,329,294,271,329,-23,35,23,35,FALSE,FALSE
525,2,490,410,597,490,410,597,490,410,597,-80,107,80,107,FALSE,FALSE
525,3,841,619,1012,841,619,1012,841,619,1012,-222,171,222,171,FALSE,FALSE
525,4,1387,907,1641,1387,907,1641,1387,907,1641,-480,254,480,254,FALSE,FALSE
525,5,2136,1307,2507,2136,1307,2507,2136,1307,2507,-829,371,829,371,FALSE,FALSE
525,6,3023,1817,3446,3023,1817,3446,3023,1817,3446,-1206,423,1206,423,FALSE,FALSE
525,7,3808,2288,4085,3808,2288,4085,3808,2288,4085,-1520,277,1520,277,FALSE,FALSE
525,8,4190,2783,4164,4190,2783,4164,4190,2783,4164,-1407,-26,1407,26,FALSE,FALSE
525,9,4041,3107,3971,4041,3107,3971,4041,3107,3971,-934,-70,934,70,FALSE,FALSE
525,10,3638,3232,3522,3638,3232,3522,3638,3232,3522,-406,-116,406,116,FALSE,FALSE
525,11,3145,3131,2981,3145,3131,2981,3145,3131,2981,-14,-164,14,164,FALSE,FALSE
525,12,2623,2887,2434,2623,2887,2434,2623,2887,2434,264,-189,264,189,FALSE,FALSE
525,13,2085,2595,1980,2085,2595,1980,2085,2595,1980,510,-105,510,105,FALSE,FALSE
525,14,1637,2223,1562,1637,2223,1562,1637,2223,1562,586,-75,586,75,FALSE,FALSE
525,15,1290,1895,1217,1290,1895,1217,1290,1895,1217,605,-73,605,73,FALSE,FALSE
525,16,1015,1624,939,1015,1624,939,1015,1624,939,609,-76,609,76,FALSE,FALSE
525,17,792,1344,719,792,1344,719,792,1344,719,552,-73,552,73,FALSE,FALSE
525,18,628,1143,555,628,1143,555,628,1143,555,515,-73,515,73,FALSE,FALSE
525,19,474,946,430,474,946,430,474,946,430,472,-44,472,44,FALSE,FALSE
525,20,358,785,323,358,785,323,358,785,323,427,-35,427,35,FALSE,FALSE
525,21,292,615,254,292,615,254,292,615,254,323,-38,323,38,FALSE,FALSE
525,22,218,493,203,218,493,203,218,493,203,275,-15,275,15,FALSE,FALSE
525,23,183,407,162,183,407,162,183,407,162,224,-21,224,21,FALSE,FALSE
525,24,148,322,119,148,322,119,148,322,119,174,-29,174,29,FALSE,FALSE
525,25,116,257,92,116,257,92,116,257,92,141,-24,141,24,FALSE,FALSE
525,26,88,203,67,88,203,67,88,203,67,115,-21,115,21,FALSE,FALSE
525,27,67,167,55,67,167,55,67,167,55,100,-12,100,12,FALSE,FALSE
525,28,52,130,45,52,130,45,52,130,45,78,-7,78,7,FALSE,FALSE
525,29,43,108,35,43,108,35,43,108,35,65,-8,65,8,FALSE,FALSE
525,30,37,87,25,37,87,25,37,87,25,50,-12,50,12,FALSE,FALSE
525,31,29,70,14,29,70,14,29,70,14,41,-15,41,15,FALSE,FALSE
525,32,25,59,7,25,59,7,25,59,7,34,-18,34,18,FALSE,FALSE
525,33,21,44,6,21,44,6,21,44,6,23,-15,23,15,FALSE,FALSE
525,34,13,34,6,13,34,6,13,34,6,21,-7,21,7,FALSE,FALSE
525,35,11,27,5,11,27,5,11,27,5,16,-6,16,6,FALSE,FALSE
525,36,9,26,4,9,26,4,9,26,4,17,-5,17,5,FALSE,FALSE
525,37,6,18,4,6,18,4,6,18,4,12,-2,12,2,FALSE,FALSE
525,38,3,12,1,3,12,1,3,12,1,9,-2,9,2,FALSE,FALSE
525,39,1,10,1,1,10,1,1,10,1,9,0,9,0,FALSE,TRUE
525,40,1,7,1,1,7,1,1,7,1,6,0,6,0,FALSE,TRUE
525,41,0,3,1,0,3,1,0,3,1,3,1,3,1,FALSE,FALSE
525,42,0,3,0,0,3,0,0,3,0,3,0,3,0,FALSE,TRUE
525,43,0,3,0,0,3,0,0,3,0,3,0,3,0,FALSE,TRUE
525,44,0,2,0,0,2,0,0,2,0,2,0,2,0,FALSE,TRUE
525,45,0,2,0,0,2,0,0,2,0,2,0,2,0,FALSE,TRUE
525,46,0,2,0,0,2,0,0,2,0,2,0,2,0,FALSE,TRUE
525,47,0,4,0,0,4,0,0,4,0,4,0,4,0,FALSE,TRUE
525,48,0,2,0,0,2,0,0,2,0,2,0,2,0,FALSE,TRUE
525,49,0,2,0,0,2,0,0,2,0,2,0,2,0,FALSE,TRUE
525,50,0,1,0,0,1,0,0,1,0,1,0,1,0,FALSE,TRUE
525,51,0,1,0,0,1,0,0,1,0,1,0,1,0,FALSE,TRUE
525,52,0,1,0,0,1,0,0,1,0,1,0,1,0,FALSE,TRUE
525,53,0,1,0,0,1,0,0,1,0,1,0,1,0,FALSE,TRUE
525,54,0,0,0,0,0,0,0,0,0,0,0,0,0,TRUE,TRUE
525,55,0,0,0,0,0,0,0,0,0,0,0,0,0,TRUE,TRUE
525,56,0,0,0,0,0,0,0,0,0,0,0,0,0,TRUE,TRUE
525,57,0,0,0,0,0,0,0,0,0,0,0,0,0,TRUE,TRUE
525,58,0,0,0,0,0,0,0,0,0,0,0,0,0,TRUE,TRUE
525,59,0,0,0,0,0,0,0,0,0,0,0,0,0,TRUE,TRUE
525,60,0,0,0,0,0,0,0,0,0,0,0,0,0,TRUE,TRUE
526,0,65,65,65,65,65,65,65,65,65,0,0,0,0,TRUE,TRUE
526,1,79,81,73,79,81,73,79,81,73,2,-6,2,6,FALSE,FALSE
526,2,92,95,83,92,95,83,92,95,83,3,-9,3,9,FALSE,FALSE
526,3,109,102,93,109,102,93,109,102,93,-7,-16,7,16,FALSE,FALSE
526,4,129,108,109,129,108,109,129,108,109,-21,-20,21,20,FALSE,FALSE
526,5,131,140,133,131,140,133,131,140,133,9,2,9,2,FALSE,FALSE
526,6,153,158,154,153,158,154,153,158,154,5,1,5,1,FALSE,FALSE
526,7,186,182,164,186,182,164,186,182,164,-4,-22,4,22,FALSE,FALSE
526,8,202,210,195,202,210,195,202,210,195,8,-7,8,7,FALSE,FALSE
526,9,242,229,226,242,229,226,242,229,226,-13,-16,13,16,FALSE,FALSE
526,10,269,268,242,269,268,242,269,268,242,-1,-27,1,27,FALSE,FALSE
526,11,289,298,265,289,298,265,289,298,265,9,-24,9,24,FALSE,FALSE
526,12,315,315,286,315,315,286,315,315,286,0,-29,0,29,TRUE,FALSE
526,13,331,340,323,331,340,323,331,340,323,9,-8,9,8,FALSE,FALSE
526,14,374,388,337,374,388,337,374,388,337,14,-37,14,37,FALSE,FALSE
526,15,401,442,363,401,442,363,401,442,363,41,-38,41,38,FALSE,FALSE
526,16,418,484,397,418,484,397,418,484,397,66,-21,66,21,FALSE,FALSE
526,17,475,519,443,475,519,443,475,519,443,44,-32,44,32,FALSE,FALSE
526,18,481,572,466,481,572,466,481,572,466,91,-15,91,15,FALSE,FALSE
526,19,519,632,507,519,632,507,519,632,507,113,-12,113,12,FALSE,FALSE
526,20,496,652,534,496,652,534,496,652,534,156,38,156,38,FALSE,FALSE
526,21,510,689,575,510,689,575,510,689,575,179,65,179,65,FALSE,FALSE
526,22,518,696,575,518,696,575,518,696,575,178,57,178,57,FALSE,FALSE
526,23,538,746,597,538,746,597,538,746,597,208,59,208,59,FALSE,FALSE
526,24,544,737,612,544,737,612,544,737,612,193,68,193,68,FALSE,FALSE
526,25,561,759,615,561,759,615,561,759,615,198,54,198,54,FALSE,FALSE
526,26,573,738,612,573,738,612,573,738,612,165,39,165,39,FALSE,FALSE
526,27,561,712,617,561,712,617,561,712,617,151,56,151,56,FALSE,FALSE
526,28,558,647,611,558,647,611,558,647,611,89,53,89,53,FALSE,FALSE
526,29,533,584,559,533,584,559,533,584,559,51,26,51,26,FALSE,FALSE
526,30,515,523,532,515,523,532,515,523,532,8,17,8,17,FALSE,FALSE
526,31,490,490,518,490,490,518,490,490,518,0,28,0,28,TRUE,FALSE
526,32,472,474,484,472,474,484,472,474,484,2,12,2,12,FALSE,FALSE
526,33,444,451,459,444,451,459,444,451,459,7,15,7,15,FALSE,FALSE
526,34,406,404,428,406,404,428,406,404,428,-2,22,2,22,FALSE,FALSE
526,35,374,388,411,374,388,411,374,388,411,14,37,14,37,FALSE,FALSE
526,36,349,354,383,349,354,383,349,354,383,5,34,5,34,FALSE,FALSE
526,37,315,317,333,315,317,333,315,317,333,2,18,2,18,FALSE,FALSE
526,38,287,283,298,287,283,298,287,283,298,-4,11,4,11,FALSE,FALSE
526,39,260,268,281,260,268,281,260,268,281,8,21,8,21,FALSE,FALSE
526,40,233,241,254,233,241,254,233,241,254,8,21,8,21,FALSE,FALSE
526,41,189,213,221,189,213,221,189,213,221,24,32,24,32,FALSE,FALSE
526,42,173,202,202,173,202,202,173,202,202,29,29,29,29,FALSE,FALSE
526,43,173,189,188,173,189,188,173,189,188,16,15,16,15,FALSE,FALSE
526,44,148,176,165,148,176,165,148,176,165,28,17,28,17,FALSE,FALSE
526,45,129,154,151,129,154,151,129,154,151,25,22,25,22,FALSE,FALSE
526,46,112,129,122,112,129,122,112,129,122,17,10,17,10,FALSE,FALSE
526,47,112,117,99,112,117,99,112,117,99,5,-13,5,13,FALSE,FALSE
526,48,94,94,80,94,94,80,94,94,80,0,-14,0,14,TRUE,FALSE
526,49,90,93,65,90,93,65,90,93,65,3,-25,3,25,FALSE,FALSE
526,50,80,83,61,80,83,61,80,83,61,3,-19,3,19,FALSE,FALSE
526,51,72,76,56,72,76,56,72,76,56,4,-16,4,16,FALSE,FALSE
526,52,67,66,49,67,66,49,67,66,49,-1,-18,1,18,FALSE,FALSE
526,53,61,54,46,61,54,46,61,54,46,-7,-15,7,15,FALSE,FALSE
526,54,60,42,40,60,42,40,60,42,40,-18,-20,18,20,FALSE,FALSE
526,55,52,35,29,52,35,29,52,35,29,-17,-23,17,23,FALSE,FALSE
526,56,52,32,21,52,32,21,52,32,21,-20,-31,20,31,FALSE,FALSE
526,57,54,29,18,54,29,18,54,29,18,-25,-36,25,36,FALSE,FALSE
526,58,50,24,15,50,24,15,50,24,15,-26,-35,26,35,FALSE,FALSE
526,59,47,25,14,47,25,14,47,25,14,-22,-33,22,33,FALSE,FALSE
526,60,47,21,12,47,21,12,47,21,12,-26,-35,26,35,FALSE,FALSE
527,0,179,179,179,179,179,179,179,179,179,0,0,0,0,TRUE,TRUE
527,1,194,180,196,194,180,196,194,180,196,-14,2,14,2,FALSE,FALSE
527,2,205,182,192,205,182,192,205,182,192,-23,-13,23,13,FALSE,FALSE
527,3,210,201,187,210,201,187,210,201,187,-9,-23,9,23,FALSE,FALSE
527,4,225,212,196,225,212,196,225,212,196,-13,-29,13,29,FALSE,FALSE
527,5,233,240,205,233,240,205,233,240,205,7,-28,7,28,FALSE,FALSE
527,6,254,243,213,254,243,213,254,243,213,-11,-41,11,41,FALSE,FALSE
527,7,259,263,213,259,263,213,259,263,213,4,-46,4,46,FALSE,FALSE
527,8,271,291,230,271,291,230,271,291,230,20,-41,20,41,FALSE,FALSE
527,9,266,313,237,266,313,237,266,313,237,47,-29,47,29,FALSE,FALSE
527,10,275,334,248,275,334,248,275,334,248,59,-27,59,27,FALSE,FALSE
527,11,273,348,270,273,348,270,273,348,270,75,-3,75,3,FALSE,FALSE
527,12,274,364,275,274,364,275,274,364,275,90,1,90,1,FALSE,FALSE
527,13,279,386,285,279,386,285,279,386,285,107,6,107,6,FALSE,FALSE
527,14,304,405,294,304,405,294,304,405,294,101,-10,101,10,FALSE,FALSE
527,15,311,427,301,311,427,301,311,427,301,116,-10,116,10,FALSE,FALSE
527,16,315,460,305,315,460,305,315,460,305,145,-10,145,10,FALSE,FALSE
527,17,322,467,324,322,467,324,322,467,324,145,2,145,2,FALSE,FALSE
527,18,328,493,336,328,493,336,328,493,336,165,8,165,8,FALSE,FALSE
527,19,335,534,356,335,534,356,335,534,356,199,21,199,21,FALSE,FALSE
527,20,339,526,376,339,526,376,339,526,376,187,37,187,37,FALSE,FALSE
527,21,349,541,388,349,541,388,349,541,388,192,39,192,39,FALSE,FALSE
527,22,356,546,401,356,546,401,356,546,401,190,45,190,45,FALSE,FALSE
527,23,358,555,405,358,555,405,358,555,405,197,47,197,47,FALSE,FALSE
527,24,368,580,405,368,580,405,368,580,405,212,37,212,37,FALSE,FALSE
527,25,384,586,415,384,586,415,384,586,415,202,31,202,31,FALSE,FALSE
527,26,406,589,430,406,589,430,406,589,430,183,24,183,24,FALSE,FALSE
527,27,411,581,420,411,581,420,411,581,420,170,9,170,9,FALSE,FALSE
527,28,430,587,428,430,587,428,430,587,428,157,-2,157,2,FALSE,FALSE
527,29,443,586,436,443,586,436,443,586,436,143,-7,143,7,FALSE,FALSE
527,30,457,579,458,457,579,458,457,579,458,122,1,122,1,FALSE,FALSE
527,31,480,595,472,480,595,472,480,595,472,115,-8,115,8,FALSE,FALSE
527,32,488,573,483,488,573,483,488,573,483,85,-5,85,5,FALSE,FALSE
527,33,501,575,502,501,575,502,501,575,502,74,1,74,1,FALSE,FALSE
527,34,503,555,512,503,555,512,503,555,512,52,9,52,9,FALSE,FALSE
527,35,525,560,516,525,560,516,525,560,516,35,-9,35,9,FALSE,FALSE
527,36,536,568,517,536,568,517,536,568,517,32,-19,32,19,FALSE,FALSE
527,37,550,541,508,550,541,508,550,541,508,-9,-42,9,42,FALSE,FALSE
527,38,553,526,499,553,526,499,553,526,499,-27,-54,27,54,FALSE,FALSE
527,39,570,525,506,570,525,506,570,525,506,-45,-64,45,64,FALSE,FALSE
527,40,576,519,515,576,519,515,576,519,515,-57,-61,57,61,FALSE,FALSE
527,41,588,512,528,588,512,528,588,512,528,-76,-60,76,60,FALSE,FALSE
527,42,607,508,547,607,508,547,607,508,547,-99,-60,99,60,FALSE,FALSE
527,43,611,503,561,611,503,561,611,503,561,-108,-50,108,50,FALSE,FALSE
527,44,613,505,564,613,505,564,613,505,564,-108,-49,108,49,FALSE,FALSE
527,45,594,510,562,594,510,562,594,510,562,-84,-32,84,32,FALSE,FALSE
527,46,613,492,566,613,492,566,613,492,566,-121,-47,121,47,FALSE,FALSE
527,47,603,494,576,603,494,576,603,494,576,-109,-27,109,27,FALSE,FALSE
527,48,609,471,581,609,471,581,609,471,581,-138,-28,138,28,FALSE,FALSE
527,49,612,449,597,612,449,597,612,449,597,-163,-15,163,15,FALSE,FALSE
527,50,634,447,607,634,447,607,634,447,607,-187,-27,187,27,FALSE,FALSE
527,51,649,428,623,649,428,623,649,428,623,-221,-26,221,26,FALSE,FALSE
527,52,648,433,625,648,433,625,648,433,625,-215,-23,215,23,FALSE,FALSE
527,53,667,411,630,667,411,630,667,411,630,-256,-37,256,37,FALSE,FALSE
527,54,659,396,630,659,396,630,659,396,630,-263,-29,263,29,FALSE,FALSE
527,55,653,387,631,653,387,631,653,387,631,-266,-22,266,22,FALSE,FALSE
527,56,668,403,633,668,403,633,668,403,633,-265,-35,265,35,FALSE,FALSE
527,57,683,409,649,683,409,649,683,409,649,-274,-34,274,34,FALSE,FALSE
527,58,699,391,658,699,391,658,699,391,658,-308,-41,308,41,FALSE,FALSE
527,59,700,376,667,700,376,667,700,376,667,-324,-33,324,33,FALSE,FALSE
527,60,719,385,672,719,385,672,719,385,672,-334,-47,334,47,FALSE,FALSE
528,0,50,50,50,50,50,50,50,50,50,0,0,0,0,TRUE,TRUE
528,1,53,51,63,53,51,63,53,51,63,-2,10,2,10,FALSE,FALSE
528,2,55,53,57,55,53,57,55,53,57,-2,2,2,2,FALSE,FALSE
528,3,55,56,58,55,56,58,55,56,58,1,3,1,3,FALSE,FALSE
528,4,61,59,62,61,59,62,61,59,62,-2,1,2,1,FALSE,FALSE
528,5,70,62,71,70,62,71,70,62,71,-8,1,8,1,FALSE,FALSE
528,6,74,65,80,74,65,80,74,65,80,-9,6,9,6,FALSE,FALSE
528,7,73,63,88,73,63,88,73,63,88,-10,15,10,15,FALSE,FALSE
528,8,76,63,98,76,63,98,76,63,98,-13,22,13,22,FALSE,FALSE
528,9,84,69,102,84,69,102,84,69,102,-15,18,15,18,FALSE,FALSE
528,10,92,73,115,92,73,115,92,73,115,-19,23,19,23,FALSE,FALSE
528,11,98,71,124,98,71,124,98,71,124,-27,26,27,26,FALSE,FALSE
528,12,105,81,131,105,81,131,105,81,131,-24,26,24,26,FALSE,FALSE
528,13,119,91,140,119,91,140,119,91,140,-28,21,28,21,FALSE,FALSE
528,14,129,97,154,129,97,154,129,97,154,-32,25,32,25,FALSE,FALSE
528,15,133,107,149,133,107,149,133,107,149,-26,16,26,16,FALSE,FALSE
528,16,143,112,158,143,112,158,143,112,158,-31,15,31,15,FALSE,FALSE
528,17,153,116,169,153,116,169,153,116,169,-37,16,37,16,FALSE,FALSE
528,18,174,127,189,174,127,189,174,127,189,-47,15,47,15,FALSE,FALSE
528,19,189,127,210,189,127,210,189,127,210,-62,21,62,21,FALSE,FALSE
528,20,200,135,220,200,135,220,200,135,220,-65,20,65,20,FALSE,FALSE
528,21,216,141,230,216,141,230,216,141,230,-75,14,75,14,FALSE,FALSE
528,22,233,152,256,233,152,256,233,152,256,-81,23,81,23,FALSE,FALSE
528,23,256,158,269,256,158,269,256,158,269,-98,13,98,13,FALSE,FALSE
528,24,280,178,291,280,178,291,280,178,291,-102,11,102,11,FALSE,FALSE
528,25,301,195,321,301,195,321,301,195,321,-106,20,106,20,FALSE,FALSE
528,26,325,209,352,325,209,352,325,209,352,-116,27,116,27,FALSE,FALSE
528,27,348,216,373,348,216,373,348,216,373,-132,25,132,25,FALSE,FALSE
528,28,385,233,393,385,233,393,385,233,393,-152,8,152,8,FALSE,FALSE
528,29,427,255,416,427,255,416,427,255,416,-172,-11,172,11,FALSE,FALSE
528,30,431,278,442,431,278,442,431,278,442,-153,11,153,11,FALSE,FALSE
528,31,451,284,466,451,284,466,451,284,466,-167,15,167,15,FALSE,FALSE
528,32,475,287,490,475,287,490,475,287,490,-188,15,188,15,FALSE,FALSE
528,33,509,294,512,509,294,512,509,294,512,-215,3,215,3,FALSE,FALSE
528,34,513,303,535,513,303,535,513,303,535,-210,22,210,22,FALSE,FALSE
528,35,554,325,572,554,325,572,554,325,572,-229,18,229,18,FALSE,FALSE
528,36,582,343,607,582,343,607,582,343,607,-239,25,239,25,FALSE,FALSE
528,37,612,368,649,612,368,649,612,368,649,-244,37,244,37,FALSE,FALSE
528,38,628,381,690,628,381,690,628,381,690,-247,62,247,62,FALSE,FALSE
528,39,642,396,724,642,396,724,642,396,724,-246,82,246,82,FALSE,FALSE
528,40,647,402,741,647,402,741,647,402,741,-245,94,245,94,FALSE,FALSE
528,41,691,427,776,691,427,776,691,427,776,-264,85,264,85,FALSE,FALSE
528,42,745,455,787,745,455,787,745,455,787,-290,42,290,42,FALSE,FALSE
528,43,765,470,809,765,470,809,765,470,809,-295,44,295,44,FALSE,FALSE
528,44,781,486,803,781,486,803,781,486,803,-295,22,295,22,FALSE,FALSE
528,45,789,497,798,789,497,798,789,497,798,-292,9,292,9,FALSE,FALSE
528,46,811,496,799,811,496,799,811,496,799,-315,-12,315,12,FALSE,FALSE
528,47,818,502,789,818,502,789,818,502,789,-316,-29,316,29,FALSE,FALSE
528,48,837,519,802,837,519,802,837,519,802,-318,-35,318,35,FALSE,FALSE
528,49,844,532,799,844,532,799,844,532,799,-312,-45,312,45,FALSE,FALSE
528,50,841,539,763,841,539,763,841,539,763,-302,-78,302,78,FALSE,FALSE
528,51,853,561,767,853,561,767,853,561,767,-292,-86,292,86,FALSE,FALSE
528,52,872,565,765,872,565,765,872,565,765,-307,-107,307,107,FALSE,FALSE
528,53,865,594,772,865,594,772,865,594,772,-271,-93,271,93,FALSE,FALSE
528,54,846,603,780,846,603,780,846,603,780,-243,-66,243,66,FALSE,FALSE
528,55,849,625,764,849,625,764,849,625,764,-224,-85,224,85,FALSE,FALSE
528,56,835,615,754,835,615,754,835,615,754,-220,-81,220,81,FALSE,FALSE
528,57,831,642,737,831,642,737,831,642,737,-189,-94,189,94,FALSE,FALSE
528,58,827,647,714,827,647,714,827,647,714,-180,-113,180,113,FALSE,FALSE
528,59,794,674,692,794,674,692,794,674,692,-120,-102,120,102,FALSE,FALSE
528,60,776,685,674,776,685,674,776,685,674,-91,-102,91,102,FALSE,FALSE
529,0,152,152,152,152,152,152,152,152,152,0,0,0,0,TRUE,TRUE
529,1,175,177,186,175,177,186,175,177,186,2,11,2,11,FALSE,FALSE
529,2,210,208,201,210,208,201,210,208,201,-2,-9,2,9,FALSE,FALSE
529,3,236,235,253,236,235,253,236,235,253,-1,17,1,17,FALSE,FALSE
529,4,265,263,306,265,263,306,265,263,306,-2,41,2,41,FALSE,FALSE
529,5,298,298,391,298,298,391,298,298,391,0,93,0,93,TRUE,FALSE
529,6,339,352,477,339,352,477,339,352,477,13,138,13,138,FALSE,FALSE
529,7,387,412,534,387,412,534,387,412,534,25,147,25,147,FALSE,FALSE
529,8,418,477,620,418,477,620,418,477,620,59,202,59,202,FALSE,FALSE
529,9,481,529,711,481,529,711,481,529,711,48,230,48,230,FALSE,FALSE
529,10,565,591,808,565,591,808,565,591,808,26,243,26,243,FALSE,FALSE
529,11,633,652,885,633,652,885,633,652,885,19,252,19,252,FALSE,FALSE
529,12,706,742,970,706,742,970,706,742,970,36,264,36,264,FALSE,FALSE
529,13,803,796,1066,803,796,1066,803,796,1066,-7,263,7,263,FALSE,FALSE
529,14,885,878,1170,885,878,1170,885,878,1170,-7,285,7,285,FALSE,FALSE
529,15,960,968,1242,960,968,1242,960,968,1242,8,282,8,282,FALSE,FALSE
529,16,1050,1032,1292,1050,1032,1292,1050,1032,1292,-18,242,18,242,FALSE,FALSE
529,17,1124,1084,1366,1124,1084,1366,1124,1084,1366,-40,242,40,242,FALSE,FALSE
529,18,1186,1179,1436,1186,1179,1436,1186,1179,1436,-7,250,7,250,FALSE,FALSE
529,19,1265,1211,1450,1265,1211,1450,1265,1211,1450,-54,185,54,185,FALSE,FALSE
529,20,1315,1219,1471,1315,1219,1471,1315,1219,1471,-96,156,96,156,FALSE,FALSE
529,21,1332,1236,1454,1332,1236,1454,1332,1236,1454,-96,122,96,122,FALSE,FALSE
529,22,1345,1258,1453,1345,1258,1453,1345,1258,1453,-87,108,87,108,FALSE,FALSE
529,23,1342,1259,1443,1342,1259,1443,1342,1259,1443,-83,101,83,101,FALSE,FALSE
529,24,1339,1233,1359,1339,1233,1359,1339,1233,1359,-106,20,106,20,FALSE,FALSE
529,25,1299,1164,1322,1299,1164,1322,1299,1164,1322,-135,23,135,23,FALSE,FALSE
529,26,1260,1137,1257,1260,1137,1257,1260,1137,1257,-123,-3,123,3,FALSE,FALSE
529,27,1197,1116,1171,1197,1116,1171,1197,1116,1171,-81,-26,81,26,FALSE,FALSE
529,28,1130,1061,1093,1130,1061,1093,1130,1061,1093,-69,-37,69,37,FALSE,FALSE
529,29,1093,1000,1006,1093,1000,1006,1093,1000,1006,-93,-87,93,87,FALSE,FALSE
529,30,1022,928,917,1022,928,917,1022,928,917,-94,-105,94,105,FALSE,FALSE
529,31,950,859,835,950,859,835,950,859,835,-91,-115,91,115,FALSE,FALSE
529,32,838,814,787,838,814,787,838,814,787,-24,-51,24,51,FALSE,FALSE
529,33,776,786,728,776,786,728,776,786,728,10,-48,10,48,FALSE,FALSE
529,34,719,736,690,719,736,690,719,736,690,17,-29,17,29,FALSE,FALSE
529,35,658,678,623,658,678,623,658,678,623,20,-35,20,35,FALSE,FALSE
529,36,599,646,548,599,646,548,599,646,548,47,-51,47,51,FALSE,FALSE
529,37,514,599,473,514,599,473,514,599,473,85,-41,85,41,FALSE,FALSE
529,38,464,536,429,464,536,429,464,536,429,72,-35,72,35,FALSE,FALSE
529,39,410,484,387,410,484,387,410,484,387,74,-23,74,23,FALSE,FALSE
529,40,382,460,349,382,460,349,382,460,349,78,-33,78,33,FALSE,FALSE
529,41,344,399,331,344,399,331,344,399,331,55,-13,55,13,FALSE,FALSE
529,42,314,365,284,314,365,284,314,365,284,51,-30,51,30,FALSE,FALSE
529,43,287,329,241,287,329,241,287,329,241,42,-46,42,46,FALSE,FALSE
529,44,270,306,212,270,306,212,270,306,212,36,-58,36,58,FALSE,FALSE
529,45,231,287,199,231,287,199,231,287,199,56,-32,56,32,FALSE,FALSE
529,46,222,256,173,222,256,173,222,256,173,34,-49,34,49,FALSE,FALSE
529,47,201,232,171,201,232,171,201,232,171,31,-30,31,30,FALSE,FALSE
529,48,176,210,153,176,210,153,176,210,153,34,-23,34,23,FALSE,FALSE
529,49,157,191,122,157,191,122,157,191,122,34,-35,34,35,FALSE,FALSE
529,50,139,169,103,139,169,103,139,169,103,30,-36,30,36,FALSE,FALSE
529,51,124,149,87,124,149,87,124,149,87,25,-37,25,37,FALSE,FALSE
529,52,121,148,75,121,148,75,121,148,75,27,-46,27,46,FALSE,FALSE
529,53,106,132,67,106,132,67,106,132,67,26,-39,26,39,FALSE,FALSE
529,54,90,117,58,90,117,58,90,117,58,27,-32,27,32,FALSE,FALSE
529,55,86,105,53,86,105,53,86,105,53,19,-33,19,33,FALSE,FALSE
529,56,73,91,52,73,91,52,73,91,52,18,-21,18,21,FALSE,FALSE
529,57,59,75,45,59,75,45,59,75,45,16,-14,16,14,FALSE,FALSE
529,58,53,65,42,53,65,42,53,65,42,12,-11,12,11,FALSE,FALSE
529,59,47,56,35,47,56,35,47,56,35,9,-12,9,12,FALSE,FALSE
529,60,40,49,34,40,49,34,40,49,34,9,-6,9,6,FALSE,FALSE
530,0,78,78,78,78,78,78,78,78,78,0,0,0,0,TRUE,TRUE
530,1,80,74,76,80,74,76,80,74,76,-6,-4,6,4,FALSE,FALSE
530,2,79,77,75,79,77,75,79,77,75,-2,-4,2,4,FALSE,FALSE
530,3,80,82,72,80,82,72,80,82,72,2,-8,2,8,FALSE,FALSE
530,4,86,80,68,86,80,68,86,80,68,-6,-18,6,18,FALSE,FALSE
530,5,89,83,68,89,83,68,89,83,68,-6,-21,6,21,FALSE,FALSE
530,6,92,85,63,92,85,63,92,85,63,-7,-29,7,29,FALSE,FALSE
530,7,97,81,62,97,81,62,97,81,62,-16,-35,16,35,FALSE,FALSE
530,8,96,79,56,96,79,56,96,79,56,-17,-40,17,40,FALSE,FALSE
530,9,95,83,55,95,83,55,95,83,55,-12,-40,12,40,FALSE,FALSE
530,10,97,73,59,97,73,59,97,73,59,-24,-38,24,38,FALSE,FALSE
530,11,98,75,64,98,75,64,98,75,64,-23,-34,23,34,FALSE,FALSE
530,12,91,76,70,91,76,70,91,76,70,-15,-21,15,21,FALSE,FALSE
530,13,88,76,78,88,76,78,88,76,78,-12,-10,12,10,FALSE,FALSE
530,14,91,76,83,91,76,83,91,76,83,-15,-8,15,8,FALSE,FALSE
530,15,98,72,81,98,72,81,98,72,81,-26,-17,26,17,FALSE,FALSE
530,16,93,73,81,93,73,81,93,73,81,-20,-12,20,12,FALSE,FALSE
530,17,97,76,78,97,76,78,97,76,78,-21,-19,21,19,FALSE,FALSE
530,18,86,80,70,86,80,70,86,80,70,-6,-16,6,16,FALSE,FALSE
530,19,102,82,72,102,82,72,102,82,72,-20,-30,20,30,FALSE,FALSE
530,20,102,84,74,102,84,74,102,84,74,-18,-28,18,28,FALSE,FALSE
530,21,99,82,83,99,82,83,99,82,83,-17,-16,17,16,FALSE,FALSE
530,22,103,79,88,103,79,88,103,79,88,-24,-15,24,15,FALSE,FALSE
530,23,109,83,76,109,83,76,109,83,76,-26,-33,26,33,FALSE,FALSE
530,24,111,82,82,111,82,82,111,82,82,-29,-29,29,29,FALSE,FALSE
530,25,118,84,92,118,84,92,118,84,92,-34,-26,34,26,FALSE,FALSE
530,26,119,77,98,119,77,98,119,77,98,-42,-21,42,21,FALSE,FALSE
530,27,124,76,101,124,76,101,124,76,101,-48,-23,48,23,FALSE,FALSE
530,28,131,77,93,131,77,93,131,77,93,-54,-38,54,38,FALSE,FALSE
530,29,139,83,102,139,83,102,139,83,102,-56,-37,56,37,FALSE,FALSE
530,30,144,81,96,144,81,96,144,81,96,-63,-48,63,48,FALSE,FALSE
530,31,148,84,103,148,84,103,148,84,103,-64,-45,64,45,FALSE,FALSE
530,32,149,81,99,149,81,99,149,81,99,-68,-50,68,50,FALSE,FALSE
530,33,147,76,100,147,76,100,147,76,100,-71,-47,71,47,FALSE,FALSE
530,34,140,83,96,140,83,96,140,83,96,-57,-44,57,44,FALSE,FALSE
530,35,129,83,83,129,83,83,129,83,83,-46,-46,46,46,FALSE,FALSE
530,36,126,84,77,126,84,77,126,84,77,-42,-49,42,49,FALSE,FALSE
530,37,126,85,77,126,85,77,126,85,77,-41,-49,41,49,FALSE,FALSE
530,38,125,83,88,125,83,88,125,83,88,-42,-37,42,37,FALSE,FALSE
530,39,113,83,91,113,83,91,113,83,91,-30,-22,30,22,FALSE,FALSE
530,40,115,81,90,115,81,90,115,81,90,-34,-25,34,25,FALSE,FALSE
530,41,116,79,97,116,79,97,116,79,97,-37,-19,37,19,FALSE,FALSE
530,42,124,80,97,124,80,97,124,80,97,-44,-27,44,27,FALSE,FALSE
530,43,125,89,103,125,89,103,125,89,103,-36,-22,36,22,FALSE,FALSE
530,44,117,87,100,117,87,100,117,87,100,-30,-17,30,17,FALSE,FALSE
530,45,120,88,103,120,88,103,120,88,103,-32,-17,32,17,FALSE,FALSE
530,46,114,95,103,114,95,103,114,95,103,-19,-11,19,11,FALSE,FALSE
530,47,122,93,103,122,93,103,122,93,103,-29,-19,29,19,FALSE,FALSE
530,48,130,94,97,130,94,97,130,94,97,-36,-33,36,33,FALSE,FALSE
530,49,136,96,109,136,96,109,136,96,109,-40,-27,40,27,FALSE,FALSE
530,50,137,95,108,137,95,108,137,95,108,-42,-29,42,29,FALSE,FALSE
530,51,135,87,105,135,87,105,135,87,105,-48,-30,48,30,FALSE,FALSE
530,52,126,93,111,126,93,111,126,93,111,-33,-15,33,15,FALSE,FALSE
530,53,124,99,110,124,99,110,124,99,110,-25,-14,25,14,FALSE,FALSE
530,54,119,106,111,119,106,111,119,106,111,-13,-8,13,8,FALSE,FALSE
530,55,119,104,107,119,104,107,119,104,107,-15,-12,15,12,FALSE,FALSE
530,56,115,110,99,115,110,99,115,110,99,-5,-16,5,16,FALSE,FALSE
530,57,125,108,92,125,108,92,125,108,92,-17,-33,17,33,FALSE,FALSE
530,58,134,108,85,134,108,85,134,108,85,-26,-49,26,49,FALSE,FALSE
530,59,131,107,85,131,107,85,131,107,85,-24,-46,24,46,FALSE,FALSE
530,60,131,110,87,131,110,87,131,110,87,-21,-44,21,44,FALSE,FALSE
531,0,120,120,120,120,120,120,120,120,120,0,0,0,0,TRUE,TRUE
531,1,150,167,170,150,167,170,150,167,170,17,20,17,20,FALSE,FALSE
531,2,186,220,215,186,220,215,186,220,215,34,29,34,29,FALSE,FALSE
531,3,240,291,276,240,291,276,240,291,276,51,36,51,36,FALSE,FALSE
531,4,312,373,380,312,373,380,312,373,380,61,68,61,68,FALSE,FALSE
531,5,387,487,502,387,487,502,387,487,502,100,115,100,115,FALSE,FALSE
531,6,504,637,656,504,637,656,504,637,656,133,152,133,152,FALSE,FALSE
531,7,650,804,882,650,804,882,650,804,882,154,232,154,232,FALSE,FALSE
531,8,818,995,1101,818,995,1101,818,995,1101,177,283,177,283,FALSE,FALSE
531,9,1035,1210,1322,1035,1210,1322,1035,1210,1322,175,287,175,287,FALSE,FALSE
531,10,1254,1441,1566,1254,1441,1566,1254,1441,1566,187,312,187,312,FALSE,FALSE
531,11,1540,1692,1867,1540,1692,1867,1540,1692,1867,152,327,152,327,FALSE,FALSE
531,12,1807,1950,2095,1807,1950,2095,1807,1950,2095,143,288,143,288,FALSE,FALSE
531,13,2029,2208,2365,2029,2208,2365,2029,2208,2365,179,336,179,336,FALSE,FALSE
531,14,2211,2388,2539,2211,2388,2539,2211,2388,2539,177,328,177,328,FALSE,FALSE
531,15,2401,2508,2646,2401,2508,2646,2401,2508,2646,107,245,107,245,FALSE,FALSE
531,16,2553,2543,2682,2553,2543,2682,2553,2543,2682,-10,129,10,129,FALSE,FALSE
531,17,2619,2562,2720,2619,2562,2720,2619,2562,2720,-57,101,57,101,FALSE,FALSE
531,18,2633,2537,2659,2633,2537,2659,2633,2537,2659,-96,26,96,26,FALSE,FALSE
531,19,2522,2451,2546,2522,2451,2546,2522,2451,2546,-71,24,71,24,FALSE,FALSE
531,20,2440,2329,2369,2440,2329,2369,2440,2329,2369,-111,-71,111,71,FALSE,FALSE
531,21,2309,2138,2183,2309,2138,2183,2309,2138,2183,-171,-126,171,126,FALSE,FALSE
531,22,2149,1979,2013,2149,1979,2013,2149,1979,2013,-170,-136,170,136,FALSE,FALSE
531,23,2006,1826,1856,2006,1826,1856,2006,1826,1856,-180,-150,180,150,FALSE,FALSE
531,24,1821,1636,1644,1821,1636,1644,1821,1636,1644,-185,-177,185,177,FALSE,FALSE
531,25,1654,1497,1495,1654,1497,1495,1654,1497,1495,-157,-159,157,159,FALSE,FALSE
531,26,1486,1357,1358,1486,1357,1358,1486,1357,1358,-129,-128,129,128,FALSE,FALSE
531,27,1345,1199,1235,1345,1199,1235,1345,1199,1235,-146,-110,146,110,FALSE,FALSE
531,28,1197,1067,1092,1197,1067,1092,1197,1067,1092,-130,-105,130,105,FALSE,FALSE
531,29,1063,937,970,1063,937,970,1063,937,970,-126,-93,126,93,FALSE,FALSE
531,30,963,832,858,963,832,858,963,832,858,-131,-105,131,105,FALSE,FALSE
531,31,871,722,770,871,722,770,871,722,770,-149,-101,149,101,FALSE,FALSE
531,32,782,638,672,782,638,672,782,638,672,-144,-110,144,110,FALSE,FALSE
531,33,677,580,578,677,580,578,677,580,578,-97,-99,97,99,FALSE,FALSE
531,34,587,522,497,587,522,497,587,522,497,-65,-90,65,90,FALSE,FALSE
531,35,517,464,450,517,464,450,517,464,450,-53,-67,53,67,FALSE,FALSE
531,36,452,413,404,452,413,404,452,413,404,-39,-48,39,48,FALSE,FALSE
531,37,393,359,353,393,359,353,393,359,353,-34,-40,34,40,FALSE,FALSE
531,38,346,314,312,346,314,312,346,314,312,-32,-34,32,34,FALSE,FALSE
531,39,301,274,277,301,274,277,301,274,277,-27,-24,27,24,FALSE,FALSE
531,40,254,239,246,254,239,246,254,239,246,-15,-8,15,8,FALSE,FALSE
531,41,220,211,215,220,211,215,220,211,215,-9,-5,9,5,FALSE,FALSE
531,42,192,186,185,192,186,185,192,186,185,-6,-7,6,7,FALSE,FALSE
531,43,171,167,166,171,167,166,171,167,166,-4,-5,4,5,FALSE,FALSE
531,44,148,143,144,148,143,144,148,143,144,-5,-4,5,4,FALSE,FALSE
531,45,131,128,124,131,128,124,131,128,124,-3,-7,3,7,FALSE,FALSE
531,46,112,121,107,112,121,107,112,121,107,9,-5,9,5,FALSE,FALSE
531,47,94,113,102,94,113,102,94,113,102,19,8,19,8,FALSE,FALSE
531,48,81,93,94,81,93,94,81,93,94,12,13,12,13,FALSE,FALSE
531,49,73,76,88,73,76,88,73,76,88,3,15,3,15,FALSE,FALSE
531,50,66,60,76,66,60,76,66,60,76,-6,10,6,10,FALSE,FALSE
531,51,60,57,63,60,57,63,60,57,63,-3,3,3,3,FALSE,FALSE
531,52,58,49,54,58,49,54,58,49,54,-9,-4,9,4,FALSE,FALSE
531,53,50,45,51,50,45,51,50,45,51,-5,1,5,1,FALSE,FALSE
531,54,46,39,44,46,39,44,46,39,44,-7,-2,7,2,FALSE,FALSE
531,55,43,34,41,43,34,41,43,34,41,-9,-2,9,2,FALSE,FALSE
531,56,40,29,37,40,29,37,40,29,37,-11,-3,11,3,FALSE,FALSE
531,57,31,28,28,31,28,28,31,28,28,-3,-3,3,3,FALSE,FALSE
531,58,28,26,29,28,26,29,28,26,29,-2,1,2,1,FALSE,FALSE
531,59,24,24,25,24,24,25,24,24,25,0,1,0,1,TRUE,FALSE
531,60,24,17,20,24,17,20,24,17,20,-7,-4,7,4,FALSE,FALSE
532,0,102,102,102,102,102,102,102,102,102,0,0,0,0,TRUE,TRUE
532,1,159,157,163,159,157,163,159,157,163,-2,4,2,4,FALSE,FALSE
532,2,207,251,250,207,251,250,207,251,250,44,43,44,43,FALSE,FALSE
532,3,306,352,370,306,352,370,306,352,370,46,64,46,64,FALSE,FALSE
532,4,438,505,552,438,505,552,438,505,552,67,114,67,114,FALSE,FALSE
532,5,635,749,820,635,749,820,635,749,820,114,185,114,185,FALSE,FALSE
532,6,894,999,1129,894,999,1129,894,999,1129,105,235,105,235,FALSE,FALSE
532,7,1210,1283,1465,1210,1283,1465,1210,1283,1465,73,255,73,255,FALSE,FALSE
532,8,1569,1601,1877,1569,1601,1877,1569,1601,1877,32,308,32,308,FALSE,FALSE
532,9,1959,1940,2231,1959,1940,2231,1959,1940,2231,-19,272,19,272,FALSE,FALSE
532,10,2338,2234,2567,2338,2234,2567,2338,2234,2567,-104,229,104,229,FALSE,FALSE
532,11,2613,2488,2743,2613,2488,2743,2613,2488,2743,-125,130,125,130,FALSE,FALSE
532,12,2809,2611,2828,2809,2611,2828,2809,2611,2828,-198,19,198,19,FALSE,FALSE
532,13,2806,2661,2767,2806,2661,2767,2806,2661,2767,-145,-39,145,39,FALSE,FALSE
532,14,2711,2580,2607,2711,2580,2607,2711,2580,2607,-131,-104,131,104,FALSE,FALSE
532,15,2568,2419,2403,2568,2419,2403,2568,2419,2403,-149,-165,149,165,FALSE,FALSE
532,16,2353,2244,2182,2353,2244,2182,2353,2244,2182,-109,-171,109,171,FALSE,FALSE
532,17,2105,2040,1904,2105,2040,1904,2105,2040,1904,-65,-201,65,201,FALSE,FALSE
532,18,1826,1844,1644,1826,1844,1644,1826,1844,1644,18,-182,18,182,FALSE,FALSE
532,19,1581,1658,1422,1581,1658,1422,1581,1658,1422,77,-159,77,159,FALSE,FALSE
532,20,1358,1413,1235,1358,1413,1235,1358,1413,1235,55,-123,55,123,FALSE,FALSE
532,21,1155,1241,1093,1155,1241,1093,1155,1241,1093,86,-62,86,62,FALSE,FALSE
532,22,972,1100,938,972,1100,938,972,1100,938,128,-34,128,34,FALSE,FALSE
532,23,837,951,786,837,951,786,837,951,786,114,-51,114,51,FALSE,FALSE
532,24,724,817,677,724,817,677,724,817,677,93,-47,93,47,FALSE,FALSE
532,25,638,685,556,638,685,556,638,685,556,47,-82,47,82,FALSE,FALSE
532,26,526,573,478,526,573,478,526,573,478,47,-48,47,48,FALSE,FALSE
532,27,439,488,409,439,488,409,439,488,409,49,-30,49,30,FALSE,FALSE
532,28,396,407,336,396,407,336,396,407,336,11,-60,11,60,FALSE,FALSE
532,29,325,341,271,325,341,271,325,341,271,16,-54,16,54,FALSE,FALSE
532,30,269,290,221,269,290,221,269,290,221,21,-48,21,48,FALSE,FALSE
532,31,223,245,186,223,245,186,223,245,186,22,-37,22,37,FALSE,FALSE
532,32,186,204,162,186,204,162,186,204,162,18,-24,18,24,FALSE,FALSE
532,33,157,180,143,157,180,143,157,180,143,23,-14,23,14,FALSE,FALSE
532,34,140,148,123,140,148,123,140,148,123,8,-17,8,17,FALSE,FALSE
532,35,110,133,102,110,133,102,110,133,102,23,-8,23,8,FALSE,FALSE
532,36,88,111,86,88,111,86,88,111,86,23,-2,23,2,FALSE,FALSE
532,37,74,98,74,74,98,74,74,98,74,24,0,24,0,FALSE,TRUE
532,38,59,80,70,59,80,70,59,80,70,21,11,21,11,FALSE,FALSE
532,39,56,67,61,56,67,61,56,67,61,11,5,11,5,FALSE,FALSE
532,40,47,57,46,47,57,46,47,57,46,10,-1,10,1,FALSE,FALSE
532,41,38,47,39,38,47,39,38,47,39,9,1,9,1,FALSE,FALSE
532,42,37,38,38,37,38,38,37,38,38,1,1,1,1,FALSE,FALSE
532,43,34,32,26,34,32,26,34,32,26,-2,-8,2,8,FALSE,FALSE
532,44,30,25,21,30,25,21,30,25,21,-5,-9,5,9,FALSE,FALSE
532,45,28,19,16,28,19,16,28,19,16,-9,-12,9,12,FALSE,FALSE
532,46,25,16,14,25,16,14,25,16,14,-9,-11,9,11,FALSE,FALSE
532,47,21,14,11,21,14,11,21,14,11,-7,-10,7,10,FALSE,FALSE
532,48,17,9,11,17,9,11,17,9,11,-8,-6,8,6,FALSE,FALSE
532,49,14,6,10,14,6,10,14,6,10,-8,-4,8,4,FALSE,FALSE
532,50,12,5,8,12,5,8,12,5,8,-7,-4,7,4,FALSE,FALSE
532,51,12,3,7,12,3,7,12,3,7,-9,-5,9,5,FALSE,FALSE
532,52,13,3,6,13,3,6,13,3,6,-10,-7,10,7,FALSE,FALSE
532,53,10,3,4,10,3,4,10,3,4,-7,-6,7,6,FALSE,FALSE
532,54,8,3,4,8,3,4,8,3,4,-5,-4,5,4,FALSE,FALSE
532,55,6,2,2,6,2,2,6,2,2,-4,-4,4,4,FALSE,FALSE
532,56,5,2,1,5,2,1,5,2,1,-3,-4,3,4,FALSE,FALSE
532,57,4,2,1,4,2,1,4,2,1,-2,-3,2,3,FALSE,FALSE
532,58,2,1,0,2,1,0,2,1,0,-1,-2,1,2,FALSE,FALSE
532,59,2,1,0,2,1,0,2,1,0,-1,-2,1,2,FALSE,FALSE
532,60,2,1,0,2,1,0,2,1,0,-1,-2,1,2,FALSE,FALSE
533,0,83,83,83,83,83,83,83,83,83,0,0,0,0,TRUE,TRUE
533,1,143,113,127,143,113,127,143,113,127,-30,-16,30,16,FALSE,FALSE
533,2,211,164,219,211,164,219,211,164,219,-47,8,47,8,FALSE,FALSE
533,3,320,243,326,320,243,326,320,243,326,-77,6,77,6,FALSE,FALSE
533,4,488,355,481,488,355,481,488,355,481,-133,-7,133,7,FALSE,FALSE
533,5,706,515,694,706,515,694,706,515,694,-191,-12,191,12,FALSE,FALSE
533,6,997,717,1017,997,717,1017,997,717,1017,-280,20,280,20,FALSE,FALSE
533,7,1347,1040,1377,1347,1040,1377,1347,1040,1377,-307,30,307,30,FALSE,FALSE
533,8,1815,1408,1763,1815,1408,1763,1815,1408,1763,-407,-52,407,52,FALSE,FALSE
533,9,2284,1747,2182,2284,1747,2182,2284,1747,2182,-537,-102,537,102,FALSE,FALSE
533,10,2718,2119,2495,2718,2119,2495,2718,2119,2495,-599,-223,599,223,FALSE,FALSE
533,11,2949,2452,2732,2949,2452,2732,2949,2452,2732,-497,-217,497,217,FALSE,FALSE
533,12,3015,2601,2859,3015,2601,2859,3015,2601,2859,-414,-156,414,156,FALSE,FALSE
533,13,2940,2698,2821,2940,2698,2821,2940,2698,2821,-242,-119,242,119,FALSE,FALSE
533,14,2732,2660,2641,2732,2660,2641,2732,2660,2641,-72,-91,72,91,FALSE,FALSE
533,15,2472,2525,2426,2472,2525,2426,2472,2525,2426,53,-46,53,46,FALSE,FALSE
533,16,2159,2338,2141,2159,2338,2141,2159,2338,2141,179,-18,179,18,FALSE,FALSE
533,17,1874,2079,1871,1874,2079,1871,1874,2079,1871,205,-3,205,3,FALSE,FALSE
533,18,1580,1818,1634,1580,1818,1634,1580,1818,1634,238,54,238,54,FALSE,FALSE
533,19,1350,1559,1389,1350,1559,1389,1350,1559,1389,209,39,209,39,FALSE,FALSE
533,20,1137,1305,1154,1137,1305,1154,1137,1305,1154,168,17,168,17,FALSE,FALSE
533,21,932,1112,962,932,1112,962,932,1112,962,180,30,180,30,FALSE,FALSE
533,22,770,931,783,770,931,783,770,931,783,161,13,161,13,FALSE,FALSE
533,23,651,786,662,651,786,662,651,786,662,135,11,135,11,FALSE,FALSE
533,24,516,678,540,516,678,540,516,678,540,162,24,162,24,FALSE,FALSE
533,25,429,552,460,429,552,460,429,552,460,123,31,123,31,FALSE,FALSE
533,26,336,442,371,336,442,371,336,442,371,106,35,106,35,FALSE,FALSE
533,27,272,370,293,272,370,293,272,370,293,98,21,98,21,FALSE,FALSE
533,28,212,310,252,212,310,252,212,310,252,98,40,98,40,FALSE,FALSE
533,29,176,251,215,176,251,215,176,251,215,75,39,75,39,FALSE,FALSE
533,30,137,202,179,137,202,179,137,202,179,65,42,65,42,FALSE,FALSE
533,31,119,161,141,119,161,141,119,161,141,42,22,42,22,FALSE,FALSE
533,32,93,139,124,93,139,124,93,139,124,46,31,46,31,FALSE,FALSE
533,33,72,106,101,72,106,101,72,106,101,34,29,34,29,FALSE,FALSE
533,34,60,91,85,60,91,85,60,91,85,31,25,31,25,FALSE,FALSE
533,35,51,81,63,51,81,63,51,81,63,30,12,30,12,FALSE,FALSE
533,36,36,68,48,36,68,48,36,68,48,32,12,32,12,FALSE,FALSE
533,37,25,53,33,25,53,33,25,53,33,28,8,28,8,FALSE,FALSE
533,38,21,39,29,21,39,29,21,39,29,18,8,18,8,FALSE,FALSE
533,39,13,32,23,13,32,23,13,32,23,19,10,19,10,FALSE,FALSE
533,40,11,30,16,11,30,16,11,30,16,19,5,19,5,FALSE,FALSE
533,41,7,23,9,7,23,9,7,23,9,16,2,16,2,FALSE,FALSE
533,42,6,19,7,6,19,7,6,19,7,13,1,13,1,FALSE,FALSE
533,43,6,17,7,6,17,7,6,17,7,11,1,11,1,FALSE,FALSE
533,44,5,13,7,5,13,7,5,13,7,8,2,8,2,FALSE,FALSE
533,45,4,13,5,4,13,5,4,13,5,9,1,9,1,FALSE,FALSE
533,46,3,11,5,3,11,5,3,11,5,8,2,8,2,FALSE,FALSE
533,47,2,10,3,2,10,3,2,10,3,8,1,8,1,FALSE,FALSE
533,48,0,7,1,0,7,1,0,7,1,7,1,7,1,FALSE,FALSE
533,49,0,4,1,0,4,1,0,4,1,4,1,4,1,FALSE,FALSE
533,50,0,4,1,0,4,1,0,4,1,4,1,4,1,FALSE,FALSE
533,51,0,2,1,0,2,1,0,2,1,2,1,2,1,FALSE,FALSE
533,52,0,1,1,0,1,1,0,1,1,1,1,1,1,FALSE,FALSE
533,53,0,1,1,0,1,1,0,1,1,1,1,1,1,FALSE,FALSE
533,54,0,1,1,0,1,1,0,1,1,1,1,1,1,FALSE,FALSE
533,55,0,1,1,0,1,1,0,1,1,1,1,1,1,FALSE,FALSE
533,56,0,1,1,0,1,1,0,1,1,1,1,1,1,FALSE,FALSE
533,57,0,1,1,0,1,1,0,1,1,1,1,1,1,FALSE,FALSE
533,58,0,0,1,0,0,1,0,0,1,0,1,0,1,TRUE,FALSE
533,59,0,0,1,0,0,1,0,0,1,0,1,0,1,TRUE,FALSE
533,60,0,0,1,0,0,1,0,0,1,0,1,0,1,TRUE,FALSE
534,0,75,75,75,75,75,75,75,75,75,0,0,0,0,TRUE,TRUE
534,1,126,112,138,126,112,138,126,112,138,-14,12,14,12,FALSE,FALSE
534,2,219,182,228,219,182,228,219,182,228,-37,9,37,9,FALSE,FALSE
534,3,316,298,335,316,298,335,316,298,335,-18,19,18,19,FALSE,FALSE
534,4,453,446,471,453,446,471,453,446,471,-7,18,7,18,FALSE,FALSE
534,5,715,647,745,715,647,745,715,647,745,-68,30,68,30,FALSE,FALSE
534,6,990,989,1085,990,989,1085,990,989,1085,-1,95,1,95,FALSE,FALSE
534,7,1376,1355,1480,1376,1355,1480,1376,1355,1480,-21,104,21,104,FALSE,FALSE
534,8,1839,1795,1941,1839,1795,1941,1839,1795,1941,-44,102,44,102,FALSE,FALSE
534,9,2283,2263,2396,2283,2263,2396,2283,2263,2396,-20,113,20,113,FALSE,FALSE
534,10,2674,2677,2753,2674,2677,2753,2674,2677,2753,3,79,3,79,FALSE,FALSE
534,11,2982,2956,2970,2982,2956,2970,2982,2956,2970,-26,-12,26,12,FALSE,FALSE
534,12,3089,3020,3042,3089,3020,3042,3089,3020,3042,-69,-47,69,47,FALSE,FALSE
534,13,2999,2953,2947,2999,2953,2947,2999,2953,2947,-46,-52,46,52,FALSE,FALSE
534,14,2857,2831,2812,2857,2831,2812,2857,2831,2812,-26,-45,26,45,FALSE,FALSE
534,15,2647,2601,2597,2647,2601,2597,2647,2601,2597,-46,-50,46,50,FALSE,FALSE
534,16,2398,2372,2300,2398,2372,2300,2398,2372,2300,-26,-98,26,98,FALSE,FALSE
534,17,2118,2133,2041,2118,2133,2041,2118,2133,2041,15,-77,15,77,FALSE,FALSE
534,18,1851,1845,1767,1851,1845,1767,1851,1845,1767,-6,-84,6,84,FALSE,FALSE
534,19,1615,1606,1547,1615,1606,1547,1615,1606,1547,-9,-68,9,68,FALSE,FALSE
534,20,1419,1365,1332,1419,1365,1332,1419,1365,1332,-54,-87,54,87,FALSE,FALSE
534,21,1240,1192,1168,1240,1192,1168,1240,1192,1168,-48,-72,48,72,FALSE,FALSE
534,22,1048,1016,996,1048,1016,996,1048,1016,996,-32,-52,32,52,FALSE,FALSE
534,23,903,857,856,903,857,856,903,857,856,-46,-47,46,47,FALSE,FALSE
534,24,777,743,728,777,743,728,777,743,728,-34,-49,34,49,FALSE,FALSE
534,25,662,619,612,662,619,612,662,619,612,-43,-50,43,50,FALSE,FALSE
534,26,551,540,501,551,540,501,551,540,501,-11,-50,11,50,FALSE,FALSE
534,27,480,464,423,480,464,423,480,464,423,-16,-57,16,57,FALSE,FALSE
534,28,404,389,347,404,389,347,404,389,347,-15,-57,15,57,FALSE,FALSE
534,29,360,324,301,360,324,301,360,324,301,-36,-59,36,59,FALSE,FALSE
534,30,304,272,258,304,272,258,304,272,258,-32,-46,32,46,FALSE,FALSE
534,31,256,226,218,256,226,218,256,226,218,-30,-38,30,38,FALSE,FALSE
534,32,221,193,189,221,193,189,221,193,189,-28,-32,28,32,FALSE,FALSE
534,33,198,155,167,198,155,167,198,155,167,-43,-31,43,31,FALSE,FALSE
534,34,160,130,141,160,130,141,160,130,141,-30,-19,30,19,FALSE,FALSE
534,35,125,112,113,125,112,113,125,112,113,-13,-12,13,12,FALSE,FALSE
534,36,106,93,88,106,93,88,106,93,88,-13,-18,13,18,FALSE,FALSE
534,37,91,82,80,91,82,80,91,82,80,-9,-11,9,11,FALSE,FALSE
534,38,79,67,70,79,67,70,79,67,70,-12,-9,12,9,FALSE,FALSE
534,39,69,57,59,69,57,59,69,57,59,-12,-10,12,10,FALSE,FALSE
534,40,54,46,54,54,46,54,54,46,54,-8,0,8,0,FALSE,TRUE
534,41,47,40,43,47,40,43,47,40,43,-7,-4,7,4,FALSE,FALSE
534,42,36,37,35,36,37,35,36,37,35,1,-1,1,1,FALSE,FALSE
534,43,31,31,31,31,31,31,31,31,31,0,0,0,0,TRUE,TRUE
534,44,25,27,28,25,27,28,25,27,28,2,3,2,3,FALSE,FALSE
534,45,19,22,22,19,22,22,19,22,22,3,3,3,3,FALSE,FALSE
534,46,15,19,21,15,19,21,15,19,21,4,6,4,6,FALSE,FALSE
534,47,13,18,15,13,18,15,13,18,15,5,2,5,2,FALSE,FALSE
534,48,11,17,11,11,17,11,11,17,11,6,0,6,0,FALSE,TRUE
534,49,10,17,8,10,17,8,10,17,8,7,-2,7,2,FALSE,FALSE
534,50,10,14,6,10,14,6,10,14,6,4,-4,4,4,FALSE,FALSE
534,51,8,12,6,8,12,6,8,12,6,4,-2,4,2,FALSE,FALSE
534,52,8,9,4,8,9,4,8,9,4,1,-4,1,4,FALSE,FALSE
534,53,7,7,2,7,7,2,7,7,2,0,-5,0,5,TRUE,FALSE
534,54,4,6,2,4,6,2,4,6,2,2,-2,2,2,FALSE,FALSE
534,55,4,4,2,4,4,2,4,4,2,0,-2,0,2,TRUE,FALSE
534,56,3,4,2,3,4,2,3,4,2,1,-1,1,1,FALSE,FALSE
534,57,3,2,2,3,2,2,3,2,2,-1,-1,1,1,FALSE,FALSE
534,58,3,2,2,3,2,2,3,2,2,-1,-1,1,1,FALSE,FALSE
534,59,2,2,2,2,2,2,2,2,2,0,0,0,0,TRUE,TRUE
534,60,2,2,2,2,2,2,2,2,2,0,0,0,0,TRUE,TRUE
535,0,75,75,75,75,75,75,75,75,75,0,0,0,0,TRUE,TRUE
535,1,88,90,95,88,90,95,88,90,95,2,7,2,7,FALSE,FALSE
535,2,103,112,116,103,112,116,103,112,116,9,13,9,13,FALSE,FALSE
535,3,128,127,143,128,127,143,128,127,143,-1,15,1,15,FALSE,FALSE
535,4,156,151,156,156,151,156,156,151,156,-5,0,5,0,FALSE,TRUE
535,5,183,186,184,183,186,184,183,186,184,3,1,3,1,FALSE,FALSE
535,6,217,214,209,217,214,209,217,214,209,-3,-8,3,8,FALSE,FALSE
535,7,243,254,248,243,254,248,243,254,248,11,5,11,5,FALSE,FALSE
535,8,287,289,294,287,289,294,287,289,294,2,7,2,7,FALSE,FALSE
535,9,329,325,339,329,325,339,329,325,339,-4,10,4,10,FALSE,FALSE
535,10,377,370,378,377,370,378,377,370,378,-7,1,7,1,FALSE,FALSE
535,11,437,407,437,437,407,437,437,407,437,-30,0,30,0,FALSE,TRUE
535,12,482,473,506,482,473,506,482,473,506,-9,24,9,24,FALSE,FALSE
535,13,559,525,573,559,525,573,559,525,573,-34,14,34,14,FALSE,FALSE
535,14,659,575,652,659,575,652,659,575,652,-84,-7,84,7,FALSE,FALSE
535,15,745,637,746,745,637,746,745,637,746,-108,1,108,1,FALSE,FALSE
535,16,816,685,830,816,685,830,816,685,830,-131,14,131,14,FALSE,FALSE
535,17,873,745,902,873,745,902,873,745,902,-128,29,128,29,FALSE,FALSE
535,18,959,800,984,959,800,984,959,800,984,-159,25,159,25,FALSE,FALSE
535,19,1034,850,1031,1034,850,1031,1034,850,1031,-184,-3,184,3,FALSE,FALSE
535,20,1072,902,1066,1072,902,1066,1072,902,1066,-170,-6,170,6,FALSE,FALSE
535,21,1141,951,1123,1141,951,1123,1141,951,1123,-190,-18,190,18,FALSE,FALSE
535,22,1179,1018,1168,1179,1018,1168,1179,1018,1168,-161,-11,161,11,FALSE,FALSE
535,23,1195,1052,1220,1195,1052,1220,1195,1052,1220,-143,25,143,25,FALSE,FALSE
535,24,1242,1084,1235,1242,1084,1235,1242,1084,1235,-158,-7,158,7,FALSE,FALSE
535,25,1243,1099,1258,1243,1099,1258,1243,1099,1258,-144,15,144,15,FALSE,FALSE
535,26,1218,1131,1231,1218,1131,1231,1218,1131,1231,-87,13,87,13,FALSE,FALSE
535,27,1239,1097,1219,1239,1097,1219,1239,1097,1219,-142,-20,142,20,FALSE,FALSE
535,28,1229,1108,1207,1229,1108,1207,1229,1108,1207,-121,-22,121,22,FALSE,FALSE
535,29,1177,1112,1171,1177,1112,1171,1177,1112,1171,-65,-6,65,6,FALSE,FALSE
535,30,1154,1135,1146,1154,1135,1146,1154,1135,1146,-19,-8,19,8,FALSE,FALSE
535,31,1084,1116,1097,1084,1116,1097,1084,1116,1097,32,13,32,13,FALSE,FALSE
535,32,1034,1089,1048,1034,1089,1048,1034,1089,1048,55,14,55,14,FALSE,FALSE
535,33,981,1056,1001,981,1056,1001,981,1056,1001,75,20,75,20,FALSE,FALSE
535,34,940,1034,908,940,1034,908,940,1034,908,94,-32,94,32,FALSE,FALSE
535,35,897,953,851,897,953,851,897,953,851,56,-46,56,46,FALSE,FALSE
535,36,852,898,813,852,898,813,852,898,813,46,-39,46,39,FALSE,FALSE
535,37,809,854,768,809,854,768,809,854,768,45,-41,45,41,FALSE,FALSE
535,38,758,807,700,758,807,700,758,807,700,49,-58,49,58,FALSE,FALSE
535,39,718,748,651,718,748,651,718,748,651,30,-67,30,67,FALSE,FALSE
535,40,668,692,604,668,692,604,668,692,604,24,-64,24,64,FALSE,FALSE
535,41,615,651,549,615,651,549,615,651,549,36,-66,36,66,FALSE,FALSE
535,42,561,616,507,561,616,507,561,616,507,55,-54,55,54,FALSE,FALSE
535,43,519,562,472,519,562,472,519,562,472,43,-47,43,47,FALSE,FALSE
535,44,470,510,421,470,510,421,470,510,421,40,-49,40,49,FALSE,FALSE
535,45,432,470,391,432,470,391,432,470,391,38,-41,38,41,FALSE,FALSE
535,46,400,428,359,400,428,359,400,428,359,28,-41,28,41,FALSE,FALSE
535,47,373,395,318,373,395,318,373,395,318,22,-55,22,55,FALSE,FALSE
535,48,330,363,290,330,363,290,330,363,290,33,-40,33,40,FALSE,FALSE
535,49,291,337,270,291,337,270,291,337,270,46,-21,46,21,FALSE,FALSE
535,50,265,314,249,265,314,249,265,314,249,49,-16,49,16,FALSE,FALSE
535,51,250,291,231,250,291,231,250,291,231,41,-19,41,19,FALSE,FALSE
535,52,230,276,210,230,276,210,230,276,210,46,-20,46,20,FALSE,FALSE
535,53,205,247,207,205,247,207,205,247,207,42,2,42,2,FALSE,FALSE
535,54,176,226,183,176,226,183,176,226,183,50,7,50,7,FALSE,FALSE
535,55,160,208,163,160,208,163,160,208,163,48,3,48,3,FALSE,FALSE
535,56,152,194,142,152,194,142,152,194,142,42,-10,42,10,FALSE,FALSE
535,57,139,177,132,139,177,132,139,177,132,38,-7,38,7,FALSE,FALSE
535,58,125,161,115,125,161,115,125,161,115,36,-10,36,10,FALSE,FALSE
535,59,110,151,105,110,151,105,110,151,105,41,-5,41,5,FALSE,FALSE
535,60,97,135,94,97,135,94,97,135,94,38,-3,38,3,FALSE,FALSE
536,0,81,81,81,81,81,81,81,81,81,0,0,0,0,TRUE,TRUE
536,1,127,119,138,127,119,138,127,119,138,-8,11,8,11,FALSE,FALSE
536,2,177,179,209,177,179,209,177,179,209,2,32,2,32,FALSE,FALSE
536,3,265,274,272,265,274,272,265,274,272,9,7,9,7,FALSE,FALSE
536,4,382,415,396,382,415,396,382,415,396,33,14,33,14,FALSE,FALSE
536,5,554,582,556,554,582,556,554,582,556,28,2,28,2,FALSE,FALSE
536,6,825,851,796,825,851,796,825,851,796,26,-29,26,29,FALSE,FALSE
536,7,1138,1212,1124,1138,1212,1124,1138,1212,1124,74,-14,74,14,FALSE,FALSE
536,8,1546,1618,1458,1546,1618,1458,1546,1618,1458,72,-88,72,88,FALSE,FALSE
536,9,2004,2085,1871,2004,2085,1871,2004,2085,1871,81,-133,81,133,FALSE,FALSE
536,10,2443,2520,2310,2443,2520,2310,2443,2520,2310,77,-133,77,133,FALSE,FALSE
536,11,2851,2909,2713,2851,2909,2713,2851,2909,2713,58,-138,58,138,FALSE,FALSE
536,12,3175,3194,3016,3175,3194,3016,3175,3194,3016,19,-159,19,159,FALSE,FALSE
536,13,3313,3331,3259,3313,3331,3259,3313,3331,3259,18,-54,18,54,FALSE,FALSE
536,14,3309,3308,3232,3309,3308,3232,3309,3308,3232,-1,-77,1,77,FALSE,FALSE
536,15,3233,3207,3205,3233,3207,3205,3233,3207,3205,-26,-28,26,28,FALSE,FALSE
536,16,3044,2983,3092,3044,2983,3092,3044,2983,3092,-61,48,61,48,FALSE,FALSE
536,17,2821,2758,2847,2821,2758,2847,2821,2758,2847,-63,26,63,26,FALSE,FALSE
536,18,2552,2498,2599,2552,2498,2599,2552,2498,2599,-54,47,54,47,FALSE,FALSE
536,19,2262,2178,2299,2262,2178,2299,2262,2178,2299,-84,37,84,37,FALSE,FALSE
536,20,1985,1914,2010,1985,1914,2010,1985,1914,2010,-71,25,71,25,FALSE,FALSE
536,21,1736,1667,1772,1736,1667,1772,1736,1667,1772,-69,36,69,36,FALSE,FALSE
536,22,1530,1444,1561,1530,1444,1561,1530,1444,1561,-86,31,86,31,FALSE,FALSE
536,23,1287,1272,1354,1287,1272,1354,1287,1272,1354,-15,67,15,67,FALSE,FALSE
536,24,1102,1097,1169,1102,1097,1169,1102,1097,1169,-5,67,5,67,FALSE,FALSE
536,25,956,959,1022,956,959,1022,956,959,1022,3,66,3,66,FALSE,FALSE
536,26,839,836,864,839,836,864,839,836,864,-3,25,3,25,FALSE,FALSE
536,27,708,706,759,708,706,759,708,706,759,-2,51,2,51,FALSE,FALSE
536,28,599,582,685,599,582,685,599,582,685,-17,86,17,86,FALSE,FALSE
536,29,519,487,580,519,487,580,519,487,580,-32,61,32,61,FALSE,FALSE
536,30,420,415,487,420,415,487,420,415,487,-5,67,5,67,FALSE,FALSE
536,31,361,354,404,361,354,404,361,354,404,-7,43,7,43,FALSE,FALSE
536,32,316,302,337,316,302,337,316,302,337,-14,21,14,21,FALSE,FALSE
536,33,266,260,308,266,260,308,266,260,308,-6,42,6,42,FALSE,FALSE
536,34,227,222,262,227,222,262,227,222,262,-5,35,5,35,FALSE,FALSE
536,35,185,187,230,185,187,230,185,187,230,2,45,2,45,FALSE,FALSE
536,36,173,157,196,173,157,196,173,157,196,-16,23,16,23,FALSE,FALSE
536,37,146,138,170,146,138,170,146,138,170,-8,24,8,24,FALSE,FALSE
536,38,125,111,146,125,111,146,125,111,146,-14,21,14,21,FALSE,FALSE
536,39,109,94,124,109,94,124,109,94,124,-15,15,15,15,FALSE,FALSE
536,40,94,87,105,94,87,105,94,87,105,-7,11,7,11,FALSE,FALSE
536,41,74,75,92,74,75,92,74,75,92,1,18,1,18,FALSE,FALSE
536,42,55,68,76,55,68,76,55,68,76,13,21,13,21,FALSE,FALSE
536,43,44,59,65,44,59,65,44,59,65,15,21,15,21,FALSE,FALSE
536,44,35,53,53,35,53,53,35,53,53,18,18,18,18,FALSE,FALSE
536,45,31,44,47,31,44,47,31,44,47,13,16,13,16,FALSE,FALSE
536,46,28,36,38,28,36,38,28,36,38,8,10,8,10,FALSE,FALSE
536,47,26,33,31,26,33,31,26,33,31,7,5,7,5,FALSE,FALSE
536,48,21,33,24,21,33,24,21,33,24,12,3,12,3,FALSE,FALSE
536,49,16,29,17,16,29,17,16,29,17,13,1,13,1,FALSE,FALSE
536,50,13,20,15,13,20,15,13,20,15,7,2,7,2,FALSE,FALSE
536,51,11,17,12,11,17,12,11,17,12,6,1,6,1,FALSE,FALSE
536,52,7,14,10,7,14,10,7,14,10,7,3,7,3,FALSE,FALSE
536,53,7,9,8,7,9,8,7,9,8,2,1,2,1,FALSE,FALSE
536,54,7,8,8,7,8,8,7,8,8,1,1,1,1,FALSE,FALSE
536,55,7,6,8,7,6,8,7,6,8,-1,1,1,1,FALSE,FALSE
536,56,6,5,7,6,5,7,6,5,7,-1,1,1,1,FALSE,FALSE
536,57,5,4,7,5,4,7,5,4,7,-1,2,1,2,FALSE,FALSE
536,58,4,4,7,4,4,7,4,4,7,0,3,0,3,TRUE,FALSE
536,59,4,3,6,4,3,6,4,3,6,-1,2,1,2,FALSE,FALSE
536,60,4,3,6,4,3,6,4,3,6,-1,2,1,2,FALSE,FALSE
537,0,129,129,129,129,129,129,129,129,129,0,0,0,0,TRUE,TRUE
537,1,192,211,195,192,211,195,192,211,195,19,3,19,3,FALSE,FALSE
537,2,273,304,278,273,304,278,273,304,278,31,5,31,5,FALSE,FALSE
537,3,392,401,396,392,401,396,392,401,396,9,4,9,4,FALSE,FALSE
537,4,528,545,576,528,545,576,528,545,576,17,48,17,48,FALSE,FALSE
537,5,766,758,832,766,758,832,766,758,832,-8,66,8,66,FALSE,FALSE
537,6,1025,1024,1126,1025,1024,1126,1025,1024,1126,-1,101,1,101,FALSE,FALSE
537,7,1335,1330,1476,1335,1330,1476,1335,1330,1476,-5,141,5,141,FALSE,FALSE
537,8,1668,1640,1826,1668,1640,1826,1668,1640,1826,-28,158,28,158,FALSE,FALSE
537,9,2002,1933,2168,2002,1933,2168,2002,1933,2168,-69,166,69,166,FALSE,FALSE
537,10,2243,2149,2486,2243,2149,2486,2243,2149,2486,-94,243,94,243,FALSE,FALSE
537,11,2419,2317,2634,2419,2317,2634,2419,2317,2634,-102,215,102,215,FALSE,FALSE
537,12,2443,2448,2648,2443,2448,2648,2443,2448,2648,5,205,5,205,FALSE,FALSE
537,13,2394,2397,2509,2394,2397,2509,2394,2397,2509,3,115,3,115,FALSE,FALSE
537,14,2264,2285,2328,2264,2285,2328,2264,2285,2328,21,64,21,64,FALSE,FALSE
537,15,2092,2063,2085,2092,2063,2085,2092,2063,2085,-29,-7,29,7,FALSE,FALSE
537,16,1878,1864,1851,1878,1864,1851,1878,1864,1851,-14,-27,14,27,FALSE,FALSE
537,17,1699,1665,1571,1699,1665,1571,1699,1665,1571,-34,-128,34,128,FALSE,FALSE
537,18,1452,1464,1315,1452,1464,1315,1452,1464,1315,12,-137,12,137,FALSE,FALSE
537,19,1260,1243,1117,1260,1243,1117,1260,1243,1117,-17,-143,17,143,FALSE,FALSE
537,20,1051,1045,922,1051,1045,922,1051,1045,922,-6,-129,6,129,FALSE,FALSE
537,21,899,905,746,899,905,746,899,905,746,6,-153,6,153,FALSE,FALSE
537,22,745,753,613,745,753,613,745,753,613,8,-132,8,132,FALSE,FALSE
537,23,618,646,510,618,646,510,618,646,510,28,-108,28,108,FALSE,FALSE
537,24,514,531,416,514,531,416,514,531,416,17,-98,17,98,FALSE,FALSE
537,25,424,439,351,424,439,351,424,439,351,15,-73,15,73,FALSE,FALSE
537,26,356,369,292,356,369,292,356,369,292,13,-64,13,64,FALSE,FALSE
537,27,288,309,242,288,309,242,288,309,242,21,-46,21,46,FALSE,FALSE
537,28,248,265,195,248,265,195,248,265,195,17,-53,17,53,FALSE,FALSE
537,29,207,214,155,207,214,155,207,214,155,7,-52,7,52,FALSE,FALSE
537,30,183,172,132,183,172,132,183,172,132,-11,-51,11,51,FALSE,FALSE
537,31,148,144,101,148,144,101,148,144,101,-4,-47,4,47,FALSE,FALSE
537,32,118,118,88,118,118,88,118,118,88,0,-30,0,30,TRUE,FALSE
537,33,94,96,67,94,96,67,94,96,67,2,-27,2,27,FALSE,FALSE
537,34,74,79,53,74,79,53,74,79,53,5,-21,5,21,FALSE,FALSE
537,35,55,72,45,55,72,45,55,72,45,17,-10,17,10,FALSE,FALSE
537,36,46,57,33,46,57,33,46,57,33,11,-13,11,13,FALSE,FALSE
537,37,38,44,26,38,44,26,38,44,26,6,-12,6,12,FALSE,FALSE
537,38,27,41,20,27,41,20,27,41,20,14,-7,14,7,FALSE,FALSE
537,39,19,34,16,19,34,16,19,34,16,15,-3,15,3,FALSE,FALSE
537,40,16,34,11,16,34,11,16,34,11,18,-5,18,5,FALSE,FALSE
537,41,9,24,7,9,24,7,9,24,7,15,-2,15,2,FALSE,FALSE
537,42,8,22,7,8,22,7,8,22,7,14,-1,14,1,FALSE,FALSE
537,43,8,19,6,8,19,6,8,19,6,11,-2,11,2,FALSE,FALSE
537,44,7,16,4,7,16,4,7,16,4,9,-3,9,3,FALSE,FALSE
537,45,5,15,3,5,15,3,5,15,3,10,-2,10,2,FALSE,FALSE
537,46,4,8,2,4,8,2,4,8,2,4,-2,4,2,FALSE,FALSE
537,47,3,7,1,3,7,1,3,7,1,4,-2,4,2,FALSE,FALSE
537,48,2,6,1,2,6,1,2,6,1,4,-1,4,1,FALSE,FALSE
537,49,2,5,1,2,5,1,2,5,1,3,-1,3,1,FALSE,FALSE
537,50,2,5,0,2,5,0,2,5,0,3,-2,3,2,FALSE,FALSE
537,51,2,3,0,2,3,0,2,3,0,1,-2,1,2,FALSE,FALSE
537,52,2,4,0,2,4,0,2,4,0,2,-2,2,2,FALSE,FALSE
537,53,1,4,0,1,4,0,1,4,0,3,-1,3,1,FALSE,FALSE
537,54,1,1,0,1,1,0,1,1,0,0,-1,0,1,TRUE,FALSE
537,55,0,1,0,0,1,0,0,1,0,1,0,1,0,FALSE,TRUE
537,56,0,1,0,0,1,0,0,1,0,1,0,1,0,FALSE,TRUE
537,57,0,1,0,0,1,0,0,1,0,1,0,1,0,FALSE,TRUE
537,58,0,1,0,0,1,0,0,1,0,1,0,1,0,FALSE,TRUE
537,59,0,1,0,0,1,0,0,1,0,1,0,1,0,FALSE,TRUE
537,60,0,1,0,0,1,0,0,1,0,1,0,1,0,FALSE,TRUE
538,0,55,55,55,55,55,55,55,55,55,0,0,0,0,TRUE,TRUE
538,1,69,72,66,69,72,66,69,72,66,3,-3,3,3,FALSE,FALSE
538,2,80,92,75,80,92,75,80,92,75,12,-5,12,5,FALSE,FALSE
538,3,100,100,96,100,100,96,100,100,96,0,-4,0,4,TRUE,FALSE
538,4,119,116,112,119,116,112,119,116,112,-3,-7,3,7,FALSE,FALSE
538,5,142,137,132,142,137,132,142,137,132,-5,-10,5,10,FALSE,FALSE
538,6,166,166,142,166,166,142,166,166,142,0,-24,0,24,TRUE,FALSE
538,7,185,194,158,185,194,158,185,194,158,9,-27,9,27,FALSE,FALSE
538,8,210,217,183,210,217,183,210,217,183,7,-27,7,27,FALSE,FALSE
538,9,234,262,238,234,262,238,234,262,238,28,4,28,4,FALSE,FALSE
538,10,258,322,274,258,322,274,258,322,274,64,16,64,16,FALSE,FALSE
538,11,307,384,317,307,384,317,307,384,317,77,10,77,10,FALSE,FALSE
538,12,370,452,381,370,452,381,370,452,381,82,11,82,11,FALSE,FALSE
538,13,443,506,433,443,506,433,443,506,433,63,-10,63,10,FALSE,FALSE
538,14,510,596,471,510,596,471,510,596,471,86,-39,86,39,FALSE,FALSE
538,15,596,655,553,596,655,553,596,655,553,59,-43,59,43,FALSE,FALSE
538,16,663,727,633,663,727,633,663,727,633,64,-30,64,30,FALSE,FALSE
538,17,727,871,695,727,871,695,727,871,695,144,-32,144,32,FALSE,FALSE
538,18,801,927,760,801,927,760,801,927,760,126,-41,126,41,FALSE,FALSE
538,19,877,993,831,877,993,831,877,993,831,116,-46,116,46,FALSE,FALSE
538,20,941,1091,890,941,1091,890,941,1091,890,150,-51,150,51,FALSE,FALSE
538,21,987,1161,990,987,1161,990,987,1161,990,174,3,174,3,FALSE,FALSE
538,22,1074,1240,1059,1074,1240,1059,1074,1240,1059,166,-15,166,15,FALSE,FALSE
538,23,1127,1254,1100,1127,1254,1100,1127,1254,1100,127,-27,127,27,FALSE,FALSE
538,24,1144,1293,1142,1144,1293,1142,1144,1293,1142,149,-2,149,2,FALSE,FALSE
538,25,1163,1309,1168,1163,1309,1168,1163,1309,1168,146,5,146,5,FALSE,FALSE
538,26,1148,1295,1166,1148,1295,1166,1148,1295,1166,147,18,147,18,FALSE,FALSE
538,27,1181,1272,1192,1181,1272,1192,1181,1272,1192,91,11,91,11,FALSE,FALSE
538,28,1140,1214,1199,1140,1214,1199,1140,1214,1199,74,59,74,59,FALSE,FALSE
538,29,1116,1192,1158,1116,1192,1158,1116,1192,1158,76,42,76,42,FALSE,FALSE
538,30,1113,1144,1151,1113,1144,1151,1113,1144,1151,31,38,31,38,FALSE,FALSE
538,31,1079,1089,1128,1079,1089,1128,1079,1089,1128,10,49,10,49,FALSE,FALSE
538,32,1043,1024,1107,1043,1024,1107,1043,1024,1107,-19,64,19,64,FALSE,FALSE
538,33,993,961,1055,993,961,1055,993,961,1055,-32,62,32,62,FALSE,FALSE
538,34,944,886,1011,944,886,1011,944,886,1011,-58,67,58,67,FALSE,FALSE
538,35,906,841,973,906,841,973,906,841,973,-65,67,65,67,FALSE,FALSE
538,36,835,777,918,835,777,918,835,777,918,-58,83,58,83,FALSE,FALSE
538,37,780,726,847,780,726,847,780,726,847,-54,67,54,67,FALSE,FALSE
538,38,728,657,785,728,657,785,728,657,785,-71,57,71,57,FALSE,FALSE
538,39,672,611,742,672,611,742,672,611,742,-61,70,61,70,FALSE,FALSE
538,40,600,554,674,600,554,674,600,554,674,-46,74,46,74,FALSE,FALSE
538,41,556,499,626,556,499,626,556,499,626,-57,70,57,70,FALSE,FALSE
538,42,511,446,575,511,446,575,511,446,575,-65,64,65,64,FALSE,FALSE
538,43,479,415,538,479,415,538,479,415,538,-64,59,64,59,FALSE,FALSE
538,44,436,367,482,436,367,482,436,367,482,-69,46,69,46,FALSE,FALSE
538,45,403,325,446,403,325,446,403,325,446,-78,43,78,43,FALSE,FALSE
538,46,386,291,417,386,291,417,386,291,417,-95,31,95,31,FALSE,FALSE
538,47,348,247,385,348,247,385,348,247,385,-101,37,101,37,FALSE,FALSE
538,48,320,230,357,320,230,357,320,230,357,-90,37,90,37,FALSE,FALSE
538,49,290,208,330,290,208,330,290,208,330,-82,40,82,40,FALSE,FALSE
538,50,269,177,306,269,177,306,269,177,306,-92,37,92,37,FALSE,FALSE
538,51,248,150,274,248,150,274,248,150,274,-98,26,98,26,FALSE,FALSE
538,52,236,142,259,236,142,259,236,142,259,-94,23,94,23,FALSE,FALSE
538,53,212,126,238,212,126,238,212,126,238,-86,26,86,26,FALSE,FALSE
538,54,197,112,222,197,112,222,197,112,222,-85,25,85,25,FALSE,FALSE
538,55,184,102,208,184,102,208,184,102,208,-82,24,82,24,FALSE,FALSE
538,56,167,101,195,167,101,195,167,101,195,-66,28,66,28,FALSE,FALSE
538,57,160,92,182,160,92,182,160,92,182,-68,22,68,22,FALSE,FALSE
538,58,147,76,154,147,76,154,147,76,154,-71,7,71,7,FALSE,FALSE
538,59,145,67,143,145,67,143,145,67,143,-78,-2,78,2,FALSE,FALSE
538,60,128,63,124,128,63,124,128,63,124,-65,-4,65,4,FALSE,FALSE
539,0,107,107,107,107,107,107,107,107,107,0,0,0,0,TRUE,TRUE
539,1,148,126,153,148,126,153,148,126,153,-22,5,22,5,FALSE,FALSE
539,2,192,168,205,192,168,205,192,168,205,-24,13,24,13,FALSE,FALSE
539,3,258,225,265,258,225,265,258,225,265,-33,7,33,7,FALSE,FALSE
539,4,331,293,360,331,293,360,331,293,360,-38,29,38,29,FALSE,FALSE
539,5,466,383,476,466,383,476,466,383,476,-83,10,83,10,FALSE,FALSE
539,6,604,473,612,604,473,612,604,473,612,-131,8,131,8,FALSE,FALSE
539,7,776,571,786,776,571,786,776,571,786,-205,10,205,10,FALSE,FALSE
539,8,938,703,977,938,703,977,938,703,977,-235,39,235,39,FALSE,FALSE
539,9,1146,840,1170,1146,840,1170,1146,840,1170,-306,24,306,24,FALSE,FALSE
539,10,1426,1013,1406,1426,1013,1406,1426,1013,1406,-413,-20,413,20,FALSE,FALSE
539,11,1688,1182,1606,1688,1182,1606,1688,1182,1606,-506,-82,506,82,FALSE,FALSE
539,12,1951,1377,1834,1951,1377,1834,1951,1377,1834,-574,-117,574,117,FALSE,FALSE
539,13,2118,1570,2055,2118,1570,2055,2118,1570,2055,-548,-63,548,63,FALSE,FALSE
539,14,2257,1740,2248,2257,1740,2248,2257,1740,2248,-517,-9,517,9,FALSE,FALSE
539,15,2421,1882,2395,2421,1882,2395,2421,1882,2395,-539,-26,539,26,FALSE,FALSE
539,16,2514,2031,2490,2514,2031,2490,2514,2031,2490,-483,-24,483,24,FALSE,FALSE
539,17,2547,2155,2532,2547,2155,2532,2547,2155,2532,-392,-15,392,15,FALSE,FALSE
539,18,2554,2242,2484,2554,2242,2484,2554,2242,2484,-312,-70,312,70,FALSE,FALSE
539,19,2511,2259,2408,2511,2259,2408,2511,2259,2408,-252,-103,252,103,FALSE,FALSE
539,20,2424,2273,2309,2424,2273,2309,2424,2273,2309,-151,-115,151,115,FALSE,FALSE
539,21,2330,2220,2221,2330,2220,2221,2330,2220,2221,-110,-109,110,109,FALSE,FALSE
539,22,2193,2180,2110,2193,2180,2110,2193,2180,2110,-13,-83,13,83,FALSE,FALSE
539,23,2050,2112,1986,2050,2112,1986,2050,2112,1986,62,-64,62,64,FALSE,FALSE
539,24,1920,2016,1866,1920,2016,1866,1920,2016,1866,96,-54,96,54,FALSE,FALSE
539,25,1796,1872,1723,1796,1872,1723,1796,1872,1723,76,-73,76,73,FALSE,FALSE
539,26,1672,1797,1587,1672,1797,1587,1672,1797,1587,125,-85,125,85,FALSE,FALSE
539,27,1527,1689,1446,1527,1689,1446,1527,1689,1446,162,-81,162,81,FALSE,FALSE
539,28,1409,1565,1336,1409,1565,1336,1409,1565,1336,156,-73,156,73,FALSE,FALSE
539,29,1295,1457,1229,1295,1457,1229,1295,1457,1229,162,-66,162,66,FALSE,FALSE
539,30,1180,1332,1140,1180,1332,1140,1180,1332,1140,152,-40,152,40,FALSE,FALSE
539,31,1064,1238,1048,1064,1238,1048,1064,1238,1048,174,-16,174,16,FALSE,FALSE
539,32,962,1133,967,962,1133,967,962,1133,967,171,5,171,5,FALSE,FALSE
539,33,881,1043,875,881,1043,875,881,1043,875,162,-6,162,6,FALSE,FALSE
539,34,804,935,797,804,935,797,804,935,797,131,-7,131,7,FALSE,FALSE
539,35,725,859,719,725,859,719,725,859,719,134,-6,134,6,FALSE,FALSE
539,36,665,777,667,665,777,667,665,777,667,112,2,112,2,FALSE,FALSE
539,37,598,715,612,598,715,612,598,715,612,117,14,117,14,FALSE,FALSE
539,38,534,666,558,534,666,558,534,666,558,132,24,132,24,FALSE,FALSE
539,39,480,615,498,480,615,498,480,615,498,135,18,135,18,FALSE,FALSE
539,40,431,561,448,431,561,448,431,561,448,130,17,130,17,FALSE,FALSE
539,41,393,498,407,393,498,407,393,498,407,105,14,105,14,FALSE,FALSE
539,42,355,449,353,355,449,353,355,449,353,94,-2,94,2,FALSE,FALSE
539,43,324,413,319,324,413,319,324,413,319,89,-5,89,5,FALSE,FALSE
539,44,285,385,294,285,385,294,285,385,294,100,9,100,9,FALSE,FALSE
539,45,263,341,267,263,341,267,263,341,267,78,4,78,4,FALSE,FALSE
539,46,233,315,242,233,315,242,233,315,242,82,9,82,9,FALSE,FALSE
539,47,206,287,221,206,287,221,206,287,221,81,15,81,15,FALSE,FALSE
539,48,188,268,199,188,268,199,188,268,199,80,11,80,11,FALSE,FALSE
539,49,170,240,175,170,240,175,170,240,175,70,5,70,5,FALSE,FALSE
539,50,151,218,156,151,218,156,151,218,156,67,5,67,5,FALSE,FALSE
539,51,141,193,145,141,193,145,141,193,145,52,4,52,4,FALSE,FALSE
539,52,126,172,129,126,172,129,126,172,129,46,3,46,3,FALSE,FALSE
539,53,116,157,124,116,157,124,116,157,124,41,8,41,8,FALSE,FALSE
539,54,112,149,118,112,149,118,112,149,118,37,6,37,6,FALSE,FALSE
539,55,107,136,107,107,136,107,107,136,107,29,0,29,0,FALSE,TRUE
539,56,96,122,97,96,122,97,96,122,97,26,1,26,1,FALSE,FALSE
539,57,92,113,95,92,113,95,92,113,95,21,3,21,3,FALSE,FALSE
539,58,80,102,89,80,102,89,80,102,89,22,9,22,9,FALSE,FALSE
539,59,73,91,79,73,91,79,73,91,79,18,6,18,6,FALSE,FALSE
539,60,63,85,76,63,85,76,63,85,76,22,13,22,13,FALSE,FALSE
540,0,103,103,103,103,103,103,103,103,103,0,0,0,0,TRUE,TRUE
540,1,123,109,106,123,109,106,123,109,106,-14,-17,14,17,FALSE,FALSE
540,2,133,118,105,133,118,105,133,118,105,-15,-28,15,28,FALSE,FALSE
540,3,142,130,120,142,130,120,142,130,120,-12,-22,12,22,FALSE,FALSE
540,4,156,140,135,156,140,135,156,140,135,-16,-21,16,21,FALSE,FALSE
540,5,168,155,138,168,155,138,168,155,138,-13,-30,13,30,FALSE,FALSE
540,6,185,151,149,185,151,149,185,151,149,-34,-36,34,36,FALSE,FALSE
540,7,210,154,158,210,154,158,210,154,158,-56,-52,56,52,FALSE,FALSE
540,8,241,166,170,241,166,170,241,166,170,-75,-71,75,71,FALSE,FALSE
540,9,271,184,191,271,184,191,271,184,191,-87,-80,87,80,FALSE,FALSE
540,10,297,198,204,297,198,204,297,198,204,-99,-93,99,93,FALSE,FALSE
540,11,335,213,233,335,213,233,335,213,233,-122,-102,122,102,FALSE,FALSE
540,12,379,224,242,379,224,242,379,224,242,-155,-137,155,137,FALSE,FALSE
540,13,411,242,262,411,242,262,411,242,262,-169,-149,169,149,FALSE,FALSE
540,14,447,272,283,447,272,283,447,272,283,-175,-164,175,164,FALSE,FALSE
540,15,482,283,323,482,283,323,482,283,323,-199,-159,199,159,FALSE,FALSE
540,16,523,295,346,523,295,346,523,295,346,-228,-177,228,177,FALSE,FALSE
540,17,530,318,394,530,318,394,530,318,394,-212,-136,212,136,FALSE,FALSE
540,18,576,346,404,576,346,404,576,346,404,-230,-172,230,172,FALSE,FALSE
540,19,625,372,416,625,372,416,625,372,416,-253,-209,253,209,FALSE,FALSE
540,20,673,407,443,673,407,443,673,407,443,-266,-230,266,230,FALSE,FALSE
540,21,717,430,473,717,430,473,717,430,473,-287,-244,287,244,FALSE,FALSE
540,22,785,448,501,785,448,501,785,448,501,-337,-284,337,284,FALSE,FALSE
540,23,829,473,558,829,473,558,829,473,558,-356,-271,356,271,FALSE,FALSE
540,24,882,487,595,882,487,595,882,487,595,-395,-287,395,287,FALSE,FALSE
540,25,915,488,635,915,488,635,915,488,635,-427,-280,427,280,FALSE,FALSE
540,26,944,506,671,944,506,671,944,506,671,-438,-273,438,273,FALSE,FALSE
540,27,967,511,739,967,511,739,967,511,739,-456,-228,456,228,FALSE,FALSE
540,28,1006,513,763,1006,513,763,1006,513,763,-493,-243,493,243,FALSE,FALSE
540,29,1038,535,808,1038,535,808,1038,535,808,-503,-230,503,230,FALSE,FALSE
540,30,1050,553,841,1050,553,841,1050,553,841,-497,-209,497,209,FALSE,FALSE
540,31,1086,577,869,1086,577,869,1086,577,869,-509,-217,509,217,FALSE,FALSE
540,32,1120,597,911,1120,597,911,1120,597,911,-523,-209,523,209,FALSE,FALSE
540,33,1131,593,917,1131,593,917,1131,593,917,-538,-214,538,214,FALSE,FALSE
540,34,1145,601,950,1145,601,950,1145,601,950,-544,-195,544,195,FALSE,FALSE
540,35,1143,616,960,1143,616,960,1143,616,960,-527,-183,527,183,FALSE,FALSE
540,36,1153,642,974,1153,642,974,1153,642,974,-511,-179,511,179,FALSE,FALSE
540,37,1162,657,1001,1162,657,1001,1162,657,1001,-505,-161,505,161,FALSE,FALSE
540,38,1155,675,1013,1155,675,1013,1155,675,1013,-480,-142,480,142,FALSE,FALSE
540,39,1127,686,1005,1127,686,1005,1127,686,1005,-441,-122,441,122,FALSE,FALSE
540,40,1138,696,995,1138,696,995,1138,696,995,-442,-143,442,143,FALSE,FALSE
540,41,1125,701,988,1125,701,988,1125,701,988,-424,-137,424,137,FALSE,FALSE
540,42,1086,709,983,1086,709,983,1086,709,983,-377,-103,377,103,FALSE,FALSE
540,43,1056,736,937,1056,736,937,1056,736,937,-320,-119,320,119,FALSE,FALSE
540,44,1010,699,926,1010,699,926,1010,699,926,-311,-84,311,84,FALSE,FALSE
540,45,993,692,892,993,692,892,993,692,892,-301,-101,301,101,FALSE,FALSE
540,46,933,680,862,933,680,862,933,680,862,-253,-71,253,71,FALSE,FALSE
540,47,892,693,854,892,693,854,892,693,854,-199,-38,199,38,FALSE,FALSE
540,48,862,666,875,862,666,875,862,666,875,-196,13,196,13,FALSE,FALSE
540,49,844,657,877,844,657,877,844,657,877,-187,33,187,33,FALSE,FALSE
540,50,797,649,842,797,649,842,797,649,842,-148,45,148,45,FALSE,FALSE
540,51,769,642,831,769,642,831,769,642,831,-127,62,127,62,FALSE,FALSE
540,52,733,618,823,733,618,823,733,618,823,-115,90,115,90,FALSE,FALSE
540,53,714,597,802,714,597,802,714,597,802,-117,88,117,88,FALSE,FALSE
540,54,671,588,761,671,588,761,671,588,761,-83,90,83,90,FALSE,FALSE
540,55,641,573,746,641,573,746,641,573,746,-68,105,68,105,FALSE,FALSE
540,56,604,567,707,604,567,707,604,567,707,-37,103,37,103,FALSE,FALSE
540,57,568,539,653,568,539,653,568,539,653,-29,85,29,85,FALSE,FALSE
540,58,531,514,633,531,514,633,531,514,633,-17,102,17,102,FALSE,FALSE
540,59,488,504,606,488,504,606,488,504,606,16,118,16,118,FALSE,FALSE
540,60,466,494,570,466,494,570,466,494,570,28,104,28,104,FALSE,FALSE
541,0,92,92,92,92,92,92,92,92,92,0,0,0,0,TRUE,TRUE
541,1,169,153,161,169,153,161,169,153,161,-16,-8,16,8,FALSE,FALSE
541,2,306,269,291,306,269,291,306,269,291,-37,-15,37,15,FALSE,FALSE
541,3,521,458,522,521,458,522,521,458,522,-63,1,63,1,FALSE,FALSE
541,4,869,703,871,869,703,871,869,703,871,-166,2,166,2,FALSE,FALSE
541,5,1342,1127,1406,1342,1127,1406,1342,1127,1406,-215,64,215,64,FALSE,FALSE
541,6,1882,1668,2043,1882,1668,2043,1882,1668,2043,-214,161,214,161,FALSE,FALSE
541,7,2563,2312,2752,2563,2312,2752,2563,2312,2752,-251,189,251,189,FALSE,FALSE
541,8,3060,2839,3216,3060,2839,3216,3060,2839,3216,-221,156,221,156,FALSE,FALSE
541,9,3281,3119,3378,3281,3119,3378,3281,3119,3378,-162,97,162,97,FALSE,FALSE
541,10,3227,3209,3279,3227,3209,3279,3227,3209,3279,-18,52,18,52,FALSE,FALSE
541,11,2960,3030,2937,2960,3030,2937,2960,3030,2937,70,-23,70,23,FALSE,FALSE
541,12,2598,2705,2597,2598,2705,2597,2598,2705,2597,107,-1,107,1,FALSE,FALSE
541,13,2226,2319,2219,2226,2319,2219,2226,2319,2219,93,-7,93,7,FALSE,FALSE
541,14,1872,1996,1841,1872,1996,1841,1872,1996,1841,124,-31,124,31,FALSE,FALSE
541,15,1545,1681,1514,1545,1681,1514,1545,1681,1514,136,-31,136,31,FALSE,FALSE
541,16,1280,1399,1254,1280,1399,1254,1280,1399,1254,119,-26,119,26,FALSE,FALSE
541,17,1066,1160,1006,1066,1160,1006,1066,1160,1006,94,-60,94,60,FALSE,FALSE
541,18,877,955,824,877,955,824,877,955,824,78,-53,78,53,FALSE,FALSE
541,19,704,749,669,704,749,669,704,749,669,45,-35,45,35,FALSE,FALSE
541,20,574,622,540,574,622,540,574,622,540,48,-34,48,34,FALSE,FALSE
541,21,464,487,447,464,487,447,464,487,447,23,-17,23,17,FALSE,FALSE
541,22,375,388,357,375,388,357,375,388,357,13,-18,13,18,FALSE,FALSE
541,23,286,330,282,286,330,282,286,330,282,44,-4,44,4,FALSE,FALSE
541,24,231,267,220,231,267,220,231,267,220,36,-11,36,11,FALSE,FALSE
541,25,184,221,181,184,221,181,184,221,181,37,-3,37,3,FALSE,FALSE
541,26,151,187,139,151,187,139,151,187,139,36,-12,36,12,FALSE,FALSE
541,27,124,158,107,124,158,107,124,158,107,34,-17,34,17,FALSE,FALSE
541,28,106,131,88,106,131,88,106,131,88,25,-18,25,18,FALSE,FALSE
541,29,75,111,71,75,111,71,75,111,71,36,-4,36,4,FALSE,FALSE
541,30,65,100,58,65,100,58,65,100,58,35,-7,35,7,FALSE,FALSE
541,31,50,79,48,50,79,48,50,79,48,29,-2,29,2,FALSE,FALSE
541,32,40,63,35,40,63,35,40,63,35,23,-5,23,5,FALSE,FALSE
541,33,27,54,28,27,54,28,27,54,28,27,1,27,1,FALSE,FALSE
541,34,20,40,22,20,40,22,20,40,22,20,2,20,2,FALSE,FALSE
541,35,19,34,16,19,34,16,19,34,16,15,-3,15,3,FALSE,FALSE
541,36,15,28,15,15,28,15,15,28,15,13,0,13,0,FALSE,TRUE
541,37,11,20,12,11,20,12,11,20,12,9,1,9,1,FALSE,FALSE
541,38,11,17,10,11,17,10,11,17,10,6,-1,6,1,FALSE,FALSE
541,39,10,13,7,10,13,7,10,13,7,3,-3,3,3,FALSE,FALSE
541,40,7,11,3,7,11,3,7,11,3,4,-4,4,4,FALSE,FALSE
541,41,4,11,2,4,11,2,4,11,2,7,-2,7,2,FALSE,FALSE
541,42,2,9,2,2,9,2,2,9,2,7,0,7,0,FALSE,TRUE
541,43,1,8,1,1,8,1,1,8,1,7,0,7,0,FALSE,TRUE
541,44,1,5,1,1,5,1,1,5,1,4,0,4,0,FALSE,TRUE
541,45,1,4,1,1,4,1,1,4,1,3,0,3,0,FALSE,TRUE
541,46,0,4,1,0,4,1,0,4,1,4,1,4,1,FALSE,FALSE
541,47,0,4,1,0,4,1,0,4,1,4,1,4,1,FALSE,FALSE
541,48,0,4,0,0,4,0,0,4,0,4,0,4,0,FALSE,TRUE
541,49,0,1,0,0,1,0,0,1,0,1,0,1,0,FALSE,TRUE
541,50,0,1,0,0,1,0,0,1,0,1,0,1,0,FALSE,TRUE
541,51,0,1,0,0,1,0,0,1,0,1,0,1,0,FALSE,TRUE
541,52,0,1,0,0,1,0,0,1,0,1,0,1,0,FALSE,TRUE
541,53,0,0,0,0,0,0,0,0,0,0,0,0,0,TRUE,TRUE
541,54,0,0,0,0,0,0,0,0,0,0,0,0,0,TRUE,TRUE
541,55,0,0,0,0,0,0,0,0,0,0,0,0,0,TRUE,TRUE
541,56,0,0,0,0,0,0,0,0,0,0,0,0,0,TRUE,TRUE
541,57,0,0,0,0,0,0,0,0,0,0,0,0,0,TRUE,TRUE
541,58,0,0,0,0,0,0,0,0,0,0,0,0,0,TRUE,TRUE
541,59,0,0,0,0,0,0,0,0,0,0,0,0,0,TRUE,TRUE
541,60,0,0,0,0,0,0,0,0,0,0,0,0,0,TRUE,TRUE
542,0,124,124,124,124,124,124,124,124,124,0,0,0,0,TRUE,TRUE
542,1,155,143,148,155,143,148,155,143,148,-12,-7,12,7,FALSE,FALSE
542,2,174,166,194,174,166,194,174,166,194,-8,20,8,20,FALSE,FALSE
542,3,210,186,244,210,186,244,210,186,244,-24,34,24,34,FALSE,FALSE
542,4,251,210,289,251,210,289,251,210,289,-41,38,41,38,FALSE,FALSE
542,5,288,251,325,288,251,325,288,251,325,-37,37,37,37,FALSE,FALSE
542,6,355,300,412,355,300,412,355,300,412,-55,57,55,57,FALSE,FALSE
542,7,403,362,464,403,362,464,403,362,464,-41,61,41,61,FALSE,FALSE
542,8,478,440,541,478,440,541,478,440,541,-38,63,38,63,FALSE,FALSE
542,9,548,508,654,548,508,654,548,508,654,-40,106,40,106,FALSE,FALSE
542,10,602,607,756,602,607,756,602,607,756,5,154,5,154,FALSE,FALSE
542,11,695,694,889,695,694,889,695,694,889,-1,194,1,194,FALSE,FALSE
542,12,784,796,975,784,796,975,784,796,975,12,191,12,191,FALSE,FALSE
542,13,864,889,1057,864,889,1057,864,889,1057,25,193,25,193,FALSE,FALSE
542,14,961,967,1163,961,967,1163,961,967,1163,6,202,6,202,FALSE,FALSE
542,15,1053,1070,1263,1053,1070,1263,1053,1070,1263,17,210,17,210,FALSE,FALSE
542,16,1151,1149,1342,1151,1149,1342,1151,1149,1342,-2,191,2,191,FALSE,FALSE
542,17,1227,1219,1379,1227,1219,1379,1227,1219,1379,-8,152,8,152,FALSE,FALSE
542,18,1290,1301,1420,1290,1301,1420,1290,1301,1420,11,130,11,130,FALSE,FALSE
542,19,1338,1353,1435,1338,1353,1435,1338,1353,1435,15,97,15,97,FALSE,FALSE
542,20,1351,1354,1450,1351,1354,1450,1351,1354,1450,3,99,3,99,FALSE,FALSE
542,21,1371,1368,1430,1371,1368,1430,1371,1368,1430,-3,59,3,59,FALSE,FALSE
542,22,1359,1381,1414,1359,1381,1414,1359,1381,1414,22,55,22,55,FALSE,FALSE
542,23,1338,1365,1370,1338,1365,1370,1338,1365,1370,27,32,27,32,FALSE,FALSE
542,24,1296,1312,1312,1296,1312,1312,1296,1312,1312,16,16,16,16,FALSE,FALSE
542,25,1229,1280,1247,1229,1280,1247,1229,1280,1247,51,18,51,18,FALSE,FALSE
542,26,1163,1223,1146,1163,1223,1146,1163,1223,1146,60,-17,60,17,FALSE,FALSE
542,27,1115,1148,1050,1115,1148,1050,1115,1148,1050,33,-65,33,65,FALSE,FALSE
542,28,1062,1073,960,1062,1073,960,1062,1073,960,11,-102,11,102,FALSE,FALSE
542,29,1009,990,871,1009,990,871,1009,990,871,-19,-138,19,138,FALSE,FALSE
542,30,960,930,801,960,930,801,960,930,801,-30,-159,30,159,FALSE,FALSE
542,31,891,883,741,891,883,741,891,883,741,-8,-150,8,150,FALSE,FALSE
542,32,841,811,687,841,811,687,841,811,687,-30,-154,30,154,FALSE,FALSE
542,33,797,762,634,797,762,634,797,762,634,-35,-163,35,163,FALSE,FALSE
542,34,725,701,578,725,701,578,725,701,578,-24,-147,24,147,FALSE,FALSE
542,35,660,630,535,660,630,535,660,630,535,-30,-125,30,125,FALSE,FALSE
542,36,603,571,484,603,571,484,603,571,484,-32,-119,32,119,FALSE,FALSE
542,37,549,508,434,549,508,434,549,508,434,-41,-115,41,115,FALSE,FALSE
542,38,497,454,378,497,454,378,497,454,378,-43,-119,43,119,FALSE,FALSE
542,39,441,414,338,441,414,338,441,414,338,-27,-103,27,103,FALSE,FALSE
542,40,387,380,302,387,380,302,387,380,302,-7,-85,7,85,FALSE,FALSE
542,41,357,324,286,357,324,286,357,324,286,-33,-71,33,71,FALSE,FALSE
542,42,314,285,238,314,285,238,314,285,238,-29,-76,29,76,FALSE,FALSE
542,43,279,261,203,279,261,203,279,261,203,-18,-76,18,76,FALSE,FALSE
542,44,243,242,184,243,242,184,243,242,184,-1,-59,1,59,FALSE,FALSE
542,45,222,221,166,222,221,166,222,221,166,-1,-56,1,56,FALSE,FALSE
542,46,200,192,150,200,192,150,200,192,150,-8,-50,8,50,FALSE,FALSE
542,47,189,170,130,189,170,130,189,170,130,-19,-59,19,59,FALSE,FALSE
542,48,166,155,120,166,155,120,166,155,120,-11,-46,11,46,FALSE,FALSE
542,49,152,133,108,152,133,108,152,133,108,-19,-44,19,44,FALSE,FALSE
542,50,140,121,95,140,121,95,140,121,95,-19,-45,19,45,FALSE,FALSE
542,51,127,106,81,127,106,81,127,106,81,-21,-46,21,46,FALSE,FALSE
542,52,111,93,75,111,93,75,111,93,75,-18,-36,18,36,FALSE,FALSE
542,53,100,85,68,100,85,68,100,85,68,-15,-32,15,32,FALSE,FALSE
542,54,88,74,60,88,74,60,88,74,60,-14,-28,14,28,FALSE,FALSE
542,55,78,65,53,78,65,53,78,65,53,-13,-25,13,25,FALSE,FALSE
542,56,64,60,48,64,60,48,64,60,48,-4,-16,4,16,FALSE,FALSE
542,57,60,48,43,60,48,43,60,48,43,-12,-17,12,17,FALSE,FALSE
542,58,55,43,38,55,43,38,55,43,38,-12,-17,12,17,FALSE,FALSE
542,59,50,42,31,50,42,31,50,42,31,-8,-19,8,19,FALSE,FALSE
542,60,44,36,20,44,36,20,44,36,20,-8,-24,8,24,FALSE,FALSE
543,0,105,105,105,105,105,105,105,105,105,0,0,0,0,TRUE,TRUE
543,1,126,122,115,126,122,115,126,122,115,-4,-11,4,11,FALSE,FALSE
543,2,139,141,124,139,141,124,139,141,124,2,-15,2,15,FALSE,FALSE
543,3,165,146,135,165,146,135,165,146,135,-19,-30,19,30,FALSE,FALSE
543,4,194,166,152,194,166,152,194,166,152,-28,-42,28,42,FALSE,FALSE
543,5,216,191,161,216,191,161,216,191,161,-25,-55,25,55,FALSE,FALSE
543,6,251,209,183,251,209,183,251,209,183,-42,-68,42,68,FALSE,FALSE
543,7,287,236,189,287,236,189,287,236,189,-51,-98,51,98,FALSE,FALSE
543,8,314,269,204,314,269,204,314,269,204,-45,-110,45,110,FALSE,FALSE
543,9,344,314,226,344,314,226,344,314,226,-30,-118,30,118,FALSE,FALSE
543,10,396,359,250,396,359,250,396,359,250,-37,-146,37,146,FALSE,FALSE
543,11,465,391,273,465,391,273,465,391,273,-74,-192,74,192,FALSE,FALSE
543,12,533,413,301,533,413,301,533,413,301,-120,-232,120,232,FALSE,FALSE
543,13,599,461,337,599,461,337,599,461,337,-138,-262,138,262,FALSE,FALSE
543,14,638,528,376,638,528,376,638,528,376,-110,-262,110,262,FALSE,FALSE
543,15,705,568,430,705,568,430,705,568,430,-137,-275,137,275,FALSE,FALSE
543,16,748,621,485,748,621,485,748,621,485,-127,-263,127,263,FALSE,FALSE
543,17,823,663,535,823,663,535,823,663,535,-160,-288,160,288,FALSE,FALSE
543,18,877,711,585,877,711,585,877,711,585,-166,-292,166,292,FALSE,FALSE
543,19,942,765,628,942,765,628,942,765,628,-177,-314,177,314,FALSE,FALSE
543,20,1020,828,675,1020,828,675,1020,828,675,-192,-345,192,345,FALSE,FALSE
543,21,1103,891,729,1103,891,729,1103,891,729,-212,-374,212,374,FALSE,FALSE
543,22,1184,932,785,1184,932,785,1184,932,785,-252,-399,252,399,FALSE,FALSE
543,23,1278,992,846,1278,992,846,1278,992,846,-286,-432,286,432,FALSE,FALSE
543,24,1379,1059,894,1379,1059,894,1379,1059,894,-320,-485,320,485,FALSE,FALSE
543,25,1424,1125,958,1424,1125,958,1424,1125,958,-299,-466,299,466,FALSE,FALSE
543,26,1470,1185,1039,1470,1185,1039,1470,1185,1039,-285,-431,285,431,FALSE,FALSE
543,27,1550,1254,1101,1550,1254,1101,1550,1254,1101,-296,-449,296,449,FALSE,FALSE
543,28,1588,1334,1152,1588,1334,1152,1588,1334,1152,-254,-436,254,436,FALSE,FALSE
543,29,1623,1370,1215,1623,1370,1215,1623,1370,1215,-253,-408,253,408,FALSE,FALSE
543,30,1650,1426,1245,1650,1426,1245,1650,1426,1245,-224,-405,224,405,FALSE,FALSE
543,31,1692,1433,1297,1692,1433,1297,1692,1433,1297,-259,-395,259,395,FALSE,FALSE
543,32,1678,1440,1365,1678,1440,1365,1678,1440,1365,-238,-313,238,313,FALSE,FALSE
543,33,1695,1456,1429,1695,1456,1429,1695,1456,1429,-239,-266,239,266,FALSE,FALSE
543,34,1737,1447,1458,1737,1447,1458,1737,1447,1458,-290,-279,290,279,FALSE,FALSE
543,35,1698,1428,1490,1698,1428,1490,1698,1428,1490,-270,-208,270,208,FALSE,FALSE
543,36,1694,1443,1499,1694,1443,1499,1694,1443,1499,-251,-195,251,195,FALSE,FALSE
543,37,1652,1407,1542,1652,1407,1542,1652,1407,1542,-245,-110,245,110,FALSE,FALSE
543,38,1611,1404,1562,1611,1404,1562,1611,1404,1562,-207,-49,207,49,FALSE,FALSE
543,39,1588,1407,1562,1588,1407,1562,1588,1407,1562,-181,-26,181,26,FALSE,FALSE
543,40,1539,1391,1564,1539,1391,1564,1539,1391,1564,-148,25,148,25,FALSE,FALSE
543,41,1479,1353,1557,1479,1353,1557,1479,1353,1557,-126,78,126,78,FALSE,FALSE
543,42,1441,1322,1535,1441,1322,1535,1441,1322,1535,-119,94,119,94,FALSE,FALSE
543,43,1409,1287,1502,1409,1287,1502,1409,1287,1502,-122,93,122,93,FALSE,FALSE
543,44,1335,1262,1488,1335,1262,1488,1335,1262,1488,-73,153,73,153,FALSE,FALSE
543,45,1281,1212,1437,1281,1212,1437,1281,1212,1437,-69,156,69,156,FALSE,FALSE
543,46,1219,1196,1413,1219,1196,1413,1219,1196,1413,-23,194,23,194,FALSE,FALSE
543,47,1153,1175,1373,1153,1175,1373,1153,1175,1373,22,220,22,220,FALSE,FALSE
543,48,1114,1137,1319,1114,1137,1319,1114,1137,1319,23,205,23,205,FALSE,FALSE
543,49,1057,1078,1279,1057,1078,1279,1057,1078,1279,21,222,21,222,FALSE,FALSE
543,50,1008,1038,1226,1008,1038,1226,1008,1038,1226,30,218,30,218,FALSE,FALSE
543,51,948,990,1185,948,990,1185,948,990,1185,42,237,42,237,FALSE,FALSE
543,52,886,928,1139,886,928,1139,886,928,1139,42,253,42,253,FALSE,FALSE
543,53,833,898,1092,833,898,1092,833,898,1092,65,259,65,259,FALSE,FALSE
543,54,802,860,1042,802,860,1042,802,860,1042,58,240,58,240,FALSE,FALSE
543,55,761,809,1000,761,809,1000,761,809,1000,48,239,48,239,FALSE,FALSE
543,56,717,756,970,717,756,970,717,756,970,39,253,39,253,FALSE,FALSE
543,57,687,709,921,687,709,921,687,709,921,22,234,22,234,FALSE,FALSE
543,58,652,676,890,652,676,890,652,676,890,24,238,24,238,FALSE,FALSE
543,59,626,625,854,626,625,854,626,625,854,-1,228,1,228,FALSE,FALSE
543,60,575,580,801,575,580,801,575,580,801,5,226,5,226,FALSE,FALSE
544,0,139,139,139,139,139,139,139,139,139,0,0,0,0,TRUE,TRUE
544,1,154,153,164,154,153,164,154,153,164,-1,10,1,10,FALSE,FALSE
544,2,162,158,179,162,158,179,162,158,179,-4,17,4,17,FALSE,FALSE
544,3,201,197,200,201,197,200,201,197,200,-4,-1,4,1,FALSE,FALSE
544,4,220,223,216,220,223,216,220,223,216,3,-4,3,4,FALSE,FALSE
544,5,270,240,248,270,240,248,270,240,248,-30,-22,30,22,FALSE,FALSE
544,6,293,272,286,293,272,286,293,272,286,-21,-7,21,7,FALSE,FALSE
544,7,313,323,343,313,323,343,313,323,343,10,30,10,30,FALSE,FALSE
544,8,354,343,400,354,343,400,354,343,400,-11,46,11,46,FALSE,FALSE
544,9,396,380,450,396,380,450,396,380,450,-16,54,16,54,FALSE,FALSE
544,10,431,436,488,431,436,488,431,436,488,5,57,5,57,FALSE,FALSE
544,11,470,481,518,470,481,518,470,481,518,11,48,11,48,FALSE,FALSE
544,12,513,512,582,513,512,582,513,512,582,-1,69,1,69,FALSE,FALSE
544,13,560,568,620,560,568,620,560,568,620,8,60,8,60,FALSE,FALSE
544,14,602,625,668,602,625,668,602,625,668,23,66,23,66,FALSE,FALSE
544,15,632,668,685,632,668,685,632,668,685,36,53,36,53,FALSE,FALSE
544,16,701,700,731,701,700,731,701,700,731,-1,30,1,30,FALSE,FALSE
544,17,737,751,787,737,751,787,737,751,787,14,50,14,50,FALSE,FALSE
544,18,762,795,800,762,795,800,762,795,800,33,38,33,38,FALSE,FALSE
544,19,765,835,805,765,835,805,765,835,805,70,40,70,40,FALSE,FALSE
544,20,792,868,847,792,868,847,792,868,847,76,55,76,55,FALSE,FALSE
544,21,809,897,864,809,897,864,809,897,864,88,55,88,55,FALSE,FALSE
544,22,821,896,858,821,896,858,821,896,858,75,37,75,37,FALSE,FALSE
544,23,807,874,839,807,874,839,807,874,839,67,32,67,32,FALSE,FALSE
544,24,804,819,820,804,819,820,804,819,820,15,16,15,16,FALSE,FALSE
544,25,793,823,832,793,823,832,793,823,832,30,39,30,39,FALSE,FALSE
544,26,774,804,814,774,804,814,774,804,814,30,40,30,40,FALSE,FALSE
544,27,736,789,728,736,789,728,736,789,728,53,-8,53,8,FALSE,FALSE
544,28,691,768,698,691,768,698,691,768,698,77,7,77,7,FALSE,FALSE
544,29,667,718,641,667,718,641,667,718,641,51,-26,51,26,FALSE,FALSE
544,30,637,641,615,637,641,615,637,641,615,4,-22,4,22,FALSE,FALSE
544,31,613,621,599,613,621,599,613,621,599,8,-14,8,14,FALSE,FALSE
544,32,581,585,532,581,585,532,581,585,532,4,-49,4,49,FALSE,FALSE
544,33,538,532,492,538,532,492,538,532,492,-6,-46,6,46,FALSE,FALSE
544,34,539,461,454,539,461,454,539,461,454,-78,-85,78,85,FALSE,FALSE
544,35,498,411,450,498,411,450,498,411,450,-87,-48,87,48,FALSE,FALSE
544,36,455,384,418,455,384,418,455,384,418,-71,-37,71,37,FALSE,FALSE
544,37,428,363,373,428,363,373,428,363,373,-65,-55,65,55,FALSE,FALSE
544,38,390,327,343,390,327,343,390,327,343,-63,-47,63,47,FALSE,FALSE
544,39,357,293,314,357,293,314,357,293,314,-64,-43,64,43,FALSE,FALSE
544,40,318,268,290,318,268,290,318,268,290,-50,-28,50,28,FALSE,FALSE
544,41,272,228,253,272,228,253,272,228,253,-44,-19,44,19,FALSE,FALSE
544,42,236,201,233,236,201,233,236,201,233,-35,-3,35,3,FALSE,FALSE
544,43,217,170,211,217,170,211,217,170,211,-47,-6,47,6,FALSE,FALSE
544,44,196,159,189,196,159,189,196,159,189,-37,-7,37,7,FALSE,FALSE
544,45,191,146,175,191,146,175,191,146,175,-45,-16,45,16,FALSE,FALSE
544,46,161,120,150,161,120,150,161,120,150,-41,-11,41,11,FALSE,FALSE
544,47,153,89,133,153,89,133,153,89,133,-64,-20,64,20,FALSE,FALSE
544,48,141,76,112,141,76,112,141,76,112,-65,-29,65,29,FALSE,FALSE
544,49,125,72,100,125,72,100,125,72,100,-53,-25,53,25,FALSE,FALSE
544,50,115,57,96,115,57,96,115,57,96,-58,-19,58,19,FALSE,FALSE
544,51,110,52,80,110,52,80,110,52,80,-58,-30,58,30,FALSE,FALSE
544,52,97,41,72,97,41,72,97,41,72,-56,-25,56,25,FALSE,FALSE
544,53,95,39,56,95,39,56,95,39,56,-56,-39,56,39,FALSE,FALSE
544,54,80,38,46,80,38,46,80,38,46,-42,-34,42,34,FALSE,FALSE
544,55,63,30,41,63,30,41,63,30,41,-33,-22,33,22,FALSE,FALSE
544,56,61,27,39,61,27,39,61,27,39,-34,-22,34,22,FALSE,FALSE
544,57,49,20,37,49,20,37,49,20,37,-29,-12,29,12,FALSE,FALSE
544,58,46,17,33,46,17,33,46,17,33,-29,-13,29,13,FALSE,FALSE
544,59,39,19,33,39,19,33,39,19,33,-20,-6,20,6,FALSE,FALSE
544,60,38,16,30,38,16,30,38,16,30,-22,-8,22,8,FALSE,FALSE
545,0,150,150,150,150,150,150,150,150,150,0,0,0,0,TRUE,TRUE
545,1,188,198,197,188,198,197,188,198,197,10,9,10,9,FALSE,FALSE
545,2,248,249,244,248,249,244,248,249,244,1,-4,1,4,FALSE,FALSE
545,3,312,334,319,312,334,319,312,334,319,22,7,22,7,FALSE,FALSE
545,4,416,431,428,416,431,428,416,431,428,15,12,15,12,FALSE,FALSE
545,5,588,545,575,588,545,575,588,545,575,-43,-13,43,13,FALSE,FALSE
545,6,739,702,723,739,702,723,739,702,723,-37,-16,37,16,FALSE,FALSE
545,7,941,841,905,941,841,905,941,841,905,-100,-36,100,36,FALSE,FALSE
545,8,1162,1045,1100,1162,1045,1100,1162,1045,1100,-117,-62,117,62,FALSE,FALSE
545,9,1428,1220,1357,1428,1220,1357,1428,1220,1357,-208,-71,208,71,FALSE,FALSE
545,10,1699,1385,1605,1699,1385,1605,1699,1385,1605,-314,-94,314,94,FALSE,FALSE
545,11,1887,1628,1880,1887,1628,1880,1887,1628,1880,-259,-7,259,7,FALSE,FALSE
545,12,2076,1892,2161,2076,1892,2161,2076,1892,2161,-184,85,184,85,FALSE,FALSE
545,13,2321,2120,2410,2321,2120,2410,2321,2120,2410,-201,89,201,89,FALSE,FALSE
545,14,2496,2346,2644,2496,2346,2644,2496,2346,2644,-150,148,150,148,FALSE,FALSE
545,15,2671,2504,2803,2671,2504,2803,2671,2504,2803,-167,132,167,132,FALSE,FALSE
545,16,2861,2635,2923,2861,2635,2923,2861,2635,2923,-226,62,226,62,FALSE,FALSE
545,17,2907,2683,2958,2907,2683,2958,2907,2683,2958,-224,51,224,51,FALSE,FALSE
545,18,2877,2707,2924,2877,2707,2924,2877,2707,2924,-170,47,170,47,FALSE,FALSE
545,19,2846,2688,2819,2846,2688,2819,2846,2688,2819,-158,-27,158,27,FALSE,FALSE
545,20,2731,2583,2775,2731,2583,2775,2731,2583,2775,-148,44,148,44,FALSE,FALSE
545,21,2618,2521,2636,2618,2521,2636,2618,2521,2636,-97,18,97,18,FALSE,FALSE
545,22,2423,2404,2480,2423,2404,2480,2423,2404,2480,-19,57,19,57,FALSE,FALSE
545,23,2229,2204,2308,2229,2204,2308,2229,2204,2308,-25,79,25,79,FALSE,FALSE
545,24,2051,2033,2126,2051,2033,2126,2051,2033,2126,-18,75,18,75,FALSE,FALSE
545,25,1853,1886,1967,1853,1886,1967,1853,1886,1967,33,114,33,114,FALSE,FALSE
545,26,1670,1758,1783,1670,1758,1783,1670,1758,1783,88,113,88,113,FALSE,FALSE
545,27,1509,1598,1569,1509,1598,1569,1509,1598,1569,89,60,89,60,FALSE,FALSE
545,28,1352,1445,1390,1352,1445,1390,1352,1445,1390,93,38,93,38,FALSE,FALSE
545,29,1227,1300,1226,1227,1300,1226,1227,1300,1226,73,-1,73,1,FALSE,FALSE
545,30,1128,1137,1086,1128,1137,1086,1128,1137,1086,9,-42,9,42,FALSE,FALSE
545,31,1008,1019,971,1008,1019,971,1008,1019,971,11,-37,11,37,FALSE,FALSE
545,32,908,902,852,908,902,852,908,902,852,-6,-56,6,56,FALSE,FALSE
545,33,809,804,744,809,804,744,809,804,744,-5,-65,5,65,FALSE,FALSE
545,34,715,705,661,715,705,661,715,705,661,-10,-54,10,54,FALSE,FALSE
545,35,632,611,603,632,611,603,632,611,603,-21,-29,21,29,FALSE,FALSE
545,36,551,554,513,551,554,513,551,554,513,3,-38,3,38,FALSE,FALSE
545,37,486,483,451,486,483,451,486,483,451,-3,-35,3,35,FALSE,FALSE
545,38,439,442,377,439,442,377,439,442,377,3,-62,3,62,FALSE,FALSE
545,39,387,391,326,387,391,326,387,391,326,4,-61,4,61,FALSE,FALSE
545,40,338,350,289,338,350,289,338,350,289,12,-49,12,49,FALSE,FALSE
545,41,288,292,265,288,292,265,288,292,265,4,-23,4,23,FALSE,FALSE
545,42,255,257,233,255,257,233,255,257,233,2,-22,2,22,FALSE,FALSE
545,43,236,222,198,236,222,198,236,222,198,-14,-38,14,38,FALSE,FALSE
545,44,200,196,167,200,196,167,200,196,167,-4,-33,4,33,FALSE,FALSE
545,45,169,177,143,169,177,143,169,177,143,8,-26,8,26,FALSE,FALSE
545,46,154,171,129,154,171,129,154,171,129,17,-25,17,25,FALSE,FALSE
545,47,137,147,110,137,147,110,137,147,110,10,-27,10,27,FALSE,FALSE
545,48,120,134,91,120,134,91,120,134,91,14,-29,14,29,FALSE,FALSE
545,49,100,115,85,100,115,85,100,115,85,15,-15,15,15,FALSE,FALSE
545,50,88,102,73,88,102,73,88,102,73,14,-15,14,15,FALSE,FALSE
545,51,80,90,62,80,90,62,80,90,62,10,-18,10,18,FALSE,FALSE
545,52,70,78,55,70,78,55,70,78,55,8,-15,8,15,FALSE,FALSE
545,53,65,73,45,65,73,45,65,73,45,8,-20,8,20,FALSE,FALSE
545,54,56,63,41,56,63,41,56,63,41,7,-15,7,15,FALSE,FALSE
545,55,52,60,35,52,60,35,52,60,35,8,-17,8,17,FALSE,FALSE
545,56,48,53,30,48,53,30,48,53,30,5,-18,5,18,FALSE,FALSE
545,57,43,51,26,43,51,26,43,51,26,8,-17,8,17,FALSE,FALSE
545,58,40,39,21,40,39,21,40,39,21,-1,-19,1,19,FALSE,FALSE
545,59,35,39,19,35,39,19,35,39,19,4,-16,4,16,FALSE,FALSE
545,60,30,37,16,30,37,16,30,37,16,7,-14,7,14,FALSE,FALSE
546,0,96,96,96,96,96,96,96,96,96,0,0,0,0,TRUE,TRUE
546,1,102,117,98,102,117,98,102,117,98,15,-4,15,4,FALSE,FALSE
546,2,114,124,102,114,124,102,114,124,102,10,-12,10,12,FALSE,FALSE
546,3,133,141,108,133,141,108,133,141,108,8,-25,8,25,FALSE,FALSE
546,4,147,138,107,147,138,107,147,138,107,-9,-40,9,40,FALSE,FALSE
546,5,167,145,121,167,145,121,167,145,121,-22,-46,22,46,FALSE,FALSE
546,6,164,141,149,164,141,149,164,141,149,-23,-15,23,15,FALSE,FALSE
546,7,164,149,159,164,149,159,164,149,159,-15,-5,15,5,FALSE,FALSE
546,8,186,156,172,186,156,172,186,156,172,-30,-14,30,14,FALSE,FALSE
546,9,202,167,176,202,167,176,202,167,176,-35,-26,35,26,FALSE,FALSE
546,10,210,180,190,210,180,190,210,180,190,-30,-20,30,20,FALSE,FALSE
546,11,211,220,202,211,220,202,211,220,202,9,-9,9,9,FALSE,FALSE
546,12,229,241,196,229,241,196,229,241,196,12,-33,12,33,FALSE,FALSE
546,13,223,271,208,223,271,208,223,271,208,48,-15,48,15,FALSE,FALSE
546,14,229,280,207,229,280,207,229,280,207,51,-22,51,22,FALSE,FALSE
546,15,234,302,219,234,302,219,234,302,219,68,-15,68,15,FALSE,FALSE
546,16,248,313,235,248,313,235,248,313,235,65,-13,65,13,FALSE,FALSE
546,17,256,318,235,256,318,235,256,318,235,62,-21,62,21,FALSE,FALSE
546,18,280,322,248,280,322,248,280,322,248,42,-32,42,32,FALSE,FALSE
546,19,286,332,253,286,332,253,286,332,253,46,-33,46,33,FALSE,FALSE
546,20,280,328,272,280,328,272,280,328,272,48,-8,48,8,FALSE,FALSE
546,21,272,358,284,272,358,284,272,358,284,86,12,86,12,FALSE,FALSE
546,22,266,361,279,266,361,279,266,361,279,95,13,95,13,FALSE,FALSE
546,23,265,380,294,265,380,294,265,380,294,115,29,115,29,FALSE,FALSE
546,24,281,381,321,281,381,321,281,381,321,100,40,100,40,FALSE,FALSE
546,25,307,373,335,307,373,335,307,373,335,66,28,66,28,FALSE,FALSE
546,26,315,368,329,315,368,329,315,368,329,53,14,53,14,FALSE,FALSE
546,27,313,367,331,313,367,331,313,367,331,54,18,54,18,FALSE,FALSE
546,28,324,363,335,324,363,335,324,363,335,39,11,39,11,FALSE,FALSE
546,29,312,348,339,312,348,339,312,348,339,36,27,36,27,FALSE,FALSE
546,30,320,346,337,320,346,337,320,346,337,26,17,26,17,FALSE,FALSE
546,31,317,330,332,317,330,332,317,330,332,13,15,13,15,FALSE,FALSE
546,32,311,334,340,311,334,340,311,334,340,23,29,23,29,FALSE,FALSE
546,33,316,329,351,316,329,351,316,329,351,13,35,13,35,FALSE,FALSE
546,34,315,325,339,315,325,339,315,325,339,10,24,10,24,FALSE,FALSE
546,35,305,303,323,305,303,323,305,303,323,-2,18,2,18,FALSE,FALSE
546,36,303,301,302,303,301,302,303,301,302,-2,-1,2,1,FALSE,FALSE
546,37,298,303,298,298,303,298,298,303,298,5,0,5,0,FALSE,TRUE
546,38,295,292,299,295,292,299,295,292,299,-3,4,3,4,FALSE,FALSE
546,39,284,294,292,284,294,292,284,294,292,10,8,10,8,FALSE,FALSE
546,40,264,292,296,264,292,296,264,292,296,28,32,28,32,FALSE,FALSE
546,41,255,274,281,255,274,281,255,274,281,19,26,19,26,FALSE,FALSE
546,42,235,254,275,235,254,275,235,254,275,19,40,19,40,FALSE,FALSE
546,43,225,245,273,225,245,273,225,245,273,20,48,20,48,FALSE,FALSE
546,44,221,254,251,221,254,251,221,254,251,33,30,33,30,FALSE,FALSE
546,45,207,259,237,207,259,237,207,259,237,52,30,52,30,FALSE,FALSE
546,46,194,258,207,194,258,207,194,258,207,64,13,64,13,FALSE,FALSE
546,47,187,228,193,187,228,193,187,228,193,41,6,41,6,FALSE,FALSE
546,48,184,216,177,184,216,177,184,216,177,32,-7,32,7,FALSE,FALSE
546,49,186,204,175,186,204,175,186,204,175,18,-11,18,11,FALSE,FALSE
546,50,186,204,168,186,204,168,186,204,168,18,-18,18,18,FALSE,FALSE
546,51,179,205,153,179,205,153,179,205,153,26,-26,26,26,FALSE,FALSE
546,52,167,195,139,167,195,139,167,195,139,28,-28,28,28,FALSE,FALSE
546,53,168,180,133,168,180,133,168,180,133,12,-35,12,35,FALSE,FALSE
546,54,174,176,137,174,176,137,174,176,137,2,-37,2,37,FALSE,FALSE
546,55,161,160,136,161,160,136,161,160,136,-1,-25,1,25,FALSE,FALSE
546,56,153,150,120,153,150,120,153,150,120,-3,-33,3,33,FALSE,FALSE
546,57,136,154,111,136,154,111,136,154,111,18,-25,18,25,FALSE,FALSE
546,58,134,150,99,134,150,99,134,150,99,16,-35,16,35,FALSE,FALSE
546,59,124,142,99,124,142,99,124,142,99,18,-25,18,25,FALSE,FALSE
546,60,117,139,95,117,139,95,117,139,95,22,-22,22,22,FALSE,FALSE
547,0,132,132,132,132,132,132,132,132,132,0,0,0,0,TRUE,TRUE
547,1,159,152,146,159,152,146,159,152,146,-7,-13,7,13,FALSE,FALSE
547,2,185,169,167,185,169,167,185,169,167,-16,-18,16,18,FALSE,FALSE
547,3,207,189,190,207,189,190,207,189,190,-18,-17,18,17,FALSE,FALSE
547,4,242,207,231,242,207,231,242,207,231,-35,-11,35,11,FALSE,FALSE
547,5,263,233,258,263,233,258,263,233,258,-30,-5,30,5,FALSE,FALSE
547,6,286,270,291,286,270,291,286,270,291,-16,5,16,5,FALSE,FALSE
547,7,318,304,318,318,304,318,318,304,318,-14,0,14,0,FALSE,TRUE
547,8,342,355,348,342,355,348,342,355,348,13,6,13,6,FALSE,FALSE
547,9,405,387,399,405,387,399,405,387,399,-18,-6,18,6,FALSE,FALSE
547,10,443,411,446,443,411,446,443,411,446,-32,3,32,3,FALSE,FALSE
547,11,490,454,491,490,454,491,490,454,491,-36,1,36,1,FALSE,FALSE
547,12,564,530,550,564,530,550,564,530,550,-34,-14,34,14,FALSE,FALSE
547,13,642,606,605,642,606,605,642,606,605,-36,-37,36,37,FALSE,FALSE
547,14,688,677,645,688,677,645,688,677,645,-11,-43,11,43,FALSE,FALSE
547,15,766,738,717,766,738,717,766,738,717,-28,-49,28,49,FALSE,FALSE
547,16,818,830,754,818,830,754,818,830,754,12,-64,12,64,FALSE,FALSE
547,17,891,896,805,891,896,805,891,896,805,5,-86,5,86,FALSE,FALSE
547,18,927,999,873,927,999,873,927,999,873,72,-54,72,54,FALSE,FALSE
547,19,998,1049,933,998,1049,933,998,1049,933,51,-65,51,65,FALSE,FALSE
547,20,1047,1122,1019,1047,1122,1019,1047,1122,1019,75,-28,75,28,FALSE,FALSE
547,21,1139,1204,1076,1139,1204,1076,1139,1204,1076,65,-63,65,63,FALSE,FALSE
547,22,1196,1293,1110,1196,1293,1110,1196,1293,1110,97,-86,97,86,FALSE,FALSE
547,23,1261,1366,1170,1261,1366,1170,1261,1366,1170,105,-91,105,91,FALSE,FALSE
547,24,1329,1383,1213,1329,1383,1213,1329,1383,1213,54,-116,54,116,FALSE,FALSE
547,25,1362,1439,1232,1362,1439,1232,1362,1439,1232,77,-130,77,130,FALSE,FALSE
547,26,1424,1484,1267,1424,1484,1267,1424,1484,1267,60,-157,60,157,FALSE,FALSE
547,27,1482,1511,1286,1482,1511,1286,1482,1511,1286,29,-196,29,196,FALSE,FALSE
547,28,1512,1496,1318,1512,1496,1318,1512,1496,1318,-16,-194,16,194,FALSE,FALSE
547,29,1540,1488,1321,1540,1488,1321,1540,1488,1321,-52,-219,52,219,FALSE,FALSE
547,30,1539,1491,1319,1539,1491,1319,1539,1491,1319,-48,-220,48,220,FALSE,FALSE
547,31,1537,1479,1306,1537,1479,1306,1537,1479,1306,-58,-231,58,231,FALSE,FALSE
547,32,1476,1448,1262,1476,1448,1262,1476,1448,1262,-28,-214,28,214,FALSE,FALSE
547,33,1440,1408,1234,1440,1408,1234,1440,1408,1234,-32,-206,32,206,FALSE,FALSE
547,34,1428,1347,1226,1428,1347,1226,1428,1347,1226,-81,-202,81,202,FALSE,FALSE
547,35,1366,1348,1195,1366,1348,1195,1366,1348,1195,-18,-171,18,171,FALSE,FALSE
547,36,1305,1271,1177,1305,1271,1177,1305,1271,1177,-34,-128,34,128,FALSE,FALSE
547,37,1242,1197,1137,1242,1197,1137,1242,1197,1137,-45,-105,45,105,FALSE,FALSE
547,38,1194,1138,1102,1194,1138,1102,1194,1138,1102,-56,-92,56,92,FALSE,FALSE
547,39,1117,1086,1058,1117,1086,1058,1117,1086,1058,-31,-59,31,59,FALSE,FALSE
547,40,1058,1017,1012,1058,1017,1012,1058,1017,1012,-41,-46,41,46,FALSE,FALSE
547,41,1023,963,966,1023,963,966,1023,963,966,-60,-57,60,57,FALSE,FALSE
547,42,952,890,923,952,890,923,952,890,923,-62,-29,62,29,FALSE,FALSE
547,43,891,827,864,891,827,864,891,827,864,-64,-27,64,27,FALSE,FALSE
547,44,821,770,814,821,770,814,821,770,814,-51,-7,51,7,FALSE,FALSE
547,45,754,726,746,754,726,746,754,726,746,-28,-8,28,8,FALSE,FALSE
547,46,698,698,704,698,698,704,698,698,704,0,6,0,6,TRUE,FALSE
547,47,644,631,676,644,631,676,644,631,676,-13,32,13,32,FALSE,FALSE
547,48,585,593,631,585,593,631,585,593,631,8,46,8,46,FALSE,FALSE
547,49,549,552,587,549,552,587,549,552,587,3,38,3,38,FALSE,FALSE
547,50,520,524,559,520,524,559,520,524,559,4,39,4,39,FALSE,FALSE
547,51,493,487,518,493,487,518,493,487,518,-6,25,6,25,FALSE,FALSE
547,52,452,452,469,452,452,469,452,452,469,0,17,0,17,TRUE,FALSE
547,53,417,409,447,417,409,447,417,409,447,-8,30,8,30,FALSE,FALSE
547,54,388,387,424,388,387,424,388,387,424,-1,36,1,36,FALSE,FALSE
547,55,355,357,398,355,357,398,355,357,398,2,43,2,43,FALSE,FALSE
547,56,346,323,379,346,323,379,346,323,379,-23,33,23,33,FALSE,FALSE
547,57,308,302,358,308,302,358,308,302,358,-6,50,6,50,FALSE,FALSE
547,58,289,260,347,289,260,347,289,260,347,-29,58,29,58,FALSE,FALSE
547,59,255,238,328,255,238,328,255,238,328,-17,73,17,73,FALSE,FALSE
547,60,239,210,309,239,210,309,239,210,309,-29,70,29,70,FALSE,FALSE
548,0,47,47,47,47,47,47,47,47,47,0,0,0,0,TRUE,TRUE
548,1,49,57,60,49,57,60,49,57,60,8,11,8,11,FALSE,FALSE
548,2,57,68,66,57,68,66,57,68,66,11,9,11,9,FALSE,FALSE
548,3,61,86,75,61,86,75,61,86,75,25,14,25,14,FALSE,FALSE
548,4,69,107,96,69,107,96,69,107,96,38,27,38,27,FALSE,FALSE
548,5,83,137,109,83,137,109,83,137,109,54,26,54,26,FALSE,FALSE
548,6,105,174,124,105,174,124,105,174,124,69,19,69,19,FALSE,FALSE
548,7,128,201,142,128,201,142,128,201,142,73,14,73,14,FALSE,FALSE
548,8,163,234,171,163,234,171,163,234,171,71,8,71,8,FALSE,FALSE
548,9,188,291,202,188,291,202,188,291,202,103,14,103,14,FALSE,FALSE
548,10,233,348,244,233,348,244,233,348,244,115,11,115,11,FALSE,FALSE
548,11,263,420,293,263,420,293,263,420,293,157,30,157,30,FALSE,FALSE
548,12,317,501,361,317,501,361,317,501,361,184,44,184,44,FALSE,FALSE
548,13,372,595,431,372,595,431,372,595,431,223,59,223,59,FALSE,FALSE
548,14,445,666,504,445,666,504,445,666,504,221,59,221,59,FALSE,FALSE
548,15,542,794,588,542,794,588,542,794,588,252,46,252,46,FALSE,FALSE
548,16,627,919,645,627,919,645,627,919,645,292,18,292,18,FALSE,FALSE
548,17,728,1040,745,728,1040,745,728,1040,745,312,17,312,17,FALSE,FALSE
548,18,851,1180,885,851,1180,885,851,1180,885,329,34,329,34,FALSE,FALSE
548,19,990,1272,1000,990,1272,1000,990,1272,1000,282,10,282,10,FALSE,FALSE
548,20,1111,1361,1095,1111,1361,1095,1111,1361,1095,250,-16,250,16,FALSE,FALSE
548,21,1238,1446,1180,1238,1446,1180,1238,1446,1180,208,-58,208,58,FALSE,FALSE
548,22,1367,1530,1299,1367,1530,1299,1367,1530,1299,163,-68,163,68,FALSE,FALSE
548,23,1521,1572,1378,1521,1572,1378,1521,1572,1378,51,-143,51,143,FALSE,FALSE
548,24,1616,1585,1420,1616,1585,1420,1616,1585,1420,-31,-196,31,196,FALSE,FALSE
548,25,1656,1616,1461,1656,1616,1461,1656,1616,1461,-40,-195,40,195,FALSE,FALSE
548,26,1669,1587,1497,1669,1587,1497,1669,1587,1497,-82,-172,82,172,FALSE,FALSE
548,27,1674,1563,1546,1674,1563,1546,1674,1563,1546,-111,-128,111,128,FALSE,FALSE
548,28,1689,1538,1549,1689,1538,1549,1689,1538,1549,-151,-140,151,140,FALSE,FALSE
548,29,1624,1517,1564,1624,1517,1564,1624,1517,1564,-107,-60,107,60,FALSE,FALSE
548,30,1597,1483,1558,1597,1483,1558,1597,1483,1558,-114,-39,114,39,FALSE,FALSE
548,31,1562,1411,1537,1562,1411,1537,1562,1411,1537,-151,-25,151,25,FALSE,FALSE
548,32,1497,1337,1507,1497,1337,1507,1497,1337,1507,-160,10,160,10,FALSE,FALSE
548,33,1431,1267,1430,1431,1267,1430,1431,1267,1430,-164,-1,164,1,FALSE,FALSE
548,34,1363,1180,1376,1363,1180,1376,1363,1180,1376,-183,13,183,13,FALSE,FALSE
548,35,1305,1091,1310,1305,1091,1310,1305,1091,1310,-214,5,214,5,FALSE,FALSE
548,36,1221,1017,1226,1221,1017,1226,1221,1017,1226,-204,5,204,5,FALSE,FALSE
548,37,1147,945,1162,1147,945,1162,1147,945,1162,-202,15,202,15,FALSE,FALSE
548,38,1090,860,1093,1090,860,1093,1090,860,1093,-230,3,230,3,FALSE,FALSE
548,39,1000,799,1016,1000,799,1016,1000,799,1016,-201,16,201,16,FALSE,FALSE
548,40,922,754,950,922,754,950,922,754,950,-168,28,168,28,FALSE,FALSE
548,41,866,693,875,866,693,875,866,693,875,-173,9,173,9,FALSE,FALSE
548,42,806,647,800,806,647,800,806,647,800,-159,-6,159,6,FALSE,FALSE
548,43,748,596,754,748,596,754,748,596,754,-152,6,152,6,FALSE,FALSE
548,44,679,554,683,679,554,683,679,554,683,-125,4,125,4,FALSE,FALSE
548,45,626,508,621,626,508,621,626,508,621,-118,-5,118,5,FALSE,FALSE
548,46,556,469,583,556,469,583,556,469,583,-87,27,87,27,FALSE,FALSE
548,47,502,428,538,502,428,538,502,428,538,-74,36,74,36,FALSE,FALSE
548,48,466,376,483,466,376,483,466,376,483,-90,17,90,17,FALSE,FALSE
548,49,427,342,451,427,342,451,427,342,451,-85,24,85,24,FALSE,FALSE
548,50,388,318,413,388,318,413,388,318,413,-70,25,70,25,FALSE,FALSE
548,51,360,289,385,360,289,385,360,289,385,-71,25,71,25,FALSE,FALSE
548,52,334,268,360,334,268,360,334,268,360,-66,26,66,26,FALSE,FALSE
548,53,307,238,332,307,238,332,307,238,332,-69,25,69,25,FALSE,FALSE
548,54,290,215,294,290,215,294,290,215,294,-75,4,75,4,FALSE,FALSE
548,55,264,192,262,264,192,262,264,192,262,-72,-2,72,2,FALSE,FALSE
548,56,248,168,253,248,168,253,248,168,253,-80,5,80,5,FALSE,FALSE
548,57,222,150,227,222,150,227,222,150,227,-72,5,72,5,FALSE,FALSE
548,58,195,141,203,195,141,203,195,141,203,-54,8,54,8,FALSE,FALSE
548,59,173,132,181,173,132,181,173,132,181,-41,8,41,8,FALSE,FALSE
548,60,167,121,171,167,121,171,167,121,171,-46,4,46,4,FALSE,FALSE
549,0,150,150,150,150,150,150,150,150,150,0,0,0,0,TRUE,TRUE
549,1,190,165,175,190,165,175,190,165,175,-25,-15,25,15,FALSE,FALSE
549,2,212,207,225,212,207,225,212,207,225,-5,13,5,13,FALSE,FALSE
549,3,271,232,259,271,232,259,271,232,259,-39,-12,39,12,FALSE,FALSE
549,4,309,272,309,309,272,309,309,272,309,-37,0,37,0,FALSE,TRUE
549,5,369,323,373,369,323,373,369,323,373,-46,4,46,4,FALSE,FALSE
549,6,438,391,414,438,391,414,438,391,414,-47,-24,47,24,FALSE,FALSE
549,7,521,456,517,521,456,517,521,456,517,-65,-4,65,4,FALSE,FALSE
549,8,609,517,596,609,517,596,609,517,596,-92,-13,92,13,FALSE,FALSE
549,9,720,579,689,720,579,689,720,579,689,-141,-31,141,31,FALSE,FALSE
549,10,822,641,817,822,641,817,822,641,817,-181,-5,181,5,FALSE,FALSE
549,11,923,746,963,923,746,963,923,746,963,-177,40,177,40,FALSE,FALSE
549,12,1045,842,1078,1045,842,1078,1045,842,1078,-203,33,203,33,FALSE,FALSE
549,13,1128,941,1219,1128,941,1219,1128,941,1219,-187,91,187,91,FALSE,FALSE
549,14,1227,1010,1338,1227,1010,1338,1227,1010,1338,-217,111,217,111,FALSE,FALSE
549,15,1321,1097,1497,1321,1097,1497,1321,1097,1497,-224,176,224,176,FALSE,FALSE
549,16,1416,1190,1595,1416,1190,1595,1416,1190,1595,-226,179,226,179,FALSE,FALSE
549,17,1483,1276,1662,1483,1276,1662,1483,1276,1662,-207,179,207,179,FALSE,FALSE
549,18,1556,1352,1725,1556,1352,1725,1556,1352,1725,-204,169,204,169,FALSE,FALSE
549,19,1613,1417,1825,1613,1417,1825,1613,1417,1825,-196,212,196,212,FALSE,FALSE
549,20,1636,1409,1836,1636,1409,1836,1636,1409,1836,-227,200,227,200,FALSE,FALSE
549,21,1635,1392,1799,1635,1392,1799,1635,1392,1799,-243,164,243,164,FALSE,FALSE
549,22,1618,1402,1781,1618,1402,1781,1618,1402,1781,-216,163,216,163,FALSE,FALSE
549,23,1571,1421,1752,1571,1421,1752,1571,1421,1752,-150,181,150,181,FALSE,FALSE
549,24,1536,1384,1726,1536,1384,1726,1536,1384,1726,-152,190,152,190,FALSE,FALSE
549,25,1483,1350,1645,1483,1350,1645,1483,1350,1645,-133,162,133,162,FALSE,FALSE
549,26,1446,1344,1521,1446,1344,1521,1446,1344,1521,-102,75,102,75,FALSE,FALSE
549,27,1367,1297,1396,1367,1297,1396,1367,1297,1396,-70,29,70,29,FALSE,FALSE
549,28,1317,1263,1282,1317,1263,1282,1317,1263,1282,-54,-35,54,35,FALSE,FALSE
549,29,1261,1193,1209,1261,1193,1209,1261,1193,1209,-68,-52,68,52,FALSE,FALSE
549,30,1226,1176,1150,1226,1176,1150,1226,1176,1150,-50,-76,50,76,FALSE,FALSE
549,31,1137,1128,1084,1137,1128,1084,1137,1128,1084,-9,-53,9,53,FALSE,FALSE
549,32,1047,1043,989,1047,1043,989,1047,1043,989,-4,-58,4,58,FALSE,FALSE
549,33,940,993,905,940,993,905,940,993,905,53,-35,53,35,FALSE,FALSE
549,34,883,915,821,883,915,821,883,915,821,32,-62,32,62,FALSE,FALSE
549,35,814,865,765,814,865,765,814,865,765,51,-49,51,49,FALSE,FALSE
549,36,737,785,685,737,785,685,737,785,685,48,-52,48,52,FALSE,FALSE
549,37,692,727,648,692,727,648,692,727,648,35,-44,35,44,FALSE,FALSE
549,38,605,649,570,605,649,570,605,649,570,44,-35,44,35,FALSE,FALSE
549,39,575,611,508,575,611,508,575,611,508,36,-67,36,67,FALSE,FALSE
549,40,513,553,452,513,553,452,513,553,452,40,-61,40,61,FALSE,FALSE
549,41,451,513,405,451,513,405,451,513,405,62,-46,62,46,FALSE,FALSE
549,42,399,468,372,399,468,372,399,468,372,69,-27,69,27,FALSE,FALSE
549,43,358,426,339,358,426,339,358,426,339,68,-19,68,19,FALSE,FALSE
549,44,327,375,294,327,375,294,327,375,294,48,-33,48,33,FALSE,FALSE
549,45,277,329,266,277,329,266,277,329,266,52,-11,52,11,FALSE,FALSE
549,46,254,299,236,254,299,236,254,299,236,45,-18,45,18,FALSE,FALSE
549,47,229,266,215,229,266,215,229,266,215,37,-14,37,14,FALSE,FALSE
549,48,208,231,185,208,231,185,208,231,185,23,-23,23,23,FALSE,FALSE
549,49,191,217,169,191,217,169,191,217,169,26,-22,26,22,FALSE,FALSE
549,50,179,195,149,179,195,149,179,195,149,16,-30,16,30,FALSE,FALSE
549,51,164,180,132,164,180,132,164,180,132,16,-32,16,32,FALSE,FALSE
549,52,145,166,117,145,166,117,145,166,117,21,-28,21,28,FALSE,FALSE
549,53,125,154,95,125,154,95,125,154,95,29,-30,29,30,FALSE,FALSE
549,54,115,136,91,115,136,91,115,136,91,21,-24,21,24,FALSE,FALSE
549,55,102,127,80,102,127,80,102,127,80,25,-22,25,22,FALSE,FALSE
549,56,91,121,72,91,121,72,91,121,72,30,-19,30,19,FALSE,FALSE
549,57,75,111,61,75,111,61,75,111,61,36,-14,36,14,FALSE,FALSE
549,58,66,107,44,66,107,44,66,107,44,41,-22,41,22,FALSE,FALSE
549,59,54,94,44,54,94,44,54,94,44,40,-10,40,10,FALSE,FALSE
549,60,50,85,36,50,85,36,50,85,36,35,-14,35,14,FALSE,FALSE
550,0,70,70,70,70,70,70,70,70,70,0,0,0,0,TRUE,TRUE
550,1,85,82,87,85,82,87,85,82,87,-3,2,3,2,FALSE,FALSE
550,2,110,100,106,110,100,106,110,100,106,-10,-4,10,4,FALSE,FALSE
550,3,131,125,129,131,125,129,131,125,129,-6,-2,6,2,FALSE,FALSE
550,4,149,144,164,149,144,164,149,144,164,-5,15,5,15,FALSE,FALSE
550,5,185,173,197,185,173,197,185,173,197,-12,12,12,12,FALSE,FALSE
550,6,241,211,236,241,211,236,241,211,236,-30,-5,30,5,FALSE,FALSE
550,7,298,254,292,298,254,292,298,254,292,-44,-6,44,6,FALSE,FALSE
550,8,354,303,353,354,303,353,354,303,353,-51,-1,51,1,FALSE,FALSE
550,9,416,358,435,416,358,435,416,358,435,-58,19,58,19,FALSE,FALSE
550,10,505,445,508,505,445,508,505,445,508,-60,3,60,3,FALSE,FALSE
550,11,590,528,593,590,528,593,590,528,593,-62,3,62,3,FALSE,FALSE
550,12,709,615,695,709,615,695,709,615,695,-94,-14,94,14,FALSE,FALSE
550,13,815,725,823,815,725,823,815,725,823,-90,8,90,8,FALSE,FALSE
550,14,977,860,973,977,860,973,977,860,973,-117,-4,117,4,FALSE,FALSE
550,15,1144,1003,1138,1144,1003,1138,1144,1003,1138,-141,-6,141,6,FALSE,FALSE
550,16,1338,1154,1288,1338,1154,1288,1338,1154,1288,-184,-50,184,50,FALSE,FALSE
550,17,1545,1321,1440,1545,1321,1440,1545,1321,1440,-224,-105,224,105,FALSE,FALSE
550,18,1761,1505,1595,1761,1505,1595,1761,1505,1595,-256,-166,256,166,FALSE,FALSE
550,19,1988,1689,1798,1988,1689,1798,1988,1689,1798,-299,-190,299,190,FALSE,FALSE
550,20,2170,1881,1998,2170,1881,1998,2170,1881,1998,-289,-172,289,172,FALSE,FALSE
550,21,2341,2078,2187,2341,2078,2187,2341,2078,2187,-263,-154,263,154,FALSE,FALSE
550,22,2481,2255,2313,2481,2255,2313,2481,2255,2313,-226,-168,226,168,FALSE,FALSE
550,23,2591,2383,2470,2591,2383,2470,2591,2383,2470,-208,-121,208,121,FALSE,FALSE
550,24,2680,2562,2624,2680,2562,2624,2680,2562,2624,-118,-56,118,56,FALSE,FALSE
550,25,2775,2669,2742,2775,2669,2742,2775,2669,2742,-106,-33,106,33,FALSE,FALSE
550,26,2797,2754,2772,2797,2754,2772,2797,2754,2772,-43,-25,43,25,FALSE,FALSE
550,27,2818,2791,2784,2818,2791,2784,2818,2791,2784,-27,-34,27,34,FALSE,FALSE
550,28,2800,2807,2800,2800,2807,2800,2800,2807,2800,7,0,7,0,FALSE,TRUE
550,29,2762,2794,2786,2762,2794,2786,2762,2794,2786,32,24,32,24,FALSE,FALSE
550,30,2744,2761,2772,2744,2761,2772,2744,2761,2772,17,28,17,28,FALSE,FALSE
550,31,2660,2733,2702,2660,2733,2702,2660,2733,2702,73,42,73,42,FALSE,FALSE
550,32,2588,2693,2653,2588,2693,2653,2588,2693,2653,105,65,105,65,FALSE,FALSE
550,33,2495,2615,2563,2495,2615,2563,2495,2615,2563,120,68,120,68,FALSE,FALSE
550,34,2409,2524,2462,2409,2524,2462,2409,2524,2462,115,53,115,53,FALSE,FALSE
550,35,2302,2447,2342,2302,2447,2342,2302,2447,2342,145,40,145,40,FALSE,FALSE
550,36,2197,2338,2256,2197,2338,2256,2197,2338,2256,141,59,141,59,FALSE,FALSE
550,37,2098,2229,2167,2098,2229,2167,2098,2229,2167,131,69,131,69,FALSE,FALSE
550,38,2011,2119,2037,2011,2119,2037,2011,2119,2037,108,26,108,26,FALSE,FALSE
550,39,1921,2011,1928,1921,2011,1928,1921,2011,1928,90,7,90,7,FALSE,FALSE
550,40,1804,1911,1816,1804,1911,1816,1804,1911,1816,107,12,107,12,FALSE,FALSE
550,41,1725,1816,1703,1725,1816,1703,1725,1816,1703,91,-22,91,22,FALSE,FALSE
550,42,1647,1716,1597,1647,1716,1597,1647,1716,1597,69,-50,69,50,FALSE,FALSE
550,43,1566,1607,1505,1566,1607,1505,1566,1607,1505,41,-61,41,61,FALSE,FALSE
550,44,1478,1512,1425,1478,1512,1425,1478,1512,1425,34,-53,34,53,FALSE,FALSE
550,45,1392,1425,1341,1392,1425,1341,1392,1425,1341,33,-51,33,51,FALSE,FALSE
550,46,1315,1338,1269,1315,1338,1269,1315,1338,1269,23,-46,23,46,FALSE,FALSE
550,47,1244,1260,1202,1244,1260,1202,1244,1260,1202,16,-42,16,42,FALSE,FALSE
550,48,1163,1187,1130,1163,1187,1130,1163,1187,1130,24,-33,24,33,FALSE,FALSE
550,49,1087,1115,1070,1087,1115,1070,1087,1115,1070,28,-17,28,17,FALSE,FALSE
550,50,1031,1040,1019,1031,1040,1019,1031,1040,1019,9,-12,9,12,FALSE,FALSE
550,51,969,977,967,969,977,967,969,977,967,8,-2,8,2,FALSE,FALSE
550,52,907,914,906,907,914,906,907,914,906,7,-1,7,1,FALSE,FALSE
550,53,854,853,844,854,853,844,854,853,844,-1,-10,1,10,FALSE,FALSE
550,54,811,794,792,811,794,792,811,794,792,-17,-19,17,19,FALSE,FALSE
550,55,742,746,739,742,746,739,742,746,739,4,-3,4,3,FALSE,FALSE
550,56,691,696,681,691,696,681,691,696,681,5,-10,5,10,FALSE,FALSE
550,57,643,651,647,643,651,647,643,651,647,8,4,8,4,FALSE,FALSE
550,58,600,595,602,600,595,602,600,595,602,-5,2,5,2,FALSE,FALSE
550,59,548,554,562,548,554,562,548,554,562,6,14,6,14,FALSE,FALSE
550,60,517,525,519,517,525,519,517,525,519,8,2,8,2,FALSE,FALSE
551,0,110,110,110,110,110,110,110,110,110,0,0,0,0,TRUE,TRUE
551,1,206,168,204,206,168,204,206,168,204,-38,-2,38,2,FALSE,FALSE
551,2,359,244,366,359,244,366,359,244,366,-115,7,115,7,FALSE,FALSE
551,3,570,349,669,570,349,669,570,349,669,-221,99,221,99,FALSE,FALSE
551,4,907,537,1146,907,537,1146,907,537,1146,-370,239,370,239,FALSE,FALSE
551,5,1409,758,1831,1409,758,1831,1409,758,1831,-651,422,651,422,FALSE,FALSE
551,6,2018,1074,2626,2018,1074,2626,2018,1074,2626,-944,608,944,608,FALSE,FALSE
551,7,2718,1415,3305,2718,1415,3305,2718,1415,3305,-1303,587,1303,587,FALSE,FALSE
551,8,3249,1762,3758,3249,1762,3758,3249,1762,3758,-1487,509,1487,509,FALSE,FALSE
551,9,3541,2110,3680,3541,2110,3680,3541,2110,3680,-1431,139,1431,139,FALSE,FALSE
551,10,3414,2406,3340,3414,2406,3340,3414,2406,3340,-1008,-74,1008,74,FALSE,FALSE
551,11,3096,2647,2953,3096,2647,2953,3096,2647,2953,-449,-143,449,143,FALSE,FALSE
551,12,2654,2735,2432,2654,2735,2432,2654,2735,2432,81,-222,81,222,FALSE,FALSE
551,13,2204,2630,1933,2204,2630,1933,2204,2630,1933,426,-271,426,271,FALSE,FALSE
551,14,1818,2451,1543,1818,2451,1543,1818,2451,1543,633,-275,633,275,FALSE,FALSE
551,15,1438,2200,1211,1438,2200,1211,1438,2200,1211,762,-227,762,227,FALSE,FALSE
551,16,1138,1967,939,1138,1967,939,1138,1967,939,829,-199,829,199,FALSE,FALSE
551,17,905,1686,723,905,1686,723,905,1686,723,781,-182,781,182,FALSE,FALSE
551,18,730,1466,553,730,1466,553,730,1466,553,736,-177,736,177,FALSE,FALSE
551,19,567,1218,431,567,1218,431,567,1218,431,651,-136,651,136,FALSE,FALSE
551,20,445,1051,331,445,1051,331,445,1051,331,606,-114,606,114,FALSE,FALSE
551,21,321,872,250,321,872,250,321,872,250,551,-71,551,71,FALSE,FALSE
551,22,237,727,191,237,727,191,237,727,191,490,-46,490,46,FALSE,FALSE
551,23,181,588,151,181,588,151,181,588,151,407,-30,407,30,FALSE,FALSE
551,24,138,481,123,138,481,123,138,481,123,343,-15,343,15,FALSE,FALSE
551,25,107,397,96,107,397,96,107,397,96,290,-11,290,11,FALSE,FALSE
551,26,80,325,72,80,325,72,80,325,72,245,-8,245,8,FALSE,FALSE
551,27,59,263,47,59,263,47,59,263,47,204,-12,204,12,FALSE,FALSE
551,28,47,219,36,47,219,36,47,219,36,172,-11,172,11,FALSE,FALSE
551,29,33,187,26,33,187,26,33,187,26,154,-7,154,7,FALSE,FALSE
551,30,25,151,24,25,151,24,25,151,24,126,-1,126,1,FALSE,FALSE
551,31,19,115,20,19,115,20,19,115,20,96,1,96,1,FALSE,FALSE
551,32,17,96,13,17,96,13,17,96,13,79,-4,79,4,FALSE,FALSE
551,33,15,75,11,15,75,11,15,75,11,60,-4,60,4,FALSE,FALSE
551,34,11,66,7,11,66,7,11,66,7,55,-4,55,4,FALSE,FALSE
551,35,8,57,5,8,57,5,8,57,5,49,-3,49,3,FALSE,FALSE
551,36,5,48,3,5,48,3,5,48,3,43,-2,43,2,FALSE,FALSE
551,37,4,49,3,4,49,3,4,49,3,45,-1,45,1,FALSE,FALSE
551,38,3,43,3,3,43,3,3,43,3,40,0,40,0,FALSE,TRUE
551,39,0,38,2,0,38,2,0,38,2,38,2,38,2,FALSE,FALSE
551,40,0,27,1,0,27,1,0,27,1,27,1,27,1,FALSE,FALSE
551,41,0,22,1,0,22,1,0,22,1,22,1,22,1,FALSE,FALSE
551,42,0,19,1,0,19,1,0,19,1,19,1,19,1,FALSE,FALSE
551,43,0,13,1,0,13,1,0,13,1,13,1,13,1,FALSE,FALSE
551,44,0,9,0,0,9,0,0,9,0,9,0,9,0,FALSE,TRUE
551,45,0,7,0,0,7,0,0,7,0,7,0,7,0,FALSE,TRUE
551,46,0,5,0,0,5,0,0,5,0,5,0,5,0,FALSE,TRUE
551,47,0,2,0,0,2,0,0,2,0,2,0,2,0,FALSE,TRUE
551,48,0,2,0,0,2,0,0,2,0,2,0,2,0,FALSE,TRUE
551,49,0,2,0,0,2,0,0,2,0,2,0,2,0,FALSE,TRUE
551,50,0,2,0,0,2,0,0,2,0,2,0,2,0,FALSE,TRUE
551,51,0,2,0,0,2,0,0,2,0,2,0,2,0,FALSE,TRUE
551,52,0,1,0,0,1,0,0,1,0,1,0,1,0,FALSE,TRUE
551,53,0,1,0,0,1,0,0,1,0,1,0,1,0,FALSE,TRUE
551,54,0,1,0,0,1,0,0,1,0,1,0,1,0,FALSE,TRUE
551,55,0,1,0,0,1,0,0,1,0,1,0,1,0,FALSE,TRUE
551,56,0,0,0,0,0,0,0,0,0,0,0,0,0,TRUE,TRUE
551,57,0,0,0,0,0,0,0,0,0,0,0,0,0,TRUE,TRUE
551,58,0,0,0,0,0,0,0,0,0,0,0,0,0,TRUE,TRUE
551,59,0,0,0,0,0,0,0,0,0,0,0,0,0,TRUE,TRUE
551,60,0,0,0,0,0,0,0,0,0,0,0,0,0,TRUE,TRUE
552,0,81,81,81,81,81,81,81,81,81,0,0,0,0,TRUE,TRUE
552,1,114,134,145,114,134,145,114,134,145,20,31,20,31,FALSE,FALSE
552,2,198,218,214,198,218,214,198,218,214,20,16,20,16,FALSE,FALSE
552,3,361,338,346,361,338,346,361,338,346,-23,-15,23,15,FALSE,FALSE
552,4,588,558,559,588,558,559,588,558,559,-30,-29,30,29,FALSE,FALSE
552,5,927,871,867,927,871,867,927,871,867,-56,-60,56,60,FALSE,FALSE
552,6,1368,1263,1269,1368,1263,1269,1368,1263,1269,-105,-99,105,99,FALSE,FALSE
552,7,1973,1815,1880,1973,1815,1880,1973,1815,1880,-158,-93,158,93,FALSE,FALSE
552,8,2656,2448,2577,2656,2448,2577,2656,2448,2577,-208,-79,208,79,FALSE,FALSE
552,9,3323,3132,3278,3323,3132,3278,3323,3132,3278,-191,-45,191,45,FALSE,FALSE
552,10,3766,3759,3816,3766,3759,3816,3766,3759,3816,-7,50,7,50,FALSE,FALSE
552,11,4044,4076,4122,4044,4076,4122,4044,4076,4122,32,78,32,78,FALSE,FALSE
552,12,3994,4119,4094,3994,4119,4094,3994,4119,4094,125,100,125,100,FALSE,FALSE
552,13,3756,3964,3794,3756,3964,3794,3756,3964,3794,208,38,208,38,FALSE,FALSE
552,14,3368,3645,3413,3368,3645,3413,3368,3645,3413,277,45,277,45,FALSE,FALSE
552,15,2973,3237,2989,2973,3237,2989,2973,3237,2989,264,16,264,16,FALSE,FALSE
552,16,2562,2777,2572,2562,2777,2572,2562,2777,2572,215,10,215,10,FALSE,FALSE
552,17,2181,2392,2197,2181,2392,2197,2181,2392,2197,211,16,211,16,FALSE,FALSE
552,18,1856,2032,1865,1856,2032,1865,1856,2032,1865,176,9,176,9,FALSE,FALSE
552,19,1552,1699,1564,1552,1699,1564,1552,1699,1564,147,12,147,12,FALSE,FALSE
552,20,1268,1425,1289,1268,1425,1289,1268,1425,1289,157,21,157,21,FALSE,FALSE
552,21,1042,1153,1056,1042,1153,1056,1042,1153,1056,111,14,111,14,FALSE,FALSE
552,22,885,938,839,885,938,839,885,938,839,53,-46,53,46,FALSE,FALSE
552,23,733,782,705,733,782,705,733,782,705,49,-28,49,28,FALSE,FALSE
552,24,594,624,584,594,624,584,594,624,584,30,-10,30,10,FALSE,FALSE
552,25,493,527,494,493,527,494,493,527,494,34,1,34,1,FALSE,FALSE
552,26,403,421,400,403,421,400,403,421,400,18,-3,18,3,FALSE,FALSE
552,27,336,341,324,336,341,324,336,341,324,5,-12,5,12,FALSE,FALSE
552,28,270,282,260,270,282,260,270,282,260,12,-10,12,10,FALSE,FALSE
552,29,221,229,215,221,229,215,221,229,215,8,-6,8,6,FALSE,FALSE
552,30,193,183,173,193,183,173,193,183,173,-10,-20,10,20,FALSE,FALSE
552,31,164,151,149,164,151,149,164,151,149,-13,-15,13,15,FALSE,FALSE
552,32,136,128,128,136,128,128,136,128,128,-8,-8,8,8,FALSE,FALSE
552,33,109,103,100,109,103,100,109,103,100,-6,-9,6,9,FALSE,FALSE
552,34,91,88,85,91,88,85,91,88,85,-3,-6,3,6,FALSE,FALSE
552,35,69,78,61,69,78,61,69,78,61,9,-8,9,8,FALSE,FALSE
552,36,54,68,54,54,68,54,54,68,54,14,0,14,0,FALSE,TRUE
552,37,44,53,46,44,53,46,44,53,46,9,2,9,2,FALSE,FALSE
552,38,40,45,43,40,45,43,40,45,43,5,3,5,3,FALSE,FALSE
552,39,36,36,33,36,36,33,36,36,33,0,-3,0,3,TRUE,FALSE
552,40,27,32,29,27,32,29,27,32,29,5,2,5,2,FALSE,FALSE
552,41,22,27,23,22,27,23,22,27,23,5,1,5,1,FALSE,FALSE
552,42,17,25,21,17,25,21,17,25,21,8,4,8,4,FALSE,FALSE
552,43,17,19,16,17,19,16,17,19,16,2,-1,2,1,FALSE,FALSE
552,44,14,17,13,14,17,13,14,17,13,3,-1,3,1,FALSE,FALSE
552,45,12,11,11,12,11,11,12,11,11,-1,-1,1,1,FALSE,FALSE
552,46,9,10,8,9,10,8,9,10,8,1,-1,1,1,FALSE,FALSE
552,47,6,7,8,6,7,8,6,7,8,1,2,1,2,FALSE,FALSE
552,48,5,5,6,5,5,6,5,5,6,0,1,0,1,TRUE,FALSE
552,49,5,2,5,5,2,5,5,2,5,-3,0,3,0,FALSE,TRUE
552,50,4,2,4,4,2,4,4,2,4,-2,0,2,0,FALSE,TRUE
552,51,3,2,3,3,2,3,3,2,3,-1,0,1,0,FALSE,TRUE
552,52,3,2,3,3,2,3,3,2,3,-1,0,1,0,FALSE,TRUE
552,53,3,1,2,3,1,2,3,1,2,-2,-1,2,1,FALSE,FALSE
552,54,3,1,2,3,1,2,3,1,2,-2,-1,2,1,FALSE,FALSE
552,55,2,0,2,2,0,2,2,0,2,-2,0,2,0,FALSE,TRUE
552,56,2,0,2,2,0,2,2,0,2,-2,0,2,0,FALSE,TRUE
552,57,2,0,2,2,0,2,2,0,2,-2,0,2,0,FALSE,TRUE
552,58,1,0,2,1,0,2,1,0,2,-1,1,1,1,FALSE,FALSE
552,59,0,0,2,0,0,2,0,0,2,0,2,0,2,TRUE,FALSE
552,60,0,0,2,0,0,2,0,0,2,0,2,0,2,TRUE,FALSE
553,0,58,58,58,58,58,58,58,58,58,0,0,0,0,TRUE,TRUE
553,1,76,67,73,76,67,73,76,67,73,-9,-3,9,3,FALSE,FALSE
553,2,75,78,85,75,78,85,75,78,85,3,10,3,10,FALSE,FALSE
553,3,86,92,96,86,92,96,86,92,96,6,10,6,10,FALSE,FALSE
553,4,110,108,123,110,108,123,110,108,123,-2,13,2,13,FALSE,FALSE
553,5,129,116,146,129,116,146,129,116,146,-13,17,13,17,FALSE,FALSE
553,6,151,128,173,151,128,173,151,128,173,-23,22,23,22,FALSE,FALSE
553,7,183,141,202,183,141,202,183,141,202,-42,19,42,19,FALSE,FALSE
553,8,201,154,253,201,154,253,201,154,253,-47,52,47,52,FALSE,FALSE
553,9,241,187,302,241,187,302,241,187,302,-54,61,54,61,FALSE,FALSE
553,10,283,226,365,283,226,365,283,226,365,-57,82,57,82,FALSE,FALSE
553,11,347,253,389,347,253,389,347,253,389,-94,42,94,42,FALSE,FALSE
553,12,395,314,444,395,314,444,395,314,444,-81,49,81,49,FALSE,FALSE
553,13,453,341,512,453,341,512,453,341,512,-112,59,112,59,FALSE,FALSE
553,14,558,402,577,558,402,577,558,402,577,-156,19,156,19,FALSE,FALSE
553,15,639,453,641,639,453,641,639,453,641,-186,2,186,2,FALSE,FALSE
553,16,729,500,715,729,500,715,729,500,715,-229,-14,229,14,FALSE,FALSE
553,17,779,542,780,779,542,780,779,542,780,-237,1,237,1,FALSE,FALSE
553,18,888,591,845,888,591,845,888,591,845,-297,-43,297,43,FALSE,FALSE
553,19,960,610,916,960,610,916,960,610,916,-350,-44,350,44,FALSE,FALSE
553,20,994,678,990,994,678,990,994,678,990,-316,-4,316,4,FALSE,FALSE
553,21,1063,760,1046,1063,760,1046,1063,760,1046,-303,-17,303,17,FALSE,FALSE
553,22,1079,802,1075,1079,802,1075,1079,802,1075,-277,-4,277,4,FALSE,FALSE
553,23,1117,828,1130,1117,828,1130,1117,828,1130,-289,13,289,13,FALSE,FALSE
553,24,1135,881,1144,1135,881,1144,1135,881,1144,-254,9,254,9,FALSE,FALSE
553,25,1155,925,1130,1155,925,1130,1155,925,1130,-230,-25,230,25,FALSE,FALSE
553,26,1124,962,1122,1124,962,1122,1124,962,1122,-162,-2,162,2,FALSE,FALSE
553,27,1112,999,1088,1112,999,1088,1112,999,1088,-113,-24,113,24,FALSE,FALSE
553,28,1100,1028,1071,1100,1028,1071,1100,1028,1071,-72,-29,72,29,FALSE,FALSE
553,29,1087,1040,1015,1087,1040,1015,1087,1040,1015,-47,-72,47,72,FALSE,FALSE
553,30,1059,1033,984,1059,1033,984,1059,1033,984,-26,-75,26,75,FALSE,FALSE
553,31,1010,979,911,1010,979,911,1010,979,911,-31,-99,31,99,FALSE,FALSE
553,32,959,950,859,959,950,859,959,950,859,-9,-100,9,100,FALSE,FALSE
553,33,917,922,809,917,922,809,917,922,809,5,-108,5,108,FALSE,FALSE
553,34,831,863,760,831,863,760,831,863,760,32,-71,32,71,FALSE,FALSE
553,35,766,841,696,766,841,696,766,841,696,75,-70,75,70,FALSE,FALSE
553,36,704,781,643,704,781,643,704,781,643,77,-61,77,61,FALSE,FALSE
553,37,642,729,588,642,729,588,642,729,588,87,-54,87,54,FALSE,FALSE
553,38,596,691,534,596,691,534,596,691,534,95,-62,95,62,FALSE,FALSE
553,39,532,638,485,532,638,485,532,638,485,106,-47,106,47,FALSE,FALSE
553,40,473,598,447,473,598,447,473,598,447,125,-26,125,26,FALSE,FALSE
553,41,415,541,404,415,541,404,415,541,404,126,-11,126,11,FALSE,FALSE
553,42,371,498,360,371,498,360,371,498,360,127,-11,127,11,FALSE,FALSE
553,43,347,454,311,347,454,311,347,454,311,107,-36,107,36,FALSE,FALSE
553,44,303,421,286,303,421,286,303,421,286,118,-17,118,17,FALSE,FALSE
553,45,266,382,266,266,382,266,266,382,266,116,0,116,0,FALSE,TRUE
553,46,232,341,229,232,341,229,232,341,229,109,-3,109,3,FALSE,FALSE
553,47,215,298,209,215,298,209,215,298,209,83,-6,83,6,FALSE,FALSE
553,48,189,259,189,189,259,189,189,259,189,70,0,70,0,FALSE,TRUE
553,49,173,222,170,173,222,170,173,222,170,49,-3,49,3,FALSE,FALSE
553,50,148,199,153,148,199,153,148,199,153,51,5,51,5,FALSE,FALSE
553,51,128,175,134,128,175,134,128,175,134,47,6,47,6,FALSE,FALSE
553,52,115,159,114,115,159,114,115,159,114,44,-1,44,1,FALSE,FALSE
553,53,101,141,107,101,141,107,101,141,107,40,6,40,6,FALSE,FALSE
553,54,84,122,107,84,122,107,84,122,107,38,23,38,23,FALSE,FALSE
553,55,68,94,98,68,94,98,68,94,98,26,30,26,30,FALSE,FALSE
553,56,64,88,87,64,88,87,64,88,87,24,23,24,23,FALSE,FALSE
553,57,53,76,75,53,76,75,53,76,75,23,22,23,22,FALSE,FALSE
553,58,42,63,64,42,63,64,42,63,64,21,22,21,22,FALSE,FALSE
553,59,32,59,56,32,59,56,32,59,56,27,24,27,24,FALSE,FALSE
553,60,32,53,52,32,53,52,32,53,52,21,20,21,20,FALSE,FALSE
554,0,146,146,146,146,146,146,146,146,146,0,0,0,0,TRUE,TRUE
554,1,199,184,188,199,184,188,199,184,188,-15,-11,15,11,FALSE,FALSE
554,2,248,230,257,248,230,257,248,230,257,-18,9,18,9,FALSE,FALSE
554,3,304,308,324,304,308,324,304,308,324,4,20,4,20,FALSE,FALSE
554,4,386,379,413,386,379,413,386,379,413,-7,27,7,27,FALSE,FALSE
554,5,492,464,518,492,464,518,492,464,518,-28,26,28,26,FALSE,FALSE
554,6,619,553,653,619,553,653,619,553,653,-66,34,66,34,FALSE,FALSE
554,7,766,710,804,766,710,804,766,710,804,-56,38,56,38,FALSE,FALSE
554,8,938,890,1005,938,890,1005,938,890,1005,-48,67,48,67,FALSE,FALSE
554,9,1138,1085,1225,1138,1085,1225,1138,1085,1225,-53,87,53,87,FALSE,FALSE
554,10,1418,1285,1458,1418,1285,1458,1418,1285,1458,-133,40,133,40,FALSE,FALSE
554,11,1664,1561,1767,1664,1561,1767,1664,1561,1767,-103,103,103,103,FALSE,FALSE
554,12,1924,1825,2029,1924,1825,2029,1924,1825,2029,-99,105,99,105,FALSE,FALSE
554,13,2169,2090,2291,2169,2090,2291,2169,2090,2291,-79,122,79,122,FALSE,FALSE
554,14,2452,2323,2586,2452,2323,2586,2452,2323,2586,-129,134,129,134,FALSE,FALSE
554,15,2716,2605,2822,2716,2605,2822,2716,2605,2822,-111,106,111,106,FALSE,FALSE
554,16,2944,2825,3013,2944,2825,3013,2944,2825,3013,-119,69,119,69,FALSE,FALSE
554,17,3090,3010,3129,3090,3010,3129,3090,3010,3129,-80,39,80,39,FALSE,FALSE
554,18,3145,3077,3206,3145,3077,3206,3145,3077,3206,-68,61,68,61,FALSE,FALSE
554,19,3216,3136,3179,3216,3136,3179,3216,3136,3179,-80,-37,80,37,FALSE,FALSE
554,20,3203,3155,3140,3203,3155,3140,3203,3155,3140,-48,-63,48,63,FALSE,FALSE
554,21,3180,3081,3011,3180,3081,3011,3180,3081,3011,-99,-169,99,169,FALSE,FALSE
554,22,3085,3006,2940,3085,3006,2940,3085,3006,2940,-79,-145,79,145,FALSE,FALSE
554,23,2932,2920,2785,2932,2920,2785,2932,2920,2785,-12,-147,12,147,FALSE,FALSE
554,24,2767,2730,2581,2767,2730,2581,2767,2730,2581,-37,-186,37,186,FALSE,FALSE
554,25,2585,2560,2387,2585,2560,2387,2585,2560,2387,-25,-198,25,198,FALSE,FALSE
554,26,2377,2377,2214,2377,2377,2214,2377,2377,2214,0,-163,0,163,TRUE,FALSE
554,27,2197,2198,2024,2197,2198,2024,2197,2198,2024,1,-173,1,173,FALSE,FALSE
554,28,2010,2037,1843,2010,2037,1843,2010,2037,1843,27,-167,27,167,FALSE,FALSE
554,29,1854,1876,1703,1854,1876,1703,1854,1876,1703,22,-151,22,151,FALSE,FALSE
554,30,1686,1700,1552,1686,1700,1552,1686,1700,1552,14,-134,14,134,FALSE,FALSE
554,31,1544,1566,1401,1544,1566,1401,1544,1566,1401,22,-143,22,143,FALSE,FALSE
554,32,1397,1412,1279,1397,1412,1279,1397,1412,1279,15,-118,15,118,FALSE,FALSE
554,33,1271,1272,1152,1271,1272,1152,1271,1272,1152,1,-119,1,119,FALSE,FALSE
554,34,1137,1164,1037,1137,1164,1037,1137,1164,1037,27,-100,27,100,FALSE,FALSE
554,35,1026,1064,944,1026,1064,944,1026,1064,944,38,-82,38,82,FALSE,FALSE
554,36,912,978,860,912,978,860,912,978,860,66,-52,66,52,FALSE,FALSE
554,37,797,871,782,797,871,782,797,871,782,74,-15,74,15,FALSE,FALSE
554,38,710,779,719,710,779,719,710,779,719,69,9,69,9,FALSE,FALSE
554,39,631,705,644,631,705,644,631,705,644,74,13,74,13,FALSE,FALSE
554,40,588,644,564,588,644,564,588,644,564,56,-24,56,24,FALSE,FALSE
554,41,521,576,504,521,576,504,521,576,504,55,-17,55,17,FALSE,FALSE
554,42,469,529,448,469,529,448,469,529,448,60,-21,60,21,FALSE,FALSE
554,43,430,459,405,430,459,405,430,459,405,29,-25,29,25,FALSE,FALSE
554,44,390,412,364,390,412,364,390,412,364,22,-26,22,26,FALSE,FALSE
554,45,356,364,329,356,364,329,356,364,329,8,-27,8,27,FALSE,FALSE
554,46,320,322,282,320,322,282,320,322,282,2,-38,2,38,FALSE,FALSE
554,47,278,283,250,278,283,250,278,283,250,5,-28,5,28,FALSE,FALSE
554,48,259,255,220,259,255,220,259,255,220,-4,-39,4,39,FALSE,FALSE
554,49,236,237,199,236,237,199,236,237,199,1,-37,1,37,FALSE,FALSE
554,50,206,208,176,206,208,176,206,208,176,2,-30,2,30,FALSE,FALSE
554,51,188,187,167,188,187,167,188,187,167,-1,-21,1,21,FALSE,FALSE
554,52,164,164,150,164,164,150,164,164,150,0,-14,0,14,TRUE,FALSE
554,53,145,159,141,145,159,141,145,159,141,14,-4,14,4,FALSE,FALSE
554,54,129,141,128,129,141,128,129,141,128,12,-1,12,1,FALSE,FALSE
554,55,113,125,121,113,125,121,113,125,121,12,8,12,8,FALSE,FALSE
554,56,95,115,112,95,115,112,95,115,112,20,17,20,17,FALSE,FALSE
554,57,87,103,100,87,103,100,87,103,100,16,13,16,13,FALSE,FALSE
554,58,80,93,92,80,93,92,80,93,92,13,12,13,12,FALSE,FALSE
554,59,72,89,87,72,89,87,72,89,87,17,15,17,15,FALSE,FALSE
554,60,65,81,77,65,81,77,65,81,77,16,12,16,12,FALSE,FALSE
555,0,154,154,154,154,154,154,154,154,154,0,0,0,0,TRUE,TRUE
555,1,273,250,273,273,250,273,273,250,273,-23,0,23,0,FALSE,TRUE
555,2,459,417,444,459,417,444,459,417,444,-42,-15,42,15,FALSE,FALSE
555,3,717,672,723,717,672,723,717,672,723,-45,6,45,6,FALSE,FALSE
555,4,1106,1021,1136,1106,1021,1136,1106,1021,1136,-85,30,85,30,FALSE,FALSE
555,5,1667,1536,1682,1667,1536,1682,1667,1536,1682,-131,15,131,15,FALSE,FALSE
555,6,2249,2128,2325,2249,2128,2325,2249,2128,2325,-121,76,121,76,FALSE,FALSE
555,7,2845,2687,2975,2845,2687,2975,2845,2687,2975,-158,130,158,130,FALSE,FALSE
555,8,3241,3164,3397,3241,3164,3397,3241,3164,3397,-77,156,77,156,FALSE,FALSE
555,9,3410,3386,3579,3410,3386,3579,3410,3386,3579,-24,169,24,169,FALSE,FALSE
555,10,3339,3325,3426,3339,3325,3426,3339,3325,3426,-14,87,14,87,FALSE,FALSE
555,11,3013,3050,3098,3013,3050,3098,3013,3050,3098,37,85,37,85,FALSE,FALSE
555,12,2667,2707,2614,2667,2707,2614,2667,2707,2614,40,-53,40,53,FALSE,FALSE
555,13,2247,2282,2174,2247,2282,2174,2247,2282,2174,35,-73,35,73,FALSE,FALSE
555,14,1884,1900,1815,1884,1900,1815,1884,1900,1815,16,-69,16,69,FALSE,FALSE
555,15,1543,1566,1503,1543,1566,1503,1543,1566,1503,23,-40,23,40,FALSE,FALSE
555,16,1279,1266,1225,1279,1266,1225,1279,1266,1225,-13,-54,13,54,FALSE,FALSE
555,17,1022,1047,971,1022,1047,971,1022,1047,971,25,-51,25,51,FALSE,FALSE
555,18,822,842,772,822,842,772,822,842,772,20,-50,20,50,FALSE,FALSE
555,19,628,675,617,628,675,617,628,675,617,47,-11,47,11,FALSE,FALSE
555,20,489,542,468,489,542,468,489,542,468,53,-21,53,21,FALSE,FALSE
555,21,397,428,378,397,428,378,397,428,378,31,-19,31,19,FALSE,FALSE
555,22,315,345,298,315,345,298,315,345,298,30,-17,30,17,FALSE,FALSE
555,23,248,278,215,248,278,215,248,278,215,30,-33,30,33,FALSE,FALSE
555,24,194,221,168,194,221,168,194,221,168,27,-26,27,26,FALSE,FALSE
555,25,150,177,132,150,177,132,150,177,132,27,-18,27,18,FALSE,FALSE
555,26,116,125,116,116,125,116,116,125,116,9,0,9,0,FALSE,TRUE
555,27,91,102,92,91,102,92,91,102,92,11,1,11,1,FALSE,FALSE
555,28,73,81,68,73,81,68,73,81,68,8,-5,8,5,FALSE,FALSE
555,29,47,65,56,47,65,56,47,65,56,18,9,18,9,FALSE,FALSE
555,30,39,51,40,39,51,40,39,51,40,12,1,12,1,FALSE,FALSE
555,31,28,41,32,28,41,32,28,41,32,13,4,13,4,FALSE,FALSE
555,32,19,28,22,19,28,22,19,28,22,9,3,9,3,FALSE,FALSE
555,33,13,23,16,13,23,16,13,23,16,10,3,10,3,FALSE,FALSE
555,34,12,18,10,12,18,10,12,18,10,6,-2,6,2,FALSE,FALSE
555,35,7,14,8,7,14,8,7,14,8,7,1,7,1,FALSE,FALSE
555,36,5,10,7,5,10,7,5,10,7,5,2,5,2,FALSE,FALSE
555,37,5,9,7,5,9,7,5,9,7,4,2,4,2,FALSE,FALSE
555,38,6,8,7,6,8,7,6,8,7,2,1,2,1,FALSE,FALSE
555,39,3,3,5,3,3,5,3,3,5,0,2,0,2,TRUE,FALSE
555,40,2,1,3,2,1,3,2,1,3,-1,1,1,1,FALSE,FALSE
555,41,1,1,2,1,1,2,1,1,2,0,1,0,1,TRUE,FALSE
555,42,1,1,2,1,1,2,1,1,2,0,1,0,1,TRUE,FALSE
555,43,2,1,1,2,1,1,2,1,1,-1,-1,1,1,FALSE,FALSE
555,44,1,0,1,1,0,1,1,0,1,-1,0,1,0,FALSE,TRUE
555,45,0,0,1,0,0,1,0,0,1,0,1,0,1,TRUE,FALSE
555,46,0,0,1,0,0,1,0,0,1,0,1,0,1,TRUE,FALSE
555,47,0,0,1,0,0,1,0,0,1,0,1,0,1,TRUE,FALSE
555,48,0,0,1,0,0,1,0,0,1,0,1,0,1,TRUE,FALSE
555,49,0,0,1,0,0,1,0,0,1,0,1,0,1,TRUE,FALSE
555,50,0,0,1,0,0,1,0,0,1,0,1,0,1,TRUE,FALSE
555,51,0,0,0,0,0,0,0,0,0,0,0,0,0,TRUE,TRUE
555,52,0,0,0,0,0,0,0,0,0,0,0,0,0,TRUE,TRUE
555,53,0,0,0,0,0,0,0,0,0,0,0,0,0,TRUE,TRUE
555,54,0,0,0,0,0,0,0,0,0,0,0,0,0,TRUE,TRUE
555,55,0,0,0,0,0,0,0,0,0,0,0,0,0,TRUE,TRUE
555,56,0,0,0,0,0,0,0,0,0,0,0,0,0,TRUE,TRUE
555,57,0,0,0,0,0,0,0,0,0,0,0,0,0,TRUE,TRUE
555,58,0,0,0,0,0,0,0,0,0,0,0,0,0,TRUE,TRUE
555,59,0,0,0,0,0,0,0,0,0,0,0,0,0,TRUE,TRUE
555,60,0,0,0,0,0,0,0,0,0,0,0,0,0,TRUE,TRUE
556,0,132,132,132,132,132,132,132,132,132,0,0,0,0,TRUE,TRUE
556,1,161,165,153,161,165,153,161,165,153,4,-8,4,8,FALSE,FALSE
556,2,195,192,193,195,192,193,195,192,193,-3,-2,3,2,FALSE,FALSE
556,3,223,228,238,223,228,238,223,228,238,5,15,5,15,FALSE,FALSE
556,4,260,260,273,260,260,273,260,260,273,0,13,0,13,TRUE,FALSE
556,5,313,312,324,313,312,324,313,312,324,-1,11,1,11,FALSE,FALSE
556,6,387,378,408,387,378,408,387,378,408,-9,21,9,21,FALSE,FALSE
556,7,453,444,471,453,444,471,453,444,471,-9,18,9,18,FALSE,FALSE
556,8,507,536,545,507,536,545,507,536,545,29,38,29,38,FALSE,FALSE
556,9,610,620,634,610,620,634,610,620,634,10,24,10,24,FALSE,FALSE
556,10,710,728,733,710,728,733,710,728,733,18,23,18,23,FALSE,FALSE
556,11,811,826,856,811,826,856,811,826,856,15,45,15,45,FALSE,FALSE
556,12,931,928,1026,931,928,1026,931,928,1026,-3,95,3,95,FALSE,FALSE
556,13,1070,1025,1150,1070,1025,1150,1070,1025,1150,-45,80,45,80,FALSE,FALSE
556,14,1202,1177,1288,1202,1177,1288,1202,1177,1288,-25,86,25,86,FALSE,FALSE
556,15,1315,1268,1389,1315,1268,1389,1315,1268,1389,-47,74,47,74,FALSE,FALSE
556,16,1410,1380,1497,1410,1380,1497,1410,1380,1497,-30,87,30,87,FALSE,FALSE
556,17,1490,1507,1560,1490,1507,1560,1490,1507,1560,17,70,17,70,FALSE,FALSE
556,18,1570,1593,1651,1570,1593,1651,1570,1593,1651,23,81,23,81,FALSE,FALSE
556,19,1638,1633,1689,1638,1633,1689,1638,1633,1689,-5,51,5,51,FALSE,FALSE
556,20,1698,1682,1719,1698,1682,1719,1698,1682,1719,-16,21,16,21,FALSE,FALSE
556,21,1710,1702,1704,1710,1702,1704,1710,1702,1704,-8,-6,8,6,FALSE,FALSE
556,22,1731,1716,1722,1731,1716,1722,1731,1716,1722,-15,-9,15,9,FALSE,FALSE
556,23,1717,1695,1710,1717,1695,1710,1717,1695,1710,-22,-7,22,7,FALSE,FALSE
556,24,1698,1672,1650,1698,1672,1650,1698,1672,1650,-26,-48,26,48,FALSE,FALSE
556,25,1636,1621,1578,1636,1621,1578,1636,1621,1578,-15,-58,15,58,FALSE,FALSE
556,26,1584,1539,1529,1584,1539,1529,1584,1539,1529,-45,-55,45,55,FALSE,FALSE
556,27,1504,1492,1433,1504,1492,1433,1504,1492,1433,-12,-71,12,71,FALSE,FALSE
556,28,1425,1430,1335,1425,1430,1335,1425,1430,1335,5,-90,5,90,FALSE,FALSE
556,29,1324,1350,1239,1324,1350,1239,1324,1350,1239,26,-85,26,85,FALSE,FALSE
556,30,1265,1266,1153,1265,1266,1153,1265,1266,1153,1,-112,1,112,FALSE,FALSE
556,31,1171,1193,1048,1171,1193,1048,1171,1193,1048,22,-123,22,123,FALSE,FALSE
556,32,1068,1109,976,1068,1109,976,1068,1109,976,41,-92,41,92,FALSE,FALSE
556,33,998,1022,894,998,1022,894,998,1022,894,24,-104,24,104,FALSE,FALSE
556,34,924,965,825,924,965,825,924,965,825,41,-99,41,99,FALSE,FALSE
556,35,871,888,744,871,888,744,871,888,744,17,-127,17,127,FALSE,FALSE
556,36,782,801,700,782,801,700,782,801,700,19,-82,19,82,FALSE,FALSE
556,37,709,745,653,709,745,653,709,745,653,36,-56,36,56,FALSE,FALSE
556,38,639,677,600,639,677,600,639,677,600,38,-39,38,39,FALSE,FALSE
556,39,566,621,551,566,621,551,566,621,551,55,-15,55,15,FALSE,FALSE
556,40,508,579,503,508,579,503,508,579,503,71,-5,71,5,FALSE,FALSE
556,41,462,529,457,462,529,457,462,529,457,67,-5,67,5,FALSE,FALSE
556,42,407,472,421,407,472,421,407,472,421,65,14,65,14,FALSE,FALSE
556,43,369,414,387,369,414,387,369,414,387,45,18,45,18,FALSE,FALSE
556,44,332,383,346,332,383,346,332,383,346,51,14,51,14,FALSE,FALSE
556,45,302,348,314,302,348,314,302,348,314,46,12,46,12,FALSE,FALSE
556,46,272,313,285,272,313,285,272,313,285,41,13,41,13,FALSE,FALSE
556,47,241,280,257,241,280,257,241,280,257,39,16,39,16,FALSE,FALSE
556,48,211,257,240,211,257,240,211,257,240,46,29,46,29,FALSE,FALSE
556,49,185,239,218,185,239,218,185,239,218,54,33,54,33,FALSE,FALSE
556,50,168,215,205,168,215,205,168,215,205,47,37,47,37,FALSE,FALSE
556,51,155,195,183,155,195,183,155,195,183,40,28,40,28,FALSE,FALSE
556,52,143,166,167,143,166,167,143,166,167,23,24,23,24,FALSE,FALSE
556,53,126,144,144,126,144,144,126,144,144,18,18,18,18,FALSE,FALSE
556,54,116,128,130,116,128,130,116,128,130,12,14,12,14,FALSE,FALSE
556,55,108,118,117,108,118,117,108,118,117,10,9,10,9,FALSE,FALSE
556,56,100,104,107,100,104,107,100,104,107,4,7,4,7,FALSE,FALSE
556,57,91,100,98,91,100,98,91,100,98,9,7,9,7,FALSE,FALSE
556,58,87,89,91,87,89,91,87,89,91,2,4,2,4,FALSE,FALSE
556,59,70,83,87,70,83,87,70,83,87,13,17,13,17,FALSE,FALSE
556,60,60,80,75,60,80,75,60,80,75,20,15,20,15,FALSE,FALSE
557,0,76,76,76,76,76,76,76,76,76,0,0,0,0,TRUE,TRUE
557,1,104,129,107,104,129,107,104,129,107,25,3,25,3,FALSE,FALSE
557,2,166,194,166,166,194,166,166,194,166,28,0,28,0,FALSE,TRUE
557,3,267,302,264,267,302,264,267,302,264,35,-3,35,3,FALSE,FALSE
557,4,403,456,408,403,456,408,403,456,408,53,5,53,5,FALSE,FALSE
557,5,608,680,587,608,680,587,608,680,587,72,-21,72,21,FALSE,FALSE
557,6,899,984,872,899,984,872,899,984,872,85,-27,85,27,FALSE,FALSE
557,7,1309,1403,1311,1309,1403,1311,1309,1403,1311,94,2,94,2,FALSE,FALSE
557,8,1854,1901,1816,1854,1901,1816,1854,1901,1816,47,-38,47,38,FALSE,FALSE
557,9,2456,2514,2457,2456,2514,2457,2456,2514,2457,58,1,58,1,FALSE,FALSE
557,10,3086,3124,3080,3086,3124,3080,3086,3124,3080,38,-6,38,6,FALSE,FALSE
557,11,3593,3601,3521,3593,3601,3521,3593,3601,3521,8,-72,8,72,FALSE,FALSE
557,12,3876,3844,3800,3876,3844,3800,3876,3844,3800,-32,-76,32,76,FALSE,FALSE
557,13,3965,3880,3889,3965,3880,3889,3965,3880,3889,-85,-76,85,76,FALSE,FALSE
557,14,3912,3809,3765,3912,3809,3765,3912,3809,3765,-103,-147,103,147,FALSE,FALSE
557,15,3676,3555,3584,3676,3555,3584,3676,3555,3584,-121,-92,121,92,FALSE,FALSE
557,16,3370,3204,3283,3370,3204,3283,3370,3204,3283,-166,-87,166,87,FALSE,FALSE
557,17,2985,2892,2925,2985,2892,2925,2985,2892,2925,-93,-60,93,60,FALSE,FALSE
557,18,2575,2490,2558,2575,2490,2558,2575,2490,2558,-85,-17,85,17,FALSE,FALSE
557,19,2187,2175,2218,2187,2175,2218,2187,2175,2218,-12,31,12,31,FALSE,FALSE
557,20,1909,1917,1882,1909,1917,1882,1909,1917,1882,8,-27,8,27,FALSE,FALSE
557,21,1577,1635,1632,1577,1635,1632,1577,1635,1632,58,55,58,55,FALSE,FALSE
557,22,1337,1399,1386,1337,1399,1386,1337,1399,1386,62,49,62,49,FALSE,FALSE
557,23,1158,1189,1161,1158,1189,1161,1158,1189,1161,31,3,31,3,FALSE,FALSE
557,24,983,1015,985,983,1015,985,983,1015,985,32,2,32,2,FALSE,FALSE
557,25,841,861,852,841,861,852,841,861,852,20,11,20,11,FALSE,FALSE
557,26,708,711,724,708,711,724,708,711,724,3,16,3,16,FALSE,FALSE
557,27,604,593,602,604,593,602,604,593,602,-11,-2,11,2,FALSE,FALSE
557,28,506,495,497,506,495,497,506,495,497,-11,-9,11,9,FALSE,FALSE
557,29,427,411,430,427,411,430,427,411,430,-16,3,16,3,FALSE,FALSE
557,30,347,347,367,347,347,367,347,347,367,0,20,0,20,TRUE,FALSE
557,31,295,285,299,295,285,299,295,285,299,-10,4,10,4,FALSE,FALSE
557,32,235,249,251,235,249,251,235,249,251,14,16,14,16,FALSE,FALSE
557,33,189,201,207,189,201,207,189,201,207,12,18,12,18,FALSE,FALSE
557,34,156,174,178,156,174,178,156,174,178,18,22,18,22,FALSE,FALSE
557,35,127,143,142,127,143,142,127,143,142,16,15,16,15,FALSE,FALSE
557,36,111,115,107,111,115,107,111,115,107,4,-4,4,4,FALSE,FALSE
557,37,91,92,95,91,92,95,91,92,95,1,4,1,4,FALSE,FALSE
557,38,70,81,77,70,81,77,70,81,77,11,7,11,7,FALSE,FALSE
557,39,56,74,65,56,74,65,56,74,65,18,9,18,9,FALSE,FALSE
557,40,47,62,60,47,62,60,47,62,60,15,13,15,13,FALSE,FALSE
557,41,43,52,47,43,52,47,43,52,47,9,4,9,4,FALSE,FALSE
557,42,37,45,41,37,45,41,37,45,41,8,4,8,4,FALSE,FALSE
557,43,33,41,33,33,41,33,33,41,33,8,0,8,0,FALSE,TRUE
557,44,30,36,23,30,36,23,30,36,23,6,-7,6,7,FALSE,FALSE
557,45,26,25,16,26,25,16,26,25,16,-1,-10,1,10,FALSE,FALSE
557,46,23,22,11,23,22,11,23,22,11,-1,-12,1,12,FALSE,FALSE
557,47,17,18,8,17,18,8,17,18,8,1,-9,1,9,FALSE,FALSE
557,48,15,17,7,15,17,7,15,17,7,2,-8,2,8,FALSE,FALSE
557,49,11,16,4,11,16,4,11,16,4,5,-7,5,7,FALSE,FALSE
557,50,9,14,3,9,14,3,9,14,3,5,-6,5,6,FALSE,FALSE
557,51,9,12,2,9,12,2,9,12,2,3,-7,3,7,FALSE,FALSE
557,52,5,9,2,5,9,2,5,9,2,4,-3,4,3,FALSE,FALSE
557,53,5,9,3,5,9,3,5,9,3,4,-2,4,2,FALSE,FALSE
557,54,4,8,2,4,8,2,4,8,2,4,-2,4,2,FALSE,FALSE
557,55,3,7,2,3,7,2,3,7,2,4,-1,4,1,FALSE,FALSE
557,56,2,4,1,2,4,1,2,4,1,2,-1,2,1,FALSE,FALSE
557,57,2,3,0,2,3,0,2,3,0,1,-2,1,2,FALSE,FALSE
557,58,1,3,0,1,3,0,1,3,0,2,-1,2,1,FALSE,FALSE
557,59,0,2,0,0,2,0,0,2,0,2,0,2,0,FALSE,TRUE
557,60,0,1,0,0,1,0,0,1,0,1,0,1,0,FALSE,TRUE
558,0,43,43,43,43,43,43,43,43,43,0,0,0,0,TRUE,TRUE
558,1,59,52,55,59,52,55,59,52,55,-7,-4,7,4,FALSE,FALSE
558,2,70,66,65,70,66,65,70,66,65,-4,-5,4,5,FALSE,FALSE
558,3,84,66,84,84,66,84,84,66,84,-18,0,18,0,FALSE,TRUE
558,4,106,81,104,106,81,104,106,81,104,-25,-2,25,2,FALSE,FALSE
558,5,141,108,128,141,108,128,141,108,128,-33,-13,33,13,FALSE,FALSE
558,6,173,139,158,173,139,158,173,139,158,-34,-15,34,15,FALSE,FALSE
558,7,223,161,204,223,161,204,223,161,204,-62,-19,62,19,FALSE,FALSE
558,8,286,205,259,286,205,259,286,205,259,-81,-27,81,27,FALSE,FALSE
558,9,340,256,312,340,256,312,340,256,312,-84,-28,84,28,FALSE,FALSE
558,10,441,316,384,441,316,384,441,316,384,-125,-57,125,57,FALSE,FALSE
558,11,547,395,451,547,395,451,547,395,451,-152,-96,152,96,FALSE,FALSE
558,12,643,482,549,643,482,549,643,482,549,-161,-94,161,94,FALSE,FALSE
558,13,780,603,667,780,603,667,780,603,667,-177,-113,177,113,FALSE,FALSE
558,14,922,697,784,922,697,784,922,697,784,-225,-138,225,138,FALSE,FALSE
558,15,1031,777,915,1031,777,915,1031,777,915,-254,-116,254,116,FALSE,FALSE
558,16,1161,912,1002,1161,912,1002,1161,912,1002,-249,-159,249,159,FALSE,FALSE
558,17,1275,996,1114,1275,996,1114,1275,996,1114,-279,-161,279,161,FALSE,FALSE
558,18,1396,1112,1234,1396,1112,1234,1396,1112,1234,-284,-162,284,162,FALSE,FALSE
558,19,1474,1224,1315,1474,1224,1315,1474,1224,1315,-250,-159,250,159,FALSE,FALSE
558,20,1494,1309,1367,1494,1309,1367,1494,1309,1367,-185,-127,185,127,FALSE,FALSE
558,21,1496,1358,1438,1496,1358,1438,1496,1358,1438,-138,-58,138,58,FALSE,FALSE
558,22,1500,1377,1457,1500,1377,1457,1500,1377,1457,-123,-43,123,43,FALSE,FALSE
558,23,1471,1373,1484,1471,1373,1484,1471,1373,1484,-98,13,98,13,FALSE,FALSE
558,24,1387,1415,1421,1387,1415,1421,1387,1415,1421,28,34,28,34,FALSE,FALSE
558,25,1274,1396,1395,1274,1396,1395,1274,1396,1395,122,121,122,121,FALSE,FALSE
558,26,1183,1333,1312,1183,1333,1312,1183,1333,1312,150,129,150,129,FALSE,FALSE
558,27,1111,1260,1238,1111,1260,1238,1111,1260,1238,149,127,149,127,FALSE,FALSE
558,28,1022,1161,1130,1022,1161,1130,1022,1161,1130,139,108,139,108,FALSE,FALSE
558,29,943,1114,1037,943,1114,1037,943,1114,1037,171,94,171,94,FALSE,FALSE
558,30,858,1002,950,858,1002,950,858,1002,950,144,92,144,92,FALSE,FALSE
558,31,787,919,846,787,919,846,787,919,846,132,59,132,59,FALSE,FALSE
558,32,715,836,768,715,836,768,715,836,768,121,53,121,53,FALSE,FALSE
558,33,629,754,700,629,754,700,629,754,700,125,71,125,71,FALSE,FALSE
558,34,578,680,637,578,680,637,578,680,637,102,59,102,59,FALSE,FALSE
558,35,522,611,562,522,611,562,522,611,562,89,40,89,40,FALSE,FALSE
558,36,471,548,502,471,548,502,471,548,502,77,31,77,31,FALSE,FALSE
558,37,423,497,463,423,497,463,423,497,463,74,40,74,40,FALSE,FALSE
558,38,367,445,415,367,445,415,367,445,415,78,48,78,48,FALSE,FALSE
558,39,315,398,363,315,398,363,315,398,363,83,48,83,48,FALSE,FALSE
558,40,283,365,335,283,365,335,283,365,335,82,52,82,52,FALSE,FALSE
558,41,241,334,301,241,334,301,241,334,301,93,60,93,60,FALSE,FALSE
558,42,216,297,260,216,297,260,216,297,260,81,44,81,44,FALSE,FALSE
558,43,180,257,241,180,257,241,180,257,241,77,61,77,61,FALSE,FALSE
558,44,171,231,214,171,231,214,171,231,214,60,43,60,43,FALSE,FALSE
558,45,152,207,192,152,207,192,152,207,192,55,40,55,40,FALSE,FALSE
558,46,134,189,177,134,189,177,134,189,177,55,43,55,43,FALSE,FALSE
558,47,118,166,153,118,166,153,118,166,153,48,35,48,35,FALSE,FALSE
558,48,100,138,135,100,138,135,100,138,135,38,35,38,35,FALSE,FALSE
558,49,88,118,112,88,118,112,88,118,112,30,24,30,24,FALSE,FALSE
558,50,72,99,96,72,99,96,72,99,96,27,24,27,24,FALSE,FALSE
558,51,62,80,83,62,80,83,62,80,83,18,21,18,21,FALSE,FALSE
558,52,56,72,75,56,72,75,56,72,75,16,19,16,19,FALSE,FALSE
558,53,50,62,74,50,62,74,50,62,74,12,24,12,24,FALSE,FALSE
558,54,44,55,63,44,55,63,44,55,63,11,19,11,19,FALSE,FALSE
558,55,34,48,54,34,48,54,34,48,54,14,20,14,20,FALSE,FALSE
558,56,32,38,41,32,38,41,32,38,41,6,9,6,9,FALSE,FALSE
558,57,27,30,34,27,30,34,27,30,34,3,7,3,7,FALSE,FALSE
558,58,26,25,30,26,25,30,26,25,30,-1,4,1,4,FALSE,FALSE
558,59,20,20,28,20,20,28,20,20,28,0,8,0,8,TRUE,FALSE
558,60,18,19,25,18,19,25,18,19,25,1,7,1,7,FALSE,FALSE
559,0,44,44,44,44,44,44,44,44,44,0,0,0,0,TRUE,TRUE
559,1,52,43,45,52,43,45,52,43,45,-9,-7,9,7,FALSE,FALSE
559,2,57,43,47,57,43,47,57,43,47,-14,-10,14,10,FALSE,FALSE
559,3,68,40,54,68,40,54,68,40,54,-28,-14,28,14,FALSE,FALSE
559,4,83,43,57,83,43,57,83,43,57,-40,-26,40,26,FALSE,FALSE
559,5,91,46,49,91,46,49,91,46,49,-45,-42,45,42,FALSE,FALSE
559,6,93,53,58,93,53,58,93,53,58,-40,-35,40,35,FALSE,FALSE
559,7,95,56,60,95,56,60,95,56,60,-39,-35,39,35,FALSE,FALSE
559,8,94,57,70,94,57,70,94,57,70,-37,-24,37,24,FALSE,FALSE
559,9,100,59,74,100,59,74,100,59,74,-41,-26,41,26,FALSE,FALSE
559,10,103,59,78,103,59,78,103,59,78,-44,-25,44,25,FALSE,FALSE
559,11,116,60,85,116,60,85,116,60,85,-56,-31,56,31,FALSE,FALSE
559,12,127,63,90,127,63,90,127,63,90,-64,-37,64,37,FALSE,FALSE
559,13,143,68,97,143,68,97,143,68,97,-75,-46,75,46,FALSE,FALSE
559,14,154,73,98,154,73,98,154,73,98,-81,-56,81,56,FALSE,FALSE
559,15,160,76,93,160,76,93,160,76,93,-84,-67,84,67,FALSE,FALSE
559,16,171,88,97,171,88,97,171,88,97,-83,-74,83,74,FALSE,FALSE
559,17,180,94,103,180,94,103,180,94,103,-86,-77,86,77,FALSE,FALSE
559,18,194,107,108,194,107,108,194,107,108,-87,-86,87,86,FALSE,FALSE
559,19,209,111,123,209,111,123,209,111,123,-98,-86,98,86,FALSE,FALSE
559,20,227,129,130,227,129,130,227,129,130,-98,-97,98,97,FALSE,FALSE
559,21,237,132,139,237,132,139,237,132,139,-105,-98,105,98,FALSE,FALSE
559,22,258,135,149,258,135,149,258,135,149,-123,-109,123,109,FALSE,FALSE
559,23,273,146,155,273,146,155,273,146,155,-127,-118,127,118,FALSE,FALSE
559,24,289,154,159,289,154,159,289,154,159,-135,-130,135,130,FALSE,FALSE
559,25,297,168,168,297,168,168,297,168,168,-129,-129,129,129,FALSE,FALSE
559,26,319,174,169,319,174,169,319,174,169,-145,-150,145,150,FALSE,FALSE
559,27,340,193,174,340,193,174,340,193,174,-147,-166,147,166,FALSE,FALSE
559,28,361,211,188,361,211,188,361,211,188,-150,-173,150,173,FALSE,FALSE
559,29,381,231,199,381,231,199,381,231,199,-150,-182,150,182,FALSE,FALSE
559,30,390,254,220,390,254,220,390,254,220,-136,-170,136,170,FALSE,FALSE
559,31,402,261,233,402,261,233,402,261,233,-141,-169,141,169,FALSE,FALSE
559,32,423,277,240,423,277,240,423,277,240,-146,-183,146,183,FALSE,FALSE
559,33,441,290,243,441,290,243,441,290,243,-151,-198,151,198,FALSE,FALSE
559,34,459,310,251,459,310,251,459,310,251,-149,-208,149,208,FALSE,FALSE
559,35,473,310,271,473,310,271,473,310,271,-163,-202,163,202,FALSE,FALSE
559,36,497,325,292,497,325,292,497,325,292,-172,-205,172,205,FALSE,FALSE
559,37,517,336,291,517,336,291,517,336,291,-181,-226,181,226,FALSE,FALSE
559,38,536,363,316,536,363,316,536,363,316,-173,-220,173,220,FALSE,FALSE
559,39,569,384,340,569,384,340,569,384,340,-185,-229,185,229,FALSE,FALSE
559,40,547,403,345,547,403,345,547,403,345,-144,-202,144,202,FALSE,FALSE
559,41,562,410,354,562,410,354,562,410,354,-152,-208,152,208,FALSE,FALSE
559,42,580,415,368,580,415,368,580,415,368,-165,-212,165,212,FALSE,FALSE
559,43,594,421,388,594,421,388,594,421,388,-173,-206,173,206,FALSE,FALSE
559,44,608,432,388,608,432,388,608,432,388,-176,-220,176,220,FALSE,FALSE
559,45,612,446,407,612,446,407,612,446,407,-166,-205,166,205,FALSE,FALSE
559,46,630,477,429,630,477,429,630,477,429,-153,-201,153,201,FALSE,FALSE
559,47,643,474,439,643,474,439,643,474,439,-169,-204,169,204,FALSE,FALSE
559,48,632,475,462,632,475,462,632,475,462,-157,-170,157,170,FALSE,FALSE
559,49,641,490,479,641,490,479,641,490,479,-151,-162,151,162,FALSE,FALSE
559,50,636,505,486,636,505,486,636,505,486,-131,-150,131,150,FALSE,FALSE
559,51,623,524,496,623,524,496,623,524,496,-99,-127,99,127,FALSE,FALSE
559,52,609,537,520,609,537,520,609,537,520,-72,-89,72,89,FALSE,FALSE
559,53,611,547,547,611,547,547,611,547,547,-64,-64,64,64,FALSE,FALSE
559,54,614,556,552,614,556,552,614,556,552,-58,-62,58,62,FALSE,FALSE
559,55,607,574,571,607,574,571,607,574,571,-33,-36,33,36,FALSE,FALSE
559,56,591,588,554,591,588,554,591,588,554,-3,-37,3,37,FALSE,FALSE
559,57,592,601,558,592,601,558,592,601,558,9,-34,9,34,FALSE,FALSE
559,58,586,618,562,586,618,562,586,618,562,32,-24,32,24,FALSE,FALSE
559,59,582,617,576,582,617,576,582,617,576,35,-6,35,6,FALSE,FALSE
559,60,576,635,570,576,635,570,576,635,570,59,-6,59,6,FALSE,FALSE
560,0,59,59,59,59,59,59,59,59,59,0,0,0,0,TRUE,TRUE
560,1,78,69,74,78,69,74,78,69,74,-9,-4,9,4,FALSE,FALSE
560,2,92,82,88,92,82,88,92,82,88,-10,-4,10,4,FALSE,FALSE
560,3,102,94,103,102,94,103,102,94,103,-8,1,8,1,FALSE,FALSE
560,4,117,106,124,117,106,124,117,106,124,-11,7,11,7,FALSE,FALSE
560,5,148,124,149,148,124,149,148,124,149,-24,1,24,1,FALSE,FALSE
560,6,186,147,175,186,147,175,186,147,175,-39,-11,39,11,FALSE,FALSE
560,7,216,178,199,216,178,199,216,178,199,-38,-17,38,17,FALSE,FALSE
560,8,249,211,235,249,211,235,249,211,235,-38,-14,38,14,FALSE,FALSE
560,9,301,250,264,301,250,264,301,250,264,-51,-37,51,37,FALSE,FALSE
560,10,337,296,297,337,296,297,337,296,297,-41,-40,41,40,FALSE,FALSE
560,11,367,359,358,367,359,358,367,359,358,-8,-9,8,9,FALSE,FALSE
560,12,443,433,400,443,433,400,443,433,400,-10,-43,10,43,FALSE,FALSE
560,13,505,508,478,505,508,478,505,508,478,3,-27,3,27,FALSE,FALSE
560,14,565,594,532,565,594,532,565,594,532,29,-33,29,33,FALSE,FALSE
560,15,650,658,626,650,658,626,650,658,626,8,-24,8,24,FALSE,FALSE
560,16,734,731,698,734,731,698,734,731,698,-3,-36,3,36,FALSE,FALSE
560,17,793,859,789,793,859,789,793,859,789,66,-4,66,4,FALSE,FALSE
560,18,896,959,890,896,959,890,896,959,890,63,-6,63,6,FALSE,FALSE
560,19,997,1075,999,997,1075,999,997,1075,999,78,2,78,2,FALSE,FALSE
560,20,1130,1176,1096,1130,1176,1096,1130,1176,1096,46,-34,46,34,FALSE,FALSE
560,21,1243,1291,1206,1243,1291,1206,1243,1291,1206,48,-37,48,37,FALSE,FALSE
560,22,1348,1415,1303,1348,1415,1303,1348,1415,1303,67,-45,67,45,FALSE,FALSE
560,23,1415,1531,1398,1415,1531,1398,1415,1531,1398,116,-17,116,17,FALSE,FALSE
560,24,1504,1629,1478,1504,1629,1478,1504,1629,1478,125,-26,125,26,FALSE,FALSE
560,25,1581,1678,1557,1581,1678,1557,1581,1678,1557,97,-24,97,24,FALSE,FALSE
560,26,1618,1756,1625,1618,1756,1625,1618,1756,1625,138,7,138,7,FALSE,FALSE
560,27,1679,1805,1659,1679,1805,1659,1679,1805,1659,126,-20,126,20,FALSE,FALSE
560,28,1679,1804,1699,1679,1804,1699,1679,1804,1699,125,20,125,20,FALSE,FALSE
560,29,1704,1779,1706,1704,1779,1706,1704,1779,1706,75,2,75,2,FALSE,FALSE
560,30,1688,1729,1692,1688,1729,1692,1688,1729,1692,41,4,41,4,FALSE,FALSE
560,31,1677,1686,1683,1677,1686,1683,1677,1686,1683,9,6,9,6,FALSE,FALSE
560,32,1623,1650,1675,1623,1650,1675,1623,1650,1675,27,52,27,52,FALSE,FALSE
560,33,1600,1571,1633,1600,1571,1633,1600,1571,1633,-29,33,29,33,FALSE,FALSE
560,34,1534,1511,1572,1534,1511,1572,1534,1511,1572,-23,38,23,38,FALSE,FALSE
560,35,1474,1457,1524,1474,1457,1524,1474,1457,1524,-17,50,17,50,FALSE,FALSE
560,36,1389,1370,1462,1389,1370,1462,1389,1370,1462,-19,73,19,73,FALSE,FALSE
560,37,1317,1296,1397,1317,1296,1397,1317,1296,1397,-21,80,21,80,FALSE,FALSE
560,38,1243,1211,1319,1243,1211,1319,1243,1211,1319,-32,76,32,76,FALSE,FALSE
560,39,1173,1135,1229,1173,1135,1229,1173,1135,1229,-38,56,38,56,FALSE,FALSE
560,40,1126,1073,1148,1126,1073,1148,1126,1073,1148,-53,22,53,22,FALSE,FALSE
560,41,1063,1001,1066,1063,1001,1066,1063,1001,1066,-62,3,62,3,FALSE,FALSE
560,42,1010,938,999,1010,938,999,1010,938,999,-72,-11,72,11,FALSE,FALSE
560,43,932,882,965,932,882,965,932,882,965,-50,33,50,33,FALSE,FALSE
560,44,881,805,906,881,805,906,881,805,906,-76,25,76,25,FALSE,FALSE
560,45,813,752,830,813,752,830,813,752,830,-61,17,61,17,FALSE,FALSE
560,46,758,716,790,758,716,790,758,716,790,-42,32,42,32,FALSE,FALSE
560,47,720,664,742,720,664,742,720,664,742,-56,22,56,22,FALSE,FALSE
560,48,652,620,683,652,620,683,652,620,683,-32,31,32,31,FALSE,FALSE
560,49,625,581,629,625,581,629,625,581,629,-44,4,44,4,FALSE,FALSE
560,50,572,540,586,572,540,586,572,540,586,-32,14,32,14,FALSE,FALSE
560,51,526,492,552,526,492,552,526,492,552,-34,26,34,26,FALSE,FALSE
560,52,470,446,518,470,446,518,470,446,518,-24,48,24,48,FALSE,FALSE
560,53,436,417,482,436,417,482,436,417,482,-19,46,19,46,FALSE,FALSE
560,54,397,383,440,397,383,440,397,383,440,-14,43,14,43,FALSE,FALSE
560,55,364,340,406,364,340,406,364,340,406,-24,42,24,42,FALSE,FALSE
560,56,328,315,366,328,315,366,328,315,366,-13,38,13,38,FALSE,FALSE
560,57,301,292,330,301,292,330,301,292,330,-9,29,9,29,FALSE,FALSE
560,58,270,268,316,270,268,316,270,268,316,-2,46,2,46,FALSE,FALSE
560,59,248,247,305,248,247,305,248,247,305,-1,57,1,57,FALSE,FALSE
560,60,238,219,276,238,219,276,238,219,276,-19,38,19,38,FALSE,FALSE
561,0,79,79,79,79,79,79,79,79,79,0,0,0,0,TRUE,TRUE
561,1,85,91,80,85,91,80,85,91,80,6,-5,6,5,FALSE,FALSE
561,2,85,102,84,85,102,84,85,102,84,17,-1,17,1,FALSE,FALSE
561,3,88,106,98,88,106,98,88,106,98,18,10,18,10,FALSE,FALSE
561,4,93,127,104,93,127,104,93,127,104,34,11,34,11,FALSE,FALSE
561,5,101,135,111,101,135,111,101,135,111,34,10,34,10,FALSE,FALSE
561,6,109,140,127,109,140,127,109,140,127,31,18,31,18,FALSE,FALSE
561,7,127,156,130,127,156,130,127,156,130,29,3,29,3,FALSE,FALSE
561,8,131,175,150,131,175,150,131,175,150,44,19,44,19,FALSE,FALSE
561,9,150,180,161,150,180,161,150,180,161,30,11,30,11,FALSE,FALSE
561,10,165,185,175,165,185,175,165,185,175,20,10,20,10,FALSE,FALSE
561,11,180,203,185,180,203,185,180,203,185,23,5,23,5,FALSE,FALSE
561,12,192,221,212,192,221,212,192,221,212,29,20,29,20,FALSE,FALSE
561,13,211,232,215,211,232,215,211,232,215,21,4,21,4,FALSE,FALSE
561,14,230,234,232,230,234,232,230,234,232,4,2,4,2,FALSE,FALSE
561,15,253,260,245,253,260,245,253,260,245,7,-8,7,8,FALSE,FALSE
561,16,262,286,251,262,286,251,262,286,251,24,-11,24,11,FALSE,FALSE
561,17,282,300,276,282,300,276,282,300,276,18,-6,18,6,FALSE,FALSE
561,18,305,326,280,305,326,280,305,326,280,21,-25,21,25,FALSE,FALSE
561,19,326,349,296,326,349,296,326,349,296,23,-30,23,30,FALSE,FALSE
561,20,336,353,332,336,353,332,336,353,332,17,-4,17,4,FALSE,FALSE
561,21,362,385,352,362,385,352,362,385,352,23,-10,23,10,FALSE,FALSE
561,22,377,409,360,377,409,360,377,409,360,32,-17,32,17,FALSE,FALSE
561,23,417,425,374,417,425,374,417,425,374,8,-43,8,43,FALSE,FALSE
561,24,452,438,408,452,438,408,452,438,408,-14,-44,14,44,FALSE,FALSE
561,25,483,473,432,483,473,432,483,473,432,-10,-51,10,51,FALSE,FALSE
561,26,523,489,470,523,489,470,523,489,470,-34,-53,34,53,FALSE,FALSE
561,27,555,497,485,555,497,485,555,497,485,-58,-70,58,70,FALSE,FALSE
561,28,592,517,533,592,517,533,592,517,533,-75,-59,75,59,FALSE,FALSE
561,29,614,550,583,614,550,583,614,550,583,-64,-31,64,31,FALSE,FALSE
561,30,655,570,619,655,570,619,655,570,619,-85,-36,85,36,FALSE,FALSE
561,31,671,601,627,671,601,627,671,601,627,-70,-44,70,44,FALSE,FALSE
561,32,705,623,629,705,623,629,705,623,629,-82,-76,82,76,FALSE,FALSE
561,33,719,621,660,719,621,660,719,621,660,-98,-59,98,59,FALSE,FALSE
561,34,733,654,690,733,654,690,733,654,690,-79,-43,79,43,FALSE,FALSE
561,35,761,659,715,761,659,715,761,659,715,-102,-46,102,46,FALSE,FALSE
561,36,802,681,768,802,681,768,802,681,768,-121,-34,121,34,FALSE,FALSE
561,37,832,717,820,832,717,820,832,717,820,-115,-12,115,12,FALSE,FALSE
561,38,843,726,853,843,726,853,843,726,853,-117,10,117,10,FALSE,FALSE
561,39,870,727,876,870,727,876,870,727,876,-143,6,143,6,FALSE,FALSE
561,40,846,746,880,846,746,880,846,746,880,-100,34,100,34,FALSE,FALSE
561,41,872,751,883,872,751,883,872,751,883,-121,11,121,11,FALSE,FALSE
561,42,877,748,875,877,748,875,877,748,875,-129,-2,129,2,FALSE,FALSE
561,43,890,773,872,890,773,872,890,773,872,-117,-18,117,18,FALSE,FALSE
561,44,897,789,910,897,789,910,897,789,910,-108,13,108,13,FALSE,FALSE
561,45,891,807,916,891,807,916,891,807,916,-84,25,84,25,FALSE,FALSE
561,46,921,818,918,921,818,918,921,818,918,-103,-3,103,3,FALSE,FALSE
561,47,926,823,934,926,823,934,926,823,934,-103,8,103,8,FALSE,FALSE
561,48,932,819,927,932,819,927,932,819,927,-113,-5,113,5,FALSE,FALSE
561,49,916,784,928,916,784,928,916,784,928,-132,12,132,12,FALSE,FALSE
561,50,921,765,895,921,765,895,921,765,895,-156,-26,156,26,FALSE,FALSE
561,51,904,751,904,904,751,904,904,751,904,-153,0,153,0,FALSE,TRUE
561,52,893,752,884,893,752,884,893,752,884,-141,-9,141,9,FALSE,FALSE
561,53,897,738,877,897,738,877,897,738,877,-159,-20,159,20,FALSE,FALSE
561,54,858,758,857,858,758,857,858,758,857,-100,-1,100,1,FALSE,FALSE
561,55,848,743,841,848,743,841,848,743,841,-105,-7,105,7,FALSE,FALSE
561,56,835,726,819,835,726,819,835,726,819,-109,-16,109,16,FALSE,FALSE
561,57,787,698,789,787,698,789,787,698,789,-89,2,89,2,FALSE,FALSE
561,58,753,694,781,753,694,781,753,694,781,-59,28,59,28,FALSE,FALSE
561,59,725,679,754,725,679,754,725,679,754,-46,29,46,29,FALSE,FALSE
561,60,720,659,763,720,659,763,720,659,763,-61,43,61,43,FALSE,FALSE
562,0,46,46,46,46,46,46,46,46,46,0,0,0,0,TRUE,TRUE
562,1,54,52,50,54,52,50,54,52,50,-2,-4,2,4,FALSE,FALSE
562,2,59,55,55,59,55,55,59,55,55,-4,-4,4,4,FALSE,FALSE
562,3,66,60,55,66,60,55,66,60,55,-6,-11,6,11,FALSE,FALSE
562,4,78,68,67,78,68,67,78,68,67,-10,-11,10,11,FALSE,FALSE
562,5,94,86,77,94,86,77,94,86,77,-8,-17,8,17,FALSE,FALSE
562,6,103,88,92,103,88,92,103,88,92,-15,-11,15,11,FALSE,FALSE
562,7,122,107,89,122,107,89,122,107,89,-15,-33,15,33,FALSE,FALSE
562,8,130,134,94,130,134,94,130,134,94,4,-36,4,36,FALSE,FALSE
562,9,155,164,120,155,164,120,155,164,120,9,-35,9,35,FALSE,FALSE
562,10,191,186,123,191,186,123,191,186,123,-5,-68,5,68,FALSE,FALSE
562,11,207,214,146,207,214,146,207,214,146,7,-61,7,61,FALSE,FALSE
562,12,250,222,168,250,222,168,250,222,168,-28,-82,28,82,FALSE,FALSE
562,13,260,248,177,260,248,177,260,248,177,-12,-83,12,83,FALSE,FALSE
562,14,298,264,206,298,264,206,298,264,206,-34,-92,34,92,FALSE,FALSE
562,15,330,289,228,330,289,228,330,289,228,-41,-102,41,102,FALSE,FALSE
562,16,369,324,253,369,324,253,369,324,253,-45,-116,45,116,FALSE,FALSE
562,17,426,354,285,426,354,285,426,354,285,-72,-141,72,141,FALSE,FALSE
562,18,466,376,310,466,376,310,466,376,310,-90,-156,90,156,FALSE,FALSE
562,19,499,427,359,499,427,359,499,427,359,-72,-140,72,140,FALSE,FALSE
562,20,505,439,388,505,439,388,505,439,388,-66,-117,66,117,FALSE,FALSE
562,21,548,471,423,548,471,423,548,471,423,-77,-125,77,125,FALSE,FALSE
562,22,596,504,438,596,504,438,596,504,438,-92,-158,92,158,FALSE,FALSE
562,23,638,558,479,638,558,479,638,558,479,-80,-159,80,159,FALSE,FALSE
562,24,671,585,517,671,585,517,671,585,517,-86,-154,86,154,FALSE,FALSE
562,25,683,635,555,683,635,555,683,635,555,-48,-128,48,128,FALSE,FALSE
562,26,687,661,562,687,661,562,687,661,562,-26,-125,26,125,FALSE,FALSE
562,27,729,671,596,729,671,596,729,671,596,-58,-133,58,133,FALSE,FALSE
562,28,737,677,624,737,677,624,737,677,624,-60,-113,60,113,FALSE,FALSE
562,29,753,652,642,753,652,642,753,652,642,-101,-111,101,111,FALSE,FALSE
562,30,739,684,661,739,684,661,739,684,661,-55,-78,55,78,FALSE,FALSE
562,31,740,686,697,740,686,697,740,686,697,-54,-43,54,43,FALSE,FALSE
562,32,703,679,692,703,679,692,703,679,692,-24,-11,24,11,FALSE,FALSE
562,33,685,675,682,685,675,682,685,675,682,-10,-3,10,3,FALSE,FALSE
562,34,656,662,683,656,662,683,656,662,683,6,27,6,27,FALSE,FALSE
562,35,640,637,676,640,637,676,640,637,676,-3,36,3,36,FALSE,FALSE
562,36,613,596,676,613,596,676,613,596,676,-17,63,17,63,FALSE,FALSE
562,37,584,558,645,584,558,645,584,558,645,-26,61,26,61,FALSE,FALSE
562,38,557,533,653,557,533,653,557,533,653,-24,96,24,96,FALSE,FALSE
562,39,537,507,626,537,507,626,537,507,626,-30,89,30,89,FALSE,FALSE
562,40,504,483,606,504,483,606,504,483,606,-21,102,21,102,FALSE,FALSE
562,41,475,469,575,475,469,575,475,469,575,-6,100,6,100,FALSE,FALSE
562,42,460,443,545,460,443,545,460,443,545,-17,85,17,85,FALSE,FALSE
562,43,430,427,516,430,427,516,430,427,516,-3,86,3,86,FALSE,FALSE
562,44,400,386,472,400,386,472,400,386,472,-14,72,14,72,FALSE,FALSE
562,45,373,354,453,373,354,453,373,354,453,-19,80,19,80,FALSE,FALSE
562,46,345,334,412,345,334,412,345,334,412,-11,67,11,67,FALSE,FALSE
562,47,323,310,378,323,310,378,323,310,378,-13,55,13,55,FALSE,FALSE
562,48,297,296,347,297,296,347,297,296,347,-1,50,1,50,FALSE,FALSE
562,49,259,268,322,259,268,322,259,268,322,9,63,9,63,FALSE,FALSE
562,50,226,241,287,226,241,287,226,241,287,15,61,15,61,FALSE,FALSE
562,51,221,224,256,221,224,256,221,224,256,3,35,3,35,FALSE,FALSE
562,52,202,198,260,202,198,260,202,198,260,-4,58,4,58,FALSE,FALSE
562,53,189,192,246,189,192,246,189,192,246,3,57,3,57,FALSE,FALSE
562,54,176,178,236,176,178,236,176,178,236,2,60,2,60,FALSE,FALSE
562,55,168,162,218,168,162,218,168,162,218,-6,50,6,50,FALSE,FALSE
562,56,154,145,195,154,145,195,154,145,195,-9,41,9,41,FALSE,FALSE
562,57,148,143,183,148,143,183,148,143,183,-5,35,5,35,FALSE,FALSE
562,58,140,118,168,140,118,168,140,118,168,-22,28,22,28,FALSE,FALSE
562,59,133,101,158,133,101,158,133,101,158,-32,25,32,25,FALSE,FALSE
562,60,126,89,152,126,89,152,126,89,152,-37,26,37,26,FALSE,FALSE
563,0,135,135,135,135,135,135,135,135,135,0,0,0,0,TRUE,TRUE
563,1,137,153,145,137,153,145,137,153,145,16,8,16,8,FALSE,FALSE
563,2,162,163,155,162,163,155,162,163,155,1,-7,1,7,FALSE,FALSE
563,3,179,172,170,179,172,170,179,172,170,-7,-9,7,9,FALSE,FALSE
563,4,206,179,191,206,179,191,206,179,191,-27,-15,27,15,FALSE,FALSE
563,5,219,196,211,219,196,211,219,196,211,-23,-8,23,8,FALSE,FALSE
563,6,239,220,230,239,220,230,239,220,230,-19,-9,19,9,FALSE,FALSE
563,7,239,242,256,239,242,256,239,242,256,3,17,3,17,FALSE,FALSE
563,8,248,269,288,248,269,288,248,269,288,21,40,21,40,FALSE,FALSE
563,9,268,294,309,268,294,309,268,294,309,26,41,26,41,FALSE,FALSE
563,10,288,334,335,288,334,335,288,334,335,46,47,46,47,FALSE,FALSE
563,11,329,355,372,329,355,372,329,355,372,26,43,26,43,FALSE,FALSE
563,12,358,405,407,358,405,407,358,405,407,47,49,47,49,FALSE,FALSE
563,13,379,450,427,379,450,427,379,450,427,71,48,71,48,FALSE,FALSE
563,14,403,494,477,403,494,477,403,494,477,91,74,91,74,FALSE,FALSE
563,15,433,545,507,433,545,507,433,545,507,112,74,112,74,FALSE,FALSE
563,16,455,586,547,455,586,547,455,586,547,131,92,131,92,FALSE,FALSE
563,17,508,617,584,508,617,584,508,617,584,109,76,109,76,FALSE,FALSE
563,18,555,646,633,555,646,633,555,646,633,91,78,91,78,FALSE,FALSE
563,19,576,688,659,576,688,659,576,688,659,112,83,112,83,FALSE,FALSE
563,20,628,723,713,628,723,713,628,723,713,95,85,95,85,FALSE,FALSE
563,21,639,744,746,639,744,746,639,744,746,105,107,105,107,FALSE,FALSE
563,22,663,787,802,663,787,802,663,787,802,124,139,124,139,FALSE,FALSE
563,23,716,811,841,716,811,841,716,811,841,95,125,95,125,FALSE,FALSE
563,24,760,854,883,760,854,883,760,854,883,94,123,94,123,FALSE,FALSE
563,25,785,918,952,785,918,952,785,918,952,133,167,133,167,FALSE,FALSE
563,26,844,990,1002,844,990,1002,844,990,1002,146,158,146,158,FALSE,FALSE
563,27,908,1059,1067,908,1059,1067,908,1059,1067,151,159,151,159,FALSE,FALSE
563,28,962,1110,1148,962,1110,1148,962,1110,1148,148,186,148,186,FALSE,FALSE
563,29,1014,1174,1195,1014,1174,1195,1014,1174,1195,160,181,160,181,FALSE,FALSE
563,30,1046,1202,1249,1046,1202,1249,1046,1202,1249,156,203,156,203,FALSE,FALSE
563,31,1098,1250,1280,1098,1250,1280,1098,1250,1280,152,182,152,182,FALSE,FALSE
563,32,1137,1274,1305,1137,1274,1305,1137,1274,1305,137,168,137,168,FALSE,FALSE
563,33,1181,1311,1341,1181,1311,1341,1181,1311,1341,130,160,130,160,FALSE,FALSE
563,34,1203,1340,1391,1203,1340,1391,1203,1340,1391,137,188,137,188,FALSE,FALSE
563,35,1231,1368,1426,1231,1368,1426,1231,1368,1426,137,195,137,195,FALSE,FALSE
563,36,1253,1411,1454,1253,1411,1454,1253,1411,1454,158,201,158,201,FALSE,FALSE
563,37,1291,1420,1449,1291,1420,1449,1291,1420,1449,129,158,129,158,FALSE,FALSE
563,38,1321,1441,1450,1321,1441,1450,1321,1441,1450,120,129,120,129,FALSE,FALSE
563,39,1362,1498,1463,1362,1498,1463,1362,1498,1463,136,101,136,101,FALSE,FALSE
563,40,1365,1520,1486,1365,1520,1486,1365,1520,1486,155,121,155,121,FALSE,FALSE
563,41,1406,1527,1476,1406,1527,1476,1406,1527,1476,121,70,121,70,FALSE,FALSE
563,42,1440,1538,1485,1440,1538,1485,1440,1538,1485,98,45,98,45,FALSE,FALSE
563,43,1454,1567,1472,1454,1567,1472,1454,1567,1472,113,18,113,18,FALSE,FALSE
563,44,1446,1541,1452,1446,1541,1452,1446,1541,1452,95,6,95,6,FALSE,FALSE
563,45,1447,1543,1446,1447,1543,1446,1447,1543,1446,96,-1,96,1,FALSE,FALSE
563,46,1467,1492,1432,1467,1492,1432,1467,1492,1432,25,-35,25,35,FALSE,FALSE
563,47,1479,1493,1429,1479,1493,1429,1479,1493,1429,14,-50,14,50,FALSE,FALSE
563,48,1440,1466,1383,1440,1466,1383,1440,1466,1383,26,-57,26,57,FALSE,FALSE
563,49,1428,1446,1344,1428,1446,1344,1428,1446,1344,18,-84,18,84,FALSE,FALSE
563,50,1415,1413,1306,1415,1413,1306,1415,1413,1306,-2,-109,2,109,FALSE,FALSE
563,51,1400,1375,1281,1400,1375,1281,1400,1375,1281,-25,-119,25,119,FALSE,FALSE
563,52,1389,1316,1255,1389,1316,1255,1389,1316,1255,-73,-134,73,134,FALSE,FALSE
563,53,1360,1273,1227,1360,1273,1227,1360,1273,1227,-87,-133,87,133,FALSE,FALSE
563,54,1336,1224,1211,1336,1224,1211,1336,1224,1211,-112,-125,112,125,FALSE,FALSE
563,55,1317,1189,1170,1317,1189,1170,1317,1189,1170,-128,-147,128,147,FALSE,FALSE
563,56,1306,1129,1157,1306,1129,1157,1306,1129,1157,-177,-149,177,149,FALSE,FALSE
563,57,1277,1101,1144,1277,1101,1144,1277,1101,1144,-176,-133,176,133,FALSE,FALSE
563,58,1226,1066,1101,1226,1066,1101,1226,1066,1101,-160,-125,160,125,FALSE,FALSE
563,59,1180,1034,1062,1180,1034,1062,1180,1034,1062,-146,-118,146,118,FALSE,FALSE
563,60,1172,995,1034,1172,995,1034,1172,995,1034,-177,-138,177,138,FALSE,FALSE
564,0,58,58,58,58,58,58,58,58,58,0,0,0,0,TRUE,TRUE
564,1,63,66,68,63,66,68,63,66,68,3,5,3,5,FALSE,FALSE
564,2,74,84,79,74,84,79,74,84,79,10,5,10,5,FALSE,FALSE
564,3,91,90,85,91,90,85,91,90,85,-1,-6,1,6,FALSE,FALSE
564,4,106,99,96,106,99,96,106,99,96,-7,-10,7,10,FALSE,FALSE
564,5,132,103,101,132,103,101,132,103,101,-29,-31,29,31,FALSE,FALSE
564,6,152,106,130,152,106,130,152,106,130,-46,-22,46,22,FALSE,FALSE
564,7,186,120,158,186,120,158,186,120,158,-66,-28,66,28,FALSE,FALSE
564,8,217,131,176,217,131,176,217,131,176,-86,-41,86,41,FALSE,FALSE
564,9,268,181,206,268,181,206,268,181,206,-87,-62,87,62,FALSE,FALSE
564,10,314,210,249,314,210,249,314,210,249,-104,-65,104,65,FALSE,FALSE
564,11,366,247,293,366,247,293,366,247,293,-119,-73,119,73,FALSE,FALSE
564,12,432,295,336,432,295,336,432,295,336,-137,-96,137,96,FALSE,FALSE
564,13,480,336,376,480,336,376,480,336,376,-144,-104,144,104,FALSE,FALSE
564,14,525,355,413,525,355,413,525,355,413,-170,-112,170,112,FALSE,FALSE
564,15,574,393,451,574,393,451,574,393,451,-181,-123,181,123,FALSE,FALSE
564,16,616,442,503,616,442,503,616,442,503,-174,-113,174,113,FALSE,FALSE
564,17,686,458,523,686,458,523,686,458,523,-228,-163,228,163,FALSE,FALSE
564,18,737,478,557,737,478,557,737,478,557,-259,-180,259,180,FALSE,FALSE
564,19,780,535,580,780,535,580,780,535,580,-245,-200,245,200,FALSE,FALSE
564,20,785,565,615,785,565,615,785,565,615,-220,-170,220,170,FALSE,FALSE
564,21,785,580,618,785,580,618,785,580,618,-205,-167,205,167,FALSE,FALSE
564,22,785,616,624,785,616,624,785,616,624,-169,-161,169,161,FALSE,FALSE
564,23,786,596,656,786,596,656,786,596,656,-190,-130,190,130,FALSE,FALSE
564,24,757,591,647,757,591,647,757,591,647,-166,-110,166,110,FALSE,FALSE
564,25,764,595,667,764,595,667,764,595,667,-169,-97,169,97,FALSE,FALSE
564,26,742,571,652,742,571,652,742,571,652,-171,-90,171,90,FALSE,FALSE
564,27,684,559,619,684,559,619,684,559,619,-125,-65,125,65,FALSE,FALSE
564,28,618,559,586,618,559,586,618,559,586,-59,-32,59,32,FALSE,FALSE
564,29,558,539,549,558,539,549,558,539,549,-19,-9,19,9,FALSE,FALSE
564,30,494,518,507,494,518,507,494,518,507,24,13,24,13,FALSE,FALSE
564,31,467,481,496,467,481,496,467,481,496,14,29,14,29,FALSE,FALSE
564,32,413,464,472,413,464,472,413,464,472,51,59,51,59,FALSE,FALSE
564,33,384,456,427,384,456,427,384,456,427,72,43,72,43,FALSE,FALSE
564,34,352,437,412,352,437,412,352,437,412,85,60,85,60,FALSE,FALSE
564,35,341,405,370,341,405,370,341,405,370,64,29,64,29,FALSE,FALSE
564,36,297,382,338,297,382,338,297,382,338,85,41,85,41,FALSE,FALSE
564,37,252,350,301,252,350,301,252,350,301,98,49,98,49,FALSE,FALSE
564,38,205,324,253,205,324,253,205,324,253,119,48,119,48,FALSE,FALSE
564,39,199,293,225,199,293,225,199,293,225,94,26,94,26,FALSE,FALSE
564,40,184,273,205,184,273,205,184,273,205,89,21,89,21,FALSE,FALSE
564,41,172,262,178,172,262,178,172,262,178,90,6,90,6,FALSE,FALSE
564,42,154,242,156,154,242,156,154,242,156,88,2,88,2,FALSE,FALSE
564,43,125,225,156,125,225,156,125,225,156,100,31,100,31,FALSE,FALSE
564,44,114,203,128,114,203,128,114,203,128,89,14,89,14,FALSE,FALSE
564,45,97,187,120,97,187,120,97,187,120,90,23,90,23,FALSE,FALSE
564,46,88,180,107,88,180,107,88,180,107,92,19,92,19,FALSE,FALSE
564,47,80,166,98,80,166,98,80,166,98,86,18,86,18,FALSE,FALSE
564,48,66,156,88,66,156,88,66,156,88,90,22,90,22,FALSE,FALSE
564,49,60,146,74,60,146,74,60,146,74,86,14,86,14,FALSE,FALSE
564,50,53,139,73,53,139,73,53,139,73,86,20,86,20,FALSE,FALSE
564,51,47,126,62,47,126,62,47,126,62,79,15,79,15,FALSE,FALSE
564,52,39,125,53,39,125,53,39,125,53,86,14,86,14,FALSE,FALSE
564,53,34,112,51,34,112,51,34,112,51,78,17,78,17,FALSE,FALSE
564,54,28,106,48,28,106,48,28,106,48,78,20,78,20,FALSE,FALSE
564,55,21,99,41,21,99,41,21,99,41,78,20,78,20,FALSE,FALSE
564,56,19,93,37,19,93,37,19,93,37,74,18,74,18,FALSE,FALSE
564,57,17,83,34,17,83,34,17,83,34,66,17,66,17,FALSE,FALSE
564,58,14,80,28,14,80,28,14,80,28,66,14,66,14,FALSE,FALSE
564,59,13,69,26,13,69,26,13,69,26,56,13,56,13,FALSE,FALSE
564,60,9,62,20,9,62,20,9,62,20,53,11,53,11,FALSE,FALSE
565,0,163,163,163,163,163,163,163,163,163,0,0,0,0,TRUE,TRUE
565,1,278,275,248,278,275,248,278,275,248,-3,-30,3,30,FALSE,FALSE
565,2,455,431,412,455,431,412,455,431,412,-24,-43,24,43,FALSE,FALSE
565,3,767,667,679,767,667,679,767,667,679,-100,-88,100,88,FALSE,FALSE
565,4,1246,995,1124,1246,995,1124,1246,995,1124,-251,-122,251,122,FALSE,FALSE
565,5,1867,1404,1722,1867,1404,1722,1867,1404,1722,-463,-145,463,145,FALSE,FALSE
565,6,2597,1855,2510,2597,1855,2510,2597,1855,2510,-742,-87,742,87,FALSE,FALSE
565,7,3279,2391,3248,3279,2391,3248,3279,2391,3248,-888,-31,888,31,FALSE,FALSE
565,8,3807,2836,3818,3807,2836,3818,3807,2836,3818,-971,11,971,11,FALSE,FALSE
565,9,4016,3271,4126,4016,3271,4126,4016,3271,4126,-745,110,745,110,FALSE,FALSE
565,10,3999,3478,4084,3999,3478,4084,3999,3478,4084,-521,85,521,85,FALSE,FALSE
565,11,3716,3499,3785,3716,3499,3785,3716,3499,3785,-217,69,217,69,FALSE,FALSE
565,12,3281,3294,3394,3281,3294,3394,3281,3294,3394,13,113,13,113,FALSE,FALSE
565,13,2875,3041,2975,2875,3041,2975,2875,3041,2975,166,100,166,100,FALSE,FALSE
565,14,2453,2749,2523,2453,2749,2523,2453,2749,2523,296,70,296,70,FALSE,FALSE
565,15,2065,2438,2137,2065,2438,2137,2065,2438,2137,373,72,373,72,FALSE,FALSE
565,16,1687,2114,1731,1687,2114,1731,1687,2114,1731,427,44,427,44,FALSE,FALSE
565,17,1390,1792,1433,1390,1792,1433,1390,1792,1433,402,43,402,43,FALSE,FALSE
565,18,1161,1566,1162,1161,1566,1162,1161,1566,1162,405,1,405,1,FALSE,FALSE
565,19,914,1351,948,914,1351,948,914,1351,948,437,34,437,34,FALSE,FALSE
565,20,738,1151,774,738,1151,774,738,1151,774,413,36,413,36,FALSE,FALSE
565,21,608,966,608,608,966,608,608,966,608,358,0,358,0,FALSE,TRUE
565,22,497,805,492,497,805,492,497,805,492,308,-5,308,5,FALSE,FALSE
565,23,406,679,391,406,679,391,406,679,391,273,-15,273,15,FALSE,FALSE
565,24,331,563,320,331,563,320,331,563,320,232,-11,232,11,FALSE,FALSE
565,25,263,470,274,263,470,274,263,470,274,207,11,207,11,FALSE,FALSE
565,26,230,401,220,230,401,220,230,401,220,171,-10,171,10,FALSE,FALSE
565,27,187,326,185,187,326,185,187,326,185,139,-2,139,2,FALSE,FALSE
565,28,157,254,149,157,254,149,157,254,149,97,-8,97,8,FALSE,FALSE
565,29,130,211,115,130,211,115,130,211,115,81,-15,81,15,FALSE,FALSE
565,30,113,180,96,113,180,96,113,180,96,67,-17,67,17,FALSE,FALSE
565,31,90,152,84,90,152,84,90,152,84,62,-6,62,6,FALSE,FALSE
565,32,79,130,66,79,130,66,79,130,66,51,-13,51,13,FALSE,FALSE
565,33,62,104,58,62,104,58,62,104,58,42,-4,42,4,FALSE,FALSE
565,34,44,81,46,44,81,46,44,81,46,37,2,37,2,FALSE,FALSE
565,35,41,66,35,41,66,35,41,66,35,25,-6,25,6,FALSE,FALSE
565,36,32,48,26,32,48,26,32,48,26,16,-6,16,6,FALSE,FALSE
565,37,23,38,23,23,38,23,23,38,23,15,0,15,0,FALSE,TRUE
565,38,20,33,22,20,33,22,20,33,22,13,2,13,2,FALSE,FALSE
565,39,16,26,18,16,26,18,16,26,18,10,2,10,2,FALSE,FALSE
565,40,10,23,16,10,23,16,10,23,16,13,6,13,6,FALSE,FALSE
565,41,6,19,14,6,19,14,6,19,14,13,8,13,8,FALSE,FALSE
565,42,6,16,11,6,16,11,6,16,11,10,5,10,5,FALSE,FALSE
565,43,4,16,9,4,16,9,4,16,9,12,5,12,5,FALSE,FALSE
565,44,3,12,6,3,12,6,3,12,6,9,3,9,3,FALSE,FALSE
565,45,3,8,6,3,8,6,3,8,6,5,3,5,3,FALSE,FALSE
565,46,2,7,5,2,7,5,2,7,5,5,3,5,3,FALSE,FALSE
565,47,2,5,4,2,5,4,2,5,4,3,2,3,2,FALSE,FALSE
565,48,1,5,4,1,5,4,1,5,4,4,3,4,3,FALSE,FALSE
565,49,1,5,3,1,5,3,1,5,3,4,2,4,2,FALSE,FALSE
565,50,1,5,1,1,5,1,1,5,1,4,0,4,0,FALSE,TRUE
565,51,1,4,1,1,4,1,1,4,1,3,0,3,0,FALSE,TRUE
565,52,1,4,1,1,4,1,1,4,1,3,0,3,0,FALSE,TRUE
565,53,1,3,1,1,3,1,1,3,1,2,0,2,0,FALSE,TRUE
565,54,1,1,1,1,1,1,1,1,1,0,0,0,0,TRUE,TRUE
565,55,1,1,0,1,1,0,1,1,0,0,-1,0,1,TRUE,FALSE
565,56,1,0,0,1,0,0,1,0,0,-1,-1,1,1,FALSE,FALSE
565,57,1,0,0,1,0,0,1,0,0,-1,-1,1,1,FALSE,FALSE
565,58,2,0,0,2,0,0,2,0,0,-2,-2,2,2,FALSE,FALSE
565,59,2,0,0,2,0,0,2,0,0,-2,-2,2,2,FALSE,FALSE
565,60,2,0,0,2,0,0,2,0,0,-2,-2,2,2,FALSE,FALSE
566,0,176,176,176,176,176,176,176,176,176,0,0,0,0,TRUE,TRUE
566,1,259,246,253,259,246,253,259,246,253,-13,-6,13,6,FALSE,FALSE
566,2,362,349,343,362,349,343,362,349,343,-13,-19,13,19,FALSE,FALSE
566,3,488,448,454,488,448,454,488,448,454,-40,-34,40,34,FALSE,FALSE
566,4,639,593,612,639,593,612,639,593,612,-46,-27,46,27,FALSE,FALSE
566,5,848,771,846,848,771,846,848,771,846,-77,-2,77,2,FALSE,FALSE
566,6,1150,984,1101,1150,984,1101,1150,984,1101,-166,-49,166,49,FALSE,FALSE
566,7,1490,1273,1380,1490,1273,1380,1490,1273,1380,-217,-110,217,110,FALSE,FALSE
566,8,1860,1615,1729,1860,1615,1729,1860,1615,1729,-245,-131,245,131,FALSE,FALSE
566,9,2236,1974,2169,2236,1974,2169,2236,1974,2169,-262,-67,262,67,FALSE,FALSE
566,10,2677,2346,2597,2677,2346,2597,2677,2346,2597,-331,-80,331,80,FALSE,FALSE
566,11,3056,2755,3063,3056,2755,3063,3056,2755,3063,-301,7,301,7,FALSE,FALSE
566,12,3426,3115,3434,3426,3115,3434,3426,3115,3434,-311,8,311,8,FALSE,FALSE
566,13,3729,3516,3735,3729,3516,3735,3729,3516,3735,-213,6,213,6,FALSE,FALSE
566,14,3895,3787,3979,3895,3787,3979,3895,3787,3979,-108,84,108,84,FALSE,FALSE
566,15,4002,3923,4131,4002,3923,4131,4002,3923,4131,-79,129,79,129,FALSE,FALSE
566,16,4015,3937,4134,4015,3937,4134,4015,3937,4134,-78,119,78,119,FALSE,FALSE
566,17,3928,3883,4065,3928,3883,4065,3928,3883,4065,-45,137,45,137,FALSE,FALSE
566,18,3803,3787,3982,3803,3787,3982,3803,3787,3982,-16,179,16,179,FALSE,FALSE
566,19,3623,3608,3797,3623,3608,3797,3623,3608,3797,-15,174,15,174,FALSE,FALSE
566,20,3399,3432,3535,3399,3432,3535,3399,3432,3535,33,136,33,136,FALSE,FALSE
566,21,3187,3286,3302,3187,3286,3302,3187,3286,3302,99,115,99,115,FALSE,FALSE
566,22,2935,3036,3067,2935,3036,3067,2935,3036,3067,101,132,101,132,FALSE,FALSE
566,23,2721,2815,2841,2721,2815,2841,2721,2815,2841,94,120,94,120,FALSE,FALSE
566,24,2525,2576,2602,2525,2576,2602,2525,2576,2602,51,77,51,77,FALSE,FALSE
566,25,2318,2343,2383,2318,2343,2383,2318,2343,2383,25,65,25,65,FALSE,FALSE
566,26,2126,2178,2148,2126,2178,2148,2126,2178,2148,52,22,52,22,FALSE,FALSE
566,27,1946,2004,1968,1946,2004,1968,1946,2004,1968,58,22,58,22,FALSE,FALSE
566,28,1773,1817,1805,1773,1817,1805,1773,1817,1805,44,32,44,32,FALSE,FALSE
566,29,1617,1652,1633,1617,1652,1633,1617,1652,1633,35,16,35,16,FALSE,FALSE
566,30,1468,1474,1482,1468,1474,1482,1468,1474,1482,6,14,6,14,FALSE,FALSE
566,31,1329,1335,1356,1329,1335,1356,1329,1335,1356,6,27,6,27,FALSE,FALSE
566,32,1198,1229,1231,1198,1229,1231,1198,1229,1231,31,33,31,33,FALSE,FALSE
566,33,1090,1110,1104,1090,1110,1104,1090,1110,1104,20,14,20,14,FALSE,FALSE
566,34,991,1009,983,991,1009,983,991,1009,983,18,-8,18,8,FALSE,FALSE
566,35,902,910,882,902,910,882,902,910,882,8,-20,8,20,FALSE,FALSE
566,36,818,802,804,818,802,804,818,802,804,-16,-14,16,14,FALSE,FALSE
566,37,719,732,726,719,732,726,719,732,726,13,7,13,7,FALSE,FALSE
566,38,642,669,642,642,669,642,642,669,642,27,0,27,0,FALSE,TRUE
566,39,583,615,577,583,615,577,583,615,577,32,-6,32,6,FALSE,FALSE
566,40,523,557,520,523,557,520,523,557,520,34,-3,34,3,FALSE,FALSE
566,41,470,502,474,470,502,474,470,502,474,32,4,32,4,FALSE,FALSE
566,42,422,456,425,422,456,425,422,456,425,34,3,34,3,FALSE,FALSE
566,43,380,414,382,380,414,382,380,414,382,34,2,34,2,FALSE,FALSE
566,44,343,367,345,343,367,345,343,367,345,24,2,24,2,FALSE,FALSE
566,45,303,335,315,303,335,315,303,335,315,32,12,32,12,FALSE,FALSE
566,46,276,298,265,276,298,265,276,298,265,22,-11,22,11,FALSE,FALSE
566,47,248,262,244,248,262,244,248,262,244,14,-4,14,4,FALSE,FALSE
566,48,227,235,223,227,235,223,227,235,223,8,-4,8,4,FALSE,FALSE
566,49,206,214,205,206,214,205,206,214,205,8,-1,8,1,FALSE,FALSE
566,50,185,199,181,185,199,181,185,199,181,14,-4,14,4,FALSE,FALSE
566,51,165,187,155,165,187,155,165,187,155,22,-10,22,10,FALSE,FALSE
566,52,149,176,143,149,176,143,149,176,143,27,-6,27,6,FALSE,FALSE
566,53,127,164,122,127,164,122,127,164,122,37,-5,37,5,FALSE,FALSE
566,54,117,152,109,117,152,109,117,152,109,35,-8,35,8,FALSE,FALSE
566,55,111,128,98,111,128,98,111,128,98,17,-13,17,13,FALSE,FALSE
566,56,102,115,88,102,115,88,102,115,88,13,-14,13,14,FALSE,FALSE
566,57,81,106,76,81,106,76,81,106,76,25,-5,25,5,FALSE,FALSE
566,58,73,97,69,73,97,69,73,97,69,24,-4,24,4,FALSE,FALSE
566,59,67,83,58,67,83,58,67,83,58,16,-9,16,9,FALSE,FALSE
566,60,61,72,48,61,72,48,61,72,48,11,-13,11,13,FALSE,FALSE
567,0,118,118,118,118,118,118,118,118,118,0,0,0,0,TRUE,TRUE
567,1,183,173,195,183,173,195,183,173,195,-10,12,10,12,FALSE,FALSE
567,2,292,277,297,292,277,297,292,277,297,-15,5,15,5,FALSE,FALSE
567,3,448,468,454,448,468,454,448,468,454,20,6,20,6,FALSE,FALSE
567,4,669,692,671,669,692,671,669,692,671,23,2,23,2,FALSE,FALSE
567,5,1000,1045,999,1000,1045,999,1000,1045,999,45,-1,45,1,FALSE,FALSE
567,6,1402,1491,1391,1402,1491,1391,1402,1491,1391,89,-11,89,11,FALSE,FALSE
567,7,1893,1997,1892,1893,1997,1892,1893,1997,1892,104,-1,104,1,FALSE,FALSE
567,8,2472,2541,2473,2472,2541,2473,2472,2541,2473,69,1,69,1,FALSE,FALSE
567,9,2919,3019,2896,2919,3019,2896,2919,3019,2896,100,-23,100,23,FALSE,FALSE
567,10,3285,3352,3252,3285,3352,3252,3285,3352,3252,67,-33,67,33,FALSE,FALSE
567,11,3390,3497,3385,3390,3497,3385,3390,3497,3385,107,-5,107,5,FALSE,FALSE
567,12,3360,3456,3342,3360,3456,3342,3360,3456,3342,96,-18,96,18,FALSE,FALSE
567,13,3233,3324,3261,3233,3324,3261,3233,3324,3261,91,28,91,28,FALSE,FALSE
567,14,3016,3080,3033,3016,3080,3033,3016,3080,3033,64,17,64,17,FALSE,FALSE
567,15,2706,2809,2736,2706,2809,2736,2706,2809,2736,103,30,103,30,FALSE,FALSE
567,16,2427,2519,2423,2427,2519,2423,2427,2519,2423,92,-4,92,4,FALSE,FALSE
567,17,2177,2238,2178,2177,2238,2178,2177,2238,2178,61,1,61,1,FALSE,FALSE
567,18,1859,1969,1921,1859,1969,1921,1859,1969,1921,110,62,110,62,FALSE,FALSE
567,19,1650,1702,1690,1650,1702,1690,1650,1702,1690,52,40,52,40,FALSE,FALSE
567,20,1443,1478,1452,1443,1478,1452,1443,1478,1452,35,9,35,9,FALSE,FALSE
567,21,1240,1280,1218,1240,1280,1218,1240,1280,1218,40,-22,40,22,FALSE,FALSE
567,22,1072,1112,1063,1072,1112,1063,1072,1112,1063,40,-9,40,9,FALSE,FALSE
567,23,920,937,922,920,937,922,920,937,922,17,2,17,2,FALSE,FALSE
567,24,790,817,810,790,817,810,790,817,810,27,20,27,20,FALSE,FALSE
567,25,662,691,678,662,691,678,662,691,678,29,16,29,16,FALSE,FALSE
567,26,580,581,598,580,581,598,580,581,598,1,18,1,18,FALSE,FALSE
567,27,506,496,517,506,496,517,506,496,517,-10,11,10,11,FALSE,FALSE
567,28,439,434,440,439,434,440,439,434,440,-5,1,5,1,FALSE,FALSE
567,29,381,363,373,381,363,373,381,363,373,-18,-8,18,8,FALSE,FALSE
567,30,325,308,327,325,308,327,325,308,327,-17,2,17,2,FALSE,FALSE
567,31,264,266,275,264,266,275,264,266,275,2,11,2,11,FALSE,FALSE
567,32,231,227,226,231,227,226,231,227,226,-4,-5,4,5,FALSE,FALSE
567,33,202,197,187,202,197,187,202,197,187,-5,-15,5,15,FALSE,FALSE
567,34,177,165,160,177,165,160,177,165,160,-12,-17,12,17,FALSE,FALSE
567,35,149,133,143,149,133,143,149,133,143,-16,-6,16,6,FALSE,FALSE
567,36,124,112,124,124,112,124,124,112,124,-12,0,12,0,FALSE,TRUE
567,37,109,94,107,109,94,107,109,94,107,-15,-2,15,2,FALSE,FALSE
567,38,92,80,85,92,80,85,92,80,85,-12,-7,12,7,FALSE,FALSE
567,39,75,73,67,75,73,67,75,73,67,-2,-8,2,8,FALSE,FALSE
567,40,66,64,53,66,64,53,66,64,53,-2,-13,2,13,FALSE,FALSE
567,41,60,56,48,60,56,48,60,56,48,-4,-12,4,12,FALSE,FALSE
567,42,53,48,38,53,48,38,53,48,38,-5,-15,5,15,FALSE,FALSE
567,43,45,41,33,45,41,33,45,41,33,-4,-12,4,12,FALSE,FALSE
567,44,37,32,30,37,32,30,37,32,30,-5,-7,5,7,FALSE,FALSE
567,45,31,29,28,31,29,28,31,29,28,-2,-3,2,3,FALSE,FALSE
567,46,24,23,23,24,23,23,24,23,23,-1,-1,1,1,FALSE,FALSE
567,47,14,18,17,14,18,17,14,18,17,4,3,4,3,FALSE,FALSE
567,48,13,17,16,13,17,16,13,17,16,4,3,4,3,FALSE,FALSE
567,49,13,16,14,13,16,14,13,16,14,3,1,3,1,FALSE,FALSE
567,50,12,15,10,12,15,10,12,15,10,3,-2,3,2,FALSE,FALSE
567,51,10,15,8,10,15,8,10,15,8,5,-2,5,2,FALSE,FALSE
567,52,8,11,6,8,11,6,8,11,6,3,-2,3,2,FALSE,FALSE
567,53,8,9,5,8,9,5,8,9,5,1,-3,1,3,FALSE,FALSE
567,54,7,8,4,7,8,4,7,8,4,1,-3,1,3,FALSE,FALSE
567,55,7,7,2,7,7,2,7,7,2,0,-5,0,5,TRUE,FALSE
567,56,6,6,2,6,6,2,6,6,2,0,-4,0,4,TRUE,FALSE
567,57,4,5,2,4,5,2,4,5,2,1,-2,1,2,FALSE,FALSE
567,58,4,5,2,4,5,2,4,5,2,1,-2,1,2,FALSE,FALSE
567,59,3,4,2,3,4,2,3,4,2,1,-1,1,1,FALSE,FALSE
567,60,3,3,2,3,3,2,3,3,2,0,-1,0,1,TRUE,FALSE
568,0,106,106,106,106,106,106,106,106,106,0,0,0,0,TRUE,TRUE
568,1,132,132,124,132,132,124,132,132,124,0,-8,0,8,TRUE,FALSE
568,2,179,173,138,179,173,138,179,173,138,-6,-41,6,41,FALSE,FALSE
568,3,214,223,180,214,223,180,214,223,180,9,-34,9,34,FALSE,FALSE
568,4,285,278,224,285,278,224,285,278,224,-7,-61,7,61,FALSE,FALSE
568,5,375,340,273,375,340,273,375,340,273,-35,-102,35,102,FALSE,FALSE
568,6,456,394,341,456,394,341,456,394,341,-62,-115,62,115,FALSE,FALSE
568,7,544,483,391,544,483,391,544,483,391,-61,-153,61,153,FALSE,FALSE
568,8,637,565,457,637,565,457,637,565,457,-72,-180,72,180,FALSE,FALSE
568,9,784,645,566,784,645,566,784,645,566,-139,-218,139,218,FALSE,FALSE
568,10,942,746,672,942,746,672,942,746,672,-196,-270,196,270,FALSE,FALSE
568,11,1110,886,805,1110,886,805,1110,886,805,-224,-305,224,305,FALSE,FALSE
568,12,1243,1005,946,1243,1005,946,1243,1005,946,-238,-297,238,297,FALSE,FALSE
568,13,1418,1159,1076,1418,1159,1076,1418,1159,1076,-259,-342,259,342,FALSE,FALSE
568,14,1575,1266,1213,1575,1266,1213,1575,1266,1213,-309,-362,309,362,FALSE,FALSE
568,15,1735,1373,1344,1735,1373,1344,1735,1373,1344,-362,-391,362,391,FALSE,FALSE
568,16,1837,1453,1446,1837,1453,1446,1837,1453,1446,-384,-391,384,391,FALSE,FALSE
568,17,1894,1577,1584,1894,1577,1584,1894,1577,1584,-317,-310,317,310,FALSE,FALSE
568,18,1938,1677,1695,1938,1677,1695,1938,1677,1695,-261,-243,261,243,FALSE,FALSE
568,19,1955,1723,1772,1955,1723,1772,1955,1723,1772,-232,-183,232,183,FALSE,FALSE
568,20,1928,1730,1843,1928,1730,1843,1928,1730,1843,-198,-85,198,85,FALSE,FALSE
568,21,1891,1754,1909,1891,1754,1909,1891,1754,1909,-137,18,137,18,FALSE,FALSE
568,22,1864,1796,1899,1864,1796,1899,1864,1796,1899,-68,35,68,35,FALSE,FALSE
568,23,1723,1744,1875,1723,1744,1875,1723,1744,1875,21,152,21,152,FALSE,FALSE
568,24,1666,1687,1861,1666,1687,1861,1666,1687,1861,21,195,21,195,FALSE,FALSE
568,25,1525,1590,1775,1525,1590,1775,1525,1590,1775,65,250,65,250,FALSE,FALSE
568,26,1405,1502,1685,1405,1502,1685,1405,1502,1685,97,280,97,280,FALSE,FALSE
568,27,1282,1408,1549,1282,1408,1549,1282,1408,1549,126,267,126,267,FALSE,FALSE
568,28,1164,1299,1447,1164,1299,1447,1164,1299,1447,135,283,135,283,FALSE,FALSE
568,29,1047,1194,1352,1047,1194,1352,1047,1194,1352,147,305,147,305,FALSE,FALSE
568,30,940,1106,1233,940,1106,1233,940,1106,1233,166,293,166,293,FALSE,FALSE
568,31,857,998,1097,857,998,1097,857,998,1097,141,240,141,240,FALSE,FALSE
568,32,770,898,970,770,898,970,770,898,970,128,200,128,200,FALSE,FALSE
568,33,694,824,862,694,824,862,694,824,862,130,168,130,168,FALSE,FALSE
568,34,618,739,775,618,739,775,618,739,775,121,157,121,157,FALSE,FALSE
568,35,521,678,678,521,678,678,521,678,678,157,157,157,157,FALSE,FALSE
568,36,479,595,610,479,595,610,479,595,610,116,131,116,131,FALSE,FALSE
568,37,431,546,552,431,546,552,431,546,552,115,121,115,121,FALSE,FALSE
568,38,378,480,477,378,480,477,378,480,477,102,99,102,99,FALSE,FALSE
568,39,321,427,418,321,427,418,321,427,418,106,97,106,97,FALSE,FALSE
568,40,265,383,379,265,383,379,265,383,379,118,114,118,114,FALSE,FALSE
568,41,226,348,338,226,348,338,226,348,338,122,112,122,112,FALSE,FALSE
568,42,204,316,295,204,316,295,204,316,295,112,91,112,91,FALSE,FALSE
568,43,177,286,245,177,286,245,177,286,245,109,68,109,68,FALSE,FALSE
568,44,161,245,223,161,245,223,161,245,223,84,62,84,62,FALSE,FALSE
568,45,136,205,200,136,205,200,136,205,200,69,64,69,64,FALSE,FALSE
568,46,116,194,168,116,194,168,116,194,168,78,52,78,52,FALSE,FALSE
568,47,100,176,138,100,176,138,100,176,138,76,38,76,38,FALSE,FALSE
568,48,95,153,134,95,153,134,95,153,134,58,39,58,39,FALSE,FALSE
568,49,85,136,116,85,136,116,85,136,116,51,31,51,31,FALSE,FALSE
568,50,74,112,91,74,112,91,74,112,91,38,17,38,17,FALSE,FALSE
568,51,66,101,75,66,101,75,66,101,75,35,9,35,9,FALSE,FALSE
568,52,54,94,68,54,94,68,54,94,68,40,14,40,14,FALSE,FALSE
568,53,48,82,61,48,82,61,48,82,61,34,13,34,13,FALSE,FALSE
568,54,46,68,51,46,68,51,46,68,51,22,5,22,5,FALSE,FALSE
568,55,38,56,40,38,56,40,38,56,40,18,2,18,2,FALSE,FALSE
568,56,31,54,37,31,54,37,31,54,37,23,6,23,6,FALSE,FALSE
568,57,29,49,34,29,49,34,29,49,34,20,5,20,5,FALSE,FALSE
568,58,26,38,25,26,38,25,26,38,25,12,-1,12,1,FALSE,FALSE
568,59,28,29,24,28,29,24,28,29,24,1,-4,1,4,FALSE,FALSE
568,60,22,24,17,22,24,17,22,24,17,2,-5,2,5,FALSE,FALSE
569,0,81,81,81,81,81,81,81,81,81,0,0,0,0,TRUE,TRUE
569,1,116,111,141,116,111,141,116,111,141,-5,25,5,25,FALSE,FALSE
569,2,152,162,216,152,162,216,152,162,216,10,64,10,64,FALSE,FALSE
569,3,196,230,316,196,230,316,196,230,316,34,120,34,120,FALSE,FALSE
569,4,276,328,474,276,328,474,276,328,474,52,198,52,198,FALSE,FALSE
569,5,386,491,645,386,491,645,386,491,645,105,259,105,259,FALSE,FALSE
569,6,536,685,871,536,685,871,536,685,871,149,335,149,335,FALSE,FALSE
569,7,721,909,1163,721,909,1163,721,909,1163,188,442,188,442,FALSE,FALSE
569,8,934,1203,1432,934,1203,1432,934,1203,1432,269,498,269,498,FALSE,FALSE
569,9,1204,1568,1776,1204,1568,1776,1204,1568,1776,364,572,364,572,FALSE,FALSE
569,10,1481,1906,2108,1481,1906,2108,1481,1906,2108,425,627,425,627,FALSE,FALSE
569,11,1823,2193,2380,1823,2193,2380,1823,2193,2380,370,557,370,557,FALSE,FALSE
569,12,2157,2441,2606,2157,2441,2606,2157,2441,2606,284,449,284,449,FALSE,FALSE
569,13,2402,2606,2736,2402,2606,2736,2402,2606,2736,204,334,204,334,FALSE,FALSE
569,14,2572,2738,2776,2572,2738,2776,2572,2738,2776,166,204,166,204,FALSE,FALSE
569,15,2689,2750,2726,2689,2750,2726,2689,2750,2726,61,37,61,37,FALSE,FALSE
569,16,2743,2696,2614,2743,2696,2614,2743,2696,2614,-47,-129,47,129,FALSE,FALSE
569,17,2700,2561,2455,2700,2561,2455,2700,2561,2455,-139,-245,139,245,FALSE,FALSE
569,18,2599,2376,2318,2599,2376,2318,2599,2376,2318,-223,-281,223,281,FALSE,FALSE
569,19,2401,2197,2128,2401,2197,2128,2401,2197,2128,-204,-273,204,273,FALSE,FALSE
569,20,2197,2071,1937,2197,2071,1937,2197,2071,1937,-126,-260,126,260,FALSE,FALSE
569,21,1997,1891,1709,1997,1891,1709,1997,1891,1709,-106,-288,106,288,FALSE,FALSE
569,22,1780,1706,1538,1780,1706,1538,1780,1706,1538,-74,-242,74,242,FALSE,FALSE
569,23,1571,1511,1356,1571,1511,1356,1571,1511,1356,-60,-215,60,215,FALSE,FALSE
569,24,1402,1357,1168,1402,1357,1168,1402,1357,1168,-45,-234,45,234,FALSE,FALSE
569,25,1239,1190,1002,1239,1190,1002,1239,1190,1002,-49,-237,49,237,FALSE,FALSE
569,26,1079,1030,891,1079,1030,891,1079,1030,891,-49,-188,49,188,FALSE,FALSE
569,27,936,910,771,936,910,771,936,910,771,-26,-165,26,165,FALSE,FALSE
569,28,811,793,674,811,793,674,811,793,674,-18,-137,18,137,FALSE,FALSE
569,29,699,663,579,699,663,579,699,663,579,-36,-120,36,120,FALSE,FALSE
569,30,601,564,514,601,564,514,601,564,514,-37,-87,37,87,FALSE,FALSE
569,31,516,493,435,516,493,435,516,493,435,-23,-81,23,81,FALSE,FALSE
569,32,465,415,375,465,415,375,465,415,375,-50,-90,50,90,FALSE,FALSE
569,33,404,358,324,404,358,324,404,358,324,-46,-80,46,80,FALSE,FALSE
569,34,353,309,284,353,309,284,353,309,284,-44,-69,44,69,FALSE,FALSE
569,35,313,262,240,313,262,240,313,262,240,-51,-73,51,73,FALSE,FALSE
569,36,274,232,206,274,232,206,274,232,206,-42,-68,42,68,FALSE,FALSE
569,37,245,207,178,245,207,178,245,207,178,-38,-67,38,67,FALSE,FALSE
569,38,206,174,143,206,174,143,206,174,143,-32,-63,32,63,FALSE,FALSE
569,39,170,149,122,170,149,122,170,149,122,-21,-48,21,48,FALSE,FALSE
569,40,141,119,100,141,119,100,141,119,100,-22,-41,22,41,FALSE,FALSE
569,41,122,104,88,122,104,88,122,104,88,-18,-34,18,34,FALSE,FALSE
569,42,103,88,75,103,88,75,103,88,75,-15,-28,15,28,FALSE,FALSE
569,43,86,74,66,86,74,66,86,74,66,-12,-20,12,20,FALSE,FALSE
569,44,77,68,58,77,68,58,77,68,58,-9,-19,9,19,FALSE,FALSE
569,45,70,58,55,70,58,55,70,58,55,-12,-15,12,15,FALSE,FALSE
569,46,59,45,49,59,45,49,59,45,49,-14,-10,14,10,FALSE,FALSE
569,47,51,39,40,51,39,40,51,39,40,-12,-11,12,11,FALSE,FALSE
569,48,44,37,37,44,37,37,44,37,37,-7,-7,7,7,FALSE,FALSE
569,49,36,29,31,36,29,31,36,29,31,-7,-5,7,5,FALSE,FALSE
569,50,27,24,27,27,24,27,27,24,27,-3,0,3,0,FALSE,TRUE
569,51,21,19,25,21,19,25,21,19,25,-2,4,2,4,FALSE,FALSE
569,52,18,15,23,18,15,23,18,15,23,-3,5,3,5,FALSE,FALSE
569,53,11,13,19,11,13,19,11,13,19,2,8,2,8,FALSE,FALSE
569,54,8,8,16,8,8,16,8,8,16,0,8,0,8,TRUE,FALSE
569,55,5,7,13,5,7,13,5,7,13,2,8,2,8,FALSE,FALSE
569,56,5,6,10,5,6,10,5,6,10,1,5,1,5,FALSE,FALSE
569,57,4,4,8,4,4,8,4,4,8,0,4,0,4,TRUE,FALSE
569,58,5,3,8,5,3,8,5,3,8,-2,3,2,3,FALSE,FALSE
569,59,4,2,7,4,2,7,4,2,7,-2,3,2,3,FALSE,FALSE
569,60,4,2,7,4,2,7,4,2,7,-2,3,2,3,FALSE,FALSE
570,0,111,111,111,111,111,111,111,111,111,0,0,0,0,TRUE,TRUE
570,1,148,137,128,148,137,128,148,137,128,-11,-20,11,20,FALSE,FALSE
570,2,162,146,158,162,146,158,162,146,158,-16,-4,16,4,FALSE,FALSE
570,3,201,166,180,201,166,180,201,166,180,-35,-21,35,21,FALSE,FALSE
570,4,225,203,217,225,203,217,225,203,217,-22,-8,22,8,FALSE,FALSE
570,5,269,245,269,269,245,269,269,245,269,-24,0,24,0,FALSE,TRUE
570,6,325,289,301,325,289,301,325,289,301,-36,-24,36,24,FALSE,FALSE
570,7,373,318,350,373,318,350,373,318,350,-55,-23,55,23,FALSE,FALSE
570,8,448,357,392,448,357,392,448,357,392,-91,-56,91,56,FALSE,FALSE
570,9,507,416,433,507,416,433,507,416,433,-91,-74,91,74,FALSE,FALSE
570,10,581,473,503,581,473,503,581,473,503,-108,-78,108,78,FALSE,FALSE
570,11,652,552,581,652,552,581,652,552,581,-100,-71,100,71,FALSE,FALSE
570,12,741,643,643,741,643,643,741,643,643,-98,-98,98,98,FALSE,FALSE
570,13,823,753,731,823,753,731,823,753,731,-70,-92,70,92,FALSE,FALSE
570,14,922,847,811,922,847,811,922,847,811,-75,-111,75,111,FALSE,FALSE
570,15,1005,953,908,1005,953,908,1005,953,908,-52,-97,52,97,FALSE,FALSE
570,16,1125,1075,977,1125,1075,977,1125,1075,977,-50,-148,50,148,FALSE,FALSE
570,17,1244,1158,1088,1244,1158,1088,1244,1158,1088,-86,-156,86,156,FALSE,FALSE
570,18,1321,1259,1192,1321,1259,1192,1321,1259,1192,-62,-129,62,129,FALSE,FALSE
570,19,1389,1370,1292,1389,1370,1292,1389,1370,1292,-19,-97,19,97,FALSE,FALSE
570,20,1455,1443,1355,1455,1443,1355,1455,1443,1355,-12,-100,12,100,FALSE,FALSE
570,21,1527,1506,1421,1527,1506,1421,1527,1506,1421,-21,-106,21,106,FALSE,FALSE
570,22,1576,1602,1509,1576,1602,1509,1576,1602,1509,26,-67,26,67,FALSE,FALSE
570,23,1639,1663,1549,1639,1663,1549,1639,1663,1549,24,-90,24,90,FALSE,FALSE
570,24,1669,1708,1589,1669,1708,1589,1669,1708,1589,39,-80,39,80,FALSE,FALSE
570,25,1717,1762,1611,1717,1762,1611,1717,1762,1611,45,-106,45,106,FALSE,FALSE
570,26,1724,1789,1674,1724,1789,1674,1724,1789,1674,65,-50,65,50,FALSE,FALSE
570,27,1705,1801,1683,1705,1801,1683,1705,1801,1683,96,-22,96,22,FALSE,FALSE
570,28,1689,1783,1693,1689,1783,1693,1689,1783,1693,94,4,94,4,FALSE,FALSE
570,29,1660,1742,1694,1660,1742,1694,1660,1742,1694,82,34,82,34,FALSE,FALSE
570,30,1619,1695,1646,1619,1695,1646,1619,1695,1646,76,27,76,27,FALSE,FALSE
570,31,1601,1664,1602,1601,1664,1602,1601,1664,1602,63,1,63,1,FALSE,FALSE
570,32,1558,1661,1572,1558,1661,1572,1558,1661,1572,103,14,103,14,FALSE,FALSE
570,33,1484,1606,1507,1484,1606,1507,1484,1606,1507,122,23,122,23,FALSE,FALSE
570,34,1442,1545,1423,1442,1545,1423,1442,1545,1423,103,-19,103,19,FALSE,FALSE
570,35,1374,1457,1370,1374,1457,1370,1374,1457,1370,83,-4,83,4,FALSE,FALSE
570,36,1304,1351,1306,1304,1351,1306,1304,1351,1306,47,2,47,2,FALSE,FALSE
570,37,1231,1280,1242,1231,1280,1242,1231,1280,1242,49,11,49,11,FALSE,FALSE
570,38,1144,1188,1150,1144,1188,1150,1144,1188,1150,44,6,44,6,FALSE,FALSE
570,39,1099,1089,1062,1099,1089,1062,1099,1089,1062,-10,-37,10,37,FALSE,FALSE
570,40,1027,1043,1001,1027,1043,1001,1027,1043,1001,16,-26,16,26,FALSE,FALSE
570,41,932,981,925,932,981,925,932,981,925,49,-7,49,7,FALSE,FALSE
570,42,859,897,873,859,897,873,859,897,873,38,14,38,14,FALSE,FALSE
570,43,810,850,803,810,850,803,810,850,803,40,-7,40,7,FALSE,FALSE
570,44,754,799,754,754,799,754,754,799,754,45,0,45,0,FALSE,TRUE
570,45,700,741,702,700,741,702,700,741,702,41,2,41,2,FALSE,FALSE
570,46,634,667,648,634,667,648,634,667,648,33,14,33,14,FALSE,FALSE
570,47,562,604,596,562,604,596,562,604,596,42,34,42,34,FALSE,FALSE
570,48,503,555,556,503,555,556,503,555,556,52,53,52,53,FALSE,FALSE
570,49,479,518,518,479,518,518,479,518,518,39,39,39,39,FALSE,FALSE
570,50,441,470,482,441,470,482,441,470,482,29,41,29,41,FALSE,FALSE
570,51,402,445,448,402,445,448,402,445,448,43,46,43,46,FALSE,FALSE
570,52,348,412,398,348,412,398,348,412,398,64,50,64,50,FALSE,FALSE
570,53,313,364,362,313,364,362,313,364,362,51,49,51,49,FALSE,FALSE
570,54,275,330,336,275,330,336,275,330,336,55,61,55,61,FALSE,FALSE
570,55,250,302,298,250,302,298,250,302,298,52,48,52,48,FALSE,FALSE
570,56,227,259,276,227,259,276,227,259,276,32,49,32,49,FALSE,FALSE
570,57,212,246,256,212,246,256,212,246,256,34,44,34,44,FALSE,FALSE
570,58,190,214,236,190,214,236,190,214,236,24,46,24,46,FALSE,FALSE
570,59,170,200,210,170,200,210,170,200,210,30,40,30,40,FALSE,FALSE
570,60,163,191,206,163,191,206,163,191,206,28,43,28,43,FALSE,FALSE
571,0,96,96,96,96,96,96,96,96,96,0,0,0,0,TRUE,TRUE
571,1,140,140,116,140,140,116,140,140,116,0,-24,0,24,TRUE,FALSE
571,2,193,204,157,193,204,157,193,204,157,11,-36,11,36,FALSE,FALSE
571,3,246,265,205,246,265,205,246,265,205,19,-41,19,41,FALSE,FALSE
571,4,321,353,270,321,353,270,321,353,270,32,-51,32,51,FALSE,FALSE
571,5,431,481,347,431,481,347,431,481,347,50,-84,50,84,FALSE,FALSE
571,6,556,612,439,556,612,439,556,612,439,56,-117,56,117,FALSE,FALSE
571,7,727,789,539,727,789,539,727,789,539,62,-188,62,188,FALSE,FALSE
571,8,917,1033,690,917,1033,690,917,1033,690,116,-227,116,227,FALSE,FALSE
571,9,1113,1259,888,1113,1259,888,1113,1259,888,146,-225,146,225,FALSE,FALSE
571,10,1342,1518,1095,1342,1518,1095,1342,1518,1095,176,-247,176,247,FALSE,FALSE
571,11,1554,1735,1297,1554,1735,1297,1554,1735,1297,181,-257,181,257,FALSE,FALSE
571,12,1728,1940,1498,1728,1940,1498,1728,1940,1498,212,-230,212,230,FALSE,FALSE
571,13,1899,2113,1684,1899,2113,1684,1899,2113,1684,214,-215,214,215,FALSE,FALSE
571,14,2037,2214,1871,2037,2214,1871,2037,2214,1871,177,-166,177,166,FALSE,FALSE
571,15,2157,2266,2046,2157,2266,2046,2157,2266,2046,109,-111,109,111,FALSE,FALSE
571,16,2230,2264,2146,2230,2264,2146,2230,2264,2146,34,-84,34,84,FALSE,FALSE
571,17,2214,2234,2181,2214,2234,2181,2214,2234,2181,20,-33,20,33,FALSE,FALSE
571,18,2161,2169,2207,2161,2169,2207,2161,2169,2207,8,46,8,46,FALSE,FALSE
571,19,2072,2075,2172,2072,2075,2172,2072,2075,2172,3,100,3,100,FALSE,FALSE
571,20,1971,1955,2094,1971,1955,2094,1971,1955,2094,-16,123,16,123,FALSE,FALSE
571,21,1865,1830,2013,1865,1830,2013,1865,1830,2013,-35,148,35,148,FALSE,FALSE
571,22,1754,1694,1919,1754,1694,1919,1754,1694,1919,-60,165,60,165,FALSE,FALSE
571,23,1627,1562,1774,1627,1562,1774,1627,1562,1774,-65,147,65,147,FALSE,FALSE
571,24,1517,1435,1641,1517,1435,1641,1517,1435,1641,-82,124,82,124,FALSE,FALSE
571,25,1382,1345,1516,1382,1345,1516,1382,1345,1516,-37,134,37,134,FALSE,FALSE
571,26,1261,1234,1416,1261,1234,1416,1261,1234,1416,-27,155,27,155,FALSE,FALSE
571,27,1176,1110,1304,1176,1110,1304,1176,1110,1304,-66,128,66,128,FALSE,FALSE
571,28,1082,1005,1185,1082,1005,1185,1082,1005,1185,-77,103,77,103,FALSE,FALSE
571,29,989,919,1080,989,919,1080,989,919,1080,-70,91,70,91,FALSE,FALSE
571,30,882,838,988,882,838,988,882,838,988,-44,106,44,106,FALSE,FALSE
571,31,817,754,882,817,754,882,817,754,882,-63,65,63,65,FALSE,FALSE
571,32,743,682,799,743,682,799,743,682,799,-61,56,61,56,FALSE,FALSE
571,33,665,621,723,665,621,723,665,621,723,-44,58,44,58,FALSE,FALSE
571,34,595,560,639,595,560,639,595,560,639,-35,44,35,44,FALSE,FALSE
571,35,534,498,587,534,498,587,534,498,587,-36,53,36,53,FALSE,FALSE
571,36,497,452,515,497,452,515,497,452,515,-45,18,45,18,FALSE,FALSE
571,37,451,401,460,451,401,460,451,401,460,-50,9,50,9,FALSE,FALSE
571,38,411,370,411,411,370,411,411,370,411,-41,0,41,0,FALSE,TRUE
571,39,366,340,383,366,340,383,366,340,383,-26,17,26,17,FALSE,FALSE
571,40,333,292,346,333,292,346,333,292,346,-41,13,41,13,FALSE,FALSE
571,41,302,258,309,302,258,309,302,258,309,-44,7,44,7,FALSE,FALSE
571,42,283,224,284,283,224,284,283,224,284,-59,1,59,1,FALSE,FALSE
571,43,254,198,252,254,198,252,254,198,252,-56,-2,56,2,FALSE,FALSE
571,44,236,177,221,236,177,221,236,177,221,-59,-15,59,15,FALSE,FALSE
571,45,207,158,206,207,158,206,207,158,206,-49,-1,49,1,FALSE,FALSE
571,46,190,145,192,190,145,192,190,145,192,-45,2,45,2,FALSE,FALSE
571,47,170,129,170,170,129,170,170,129,170,-41,0,41,0,FALSE,TRUE
571,48,153,117,159,153,117,159,153,117,159,-36,6,36,6,FALSE,FALSE
571,49,138,102,146,138,102,146,138,102,146,-36,8,36,8,FALSE,FALSE
571,50,122,94,131,122,94,131,122,94,131,-28,9,28,9,FALSE,FALSE
571,51,112,80,117,112,80,117,112,80,117,-32,5,32,5,FALSE,FALSE
571,52,94,70,102,94,70,102,94,70,102,-24,8,24,8,FALSE,FALSE
571,53,84,63,91,84,63,91,84,63,91,-21,7,21,7,FALSE,FALSE
571,54,80,55,84,80,55,84,80,55,84,-25,4,25,4,FALSE,FALSE
571,55,71,49,71,71,49,71,71,49,71,-22,0,22,0,FALSE,TRUE
571,56,67,45,61,67,45,61,67,45,61,-22,-6,22,6,FALSE,FALSE
571,57,63,41,58,63,41,58,63,41,58,-22,-5,22,5,FALSE,FALSE
571,58,53,38,46,53,38,46,53,38,46,-15,-7,15,7,FALSE,FALSE
571,59,46,36,39,46,36,39,46,36,39,-10,-7,10,7,FALSE,FALSE
571,60,44,32,34,44,32,34,44,32,34,-12,-10,12,10,FALSE,FALSE
572,0,88,88,88,88,88,88,88,88,88,0,0,0,0,TRUE,TRUE
572,1,130,143,120,130,143,120,130,143,120,13,-10,13,10,FALSE,FALSE
572,2,201,211,163,201,211,163,201,211,163,10,-38,10,38,FALSE,FALSE
572,3,289,309,217,289,309,217,289,309,217,20,-72,20,72,FALSE,FALSE
572,4,406,400,323,406,400,323,406,400,323,-6,-83,6,83,FALSE,FALSE
572,5,552,578,446,552,578,446,552,578,446,26,-106,26,106,FALSE,FALSE
572,6,779,847,633,779,847,633,779,847,633,68,-146,68,146,FALSE,FALSE
572,7,1102,1103,890,1102,1103,890,1102,1103,890,1,-212,1,212,FALSE,FALSE
572,8,1488,1494,1214,1488,1494,1214,1488,1494,1214,6,-274,6,274,FALSE,FALSE
572,9,1923,1934,1577,1923,1934,1577,1923,1934,1577,11,-346,11,346,FALSE,FALSE
572,10,2390,2342,2040,2390,2342,2040,2390,2342,2040,-48,-350,48,350,FALSE,FALSE
572,11,2872,2776,2448,2872,2776,2448,2872,2776,2448,-96,-424,96,424,FALSE,FALSE
572,12,3299,3120,2900,3299,3120,2900,3299,3120,2900,-179,-399,179,399,FALSE,FALSE
572,13,3607,3356,3258,3607,3356,3258,3607,3356,3258,-251,-349,251,349,FALSE,FALSE
572,14,3714,3516,3475,3714,3516,3475,3714,3516,3475,-198,-239,198,239,FALSE,FALSE
572,15,3744,3584,3584,3744,3584,3584,3744,3584,3584,-160,-160,160,160,FALSE,FALSE
572,16,3672,3571,3637,3672,3571,3637,3672,3571,3637,-101,-35,101,35,FALSE,FALSE
572,17,3556,3454,3587,3556,3454,3587,3556,3454,3587,-102,31,102,31,FALSE,FALSE
572,18,3355,3285,3432,3355,3285,3432,3355,3285,3432,-70,77,70,77,FALSE,FALSE
572,19,3125,3096,3239,3125,3096,3239,3125,3096,3239,-29,114,29,114,FALSE,FALSE
572,20,2886,2847,3044,2886,2847,3044,2886,2847,3044,-39,158,39,158,FALSE,FALSE
572,21,2682,2622,2801,2682,2622,2801,2682,2622,2801,-60,119,60,119,FALSE,FALSE
572,22,2411,2384,2568,2411,2384,2568,2411,2384,2568,-27,157,27,157,FALSE,FALSE
572,23,2178,2189,2365,2178,2189,2365,2178,2189,2365,11,187,11,187,FALSE,FALSE
572,24,1971,1954,2155,1971,1954,2155,1971,1954,2155,-17,184,17,184,FALSE,FALSE
572,25,1795,1784,1935,1795,1784,1935,1795,1784,1935,-11,140,11,140,FALSE,FALSE
572,26,1587,1601,1747,1587,1601,1747,1587,1601,1747,14,160,14,160,FALSE,FALSE
572,27,1419,1459,1575,1419,1459,1575,1419,1459,1575,40,156,40,156,FALSE,FALSE
572,28,1262,1303,1419,1262,1303,1419,1262,1303,1419,41,157,41,157,FALSE,FALSE
572,29,1123,1174,1283,1123,1174,1283,1123,1174,1283,51,160,51,160,FALSE,FALSE
572,30,1000,1076,1147,1000,1076,1147,1000,1076,1147,76,147,76,147,FALSE,FALSE
572,31,896,974,1036,896,974,1036,896,974,1036,78,140,78,140,FALSE,FALSE
572,32,796,875,914,796,875,914,796,875,914,79,118,79,118,FALSE,FALSE
572,33,721,772,810,721,772,810,721,772,810,51,89,51,89,FALSE,FALSE
572,34,636,672,715,636,672,715,636,672,715,36,79,36,79,FALSE,FALSE
572,35,566,596,643,566,596,643,566,596,643,30,77,30,77,FALSE,FALSE
572,36,508,537,574,508,537,574,508,537,574,29,66,29,66,FALSE,FALSE
572,37,457,473,520,457,473,520,457,473,520,16,63,16,63,FALSE,FALSE
572,38,416,422,469,416,422,469,416,422,469,6,53,6,53,FALSE,FALSE
572,39,373,370,433,373,370,433,373,370,433,-3,60,3,60,FALSE,FALSE
572,40,330,331,383,330,331,383,330,331,383,1,53,1,53,FALSE,FALSE
572,41,296,300,326,296,300,326,296,300,326,4,30,4,30,FALSE,FALSE
572,42,265,273,291,265,273,291,265,273,291,8,26,8,26,FALSE,FALSE
572,43,234,241,255,234,241,255,234,241,255,7,21,7,21,FALSE,FALSE
572,44,213,203,216,213,203,216,213,203,216,-10,3,10,3,FALSE,FALSE
572,45,188,184,191,188,184,191,188,184,191,-4,3,4,3,FALSE,FALSE
572,46,164,168,167,164,168,167,164,168,167,4,3,4,3,FALSE,FALSE
572,47,142,152,164,142,152,164,142,152,164,10,22,10,22,FALSE,FALSE
572,48,124,137,148,124,137,148,124,137,148,13,24,13,24,FALSE,FALSE
572,49,109,126,136,109,126,136,109,126,136,17,27,17,27,FALSE,FALSE
572,50,96,107,113,96,107,113,96,107,113,11,17,11,17,FALSE,FALSE
572,51,92,100,103,92,100,103,92,100,103,8,11,8,11,FALSE,FALSE
572,52,78,85,89,78,85,89,78,85,89,7,11,7,11,FALSE,FALSE
572,53,67,77,78,67,77,78,67,77,78,10,11,10,11,FALSE,FALSE
572,54,57,73,70,57,73,70,57,73,70,16,13,16,13,FALSE,FALSE
572,55,51,64,65,51,64,65,51,64,65,13,14,13,14,FALSE,FALSE
572,56,44,57,57,44,57,57,44,57,57,13,13,13,13,FALSE,FALSE
572,57,40,50,54,40,50,54,40,50,54,10,14,10,14,FALSE,FALSE
572,58,33,46,48,33,46,48,33,46,48,13,15,13,15,FALSE,FALSE
572,59,27,40,40,27,40,40,27,40,40,13,13,13,13,FALSE,FALSE
572,60,25,32,36,25,32,36,25,32,36,7,11,7,11,FALSE,FALSE
573,0,172,172,172,172,172,172,172,172,172,0,0,0,0,TRUE,TRUE
573,1,192,202,198,192,202,198,192,202,198,10,6,10,6,FALSE,FALSE
573,2,214,233,253,214,233,253,214,233,253,19,39,19,39,FALSE,FALSE
573,3,262,266,284,262,266,284,262,266,284,4,22,4,22,FALSE,FALSE
573,4,302,309,345,302,309,345,302,309,345,7,43,7,43,FALSE,FALSE
573,5,355,361,413,355,361,413,355,361,413,6,58,6,58,FALSE,FALSE
573,6,446,425,471,446,425,471,446,425,471,-21,25,21,25,FALSE,FALSE
573,7,529,481,565,529,481,565,529,481,565,-48,36,48,36,FALSE,FALSE
573,8,615,554,636,615,554,636,615,554,636,-61,21,61,21,FALSE,FALSE
573,9,716,627,735,716,627,735,716,627,735,-89,19,89,19,FALSE,FALSE
573,10,835,721,863,835,721,863,835,721,863,-114,28,114,28,FALSE,FALSE
573,11,936,839,976,936,839,976,936,839,976,-97,40,97,40,FALSE,FALSE
573,12,1049,1018,1102,1049,1018,1102,1049,1018,1102,-31,53,31,53,FALSE,FALSE
573,13,1210,1157,1228,1210,1157,1228,1210,1157,1228,-53,18,53,18,FALSE,FALSE
573,14,1382,1306,1341,1382,1306,1341,1382,1306,1341,-76,-41,76,41,FALSE,FALSE
573,15,1577,1456,1477,1577,1456,1477,1577,1456,1477,-121,-100,121,100,FALSE,FALSE
573,16,1729,1583,1653,1729,1583,1653,1729,1583,1653,-146,-76,146,76,FALSE,FALSE
573,17,1825,1764,1795,1825,1764,1795,1825,1764,1795,-61,-30,61,30,FALSE,FALSE
573,18,1988,1918,1923,1988,1918,1923,1988,1918,1923,-70,-65,70,65,FALSE,FALSE
573,19,2123,2030,2068,2123,2030,2068,2123,2030,2068,-93,-55,93,55,FALSE,FALSE
573,20,2229,2169,2130,2229,2169,2130,2229,2169,2130,-60,-99,60,99,FALSE,FALSE
573,21,2309,2241,2201,2309,2241,2201,2309,2241,2201,-68,-108,68,108,FALSE,FALSE
573,22,2362,2293,2249,2362,2293,2249,2362,2293,2249,-69,-113,69,113,FALSE,FALSE
573,23,2380,2353,2314,2380,2353,2314,2380,2353,2314,-27,-66,27,66,FALSE,FALSE
573,24,2401,2402,2375,2401,2402,2375,2401,2402,2375,1,-26,1,26,FALSE,FALSE
573,25,2396,2430,2428,2396,2430,2428,2396,2430,2428,34,32,34,32,FALSE,FALSE
573,26,2385,2439,2403,2385,2439,2403,2385,2439,2403,54,18,54,18,FALSE,FALSE
573,27,2329,2412,2351,2329,2412,2351,2329,2412,2351,83,22,83,22,FALSE,FALSE
573,28,2255,2345,2240,2255,2345,2240,2255,2345,2240,90,-15,90,15,FALSE,FALSE
573,29,2132,2280,2188,2132,2280,2188,2132,2280,2188,148,56,148,56,FALSE,FALSE
573,30,2014,2221,2085,2014,2221,2085,2014,2221,2085,207,71,207,71,FALSE,FALSE
573,31,1938,2126,1994,1938,2126,1994,1938,2126,1994,188,56,188,56,FALSE,FALSE
573,32,1847,2003,1892,1847,2003,1892,1847,2003,1892,156,45,156,45,FALSE,FALSE
573,33,1757,1899,1778,1757,1899,1778,1757,1899,1778,142,21,142,21,FALSE,FALSE
573,34,1646,1800,1658,1646,1800,1658,1646,1800,1658,154,12,154,12,FALSE,FALSE
573,35,1534,1707,1521,1534,1707,1521,1534,1707,1521,173,-13,173,13,FALSE,FALSE
573,36,1440,1599,1417,1440,1599,1417,1440,1599,1417,159,-23,159,23,FALSE,FALSE
573,37,1339,1511,1308,1339,1511,1308,1339,1511,1308,172,-31,172,31,FALSE,FALSE
573,38,1258,1423,1235,1258,1423,1235,1258,1423,1235,165,-23,165,23,FALSE,FALSE
573,39,1155,1320,1135,1155,1320,1135,1155,1320,1135,165,-20,165,20,FALSE,FALSE
573,40,1083,1241,1047,1083,1241,1047,1083,1241,1047,158,-36,158,36,FALSE,FALSE
573,41,1046,1137,965,1046,1137,965,1046,1137,965,91,-81,91,81,FALSE,FALSE
573,42,979,1064,894,979,1064,894,979,1064,894,85,-85,85,85,FALSE,FALSE
573,43,907,982,828,907,982,828,907,982,828,75,-79,75,79,FALSE,FALSE
573,44,802,901,728,802,901,728,802,901,728,99,-74,99,74,FALSE,FALSE
573,45,733,833,657,733,833,657,733,833,657,100,-76,100,76,FALSE,FALSE
573,46,673,764,609,673,764,609,673,764,609,91,-64,91,64,FALSE,FALSE
573,47,615,703,555,615,703,555,615,703,555,88,-60,88,60,FALSE,FALSE
573,48,557,634,490,557,634,490,557,634,490,77,-67,77,67,FALSE,FALSE
573,49,522,588,437,522,588,437,522,588,437,66,-85,66,85,FALSE,FALSE
573,50,490,532,397,490,532,397,490,532,397,42,-93,42,93,FALSE,FALSE
573,51,454,486,373,454,486,373,454,486,373,32,-81,32,81,FALSE,FALSE
573,52,410,445,341,410,445,341,410,445,341,35,-69,35,69,FALSE,FALSE
573,53,375,409,303,375,409,303,375,409,303,34,-72,34,72,FALSE,FALSE
573,54,338,372,279,338,372,279,338,372,279,34,-59,34,59,FALSE,FALSE
573,55,306,342,250,306,342,250,306,342,250,36,-56,36,56,FALSE,FALSE
573,56,274,314,231,274,314,231,274,314,231,40,-43,40,43,FALSE,FALSE
573,57,246,290,210,246,290,210,246,290,210,44,-36,44,36,FALSE,FALSE
573,58,222,257,190,222,257,190,222,257,190,35,-32,35,32,FALSE,FALSE
573,59,192,240,170,192,240,170,192,240,170,48,-22,48,22,FALSE,FALSE
573,60,172,219,164,172,219,164,172,219,164,47,-8,47,8,FALSE,FALSE
574,0,165,165,165,165,165,165,165,165,165,0,0,0,0,TRUE,TRUE
574,1,208,216,190,208,216,190,208,216,190,8,-18,8,18,FALSE,FALSE
574,2,267,272,237,267,272,237,267,272,237,5,-30,5,30,FALSE,FALSE
574,3,341,339,265,341,339,265,341,339,265,-2,-76,2,76,FALSE,FALSE
574,4,420,424,321,420,424,321,420,424,321,4,-99,4,99,FALSE,FALSE
574,5,533,504,420,533,504,420,533,504,420,-29,-113,29,113,FALSE,FALSE
574,6,658,619,551,658,619,551,658,619,551,-39,-107,39,107,FALSE,FALSE
574,7,799,763,683,799,763,683,799,763,683,-36,-116,36,116,FALSE,FALSE
574,8,962,923,825,962,923,825,962,923,825,-39,-137,39,137,FALSE,FALSE
574,9,1117,1082,994,1117,1082,994,1117,1082,994,-35,-123,35,123,FALSE,FALSE
574,10,1304,1277,1154,1304,1277,1154,1304,1277,1154,-27,-150,27,150,FALSE,FALSE
574,11,1513,1477,1326,1513,1477,1326,1513,1477,1326,-36,-187,36,187,FALSE,FALSE
574,12,1729,1753,1553,1729,1753,1553,1729,1753,1553,24,-176,24,176,FALSE,FALSE
574,13,1916,1944,1796,1916,1944,1796,1916,1944,1796,28,-120,28,120,FALSE,FALSE
574,14,2035,2167,1980,2035,2167,1980,2035,2167,1980,132,-55,132,55,FALSE,FALSE
574,15,2115,2286,2199,2115,2286,2199,2115,2286,2199,171,84,171,84,FALSE,FALSE
574,16,2175,2390,2353,2175,2390,2353,2175,2390,2353,215,178,215,178,FALSE,FALSE
574,17,2215,2435,2400,2215,2435,2400,2215,2435,2400,220,185,220,185,FALSE,FALSE
574,18,2246,2371,2408,2246,2371,2408,2246,2371,2408,125,162,125,162,FALSE,FALSE
574,19,2209,2301,2364,2209,2301,2364,2209,2301,2364,92,155,92,155,FALSE,FALSE
574,20,2090,2175,2311,2090,2175,2311,2090,2175,2311,85,221,85,221,FALSE,FALSE
574,21,1995,2045,2242,1995,2045,2242,1995,2045,2242,50,247,50,247,FALSE,FALSE
574,22,1879,1950,2152,1879,1950,2152,1879,1950,2152,71,273,71,273,FALSE,FALSE
574,23,1723,1831,1974,1723,1831,1974,1723,1831,1974,108,251,108,251,FALSE,FALSE
574,24,1574,1671,1786,1574,1671,1786,1574,1671,1786,97,212,97,212,FALSE,FALSE
574,25,1465,1522,1636,1465,1522,1636,1465,1522,1636,57,171,57,171,FALSE,FALSE
574,26,1330,1357,1522,1330,1357,1522,1330,1357,1522,27,192,27,192,FALSE,FALSE
574,27,1202,1173,1369,1202,1173,1369,1202,1173,1369,-29,167,29,167,FALSE,FALSE
574,28,1098,1058,1239,1098,1058,1239,1098,1058,1239,-40,141,40,141,FALSE,FALSE
574,29,980,973,1113,980,973,1113,980,973,1113,-7,133,7,133,FALSE,FALSE
574,30,878,873,1008,878,873,1008,878,873,1008,-5,130,5,130,FALSE,FALSE
574,31,790,776,883,790,776,883,790,776,883,-14,93,14,93,FALSE,FALSE
574,32,707,696,787,707,696,787,707,696,787,-11,80,11,80,FALSE,FALSE
574,33,622,634,676,622,634,676,622,634,676,12,54,12,54,FALSE,FALSE
574,34,557,546,597,557,546,597,557,546,597,-11,40,11,40,FALSE,FALSE
574,35,497,468,518,497,468,518,497,468,518,-29,21,29,21,FALSE,FALSE
574,36,434,400,469,434,400,469,434,400,469,-34,35,34,35,FALSE,FALSE
574,37,383,351,410,383,351,410,383,351,410,-32,27,32,27,FALSE,FALSE
574,38,347,315,352,347,315,352,347,315,352,-32,5,32,5,FALSE,FALSE
574,39,313,282,308,313,282,308,313,282,308,-31,-5,31,5,FALSE,FALSE
574,40,275,249,281,275,249,281,275,249,281,-26,6,26,6,FALSE,FALSE
574,41,233,201,248,233,201,248,233,201,248,-32,15,32,15,FALSE,FALSE
574,42,205,181,191,205,181,191,205,181,191,-24,-14,24,14,FALSE,FALSE
574,43,193,148,158,193,148,158,193,148,158,-45,-35,45,35,FALSE,FALSE
574,44,167,136,133,167,136,133,167,136,133,-31,-34,31,34,FALSE,FALSE
574,45,150,122,108,150,122,108,150,122,108,-28,-42,28,42,FALSE,FALSE
574,46,137,107,98,137,107,98,137,107,98,-30,-39,30,39,FALSE,FALSE
574,47,121,96,81,121,96,81,121,96,81,-25,-40,25,40,FALSE,FALSE
574,48,116,86,75,116,86,75,116,86,75,-30,-41,30,41,FALSE,FALSE
574,49,99,72,65,99,72,65,99,72,65,-27,-34,27,34,FALSE,FALSE
574,50,91,60,58,91,60,58,91,60,58,-31,-33,31,33,FALSE,FALSE
574,51,71,54,51,71,54,51,71,54,51,-17,-20,17,20,FALSE,FALSE
574,52,58,47,42,58,47,42,58,47,42,-11,-16,11,16,FALSE,FALSE
574,53,52,41,44,52,41,44,52,41,44,-11,-8,11,8,FALSE,FALSE
574,54,46,39,41,46,39,41,46,39,41,-7,-5,7,5,FALSE,FALSE
574,55,38,33,36,38,33,36,38,33,36,-5,-2,5,2,FALSE,FALSE
574,56,30,28,29,30,28,29,30,28,29,-2,-1,2,1,FALSE,FALSE
574,57,26,24,22,26,24,22,26,24,22,-2,-4,2,4,FALSE,FALSE
574,58,21,23,18,21,23,18,21,23,18,2,-3,2,3,FALSE,FALSE
574,59,21,20,18,21,20,18,21,20,18,-1,-3,1,3,FALSE,FALSE
574,60,17,19,16,17,19,16,17,19,16,2,-1,2,1,FALSE,FALSE
575,0,85,85,85,85,85,85,85,85,85,0,0,0,0,TRUE,TRUE
575,1,126,135,146,126,135,146,126,135,146,9,20,9,20,FALSE,FALSE
575,2,210,233,206,210,233,206,210,233,206,23,-4,23,4,FALSE,FALSE
575,3,329,361,333,329,361,333,329,361,333,32,4,32,4,FALSE,FALSE
575,4,526,575,540,526,575,540,526,575,540,49,14,49,14,FALSE,FALSE
575,5,785,881,807,785,881,807,785,881,807,96,22,96,22,FALSE,FALSE
575,6,1131,1293,1181,1131,1293,1181,1131,1293,1181,162,50,162,50,FALSE,FALSE
575,7,1485,1653,1601,1485,1653,1601,1485,1653,1601,168,116,168,116,FALSE,FALSE
575,8,1852,1994,1949,1852,1994,1949,1852,1994,1949,142,97,142,97,FALSE,FALSE
575,9,2130,2212,2220,2130,2212,2220,2130,2212,2220,82,90,82,90,FALSE,FALSE
575,10,2315,2281,2294,2315,2281,2294,2315,2281,2294,-34,-21,34,21,FALSE,FALSE
575,11,2319,2264,2285,2319,2264,2285,2319,2264,2285,-55,-34,55,34,FALSE,FALSE
575,12,2204,2178,2251,2204,2178,2251,2204,2178,2251,-26,47,26,47,FALSE,FALSE
575,13,2035,2015,2074,2035,2015,2074,2035,2015,2074,-20,39,20,39,FALSE,FALSE
575,14,1845,1796,1847,1845,1796,1847,1845,1796,1847,-49,2,49,2,FALSE,FALSE
575,15,1621,1600,1620,1621,1600,1620,1621,1600,1620,-21,-1,21,1,FALSE,FALSE
575,16,1421,1408,1423,1421,1408,1423,1421,1408,1423,-13,2,13,2,FALSE,FALSE
575,17,1252,1228,1224,1252,1228,1224,1252,1228,1224,-24,-28,24,28,FALSE,FALSE
575,18,1055,1067,1039,1055,1067,1039,1055,1067,1039,12,-16,12,16,FALSE,FALSE
575,19,887,914,890,887,914,890,887,914,890,27,3,27,3,FALSE,FALSE
575,20,750,769,766,750,769,766,750,769,766,19,16,19,16,FALSE,FALSE
575,21,647,665,649,647,665,649,647,665,649,18,2,18,2,FALSE,FALSE
575,22,525,542,548,525,542,548,525,542,548,17,23,17,23,FALSE,FALSE
575,23,449,466,474,449,466,474,449,466,474,17,25,17,25,FALSE,FALSE
575,24,381,400,394,381,400,394,381,400,394,19,13,19,13,FALSE,FALSE
575,25,326,326,338,326,326,338,326,326,338,0,12,0,12,TRUE,FALSE
575,26,271,285,284,271,285,284,271,285,284,14,13,14,13,FALSE,FALSE
575,27,227,240,234,227,240,234,227,240,234,13,7,13,7,FALSE,FALSE
575,28,184,204,204,184,204,204,184,204,204,20,20,20,20,FALSE,FALSE
575,29,160,175,178,160,175,178,160,175,178,15,18,15,18,FALSE,FALSE
575,30,136,145,146,136,145,146,136,145,146,9,10,9,10,FALSE,FALSE
575,31,111,128,116,111,128,116,111,128,116,17,5,17,5,FALSE,FALSE
575,32,91,108,102,91,108,102,91,108,102,17,11,17,11,FALSE,FALSE
575,33,69,91,87,69,91,87,69,91,87,22,18,22,18,FALSE,FALSE
575,34,62,76,76,62,76,76,62,76,76,14,14,14,14,FALSE,FALSE
575,35,53,64,67,53,64,67,53,64,67,11,14,11,14,FALSE,FALSE
575,36,42,51,59,42,51,59,42,51,59,9,17,9,17,FALSE,FALSE
575,37,31,44,54,31,44,54,31,44,54,13,23,13,23,FALSE,FALSE
575,38,28,38,44,28,38,44,28,38,44,10,16,10,16,FALSE,FALSE
575,39,26,34,37,26,34,37,26,34,37,8,11,8,11,FALSE,FALSE
575,40,20,28,33,20,28,33,20,28,33,8,13,8,13,FALSE,FALSE
575,41,13,24,30,13,24,30,13,24,30,11,17,11,17,FALSE,FALSE
575,42,11,21,23,11,21,23,11,21,23,10,12,10,12,FALSE,FALSE
575,43,8,16,18,8,16,18,8,16,18,8,10,8,10,FALSE,FALSE
575,44,7,12,15,7,12,15,7,12,15,5,8,5,8,FALSE,FALSE
575,45,6,12,14,6,12,14,6,12,14,6,8,6,8,FALSE,FALSE
575,46,6,9,11,6,9,11,6,9,11,3,5,3,5,FALSE,FALSE
575,47,4,9,10,4,9,10,4,9,10,5,6,5,6,FALSE,FALSE
575,48,2,8,6,2,8,6,2,8,6,6,4,6,4,FALSE,FALSE
575,49,2,7,6,2,7,6,2,7,6,5,4,5,4,FALSE,FALSE
575,50,2,6,5,2,6,5,2,6,5,4,3,4,3,FALSE,FALSE
575,51,1,4,4,1,4,4,1,4,4,3,3,3,3,FALSE,FALSE
575,52,1,3,3,1,3,3,1,3,3,2,2,2,2,FALSE,FALSE
575,53,1,2,1,1,2,1,1,2,1,1,0,1,0,FALSE,TRUE
575,54,1,2,1,1,2,1,1,2,1,1,0,1,0,FALSE,TRUE
575,55,0,2,1,0,2,1,0,2,1,2,1,2,1,FALSE,FALSE
575,56,0,2,1,0,2,1,0,2,1,2,1,2,1,FALSE,FALSE
575,57,0,1,1,0,1,1,0,1,1,1,1,1,1,FALSE,FALSE
575,58,0,1,1,0,1,1,0,1,1,1,1,1,1,FALSE,FALSE
575,59,0,1,1,0,1,1,0,1,1,1,1,1,1,FALSE,FALSE
575,60,0,1,1,0,1,1,0,1,1,1,1,1,1,FALSE,FALSE
576,0,170,170,170,170,170,170,170,170,170,0,0,0,0,TRUE,TRUE
576,1,226,225,235,226,225,235,226,225,235,-1,9,1,9,FALSE,FALSE
576,2,294,289,303,294,289,303,294,289,303,-5,9,5,9,FALSE,FALSE
576,3,386,360,375,386,360,375,386,360,375,-26,-11,26,11,FALSE,FALSE
576,4,492,465,471,492,465,471,492,465,471,-27,-21,27,21,FALSE,FALSE
576,5,667,564,614,667,564,614,667,564,614,-103,-53,103,53,FALSE,FALSE
576,6,855,710,768,855,710,768,855,710,768,-145,-87,145,87,FALSE,FALSE
576,7,1030,908,984,1030,908,984,1030,908,984,-122,-46,122,46,FALSE,FALSE
576,8,1268,1125,1233,1268,1125,1233,1268,1125,1233,-143,-35,143,35,FALSE,FALSE
576,9,1539,1347,1471,1539,1347,1471,1539,1347,1471,-192,-68,192,68,FALSE,FALSE
576,10,1837,1648,1764,1837,1648,1764,1837,1648,1764,-189,-73,189,73,FALSE,FALSE
576,11,2175,1913,2113,2175,1913,2113,2175,1913,2113,-262,-62,262,62,FALSE,FALSE
576,12,2521,2196,2439,2521,2196,2439,2521,2196,2439,-325,-82,325,82,FALSE,FALSE
576,13,2912,2524,2794,2912,2524,2794,2912,2524,2794,-388,-118,388,118,FALSE,FALSE
576,14,3220,2869,3124,3220,2869,3124,3220,2869,3124,-351,-96,351,96,FALSE,FALSE
576,15,3466,3173,3418,3466,3173,3418,3466,3173,3418,-293,-48,293,48,FALSE,FALSE
576,16,3703,3433,3626,3703,3433,3626,3703,3433,3626,-270,-77,270,77,FALSE,FALSE
576,17,3881,3648,3861,3881,3648,3861,3881,3648,3861,-233,-20,233,20,FALSE,FALSE
576,18,4006,3854,3993,4006,3854,3993,4006,3854,3993,-152,-13,152,13,FALSE,FALSE
576,19,4068,3915,4037,4068,3915,4037,4068,3915,4037,-153,-31,153,31,FALSE,FALSE
576,20,4028,3952,4004,4028,3952,4004,4028,3952,4004,-76,-24,76,24,FALSE,FALSE
576,21,3988,3965,3977,3988,3965,3977,3988,3965,3977,-23,-11,23,11,FALSE,FALSE
576,22,3871,3886,3923,3871,3886,3923,3871,3886,3923,15,52,15,52,FALSE,FALSE
576,23,3714,3823,3832,3714,3823,3832,3714,3823,3832,109,118,109,118,FALSE,FALSE
576,24,3550,3706,3641,3550,3706,3641,3550,3706,3641,156,91,156,91,FALSE,FALSE
576,25,3377,3518,3423,3377,3518,3423,3377,3518,3423,141,46,141,46,FALSE,FALSE
576,26,3186,3386,3242,3186,3386,3242,3186,3386,3242,200,56,200,56,FALSE,FALSE
576,27,3007,3187,3088,3007,3187,3088,3007,3187,3088,180,81,180,81,FALSE,FALSE
576,28,2873,2996,2884,2873,2996,2884,2873,2996,2884,123,11,123,11,FALSE,FALSE
576,29,2691,2811,2705,2691,2811,2705,2691,2811,2705,120,14,120,14,FALSE,FALSE
576,30,2467,2609,2499,2467,2609,2499,2467,2609,2499,142,32,142,32,FALSE,FALSE
576,31,2317,2401,2346,2317,2401,2346,2317,2401,2346,84,29,84,29,FALSE,FALSE
576,32,2167,2230,2188,2167,2230,2188,2167,2230,2188,63,21,63,21,FALSE,FALSE
576,33,1990,2056,2035,1990,2056,2035,1990,2056,2035,66,45,66,45,FALSE,FALSE
576,34,1851,1906,1879,1851,1906,1879,1851,1906,1879,55,28,55,28,FALSE,FALSE
576,35,1723,1736,1735,1723,1736,1735,1723,1736,1735,13,12,13,12,FALSE,FALSE
576,36,1585,1591,1595,1585,1591,1595,1585,1591,1595,6,10,6,10,FALSE,FALSE
576,37,1482,1469,1456,1482,1469,1456,1482,1469,1456,-13,-26,13,26,FALSE,FALSE
576,38,1361,1354,1331,1361,1354,1331,1361,1354,1331,-7,-30,7,30,FALSE,FALSE
576,39,1247,1233,1217,1247,1233,1217,1247,1233,1217,-14,-30,14,30,FALSE,FALSE
576,40,1137,1135,1118,1137,1135,1118,1137,1135,1118,-2,-19,2,19,FALSE,FALSE
576,41,1039,1040,1022,1039,1040,1022,1039,1040,1022,1,-17,1,17,FALSE,FALSE
576,42,960,961,922,960,961,922,960,961,922,1,-38,1,38,FALSE,FALSE
576,43,886,875,845,886,875,845,886,875,845,-11,-41,11,41,FALSE,FALSE
576,44,814,791,774,814,791,774,814,791,774,-23,-40,23,40,FALSE,FALSE
576,45,754,736,710,754,736,710,754,736,710,-18,-44,18,44,FALSE,FALSE
576,46,689,671,632,689,671,632,689,671,632,-18,-57,18,57,FALSE,FALSE
576,47,612,623,594,612,623,594,612,623,594,11,-18,11,18,FALSE,FALSE
576,48,560,580,565,560,580,565,560,580,565,20,5,20,5,FALSE,FALSE
576,49,501,532,524,501,532,524,501,532,524,31,23,31,23,FALSE,FALSE
576,50,456,486,485,456,486,485,456,486,485,30,29,30,29,FALSE,FALSE
576,51,421,443,443,421,443,443,421,443,443,22,22,22,22,FALSE,FALSE
576,52,386,406,402,386,406,402,386,406,402,20,16,20,16,FALSE,FALSE
576,53,353,384,370,353,384,370,353,384,370,31,17,31,17,FALSE,FALSE
576,54,321,356,334,321,356,334,321,356,334,35,13,35,13,FALSE,FALSE
576,55,292,318,305,292,318,305,292,318,305,26,13,26,13,FALSE,FALSE
576,56,269,295,279,269,295,279,269,295,279,26,10,26,10,FALSE,FALSE
576,57,234,264,260,234,264,260,234,264,260,30,26,30,26,FALSE,FALSE
576,58,215,241,241,215,241,241,215,241,241,26,26,26,26,FALSE,FALSE
576,59,197,219,221,197,219,221,197,219,221,22,24,22,24,FALSE,FALSE
576,60,179,201,209,179,201,209,179,201,209,22,30,22,30,FALSE,FALSE
577,0,148,148,148,148,148,148,148,148,148,0,0,0,0,TRUE,TRUE
577,1,230,237,211,230,237,211,230,237,211,7,-19,7,19,FALSE,FALSE
577,2,353,340,322,353,340,322,353,340,322,-13,-31,13,31,FALSE,FALSE
577,3,560,483,485,560,483,485,560,483,485,-77,-75,77,75,FALSE,FALSE
577,4,786,713,728,786,713,728,786,713,728,-73,-58,73,58,FALSE,FALSE
577,5,1102,964,1014,1102,964,1014,1102,964,1014,-138,-88,138,88,FALSE,FALSE
577,6,1494,1310,1393,1494,1310,1393,1494,1310,1393,-184,-101,184,101,FALSE,FALSE
577,7,1919,1635,1723,1919,1635,1723,1919,1635,1723,-284,-196,284,196,FALSE,FALSE
577,8,2276,2014,2043,2276,2014,2043,2276,2014,2043,-262,-233,262,233,FALSE,FALSE
577,9,2497,2293,2298,2497,2293,2298,2497,2293,2298,-204,-199,204,199,FALSE,FALSE
577,10,2626,2435,2499,2626,2435,2499,2626,2435,2499,-191,-127,191,127,FALSE,FALSE
577,11,2513,2394,2462,2513,2394,2462,2513,2394,2462,-119,-51,119,51,FALSE,FALSE
577,12,2373,2298,2390,2373,2298,2390,2373,2298,2390,-75,17,75,17,FALSE,FALSE
577,13,2157,2078,2189,2157,2078,2189,2157,2078,2189,-79,32,79,32,FALSE,FALSE
577,14,1896,1823,1949,1896,1823,1949,1896,1823,1949,-73,53,73,53,FALSE,FALSE
577,15,1613,1606,1684,1613,1606,1684,1613,1606,1684,-7,71,7,71,FALSE,FALSE
577,16,1372,1350,1421,1372,1350,1421,1372,1350,1421,-22,49,22,49,FALSE,FALSE
577,17,1141,1143,1182,1141,1143,1182,1141,1143,1182,2,41,2,41,FALSE,FALSE
577,18,929,928,964,929,928,964,929,928,964,-1,35,1,35,FALSE,FALSE
577,19,754,765,800,754,765,800,754,765,800,11,46,11,46,FALSE,FALSE
577,20,619,630,633,619,630,633,619,630,633,11,14,11,14,FALSE,FALSE
577,21,497,525,517,497,525,517,497,525,517,28,20,28,20,FALSE,FALSE
577,22,408,436,421,408,436,421,408,436,421,28,13,28,13,FALSE,FALSE
577,23,297,354,350,297,354,350,297,354,350,57,53,57,53,FALSE,FALSE
577,24,241,277,285,241,277,285,241,277,285,36,44,36,44,FALSE,FALSE
577,25,193,217,226,193,217,226,193,217,226,24,33,24,33,FALSE,FALSE
577,26,161,171,178,161,171,178,161,171,178,10,17,10,17,FALSE,FALSE
577,27,116,135,146,116,135,146,116,135,146,19,30,19,30,FALSE,FALSE
577,28,99,105,113,99,105,113,99,105,113,6,14,6,14,FALSE,FALSE
577,29,82,86,89,82,86,89,82,86,89,4,7,4,7,FALSE,FALSE
577,30,68,67,67,68,67,67,68,67,67,-1,-1,1,1,FALSE,FALSE
577,31,54,57,50,54,57,50,54,57,50,3,-4,3,4,FALSE,FALSE
577,32,44,38,41,44,38,41,44,38,41,-6,-3,6,3,FALSE,FALSE
577,33,36,35,35,36,35,35,36,35,35,-1,-1,1,1,FALSE,FALSE
577,34,31,28,28,31,28,28,31,28,28,-3,-3,3,3,FALSE,FALSE
577,35,22,25,24,22,25,24,22,25,24,3,2,3,2,FALSE,FALSE
577,36,20,22,17,20,22,17,20,22,17,2,-3,2,3,FALSE,FALSE
577,37,14,17,15,14,17,15,14,17,15,3,1,3,1,FALSE,FALSE
577,38,14,16,11,14,16,11,14,16,11,2,-3,2,3,FALSE,FALSE
577,39,10,9,5,10,9,5,10,9,5,-1,-5,1,5,FALSE,FALSE
577,40,6,7,4,6,7,4,6,7,4,1,-2,1,2,FALSE,FALSE
577,41,5,4,3,5,4,3,5,4,3,-1,-2,1,2,FALSE,FALSE
577,42,4,2,3,4,2,3,4,2,3,-2,-1,2,1,FALSE,FALSE
577,43,3,2,2,3,2,2,3,2,2,-1,-1,1,1,FALSE,FALSE
577,44,3,1,1,3,1,1,3,1,1,-2,-2,2,2,FALSE,FALSE
577,45,2,1,1,2,1,1,2,1,1,-1,-1,1,1,FALSE,FALSE
577,46,1,1,1,1,1,1,1,1,1,0,0,0,0,TRUE,TRUE
577,47,1,1,1,1,1,1,1,1,1,0,0,0,0,TRUE,TRUE
577,48,1,1,1,1,1,1,1,1,1,0,0,0,0,TRUE,TRUE
577,49,1,0,1,1,0,1,1,0,1,-1,0,1,0,FALSE,TRUE
577,50,1,0,0,1,0,0,1,0,0,-1,-1,1,1,FALSE,FALSE
577,51,1,0,0,1,0,0,1,0,0,-1,-1,1,1,FALSE,FALSE
577,52,1,0,0,1,0,0,1,0,0,-1,-1,1,1,FALSE,FALSE
577,53,1,0,0,1,0,0,1,0,0,-1,-1,1,1,FALSE,FALSE
577,54,1,0,0,1,0,0,1,0,0,-1,-1,1,1,FALSE,FALSE
577,55,1,0,0,1,0,0,1,0,0,-1,-1,1,1,FALSE,FALSE
577,56,1,0,0,1,0,0,1,0,0,-1,-1,1,1,FALSE,FALSE
577,57,1,0,0,1,0,0,1,0,0,-1,-1,1,1,FALSE,FALSE
577,58,0,0,0,0,0,0,0,0,0,0,0,0,0,TRUE,TRUE
577,59,0,0,0,0,0,0,0,0,0,0,0,0,0,TRUE,TRUE
577,60,0,0,0,0,0,0,0,0,0,0,0,0,0,TRUE,TRUE
578,0,44,44,44,44,44,44,44,44,44,0,0,0,0,TRUE,TRUE
578,1,58,43,75,58,43,75,58,43,75,-15,17,15,17,FALSE,FALSE
578,2,90,42,121,90,42,121,90,42,121,-48,31,48,31,FALSE,FALSE
578,3,136,46,191,136,46,191,136,46,191,-90,55,90,55,FALSE,FALSE
578,4,201,45,288,201,45,288,201,45,288,-156,87,156,87,FALSE,FALSE
578,5,310,45,406,310,45,406,310,45,406,-265,96,265,96,FALSE,FALSE
578,6,460,46,634,460,46,634,460,46,634,-414,174,414,174,FALSE,FALSE
578,7,655,47,932,655,47,932,655,47,932,-608,277,608,277,FALSE,FALSE
578,8,933,48,1323,933,48,1323,933,48,1323,-885,390,885,390,FALSE,FALSE
578,9,1284,46,1728,1284,46,1728,1284,46,1728,-1238,444,1238,444,FALSE,FALSE
578,10,1623,41,2076,1623,41,2076,1623,41,2076,-1582,453,1582,453,FALSE,FALSE
578,11,1942,46,2359,1942,46,2359,1942,46,2359,-1896,417,1896,417,FALSE,FALSE
578,12,2187,42,2505,2187,42,2505,2187,42,2505,-2145,318,2145,318,FALSE,FALSE
578,13,2373,45,2491,2373,45,2491,2373,45,2491,-2328,118,2328,118,FALSE,FALSE
578,14,2410,47,2364,2410,47,2364,2410,47,2364,-2363,-46,2363,46,FALSE,FALSE
578,15,2289,47,2160,2289,47,2160,2289,47,2160,-2242,-129,2242,129,FALSE,FALSE
578,16,2131,43,1879,2131,43,1879,2131,43,1879,-2088,-252,2088,252,FALSE,FALSE
578,17,1915,44,1694,1915,44,1694,1915,44,1694,-1871,-221,1871,221,FALSE,FALSE
578,18,1659,47,1450,1659,47,1450,1659,47,1450,-1612,-209,1612,209,FALSE,FALSE
578,19,1438,55,1232,1438,55,1232,1438,55,1232,-1383,-206,1383,206,FALSE,FALSE
578,20,1222,54,1035,1222,54,1035,1222,54,1035,-1168,-187,1168,187,FALSE,FALSE
578,21,1058,57,867,1058,57,867,1058,57,867,-1001,-191,1001,191,FALSE,FALSE
578,22,897,59,716,897,59,716,897,59,716,-838,-181,838,181,FALSE,FALSE
578,23,772,56,592,772,56,592,772,56,592,-716,-180,716,180,FALSE,FALSE
578,24,639,58,471,639,58,471,639,58,471,-581,-168,581,168,FALSE,FALSE
578,25,540,52,396,540,52,396,540,52,396,-488,-144,488,144,FALSE,FALSE
578,26,460,51,320,460,51,320,460,51,320,-409,-140,409,140,FALSE,FALSE
578,27,377,46,262,377,46,262,377,46,262,-331,-115,331,115,FALSE,FALSE
578,28,307,42,209,307,42,209,307,42,209,-265,-98,265,98,FALSE,FALSE
578,29,267,39,178,267,39,178,267,39,178,-228,-89,228,89,FALSE,FALSE
578,30,220,38,141,220,38,141,220,38,141,-182,-79,182,79,FALSE,FALSE
578,31,187,38,111,187,38,111,187,38,111,-149,-76,149,76,FALSE,FALSE
578,32,152,35,94,152,35,94,152,35,94,-117,-58,117,58,FALSE,FALSE
578,33,125,41,78,125,41,78,125,41,78,-84,-47,84,47,FALSE,FALSE
578,34,102,45,56,102,45,56,102,45,56,-57,-46,57,46,FALSE,FALSE
578,35,94,42,48,94,42,48,94,42,48,-52,-46,52,46,FALSE,FALSE
578,36,83,46,43,83,46,43,83,46,43,-37,-40,37,40,FALSE,FALSE
578,37,71,47,35,71,47,35,71,47,35,-24,-36,24,36,FALSE,FALSE
578,38,60,40,25,60,40,25,60,40,25,-20,-35,20,35,FALSE,FALSE
578,39,51,43,22,51,43,22,51,43,22,-8,-29,8,29,FALSE,FALSE
578,40,43,43,15,43,43,15,43,43,15,0,-28,0,28,TRUE,FALSE
578,41,37,43,10,37,43,10,37,43,10,6,-27,6,27,FALSE,FALSE
578,42,27,43,8,27,43,8,27,43,8,16,-19,16,19,FALSE,FALSE
578,43,25,47,6,25,47,6,25,47,6,22,-19,22,19,FALSE,FALSE
578,44,20,48,4,20,48,4,20,48,4,28,-16,28,16,FALSE,FALSE
578,45,18,45,4,18,45,4,18,45,4,27,-14,27,14,FALSE,FALSE
578,46,16,45,3,16,45,3,16,45,3,29,-13,29,13,FALSE,FALSE
578,47,13,47,3,13,47,3,13,47,3,34,-10,34,10,FALSE,FALSE
578,48,10,42,2,10,42,2,10,42,2,32,-8,32,8,FALSE,FALSE
578,49,8,42,2,8,42,2,8,42,2,34,-6,34,6,FALSE,FALSE
578,50,5,43,2,5,43,2,5,43,2,38,-3,38,3,FALSE,FALSE
578,51,3,42,2,3,42,2,3,42,2,39,-1,39,1,FALSE,FALSE
578,52,2,39,2,2,39,2,2,39,2,37,0,37,0,FALSE,TRUE
578,53,2,39,2,2,39,2,2,39,2,37,0,37,0,FALSE,TRUE
578,54,2,40,1,2,40,1,2,40,1,38,-1,38,1,FALSE,FALSE
578,55,1,38,1,1,38,1,1,38,1,37,0,37,0,FALSE,TRUE
578,56,1,35,1,1,35,1,1,35,1,34,0,34,0,FALSE,TRUE
578,57,1,34,0,1,34,0,1,34,0,33,-1,33,1,FALSE,FALSE
578,58,1,33,0,1,33,0,1,33,0,32,-1,32,1,FALSE,FALSE
578,59,1,37,0,1,37,0,1,37,0,36,-1,36,1,FALSE,FALSE
578,60,1,38,0,1,38,0,1,38,0,37,-1,37,1,FALSE,FALSE
579,0,108,108,108,108,108,108,108,108,108,0,0,0,0,TRUE,TRUE
579,1,138,137,146,138,137,146,138,137,146,-1,8,1,8,FALSE,FALSE
579,2,184,186,203,184,186,203,184,186,203,2,19,2,19,FALSE,FALSE
579,3,230,263,273,230,263,273,230,263,273,33,43,33,43,FALSE,FALSE
579,4,300,353,359,300,353,359,300,353,359,53,59,53,59,FALSE,FALSE
579,5,406,454,485,406,454,485,406,454,485,48,79,48,79,FALSE,FALSE
579,6,519,578,648,519,578,648,519,578,648,59,129,59,129,FALSE,FALSE
579,7,700,742,840,700,742,840,700,742,840,42,140,42,140,FALSE,FALSE
579,8,887,924,1069,887,924,1069,887,924,1069,37,182,37,182,FALSE,FALSE
579,9,1133,1118,1312,1133,1118,1312,1133,1118,1312,-15,179,15,179,FALSE,FALSE
579,10,1356,1371,1573,1356,1371,1573,1356,1371,1573,15,217,15,217,FALSE,FALSE
579,11,1610,1574,1804,1610,1574,1804,1610,1574,1804,-36,194,36,194,FALSE,FALSE
579,12,1850,1768,2015,1850,1768,2015,1850,1768,2015,-82,165,82,165,FALSE,FALSE
579,13,2018,1888,2148,2018,1888,2148,2018,1888,2148,-130,130,130,130,FALSE,FALSE
579,14,2131,1990,2237,2131,1990,2237,2131,1990,2237,-141,106,141,106,FALSE,FALSE
579,15,2179,2070,2206,2179,2070,2206,2179,2070,2206,-109,27,109,27,FALSE,FALSE
579,16,2199,2111,2155,2199,2111,2155,2199,2111,2155,-88,-44,88,44,FALSE,FALSE
579,17,2140,2094,2085,2140,2094,2085,2140,2094,2085,-46,-55,46,55,FALSE,FALSE
579,18,2094,2014,1943,2094,2014,1943,2094,2014,1943,-80,-151,80,151,FALSE,FALSE
579,19,1986,1933,1816,1986,1933,1816,1986,1933,1816,-53,-170,53,170,FALSE,FALSE
579,20,1829,1800,1666,1829,1800,1666,1829,1800,1666,-29,-163,29,163,FALSE,FALSE
579,21,1680,1641,1513,1680,1641,1513,1680,1641,1513,-39,-167,39,167,FALSE,FALSE
579,22,1542,1529,1359,1542,1529,1359,1542,1529,1359,-13,-183,13,183,FALSE,FALSE
579,23,1399,1382,1212,1399,1382,1212,1399,1382,1212,-17,-187,17,187,FALSE,FALSE
579,24,1270,1271,1092,1270,1271,1092,1270,1271,1092,1,-178,1,178,FALSE,FALSE
579,25,1151,1157,981,1151,1157,981,1151,1157,981,6,-170,6,170,FALSE,FALSE
579,26,1035,1046,863,1035,1046,863,1035,1046,863,11,-172,11,172,FALSE,FALSE
579,27,914,950,768,914,950,768,914,950,768,36,-146,36,146,FALSE,FALSE
579,28,829,856,680,829,856,680,829,856,680,27,-149,27,149,FALSE,FALSE
579,29,741,747,611,741,747,611,741,747,611,6,-130,6,130,FALSE,FALSE
579,30,661,650,517,661,650,517,661,650,517,-11,-144,11,144,FALSE,FALSE
579,31,582,568,442,582,568,442,582,568,442,-14,-140,14,140,FALSE,FALSE
579,32,513,493,400,513,493,400,513,493,400,-20,-113,20,113,FALSE,FALSE
579,33,448,442,353,448,442,353,448,442,353,-6,-95,6,95,FALSE,FALSE
579,34,399,395,303,399,395,303,399,395,303,-4,-96,4,96,FALSE,FALSE
579,35,365,351,273,365,351,273,365,351,273,-14,-92,14,92,FALSE,FALSE
579,36,331,318,234,331,318,234,331,318,234,-13,-97,13,97,FALSE,FALSE
579,37,287,286,217,287,286,217,287,286,217,-1,-70,1,70,FALSE,FALSE
579,38,247,247,191,247,247,191,247,247,191,0,-56,0,56,TRUE,FALSE
579,39,211,215,172,211,215,172,211,215,172,4,-39,4,39,FALSE,FALSE
579,40,190,190,158,190,190,158,190,190,158,0,-32,0,32,TRUE,FALSE
579,41,160,169,134,160,169,134,160,169,134,9,-26,9,26,FALSE,FALSE
579,42,144,149,119,144,149,119,144,149,119,5,-25,5,25,FALSE,FALSE
579,43,131,128,101,131,128,101,131,128,101,-3,-30,3,30,FALSE,FALSE
579,44,110,111,83,110,111,83,110,111,83,1,-27,1,27,FALSE,FALSE
579,45,99,97,76,99,97,76,99,97,76,-2,-23,2,23,FALSE,FALSE
579,46,90,95,65,90,95,65,90,95,65,5,-25,5,25,FALSE,FALSE
579,47,72,82,58,72,82,58,72,82,58,10,-14,10,14,FALSE,FALSE
579,48,61,73,47,61,73,47,61,73,47,12,-14,12,14,FALSE,FALSE
579,49,53,66,44,53,66,44,53,66,44,13,-9,13,9,FALSE,FALSE
579,50,49,62,41,49,62,41,49,62,41,13,-8,13,8,FALSE,FALSE
579,51,45,55,37,45,55,37,45,55,37,10,-8,10,8,FALSE,FALSE
579,52,38,47,34,38,47,34,38,47,34,9,-4,9,4,FALSE,FALSE
579,53,33,42,29,33,42,29,33,42,29,9,-4,9,4,FALSE,FALSE
579,54,27,41,29,27,41,29,27,41,29,14,2,14,2,FALSE,FALSE
579,55,24,30,25,24,30,25,24,30,25,6,1,6,1,FALSE,FALSE
579,56,22,23,20,22,23,20,22,23,20,1,-2,1,2,FALSE,FALSE
579,57,17,22,16,17,22,16,17,22,16,5,-1,5,1,FALSE,FALSE
579,58,18,20,11,18,20,11,18,20,11,2,-7,2,7,FALSE,FALSE
579,59,16,18,9,16,18,9,16,18,9,2,-7,2,7,FALSE,FALSE
579,60,11,16,9,11,16,9,11,16,9,5,-2,5,2,FALSE,FALSE
580,0,96,96,96,96,96,96,96,96,96,0,0,0,0,TRUE,TRUE
580,1,116,117,112,116,117,112,116,117,112,1,-4,1,4,FALSE,FALSE
580,2,124,134,133,124,134,133,124,134,133,10,9,10,9,FALSE,FALSE
580,3,142,148,152,142,148,152,142,148,152,6,10,6,10,FALSE,FALSE
580,4,169,168,175,169,168,175,169,168,175,-1,6,1,6,FALSE,FALSE
580,5,182,187,199,182,187,199,182,187,199,5,17,5,17,FALSE,FALSE
580,6,211,207,230,211,207,230,211,207,230,-4,19,4,19,FALSE,FALSE
580,7,239,241,268,239,241,268,239,241,268,2,29,2,29,FALSE,FALSE
580,8,267,286,310,267,286,310,267,286,310,19,43,19,43,FALSE,FALSE
580,9,301,328,348,301,328,348,301,328,348,27,47,27,47,FALSE,FALSE
580,10,343,378,423,343,378,423,343,378,423,35,80,35,80,FALSE,FALSE
580,11,385,430,506,385,430,506,385,430,506,45,121,45,121,FALSE,FALSE
580,12,434,494,568,434,494,568,434,494,568,60,134,60,134,FALSE,FALSE
580,13,486,540,639,486,540,639,486,540,639,54,153,54,153,FALSE,FALSE
580,14,539,605,686,539,605,686,539,605,686,66,147,66,147,FALSE,FALSE
580,15,607,682,787,607,682,787,607,682,787,75,180,75,180,FALSE,FALSE
580,16,693,752,857,693,752,857,693,752,857,59,164,59,164,FALSE,FALSE
580,17,781,842,951,781,842,951,781,842,951,61,170,61,170,FALSE,FALSE
580,18,856,919,1033,856,919,1033,856,919,1033,63,177,63,177,FALSE,FALSE
580,19,948,1025,1121,948,1025,1121,948,1025,1121,77,173,77,173,FALSE,FALSE
580,20,1055,1083,1200,1055,1083,1200,1055,1083,1200,28,145,28,145,FALSE,FALSE
580,21,1153,1166,1262,1153,1166,1262,1153,1166,1262,13,109,13,109,FALSE,FALSE
580,22,1247,1262,1336,1247,1262,1336,1247,1262,1336,15,89,15,89,FALSE,FALSE
580,23,1336,1341,1394,1336,1341,1394,1336,1341,1394,5,58,5,58,FALSE,FALSE
580,24,1415,1425,1448,1415,1425,1448,1415,1425,1448,10,33,10,33,FALSE,FALSE
580,25,1478,1460,1494,1478,1460,1494,1478,1460,1494,-18,16,18,16,FALSE,FALSE
580,26,1535,1523,1544,1535,1523,1544,1535,1523,1544,-12,9,12,9,FALSE,FALSE
580,27,1558,1587,1567,1558,1587,1567,1558,1587,1567,29,9,29,9,FALSE,FALSE
580,28,1608,1595,1593,1608,1595,1593,1608,1595,1593,-13,-15,13,15,FALSE,FALSE
580,29,1619,1614,1586,1619,1614,1586,1619,1614,1586,-5,-33,5,33,FALSE,FALSE
580,30,1629,1619,1568,1629,1619,1568,1629,1619,1568,-10,-61,10,61,FALSE,FALSE
580,31,1632,1594,1532,1632,1594,1532,1632,1594,1532,-38,-100,38,100,FALSE,FALSE
580,32,1635,1570,1487,1635,1570,1487,1635,1570,1487,-65,-148,65,148,FALSE,FALSE
580,33,1624,1519,1462,1624,1519,1462,1624,1519,1462,-105,-162,105,162,FALSE,FALSE
580,34,1600,1488,1408,1600,1488,1408,1600,1488,1408,-112,-192,112,192,FALSE,FALSE
580,35,1573,1450,1354,1573,1450,1354,1573,1450,1354,-123,-219,123,219,FALSE,FALSE
580,36,1519,1390,1319,1519,1390,1319,1519,1390,1319,-129,-200,129,200,FALSE,FALSE
580,37,1495,1338,1274,1495,1338,1274,1495,1338,1274,-157,-221,157,221,FALSE,FALSE
580,38,1442,1311,1227,1442,1311,1227,1442,1311,1227,-131,-215,131,215,FALSE,FALSE
580,39,1367,1270,1168,1367,1270,1168,1367,1270,1168,-97,-199,97,199,FALSE,FALSE
580,40,1290,1198,1119,1290,1198,1119,1290,1198,1119,-92,-171,92,171,FALSE,FALSE
580,41,1255,1160,1057,1255,1160,1057,1255,1160,1057,-95,-198,95,198,FALSE,FALSE
580,42,1189,1103,1017,1189,1103,1017,1189,1103,1017,-86,-172,86,172,FALSE,FALSE
580,43,1112,1049,943,1112,1049,943,1112,1049,943,-63,-169,63,169,FALSE,FALSE
580,44,1047,974,901,1047,974,901,1047,974,901,-73,-146,73,146,FALSE,FALSE
580,45,980,923,846,980,923,846,980,923,846,-57,-134,57,134,FALSE,FALSE
580,46,889,862,794,889,862,794,889,862,794,-27,-95,27,95,FALSE,FALSE
580,47,833,811,740,833,811,740,833,811,740,-22,-93,22,93,FALSE,FALSE
580,48,789,766,692,789,766,692,789,766,692,-23,-97,23,97,FALSE,FALSE
580,49,743,716,645,743,716,645,743,716,645,-27,-98,27,98,FALSE,FALSE
580,50,703,673,609,703,673,609,703,673,609,-30,-94,30,94,FALSE,FALSE
580,51,642,615,568,642,615,568,642,615,568,-27,-74,27,74,FALSE,FALSE
580,52,589,581,535,589,581,535,589,581,535,-8,-54,8,54,FALSE,FALSE
580,53,548,529,508,548,529,508,548,529,508,-19,-40,19,40,FALSE,FALSE
580,54,501,490,462,501,490,462,501,490,462,-11,-39,11,39,FALSE,FALSE
580,55,472,451,438,472,451,438,472,451,438,-21,-34,21,34,FALSE,FALSE
580,56,440,409,398,440,409,398,440,409,398,-31,-42,31,42,FALSE,FALSE
580,57,411,381,382,411,381,382,411,381,382,-30,-29,30,29,FALSE,FALSE
580,58,379,359,365,379,359,365,379,359,365,-20,-14,20,14,FALSE,FALSE
580,59,347,328,332,347,328,332,347,328,332,-19,-15,19,15,FALSE,FALSE
580,60,334,309,310,334,309,310,334,309,310,-25,-24,25,24,FALSE,FALSE
581,0,44,44,44,44,44,44,44,44,44,0,0,0,0,TRUE,TRUE
581,1,56,48,56,56,48,56,56,48,56,-8,0,8,0,FALSE,TRUE
581,2,73,53,77,73,53,77,73,53,77,-20,4,20,4,FALSE,FALSE
581,3,89,63,99,89,63,99,89,63,99,-26,10,26,10,FALSE,FALSE
581,4,111,77,124,111,77,124,111,77,124,-34,13,34,13,FALSE,FALSE
581,5,134,98,150,134,98,150,134,98,150,-36,16,36,16,FALSE,FALSE
581,6,169,121,193,169,121,193,169,121,193,-48,24,48,24,FALSE,FALSE
581,7,206,144,222,206,144,222,206,144,222,-62,16,62,16,FALSE,FALSE
581,8,261,163,278,261,163,278,261,163,278,-98,17,98,17,FALSE,FALSE
581,9,318,208,339,318,208,339,318,208,339,-110,21,110,21,FALSE,FALSE
581,10,397,267,406,397,267,406,397,267,406,-130,9,130,9,FALSE,FALSE
581,11,475,313,482,475,313,482,475,313,482,-162,7,162,7,FALSE,FALSE
581,12,540,386,568,540,386,568,540,386,568,-154,28,154,28,FALSE,FALSE
581,13,638,450,688,638,450,688,638,450,688,-188,50,188,50,FALSE,FALSE
581,14,751,537,796,751,537,796,751,537,796,-214,45,214,45,FALSE,FALSE
581,15,838,657,905,838,657,905,838,657,905,-181,67,181,67,FALSE,FALSE
581,16,954,781,1008,954,781,1008,954,781,1008,-173,54,173,54,FALSE,FALSE
581,17,1054,852,1110,1054,852,1110,1054,852,1110,-202,56,202,56,FALSE,FALSE
581,18,1182,987,1215,1182,987,1215,1182,987,1215,-195,33,195,33,FALSE,FALSE
581,19,1308,1104,1338,1308,1104,1338,1308,1104,1338,-204,30,204,30,FALSE,FALSE
581,20,1389,1194,1411,1389,1194,1411,1389,1194,1411,-195,22,195,22,FALSE,FALSE
581,21,1447,1270,1467,1447,1270,1467,1447,1270,1467,-177,20,177,20,FALSE,FALSE
581,22,1527,1352,1483,1527,1352,1483,1527,1352,1483,-175,-44,175,44,FALSE,FALSE
581,23,1549,1429,1496,1549,1429,1496,1549,1429,1496,-120,-53,120,53,FALSE,FALSE
581,24,1535,1504,1478,1535,1504,1478,1535,1504,1478,-31,-57,31,57,FALSE,FALSE
581,25,1492,1522,1458,1492,1522,1458,1492,1522,1458,30,-34,30,34,FALSE,FALSE
581,26,1472,1492,1442,1472,1492,1442,1472,1492,1442,20,-30,20,30,FALSE,FALSE
581,27,1448,1498,1398,1448,1498,1398,1448,1498,1398,50,-50,50,50,FALSE,FALSE
581,28,1396,1462,1322,1396,1462,1322,1396,1462,1322,66,-74,66,74,FALSE,FALSE
581,29,1309,1436,1238,1309,1436,1238,1309,1436,1238,127,-71,127,71,FALSE,FALSE
581,30,1222,1386,1158,1222,1386,1158,1222,1386,1158,164,-64,164,64,FALSE,FALSE
581,31,1162,1281,1104,1162,1281,1104,1162,1281,1104,119,-58,119,58,FALSE,FALSE
581,32,1097,1223,1037,1097,1223,1037,1097,1223,1037,126,-60,126,60,FALSE,FALSE
581,33,1038,1137,958,1038,1137,958,1038,1137,958,99,-80,99,80,FALSE,FALSE
581,34,945,1073,872,945,1073,872,945,1073,872,128,-73,128,73,FALSE,FALSE
581,35,878,989,817,878,989,817,878,989,817,111,-61,111,61,FALSE,FALSE
581,36,802,906,764,802,906,764,802,906,764,104,-38,104,38,FALSE,FALSE
581,37,738,832,712,738,832,712,738,832,712,94,-26,94,26,FALSE,FALSE
581,38,669,766,658,669,766,658,669,766,658,97,-11,97,11,FALSE,FALSE
581,39,614,708,619,614,708,619,614,708,619,94,5,94,5,FALSE,FALSE
581,40,566,648,555,566,648,555,566,648,555,82,-11,82,11,FALSE,FALSE
581,41,518,583,487,518,583,487,518,583,487,65,-31,65,31,FALSE,FALSE
581,42,475,520,460,475,520,460,475,520,460,45,-15,45,15,FALSE,FALSE
581,43,426,471,413,426,471,413,426,471,413,45,-13,45,13,FALSE,FALSE
581,44,392,437,384,392,437,384,392,437,384,45,-8,45,8,FALSE,FALSE
581,45,352,414,349,352,414,349,352,414,349,62,-3,62,3,FALSE,FALSE
581,46,325,387,314,325,387,314,325,387,314,62,-11,62,11,FALSE,FALSE
581,47,294,354,291,294,354,291,294,354,291,60,-3,60,3,FALSE,FALSE
581,48,269,321,265,269,321,265,269,321,265,52,-4,52,4,FALSE,FALSE
581,49,248,292,238,248,292,238,248,292,238,44,-10,44,10,FALSE,FALSE
581,50,229,275,220,229,275,220,229,275,220,46,-9,46,9,FALSE,FALSE
581,51,205,241,199,205,241,199,205,241,199,36,-6,36,6,FALSE,FALSE
581,52,190,214,182,190,214,182,190,214,182,24,-8,24,8,FALSE,FALSE
581,53,164,190,163,164,190,163,164,190,163,26,-1,26,1,FALSE,FALSE
581,54,145,178,143,145,178,143,145,178,143,33,-2,33,2,FALSE,FALSE
581,55,130,164,130,130,164,130,130,164,130,34,0,34,0,FALSE,TRUE
581,56,121,138,107,121,138,107,121,138,107,17,-14,17,14,FALSE,FALSE
581,57,107,123,96,107,123,96,107,123,96,16,-11,16,11,FALSE,FALSE
581,58,96,111,85,96,111,85,96,111,85,15,-11,15,11,FALSE,FALSE
581,59,90,101,82,90,101,82,90,101,82,11,-8,11,8,FALSE,FALSE
581,60,82,88,78,82,88,78,82,88,78,6,-4,6,4,FALSE,FALSE
582,0,45,45,45,45,45,45,45,45,45,0,0,0,0,TRUE,TRUE
582,1,61,75,64,61,75,64,61,75,64,14,3,14,3,FALSE,FALSE
582,2,94,105,95,94,105,95,94,105,95,11,1,11,1,FALSE,FALSE
582,3,136,160,132,136,160,132,136,160,132,24,-4,24,4,FALSE,FALSE
582,4,189,231,195,189,231,195,189,231,195,42,6,42,6,FALSE,FALSE
582,5,276,344,289,276,344,289,276,344,289,68,13,68,13,FALSE,FALSE
582,6,408,514,408,408,514,408,408,514,408,106,0,106,0,FALSE,TRUE
582,7,579,701,562,579,701,562,579,701,562,122,-17,122,17,FALSE,FALSE
582,8,796,946,765,796,946,765,796,946,765,150,-31,150,31,FALSE,FALSE
582,9,1040,1239,999,1040,1239,999,1040,1239,999,199,-41,199,41,FALSE,FALSE
582,10,1336,1479,1227,1336,1479,1227,1336,1479,1227,143,-109,143,109,FALSE,FALSE
582,11,1580,1747,1520,1580,1747,1520,1580,1747,1520,167,-60,167,60,FALSE,FALSE
582,12,1769,1936,1741,1769,1936,1741,1769,1936,1741,167,-28,167,28,FALSE,FALSE
582,13,1928,2021,1852,1928,2021,1852,1928,2021,1852,93,-76,93,76,FALSE,FALSE
582,14,2004,2031,1934,2004,2031,1934,2004,2031,1934,27,-70,27,70,FALSE,FALSE
582,15,1958,1956,1950,1958,1956,1950,1958,1956,1950,-2,-8,2,8,FALSE,FALSE
582,16,1886,1814,1842,1886,1814,1842,1886,1814,1842,-72,-44,72,44,FALSE,FALSE
582,17,1778,1657,1749,1778,1657,1749,1778,1657,1749,-121,-29,121,29,FALSE,FALSE
582,18,1618,1504,1611,1618,1504,1611,1618,1504,1611,-114,-7,114,7,FALSE,FALSE
582,19,1437,1344,1489,1437,1344,1489,1437,1344,1489,-93,52,93,52,FALSE,FALSE
582,20,1312,1162,1321,1312,1162,1321,1312,1162,1321,-150,9,150,9,FALSE,FALSE
582,21,1157,1024,1193,1157,1024,1193,1157,1024,1193,-133,36,133,36,FALSE,FALSE
582,22,1028,870,1083,1028,870,1083,1028,870,1083,-158,55,158,55,FALSE,FALSE
582,23,892,751,950,892,751,950,892,751,950,-141,58,141,58,FALSE,FALSE
582,24,785,639,815,785,639,815,785,639,815,-146,30,146,30,FALSE,FALSE
582,25,662,552,712,662,552,712,662,552,712,-110,50,110,50,FALSE,FALSE
582,26,585,476,629,585,476,629,585,476,629,-109,44,109,44,FALSE,FALSE
582,27,509,419,548,509,419,548,509,419,548,-90,39,90,39,FALSE,FALSE
582,28,419,358,491,419,358,491,419,358,491,-61,72,61,72,FALSE,FALSE
582,29,356,298,418,356,298,418,356,298,418,-58,62,58,62,FALSE,FALSE
582,30,315,254,362,315,254,362,315,254,362,-61,47,61,47,FALSE,FALSE
582,31,268,218,313,268,218,313,268,218,313,-50,45,50,45,FALSE,FALSE
582,32,235,189,267,235,189,267,235,189,267,-46,32,46,32,FALSE,FALSE
582,33,203,155,238,203,155,238,203,155,238,-48,35,48,35,FALSE,FALSE
582,34,178,130,201,178,130,201,178,130,201,-48,23,48,23,FALSE,FALSE
582,35,149,113,181,149,113,181,149,113,181,-36,32,36,32,FALSE,FALSE
582,36,126,95,160,126,95,160,126,95,160,-31,34,31,34,FALSE,FALSE
582,37,106,83,132,106,83,132,106,83,132,-23,26,23,26,FALSE,FALSE
582,38,93,77,117,93,77,117,93,77,117,-16,24,16,24,FALSE,FALSE
582,39,83,58,100,83,58,100,83,58,100,-25,17,25,17,FALSE,FALSE
582,40,65,54,82,65,54,82,65,54,82,-11,17,11,17,FALSE,FALSE
582,41,51,45,74,51,45,74,51,45,74,-6,23,6,23,FALSE,FALSE
582,42,44,45,61,44,45,61,44,45,61,1,17,1,17,FALSE,FALSE
582,43,33,32,54,33,32,54,33,32,54,-1,21,1,21,FALSE,FALSE
582,44,29,27,42,29,27,42,29,27,42,-2,13,2,13,FALSE,FALSE
582,45,26,25,38,26,25,38,26,25,38,-1,12,1,12,FALSE,FALSE
582,46,22,24,33,22,24,33,22,24,33,2,11,2,11,FALSE,FALSE
582,47,18,18,29,18,18,29,18,18,29,0,11,0,11,TRUE,FALSE
582,48,15,16,26,15,16,26,15,16,26,1,11,1,11,FALSE,FALSE
582,49,13,14,22,13,14,22,13,14,22,1,9,1,9,FALSE,FALSE
582,50,10,12,20,10,12,20,10,12,20,2,10,2,10,FALSE,FALSE
582,51,8,11,20,8,11,20,8,11,20,3,12,3,12,FALSE,FALSE
582,52,8,8,17,8,8,17,8,8,17,0,9,0,9,TRUE,FALSE
582,53,7,8,13,7,8,13,7,8,13,1,6,1,6,FALSE,FALSE
582,54,6,8,11,6,8,11,6,8,11,2,5,2,5,FALSE,FALSE
582,55,5,8,8,5,8,8,5,8,8,3,3,3,3,FALSE,FALSE
582,56,3,8,7,3,8,7,3,8,7,5,4,5,4,FALSE,FALSE
582,57,2,8,7,2,8,7,2,8,7,6,5,6,5,FALSE,FALSE
582,58,2,8,6,2,8,6,2,8,6,6,4,6,4,FALSE,FALSE
582,59,2,6,5,2,6,5,2,6,5,4,3,4,3,FALSE,FALSE
582,60,2,3,5,2,3,5,2,3,5,1,3,1,3,FALSE,FALSE
583,0,103,103,103,103,103,103,103,103,103,0,0,0,0,TRUE,TRUE
583,1,112,102,111,112,102,111,112,102,111,-10,-1,10,1,FALSE,FALSE
583,2,115,108,107,115,108,107,115,108,107,-7,-8,7,8,FALSE,FALSE
583,3,111,111,111,111,111,111,111,111,111,0,0,0,0,TRUE,TRUE
583,4,117,118,119,117,118,119,117,118,119,1,2,1,2,FALSE,FALSE
583,5,118,129,127,118,129,127,118,129,127,11,9,11,9,FALSE,FALSE
583,6,123,126,131,123,126,131,123,126,131,3,8,3,8,FALSE,FALSE
583,7,138,128,129,138,128,129,138,128,129,-10,-9,10,9,FALSE,FALSE
583,8,140,118,125,140,118,125,140,118,125,-22,-15,22,15,FALSE,FALSE
583,9,142,115,130,142,115,130,142,115,130,-27,-12,27,12,FALSE,FALSE
583,10,142,114,129,142,114,129,142,114,129,-28,-13,28,13,FALSE,FALSE
583,11,140,120,143,140,120,143,140,120,143,-20,3,20,3,FALSE,FALSE
583,12,137,126,146,137,126,146,137,126,146,-11,9,11,9,FALSE,FALSE
583,13,143,126,164,143,126,164,143,126,164,-17,21,17,21,FALSE,FALSE
583,14,153,133,169,153,133,169,153,133,169,-20,16,20,16,FALSE,FALSE
583,15,148,130,174,148,130,174,148,130,174,-18,26,18,26,FALSE,FALSE
583,16,162,126,174,162,126,174,162,126,174,-36,12,36,12,FALSE,FALSE
583,17,160,123,194,160,123,194,160,123,194,-37,34,37,34,FALSE,FALSE
583,18,168,124,199,168,124,199,168,124,199,-44,31,44,31,FALSE,FALSE
583,19,169,123,197,169,123,197,169,123,197,-46,28,46,28,FALSE,FALSE
583,20,174,131,202,174,131,202,174,131,202,-43,28,43,28,FALSE,FALSE
583,21,168,129,191,168,129,191,168,129,191,-39,23,39,23,FALSE,FALSE
583,22,165,128,205,165,128,205,165,128,205,-37,40,37,40,FALSE,FALSE
583,23,177,124,215,177,124,215,177,124,215,-53,38,53,38,FALSE,FALSE
583,24,165,127,207,165,127,207,165,127,207,-38,42,38,42,FALSE,FALSE
583,25,167,130,212,167,130,212,167,130,212,-37,45,37,45,FALSE,FALSE
583,26,168,130,227,168,130,227,168,130,227,-38,59,38,59,FALSE,FALSE
583,27,165,125,229,165,125,229,165,125,229,-40,64,40,64,FALSE,FALSE
583,28,169,131,218,169,131,218,169,131,218,-38,49,38,49,FALSE,FALSE
583,29,192,128,232,192,128,232,192,128,232,-64,40,64,40,FALSE,FALSE
583,30,185,122,240,185,122,240,185,122,240,-63,55,63,55,FALSE,FALSE
583,31,185,126,237,185,126,237,185,126,237,-59,52,59,52,FALSE,FALSE
583,32,195,116,238,195,116,238,195,116,238,-79,43,79,43,FALSE,FALSE
583,33,181,124,257,181,124,257,181,124,257,-57,76,57,76,FALSE,FALSE
583,34,186,129,279,186,129,279,186,129,279,-57,93,57,93,FALSE,FALSE
583,35,175,132,268,175,132,268,175,132,268,-43,93,43,93,FALSE,FALSE
583,36,173,133,264,173,133,264,173,133,264,-40,91,40,91,FALSE,FALSE
583,37,155,127,236,155,127,236,155,127,236,-28,81,28,81,FALSE,FALSE
583,38,136,115,222,136,115,222,136,115,222,-21,86,21,86,FALSE,FALSE
583,39,136,111,212,136,111,212,136,111,212,-25,76,25,76,FALSE,FALSE
583,40,131,109,206,131,109,206,131,109,206,-22,75,22,75,FALSE,FALSE
583,41,118,106,198,118,106,198,118,106,198,-12,80,12,80,FALSE,FALSE
583,42,112,98,208,112,98,208,112,98,208,-14,96,14,96,FALSE,FALSE
583,43,110,104,212,110,104,212,110,104,212,-6,102,6,102,FALSE,FALSE
583,44,114,101,188,114,101,188,114,101,188,-13,74,13,74,FALSE,FALSE
583,45,108,111,196,108,111,196,108,111,196,3,88,3,88,FALSE,FALSE
583,46,100,108,188,100,108,188,100,108,188,8,88,8,88,FALSE,FALSE
583,47,100,105,189,100,105,189,100,105,189,5,89,5,89,FALSE,FALSE
583,48,102,103,182,102,103,182,102,103,182,1,80,1,80,FALSE,FALSE
583,49,104,107,173,104,107,173,104,107,173,3,69,3,69,FALSE,FALSE
583,50,115,111,169,115,111,169,115,111,169,-4,54,4,54,FALSE,FALSE
583,51,104,102,160,104,102,160,104,102,160,-2,56,2,56,FALSE,FALSE
583,52,102,94,151,102,94,151,102,94,151,-8,49,8,49,FALSE,FALSE
583,53,94,90,149,94,90,149,94,90,149,-4,55,4,55,FALSE,FALSE
583,54,92,91,141,92,91,141,92,91,141,-1,49,1,49,FALSE,FALSE
583,55,101,91,143,101,91,143,101,91,143,-10,42,10,42,FALSE,FALSE
583,56,99,87,136,99,87,136,99,87,136,-12,37,12,37,FALSE,FALSE
583,57,107,83,137,107,83,137,107,83,137,-24,30,24,30,FALSE,FALSE
583,58,96,93,132,96,93,132,96,93,132,-3,36,3,36,FALSE,FALSE
583,59,91,92,123,91,92,123,91,92,123,1,32,1,32,FALSE,FALSE
583,60,94,93,122,94,93,122,94,93,122,-1,28,1,28,FALSE,FALSE
584,0,80,80,80,80,80,80,80,80,80,0,0,0,0,TRUE,TRUE
584,1,105,109,101,105,109,101,105,109,101,4,-4,4,4,FALSE,FALSE
584,2,131,134,120,131,134,120,131,134,120,3,-11,3,11,FALSE,FALSE
584,3,157,177,159,157,177,159,157,177,159,20,2,20,2,FALSE,FALSE
584,4,195,185,204,195,185,204,195,185,204,-10,9,10,9,FALSE,FALSE
584,5,248,245,273,248,245,273,248,245,273,-3,25,3,25,FALSE,FALSE
584,6,314,290,328,314,290,328,314,290,328,-24,14,24,14,FALSE,FALSE
584,7,395,358,412,395,358,412,395,358,412,-37,17,37,17,FALSE,FALSE
584,8,489,425,496,489,425,496,489,425,496,-64,7,64,7,FALSE,FALSE
584,9,585,535,602,585,535,602,585,535,602,-50,17,50,17,FALSE,FALSE
584,10,692,642,732,692,642,732,692,642,732,-50,40,50,40,FALSE,FALSE
584,11,829,767,883,829,767,883,829,767,883,-62,54,62,54,FALSE,FALSE
584,12,969,890,1023,969,890,1023,969,890,1023,-79,54,79,54,FALSE,FALSE
584,13,1154,1057,1205,1154,1057,1205,1154,1057,1205,-97,51,97,51,FALSE,FALSE
584,14,1334,1187,1351,1334,1187,1351,1334,1187,1351,-147,17,147,17,FALSE,FALSE
584,15,1490,1288,1453,1490,1288,1453,1490,1288,1453,-202,-37,202,37,FALSE,FALSE
584,16,1623,1399,1531,1623,1399,1531,1623,1399,1531,-224,-92,224,92,FALSE,FALSE
584,17,1693,1499,1645,1693,1499,1645,1693,1499,1645,-194,-48,194,48,FALSE,FALSE
584,18,1775,1549,1703,1775,1549,1703,1775,1549,1703,-226,-72,226,72,FALSE,FALSE
584,19,1727,1562,1726,1727,1562,1726,1727,1562,1726,-165,-1,165,1,FALSE,FALSE
584,20,1722,1562,1681,1722,1562,1681,1722,1562,1681,-160,-41,160,41,FALSE,FALSE
584,21,1667,1551,1600,1667,1551,1600,1667,1551,1600,-116,-67,116,67,FALSE,FALSE
584,22,1599,1515,1542,1599,1515,1542,1599,1515,1542,-84,-57,84,57,FALSE,FALSE
584,23,1498,1442,1421,1498,1442,1421,1498,1442,1421,-56,-77,56,77,FALSE,FALSE
584,24,1384,1376,1275,1384,1376,1275,1384,1376,1275,-8,-109,8,109,FALSE,FALSE
584,25,1272,1263,1149,1272,1263,1149,1272,1263,1149,-9,-123,9,123,FALSE,FALSE
584,26,1178,1152,1041,1178,1152,1041,1178,1152,1041,-26,-137,26,137,FALSE,FALSE
584,27,1092,1042,954,1092,1042,954,1092,1042,954,-50,-138,50,138,FALSE,FALSE
584,28,956,959,851,956,959,851,956,959,851,3,-105,3,105,FALSE,FALSE
584,29,877,877,768,877,877,768,877,877,768,0,-109,0,109,TRUE,FALSE
584,30,774,799,669,774,799,669,774,799,669,25,-105,25,105,FALSE,FALSE
584,31,687,709,606,687,709,606,687,709,606,22,-81,22,81,FALSE,FALSE
584,32,608,632,530,608,632,530,608,632,530,24,-78,24,78,FALSE,FALSE
584,33,509,549,469,509,549,469,509,549,469,40,-40,40,40,FALSE,FALSE
584,34,454,494,417,454,494,417,454,494,417,40,-37,40,37,FALSE,FALSE
584,35,409,434,367,409,434,367,409,434,367,25,-42,25,42,FALSE,FALSE
584,36,370,374,305,370,374,305,370,374,305,4,-65,4,65,FALSE,FALSE
584,37,304,329,259,304,329,259,304,329,259,25,-45,25,45,FALSE,FALSE
584,38,278,284,223,278,284,223,278,284,223,6,-55,6,55,FALSE,FALSE
584,39,250,230,193,250,230,193,250,230,193,-20,-57,20,57,FALSE,FALSE
584,40,211,198,165,211,198,165,211,198,165,-13,-46,13,46,FALSE,FALSE
584,41,189,179,152,189,179,152,189,179,152,-10,-37,10,37,FALSE,FALSE
584,42,157,154,133,157,154,133,157,154,133,-3,-24,3,24,FALSE,FALSE
584,43,141,134,110,141,134,110,141,134,110,-7,-31,7,31,FALSE,FALSE
584,44,118,125,90,118,125,90,118,125,90,7,-28,7,28,FALSE,FALSE
584,45,103,110,74,103,110,74,103,110,74,7,-29,7,29,FALSE,FALSE
584,46,94,84,65,94,84,65,94,84,65,-10,-29,10,29,FALSE,FALSE
584,47,84,76,58,84,76,58,84,76,58,-8,-26,8,26,FALSE,FALSE
584,48,67,64,52,67,64,52,67,64,52,-3,-15,3,15,FALSE,FALSE
584,49,62,54,41,62,54,41,62,54,41,-8,-21,8,21,FALSE,FALSE
584,50,51,47,33,51,47,33,51,47,33,-4,-18,4,18,FALSE,FALSE
584,51,48,43,29,48,43,29,48,43,29,-5,-19,5,19,FALSE,FALSE
584,52,35,36,27,35,36,27,35,36,27,1,-8,1,8,FALSE,FALSE
584,53,29,33,24,29,33,24,29,33,24,4,-5,4,5,FALSE,FALSE
584,54,25,28,20,25,28,20,25,28,20,3,-5,3,5,FALSE,FALSE
584,55,20,22,20,20,22,20,20,22,20,2,0,2,0,FALSE,TRUE
584,56,18,20,18,18,20,18,18,20,18,2,0,2,0,FALSE,TRUE
584,57,19,18,12,19,18,12,19,18,12,-1,-7,1,7,FALSE,FALSE
584,58,18,15,11,18,15,11,18,15,11,-3,-7,3,7,FALSE,FALSE
584,59,16,14,8,16,14,8,16,14,8,-2,-8,2,8,FALSE,FALSE
584,60,17,12,6,17,12,6,17,12,6,-5,-11,5,11,FALSE,FALSE
585,0,143,143,143,143,143,143,143,143,143,0,0,0,0,TRUE,TRUE
585,1,223,206,221,223,206,221,223,206,221,-17,-2,17,2,FALSE,FALSE
585,2,321,292,313,321,292,313,321,292,313,-29,-8,29,8,FALSE,FALSE
585,3,497,453,490,497,453,490,497,453,490,-44,-7,44,7,FALSE,FALSE
585,4,747,660,710,747,660,710,747,660,710,-87,-37,87,37,FALSE,FALSE
585,5,1071,941,1015,1071,941,1015,1071,941,1015,-130,-56,130,56,FALSE,FALSE
585,6,1378,1247,1351,1378,1247,1351,1378,1247,1351,-131,-27,131,27,FALSE,FALSE
585,7,1763,1580,1706,1763,1580,1706,1763,1580,1706,-183,-57,183,57,FALSE,FALSE
585,8,2082,1944,2115,2082,1944,2115,2082,1944,2115,-138,33,138,33,FALSE,FALSE
585,9,2378,2332,2437,2378,2332,2437,2378,2332,2437,-46,59,46,59,FALSE,FALSE
585,10,2547,2510,2611,2547,2510,2611,2547,2510,2611,-37,64,37,64,FALSE,FALSE
585,11,2546,2569,2633,2546,2569,2633,2546,2569,2633,23,87,23,87,FALSE,FALSE
585,12,2512,2473,2529,2512,2473,2529,2512,2473,2529,-39,17,39,17,FALSE,FALSE
585,13,2369,2319,2371,2369,2319,2371,2369,2319,2371,-50,2,50,2,FALSE,FALSE
585,14,2151,2135,2180,2151,2135,2180,2151,2135,2180,-16,29,16,29,FALSE,FALSE
585,15,1924,1950,1964,1924,1950,1964,1924,1950,1964,26,40,26,40,FALSE,FALSE
585,16,1668,1740,1706,1668,1740,1706,1668,1740,1706,72,38,72,38,FALSE,FALSE
585,17,1459,1529,1479,1459,1529,1479,1459,1529,1479,70,20,70,20,FALSE,FALSE
585,18,1244,1321,1251,1244,1321,1251,1244,1321,1251,77,7,77,7,FALSE,FALSE
585,19,1057,1108,1046,1057,1108,1046,1057,1108,1046,51,-11,51,11,FALSE,FALSE
585,20,904,953,892,904,953,892,904,953,892,49,-12,49,12,FALSE,FALSE
585,21,751,793,770,751,793,770,751,793,770,42,19,42,19,FALSE,FALSE
585,22,647,683,647,647,683,647,647,683,647,36,0,36,0,FALSE,TRUE
585,23,550,585,541,550,585,541,550,585,541,35,-9,35,9,FALSE,FALSE
585,24,478,494,461,478,494,461,478,494,461,16,-17,16,17,FALSE,FALSE
585,25,404,409,386,404,409,386,404,409,386,5,-18,5,18,FALSE,FALSE
585,26,349,331,296,349,331,296,349,331,296,-18,-53,18,53,FALSE,FALSE
585,27,305,288,246,305,288,246,305,288,246,-17,-59,17,59,FALSE,FALSE
585,28,248,236,198,248,236,198,248,236,198,-12,-50,12,50,FALSE,FALSE
585,29,204,200,166,204,200,166,204,200,166,-4,-38,4,38,FALSE,FALSE
585,30,171,172,144,171,172,144,171,172,144,1,-27,1,27,FALSE,FALSE
585,31,142,141,127,142,141,127,142,141,127,-1,-15,1,15,FALSE,FALSE
585,32,119,114,113,119,114,113,119,114,113,-5,-6,5,6,FALSE,FALSE
585,33,100,92,97,100,92,97,100,92,97,-8,-3,8,3,FALSE,FALSE
585,34,79,71,78,79,71,78,79,71,78,-8,-1,8,1,FALSE,FALSE
585,35,63,65,71,63,65,71,63,65,71,2,8,2,8,FALSE,FALSE
585,36,52,59,61,52,59,61,52,59,61,7,9,7,9,FALSE,FALSE
585,37,41,40,56,41,40,56,41,40,56,-1,15,1,15,FALSE,FALSE
585,38,33,32,46,33,32,46,33,32,46,-1,13,1,13,FALSE,FALSE
585,39,31,24,40,31,24,40,31,24,40,-7,9,7,9,FALSE,FALSE
585,40,27,22,31,27,22,31,27,22,31,-5,4,5,4,FALSE,FALSE
585,41,22,23,27,22,23,27,22,23,27,1,5,1,5,FALSE,FALSE
585,42,20,14,21,20,14,21,20,14,21,-6,1,6,1,FALSE,FALSE
585,43,15,13,21,15,13,21,15,13,21,-2,6,2,6,FALSE,FALSE
585,44,12,12,12,12,12,12,12,12,12,0,0,0,0,TRUE,TRUE
585,45,10,9,11,10,9,11,10,9,11,-1,1,1,1,FALSE,FALSE
585,46,9,9,12,9,9,12,9,9,12,0,3,0,3,TRUE,FALSE
585,47,8,8,10,8,8,10,8,8,10,0,2,0,2,TRUE,FALSE
585,48,6,7,9,6,7,9,6,7,9,1,3,1,3,FALSE,FALSE
585,49,5,7,8,5,7,8,5,7,8,2,3,2,3,FALSE,FALSE
585,50,5,8,6,5,8,6,5,8,6,3,1,3,1,FALSE,FALSE
585,51,4,7,6,4,7,6,4,7,6,3,2,3,2,FALSE,FALSE
585,52,4,7,5,4,7,5,4,7,5,3,1,3,1,FALSE,FALSE
585,53,3,6,3,3,6,3,3,6,3,3,0,3,0,FALSE,TRUE
585,54,4,6,3,4,6,3,4,6,3,2,-1,2,1,FALSE,FALSE
585,55,4,5,3,4,5,3,4,5,3,1,-1,1,1,FALSE,FALSE
585,56,4,5,1,4,5,1,4,5,1,1,-3,1,3,FALSE,FALSE
585,57,4,3,1,4,3,1,4,3,1,-1,-3,1,3,FALSE,FALSE
585,58,3,3,1,3,3,1,3,3,1,0,-2,0,2,TRUE,FALSE
585,59,3,3,1,3,3,1,3,3,1,0,-2,0,2,TRUE,FALSE
585,60,3,2,0,3,2,0,3,2,0,-1,-3,1,3,FALSE,FALSE
586,0,105,105,105,105,105,105,105,105,105,0,0,0,0,TRUE,TRUE
586,1,132,134,131,132,134,131,132,134,131,2,-1,2,1,FALSE,FALSE
586,2,164,170,169,164,170,169,164,170,169,6,5,6,5,FALSE,FALSE
586,3,224,215,222,224,215,222,224,215,222,-9,-2,9,2,FALSE,FALSE
586,4,283,250,268,283,250,268,283,250,268,-33,-15,33,15,FALSE,FALSE
586,5,355,301,329,355,301,329,355,301,329,-54,-26,54,26,FALSE,FALSE
586,6,449,399,408,449,399,408,449,399,408,-50,-41,50,41,FALSE,FALSE
586,7,544,483,504,544,483,504,544,483,504,-61,-40,61,40,FALSE,FALSE
586,8,661,590,605,661,590,605,661,590,605,-71,-56,71,56,FALSE,FALSE
586,9,790,722,732,790,722,732,790,722,732,-68,-58,68,58,FALSE,FALSE
586,10,943,855,868,943,855,868,943,855,868,-88,-75,88,75,FALSE,FALSE
586,11,1104,993,1009,1104,993,1009,1104,993,1009,-111,-95,111,95,FALSE,FALSE
586,12,1289,1173,1137,1289,1173,1137,1289,1173,1137,-116,-152,116,152,FALSE,FALSE
586,13,1407,1325,1249,1407,1325,1249,1407,1325,1249,-82,-158,82,158,FALSE,FALSE
586,14,1544,1445,1384,1544,1445,1384,1544,1445,1384,-99,-160,99,160,FALSE,FALSE
586,15,1590,1610,1499,1590,1610,1499,1590,1610,1499,20,-91,20,91,FALSE,FALSE
586,16,1666,1718,1592,1666,1718,1592,1666,1718,1592,52,-74,52,74,FALSE,FALSE
586,17,1709,1787,1634,1709,1787,1634,1709,1787,1634,78,-75,78,75,FALSE,FALSE
586,18,1674,1817,1654,1674,1817,1654,1674,1817,1654,143,-20,143,20,FALSE,FALSE
586,19,1626,1745,1618,1626,1745,1618,1626,1745,1618,119,-8,119,8,FALSE,FALSE
586,20,1542,1723,1567,1542,1723,1567,1542,1723,1567,181,25,181,25,FALSE,FALSE
586,21,1453,1621,1501,1453,1621,1501,1453,1621,1501,168,48,168,48,FALSE,FALSE
586,22,1351,1534,1424,1351,1534,1424,1351,1534,1424,183,73,183,73,FALSE,FALSE
586,23,1280,1412,1303,1280,1412,1303,1280,1412,1303,132,23,132,23,FALSE,FALSE
586,24,1205,1316,1227,1205,1316,1227,1205,1316,1227,111,22,111,22,FALSE,FALSE
586,25,1074,1214,1139,1074,1214,1139,1074,1214,1139,140,65,140,65,FALSE,FALSE
586,26,978,1099,1020,978,1099,1020,978,1099,1020,121,42,121,42,FALSE,FALSE
586,27,879,1001,948,879,1001,948,879,1001,948,122,69,122,69,FALSE,FALSE
586,28,772,910,867,772,910,867,772,910,867,138,95,138,95,FALSE,FALSE
586,29,712,816,798,712,816,798,712,816,798,104,86,104,86,FALSE,FALSE
586,30,624,697,709,624,697,709,624,697,709,73,85,73,85,FALSE,FALSE
586,31,559,626,606,559,626,606,559,626,606,67,47,67,47,FALSE,FALSE
586,32,491,545,542,491,545,542,491,545,542,54,51,54,51,FALSE,FALSE
586,33,431,477,481,431,477,481,431,477,481,46,50,46,50,FALSE,FALSE
586,34,380,438,419,380,438,419,380,438,419,58,39,58,39,FALSE,FALSE
586,35,318,397,363,318,397,363,318,397,363,79,45,79,45,FALSE,FALSE
586,36,289,342,322,289,342,322,289,342,322,53,33,53,33,FALSE,FALSE
586,37,246,299,284,246,299,284,246,299,284,53,38,53,38,FALSE,FALSE
586,38,210,255,255,210,255,255,210,255,255,45,45,45,45,FALSE,FALSE
586,39,190,221,238,190,221,238,190,221,238,31,48,31,48,FALSE,FALSE
586,40,170,203,204,170,203,204,170,203,204,33,34,33,34,FALSE,FALSE
586,41,147,177,182,147,177,182,147,177,182,30,35,30,35,FALSE,FALSE
586,42,132,147,157,132,147,157,132,147,157,15,25,15,25,FALSE,FALSE
586,43,115,121,131,115,121,131,115,121,131,6,16,6,16,FALSE,FALSE
586,44,103,96,110,103,96,110,103,96,110,-7,7,7,7,FALSE,FALSE
586,45,87,85,100,87,85,100,87,85,100,-2,13,2,13,FALSE,FALSE
586,46,75,73,90,75,73,90,75,73,90,-2,15,2,15,FALSE,FALSE
586,47,65,72,77,65,72,77,65,72,77,7,12,7,12,FALSE,FALSE
586,48,61,58,68,61,58,68,61,58,68,-3,7,3,7,FALSE,FALSE
586,49,50,55,57,50,55,57,50,55,57,5,7,5,7,FALSE,FALSE
586,50,46,51,44,46,51,44,46,51,44,5,-2,5,2,FALSE,FALSE
586,51,38,49,41,38,49,41,38,49,41,11,3,11,3,FALSE,FALSE
586,52,29,45,36,29,45,36,29,45,36,16,7,16,7,FALSE,FALSE
586,53,25,36,32,25,36,32,25,36,32,11,7,11,7,FALSE,FALSE
586,54,26,35,28,26,35,28,26,35,28,9,2,9,2,FALSE,FALSE
586,55,21,31,28,21,31,28,21,31,28,10,7,10,7,FALSE,FALSE
586,56,16,26,27,16,26,27,16,26,27,10,11,10,11,FALSE,FALSE
586,57,14,26,23,14,26,23,14,26,23,12,9,12,9,FALSE,FALSE
586,58,13,24,24,13,24,24,13,24,24,11,11,11,11,FALSE,FALSE
586,59,12,21,22,12,21,22,12,21,22,9,10,9,10,FALSE,FALSE
586,60,9,14,23,9,14,23,9,14,23,5,14,5,14,FALSE,FALSE
587,0,55,55,55,55,55,55,55,55,55,0,0,0,0,TRUE,TRUE
587,1,77,71,70,77,71,70,77,71,70,-6,-7,6,7,FALSE,FALSE
587,2,93,96,88,93,96,88,93,96,88,3,-5,3,5,FALSE,FALSE
587,3,116,115,112,116,115,112,116,115,112,-1,-4,1,4,FALSE,FALSE
587,4,146,131,148,146,131,148,146,131,148,-15,2,15,2,FALSE,FALSE
587,5,188,172,184,188,172,184,188,172,184,-16,-4,16,4,FALSE,FALSE
587,6,222,215,229,222,215,229,222,215,229,-7,7,7,7,FALSE,FALSE
587,7,277,260,300,277,260,300,277,260,300,-17,23,17,23,FALSE,FALSE
587,8,351,318,392,351,318,392,351,318,392,-33,41,33,41,FALSE,FALSE
587,9,441,400,483,441,400,483,441,400,483,-41,42,41,42,FALSE,FALSE
587,10,562,496,570,562,496,570,562,496,570,-66,8,66,8,FALSE,FALSE
587,11,683,587,678,683,587,678,683,587,678,-96,-5,96,5,FALSE,FALSE
587,12,794,687,803,794,687,803,794,687,803,-107,9,107,9,FALSE,FALSE
587,13,911,809,908,911,809,908,911,809,908,-102,-3,102,3,FALSE,FALSE
587,14,1017,891,1024,1017,891,1024,1017,891,1024,-126,7,126,7,FALSE,FALSE
587,15,1118,981,1151,1118,981,1151,1118,981,1151,-137,33,137,33,FALSE,FALSE
587,16,1194,1115,1242,1194,1115,1242,1194,1115,1242,-79,48,79,48,FALSE,FALSE
587,17,1275,1215,1323,1275,1215,1323,1275,1215,1323,-60,48,60,48,FALSE,FALSE
587,18,1298,1299,1404,1298,1299,1404,1298,1299,1404,1,106,1,106,FALSE,FALSE
587,19,1335,1302,1440,1335,1302,1440,1335,1302,1440,-33,105,33,105,FALSE,FALSE
587,20,1313,1356,1459,1313,1356,1459,1313,1356,1459,43,146,43,146,FALSE,FALSE
587,21,1296,1375,1417,1296,1375,1417,1296,1375,1417,79,121,79,121,FALSE,FALSE
587,22,1244,1321,1388,1244,1321,1388,1244,1321,1388,77,144,77,144,FALSE,FALSE
587,23,1212,1296,1318,1212,1296,1318,1212,1296,1318,84,106,84,106,FALSE,FALSE
587,24,1165,1253,1254,1165,1253,1254,1165,1253,1254,88,89,88,89,FALSE,FALSE
587,25,1058,1213,1177,1058,1213,1177,1058,1213,1177,155,119,155,119,FALSE,FALSE
587,26,997,1144,1109,997,1144,1109,997,1144,1109,147,112,147,112,FALSE,FALSE
587,27,933,1072,1025,933,1072,1025,933,1072,1025,139,92,139,92,FALSE,FALSE
587,28,873,977,924,873,977,924,873,977,924,104,51,104,51,FALSE,FALSE
587,29,784,902,832,784,902,832,784,902,832,118,48,118,48,FALSE,FALSE
587,30,709,834,782,709,834,782,709,834,782,125,73,125,73,FALSE,FALSE
587,31,658,759,694,658,759,694,658,759,694,101,36,101,36,FALSE,FALSE
587,32,589,695,622,589,695,622,589,695,622,106,33,106,33,FALSE,FALSE
587,33,551,643,569,551,643,569,551,643,569,92,18,92,18,FALSE,FALSE
587,34,505,579,502,505,579,502,505,579,502,74,-3,74,3,FALSE,FALSE
587,35,448,516,458,448,516,458,448,516,458,68,10,68,10,FALSE,FALSE
587,36,396,471,386,396,471,386,396,471,386,75,-10,75,10,FALSE,FALSE
587,37,347,415,339,347,415,339,347,415,339,68,-8,68,8,FALSE,FALSE
587,38,316,376,299,316,376,299,316,376,299,60,-17,60,17,FALSE,FALSE
587,39,285,327,261,285,327,261,285,327,261,42,-24,42,24,FALSE,FALSE
587,40,262,297,233,262,297,233,262,297,233,35,-29,35,29,FALSE,FALSE
587,41,230,267,204,230,267,204,230,267,204,37,-26,37,26,FALSE,FALSE
587,42,207,231,184,207,231,184,207,231,184,24,-23,24,23,FALSE,FALSE
587,43,181,200,160,181,200,160,181,200,160,19,-21,19,21,FALSE,FALSE
587,44,168,171,149,168,171,149,168,171,149,3,-19,3,19,FALSE,FALSE
587,45,155,144,129,155,144,129,155,144,129,-11,-26,11,26,FALSE,FALSE
587,46,141,124,117,141,124,117,141,124,117,-17,-24,17,24,FALSE,FALSE
587,47,120,114,101,120,114,101,120,114,101,-6,-19,6,19,FALSE,FALSE
587,48,106,99,97,106,99,97,106,99,97,-7,-9,7,9,FALSE,FALSE
587,49,92,92,84,92,92,84,92,92,84,0,-8,0,8,TRUE,FALSE
587,50,70,75,76,70,75,76,70,75,76,5,6,5,6,FALSE,FALSE
587,51,64,74,63,64,74,63,64,74,63,10,-1,10,1,FALSE,FALSE
587,52,57,61,57,57,61,57,57,61,57,4,0,4,0,FALSE,TRUE
587,53,53,56,48,53,56,48,53,56,48,3,-5,3,5,FALSE,FALSE
587,54,47,53,42,47,53,42,47,53,42,6,-5,6,5,FALSE,FALSE
587,55,43,43,36,43,43,36,43,43,36,0,-7,0,7,TRUE,FALSE
587,56,38,37,32,38,37,32,38,37,32,-1,-6,1,6,FALSE,FALSE
587,57,33,34,29,33,34,29,33,34,29,1,-4,1,4,FALSE,FALSE
587,58,27,28,26,27,28,26,27,28,26,1,-1,1,1,FALSE,FALSE
587,59,25,23,20,25,23,20,25,23,20,-2,-5,2,5,FALSE,FALSE
587,60,25,20,18,25,20,18,25,20,18,-5,-7,5,7,FALSE,FALSE
588,0,112,112,112,112,112,112,112,112,112,0,0,0,0,TRUE,TRUE
588,1,111,132,127,111,132,127,111,132,127,21,16,21,16,FALSE,FALSE
588,2,113,149,140,113,149,140,113,149,140,36,27,36,27,FALSE,FALSE
588,3,128,155,157,128,155,157,128,155,157,27,29,27,29,FALSE,FALSE
588,4,138,166,153,138,166,153,138,166,153,28,15,28,15,FALSE,FALSE
588,5,154,165,159,154,165,159,154,165,159,11,5,11,5,FALSE,FALSE
588,6,164,189,168,164,189,168,164,189,168,25,4,25,4,FALSE,FALSE
588,7,177,216,199,177,216,199,177,216,199,39,22,39,22,FALSE,FALSE
588,8,185,238,217,185,238,217,185,238,217,53,32,53,32,FALSE,FALSE
588,9,191,251,230,191,251,230,191,251,230,60,39,60,39,FALSE,FALSE
588,10,207,263,251,207,263,251,207,263,251,56,44,56,44,FALSE,FALSE
588,11,211,272,263,211,272,263,211,272,263,61,52,61,52,FALSE,FALSE
588,12,234,278,282,234,278,282,234,278,282,44,48,44,48,FALSE,FALSE
588,13,252,304,296,252,304,296,252,304,296,52,44,52,44,FALSE,FALSE
588,14,264,324,327,264,324,327,264,324,327,60,63,60,63,FALSE,FALSE
588,15,291,328,348,291,328,348,291,328,348,37,57,37,57,FALSE,FALSE
588,16,295,354,392,295,354,392,295,354,392,59,97,59,97,FALSE,FALSE
588,17,328,364,417,328,364,417,328,364,417,36,89,36,89,FALSE,FALSE
588,18,346,386,452,346,386,452,346,386,452,40,106,40,106,FALSE,FALSE
588,19,372,399,471,372,399,471,372,399,471,27,99,27,99,FALSE,FALSE
588,20,389,425,507,389,425,507,389,425,507,36,118,36,118,FALSE,FALSE
588,21,402,434,554,402,434,554,402,434,554,32,152,32,152,FALSE,FALSE
588,22,437,454,575,437,454,575,437,454,575,17,138,17,138,FALSE,FALSE
588,23,456,494,610,456,494,610,456,494,610,38,154,38,154,FALSE,FALSE
588,24,477,510,636,477,510,636,477,510,636,33,159,33,159,FALSE,FALSE
588,25,501,532,701,501,532,701,501,532,701,31,200,31,200,FALSE,FALSE
588,26,548,524,741,548,524,741,548,524,741,-24,193,24,193,FALSE,FALSE
588,27,569,539,762,569,539,762,569,539,762,-30,193,30,193,FALSE,FALSE
588,28,596,565,804,596,565,804,596,565,804,-31,208,31,208,FALSE,FALSE
588,29,627,575,804,627,575,804,627,575,804,-52,177,52,177,FALSE,FALSE
588,30,668,586,851,668,586,851,668,586,851,-82,183,82,183,FALSE,FALSE
588,31,701,606,875,701,606,875,701,606,875,-95,174,95,174,FALSE,FALSE
588,32,717,627,905,717,627,905,717,627,905,-90,188,90,188,FALSE,FALSE
588,33,718,656,943,718,656,943,718,656,943,-62,225,62,225,FALSE,FALSE
588,34,740,663,951,740,663,951,740,663,951,-77,211,77,211,FALSE,FALSE
588,35,754,697,962,754,697,962,754,697,962,-57,208,57,208,FALSE,FALSE
588,36,796,723,975,796,723,975,796,723,975,-73,179,73,179,FALSE,FALSE
588,37,816,748,1027,816,748,1027,816,748,1027,-68,211,68,211,FALSE,FALSE
588,38,822,756,1064,822,756,1064,822,756,1064,-66,242,66,242,FALSE,FALSE
588,39,854,757,1040,854,757,1040,854,757,1040,-97,186,97,186,FALSE,FALSE
588,40,860,765,1040,860,765,1040,860,765,1040,-95,180,95,180,FALSE,FALSE
588,41,894,792,1042,894,792,1042,894,792,1042,-102,148,102,148,FALSE,FALSE
588,42,902,785,1026,902,785,1026,902,785,1026,-117,124,117,124,FALSE,FALSE
588,43,903,800,1034,903,800,1034,903,800,1034,-103,131,103,131,FALSE,FALSE
588,44,912,814,1042,912,814,1042,912,814,1042,-98,130,98,130,FALSE,FALSE
588,45,931,799,1045,931,799,1045,931,799,1045,-132,114,132,114,FALSE,FALSE
588,46,951,795,1018,951,795,1018,951,795,1018,-156,67,156,67,FALSE,FALSE
588,47,969,791,995,969,791,995,969,791,995,-178,26,178,26,FALSE,FALSE
588,48,980,803,970,980,803,970,980,803,970,-177,-10,177,10,FALSE,FALSE
588,49,971,780,975,971,780,975,971,780,975,-191,4,191,4,FALSE,FALSE
588,50,965,773,959,965,773,959,965,773,959,-192,-6,192,6,FALSE,FALSE
588,51,955,759,933,955,759,933,955,759,933,-196,-22,196,22,FALSE,FALSE
588,52,955,736,894,955,736,894,955,736,894,-219,-61,219,61,FALSE,FALSE
588,53,948,699,873,948,699,873,948,699,873,-249,-75,249,75,FALSE,FALSE
588,54,925,678,855,925,678,855,925,678,855,-247,-70,247,70,FALSE,FALSE
588,55,891,661,841,891,661,841,891,661,841,-230,-50,230,50,FALSE,FALSE
588,56,890,647,814,890,647,814,890,647,814,-243,-76,243,76,FALSE,FALSE
588,57,884,641,807,884,641,807,884,641,807,-243,-77,243,77,FALSE,FALSE
588,58,860,618,770,860,618,770,860,618,770,-242,-90,242,90,FALSE,FALSE
588,59,856,579,752,856,579,752,856,579,752,-277,-104,277,104,FALSE,FALSE
588,60,828,535,708,828,535,708,828,535,708,-293,-120,293,120,FALSE,FALSE
589,0,89,89,89,89,89,89,89,89,89,0,0,0,0,TRUE,TRUE
589,1,149,158,153,149,158,153,149,158,153,9,4,9,4,FALSE,FALSE
589,2,244,278,287,244,278,287,244,278,287,34,43,34,43,FALSE,FALSE
589,3,428,422,520,428,422,520,428,422,520,-6,92,6,92,FALSE,FALSE
589,4,729,665,894,729,665,894,729,665,894,-64,165,64,165,FALSE,FALSE
589,5,1162,1029,1379,1162,1029,1379,1162,1029,1379,-133,217,133,217,FALSE,FALSE
589,6,1723,1426,1891,1723,1426,1891,1723,1426,1891,-297,168,297,168,FALSE,FALSE
589,7,2242,1877,2417,2242,1877,2417,2242,1877,2417,-365,175,365,175,FALSE,FALSE
589,8,2571,2286,2756,2571,2286,2756,2571,2286,2756,-285,185,285,185,FALSE,FALSE
589,9,2697,2538,2860,2697,2538,2860,2697,2538,2860,-159,163,159,163,FALSE,FALSE
589,10,2613,2533,2689,2613,2533,2689,2613,2533,2689,-80,76,80,76,FALSE,FALSE
589,11,2352,2349,2384,2352,2349,2384,2352,2349,2384,-3,32,3,32,FALSE,FALSE
589,12,2065,2113,1982,2065,2113,1982,2065,2113,1982,48,-83,48,83,FALSE,FALSE
589,13,1759,1828,1640,1759,1828,1640,1759,1828,1640,69,-119,69,119,FALSE,FALSE
589,14,1435,1550,1318,1435,1550,1318,1435,1550,1318,115,-117,115,117,FALSE,FALSE
589,15,1160,1274,1046,1160,1274,1046,1160,1274,1046,114,-114,114,114,FALSE,FALSE
589,16,925,1061,849,925,1061,849,925,1061,849,136,-76,136,76,FALSE,FALSE
589,17,745,876,694,745,876,694,745,876,694,131,-51,131,51,FALSE,FALSE
589,18,604,685,561,604,685,561,604,685,561,81,-43,81,43,FALSE,FALSE
589,19,480,545,440,480,545,440,480,545,440,65,-40,65,40,FALSE,FALSE
589,20,397,438,346,397,438,346,397,438,346,41,-51,41,51,FALSE,FALSE
589,21,313,341,279,313,341,279,313,341,279,28,-34,28,34,FALSE,FALSE
589,22,257,266,215,257,266,215,257,266,215,9,-42,9,42,FALSE,FALSE
589,23,208,208,175,208,208,175,208,208,175,0,-33,0,33,TRUE,FALSE
589,24,144,168,144,144,168,144,144,168,144,24,0,24,0,FALSE,TRUE
589,25,109,125,118,109,125,118,109,125,118,16,9,16,9,FALSE,FALSE
589,26,87,104,92,87,104,92,87,104,92,17,5,17,5,FALSE,FALSE
589,27,73,85,78,73,85,78,73,85,78,12,5,12,5,FALSE,FALSE
589,28,57,65,59,57,65,59,57,65,59,8,2,8,2,FALSE,FALSE
589,29,47,48,45,47,48,45,47,48,45,1,-2,1,2,FALSE,FALSE
589,30,43,40,33,43,40,33,43,40,33,-3,-10,3,10,FALSE,FALSE
589,31,35,31,29,35,31,29,35,31,29,-4,-6,4,6,FALSE,FALSE
589,32,30,23,21,30,23,21,30,23,21,-7,-9,7,9,FALSE,FALSE
589,33,25,18,19,25,18,19,25,18,19,-7,-6,7,6,FALSE,FALSE
589,34,22,14,16,22,14,16,22,14,16,-8,-6,8,6,FALSE,FALSE
589,35,20,10,12,20,10,12,20,10,12,-10,-8,10,8,FALSE,FALSE
589,36,12,7,11,12,7,11,12,7,11,-5,-1,5,1,FALSE,FALSE
589,37,6,8,10,6,8,10,6,8,10,2,4,2,4,FALSE,FALSE
589,38,5,6,7,5,6,7,5,6,7,1,2,1,2,FALSE,FALSE
589,39,2,6,5,2,6,5,2,6,5,4,3,4,3,FALSE,FALSE
589,40,2,6,3,2,6,3,2,6,3,4,1,4,1,FALSE,FALSE
589,41,2,3,3,2,3,3,2,3,3,1,1,1,1,FALSE,FALSE
589,42,2,3,2,2,3,2,2,3,2,1,0,1,0,FALSE,TRUE
589,43,2,4,2,2,4,2,2,4,2,2,0,2,0,FALSE,TRUE
589,44,2,3,2,2,3,2,2,3,2,1,0,1,0,FALSE,TRUE
589,45,2,3,2,2,3,2,2,3,2,1,0,1,0,FALSE,TRUE
589,46,2,3,1,2,3,1,2,3,1,1,-1,1,1,FALSE,FALSE
589,47,1,3,0,1,3,0,1,3,0,2,-1,2,1,FALSE,FALSE
589,48,1,3,0,1,3,0,1,3,0,2,-1,2,1,FALSE,FALSE
589,49,0,3,0,0,3,0,0,3,0,3,0,3,0,FALSE,TRUE
589,50,0,3,0,0,3,0,0,3,0,3,0,3,0,FALSE,TRUE
589,51,0,3,0,0,3,0,0,3,0,3,0,3,0,FALSE,TRUE
589,52,0,3,0,0,3,0,0,3,0,3,0,3,0,FALSE,TRUE
589,53,0,2,0,0,2,0,0,2,0,2,0,2,0,FALSE,TRUE
589,54,0,0,0,0,0,0,0,0,0,0,0,0,0,TRUE,TRUE
589,55,0,0,0,0,0,0,0,0,0,0,0,0,0,TRUE,TRUE
589,56,0,0,0,0,0,0,0,0,0,0,0,0,0,TRUE,TRUE
589,57,0,0,0,0,0,0,0,0,0,0,0,0,0,TRUE,TRUE
589,58,0,0,0,0,0,0,0,0,0,0,0,0,0,TRUE,TRUE
589,59,0,0,0,0,0,0,0,0,0,0,0,0,0,TRUE,TRUE
589,60,0,0,0,0,0,0,0,0,0,0,0,0,0,TRUE,TRUE
590,0,69,69,69,69,69,69,69,69,69,0,0,0,0,TRUE,TRUE
590,1,64,77,78,64,77,78,64,77,78,13,14,13,14,FALSE,FALSE
590,2,71,73,88,71,73,88,71,73,88,2,17,2,17,FALSE,FALSE
590,3,74,74,85,74,74,85,74,74,85,0,11,0,11,TRUE,FALSE
590,4,74,74,84,74,74,84,74,74,84,0,10,0,10,TRUE,FALSE
590,5,73,89,85,73,89,85,73,89,85,16,12,16,12,FALSE,FALSE
590,6,72,83,87,72,83,87,72,83,87,11,15,11,15,FALSE,FALSE
590,7,73,95,91,73,95,91,73,95,91,22,18,22,18,FALSE,FALSE
590,8,70,101,95,70,101,95,70,101,95,31,25,31,25,FALSE,FALSE
590,9,63,104,102,63,104,102,63,104,102,41,39,41,39,FALSE,FALSE
590,10,58,104,93,58,104,93,58,104,93,46,35,46,35,FALSE,FALSE
590,11,60,110,93,60,110,93,60,110,93,50,33,50,33,FALSE,FALSE
590,12,58,114,93,58,114,93,58,114,93,56,35,56,35,FALSE,FALSE
590,13,60,126,97,60,126,97,60,126,97,66,37,66,37,FALSE,FALSE
590,14,65,116,108,65,116,108,65,116,108,51,43,51,43,FALSE,FALSE
590,15,64,116,113,64,116,113,64,116,113,52,49,52,49,FALSE,FALSE
590,16,57,127,115,57,127,115,57,127,115,70,58,70,58,FALSE,FALSE
590,17,54,134,114,54,134,114,54,134,114,80,60,80,60,FALSE,FALSE
590,18,56,150,110,56,150,110,56,150,110,94,54,94,54,FALSE,FALSE
590,19,67,151,114,67,151,114,67,151,114,84,47,84,47,FALSE,FALSE
590,20,69,153,107,69,153,107,69,153,107,84,38,84,38,FALSE,FALSE
590,21,65,158,96,65,158,96,65,158,96,93,31,93,31,FALSE,FALSE
590,22,67,162,81,67,162,81,67,162,81,95,14,95,14,FALSE,FALSE
590,23,74,176,66,74,176,66,74,176,66,102,-8,102,8,FALSE,FALSE
590,24,80,172,63,80,172,63,80,172,63,92,-17,92,17,FALSE,FALSE
590,25,89,157,55,89,157,55,89,157,55,68,-34,68,34,FALSE,FALSE
590,26,94,157,61,94,157,61,94,157,61,63,-33,63,33,FALSE,FALSE
590,27,98,165,62,98,165,62,98,165,62,67,-36,67,36,FALSE,FALSE
590,28,105,172,59,105,172,59,105,172,59,67,-46,67,46,FALSE,FALSE
590,29,103,182,58,103,182,58,103,182,58,79,-45,79,45,FALSE,FALSE
590,30,113,193,57,113,193,57,113,193,57,80,-56,80,56,FALSE,FALSE
590,31,102,187,56,102,187,56,102,187,56,85,-46,85,46,FALSE,FALSE
590,32,107,172,62,107,172,62,107,172,62,65,-45,65,45,FALSE,FALSE
590,33,112,175,61,112,175,61,112,175,61,63,-51,63,51,FALSE,FALSE
590,34,117,152,64,117,152,64,117,152,64,35,-53,35,53,FALSE,FALSE
590,35,116,144,65,116,144,65,116,144,65,28,-51,28,51,FALSE,FALSE
590,36,118,151,65,118,151,65,118,151,65,33,-53,33,53,FALSE,FALSE
590,37,116,135,63,116,135,63,116,135,63,19,-53,19,53,FALSE,FALSE
590,38,114,134,68,114,134,68,114,134,68,20,-46,20,46,FALSE,FALSE
590,39,111,128,53,111,128,53,111,128,53,17,-58,17,58,FALSE,FALSE
590,40,120,115,54,120,115,54,120,115,54,-5,-66,5,66,FALSE,FALSE
590,41,107,108,50,107,108,50,107,108,50,1,-57,1,57,FALSE,FALSE
590,42,116,109,44,116,109,44,116,109,44,-7,-72,7,72,FALSE,FALSE
590,43,119,117,44,119,117,44,119,117,44,-2,-75,2,75,FALSE,FALSE
590,44,118,101,46,118,101,46,118,101,46,-17,-72,17,72,FALSE,FALSE
590,45,123,90,45,123,90,45,123,90,45,-33,-78,33,78,FALSE,FALSE
590,46,108,92,48,108,92,48,108,92,48,-16,-60,16,60,FALSE,FALSE
590,47,96,103,50,96,103,50,96,103,50,7,-46,7,46,FALSE,FALSE
590,48,98,94,45,98,94,45,98,94,45,-4,-53,4,53,FALSE,FALSE
590,49,95,93,44,95,93,44,95,93,44,-2,-51,2,51,FALSE,FALSE
590,50,87,89,40,87,89,40,87,89,40,2,-47,2,47,FALSE,FALSE
590,51,89,84,33,89,84,33,89,84,33,-5,-56,5,56,FALSE,FALSE
590,52,93,84,32,93,84,32,93,84,32,-9,-61,9,61,FALSE,FALSE
590,53,89,73,35,89,73,35,89,73,35,-16,-54,16,54,FALSE,FALSE
590,54,96,69,38,96,69,38,96,69,38,-27,-58,27,58,FALSE,FALSE
590,55,96,67,36,96,67,36,96,67,36,-29,-60,29,60,FALSE,FALSE
590,56,103,74,44,103,74,44,103,74,44,-29,-59,29,59,FALSE,FALSE
590,57,100,61,42,100,61,42,100,61,42,-39,-58,39,58,FALSE,FALSE
590,58,84,59,40,84,59,40,84,59,40,-25,-44,25,44,FALSE,FALSE
590,59,75,60,29,75,60,29,75,60,29,-15,-46,15,46,FALSE,FALSE
590,60,73,56,27,73,56,27,73,56,27,-17,-46,17,46,FALSE,FALSE
591,0,63,63,63,63,63,63,63,63,63,0,0,0,0,TRUE,TRUE
591,1,83,74,78,83,74,78,83,74,78,-9,-5,9,5,FALSE,FALSE
591,2,91,80,82,91,80,82,91,80,82,-11,-9,11,9,FALSE,FALSE
591,3,107,87,98,107,87,98,107,87,98,-20,-9,20,9,FALSE,FALSE
591,4,122,103,122,122,103,122,122,103,122,-19,0,19,0,FALSE,TRUE
591,5,149,113,143,149,113,143,149,113,143,-36,-6,36,6,FALSE,FALSE
591,6,169,121,155,169,121,155,169,121,155,-48,-14,48,14,FALSE,FALSE
591,7,185,131,191,185,131,191,185,131,191,-54,6,54,6,FALSE,FALSE
591,8,210,154,223,210,154,223,210,154,223,-56,13,56,13,FALSE,FALSE
591,9,233,174,241,233,174,241,233,174,241,-59,8,59,8,FALSE,FALSE
591,10,266,203,270,266,203,270,266,203,270,-63,4,63,4,FALSE,FALSE
591,11,290,217,309,290,217,309,290,217,309,-73,19,73,19,FALSE,FALSE
591,12,326,229,348,326,229,348,326,229,348,-97,22,97,22,FALSE,FALSE
591,13,355,268,379,355,268,379,355,268,379,-87,24,87,24,FALSE,FALSE
591,14,402,296,433,402,296,433,402,296,433,-106,31,106,31,FALSE,FALSE
591,15,453,307,457,453,307,457,453,307,457,-146,4,146,4,FALSE,FALSE
591,16,504,327,507,504,327,507,504,327,507,-177,3,177,3,FALSE,FALSE
591,17,569,365,539,569,365,539,569,365,539,-204,-30,204,30,FALSE,FALSE
591,18,583,398,573,583,398,573,583,398,573,-185,-10,185,10,FALSE,FALSE
591,19,621,444,602,621,444,602,621,444,602,-177,-19,177,19,FALSE,FALSE
591,20,644,468,625,644,468,625,644,468,625,-176,-19,176,19,FALSE,FALSE
591,21,681,493,631,681,493,631,681,493,631,-188,-50,188,50,FALSE,FALSE
591,22,718,544,640,718,544,640,718,544,640,-174,-78,174,78,FALSE,FALSE
591,23,750,578,650,750,578,650,750,578,650,-172,-100,172,100,FALSE,FALSE
591,24,758,594,657,758,594,657,758,594,657,-164,-101,164,101,FALSE,FALSE
591,25,758,597,633,758,597,633,758,597,633,-161,-125,161,125,FALSE,FALSE
591,26,774,604,638,774,604,638,774,604,638,-170,-136,170,136,FALSE,FALSE
591,27,752,641,636,752,641,636,752,641,636,-111,-116,111,116,FALSE,FALSE
591,28,724,646,631,724,646,631,724,646,631,-78,-93,78,93,FALSE,FALSE
591,29,706,648,612,706,648,612,706,648,612,-58,-94,58,94,FALSE,FALSE
591,30,651,655,618,651,655,618,651,655,618,4,-33,4,33,FALSE,FALSE
591,31,620,623,602,620,623,602,620,623,602,3,-18,3,18,FALSE,FALSE
591,32,587,594,586,587,594,586,587,594,586,7,-1,7,1,FALSE,FALSE
591,33,559,585,579,559,585,579,559,585,579,26,20,26,20,FALSE,FALSE
591,34,537,571,557,537,571,557,537,571,557,34,20,34,20,FALSE,FALSE
591,35,495,580,532,495,580,532,495,580,532,85,37,85,37,FALSE,FALSE
591,36,460,558,499,460,558,499,460,558,499,98,39,98,39,FALSE,FALSE
591,37,436,548,465,436,548,465,436,548,465,112,29,112,29,FALSE,FALSE
591,38,408,528,438,408,528,438,408,528,438,120,30,120,30,FALSE,FALSE
591,39,367,496,412,367,496,412,367,496,412,129,45,129,45,FALSE,FALSE
591,40,320,469,370,320,469,370,320,469,370,149,50,149,50,FALSE,FALSE
591,41,309,435,338,309,435,338,309,435,338,126,29,126,29,FALSE,FALSE
591,42,290,411,325,290,411,325,290,411,325,121,35,121,35,FALSE,FALSE
591,43,266,387,304,266,387,304,266,387,304,121,38,121,38,FALSE,FALSE
591,44,254,359,283,254,359,283,254,359,283,105,29,105,29,FALSE,FALSE
591,45,238,341,268,238,341,268,238,341,268,103,30,103,30,FALSE,FALSE
591,46,216,323,244,216,323,244,216,323,244,107,28,107,28,FALSE,FALSE
591,47,206,293,225,206,293,225,206,293,225,87,19,87,19,FALSE,FALSE
591,48,181,270,208,181,270,208,181,270,208,89,27,89,27,FALSE,FALSE
591,49,155,247,181,155,247,181,155,247,181,92,26,92,26,FALSE,FALSE
591,50,139,229,177,139,229,177,139,229,177,90,38,90,38,FALSE,FALSE
591,51,123,205,162,123,205,162,123,205,162,82,39,82,39,FALSE,FALSE
591,52,112,182,141,112,182,141,112,182,141,70,29,70,29,FALSE,FALSE
591,53,99,166,132,99,166,132,99,166,132,67,33,67,33,FALSE,FALSE
591,54,95,158,120,95,158,120,95,158,120,63,25,63,25,FALSE,FALSE
591,55,85,150,99,85,150,99,85,150,99,65,14,65,14,FALSE,FALSE
591,56,71,149,90,71,149,90,71,149,90,78,19,78,19,FALSE,FALSE
591,57,55,139,85,55,139,85,55,139,85,84,30,84,30,FALSE,FALSE
591,58,44,130,72,44,130,72,44,130,72,86,28,86,28,FALSE,FALSE
591,59,42,111,70,42,111,70,42,111,70,69,28,69,28,FALSE,FALSE
591,60,35,98,67,35,98,67,35,98,67,63,32,63,32,FALSE,FALSE
592,0,106,106,106,106,106,106,106,106,106,0,0,0,0,TRUE,TRUE
592,1,138,151,140,138,151,140,138,151,140,13,2,13,2,FALSE,FALSE
592,2,185,182,186,185,182,186,185,182,186,-3,1,3,1,FALSE,FALSE
592,3,247,247,238,247,247,238,247,247,238,0,-9,0,9,TRUE,FALSE
592,4,311,309,304,311,309,304,311,309,304,-2,-7,2,7,FALSE,FALSE
592,5,404,406,385,404,406,385,404,406,385,2,-19,2,19,FALSE,FALSE
592,6,490,537,518,490,537,518,490,537,518,47,28,47,28,FALSE,FALSE
592,7,625,647,666,625,647,666,625,647,666,22,41,22,41,FALSE,FALSE
592,8,759,754,792,759,754,792,759,754,792,-5,33,5,33,FALSE,FALSE
592,9,891,946,971,891,946,971,891,946,971,55,80,55,80,FALSE,FALSE
592,10,1055,1081,1128,1055,1081,1128,1055,1081,1128,26,73,26,73,FALSE,FALSE
592,11,1198,1188,1324,1198,1188,1324,1198,1188,1324,-10,126,10,126,FALSE,FALSE
592,12,1337,1292,1516,1337,1292,1516,1337,1292,1516,-45,179,45,179,FALSE,FALSE
592,13,1442,1437,1612,1442,1437,1612,1442,1437,1612,-5,170,5,170,FALSE,FALSE
592,14,1502,1501,1736,1502,1501,1736,1502,1501,1736,-1,234,1,234,FALSE,FALSE
592,15,1529,1489,1736,1529,1489,1736,1529,1489,1736,-40,207,40,207,FALSE,FALSE
592,16,1492,1474,1705,1492,1474,1705,1492,1474,1705,-18,213,18,213,FALSE,FALSE
592,17,1432,1455,1620,1432,1455,1620,1432,1455,1620,23,188,23,188,FALSE,FALSE
592,18,1390,1369,1552,1390,1369,1552,1390,1369,1552,-21,162,21,162,FALSE,FALSE
592,19,1302,1313,1418,1302,1313,1418,1302,1313,1418,11,116,11,116,FALSE,FALSE
592,20,1190,1188,1300,1190,1188,1300,1190,1188,1300,-2,110,2,110,FALSE,FALSE
592,21,1103,1090,1121,1103,1090,1121,1103,1090,1121,-13,18,13,18,FALSE,FALSE
592,22,1030,985,993,1030,985,993,1030,985,993,-45,-37,45,37,FALSE,FALSE
592,23,922,864,861,922,864,861,922,864,861,-58,-61,58,61,FALSE,FALSE
592,24,781,751,737,781,751,737,781,751,737,-30,-44,30,44,FALSE,FALSE
592,25,680,662,624,680,662,624,680,662,624,-18,-56,18,56,FALSE,FALSE
592,26,570,567,538,570,567,538,570,567,538,-3,-32,3,32,FALSE,FALSE
592,27,502,496,459,502,496,459,502,496,459,-6,-43,6,43,FALSE,FALSE
592,28,446,420,409,446,420,409,446,420,409,-26,-37,26,37,FALSE,FALSE
592,29,377,356,355,377,356,355,377,356,355,-21,-22,21,22,FALSE,FALSE
592,30,315,307,305,315,307,305,315,307,305,-8,-10,8,10,FALSE,FALSE
592,31,271,270,257,271,270,257,271,270,257,-1,-14,1,14,FALSE,FALSE
592,32,230,223,214,230,223,214,230,223,214,-7,-16,7,16,FALSE,FALSE
592,33,194,197,182,194,197,182,194,197,182,3,-12,3,12,FALSE,FALSE
592,34,176,159,161,176,159,161,176,159,161,-17,-15,17,15,FALSE,FALSE
592,35,146,136,125,146,136,125,146,136,125,-10,-21,10,21,FALSE,FALSE
592,36,125,115,105,125,115,105,125,115,105,-10,-20,10,20,FALSE,FALSE
592,37,106,102,97,106,102,97,106,102,97,-4,-9,4,9,FALSE,FALSE
592,38,84,85,87,84,85,87,84,85,87,1,3,1,3,FALSE,FALSE
592,39,72,66,76,72,66,76,72,66,76,-6,4,6,4,FALSE,FALSE
592,40,65,60,65,65,60,65,65,60,65,-5,0,5,0,FALSE,TRUE
592,41,52,52,48,52,52,48,52,52,48,0,-4,0,4,TRUE,FALSE
592,42,46,41,43,46,41,43,46,41,43,-5,-3,5,3,FALSE,FALSE
592,43,42,33,40,42,33,40,42,33,40,-9,-2,9,2,FALSE,FALSE
592,44,35,30,36,35,30,36,35,30,36,-5,1,5,1,FALSE,FALSE
592,45,33,28,30,33,28,30,33,28,30,-5,-3,5,3,FALSE,FALSE
592,46,31,24,29,31,24,29,31,24,29,-7,-2,7,2,FALSE,FALSE
592,47,23,19,23,23,19,23,23,19,23,-4,0,4,0,FALSE,TRUE
592,48,20,16,16,20,16,16,20,16,16,-4,-4,4,4,FALSE,FALSE
592,49,21,15,14,21,15,14,21,15,14,-6,-7,6,7,FALSE,FALSE
592,50,18,9,12,18,9,12,18,9,12,-9,-6,9,6,FALSE,FALSE
592,51,13,8,12,13,8,12,13,8,12,-5,-1,5,1,FALSE,FALSE
592,52,11,7,8,11,7,8,11,7,8,-4,-3,4,3,FALSE,FALSE
592,53,12,7,9,12,7,9,12,7,9,-5,-3,5,3,FALSE,FALSE
592,54,9,5,8,9,5,8,9,5,8,-4,-1,4,1,FALSE,FALSE
592,55,6,5,8,6,5,8,6,5,8,-1,2,1,2,FALSE,FALSE
592,56,5,3,7,5,3,7,5,3,7,-2,2,2,2,FALSE,FALSE
592,57,3,3,6,3,3,6,3,3,6,0,3,0,3,TRUE,FALSE
592,58,4,2,7,4,2,7,4,2,7,-2,3,2,3,FALSE,FALSE
592,59,4,3,7,4,3,7,4,3,7,-1,3,1,3,FALSE,FALSE
592,60,4,2,6,4,2,6,4,2,6,-2,2,2,2,FALSE,FALSE
593,0,74,74,74,74,74,74,74,74,74,0,0,0,0,TRUE,TRUE
593,1,111,121,131,111,121,131,111,121,131,10,20,10,20,FALSE,FALSE
593,2,180,207,224,180,207,224,180,207,224,27,44,27,44,FALSE,FALSE
593,3,277,371,370,277,371,370,277,371,370,94,93,94,93,FALSE,FALSE
593,4,443,587,595,443,587,595,443,587,595,144,152,144,152,FALSE,FALSE
593,5,701,933,945,701,933,945,701,933,945,232,244,232,244,FALSE,FALSE
593,6,1121,1428,1459,1121,1428,1459,1121,1428,1459,307,338,307,338,FALSE,FALSE
593,7,1632,2044,2169,1632,2044,2169,1632,2044,2169,412,537,412,537,FALSE,FALSE
593,8,2302,2757,2971,2302,2757,2971,2302,2757,2971,455,669,455,669,FALSE,FALSE
593,9,2996,3360,3712,2996,3360,3712,2996,3360,3712,364,716,364,716,FALSE,FALSE
593,10,3518,3687,4040,3518,3687,4040,3518,3687,4040,169,522,169,522,FALSE,FALSE
593,11,3852,3746,4056,3852,3746,4056,3852,3746,4056,-106,204,106,204,FALSE,FALSE
593,12,3854,3556,3780,3854,3556,3780,3854,3556,3780,-298,-74,298,74,FALSE,FALSE
593,13,3633,3240,3318,3633,3240,3318,3633,3240,3318,-393,-315,393,315,FALSE,FALSE
593,14,3215,2833,2880,3215,2833,2880,3215,2833,2880,-382,-335,382,335,FALSE,FALSE
593,15,2817,2455,2453,2817,2455,2453,2817,2455,2453,-362,-364,362,364,FALSE,FALSE
593,16,2389,2066,2095,2389,2066,2095,2389,2066,2095,-323,-294,323,294,FALSE,FALSE
593,17,1976,1755,1714,1976,1755,1714,1976,1755,1714,-221,-262,221,262,FALSE,FALSE
593,18,1677,1492,1401,1677,1492,1401,1677,1492,1401,-185,-276,185,276,FALSE,FALSE
593,19,1361,1245,1134,1361,1245,1134,1361,1245,1134,-116,-227,116,227,FALSE,FALSE
593,20,1111,1020,922,1111,1020,922,1111,1020,922,-91,-189,91,189,FALSE,FALSE
593,21,900,839,732,900,839,732,900,839,732,-61,-168,61,168,FALSE,FALSE
593,22,714,697,597,714,697,597,714,697,597,-17,-117,17,117,FALSE,FALSE
593,23,586,573,501,586,573,501,586,573,501,-13,-85,13,85,FALSE,FALSE
593,24,473,465,411,473,465,411,473,465,411,-8,-62,8,62,FALSE,FALSE
593,25,381,399,338,381,399,338,381,399,338,18,-43,18,43,FALSE,FALSE
593,26,322,330,267,322,330,267,322,330,267,8,-55,8,55,FALSE,FALSE
593,27,253,273,221,253,273,221,253,273,221,20,-32,20,32,FALSE,FALSE
593,28,212,219,185,212,219,185,212,219,185,7,-27,7,27,FALSE,FALSE
593,29,161,175,159,161,175,159,161,175,159,14,-2,14,2,FALSE,FALSE
593,30,133,152,124,133,152,124,133,152,124,19,-9,19,9,FALSE,FALSE
593,31,99,128,99,99,128,99,99,128,99,29,0,29,0,FALSE,TRUE
593,32,84,100,76,84,100,76,84,100,76,16,-8,16,8,FALSE,FALSE
593,33,70,81,67,70,81,67,70,81,67,11,-3,11,3,FALSE,FALSE
593,34,63,65,61,63,65,61,63,65,61,2,-2,2,2,FALSE,FALSE
593,35,54,54,47,54,54,47,54,54,47,0,-7,0,7,TRUE,FALSE
593,36,42,42,31,42,42,31,42,42,31,0,-11,0,11,TRUE,FALSE
593,37,32,32,27,32,32,27,32,32,27,0,-5,0,5,TRUE,FALSE
593,38,26,28,23,26,28,23,26,28,23,2,-3,2,3,FALSE,FALSE
593,39,22,24,20,22,24,20,22,24,20,2,-2,2,2,FALSE,FALSE
593,40,16,18,16,16,18,16,16,18,16,2,0,2,0,FALSE,TRUE
593,41,11,16,11,11,16,11,11,16,11,5,0,5,0,FALSE,TRUE
593,42,6,15,9,6,15,9,6,15,9,9,3,9,3,FALSE,FALSE
593,43,5,11,7,5,11,7,5,11,7,6,2,6,2,FALSE,FALSE
593,44,4,10,6,4,10,6,4,10,6,6,2,6,2,FALSE,FALSE
593,45,3,7,7,3,7,7,3,7,7,4,4,4,4,FALSE,FALSE
593,46,1,8,6,1,8,6,1,8,6,7,5,7,5,FALSE,FALSE
593,47,1,6,5,1,6,5,1,6,5,5,4,5,4,FALSE,FALSE
593,48,1,5,3,1,5,3,1,5,3,4,2,4,2,FALSE,FALSE
593,49,1,3,3,1,3,3,1,3,3,2,2,2,2,FALSE,FALSE
593,50,1,3,2,1,3,2,1,3,2,2,1,2,1,FALSE,FALSE
593,51,0,3,2,0,3,2,0,3,2,3,2,3,2,FALSE,FALSE
593,52,0,3,1,0,3,1,0,3,1,3,1,3,1,FALSE,FALSE
593,53,0,2,1,0,2,1,0,2,1,2,1,2,1,FALSE,FALSE
593,54,0,1,1,0,1,1,0,1,1,1,1,1,1,FALSE,FALSE
593,55,0,0,1,0,0,1,0,0,1,0,1,0,1,TRUE,FALSE
593,56,0,0,1,0,0,1,0,0,1,0,1,0,1,TRUE,FALSE
593,57,0,0,1,0,0,1,0,0,1,0,1,0,1,TRUE,FALSE
593,58,0,0,0,0,0,0,0,0,0,0,0,0,0,TRUE,TRUE
593,59,0,0,0,0,0,0,0,0,0,0,0,0,0,TRUE,TRUE
593,60,0,0,0,0,0,0,0,0,0,0,0,0,0,TRUE,TRUE
594,0,47,47,47,47,47,47,47,47,47,0,0,0,0,TRUE,TRUE
594,1,48,58,40,48,58,40,48,58,40,10,-8,10,8,FALSE,FALSE
594,2,47,53,44,47,53,44,47,53,44,6,-3,6,3,FALSE,FALSE
594,3,44,54,49,44,54,49,44,54,49,10,5,10,5,FALSE,FALSE
594,4,43,59,49,43,59,49,43,59,49,16,6,16,6,FALSE,FALSE
594,5,55,59,50,55,59,50,55,59,50,4,-5,4,5,FALSE,FALSE
594,6,62,62,47,62,62,47,62,62,47,0,-15,0,15,TRUE,FALSE
594,7,60,64,53,60,64,53,60,64,53,4,-7,4,7,FALSE,FALSE
594,8,58,68,53,58,68,53,58,68,53,10,-5,10,5,FALSE,FALSE
594,9,60,79,56,60,79,56,60,79,56,19,-4,19,4,FALSE,FALSE
594,10,65,83,57,65,83,57,65,83,57,18,-8,18,8,FALSE,FALSE
594,11,66,87,55,66,87,55,66,87,55,21,-11,21,11,FALSE,FALSE
594,12,63,88,56,63,88,56,63,88,56,25,-7,25,7,FALSE,FALSE
594,13,68,92,56,68,92,56,68,92,56,24,-12,24,12,FALSE,FALSE
594,14,71,94,60,71,94,60,71,94,60,23,-11,23,11,FALSE,FALSE
594,15,75,99,68,75,99,68,75,99,68,24,-7,24,7,FALSE,FALSE
594,16,91,101,70,91,101,70,91,101,70,10,-21,10,21,FALSE,FALSE
594,17,92,109,70,92,109,70,92,109,70,17,-22,17,22,FALSE,FALSE
594,18,87,123,72,87,123,72,87,123,72,36,-15,36,15,FALSE,FALSE
594,19,87,128,79,87,128,79,87,128,79,41,-8,41,8,FALSE,FALSE
594,20,82,135,80,82,135,80,82,135,80,53,-2,53,2,FALSE,FALSE
594,21,78,132,82,78,132,82,78,132,82,54,4,54,4,FALSE,FALSE
594,22,77,139,85,77,139,85,77,139,85,62,8,62,8,FALSE,FALSE
594,23,87,133,90,87,133,90,87,133,90,46,3,46,3,FALSE,FALSE
594,24,84,134,95,84,134,95,84,134,95,50,11,50,11,FALSE,FALSE
594,25,92,138,98,92,138,98,92,138,98,46,6,46,6,FALSE,FALSE
594,26,95,145,100,95,145,100,95,145,100,50,5,50,5,FALSE,FALSE
594,27,99,160,99,99,160,99,99,160,99,61,0,61,0,FALSE,TRUE
594,28,116,162,101,116,162,101,116,162,101,46,-15,46,15,FALSE,FALSE
594,29,121,175,99,121,175,99,121,175,99,54,-22,54,22,FALSE,FALSE
594,30,125,181,111,125,181,111,125,181,111,56,-14,56,14,FALSE,FALSE
594,31,122,188,115,122,188,115,122,188,115,66,-7,66,7,FALSE,FALSE
594,32,125,204,128,125,204,128,125,204,128,79,3,79,3,FALSE,FALSE
594,33,121,200,138,121,200,138,121,200,138,79,17,79,17,FALSE,FALSE
594,34,133,195,139,133,195,139,133,195,139,62,6,62,6,FALSE,FALSE
594,35,132,209,139,132,209,139,132,209,139,77,7,77,7,FALSE,FALSE
594,36,131,214,137,131,214,137,131,214,137,83,6,83,6,FALSE,FALSE
594,37,141,220,140,141,220,140,141,220,140,79,-1,79,1,FALSE,FALSE
594,38,146,238,153,146,238,153,146,238,153,92,7,92,7,FALSE,FALSE
594,39,144,227,154,144,227,154,144,227,154,83,10,83,10,FALSE,FALSE
594,40,155,234,149,155,234,149,155,234,149,79,-6,79,6,FALSE,FALSE
594,41,157,238,148,157,238,148,157,238,148,81,-9,81,9,FALSE,FALSE
594,42,162,227,148,162,227,148,162,227,148,65,-14,65,14,FALSE,FALSE
594,43,169,230,157,169,230,157,169,230,157,61,-12,61,12,FALSE,FALSE
594,44,170,249,162,170,249,162,170,249,162,79,-8,79,8,FALSE,FALSE
594,45,186,242,163,186,242,163,186,242,163,56,-23,56,23,FALSE,FALSE
594,46,180,250,169,180,250,169,180,250,169,70,-11,70,11,FALSE,FALSE
594,47,182,260,162,182,260,162,182,260,162,78,-20,78,20,FALSE,FALSE
594,48,178,270,165,178,270,165,178,270,165,92,-13,92,13,FALSE,FALSE
594,49,180,261,160,180,261,160,180,261,160,81,-20,81,20,FALSE,FALSE
594,50,182,252,167,182,252,167,182,252,167,70,-15,70,15,FALSE,FALSE
594,51,179,251,168,179,251,168,179,251,168,72,-11,72,11,FALSE,FALSE
594,52,182,247,165,182,247,165,182,247,165,65,-17,65,17,FALSE,FALSE
594,53,191,242,160,191,242,160,191,242,160,51,-31,51,31,FALSE,FALSE
594,54,204,235,157,204,235,157,204,235,157,31,-47,31,47,FALSE,FALSE
594,55,201,238,166,201,238,166,201,238,166,37,-35,37,35,FALSE,FALSE
594,56,194,230,187,194,230,187,194,230,187,36,-7,36,7,FALSE,FALSE
594,57,207,239,175,207,239,175,207,239,175,32,-32,32,32,FALSE,FALSE
594,58,201,232,176,201,232,176,201,232,176,31,-25,31,25,FALSE,FALSE
594,59,201,225,176,201,225,176,201,225,176,24,-25,24,25,FALSE,FALSE
594,60,198,217,189,198,217,189,198,217,189,19,-9,19,9,FALSE,FALSE
595,0,79,79,79,79,79,79,79,79,79,0,0,0,0,TRUE,TRUE
595,1,109,104,90,109,104,90,109,104,90,-5,-19,5,19,FALSE,FALSE
595,2,133,131,115,133,131,115,133,131,115,-2,-18,2,18,FALSE,FALSE
595,3,165,182,148,165,182,148,165,182,148,17,-17,17,17,FALSE,FALSE
595,4,218,224,180,218,224,180,218,224,180,6,-38,6,38,FALSE,FALSE
595,5,282,284,228,282,284,228,282,284,228,2,-54,2,54,FALSE,FALSE
595,6,342,349,271,342,349,271,342,349,271,7,-71,7,71,FALSE,FALSE
595,7,425,421,339,425,421,339,425,421,339,-4,-86,4,86,FALSE,FALSE
595,8,509,528,426,509,528,426,509,528,426,19,-83,19,83,FALSE,FALSE
595,9,626,631,516,626,631,516,626,631,516,5,-110,5,110,FALSE,FALSE
595,10,754,748,633,754,748,633,754,748,633,-6,-121,6,121,FALSE,FALSE
595,11,906,898,780,906,898,780,906,898,780,-8,-126,8,126,FALSE,FALSE
595,12,1113,1114,943,1113,1114,943,1113,1114,943,1,-170,1,170,FALSE,FALSE
595,13,1316,1344,1137,1316,1344,1137,1316,1344,1137,28,-179,28,179,FALSE,FALSE
595,14,1524,1603,1352,1524,1603,1352,1524,1603,1352,79,-172,79,172,FALSE,FALSE
595,15,1742,1838,1558,1742,1838,1558,1742,1838,1558,96,-184,96,184,FALSE,FALSE
595,16,1970,2052,1768,1970,2052,1768,1970,2052,1768,82,-202,82,202,FALSE,FALSE
595,17,2189,2269,1989,2189,2269,1989,2189,2269,1989,80,-200,80,200,FALSE,FALSE
595,18,2440,2477,2223,2440,2477,2223,2440,2477,2223,37,-217,37,217,FALSE,FALSE
595,19,2630,2606,2380,2630,2606,2380,2630,2606,2380,-24,-250,24,250,FALSE,FALSE
595,20,2775,2757,2534,2775,2757,2534,2775,2757,2534,-18,-241,18,241,FALSE,FALSE
595,21,2875,2791,2664,2875,2791,2664,2875,2791,2664,-84,-211,84,211,FALSE,FALSE
595,22,2933,2829,2751,2933,2829,2751,2933,2829,2751,-104,-182,104,182,FALSE,FALSE
595,23,2940,2834,2806,2940,2834,2806,2940,2834,2806,-106,-134,106,134,FALSE,FALSE
595,24,2901,2782,2806,2901,2782,2806,2901,2782,2806,-119,-95,119,95,FALSE,FALSE
595,25,2826,2725,2754,2826,2725,2754,2826,2725,2754,-101,-72,101,72,FALSE,FALSE
595,26,2746,2638,2732,2746,2638,2732,2746,2638,2732,-108,-14,108,14,FALSE,FALSE
595,27,2614,2504,2617,2614,2504,2617,2614,2504,2617,-110,3,110,3,FALSE,FALSE
595,28,2478,2383,2529,2478,2383,2529,2478,2383,2529,-95,51,95,51,FALSE,FALSE
595,29,2323,2275,2394,2323,2275,2394,2323,2275,2394,-48,71,48,71,FALSE,FALSE
595,30,2207,2104,2278,2207,2104,2278,2207,2104,2278,-103,71,103,71,FALSE,FALSE
595,31,2091,1984,2169,2091,1984,2169,2091,1984,2169,-107,78,107,78,FALSE,FALSE
595,32,1948,1870,2052,1948,1870,2052,1948,1870,2052,-78,104,78,104,FALSE,FALSE
595,33,1840,1758,1914,1840,1758,1914,1840,1758,1914,-82,74,82,74,FALSE,FALSE
595,34,1687,1631,1806,1687,1631,1806,1687,1631,1806,-56,119,56,119,FALSE,FALSE
595,35,1550,1494,1701,1550,1494,1701,1550,1494,1701,-56,151,56,151,FALSE,FALSE
595,36,1430,1395,1571,1430,1395,1571,1430,1395,1571,-35,141,35,141,FALSE,FALSE
595,37,1348,1293,1435,1348,1293,1435,1348,1293,1435,-55,87,55,87,FALSE,FALSE
595,38,1246,1170,1352,1246,1170,1352,1246,1170,1352,-76,106,76,106,FALSE,FALSE
595,39,1164,1074,1241,1164,1074,1241,1164,1074,1241,-90,77,90,77,FALSE,FALSE
595,40,1071,991,1132,1071,991,1132,1071,991,1132,-80,61,80,61,FALSE,FALSE
595,41,992,910,1069,992,910,1069,992,910,1069,-82,77,82,77,FALSE,FALSE
595,42,894,826,985,894,826,985,894,826,985,-68,91,68,91,FALSE,FALSE
595,43,823,748,922,823,748,922,823,748,922,-75,99,75,99,FALSE,FALSE
595,44,764,673,848,764,673,848,764,673,848,-91,84,91,84,FALSE,FALSE
595,45,708,626,763,708,626,763,708,626,763,-82,55,82,55,FALSE,FALSE
595,46,638,576,700,638,576,700,638,576,700,-62,62,62,62,FALSE,FALSE
595,47,561,525,656,561,525,656,561,525,656,-36,95,36,95,FALSE,FALSE
595,48,518,477,594,518,477,594,518,477,594,-41,76,41,76,FALSE,FALSE
595,49,470,441,556,470,441,556,470,441,556,-29,86,29,86,FALSE,FALSE
595,50,423,402,516,423,402,516,423,402,516,-21,93,21,93,FALSE,FALSE
595,51,381,368,481,381,368,481,381,368,481,-13,100,13,100,FALSE,FALSE
595,52,347,346,426,347,346,426,347,346,426,-1,79,1,79,FALSE,FALSE
595,53,322,313,392,322,313,392,322,313,392,-9,70,9,70,FALSE,FALSE
595,54,295,286,356,295,286,356,295,286,356,-9,61,9,61,FALSE,FALSE
595,55,272,264,316,272,264,316,272,264,316,-8,44,8,44,FALSE,FALSE
595,56,247,245,289,247,245,289,247,245,289,-2,42,2,42,FALSE,FALSE
595,57,220,219,267,220,219,267,220,219,267,-1,47,1,47,FALSE,FALSE
595,58,208,190,243,208,190,243,208,190,243,-18,35,18,35,FALSE,FALSE
595,59,185,171,223,185,171,223,185,171,223,-14,38,14,38,FALSE,FALSE
595,60,162,158,211,162,158,211,162,158,211,-4,49,4,49,FALSE,FALSE
596,0,115,115,115,115,115,115,115,115,115,0,0,0,0,TRUE,TRUE
596,1,168,144,164,168,144,164,168,144,164,-24,-4,24,4,FALSE,FALSE
596,2,224,194,213,224,194,213,224,194,213,-30,-11,30,11,FALSE,FALSE
596,3,298,280,300,298,280,300,298,280,300,-18,2,18,2,FALSE,FALSE
596,4,382,376,400,382,376,400,382,376,400,-6,18,6,18,FALSE,FALSE
596,5,517,513,529,517,513,529,517,513,529,-4,12,4,12,FALSE,FALSE
596,6,678,653,695,678,653,695,678,653,695,-25,17,25,17,FALSE,FALSE
596,7,898,865,929,898,865,929,898,865,929,-33,31,33,31,FALSE,FALSE
596,8,1178,1126,1138,1178,1126,1138,1178,1126,1138,-52,-40,52,40,FALSE,FALSE
596,9,1446,1395,1423,1446,1395,1423,1446,1395,1423,-51,-23,51,23,FALSE,FALSE
596,10,1788,1647,1733,1788,1647,1733,1788,1647,1733,-141,-55,141,55,FALSE,FALSE
596,11,2022,1870,2046,2022,1870,2046,2022,1870,2046,-152,24,152,24,FALSE,FALSE
596,12,2271,2120,2274,2271,2120,2274,2271,2120,2274,-151,3,151,3,FALSE,FALSE
596,13,2415,2310,2353,2415,2310,2353,2415,2310,2353,-105,-62,105,62,FALSE,FALSE
596,14,2481,2366,2438,2481,2366,2438,2481,2366,2438,-115,-43,115,43,FALSE,FALSE
596,15,2447,2388,2423,2447,2388,2423,2447,2388,2423,-59,-24,59,24,FALSE,FALSE
596,16,2309,2290,2333,2309,2290,2333,2309,2290,2333,-19,24,19,24,FALSE,FALSE
596,17,2142,2132,2134,2142,2132,2134,2142,2132,2134,-10,-8,10,8,FALSE,FALSE
596,18,1960,1941,1951,1960,1941,1951,1960,1941,1951,-19,-9,19,9,FALSE,FALSE
596,19,1762,1778,1744,1762,1778,1744,1762,1778,1744,16,-18,16,18,FALSE,FALSE
596,20,1591,1586,1514,1591,1586,1514,1591,1586,1514,-5,-77,5,77,FALSE,FALSE
596,21,1356,1405,1337,1356,1405,1337,1356,1405,1337,49,-19,49,19,FALSE,FALSE
596,22,1163,1187,1121,1163,1187,1121,1163,1187,1121,24,-42,24,42,FALSE,FALSE
596,23,987,1016,984,987,1016,984,987,1016,984,29,-3,29,3,FALSE,FALSE
596,24,822,854,857,822,854,857,822,854,857,32,35,32,35,FALSE,FALSE
596,25,677,718,718,677,718,718,677,718,718,41,41,41,41,FALSE,FALSE
596,26,581,606,605,581,606,605,581,606,605,25,24,25,24,FALSE,FALSE
596,27,498,508,507,498,508,507,498,508,507,10,9,10,9,FALSE,FALSE
596,28,414,416,441,414,416,441,414,416,441,2,27,2,27,FALSE,FALSE
596,29,358,337,371,358,337,371,358,337,371,-21,13,21,13,FALSE,FALSE
596,30,309,286,308,309,286,308,309,286,308,-23,-1,23,1,FALSE,FALSE
596,31,249,230,257,249,230,257,249,230,257,-19,8,19,8,FALSE,FALSE
596,32,211,192,209,211,192,209,211,192,209,-19,-2,19,2,FALSE,FALSE
596,33,169,169,182,169,169,182,169,169,182,0,13,0,13,TRUE,FALSE
596,34,136,136,151,136,136,151,136,136,151,0,15,0,15,TRUE,FALSE
596,35,116,105,131,116,105,131,116,105,131,-11,15,11,15,FALSE,FALSE
596,36,94,92,116,94,92,116,94,92,116,-2,22,2,22,FALSE,FALSE
596,37,81,71,100,81,71,100,81,71,100,-10,19,10,19,FALSE,FALSE
596,38,70,67,78,70,67,78,70,67,78,-3,8,3,8,FALSE,FALSE
596,39,57,52,64,57,52,64,57,52,64,-5,7,5,7,FALSE,FALSE
596,40,44,39,47,44,39,47,44,39,47,-5,3,5,3,FALSE,FALSE
596,41,33,33,39,33,33,39,33,33,39,0,6,0,6,TRUE,FALSE
596,42,29,23,37,29,23,37,29,23,37,-6,8,6,8,FALSE,FALSE
596,43,19,18,34,19,18,34,19,18,34,-1,15,1,15,FALSE,FALSE
596,44,13,15,27,13,15,27,13,15,27,2,14,2,14,FALSE,FALSE
596,45,10,12,27,10,12,27,10,12,27,2,17,2,17,FALSE,FALSE
596,46,10,9,24,10,9,24,10,9,24,-1,14,1,14,FALSE,FALSE
596,47,8,5,19,8,5,19,8,5,19,-3,11,3,11,FALSE,FALSE
596,48,8,5,16,8,5,16,8,5,16,-3,8,3,8,FALSE,FALSE
596,49,6,4,16,6,4,16,6,4,16,-2,10,2,10,FALSE,FALSE
596,50,6,3,13,6,3,13,6,3,13,-3,7,3,7,FALSE,FALSE
596,51,6,3,11,6,3,11,6,3,11,-3,5,3,5,FALSE,FALSE
596,52,6,2,8,6,2,8,6,2,8,-4,2,4,2,FALSE,FALSE
596,53,5,1,8,5,1,8,5,1,8,-4,3,4,3,FALSE,FALSE
596,54,5,1,10,5,1,10,5,1,10,-4,5,4,5,FALSE,FALSE
596,55,4,1,9,4,1,9,4,1,9,-3,5,3,5,FALSE,FALSE
596,56,4,1,7,4,1,7,4,1,7,-3,3,3,3,FALSE,FALSE
596,57,4,1,4,4,1,4,4,1,4,-3,0,3,0,FALSE,TRUE
596,58,4,1,3,4,1,3,4,1,3,-3,-1,3,1,FALSE,FALSE
596,59,3,1,0,3,1,0,3,1,0,-2,-3,2,3,FALSE,FALSE
596,60,3,1,0,3,1,0,3,1,0,-2,-3,2,3,FALSE,FALSE
597,0,122,122,122,122,122,122,122,122,122,0,0,0,0,TRUE,TRUE
597,1,177,164,181,177,164,181,177,164,181,-13,4,13,4,FALSE,FALSE
597,2,240,246,253,240,246,253,240,246,253,6,13,6,13,FALSE,FALSE
597,3,341,364,341,341,364,341,341,364,341,23,0,23,0,FALSE,TRUE
597,4,482,519,470,482,519,470,482,519,470,37,-12,37,12,FALSE,FALSE
597,5,692,708,653,692,708,653,692,708,653,16,-39,16,39,FALSE,FALSE
597,6,942,952,878,942,952,878,942,952,878,10,-64,10,64,FALSE,FALSE
597,7,1249,1269,1145,1249,1269,1145,1249,1269,1145,20,-104,20,104,FALSE,FALSE
597,8,1621,1636,1447,1621,1636,1447,1621,1636,1447,15,-174,15,174,FALSE,FALSE
597,9,1967,2011,1787,1967,2011,1787,1967,2011,1787,44,-180,44,180,FALSE,FALSE
597,10,2317,2363,2149,2317,2363,2149,2317,2363,2149,46,-168,46,168,FALSE,FALSE
597,11,2632,2686,2490,2632,2686,2490,2632,2686,2490,54,-142,54,142,FALSE,FALSE
597,12,2867,2927,2786,2867,2927,2786,2867,2927,2786,60,-81,60,81,FALSE,FALSE
597,13,3014,3070,2974,3014,3070,2974,3014,3070,2974,56,-40,56,40,FALSE,FALSE
597,14,3067,3150,3098,3067,3150,3098,3067,3150,3098,83,31,83,31,FALSE,FALSE
597,15,3051,3174,3120,3051,3174,3120,3051,3174,3120,123,69,123,69,FALSE,FALSE
597,16,2955,3083,3060,2955,3083,3060,2955,3083,3060,128,105,128,105,FALSE,FALSE
597,17,2838,2943,2974,2838,2943,2974,2838,2943,2974,105,136,105,136,FALSE,FALSE
597,18,2729,2763,2832,2729,2763,2832,2729,2763,2832,34,103,34,103,FALSE,FALSE
597,19,2561,2586,2660,2561,2586,2660,2561,2586,2660,25,99,25,99,FALSE,FALSE
597,20,2376,2422,2476,2376,2422,2476,2376,2422,2476,46,100,46,100,FALSE,FALSE
597,21,2211,2226,2318,2211,2226,2318,2211,2226,2318,15,107,15,107,FALSE,FALSE
597,22,2022,2042,2144,2022,2042,2144,2022,2042,2144,20,122,20,122,FALSE,FALSE
597,23,1848,1887,1980,1848,1887,1980,1848,1887,1980,39,132,39,132,FALSE,FALSE
597,24,1675,1738,1801,1675,1738,1801,1675,1738,1801,63,126,63,126,FALSE,FALSE
597,25,1529,1597,1638,1529,1597,1638,1529,1597,1638,68,109,68,109,FALSE,FALSE
597,26,1415,1444,1480,1415,1444,1480,1415,1444,1480,29,65,29,65,FALSE,FALSE
597,27,1271,1295,1349,1271,1295,1349,1271,1295,1349,24,78,24,78,FALSE,FALSE
597,28,1147,1172,1238,1147,1172,1238,1147,1172,1238,25,91,25,91,FALSE,FALSE
597,29,1063,1080,1122,1063,1080,1122,1063,1080,1122,17,59,17,59,FALSE,FALSE
597,30,949,973,1001,949,973,1001,949,973,1001,24,52,24,52,FALSE,FALSE
597,31,860,880,905,860,880,905,860,880,905,20,45,20,45,FALSE,FALSE
597,32,765,800,819,765,800,819,765,800,819,35,54,35,54,FALSE,FALSE
597,33,690,716,737,690,716,737,690,716,737,26,47,26,47,FALSE,FALSE
597,34,618,645,671,618,645,671,618,645,671,27,53,27,53,FALSE,FALSE
597,35,554,576,606,554,576,606,554,576,606,22,52,22,52,FALSE,FALSE
597,36,498,510,540,498,510,540,498,510,540,12,42,12,42,FALSE,FALSE
597,37,444,464,490,444,464,490,444,464,490,20,46,20,46,FALSE,FALSE
597,38,395,404,443,395,404,443,395,404,443,9,48,9,48,FALSE,FALSE
597,39,336,364,402,336,364,402,336,364,402,28,66,28,66,FALSE,FALSE
597,40,299,328,375,299,328,375,299,328,375,29,76,29,76,FALSE,FALSE
597,41,269,287,353,269,287,353,269,287,353,18,84,18,84,FALSE,FALSE
597,42,233,254,323,233,254,323,233,254,323,21,90,21,90,FALSE,FALSE
597,43,212,231,279,212,231,279,212,231,279,19,67,19,67,FALSE,FALSE
597,44,193,207,250,193,207,250,193,207,250,14,57,14,57,FALSE,FALSE
597,45,174,191,223,174,191,223,174,191,223,17,49,17,49,FALSE,FALSE
597,46,155,180,198,155,180,198,155,180,198,25,43,25,43,FALSE,FALSE
597,47,139,163,173,139,163,173,139,163,173,24,34,24,34,FALSE,FALSE
597,48,131,147,153,131,147,153,131,147,153,16,22,16,22,FALSE,FALSE
597,49,117,135,136,117,135,136,117,135,136,18,19,18,19,FALSE,FALSE
597,50,107,119,117,107,119,117,107,119,117,12,10,12,10,FALSE,FALSE
597,51,98,107,107,98,107,107,98,107,107,9,9,9,9,FALSE,FALSE
597,52,89,93,97,89,93,97,89,93,97,4,8,4,8,FALSE,FALSE
597,53,79,81,85,79,81,85,79,81,85,2,6,2,6,FALSE,FALSE
597,54,72,74,77,72,74,77,72,74,77,2,5,2,5,FALSE,FALSE
597,55,60,66,72,60,66,72,60,66,72,6,12,6,12,FALSE,FALSE
597,56,56,61,69,56,61,69,56,61,69,5,13,5,13,FALSE,FALSE
597,57,51,58,61,51,58,61,51,58,61,7,10,7,10,FALSE,FALSE
597,58,46,54,54,46,54,54,46,54,54,8,8,8,8,FALSE,FALSE
597,59,39,51,45,39,51,45,39,51,45,12,6,12,6,FALSE,FALSE
597,60,35,48,38,35,48,38,35,48,38,13,3,13,3,FALSE,FALSE
598,0,92,92,92,92,92,92,92,92,92,0,0,0,0,TRUE,TRUE
598,1,103,102,117,103,102,117,103,102,117,-1,14,1,14,FALSE,FALSE
598,2,116,107,146,116,107,146,116,107,146,-9,30,9,30,FALSE,FALSE
598,3,139,114,169,139,114,169,139,114,169,-25,30,25,30,FALSE,FALSE
598,4,148,139,178,148,139,178,148,139,178,-9,30,9,30,FALSE,FALSE
598,5,161,146,205,161,146,205,161,146,205,-15,44,15,44,FALSE,FALSE
598,6,188,171,229,188,171,229,188,171,229,-17,41,17,41,FALSE,FALSE
598,7,212,192,264,212,192,264,212,192,264,-20,52,20,52,FALSE,FALSE
598,8,229,228,303,229,228,303,229,228,303,-1,74,1,74,FALSE,FALSE
598,9,266,259,349,266,259,349,266,259,349,-7,83,7,83,FALSE,FALSE
598,10,305,290,415,305,290,415,305,290,415,-15,110,15,110,FALSE,FALSE
598,11,354,320,474,354,320,474,354,320,474,-34,120,34,120,FALSE,FALSE
598,12,378,359,536,378,359,536,378,359,536,-19,158,19,158,FALSE,FALSE
598,13,426,400,605,426,400,605,426,400,605,-26,179,26,179,FALSE,FALSE
598,14,469,478,661,469,478,661,469,478,661,9,192,9,192,FALSE,FALSE
598,15,542,491,708,542,491,708,542,491,708,-51,166,51,166,FALSE,FALSE
598,16,582,533,773,582,533,773,582,533,773,-49,191,49,191,FALSE,FALSE
598,17,623,572,845,623,572,845,623,572,845,-51,222,51,222,FALSE,FALSE
598,18,693,636,934,693,636,934,693,636,934,-57,241,57,241,FALSE,FALSE
598,19,756,678,1000,756,678,1000,756,678,1000,-78,244,78,244,FALSE,FALSE
598,20,806,736,1035,806,736,1035,806,736,1035,-70,229,70,229,FALSE,FALSE
598,21,840,788,1039,840,788,1039,840,788,1039,-52,199,52,199,FALSE,FALSE
598,22,886,831,1068,886,831,1068,886,831,1068,-55,182,55,182,FALSE,FALSE
598,23,905,842,1067,905,842,1067,905,842,1067,-63,162,63,162,FALSE,FALSE
598,24,935,908,1068,935,908,1068,935,908,1068,-27,133,27,133,FALSE,FALSE
598,25,922,943,1079,922,943,1079,922,943,1079,21,157,21,157,FALSE,FALSE
598,26,935,964,1057,935,964,1057,935,964,1057,29,122,29,122,FALSE,FALSE
598,27,945,1003,1051,945,1003,1051,945,1003,1051,58,106,58,106,FALSE,FALSE
598,28,929,991,1033,929,991,1033,929,991,1033,62,104,62,104,FALSE,FALSE
598,29,936,972,981,936,972,981,936,972,981,36,45,36,45,FALSE,FALSE
598,30,926,936,940,926,936,940,926,936,940,10,14,10,14,FALSE,FALSE
598,31,914,926,875,914,926,875,914,926,875,12,-39,12,39,FALSE,FALSE
598,32,887,922,853,887,922,853,887,922,853,35,-34,35,34,FALSE,FALSE
598,33,866,889,791,866,889,791,866,889,791,23,-75,23,75,FALSE,FALSE
598,34,786,808,768,786,808,768,786,808,768,22,-18,22,18,FALSE,FALSE
598,35,783,735,744,783,735,744,783,735,744,-48,-39,48,39,FALSE,FALSE
598,36,754,694,708,754,694,708,754,694,708,-60,-46,60,46,FALSE,FALSE
598,37,696,656,649,696,656,649,696,656,649,-40,-47,40,47,FALSE,FALSE
598,38,673,626,588,673,626,588,673,626,588,-47,-85,47,85,FALSE,FALSE
598,39,640,581,551,640,581,551,640,581,551,-59,-89,59,89,FALSE,FALSE
598,40,607,542,503,607,542,503,607,542,503,-65,-104,65,104,FALSE,FALSE
598,41,556,502,461,556,502,461,556,502,461,-54,-95,54,95,FALSE,FALSE
598,42,493,467,430,493,467,430,493,467,430,-26,-63,26,63,FALSE,FALSE
598,43,459,434,401,459,434,401,459,434,401,-25,-58,25,58,FALSE,FALSE
598,44,405,383,360,405,383,360,405,383,360,-22,-45,22,45,FALSE,FALSE
598,45,376,356,317,376,356,317,376,356,317,-20,-59,20,59,FALSE,FALSE
598,46,345,343,282,345,343,282,345,343,282,-2,-63,2,63,FALSE,FALSE
598,47,332,308,259,332,308,259,332,308,259,-24,-73,24,73,FALSE,FALSE
598,48,305,288,222,305,288,222,305,288,222,-17,-83,17,83,FALSE,FALSE
598,49,275,254,207,275,254,207,275,254,207,-21,-68,21,68,FALSE,FALSE
598,50,251,233,179,251,233,179,251,233,179,-18,-72,18,72,FALSE,FALSE
598,51,227,211,171,227,211,171,227,211,171,-16,-56,16,56,FALSE,FALSE
598,52,205,193,163,205,193,163,205,193,163,-12,-42,12,42,FALSE,FALSE
598,53,184,176,138,184,176,138,184,176,138,-8,-46,8,46,FALSE,FALSE
598,54,167,157,130,167,157,130,167,157,130,-10,-37,10,37,FALSE,FALSE
598,55,153,144,115,153,144,115,153,144,115,-9,-38,9,38,FALSE,FALSE
598,56,139,127,108,139,127,108,139,127,108,-12,-31,12,31,FALSE,FALSE
598,57,128,114,96,128,114,96,128,114,96,-14,-32,14,32,FALSE,FALSE
598,58,114,108,85,114,108,85,114,108,85,-6,-29,6,29,FALSE,FALSE
598,59,112,96,81,112,96,81,112,96,81,-16,-31,16,31,FALSE,FALSE
598,60,102,91,83,102,91,83,102,91,83,-11,-19,11,19,FALSE,FALSE
599,0,90,90,90,90,90,90,90,90,90,0,0,0,0,TRUE,TRUE
599,1,113,135,122,113,135,122,113,135,122,22,9,22,9,FALSE,FALSE
599,2,162,187,174,162,187,174,162,187,174,25,12,25,12,FALSE,FALSE
599,3,254,262,239,254,262,239,254,262,239,8,-15,8,15,FALSE,FALSE
599,4,363,360,338,363,360,338,363,360,338,-3,-25,3,25,FALSE,FALSE
599,5,501,518,448,501,518,448,501,518,448,17,-53,17,53,FALSE,FALSE
599,6,678,728,601,678,728,601,678,728,601,50,-77,50,77,FALSE,FALSE
599,7,923,978,805,923,978,805,923,978,805,55,-118,55,118,FALSE,FALSE
599,8,1178,1299,1057,1178,1299,1057,1178,1299,1057,121,-121,121,121,FALSE,FALSE
599,9,1483,1574,1328,1483,1574,1328,1483,1574,1328,91,-155,91,155,FALSE,FALSE
599,10,1807,1897,1645,1807,1897,1645,1807,1897,1645,90,-162,90,162,FALSE,FALSE
599,11,2083,2157,1931,2083,2157,1931,2083,2157,1931,74,-152,74,152,FALSE,FALSE
599,12,2292,2381,2155,2292,2381,2155,2292,2381,2155,89,-137,89,137,FALSE,FALSE
599,13,2449,2517,2344,2449,2517,2344,2449,2517,2344,68,-105,68,105,FALSE,FALSE
599,14,2499,2571,2472,2499,2571,2472,2499,2571,2472,72,-27,72,27,FALSE,FALSE
599,15,2487,2556,2478,2487,2556,2478,2487,2556,2478,69,-9,69,9,FALSE,FALSE
599,16,2417,2420,2398,2417,2420,2398,2417,2420,2398,3,-19,3,19,FALSE,FALSE
599,17,2280,2253,2257,2280,2253,2257,2280,2253,2257,-27,-23,27,23,FALSE,FALSE
599,18,2131,2065,2115,2131,2065,2115,2131,2065,2115,-66,-16,66,16,FALSE,FALSE
599,19,1947,1873,1972,1947,1873,1972,1947,1873,1972,-74,25,74,25,FALSE,FALSE
599,20,1753,1646,1796,1753,1646,1796,1753,1646,1796,-107,43,107,43,FALSE,FALSE
599,21,1553,1473,1616,1553,1473,1616,1553,1473,1616,-80,63,80,63,FALSE,FALSE
599,22,1386,1289,1438,1386,1289,1438,1386,1289,1438,-97,52,97,52,FALSE,FALSE
599,23,1196,1121,1241,1196,1121,1241,1196,1121,1241,-75,45,75,45,FALSE,FALSE
599,24,1043,977,1107,1043,977,1107,1043,977,1107,-66,64,66,64,FALSE,FALSE
599,25,908,839,969,908,839,969,908,839,969,-69,61,69,61,FALSE,FALSE
599,26,776,726,853,776,726,853,776,726,853,-50,77,50,77,FALSE,FALSE
599,27,659,634,739,659,634,739,659,634,739,-25,80,25,80,FALSE,FALSE
599,28,568,543,617,568,543,617,568,543,617,-25,49,25,49,FALSE,FALSE
599,29,484,468,525,484,468,525,484,468,525,-16,41,16,41,FALSE,FALSE
599,30,404,375,443,404,375,443,404,375,443,-29,39,29,39,FALSE,FALSE
599,31,342,313,386,342,313,386,342,313,386,-29,44,29,44,FALSE,FALSE
599,32,297,271,342,297,271,342,297,271,342,-26,45,26,45,FALSE,FALSE
599,33,254,234,290,254,234,290,254,234,290,-20,36,20,36,FALSE,FALSE
599,34,219,192,260,219,192,260,219,192,260,-27,41,27,41,FALSE,FALSE
599,35,185,162,224,185,162,224,185,162,224,-23,39,23,39,FALSE,FALSE
599,36,155,150,189,155,150,189,155,150,189,-5,34,5,34,FALSE,FALSE
599,37,130,133,164,130,133,164,130,133,164,3,34,3,34,FALSE,FALSE
599,38,110,109,130,110,109,130,110,109,130,-1,20,1,20,FALSE,FALSE
599,39,92,87,100,92,87,100,92,87,100,-5,8,5,8,FALSE,FALSE
599,40,86,68,78,86,68,78,86,68,78,-18,-8,18,8,FALSE,FALSE
599,41,68,57,66,68,57,66,68,57,66,-11,-2,11,2,FALSE,FALSE
599,42,58,51,51,58,51,51,58,51,51,-7,-7,7,7,FALSE,FALSE
599,43,51,43,48,51,43,48,51,43,48,-8,-3,8,3,FALSE,FALSE
599,44,41,36,41,41,36,41,41,36,41,-5,0,5,0,FALSE,TRUE
599,45,41,30,29,41,30,29,41,30,29,-11,-12,11,12,FALSE,FALSE
599,46,33,20,26,33,20,26,33,20,26,-13,-7,13,7,FALSE,FALSE
599,47,28,17,22,28,17,22,28,17,22,-11,-6,11,6,FALSE,FALSE
599,48,22,15,17,22,15,17,22,15,17,-7,-5,7,5,FALSE,FALSE
599,49,18,12,13,18,12,13,18,12,13,-6,-5,6,5,FALSE,FALSE
599,50,16,9,12,16,9,12,16,9,12,-7,-4,7,4,FALSE,FALSE
599,51,16,6,11,16,6,11,16,6,11,-10,-5,10,5,FALSE,FALSE
599,52,12,5,7,12,5,7,12,5,7,-7,-5,7,5,FALSE,FALSE
599,53,7,5,5,7,5,5,7,5,5,-2,-2,2,2,FALSE,FALSE
599,54,5,5,4,5,5,4,5,5,4,0,-1,0,1,TRUE,FALSE
599,55,5,4,3,5,4,3,5,4,3,-1,-2,1,2,FALSE,FALSE
599,56,4,3,4,4,3,4,4,3,4,-1,0,1,0,FALSE,TRUE
599,57,2,3,3,2,3,3,2,3,3,1,1,1,1,FALSE,FALSE
599,58,2,2,3,2,2,3,2,2,3,0,1,0,1,TRUE,FALSE
599,59,2,2,2,2,2,2,2,2,2,0,0,0,0,TRUE,TRUE
599,60,2,2,1,2,2,1,2,2,1,0,-1,0,1,TRUE,FALSE
600,0,63,63,63,63,63,63,63,63,63,0,0,0,0,TRUE,TRUE
600,1,64,74,74,64,74,74,64,74,74,10,10,10,10,FALSE,FALSE
600,2,71,83,87,71,83,87,71,83,87,12,16,12,16,FALSE,FALSE
600,3,88,90,96,88,90,96,88,90,96,2,8,2,8,FALSE,FALSE
600,4,100,111,112,100,111,112,100,111,112,11,12,11,12,FALSE,FALSE
600,5,129,130,131,129,130,131,129,130,131,1,2,1,2,FALSE,FALSE
600,6,155,154,145,155,154,145,155,154,145,-1,-10,1,10,FALSE,FALSE
600,7,180,199,167,180,199,167,180,199,167,19,-13,19,13,FALSE,FALSE
600,8,207,221,208,207,221,208,207,221,208,14,1,14,1,FALSE,FALSE
600,9,225,240,228,225,240,228,225,240,228,15,3,15,3,FALSE,FALSE
600,10,246,261,269,246,261,269,246,261,269,15,23,15,23,FALSE,FALSE
600,11,260,295,312,260,295,312,260,295,312,35,52,35,52,FALSE,FALSE
600,12,309,327,339,309,327,339,309,327,339,18,30,18,30,FALSE,FALSE
600,13,338,376,396,338,376,396,338,376,396,38,58,38,58,FALSE,FALSE
600,14,377,419,461,377,419,461,377,419,461,42,84,42,84,FALSE,FALSE
600,15,413,465,512,413,465,512,413,465,512,52,99,52,99,FALSE,FALSE
600,16,455,494,571,455,494,571,455,494,571,39,116,39,116,FALSE,FALSE
600,17,507,509,615,507,509,615,507,509,615,2,108,2,108,FALSE,FALSE
600,18,578,546,642,578,546,642,578,546,642,-32,64,32,64,FALSE,FALSE
600,19,623,571,695,623,571,695,623,571,695,-52,72,52,72,FALSE,FALSE
600,20,673,606,725,673,606,725,673,606,725,-67,52,67,52,FALSE,FALSE
600,21,694,640,771,694,640,771,694,640,771,-54,77,54,77,FALSE,FALSE
600,22,736,692,799,736,692,799,736,692,799,-44,63,44,63,FALSE,FALSE
600,23,759,708,807,759,708,807,759,708,807,-51,48,51,48,FALSE,FALSE
600,24,773,734,848,773,734,848,773,734,848,-39,75,39,75,FALSE,FALSE
600,25,756,778,825,756,778,825,756,778,825,22,69,22,69,FALSE,FALSE
600,26,766,793,822,766,793,822,766,793,822,27,56,27,56,FALSE,FALSE
600,27,753,763,794,753,763,794,753,763,794,10,41,10,41,FALSE,FALSE
600,28,758,770,752,758,770,752,758,770,752,12,-6,12,6,FALSE,FALSE
600,29,724,792,725,724,792,725,724,792,725,68,1,68,1,FALSE,FALSE
600,30,702,747,707,702,747,707,702,747,707,45,5,45,5,FALSE,FALSE
600,31,668,732,638,668,732,638,668,732,638,64,-30,64,30,FALSE,FALSE
600,32,639,672,592,639,672,592,639,672,592,33,-47,33,47,FALSE,FALSE
600,33,596,641,546,596,641,546,596,641,546,45,-50,45,50,FALSE,FALSE
600,34,579,609,509,579,609,509,579,609,509,30,-70,30,70,FALSE,FALSE
600,35,531,588,464,531,588,464,531,588,464,57,-67,57,67,FALSE,FALSE
600,36,491,536,413,491,536,413,491,536,413,45,-78,45,78,FALSE,FALSE
600,37,434,472,366,434,472,366,434,472,366,38,-68,38,68,FALSE,FALSE
600,38,409,424,333,409,424,333,409,424,333,15,-76,15,76,FALSE,FALSE
600,39,377,387,299,377,387,299,377,387,299,10,-78,10,78,FALSE,FALSE
600,40,354,347,268,354,347,268,354,347,268,-7,-86,7,86,FALSE,FALSE
600,41,333,315,251,333,315,251,333,315,251,-18,-82,18,82,FALSE,FALSE
600,42,287,291,228,287,291,228,287,291,228,4,-59,4,59,FALSE,FALSE
600,43,262,269,204,262,269,204,262,269,204,7,-58,7,58,FALSE,FALSE
600,44,234,253,176,234,253,176,234,253,176,19,-58,19,58,FALSE,FALSE
600,45,202,224,165,202,224,165,202,224,165,22,-37,22,37,FALSE,FALSE
600,46,180,210,137,180,210,137,180,210,137,30,-43,30,43,FALSE,FALSE
600,47,159,191,122,159,191,122,159,191,122,32,-37,32,37,FALSE,FALSE
600,48,144,169,123,144,169,123,144,169,123,25,-21,25,21,FALSE,FALSE
600,49,125,158,108,125,158,108,125,158,108,33,-17,33,17,FALSE,FALSE
600,50,98,139,103,98,139,103,98,139,103,41,5,41,5,FALSE,FALSE
600,51,84,123,91,84,123,91,84,123,91,39,7,39,7,FALSE,FALSE
600,52,75,110,87,75,110,87,75,110,87,35,12,35,12,FALSE,FALSE
600,53,61,94,77,61,94,77,61,94,77,33,16,33,16,FALSE,FALSE
600,54,58,78,66,58,78,66,58,78,66,20,8,20,8,FALSE,FALSE
600,55,55,77,60,55,77,60,55,77,60,22,5,22,5,FALSE,FALSE
600,56,47,66,57,47,66,57,47,66,57,19,10,19,10,FALSE,FALSE
600,57,40,63,57,40,63,57,40,63,57,23,17,23,17,FALSE,FALSE
600,58,34,59,56,34,59,56,34,59,56,25,22,25,22,FALSE,FALSE
600,59,31,52,53,31,52,53,31,52,53,21,22,21,22,FALSE,FALSE
600,60,23,46,46,23,46,46,23,46,46,23,23,23,23,FALSE,FALSE
601,0,91,91,91,91,91,91,91,91,91,0,0,0,0,TRUE,TRUE
601,1,108,119,116,108,119,116,108,119,116,11,8,11,8,FALSE,FALSE
601,2,126,155,141,126,155,141,126,155,141,29,15,29,15,FALSE,FALSE
601,3,151,188,158,151,188,158,151,188,158,37,7,37,7,FALSE,FALSE
601,4,179,216,179,179,216,179,179,216,179,37,0,37,0,FALSE,TRUE
601,5,222,258,197,222,258,197,222,258,197,36,-25,36,25,FALSE,FALSE
601,6,247,321,233,247,321,233,247,321,233,74,-14,74,14,FALSE,FALSE
601,7,285,348,251,285,348,251,285,348,251,63,-34,63,34,FALSE,FALSE
601,8,325,405,293,325,405,293,325,405,293,80,-32,80,32,FALSE,FALSE
601,9,366,461,340,366,461,340,366,461,340,95,-26,95,26,FALSE,FALSE
601,10,415,532,403,415,532,403,415,532,403,117,-12,117,12,FALSE,FALSE
601,11,474,567,432,474,567,432,474,567,432,93,-42,93,42,FALSE,FALSE
601,12,532,611,478,532,611,478,532,611,478,79,-54,79,54,FALSE,FALSE
601,13,572,652,535,572,652,535,572,652,535,80,-37,80,37,FALSE,FALSE
601,14,623,699,564,623,699,564,623,699,564,76,-59,76,59,FALSE,FALSE
601,15,706,718,620,706,718,620,706,718,620,12,-86,12,86,FALSE,FALSE
601,16,757,736,658,757,736,658,757,736,658,-21,-99,21,99,FALSE,FALSE
601,17,765,790,681,765,790,681,765,790,681,25,-84,25,84,FALSE,FALSE
601,18,794,783,671,794,783,671,794,783,671,-11,-123,11,123,FALSE,FALSE
601,19,795,798,687,795,798,687,795,798,687,3,-108,3,108,FALSE,FALSE
601,20,797,775,650,797,775,650,797,775,650,-22,-147,22,147,FALSE,FALSE
601,21,764,754,664,764,754,664,764,754,664,-10,-100,10,100,FALSE,FALSE
601,22,730,705,657,730,705,657,730,705,657,-25,-73,25,73,FALSE,FALSE
601,23,687,667,633,687,667,633,687,667,633,-20,-54,20,54,FALSE,FALSE
601,24,655,632,593,655,632,593,655,632,593,-23,-62,23,62,FALSE,FALSE
601,25,612,600,555,612,600,555,612,600,555,-12,-57,12,57,FALSE,FALSE
601,26,568,562,505,568,562,505,568,562,505,-6,-63,6,63,FALSE,FALSE
601,27,513,529,454,513,529,454,513,529,454,16,-59,16,59,FALSE,FALSE
601,28,435,498,443,435,498,443,435,498,443,63,8,63,8,FALSE,FALSE
601,29,400,453,412,400,453,412,400,453,412,53,12,53,12,FALSE,FALSE
601,30,374,411,381,374,411,381,374,411,381,37,7,37,7,FALSE,FALSE
601,31,319,354,332,319,354,332,319,354,332,35,13,35,13,FALSE,FALSE
601,32,269,321,302,269,321,302,269,321,302,52,33,52,33,FALSE,FALSE
601,33,239,288,261,239,288,261,239,288,261,49,22,49,22,FALSE,FALSE
601,34,202,249,245,202,249,245,202,249,245,47,43,47,43,FALSE,FALSE
601,35,188,228,237,188,228,237,188,228,237,40,49,40,49,FALSE,FALSE
601,36,169,204,203,169,204,203,169,204,203,35,34,35,34,FALSE,FALSE
601,37,148,183,178,148,183,178,148,183,178,35,30,35,30,FALSE,FALSE
601,38,134,160,151,134,160,151,134,160,151,26,17,26,17,FALSE,FALSE
601,39,120,155,129,120,155,129,120,155,129,35,9,35,9,FALSE,FALSE
601,40,109,144,119,109,144,119,109,144,119,35,10,35,10,FALSE,FALSE
601,41,86,115,100,86,115,100,86,115,100,29,14,29,14,FALSE,FALSE
601,42,79,97,87,79,97,87,79,97,87,18,8,18,8,FALSE,FALSE
601,43,68,84,79,68,84,79,68,84,79,16,11,16,11,FALSE,FALSE
601,44,63,71,64,63,71,64,63,71,64,8,1,8,1,FALSE,FALSE
601,45,59,64,57,59,64,57,59,64,57,5,-2,5,2,FALSE,FALSE
601,46,53,49,57,53,49,57,53,49,57,-4,4,4,4,FALSE,FALSE
601,47,48,44,47,48,44,47,48,44,47,-4,-1,4,1,FALSE,FALSE
601,48,39,38,43,39,38,43,39,38,43,-1,4,1,4,FALSE,FALSE
601,49,36,33,40,36,33,40,36,33,40,-3,4,3,4,FALSE,FALSE
601,50,29,30,41,29,30,41,29,30,41,1,12,1,12,FALSE,FALSE
601,51,21,27,39,21,27,39,21,27,39,6,18,6,18,FALSE,FALSE
601,52,19,25,29,19,25,29,19,25,29,6,10,6,10,FALSE,FALSE
601,53,16,21,28,16,21,28,16,21,28,5,12,5,12,FALSE,FALSE
601,54,12,20,26,12,20,26,12,20,26,8,14,8,14,FALSE,FALSE
601,55,13,18,23,13,18,23,13,18,23,5,10,5,10,FALSE,FALSE
601,56,11,12,19,11,12,19,11,12,19,1,8,1,8,FALSE,FALSE
601,57,11,9,20,11,9,20,11,9,20,-2,9,2,9,FALSE,FALSE
601,58,10,9,19,10,9,19,10,9,19,-1,9,1,9,FALSE,FALSE
601,59,7,10,18,7,10,18,7,10,18,3,11,3,11,FALSE,FALSE
601,60,5,13,19,5,13,19,5,13,19,8,14,8,14,FALSE,FALSE
602,0,101,101,101,101,101,101,101,101,101,0,0,0,0,TRUE,TRUE
602,1,159,141,169,159,141,169,159,141,169,-18,10,18,10,FALSE,FALSE
602,2,231,235,254,231,235,254,231,235,254,4,23,4,23,FALSE,FALSE
602,3,342,368,369,342,368,369,342,368,369,26,27,26,27,FALSE,FALSE
602,4,503,576,553,503,576,553,503,576,553,73,50,73,50,FALSE,FALSE
602,5,714,867,836,714,867,836,714,867,836,153,122,153,122,FALSE,FALSE
602,6,1065,1243,1233,1065,1243,1233,1065,1243,1233,178,168,178,168,FALSE,FALSE
602,7,1474,1727,1632,1474,1727,1632,1474,1727,1632,253,158,253,158,FALSE,FALSE
602,8,1953,2204,2026,1953,2204,2026,1953,2204,2026,251,73,251,73,FALSE,FALSE
602,9,2318,2632,2419,2318,2632,2419,2318,2632,2419,314,101,314,101,FALSE,FALSE
602,10,2549,2836,2687,2549,2836,2687,2549,2836,2687,287,138,287,138,FALSE,FALSE
602,11,2645,2859,2719,2645,2859,2719,2645,2859,2719,214,74,214,74,FALSE,FALSE
602,12,2574,2707,2635,2574,2707,2635,2574,2707,2635,133,61,133,61,FALSE,FALSE
602,13,2416,2428,2416,2416,2428,2416,2416,2428,2416,12,0,12,0,FALSE,TRUE
602,14,2161,2116,2199,2161,2116,2199,2161,2116,2199,-45,38,45,38,FALSE,FALSE
602,15,1887,1788,1923,1887,1788,1923,1887,1788,1923,-99,36,99,36,FALSE,FALSE
602,16,1599,1492,1624,1599,1492,1624,1599,1492,1624,-107,25,107,25,FALSE,FALSE
602,17,1365,1227,1349,1365,1227,1349,1365,1227,1349,-138,-16,138,16,FALSE,FALSE
602,18,1148,1021,1122,1148,1021,1122,1148,1021,1122,-127,-26,127,26,FALSE,FALSE
602,19,918,817,917,918,817,917,918,817,917,-101,-1,101,1,FALSE,FALSE
602,20,751,658,722,751,658,722,751,658,722,-93,-29,93,29,FALSE,FALSE
602,21,596,539,574,596,539,574,596,539,574,-57,-22,57,22,FALSE,FALSE
602,22,470,429,474,470,429,474,470,429,474,-41,4,41,4,FALSE,FALSE
602,23,376,339,382,376,339,382,376,339,382,-37,6,37,6,FALSE,FALSE
602,24,301,274,300,301,274,300,301,274,300,-27,-1,27,1,FALSE,FALSE
602,25,246,217,241,246,217,241,246,217,241,-29,-5,29,5,FALSE,FALSE
602,26,201,179,199,201,179,199,201,179,199,-22,-2,22,2,FALSE,FALSE
602,27,162,145,158,162,145,158,162,145,158,-17,-4,17,4,FALSE,FALSE
602,28,133,116,122,133,116,122,133,116,122,-17,-11,17,11,FALSE,FALSE
602,29,112,87,99,112,87,99,112,87,99,-25,-13,25,13,FALSE,FALSE
602,30,80,76,83,80,76,83,80,76,83,-4,3,4,3,FALSE,FALSE
602,31,62,57,69,62,57,69,62,57,69,-5,7,5,7,FALSE,FALSE
602,32,49,48,51,49,48,51,49,48,51,-1,2,1,2,FALSE,FALSE
602,33,37,39,44,37,39,44,37,39,44,2,7,2,7,FALSE,FALSE
602,34,28,32,33,28,32,33,28,32,33,4,5,4,5,FALSE,FALSE
602,35,23,24,26,23,24,26,23,24,26,1,3,1,3,FALSE,FALSE
602,36,17,16,21,17,16,21,17,16,21,-1,4,1,4,FALSE,FALSE
602,37,10,15,17,10,15,17,10,15,17,5,7,5,7,FALSE,FALSE
602,38,5,13,16,5,13,16,5,13,16,8,11,8,11,FALSE,FALSE
602,39,5,6,15,5,6,15,5,6,15,1,10,1,10,FALSE,FALSE
602,40,4,6,13,4,6,13,4,6,13,2,9,2,9,FALSE,FALSE
602,41,3,4,12,3,4,12,3,4,12,1,9,1,9,FALSE,FALSE
602,42,3,3,8,3,3,8,3,3,8,0,5,0,5,TRUE,FALSE
602,43,1,2,8,1,2,8,1,2,8,1,7,1,7,FALSE,FALSE
602,44,1,2,6,1,2,6,1,2,6,1,5,1,5,FALSE,FALSE
602,45,0,2,4,0,2,4,0,2,4,2,4,2,4,FALSE,FALSE
602,46,0,0,2,0,0,2,0,0,2,0,2,0,2,TRUE,FALSE
602,47,0,0,0,0,0,0,0,0,0,0,0,0,0,TRUE,TRUE
602,48,0,0,0,0,0,0,0,0,0,0,0,0,0,TRUE,TRUE
602,49,0,0,0,0,0,0,0,0,0,0,0,0,0,TRUE,TRUE
602,50,0,0,0,0,0,0,0,0,0,0,0,0,0,TRUE,TRUE
602,51,0,0,0,0,0,0,0,0,0,0,0,0,0,TRUE,TRUE
602,52,0,0,0,0,0,0,0,0,0,0,0,0,0,TRUE,TRUE
602,53,0,0,0,0,0,0,0,0,0,0,0,0,0,TRUE,TRUE
602,54,0,0,0,0,0,0,0,0,0,0,0,0,0,TRUE,TRUE
602,55,0,0,0,0,0,0,0,0,0,0,0,0,0,TRUE,TRUE
602,56,0,0,0,0,0,0,0,0,0,0,0,0,0,TRUE,TRUE
602,57,0,0,0,0,0,0,0,0,0,0,0,0,0,TRUE,TRUE
602,58,0,0,0,0,0,0,0,0,0,0,0,0,0,TRUE,TRUE
602,59,0,0,0,0,0,0,0,0,0,0,0,0,0,TRUE,TRUE
602,60,0,0,0,0,0,0,0,0,0,0,0,0,0,TRUE,TRUE
603,0,56,56,56,56,56,56,56,56,56,0,0,0,0,TRUE,TRUE
603,1,76,78,76,76,78,76,76,78,76,2,0,2,0,FALSE,TRUE
603,2,94,92,92,94,92,92,94,92,92,-2,-2,2,2,FALSE,FALSE
603,3,122,116,114,122,116,114,122,116,114,-6,-8,6,8,FALSE,FALSE
603,4,160,150,141,160,150,141,160,150,141,-10,-19,10,19,FALSE,FALSE
603,5,201,176,170,201,176,170,201,176,170,-25,-31,25,31,FALSE,FALSE
603,6,238,206,208,238,206,208,238,206,208,-32,-30,32,30,FALSE,FALSE
603,7,307,275,253,307,275,253,307,275,253,-32,-54,32,54,FALSE,FALSE
603,8,399,337,318,399,337,318,399,337,318,-62,-81,62,81,FALSE,FALSE
603,9,455,430,399,455,430,399,455,430,399,-25,-56,25,56,FALSE,FALSE
603,10,561,574,495,561,574,495,561,574,495,13,-66,13,66,FALSE,FALSE
603,11,695,705,630,695,705,630,695,705,630,10,-65,10,65,FALSE,FALSE
603,12,848,834,779,848,834,779,848,834,779,-14,-69,14,69,FALSE,FALSE
603,13,1049,999,965,1049,999,965,1049,999,965,-50,-84,50,84,FALSE,FALSE
603,14,1246,1220,1179,1246,1220,1179,1246,1220,1179,-26,-67,26,67,FALSE,FALSE
603,15,1490,1483,1406,1490,1483,1406,1490,1483,1406,-7,-84,7,84,FALSE,FALSE
603,16,1775,1765,1617,1775,1765,1617,1775,1765,1617,-10,-158,10,158,FALSE,FALSE
603,17,2037,2048,1875,2037,2048,1875,2037,2048,1875,11,-162,11,162,FALSE,FALSE
603,18,2305,2265,2153,2305,2265,2153,2305,2265,2153,-40,-152,40,152,FALSE,FALSE
603,19,2627,2528,2398,2627,2528,2398,2627,2528,2398,-99,-229,99,229,FALSE,FALSE
603,20,2835,2779,2634,2835,2779,2634,2835,2779,2634,-56,-201,56,201,FALSE,FALSE
603,21,3074,2997,2886,3074,2997,2886,3074,2997,2886,-77,-188,77,188,FALSE,FALSE
603,22,3253,3221,3076,3253,3221,3076,3253,3221,3076,-32,-177,32,177,FALSE,FALSE
603,23,3443,3338,3245,3443,3338,3245,3443,3338,3245,-105,-198,105,198,FALSE,FALSE
603,24,3540,3448,3369,3540,3448,3369,3540,3448,3369,-92,-171,92,171,FALSE,FALSE
603,25,3582,3497,3442,3582,3497,3442,3582,3497,3442,-85,-140,85,140,FALSE,FALSE
603,26,3556,3483,3463,3556,3483,3463,3556,3483,3463,-73,-93,73,93,FALSE,FALSE
603,27,3515,3449,3474,3515,3449,3474,3515,3449,3474,-66,-41,66,41,FALSE,FALSE
603,28,3468,3401,3408,3468,3401,3408,3468,3401,3408,-67,-60,67,60,FALSE,FALSE
603,29,3379,3351,3318,3379,3351,3318,3379,3351,3318,-28,-61,28,61,FALSE,FALSE
603,30,3294,3260,3217,3294,3260,3217,3294,3260,3217,-34,-77,34,77,FALSE,FALSE
603,31,3185,3154,3106,3185,3154,3106,3185,3154,3106,-31,-79,31,79,FALSE,FALSE
603,32,3049,3041,3002,3049,3041,3002,3049,3041,3002,-8,-47,8,47,FALSE,FALSE
603,33,2897,2878,2894,2897,2878,2894,2897,2878,2894,-19,-3,19,3,FALSE,FALSE
603,34,2759,2762,2779,2759,2762,2779,2759,2762,2779,3,20,3,20,FALSE,FALSE
603,35,2606,2629,2654,2606,2629,2654,2606,2629,2654,23,48,23,48,FALSE,FALSE
603,36,2454,2479,2524,2454,2479,2524,2454,2479,2524,25,70,25,70,FALSE,FALSE
603,37,2294,2322,2394,2294,2322,2394,2294,2322,2394,28,100,28,100,FALSE,FALSE
603,38,2177,2195,2248,2177,2195,2248,2177,2195,2248,18,71,18,71,FALSE,FALSE
603,39,2068,2059,2126,2068,2059,2126,2068,2059,2126,-9,58,9,58,FALSE,FALSE
603,40,1959,1930,1988,1959,1930,1988,1959,1930,1988,-29,29,29,29,FALSE,FALSE
603,41,1859,1819,1876,1859,1819,1876,1859,1819,1876,-40,17,40,17,FALSE,FALSE
603,42,1751,1694,1750,1751,1694,1750,1751,1694,1750,-57,-1,57,1,FALSE,FALSE
603,43,1635,1618,1645,1635,1618,1645,1635,1618,1645,-17,10,17,10,FALSE,FALSE
603,44,1540,1531,1554,1540,1531,1554,1540,1531,1554,-9,14,9,14,FALSE,FALSE
603,45,1424,1439,1466,1424,1439,1466,1424,1439,1466,15,42,15,42,FALSE,FALSE
603,46,1343,1352,1368,1343,1352,1368,1343,1352,1368,9,25,9,25,FALSE,FALSE
603,47,1238,1259,1273,1238,1259,1273,1238,1259,1273,21,35,21,35,FALSE,FALSE
603,48,1163,1167,1192,1163,1167,1192,1163,1167,1192,4,29,4,29,FALSE,FALSE
603,49,1104,1081,1115,1104,1081,1115,1104,1081,1115,-23,11,23,11,FALSE,FALSE
603,50,1034,1005,1061,1034,1005,1061,1034,1005,1061,-29,27,29,27,FALSE,FALSE
603,51,966,938,996,966,938,996,966,938,996,-28,30,28,30,FALSE,FALSE
603,52,897,878,937,897,878,937,897,878,937,-19,40,19,40,FALSE,FALSE
603,53,841,821,877,841,821,877,841,821,877,-20,36,20,36,FALSE,FALSE
603,54,773,770,834,773,770,834,773,770,834,-3,61,3,61,FALSE,FALSE
603,55,728,728,783,728,728,783,728,728,783,0,55,0,55,TRUE,FALSE
603,56,679,675,729,679,675,729,679,675,729,-4,50,4,50,FALSE,FALSE
603,57,629,636,687,629,636,687,629,636,687,7,58,7,58,FALSE,FALSE
603,58,582,592,646,582,592,646,582,592,646,10,64,10,64,FALSE,FALSE
603,59,538,546,594,538,546,594,538,546,594,8,56,8,56,FALSE,FALSE
603,60,510,508,562,510,508,562,510,508,562,-2,52,2,52,FALSE,FALSE
604,0,67,67,67,67,67,67,67,67,67,0,0,0,0,TRUE,TRUE
604,1,89,97,92,89,97,92,89,97,92,8,3,8,3,FALSE,FALSE
604,2,126,128,121,126,128,121,126,128,121,2,-5,2,5,FALSE,FALSE
604,3,176,166,155,176,166,155,176,166,155,-10,-21,10,21,FALSE,FALSE
604,4,225,212,212,225,212,212,225,212,212,-13,-13,13,13,FALSE,FALSE
604,5,319,276,297,319,276,297,319,276,297,-43,-22,43,22,FALSE,FALSE
604,6,417,345,384,417,345,384,417,345,384,-72,-33,72,33,FALSE,FALSE
604,7,549,425,497,549,425,497,549,425,497,-124,-52,124,52,FALSE,FALSE
604,8,691,542,645,691,542,645,691,542,645,-149,-46,149,46,FALSE,FALSE
604,9,854,673,812,854,673,812,854,673,812,-181,-42,181,42,FALSE,FALSE
604,10,1048,829,951,1048,829,951,1048,829,951,-219,-97,219,97,FALSE,FALSE
604,11,1260,1002,1143,1260,1002,1143,1260,1002,1143,-258,-117,258,117,FALSE,FALSE
604,12,1489,1216,1351,1489,1216,1351,1489,1216,1351,-273,-138,273,138,FALSE,FALSE
604,13,1699,1464,1577,1699,1464,1577,1699,1464,1577,-235,-122,235,122,FALSE,FALSE
604,14,1920,1655,1829,1920,1655,1829,1920,1655,1829,-265,-91,265,91,FALSE,FALSE
604,15,2132,1886,2034,2132,1886,2034,2132,1886,2034,-246,-98,246,98,FALSE,FALSE
604,16,2240,2131,2259,2240,2131,2259,2240,2131,2259,-109,19,109,19,FALSE,FALSE
604,17,2324,2300,2406,2324,2300,2406,2324,2300,2406,-24,82,24,82,FALSE,FALSE
604,18,2400,2365,2477,2400,2365,2477,2400,2365,2477,-35,77,35,77,FALSE,FALSE
604,19,2445,2378,2534,2445,2378,2534,2445,2378,2534,-67,89,67,89,FALSE,FALSE
604,20,2464,2370,2541,2464,2370,2541,2464,2370,2541,-94,77,94,77,FALSE,FALSE
604,21,2367,2381,2444,2367,2381,2444,2367,2381,2444,14,77,14,77,FALSE,FALSE
604,22,2275,2343,2333,2275,2343,2333,2275,2343,2333,68,58,68,58,FALSE,FALSE
604,23,2137,2216,2212,2137,2216,2212,2137,2216,2212,79,75,79,75,FALSE,FALSE
604,24,2016,2085,2046,2016,2085,2046,2016,2085,2046,69,30,69,30,FALSE,FALSE
604,25,1843,1959,1892,1843,1959,1892,1843,1959,1892,116,49,116,49,FALSE,FALSE
604,26,1700,1816,1757,1700,1816,1757,1700,1816,1757,116,57,116,57,FALSE,FALSE
604,27,1554,1678,1593,1554,1678,1593,1554,1678,1593,124,39,124,39,FALSE,FALSE
604,28,1399,1501,1462,1399,1501,1462,1399,1501,1462,102,63,102,63,FALSE,FALSE
604,29,1268,1371,1330,1268,1371,1330,1268,1371,1330,103,62,103,62,FALSE,FALSE
604,30,1124,1215,1195,1124,1215,1195,1124,1215,1195,91,71,91,71,FALSE,FALSE
604,31,1017,1091,1065,1017,1091,1065,1017,1091,1065,74,48,74,48,FALSE,FALSE
604,32,918,997,952,918,997,952,918,997,952,79,34,79,34,FALSE,FALSE
604,33,812,887,841,812,887,841,812,887,841,75,29,75,29,FALSE,FALSE
604,34,732,774,755,732,774,755,732,774,755,42,23,42,23,FALSE,FALSE
604,35,665,672,687,665,672,687,665,672,687,7,22,7,22,FALSE,FALSE
604,36,586,586,602,586,586,602,586,586,602,0,16,0,16,TRUE,FALSE
604,37,521,521,531,521,521,531,521,521,531,0,10,0,10,TRUE,FALSE
604,38,455,474,471,455,474,471,455,474,471,19,16,19,16,FALSE,FALSE
604,39,396,427,409,396,427,409,396,427,409,31,13,31,13,FALSE,FALSE
604,40,349,390,359,349,390,359,349,390,359,41,10,41,10,FALSE,FALSE
604,41,313,333,309,313,333,309,313,333,309,20,-4,20,4,FALSE,FALSE
604,42,276,295,270,276,295,270,276,295,270,19,-6,19,6,FALSE,FALSE
604,43,249,261,237,249,261,237,249,261,237,12,-12,12,12,FALSE,FALSE
604,44,225,224,227,225,224,227,225,224,227,-1,2,1,2,FALSE,FALSE
604,45,198,200,213,198,200,213,198,200,213,2,15,2,15,FALSE,FALSE
604,46,172,184,194,172,184,194,172,184,194,12,22,12,22,FALSE,FALSE
604,47,152,160,180,152,160,180,152,160,180,8,28,8,28,FALSE,FALSE
604,48,131,137,164,131,137,164,131,137,164,6,33,6,33,FALSE,FALSE
604,49,108,124,148,108,124,148,108,124,148,16,40,16,40,FALSE,FALSE
604,50,93,109,128,93,109,128,93,109,128,16,35,16,35,FALSE,FALSE
604,51,80,95,118,80,95,118,80,95,118,15,38,15,38,FALSE,FALSE
604,52,72,85,108,72,85,108,72,85,108,13,36,13,36,FALSE,FALSE
604,53,60,71,93,60,71,93,60,71,93,11,33,11,33,FALSE,FALSE
604,54,56,58,79,56,58,79,56,58,79,2,23,2,23,FALSE,FALSE
604,55,52,55,72,52,55,72,52,55,72,3,20,3,20,FALSE,FALSE
604,56,45,49,60,45,49,60,45,49,60,4,15,4,15,FALSE,FALSE
604,57,41,46,49,41,46,49,41,46,49,5,8,5,8,FALSE,FALSE
604,58,39,45,44,39,45,44,39,45,44,6,5,6,5,FALSE,FALSE
604,59,37,41,33,37,41,33,37,41,33,4,-4,4,4,FALSE,FALSE
604,60,34,39,29,34,39,29,34,39,29,5,-5,5,5,FALSE,FALSE
605,0,134,134,134,134,134,134,134,134,134,0,0,0,0,TRUE,TRUE
605,1,207,210,238,207,210,238,207,210,238,3,31,3,31,FALSE,FALSE
605,2,341,341,403,341,341,403,341,341,403,0,62,0,62,TRUE,FALSE
605,3,518,520,629,518,520,629,518,520,629,2,111,2,111,FALSE,FALSE
605,4,790,812,927,790,812,927,790,812,927,22,137,22,137,FALSE,FALSE
605,5,1172,1199,1343,1172,1199,1343,1172,1199,1343,27,171,27,171,FALSE,FALSE
605,6,1633,1679,1853,1633,1679,1853,1633,1679,1853,46,220,46,220,FALSE,FALSE
605,7,2138,2176,2428,2138,2176,2428,2138,2176,2428,38,290,38,290,FALSE,FALSE
605,8,2603,2585,2803,2603,2585,2803,2603,2585,2803,-18,200,18,200,FALSE,FALSE
605,9,2902,2838,3037,2902,2838,3037,2902,2838,3037,-64,135,64,135,FALSE,FALSE
605,10,3030,2907,2996,3030,2907,2996,3030,2907,2996,-123,-34,123,34,FALSE,FALSE
605,11,2945,2822,2791,2945,2822,2791,2945,2822,2791,-123,-154,123,154,FALSE,FALSE
605,12,2677,2582,2427,2677,2582,2427,2677,2582,2427,-95,-250,95,250,FALSE,FALSE
605,13,2362,2253,2053,2362,2253,2053,2362,2253,2053,-109,-309,109,309,FALSE,FALSE
605,14,2030,1940,1755,2030,1940,1755,2030,1940,1755,-90,-275,90,275,FALSE,FALSE
605,15,1691,1669,1410,1691,1669,1410,1691,1669,1410,-22,-281,22,281,FALSE,FALSE
605,16,1377,1435,1164,1377,1435,1164,1377,1435,1164,58,-213,58,213,FALSE,FALSE
605,17,1124,1219,947,1124,1219,947,1124,1219,947,95,-177,95,177,FALSE,FALSE
605,18,899,1015,761,899,1015,761,899,1015,761,116,-138,116,138,FALSE,FALSE
605,19,719,833,596,719,833,596,719,833,596,114,-123,114,123,FALSE,FALSE
605,20,582,677,500,582,677,500,582,677,500,95,-82,95,82,FALSE,FALSE
605,21,458,544,393,458,544,393,458,544,393,86,-65,86,65,FALSE,FALSE
605,22,354,461,314,354,461,314,354,461,314,107,-40,107,40,FALSE,FALSE
605,23,287,386,242,287,386,242,287,386,242,99,-45,99,45,FALSE,FALSE
605,24,224,312,181,224,312,181,224,312,181,88,-43,88,43,FALSE,FALSE
605,25,185,261,141,185,261,141,185,261,141,76,-44,76,44,FALSE,FALSE
605,26,136,207,109,136,207,109,136,207,109,71,-27,71,27,FALSE,FALSE
605,27,102,156,85,102,156,85,102,156,85,54,-17,54,17,FALSE,FALSE
605,28,83,130,73,83,130,73,83,130,73,47,-10,47,10,FALSE,FALSE
605,29,66,100,58,66,100,58,66,100,58,34,-8,34,8,FALSE,FALSE
605,30,51,88,39,51,88,39,51,88,39,37,-12,37,12,FALSE,FALSE
605,31,40,68,30,40,68,30,40,68,30,28,-10,28,10,FALSE,FALSE
605,32,29,52,22,29,52,22,29,52,22,23,-7,23,7,FALSE,FALSE
605,33,23,45,14,23,45,14,23,45,14,22,-9,22,9,FALSE,FALSE
605,34,19,38,10,19,38,10,19,38,10,19,-9,19,9,FALSE,FALSE
605,35,14,34,9,14,34,9,14,34,9,20,-5,20,5,FALSE,FALSE
605,36,8,34,8,8,34,8,8,34,8,26,0,26,0,FALSE,TRUE
605,37,8,33,6,8,33,6,8,33,6,25,-2,25,2,FALSE,FALSE
605,38,6,29,4,6,29,4,6,29,4,23,-2,23,2,FALSE,FALSE
605,39,5,25,4,5,25,4,5,25,4,20,-1,20,1,FALSE,FALSE
605,40,5,18,4,5,18,4,5,18,4,13,-1,13,1,FALSE,FALSE
605,41,3,14,4,3,14,4,3,14,4,11,1,11,1,FALSE,FALSE
605,42,2,14,1,2,14,1,2,14,1,12,-1,12,1,FALSE,FALSE
605,43,1,8,1,1,8,1,1,8,1,7,0,7,0,FALSE,TRUE
605,44,1,8,1,1,8,1,1,8,1,7,0,7,0,FALSE,TRUE
605,45,1,5,1,1,5,1,1,5,1,4,0,4,0,FALSE,TRUE
605,46,1,4,1,1,4,1,1,4,1,3,0,3,0,FALSE,TRUE
605,47,0,1,1,0,1,1,0,1,1,1,1,1,1,FALSE,FALSE
605,48,0,1,1,0,1,1,0,1,1,1,1,1,1,FALSE,FALSE
605,49,0,0,2,0,0,2,0,0,2,0,2,0,2,TRUE,FALSE
605,50,0,0,2,0,0,2,0,0,2,0,2,0,2,TRUE,FALSE
605,51,0,0,1,0,0,1,0,0,1,0,1,0,1,TRUE,FALSE
605,52,0,0,0,0,0,0,0,0,0,0,0,0,0,TRUE,TRUE
605,53,0,0,0,0,0,0,0,0,0,0,0,0,0,TRUE,TRUE
605,54,0,0,0,0,0,0,0,0,0,0,0,0,0,TRUE,TRUE
605,55,0,0,0,0,0,0,0,0,0,0,0,0,0,TRUE,TRUE
605,56,0,0,0,0,0,0,0,0,0,0,0,0,0,TRUE,TRUE
605,57,0,0,0,0,0,0,0,0,0,0,0,0,0,TRUE,TRUE
605,58,0,0,0,0,0,0,0,0,0,0,0,0,0,TRUE,TRUE
605,59,0,0,0,0,0,0,0,0,0,0,0,0,0,TRUE,TRUE
605,60,0,0,0,0,0,0,0,0,0,0,0,0,0,TRUE,TRUE
606,0,79,79,79,79,79,79,79,79,79,0,0,0,0,TRUE,TRUE
606,1,108,115,121,108,115,121,108,115,121,7,13,7,13,FALSE,FALSE
606,2,150,156,162,150,156,162,150,156,162,6,12,6,12,FALSE,FALSE
606,3,217,229,232,217,229,232,217,229,232,12,15,12,15,FALSE,FALSE
606,4,295,323,312,295,323,312,295,323,312,28,17,28,17,FALSE,FALSE
606,5,445,457,433,445,457,433,445,457,433,12,-12,12,12,FALSE,FALSE
606,6,616,635,600,616,635,600,616,635,600,19,-16,19,16,FALSE,FALSE
606,7,809,834,837,809,834,837,809,834,837,25,28,25,28,FALSE,FALSE
606,8,1088,1074,1082,1088,1074,1082,1088,1074,1082,-14,-6,14,6,FALSE,FALSE
606,9,1394,1372,1365,1394,1372,1365,1394,1372,1365,-22,-29,22,29,FALSE,FALSE
606,10,1711,1645,1671,1711,1645,1671,1711,1645,1671,-66,-40,66,40,FALSE,FALSE
606,11,2040,2001,1979,2040,2001,1979,2040,2001,1979,-39,-61,39,61,FALSE,FALSE
606,12,2326,2278,2246,2326,2278,2246,2326,2278,2246,-48,-80,48,80,FALSE,FALSE
606,13,2499,2446,2421,2499,2446,2421,2499,2446,2421,-53,-78,53,78,FALSE,FALSE
606,14,2558,2528,2570,2558,2528,2570,2558,2528,2570,-30,12,30,12,FALSE,FALSE
606,15,2578,2601,2621,2578,2601,2621,2578,2601,2621,23,43,23,43,FALSE,FALSE
606,16,2505,2514,2641,2505,2514,2641,2505,2514,2641,9,136,9,136,FALSE,FALSE
606,17,2394,2436,2530,2394,2436,2530,2394,2436,2530,42,136,42,136,FALSE,FALSE
606,18,2233,2301,2371,2233,2301,2371,2233,2301,2371,68,138,68,138,FALSE,FALSE
606,19,2052,2155,2187,2052,2155,2187,2052,2155,2187,103,135,103,135,FALSE,FALSE
606,20,1867,1994,2016,1867,1994,2016,1867,1994,2016,127,149,127,149,FALSE,FALSE
606,21,1711,1795,1832,1711,1795,1832,1711,1795,1832,84,121,84,121,FALSE,FALSE
606,22,1543,1599,1651,1543,1599,1651,1543,1599,1651,56,108,56,108,FALSE,FALSE
606,23,1386,1418,1464,1386,1418,1464,1386,1418,1464,32,78,32,78,FALSE,FALSE
606,24,1251,1248,1300,1251,1248,1300,1251,1248,1300,-3,49,3,49,FALSE,FALSE
606,25,1143,1135,1143,1143,1135,1143,1143,1135,1143,-8,0,8,0,FALSE,TRUE
606,26,1024,1016,1023,1024,1016,1023,1024,1016,1023,-8,-1,8,1,FALSE,FALSE
606,27,903,893,906,903,893,906,903,893,906,-10,3,10,3,FALSE,FALSE
606,28,800,807,787,800,807,787,800,807,787,7,-13,7,13,FALSE,FALSE
606,29,699,711,684,699,711,684,699,711,684,12,-15,12,15,FALSE,FALSE
606,30,597,624,602,597,624,602,597,624,602,27,5,27,5,FALSE,FALSE
606,31,535,548,547,535,548,547,535,548,547,13,12,13,12,FALSE,FALSE
606,32,474,477,495,474,477,495,474,477,495,3,21,3,21,FALSE,FALSE
606,33,420,420,430,420,420,430,420,420,430,0,10,0,10,TRUE,FALSE
606,34,352,380,365,352,380,365,352,380,365,28,13,28,13,FALSE,FALSE
606,35,312,332,324,312,332,324,312,332,324,20,12,20,12,FALSE,FALSE
606,36,275,290,280,275,290,280,275,290,280,15,5,15,5,FALSE,FALSE
606,37,248,257,243,248,257,243,248,257,243,9,-5,9,5,FALSE,FALSE
606,38,227,226,210,227,226,210,227,226,210,-1,-17,1,17,FALSE,FALSE
606,39,198,199,177,198,199,177,198,199,177,1,-21,1,21,FALSE,FALSE
606,40,166,163,151,166,163,151,166,163,151,-3,-15,3,15,FALSE,FALSE
606,41,139,149,135,139,149,135,139,149,135,10,-4,10,4,FALSE,FALSE
606,42,119,128,124,119,128,124,119,128,124,9,5,9,5,FALSE,FALSE
606,43,110,115,117,110,115,117,110,115,117,5,7,5,7,FALSE,FALSE
606,44,97,94,110,97,94,110,97,94,110,-3,13,3,13,FALSE,FALSE
606,45,84,83,99,84,83,99,84,83,99,-1,15,1,15,FALSE,FALSE
606,46,73,72,81,73,72,81,73,72,81,-1,8,1,8,FALSE,FALSE
606,47,62,63,73,62,63,73,62,63,73,1,11,1,11,FALSE,FALSE
606,48,57,51,65,57,51,65,57,51,65,-6,8,6,8,FALSE,FALSE
606,49,49,48,59,49,48,59,49,48,59,-1,10,1,10,FALSE,FALSE
606,50,44,41,49,44,41,49,44,41,49,-3,5,3,5,FALSE,FALSE
606,51,40,37,40,40,37,40,40,37,40,-3,0,3,0,FALSE,TRUE
606,52,35,34,41,35,34,41,35,34,41,-1,6,1,6,FALSE,FALSE
606,53,30,26,33,30,26,33,30,26,33,-4,3,4,3,FALSE,FALSE
606,54,27,24,28,27,24,28,27,24,28,-3,1,3,1,FALSE,FALSE
606,55,21,18,22,21,18,22,21,18,22,-3,1,3,1,FALSE,FALSE
606,56,17,15,19,17,15,19,17,15,19,-2,2,2,2,FALSE,FALSE
606,57,16,10,15,16,10,15,16,10,15,-6,-1,6,1,FALSE,FALSE
606,58,15,7,11,15,7,11,15,7,11,-8,-4,8,4,FALSE,FALSE
606,59,13,4,10,13,4,10,13,4,10,-9,-3,9,3,FALSE,FALSE
606,60,12,4,8,12,4,8,12,4,8,-8,-4,8,4,FALSE,FALSE
607,0,122,122,122,122,122,122,122,122,122,0,0,0,0,TRUE,TRUE
607,1,127,127,136,127,127,136,127,127,136,0,9,0,9,TRUE,FALSE
607,2,133,131,143,133,131,143,133,131,143,-2,10,2,10,FALSE,FALSE
607,3,137,143,165,137,143,165,137,143,165,6,28,6,28,FALSE,FALSE
607,4,141,162,173,141,162,173,141,162,173,21,32,21,32,FALSE,FALSE
607,5,153,180,191,153,180,191,153,180,191,27,38,27,38,FALSE,FALSE
607,6,163,185,216,163,185,216,163,185,216,22,53,22,53,FALSE,FALSE
607,7,164,194,230,164,194,230,164,194,230,30,66,30,66,FALSE,FALSE
607,8,175,212,254,175,212,254,175,212,254,37,79,37,79,FALSE,FALSE
607,9,191,240,288,191,240,288,191,240,288,49,97,49,97,FALSE,FALSE
607,10,202,259,296,202,259,296,202,259,296,57,94,57,94,FALSE,FALSE
607,11,221,275,321,221,275,321,221,275,321,54,100,54,100,FALSE,FALSE
607,12,239,299,340,239,299,340,239,299,340,60,101,60,101,FALSE,FALSE
607,13,239,316,355,239,316,355,239,316,355,77,116,77,116,FALSE,FALSE
607,14,253,356,366,253,356,366,253,356,366,103,113,103,113,FALSE,FALSE
607,15,279,377,409,279,377,409,279,377,409,98,130,98,130,FALSE,FALSE
607,16,289,391,421,289,391,421,289,391,421,102,132,102,132,FALSE,FALSE
607,17,310,395,456,310,395,456,310,395,456,85,146,85,146,FALSE,FALSE
607,18,333,412,494,333,412,494,333,412,494,79,161,79,161,FALSE,FALSE
607,19,357,428,502,357,428,502,357,428,502,71,145,71,145,FALSE,FALSE
607,20,388,463,518,388,463,518,388,463,518,75,130,75,130,FALSE,FALSE
607,21,402,491,544,402,491,544,402,491,544,89,142,89,142,FALSE,FALSE
607,22,449,504,567,449,504,567,449,504,567,55,118,55,118,FALSE,FALSE
607,23,477,526,599,477,526,599,477,526,599,49,122,49,122,FALSE,FALSE
607,24,492,555,635,492,555,635,492,555,635,63,143,63,143,FALSE,FALSE
607,25,525,562,671,525,562,671,525,562,671,37,146,37,146,FALSE,FALSE
607,26,549,590,704,549,590,704,549,590,704,41,155,41,155,FALSE,FALSE
607,27,588,615,736,588,615,736,588,615,736,27,148,27,148,FALSE,FALSE
607,28,618,659,768,618,659,768,618,659,768,41,150,41,150,FALSE,FALSE
607,29,655,676,781,655,676,781,655,676,781,21,126,21,126,FALSE,FALSE
607,30,676,713,825,676,713,825,676,713,825,37,149,37,149,FALSE,FALSE
607,31,707,724,855,707,724,855,707,724,855,17,148,17,148,FALSE,FALSE
607,32,763,746,860,763,746,860,763,746,860,-17,97,17,97,FALSE,FALSE
607,33,805,767,905,805,767,905,805,767,905,-38,100,38,100,FALSE,FALSE
607,34,824,773,948,824,773,948,824,773,948,-51,124,51,124,FALSE,FALSE
607,35,839,790,964,839,790,964,839,790,964,-49,125,49,125,FALSE,FALSE
607,36,865,804,992,865,804,992,865,804,992,-61,127,61,127,FALSE,FALSE
607,37,878,829,1010,878,829,1010,878,829,1010,-49,132,49,132,FALSE,FALSE
607,38,887,836,1041,887,836,1041,887,836,1041,-51,154,51,154,FALSE,FALSE
607,39,903,841,1008,903,841,1008,903,841,1008,-62,105,62,105,FALSE,FALSE
607,40,931,840,1000,931,840,1000,931,840,1000,-91,69,91,69,FALSE,FALSE
607,41,948,849,1006,948,849,1006,948,849,1006,-99,58,99,58,FALSE,FALSE
607,42,963,863,1009,963,863,1009,963,863,1009,-100,46,100,46,FALSE,FALSE
607,43,985,887,997,985,887,997,985,887,997,-98,12,98,12,FALSE,FALSE
607,44,965,882,1002,965,882,1002,965,882,1002,-83,37,83,37,FALSE,FALSE
607,45,994,895,996,994,895,996,994,895,996,-99,2,99,2,FALSE,FALSE
607,46,997,903,987,997,903,987,997,903,987,-94,-10,94,10,FALSE,FALSE
607,47,1013,916,964,1013,916,964,1013,916,964,-97,-49,97,49,FALSE,FALSE
607,48,1003,885,945,1003,885,945,1003,885,945,-118,-58,118,58,FALSE,FALSE
607,49,1000,901,942,1000,901,942,1000,901,942,-99,-58,99,58,FALSE,FALSE
607,50,1005,870,926,1005,870,926,1005,870,926,-135,-79,135,79,FALSE,FALSE
607,51,986,870,924,986,870,924,986,870,924,-116,-62,116,62,FALSE,FALSE
607,52,951,830,902,951,830,902,951,830,902,-121,-49,121,49,FALSE,FALSE
607,53,916,809,882,916,809,882,916,809,882,-107,-34,107,34,FALSE,FALSE
607,54,890,785,860,890,785,860,890,785,860,-105,-30,105,30,FALSE,FALSE
607,55,873,783,820,873,783,820,873,783,820,-90,-53,90,53,FALSE,FALSE
607,56,833,776,796,833,776,796,833,776,796,-57,-37,57,37,FALSE,FALSE
607,57,822,766,769,822,766,769,822,766,769,-56,-53,56,53,FALSE,FALSE
607,58,815,731,762,815,731,762,815,731,762,-84,-53,84,53,FALSE,FALSE
607,59,796,700,732,796,700,732,796,700,732,-96,-64,96,64,FALSE,FALSE
607,60,766,698,715,766,698,715,766,698,715,-68,-51,68,51,FALSE,FALSE
608,0,170,170,170,170,170,170,170,170,170,0,0,0,0,TRUE,TRUE
608,1,239,250,224,239,250,224,239,250,224,11,-15,11,15,FALSE,FALSE
608,2,340,332,308,340,332,308,340,332,308,-8,-32,8,32,FALSE,FALSE
608,3,487,448,439,487,448,439,487,448,439,-39,-48,39,48,FALSE,FALSE
608,4,649,608,637,649,608,637,649,608,637,-41,-12,41,12,FALSE,FALSE
608,5,877,821,844,877,821,844,877,821,844,-56,-33,56,33,FALSE,FALSE
608,6,1144,1052,1158,1144,1052,1158,1144,1052,1158,-92,14,92,14,FALSE,FALSE
608,7,1471,1354,1511,1471,1354,1511,1471,1354,1511,-117,40,117,40,FALSE,FALSE
608,8,1901,1725,1914,1901,1725,1914,1901,1725,1914,-176,13,176,13,FALSE,FALSE
608,9,2349,2096,2365,2349,2096,2365,2349,2096,2365,-253,16,253,16,FALSE,FALSE
608,10,2800,2504,2807,2800,2504,2807,2800,2504,2807,-296,7,296,7,FALSE,FALSE
608,11,3159,2842,3228,3159,2842,3228,3159,2842,3228,-317,69,317,69,FALSE,FALSE
608,12,3413,3162,3478,3413,3162,3478,3413,3162,3478,-251,65,251,65,FALSE,FALSE
608,13,3544,3315,3642,3544,3315,3642,3544,3315,3642,-229,98,229,98,FALSE,FALSE
608,14,3556,3402,3658,3556,3402,3658,3556,3402,3658,-154,102,154,102,FALSE,FALSE
608,15,3476,3432,3542,3476,3432,3542,3476,3432,3542,-44,66,44,66,FALSE,FALSE
608,16,3313,3289,3414,3313,3289,3414,3313,3289,3414,-24,101,24,101,FALSE,FALSE
608,17,3119,3136,3227,3119,3136,3227,3119,3136,3227,17,108,17,108,FALSE,FALSE
608,18,2860,2902,2906,2860,2902,2906,2860,2902,2906,42,46,42,46,FALSE,FALSE
608,19,2610,2683,2651,2610,2683,2651,2610,2683,2651,73,41,73,41,FALSE,FALSE
608,20,2382,2461,2360,2382,2461,2360,2382,2461,2360,79,-22,79,22,FALSE,FALSE
608,21,2147,2258,2107,2147,2258,2107,2147,2258,2107,111,-40,111,40,FALSE,FALSE
608,22,1907,2049,1826,1907,2049,1826,1907,2049,1826,142,-81,142,81,FALSE,FALSE
608,23,1688,1819,1626,1688,1819,1626,1688,1819,1626,131,-62,131,62,FALSE,FALSE
608,24,1462,1626,1448,1462,1626,1448,1462,1626,1448,164,-14,164,14,FALSE,FALSE
608,25,1320,1465,1285,1320,1465,1285,1320,1465,1285,145,-35,145,35,FALSE,FALSE
608,26,1134,1311,1126,1134,1311,1126,1134,1311,1126,177,-8,177,8,FALSE,FALSE
608,27,1002,1155,987,1002,1155,987,1002,1155,987,153,-15,153,15,FALSE,FALSE
608,28,858,1020,867,858,1020,867,858,1020,867,162,9,162,9,FALSE,FALSE
608,29,730,892,762,730,892,762,730,892,762,162,32,162,32,FALSE,FALSE
608,30,629,766,671,629,766,671,629,766,671,137,42,137,42,FALSE,FALSE
608,31,547,674,571,547,674,571,547,674,571,127,24,127,24,FALSE,FALSE
608,32,467,586,500,467,586,500,467,586,500,119,33,119,33,FALSE,FALSE
608,33,416,498,446,416,498,446,416,498,446,82,30,82,30,FALSE,FALSE
608,34,356,433,397,356,433,397,356,433,397,77,41,77,41,FALSE,FALSE
608,35,310,369,327,310,369,327,310,369,327,59,17,59,17,FALSE,FALSE
608,36,274,341,293,274,341,293,274,341,293,67,19,67,19,FALSE,FALSE
608,37,242,301,256,242,301,256,242,301,256,59,14,59,14,FALSE,FALSE
608,38,210,256,219,210,256,219,210,256,219,46,9,46,9,FALSE,FALSE
608,39,183,225,206,183,225,206,183,225,206,42,23,42,23,FALSE,FALSE
608,40,159,196,187,159,196,187,159,196,187,37,28,37,28,FALSE,FALSE
608,41,137,179,167,137,179,167,137,179,167,42,30,42,30,FALSE,FALSE
608,42,119,159,148,119,159,148,119,159,148,40,29,40,29,FALSE,FALSE
608,43,110,142,126,110,142,126,110,142,126,32,16,32,16,FALSE,FALSE
608,44,92,117,109,92,117,109,92,117,109,25,17,25,17,FALSE,FALSE
608,45,78,103,89,78,103,89,78,103,89,25,11,25,11,FALSE,FALSE
608,46,64,86,77,64,86,77,64,86,77,22,13,22,13,FALSE,FALSE
608,47,55,77,74,55,77,74,55,77,74,22,19,22,19,FALSE,FALSE
608,48,46,69,66,46,69,66,46,69,66,23,20,23,20,FALSE,FALSE
608,49,40,64,58,40,64,58,40,64,58,24,18,24,18,FALSE,FALSE
608,50,33,60,50,33,60,50,33,60,50,27,17,27,17,FALSE,FALSE
608,51,31,55,48,31,55,48,31,55,48,24,17,24,17,FALSE,FALSE
608,52,30,53,44,30,53,44,30,53,44,23,14,23,14,FALSE,FALSE
608,53,27,49,39,27,49,39,27,49,39,22,12,22,12,FALSE,FALSE
608,54,23,45,33,23,45,33,23,45,33,22,10,22,10,FALSE,FALSE
608,55,21,38,30,21,38,30,21,38,30,17,9,17,9,FALSE,FALSE
608,56,17,31,28,17,31,28,17,31,28,14,11,14,11,FALSE,FALSE
608,57,15,27,23,15,27,23,15,27,23,12,8,12,8,FALSE,FALSE
608,58,12,25,21,12,25,21,12,25,21,13,9,13,9,FALSE,FALSE
608,59,11,20,19,11,20,19,11,20,19,9,8,9,8,FALSE,FALSE
608,60,9,16,18,9,16,18,9,16,18,7,9,7,9,FALSE,FALSE
609,0,92,92,92,92,92,92,92,92,92,0,0,0,0,TRUE,TRUE
609,1,108,108,109,108,108,109,108,108,109,0,1,0,1,TRUE,FALSE
609,2,126,124,125,126,124,125,126,124,125,-2,-1,2,1,FALSE,FALSE
609,3,163,148,162,163,148,162,163,148,162,-15,-1,15,1,FALSE,FALSE
609,4,214,185,193,214,185,193,214,185,193,-29,-21,29,21,FALSE,FALSE
609,5,232,230,243,232,230,243,232,230,243,-2,11,2,11,FALSE,FALSE
609,6,263,278,302,263,278,302,263,278,302,15,39,15,39,FALSE,FALSE
609,7,317,325,373,317,325,373,317,325,373,8,56,8,56,FALSE,FALSE
609,8,386,417,436,386,417,436,386,417,436,31,50,31,50,FALSE,FALSE
609,9,461,508,508,461,508,508,461,508,508,47,47,47,47,FALSE,FALSE
609,10,523,587,636,523,587,636,523,587,636,64,113,64,113,FALSE,FALSE
609,11,628,702,739,628,702,739,628,702,739,74,111,74,111,FALSE,FALSE
609,12,758,806,870,758,806,870,758,806,870,48,112,48,112,FALSE,FALSE
609,13,873,882,1026,873,882,1026,873,882,1026,9,153,9,153,FALSE,FALSE
609,14,988,1020,1159,988,1020,1159,988,1020,1159,32,171,32,171,FALSE,FALSE
609,15,1130,1165,1317,1130,1165,1317,1130,1165,1317,35,187,35,187,FALSE,FALSE
609,16,1276,1283,1448,1276,1283,1448,1276,1283,1448,7,172,7,172,FALSE,FALSE
609,17,1443,1404,1580,1443,1404,1580,1443,1404,1580,-39,137,39,137,FALSE,FALSE
609,18,1604,1523,1739,1604,1523,1739,1604,1523,1739,-81,135,81,135,FALSE,FALSE
609,19,1733,1674,1885,1733,1674,1885,1733,1674,1885,-59,152,59,152,FALSE,FALSE
609,20,1853,1789,1990,1853,1789,1990,1853,1789,1990,-64,137,64,137,FALSE,FALSE
609,21,1968,1863,2081,1968,1863,2081,1968,1863,2081,-105,113,105,113,FALSE,FALSE
609,22,2067,1891,2131,2067,1891,2131,2067,1891,2131,-176,64,176,64,FALSE,FALSE
609,23,2099,1909,2162,2099,1909,2162,2099,1909,2162,-190,63,190,63,FALSE,FALSE
609,24,2134,1903,2191,2134,1903,2191,2134,1903,2191,-231,57,231,57,FALSE,FALSE
609,25,2136,1878,2183,2136,1878,2183,2136,1878,2183,-258,47,258,47,FALSE,FALSE
609,26,2105,1831,2112,2105,1831,2112,2105,1831,2112,-274,7,274,7,FALSE,FALSE
609,27,2092,1778,2046,2092,1778,2046,2092,1778,2046,-314,-46,314,46,FALSE,FALSE
609,28,2018,1720,1966,2018,1720,1966,2018,1720,1966,-298,-52,298,52,FALSE,FALSE
609,29,1934,1658,1883,1934,1658,1883,1934,1658,1883,-276,-51,276,51,FALSE,FALSE
609,30,1834,1590,1781,1834,1590,1781,1834,1590,1781,-244,-53,244,53,FALSE,FALSE
609,31,1756,1498,1673,1756,1498,1673,1756,1498,1673,-258,-83,258,83,FALSE,FALSE
609,32,1655,1402,1573,1655,1402,1573,1655,1402,1573,-253,-82,253,82,FALSE,FALSE
609,33,1559,1299,1480,1559,1299,1480,1559,1299,1480,-260,-79,260,79,FALSE,FALSE
609,34,1460,1219,1335,1460,1219,1335,1460,1219,1335,-241,-125,241,125,FALSE,FALSE
609,35,1339,1156,1259,1339,1156,1259,1339,1156,1259,-183,-80,183,80,FALSE,FALSE
609,36,1215,1069,1136,1215,1069,1136,1215,1069,1136,-146,-79,146,79,FALSE,FALSE
609,37,1108,986,1056,1108,986,1056,1108,986,1056,-122,-52,122,52,FALSE,FALSE
609,38,1029,895,972,1029,895,972,1029,895,972,-134,-57,134,57,FALSE,FALSE
609,39,937,825,882,937,825,882,937,825,882,-112,-55,112,55,FALSE,FALSE
609,40,837,769,806,837,769,806,837,769,806,-68,-31,68,31,FALSE,FALSE
609,41,783,703,740,783,703,740,783,703,740,-80,-43,80,43,FALSE,FALSE
609,42,688,628,678,688,628,678,688,628,678,-60,-10,60,10,FALSE,FALSE
609,43,626,564,615,626,564,615,626,564,615,-62,-11,62,11,FALSE,FALSE
609,44,564,518,552,564,518,552,564,518,552,-46,-12,46,12,FALSE,FALSE
609,45,521,473,507,521,473,507,521,473,507,-48,-14,48,14,FALSE,FALSE
609,46,462,424,464,462,424,464,462,424,464,-38,2,38,2,FALSE,FALSE
609,47,422,380,419,422,380,419,422,380,419,-42,-3,42,3,FALSE,FALSE
609,48,379,347,374,379,347,374,379,347,374,-32,-5,32,5,FALSE,FALSE
609,49,336,319,327,336,319,327,336,319,327,-17,-9,17,9,FALSE,FALSE
609,50,307,281,292,307,281,292,307,281,292,-26,-15,26,15,FALSE,FALSE
609,51,269,246,256,269,246,256,269,246,256,-23,-13,23,13,FALSE,FALSE
609,52,243,221,245,243,221,245,243,221,245,-22,2,22,2,FALSE,FALSE
609,53,221,204,228,221,204,228,221,204,228,-17,7,17,7,FALSE,FALSE
609,54,196,189,216,196,189,216,196,189,216,-7,20,7,20,FALSE,FALSE
609,55,185,172,185,185,172,185,185,172,185,-13,0,13,0,FALSE,TRUE
609,56,167,159,170,167,159,170,167,159,170,-8,3,8,3,FALSE,FALSE
609,57,155,146,154,155,146,154,155,146,154,-9,-1,9,1,FALSE,FALSE
609,58,147,127,130,147,127,130,147,127,130,-20,-17,20,17,FALSE,FALSE
609,59,141,111,124,141,111,124,141,111,124,-30,-17,30,17,FALSE,FALSE
609,60,125,97,106,125,97,106,125,97,106,-28,-19,28,19,FALSE,FALSE
610,0,50,50,50,50,50,50,50,50,50,0,0,0,0,TRUE,TRUE
610,1,52,57,59,52,57,59,52,57,59,5,7,5,7,FALSE,FALSE
610,2,59,63,60,59,63,60,59,63,60,4,1,4,1,FALSE,FALSE
610,3,64,73,60,64,73,60,64,73,60,9,-4,9,4,FALSE,FALSE
610,4,75,87,73,75,87,73,75,87,73,12,-2,12,2,FALSE,FALSE
610,5,70,102,85,70,102,85,70,102,85,32,15,32,15,FALSE,FALSE
610,6,83,119,98,83,119,98,83,119,98,36,15,36,15,FALSE,FALSE
610,7,98,146,104,98,146,104,98,146,104,48,6,48,6,FALSE,FALSE
610,8,110,160,112,110,160,112,110,160,112,50,2,50,2,FALSE,FALSE
610,9,113,176,121,113,176,121,113,176,121,63,8,63,8,FALSE,FALSE
610,10,124,194,139,124,194,139,124,194,139,70,15,70,15,FALSE,FALSE
610,11,132,230,147,132,230,147,132,230,147,98,15,98,15,FALSE,FALSE
610,12,162,252,162,162,252,162,162,252,162,90,0,90,0,FALSE,TRUE
610,13,178,287,175,178,287,175,178,287,175,109,-3,109,3,FALSE,FALSE
610,14,202,321,177,202,321,177,202,321,177,119,-25,119,25,FALSE,FALSE
610,15,234,372,192,234,372,192,234,372,192,138,-42,138,42,FALSE,FALSE
610,16,254,423,206,254,423,206,254,423,206,169,-48,169,48,FALSE,FALSE
610,17,293,474,213,293,474,213,293,474,213,181,-80,181,80,FALSE,FALSE
610,18,318,526,235,318,526,235,318,526,235,208,-83,208,83,FALSE,FALSE
610,19,349,581,252,349,581,252,349,581,252,232,-97,232,97,FALSE,FALSE
610,20,360,627,256,360,627,256,360,627,256,267,-104,267,104,FALSE,FALSE
610,21,392,679,275,392,679,275,392,679,275,287,-117,287,117,FALSE,FALSE
610,22,424,708,299,424,708,299,424,708,299,284,-125,284,125,FALSE,FALSE
610,23,441,742,330,441,742,330,441,742,330,301,-111,301,111,FALSE,FALSE
610,24,456,801,360,456,801,360,456,801,360,345,-96,345,96,FALSE,FALSE
610,25,481,788,382,481,788,382,481,788,382,307,-99,307,99,FALSE,FALSE
610,26,493,800,399,493,800,399,493,800,399,307,-94,307,94,FALSE,FALSE
610,27,522,814,414,522,814,414,522,814,414,292,-108,292,108,FALSE,FALSE
610,28,566,818,433,566,818,433,566,818,433,252,-133,252,133,FALSE,FALSE
610,29,567,823,451,567,823,451,567,823,451,256,-116,256,116,FALSE,FALSE
610,30,571,813,479,571,813,479,571,813,479,242,-92,242,92,FALSE,FALSE
610,31,594,824,504,594,824,504,594,824,504,230,-90,230,90,FALSE,FALSE
610,32,622,846,539,622,846,539,622,846,539,224,-83,224,83,FALSE,FALSE
610,33,654,833,554,654,833,554,654,833,554,179,-100,179,100,FALSE,FALSE
610,34,641,810,569,641,810,569,641,810,569,169,-72,169,72,FALSE,FALSE
610,35,642,781,559,642,781,559,642,781,559,139,-83,139,83,FALSE,FALSE
610,36,629,736,547,629,736,547,629,736,547,107,-82,107,82,FALSE,FALSE
610,37,632,678,522,632,678,522,632,678,522,46,-110,46,110,FALSE,FALSE
610,38,634,635,516,634,635,516,634,635,516,1,-118,1,118,FALSE,FALSE
610,39,620,557,526,620,557,526,620,557,526,-63,-94,63,94,FALSE,FALSE
610,40,600,525,519,600,525,519,600,525,519,-75,-81,75,81,FALSE,FALSE
610,41,588,509,519,588,509,519,588,509,519,-79,-69,79,69,FALSE,FALSE
610,42,535,481,526,535,481,526,535,481,526,-54,-9,54,9,FALSE,FALSE
610,43,524,433,513,524,433,513,524,433,513,-91,-11,91,11,FALSE,FALSE
610,44,503,392,511,503,392,511,503,392,511,-111,8,111,8,FALSE,FALSE
610,45,495,358,509,495,358,509,495,358,509,-137,14,137,14,FALSE,FALSE
610,46,467,340,488,467,340,488,467,340,488,-127,21,127,21,FALSE,FALSE
610,47,450,302,450,450,302,450,450,302,450,-148,0,148,0,FALSE,TRUE
610,48,441,283,427,441,283,427,441,283,427,-158,-14,158,14,FALSE,FALSE
610,49,429,254,421,429,254,421,429,254,421,-175,-8,175,8,FALSE,FALSE
610,50,413,237,386,413,237,386,413,237,386,-176,-27,176,27,FALSE,FALSE
610,51,395,213,379,395,213,379,395,213,379,-182,-16,182,16,FALSE,FALSE
610,52,376,205,377,376,205,377,376,205,377,-171,1,171,1,FALSE,FALSE
610,53,357,194,349,357,194,349,357,194,349,-163,-8,163,8,FALSE,FALSE
610,54,325,186,327,325,186,327,325,186,327,-139,2,139,2,FALSE,FALSE
610,55,286,173,322,286,173,322,286,173,322,-113,36,113,36,FALSE,FALSE
610,56,282,154,309,282,154,309,282,154,309,-128,27,128,27,FALSE,FALSE
610,57,258,133,286,258,133,286,258,133,286,-125,28,125,28,FALSE,FALSE
610,58,239,116,261,239,116,261,239,116,261,-123,22,123,22,FALSE,FALSE
610,59,218,106,252,218,106,252,218,106,252,-112,34,112,34,FALSE,FALSE
610,60,191,105,255,191,105,255,191,105,255,-86,64,86,64,FALSE,FALSE
611,0,43,43,43,43,43,43,43,43,43,0,0,0,0,TRUE,TRUE
611,1,46,45,48,46,45,48,46,45,48,-1,2,1,2,FALSE,FALSE
611,2,43,51,56,43,51,56,43,51,56,8,13,8,13,FALSE,FALSE
611,3,51,64,60,51,64,60,51,64,60,13,9,13,9,FALSE,FALSE
611,4,60,68,70,60,68,70,60,68,70,8,10,8,10,FALSE,FALSE
611,5,76,78,73,76,78,73,76,78,73,2,-3,2,3,FALSE,FALSE
611,6,85,89,79,85,89,79,85,89,79,4,-6,4,6,FALSE,FALSE
611,7,91,111,97,91,111,97,91,111,97,20,6,20,6,FALSE,FALSE
611,8,100,123,116,100,123,116,100,123,116,23,16,23,16,FALSE,FALSE
611,9,120,128,130,120,128,130,120,128,130,8,10,8,10,FALSE,FALSE
611,10,138,150,158,138,150,158,138,150,158,12,20,12,20,FALSE,FALSE
611,11,159,176,175,159,176,175,159,176,175,17,16,17,16,FALSE,FALSE
611,12,182,222,193,182,222,193,182,222,193,40,11,40,11,FALSE,FALSE
611,13,210,262,226,210,262,226,210,262,226,52,16,52,16,FALSE,FALSE
611,14,252,298,257,252,298,257,252,298,257,46,5,46,5,FALSE,FALSE
611,15,276,346,313,276,346,313,276,346,313,70,37,70,37,FALSE,FALSE
611,16,314,397,356,314,397,356,314,397,356,83,42,83,42,FALSE,FALSE
611,17,355,441,395,355,441,395,355,441,395,86,40,86,40,FALSE,FALSE
611,18,405,516,435,405,516,435,405,516,435,111,30,111,30,FALSE,FALSE
611,19,472,587,496,472,587,496,472,587,496,115,24,115,24,FALSE,FALSE
611,20,536,678,558,536,678,558,536,678,558,142,22,142,22,FALSE,FALSE
611,21,587,766,622,587,766,622,587,766,622,179,35,179,35,FALSE,FALSE
611,22,670,841,704,670,841,704,670,841,704,171,34,171,34,FALSE,FALSE
611,23,761,920,753,761,920,753,761,920,753,159,-8,159,8,FALSE,FALSE
611,24,831,1026,828,831,1026,828,831,1026,828,195,-3,195,3,FALSE,FALSE
611,25,938,1101,896,938,1101,896,938,1101,896,163,-42,163,42,FALSE,FALSE
611,26,1031,1196,966,1031,1196,966,1031,1196,966,165,-65,165,65,FALSE,FALSE
611,27,1128,1313,1044,1128,1313,1044,1128,1313,1044,185,-84,185,84,FALSE,FALSE
611,28,1220,1404,1119,1220,1404,1119,1220,1404,1119,184,-101,184,101,FALSE,FALSE
611,29,1291,1474,1203,1291,1474,1203,1291,1474,1203,183,-88,183,88,FALSE,FALSE
611,30,1383,1572,1285,1383,1572,1285,1383,1572,1285,189,-98,189,98,FALSE,FALSE
611,31,1468,1655,1356,1468,1655,1356,1468,1655,1356,187,-112,187,112,FALSE,FALSE
611,32,1522,1673,1401,1522,1673,1401,1522,1673,1401,151,-121,151,121,FALSE,FALSE
611,33,1582,1698,1424,1582,1698,1424,1582,1698,1424,116,-158,116,158,FALSE,FALSE
611,34,1613,1700,1511,1613,1700,1511,1613,1700,1511,87,-102,87,102,FALSE,FALSE
611,35,1626,1717,1506,1626,1717,1506,1626,1717,1506,91,-120,91,120,FALSE,FALSE
611,36,1648,1706,1518,1648,1706,1518,1648,1706,1518,58,-130,58,130,FALSE,FALSE
611,37,1675,1697,1540,1675,1697,1540,1675,1697,1540,22,-135,22,135,FALSE,FALSE
611,38,1632,1684,1545,1632,1684,1545,1632,1684,1545,52,-87,52,87,FALSE,FALSE
611,39,1618,1673,1564,1618,1673,1564,1618,1673,1564,55,-54,55,54,FALSE,FALSE
611,40,1607,1630,1584,1607,1630,1584,1607,1630,1584,23,-23,23,23,FALSE,FALSE
611,41,1555,1568,1606,1555,1568,1606,1555,1568,1606,13,51,13,51,FALSE,FALSE
611,42,1516,1524,1581,1516,1524,1581,1516,1524,1581,8,65,8,65,FALSE,FALSE
611,43,1484,1489,1542,1484,1489,1542,1484,1489,1542,5,58,5,58,FALSE,FALSE
611,44,1451,1420,1531,1451,1420,1531,1451,1420,1531,-31,80,31,80,FALSE,FALSE
611,45,1417,1355,1510,1417,1355,1510,1417,1355,1510,-62,93,62,93,FALSE,FALSE
611,46,1367,1296,1459,1367,1296,1459,1367,1296,1459,-71,92,71,92,FALSE,FALSE
611,47,1324,1244,1415,1324,1244,1415,1324,1244,1415,-80,91,80,91,FALSE,FALSE
611,48,1266,1187,1348,1266,1187,1348,1266,1187,1348,-79,82,79,82,FALSE,FALSE
611,49,1211,1138,1314,1211,1138,1314,1211,1138,1314,-73,103,73,103,FALSE,FALSE
611,50,1159,1086,1270,1159,1086,1270,1159,1086,1270,-73,111,73,111,FALSE,FALSE
611,51,1095,1037,1239,1095,1037,1239,1095,1037,1239,-58,144,58,144,FALSE,FALSE
611,52,1032,980,1156,1032,980,1156,1032,980,1156,-52,124,52,124,FALSE,FALSE
611,53,997,943,1105,997,943,1105,997,943,1105,-54,108,54,108,FALSE,FALSE
611,54,962,880,1053,962,880,1053,962,880,1053,-82,91,82,91,FALSE,FALSE
611,55,904,839,997,904,839,997,904,839,997,-65,93,65,93,FALSE,FALSE
611,56,841,805,940,841,805,940,841,805,940,-36,99,36,99,FALSE,FALSE
611,57,797,763,890,797,763,890,797,763,890,-34,93,34,93,FALSE,FALSE
611,58,758,722,835,758,722,835,758,722,835,-36,77,36,77,FALSE,FALSE
611,59,704,691,788,704,691,788,704,691,788,-13,84,13,84,FALSE,FALSE
611,60,671,646,749,671,646,749,671,646,749,-25,78,25,78,FALSE,FALSE
612,0,62,62,62,62,62,62,62,62,62,0,0,0,0,TRUE,TRUE
612,1,61,67,63,61,67,63,61,67,63,6,2,6,2,FALSE,FALSE
612,2,63,73,66,63,73,66,63,73,66,10,3,10,3,FALSE,FALSE
612,3,66,81,70,66,81,70,66,81,70,15,4,15,4,FALSE,FALSE
612,4,70,81,63,70,81,63,70,81,63,11,-7,11,7,FALSE,FALSE
612,5,80,83,63,80,83,63,80,83,63,3,-17,3,17,FALSE,FALSE
612,6,92,88,62,92,88,62,92,88,62,-4,-30,4,30,FALSE,FALSE
612,7,97,92,76,97,92,76,97,92,76,-5,-21,5,21,FALSE,FALSE
612,8,110,96,75,110,96,75,110,96,75,-14,-35,14,35,FALSE,FALSE
612,9,121,95,73,121,95,73,121,95,73,-26,-48,26,48,FALSE,FALSE
612,10,135,103,76,135,103,76,135,103,76,-32,-59,32,59,FALSE,FALSE
612,11,136,108,84,136,108,84,136,108,84,-28,-52,28,52,FALSE,FALSE
612,12,137,122,88,137,122,88,137,122,88,-15,-49,15,49,FALSE,FALSE
612,13,151,122,96,151,122,96,151,122,96,-29,-55,29,55,FALSE,FALSE
612,14,155,130,96,155,130,96,155,130,96,-25,-59,25,59,FALSE,FALSE
612,15,169,145,106,169,145,106,169,145,106,-24,-63,24,63,FALSE,FALSE
612,16,173,150,114,173,150,114,173,150,114,-23,-59,23,59,FALSE,FALSE
612,17,184,167,126,184,167,126,184,167,126,-17,-58,17,58,FALSE,FALSE
612,18,203,174,133,203,174,133,203,174,133,-29,-70,29,70,FALSE,FALSE
612,19,225,185,135,225,185,135,225,185,135,-40,-90,40,90,FALSE,FALSE
612,20,230,201,136,230,201,136,230,201,136,-29,-94,29,94,FALSE,FALSE
612,21,244,204,141,244,204,141,244,204,141,-40,-103,40,103,FALSE,FALSE
612,22,250,208,152,250,208,152,250,208,152,-42,-98,42,98,FALSE,FALSE
612,23,276,216,170,276,216,170,276,216,170,-60,-106,60,106,FALSE,FALSE
612,24,295,235,175,295,235,175,295,235,175,-60,-120,60,120,FALSE,FALSE
612,25,299,255,190,299,255,190,299,255,190,-44,-109,44,109,FALSE,FALSE
612,26,323,268,206,323,268,206,323,268,206,-55,-117,55,117,FALSE,FALSE
612,27,348,282,215,348,282,215,348,282,215,-66,-133,66,133,FALSE,FALSE
612,28,358,308,231,358,308,231,358,308,231,-50,-127,50,127,FALSE,FALSE
612,29,381,316,244,381,316,244,381,316,244,-65,-137,65,137,FALSE,FALSE
612,30,400,329,251,400,329,251,400,329,251,-71,-149,71,149,FALSE,FALSE
612,31,428,339,268,428,339,268,428,339,268,-89,-160,89,160,FALSE,FALSE
612,32,433,343,284,433,343,284,433,343,284,-90,-149,90,149,FALSE,FALSE
612,33,467,364,297,467,364,297,467,364,297,-103,-170,103,170,FALSE,FALSE
612,34,470,381,317,470,381,317,470,381,317,-89,-153,89,153,FALSE,FALSE
612,35,490,386,322,490,386,322,490,386,322,-104,-168,104,168,FALSE,FALSE
612,36,501,413,355,501,413,355,501,413,355,-88,-146,88,146,FALSE,FALSE
612,37,523,430,373,523,430,373,523,430,373,-93,-150,93,150,FALSE,FALSE
612,38,532,438,380,532,438,380,532,438,380,-94,-152,94,152,FALSE,FALSE
612,39,552,478,390,552,478,390,552,478,390,-74,-162,74,162,FALSE,FALSE
612,40,569,502,419,569,502,419,569,502,419,-67,-150,67,150,FALSE,FALSE
612,41,585,517,418,585,517,418,585,517,418,-68,-167,68,167,FALSE,FALSE
612,42,619,546,429,619,546,429,619,546,429,-73,-190,73,190,FALSE,FALSE
612,43,651,551,442,651,551,442,651,551,442,-100,-209,100,209,FALSE,FALSE
612,44,677,580,451,677,580,451,677,580,451,-97,-226,97,226,FALSE,FALSE
612,45,715,590,482,715,590,482,715,590,482,-125,-233,125,233,FALSE,FALSE
612,46,748,629,495,748,629,495,748,629,495,-119,-253,119,253,FALSE,FALSE
612,47,769,666,527,769,666,527,769,666,527,-103,-242,103,242,FALSE,FALSE
612,48,797,693,551,797,693,551,797,693,551,-104,-246,104,246,FALSE,FALSE
612,49,825,731,583,825,731,583,825,731,583,-94,-242,94,242,FALSE,FALSE
612,50,857,751,612,857,751,612,857,751,612,-106,-245,106,245,FALSE,FALSE
612,51,887,786,645,887,786,645,887,786,645,-101,-242,101,242,FALSE,FALSE
612,52,891,800,675,891,800,675,891,800,675,-91,-216,91,216,FALSE,FALSE
612,53,918,797,687,918,797,687,918,797,687,-121,-231,121,231,FALSE,FALSE
612,54,936,804,714,936,804,714,936,804,714,-132,-222,132,222,FALSE,FALSE
612,55,938,838,741,938,838,741,938,838,741,-100,-197,100,197,FALSE,FALSE
612,56,989,869,772,989,869,772,989,869,772,-120,-217,120,217,FALSE,FALSE
612,57,1019,870,791,1019,870,791,1019,870,791,-149,-228,149,228,FALSE,FALSE
612,58,1056,902,819,1056,902,819,1056,902,819,-154,-237,154,237,FALSE,FALSE
612,59,1049,916,844,1049,916,844,1049,916,844,-133,-205,133,205,FALSE,FALSE
612,60,1073,931,867,1073,931,867,1073,931,867,-142,-206,142,206,FALSE,FALSE
613,0,138,138,138,138,138,138,138,138,138,0,0,0,0,TRUE,TRUE
613,1,229,227,250,229,227,250,229,227,250,-2,21,2,21,FALSE,FALSE
613,2,415,358,431,415,358,431,415,358,431,-57,16,57,16,FALSE,FALSE
613,3,691,567,719,691,567,719,691,567,719,-124,28,124,28,FALSE,FALSE
613,4,1105,879,1184,1105,879,1184,1105,879,1184,-226,79,226,79,FALSE,FALSE
613,5,1721,1304,1791,1721,1304,1791,1721,1304,1791,-417,70,417,70,FALSE,FALSE
613,6,2378,1776,2508,2378,1776,2508,2378,1776,2508,-602,130,602,130,FALSE,FALSE
613,7,3010,2318,3100,3010,2318,3100,3010,2318,3100,-692,90,692,90,FALSE,FALSE
613,8,3419,2761,3488,3419,2761,3488,3419,2761,3488,-658,69,658,69,FALSE,FALSE
613,9,3520,3074,3530,3520,3074,3530,3520,3074,3530,-446,10,446,10,FALSE,FALSE
613,10,3335,3121,3367,3335,3121,3367,3335,3121,3367,-214,32,214,32,FALSE,FALSE
613,11,3018,2992,3038,3018,2992,3038,3018,2992,3038,-26,20,26,20,FALSE,FALSE
613,12,2638,2744,2583,2638,2744,2583,2638,2744,2583,106,-55,106,55,FALSE,FALSE
613,13,2247,2463,2158,2247,2463,2158,2247,2463,2158,216,-89,216,89,FALSE,FALSE
613,14,1872,2140,1803,1872,2140,1803,1872,2140,1803,268,-69,268,69,FALSE,FALSE
613,15,1502,1803,1460,1502,1803,1460,1502,1803,1460,301,-42,301,42,FALSE,FALSE
613,16,1239,1533,1194,1239,1533,1194,1239,1533,1194,294,-45,294,45,FALSE,FALSE
613,17,1007,1311,952,1007,1311,952,1007,1311,952,304,-55,304,55,FALSE,FALSE
613,18,817,1087,756,817,1087,756,817,1087,756,270,-61,270,61,FALSE,FALSE
613,19,670,892,621,670,892,621,670,892,621,222,-49,222,49,FALSE,FALSE
613,20,548,721,501,548,721,501,548,721,501,173,-47,173,47,FALSE,FALSE
613,21,448,574,400,448,574,400,448,574,400,126,-48,126,48,FALSE,FALSE
613,22,357,469,312,357,469,312,357,469,312,112,-45,112,45,FALSE,FALSE
613,23,289,394,253,289,394,253,289,394,253,105,-36,105,36,FALSE,FALSE
613,24,233,307,210,233,307,210,233,307,210,74,-23,74,23,FALSE,FALSE
613,25,185,238,170,185,238,170,185,238,170,53,-15,53,15,FALSE,FALSE
613,26,151,202,136,151,202,136,151,202,136,51,-15,51,15,FALSE,FALSE
613,27,123,160,105,123,160,105,123,160,105,37,-18,37,18,FALSE,FALSE
613,28,94,128,83,94,128,83,94,128,83,34,-11,34,11,FALSE,FALSE
613,29,75,103,65,75,103,65,75,103,65,28,-10,28,10,FALSE,FALSE
613,30,60,84,60,60,84,60,60,84,60,24,0,24,0,FALSE,TRUE
613,31,47,64,51,47,64,51,47,64,51,17,4,17,4,FALSE,FALSE
613,32,34,46,43,34,46,43,34,46,43,12,9,12,9,FALSE,FALSE
613,33,30,35,35,30,35,35,30,35,35,5,5,5,5,FALSE,FALSE
613,34,25,25,23,25,25,23,25,25,23,0,-2,0,2,TRUE,FALSE
613,35,21,23,17,21,23,17,21,23,17,2,-4,2,4,FALSE,FALSE
613,36,19,15,14,19,15,14,19,15,14,-4,-5,4,5,FALSE,FALSE
613,37,15,13,10,15,13,10,15,13,10,-2,-5,2,5,FALSE,FALSE
613,38,13,10,6,13,10,6,13,10,6,-3,-7,3,7,FALSE,FALSE
613,39,11,10,5,11,10,5,11,10,5,-1,-6,1,6,FALSE,FALSE
613,40,9,11,4,9,11,4,9,11,4,2,-5,2,5,FALSE,FALSE
613,41,8,8,2,8,8,2,8,8,2,0,-6,0,6,TRUE,FALSE
613,42,5,6,1,5,6,1,5,6,1,1,-4,1,4,FALSE,FALSE
613,43,4,3,1,4,3,1,4,3,1,-1,-3,1,3,FALSE,FALSE
613,44,3,3,1,3,3,1,3,3,1,0,-2,0,2,TRUE,FALSE
613,45,2,2,1,2,2,1,2,2,1,0,-1,0,1,TRUE,FALSE
613,46,1,1,1,1,1,1,1,1,1,0,0,0,0,TRUE,TRUE
613,47,1,0,0,1,0,0,1,0,0,-1,-1,1,1,FALSE,FALSE
613,48,1,0,0,1,0,0,1,0,0,-1,-1,1,1,FALSE,FALSE
613,49,1,0,0,1,0,0,1,0,0,-1,-1,1,1,FALSE,FALSE
613,50,1,0,0,1,0,0,1,0,0,-1,-1,1,1,FALSE,FALSE
613,51,0,0,0,0,0,0,0,0,0,0,0,0,0,TRUE,TRUE
613,52,0,0,0,0,0,0,0,0,0,0,0,0,0,TRUE,TRUE
613,53,0,0,0,0,0,0,0,0,0,0,0,0,0,TRUE,TRUE
613,54,0,0,0,0,0,0,0,0,0,0,0,0,0,TRUE,TRUE
613,55,0,0,0,0,0,0,0,0,0,0,0,0,0,TRUE,TRUE
613,56,0,0,0,0,0,0,0,0,0,0,0,0,0,TRUE,TRUE
613,57,0,0,0,0,0,0,0,0,0,0,0,0,0,TRUE,TRUE
613,58,0,0,0,0,0,0,0,0,0,0,0,0,0,TRUE,TRUE
613,59,0,0,0,0,0,0,0,0,0,0,0,0,0,TRUE,TRUE
613,60,0,0,0,0,0,0,0,0,0,0,0,0,0,TRUE,TRUE
614,0,81,81,81,81,81,81,81,81,81,0,0,0,0,TRUE,TRUE
614,1,115,111,123,115,111,123,115,111,123,-4,8,4,8,FALSE,FALSE
614,2,156,158,171,156,158,171,156,158,171,2,15,2,15,FALSE,FALSE
614,3,197,215,221,197,215,221,197,215,221,18,24,18,24,FALSE,FALSE
614,4,272,279,310,272,279,310,272,279,310,7,38,7,38,FALSE,FALSE
614,5,385,386,397,385,386,397,385,386,397,1,12,1,12,FALSE,FALSE
614,6,483,513,514,483,513,514,483,513,514,30,31,30,31,FALSE,FALSE
614,7,607,669,658,607,669,658,607,669,658,62,51,62,51,FALSE,FALSE
614,8,751,836,822,751,836,822,751,836,822,85,71,85,71,FALSE,FALSE
614,9,933,1000,998,933,1000,998,933,1000,998,67,65,67,65,FALSE,FALSE
614,10,1098,1110,1174,1098,1110,1174,1098,1110,1174,12,76,12,76,FALSE,FALSE
614,11,1221,1239,1338,1221,1239,1338,1221,1239,1338,18,117,18,117,FALSE,FALSE
614,12,1318,1323,1426,1318,1323,1426,1318,1323,1426,5,108,5,108,FALSE,FALSE
614,13,1387,1413,1450,1387,1413,1450,1387,1413,1450,26,63,26,63,FALSE,FALSE
614,14,1442,1424,1440,1442,1424,1440,1442,1424,1440,-18,-2,18,2,FALSE,FALSE
614,15,1392,1367,1420,1392,1367,1420,1392,1367,1420,-25,28,25,28,FALSE,FALSE
614,16,1346,1304,1324,1346,1304,1324,1346,1304,1324,-42,-22,42,22,FALSE,FALSE
614,17,1259,1233,1244,1259,1233,1244,1259,1233,1244,-26,-15,26,15,FALSE,FALSE
614,18,1153,1139,1071,1153,1139,1071,1153,1139,1071,-14,-82,14,82,FALSE,FALSE
614,19,1020,1043,930,1020,1043,930,1020,1043,930,23,-90,23,90,FALSE,FALSE
614,20,934,935,827,934,935,827,934,935,827,1,-107,1,107,FALSE,FALSE
614,21,786,830,697,786,830,697,786,830,697,44,-89,44,89,FALSE,FALSE
614,22,676,719,583,676,719,583,676,719,583,43,-93,43,93,FALSE,FALSE
614,23,596,624,494,596,624,494,596,624,494,28,-102,28,102,FALSE,FALSE
614,24,509,522,413,509,522,413,509,522,413,13,-96,13,96,FALSE,FALSE
614,25,438,438,352,438,438,352,438,438,352,0,-86,0,86,TRUE,FALSE
614,26,366,373,292,366,373,292,366,373,292,7,-74,7,74,FALSE,FALSE
614,27,320,310,244,320,310,244,320,310,244,-10,-76,10,76,FALSE,FALSE
614,28,257,262,196,257,262,196,257,262,196,5,-61,5,61,FALSE,FALSE
614,29,223,223,155,223,223,155,223,223,155,0,-68,0,68,TRUE,FALSE
614,30,184,173,145,184,173,145,184,173,145,-11,-39,11,39,FALSE,FALSE
614,31,164,150,127,164,150,127,164,150,127,-14,-37,14,37,FALSE,FALSE
614,32,137,132,115,137,132,115,137,132,115,-5,-22,5,22,FALSE,FALSE
614,33,120,104,99,120,104,99,120,104,99,-16,-21,16,21,FALSE,FALSE
614,34,115,89,85,115,89,85,115,89,85,-26,-30,26,30,FALSE,FALSE
614,35,97,83,72,97,83,72,97,83,72,-14,-25,14,25,FALSE,FALSE
614,36,87,68,60,87,68,60,87,68,60,-19,-27,19,27,FALSE,FALSE
614,37,73,60,53,73,60,53,73,60,53,-13,-20,13,20,FALSE,FALSE
614,38,64,54,43,64,54,43,64,54,43,-10,-21,10,21,FALSE,FALSE
614,39,51,54,37,51,54,37,51,54,37,3,-14,3,14,FALSE,FALSE
614,40,46,45,32,46,45,32,46,45,32,-1,-14,1,14,FALSE,FALSE
614,41,39,46,27,39,46,27,39,46,27,7,-12,7,12,FALSE,FALSE
614,42,35,44,24,35,44,24,35,44,24,9,-11,9,11,FALSE,FALSE
614,43,25,35,21,25,35,21,25,35,21,10,-4,10,4,FALSE,FALSE
614,44,20,32,16,20,32,16,20,32,16,12,-4,12,4,FALSE,FALSE
614,45,17,26,11,17,26,11,17,26,11,9,-6,9,6,FALSE,FALSE
614,46,17,23,10,17,23,10,17,23,10,6,-7,6,7,FALSE,FALSE
614,47,12,15,8,12,15,8,12,15,8,3,-4,3,4,FALSE,FALSE
614,48,9,8,5,9,8,5,9,8,5,-1,-4,1,4,FALSE,FALSE
614,49,8,6,5,8,6,5,8,6,5,-2,-3,2,3,FALSE,FALSE
614,50,6,4,5,6,4,5,6,4,5,-2,-1,2,1,FALSE,FALSE
614,51,4,5,4,4,5,4,4,5,4,1,0,1,0,FALSE,TRUE
614,52,4,5,4,4,5,4,4,5,4,1,0,1,0,FALSE,TRUE
614,53,2,4,4,2,4,4,2,4,4,2,2,2,2,FALSE,FALSE
614,54,2,2,4,2,2,4,2,2,4,0,2,0,2,TRUE,FALSE
614,55,2,1,4,2,1,4,2,1,4,-1,2,1,2,FALSE,FALSE
614,56,1,0,3,1,0,3,1,0,3,-1,2,1,2,FALSE,FALSE
614,57,0,0,3,0,0,3,0,0,3,0,3,0,3,TRUE,FALSE
614,58,0,0,3,0,0,3,0,0,3,0,3,0,3,TRUE,FALSE
614,59,0,0,2,0,0,2,0,0,2,0,2,0,2,TRUE,FALSE
614,60,0,0,1,0,0,1,0,0,1,0,1,0,1,TRUE,FALSE
615,0,153,153,153,153,153,153,153,153,153,0,0,0,0,TRUE,TRUE
615,1,162,161,162,162,161,162,162,161,162,-1,0,1,0,FALSE,TRUE
615,2,163,167,165,163,167,165,163,167,165,4,2,4,2,FALSE,FALSE
615,3,185,175,183,185,175,183,185,175,183,-10,-2,10,2,FALSE,FALSE
615,4,206,186,191,206,186,191,206,186,191,-20,-15,20,15,FALSE,FALSE
615,5,217,205,206,217,205,206,217,205,206,-12,-11,12,11,FALSE,FALSE
615,6,235,212,218,235,212,218,235,212,218,-23,-17,23,17,FALSE,FALSE
615,7,249,216,237,249,216,237,249,216,237,-33,-12,33,12,FALSE,FALSE
615,8,272,226,263,272,226,263,272,226,263,-46,-9,46,9,FALSE,FALSE
615,9,293,230,271,293,230,271,293,230,271,-63,-22,63,22,FALSE,FALSE
615,10,316,246,290,316,246,290,316,246,290,-70,-26,70,26,FALSE,FALSE
615,11,335,263,312,335,263,312,335,263,312,-72,-23,72,23,FALSE,FALSE
615,12,379,269,346,379,269,346,379,269,346,-110,-33,110,33,FALSE,FALSE
615,13,409,271,384,409,271,384,409,271,384,-138,-25,138,25,FALSE,FALSE
615,14,441,303,412,441,303,412,441,303,412,-138,-29,138,29,FALSE,FALSE
615,15,474,323,430,474,323,430,474,323,430,-151,-44,151,44,FALSE,FALSE
615,16,505,341,435,505,341,435,505,341,435,-164,-70,164,70,FALSE,FALSE
615,17,536,364,484,536,364,484,536,364,484,-172,-52,172,52,FALSE,FALSE
615,18,568,390,512,568,390,512,568,390,512,-178,-56,178,56,FALSE,FALSE
615,19,603,412,562,603,412,562,603,412,562,-191,-41,191,41,FALSE,FALSE
615,20,643,427,605,643,427,605,643,427,605,-216,-38,216,38,FALSE,FALSE
615,21,684,445,627,684,445,627,684,445,627,-239,-57,239,57,FALSE,FALSE
615,22,716,465,689,716,465,689,716,465,689,-251,-27,251,27,FALSE,FALSE
615,23,752,501,725,752,501,725,752,501,725,-251,-27,251,27,FALSE,FALSE
615,24,810,541,776,810,541,776,810,541,776,-269,-34,269,34,FALSE,FALSE
615,25,877,563,844,877,563,844,877,563,844,-314,-33,314,33,FALSE,FALSE
615,26,900,596,900,900,596,900,900,596,900,-304,0,304,0,FALSE,TRUE
615,27,954,612,953,954,612,953,954,612,953,-342,-1,342,1,FALSE,FALSE
615,28,989,648,1006,989,648,1006,989,648,1006,-341,17,341,17,FALSE,FALSE
615,29,1019,687,1037,1019,687,1037,1019,687,1037,-332,18,332,18,FALSE,FALSE
615,30,1060,721,1079,1060,721,1079,1060,721,1079,-339,19,339,19,FALSE,FALSE
615,31,1106,776,1146,1106,776,1146,1106,776,1146,-330,40,330,40,FALSE,FALSE
615,32,1159,816,1197,1159,816,1197,1159,816,1197,-343,38,343,38,FALSE,FALSE
615,33,1210,841,1226,1210,841,1226,1210,841,1226,-369,16,369,16,FALSE,FALSE
615,34,1251,852,1254,1251,852,1254,1251,852,1254,-399,3,399,3,FALSE,FALSE
615,35,1281,872,1258,1281,872,1258,1281,872,1258,-409,-23,409,23,FALSE,FALSE
615,36,1330,908,1317,1330,908,1317,1330,908,1317,-422,-13,422,13,FALSE,FALSE
615,37,1350,948,1367,1350,948,1367,1350,948,1367,-402,17,402,17,FALSE,FALSE
615,38,1384,978,1409,1384,978,1409,1384,978,1409,-406,25,406,25,FALSE,FALSE
615,39,1394,1033,1474,1394,1033,1474,1394,1033,1474,-361,80,361,80,FALSE,FALSE
615,40,1418,1034,1480,1418,1034,1480,1418,1034,1480,-384,62,384,62,FALSE,FALSE
615,41,1412,1044,1497,1412,1044,1497,1412,1044,1497,-368,85,368,85,FALSE,FALSE
615,42,1414,1062,1520,1414,1062,1520,1414,1062,1520,-352,106,352,106,FALSE,FALSE
615,43,1452,1092,1538,1452,1092,1538,1452,1092,1538,-360,86,360,86,FALSE,FALSE
615,44,1460,1116,1544,1460,1116,1544,1460,1116,1544,-344,84,344,84,FALSE,FALSE
615,45,1440,1135,1544,1440,1135,1544,1440,1135,1544,-305,104,305,104,FALSE,FALSE
615,46,1418,1119,1529,1418,1119,1529,1418,1119,1529,-299,111,299,111,FALSE,FALSE
615,47,1404,1124,1524,1404,1124,1524,1404,1124,1524,-280,120,280,120,FALSE,FALSE
615,48,1393,1121,1532,1393,1121,1532,1393,1121,1532,-272,139,272,139,FALSE,FALSE
615,49,1372,1145,1538,1372,1145,1538,1372,1145,1538,-227,166,227,166,FALSE,FALSE
615,50,1360,1179,1518,1360,1179,1518,1360,1179,1518,-181,158,181,158,FALSE,FALSE
615,51,1362,1174,1499,1362,1174,1499,1362,1174,1499,-188,137,188,137,FALSE,FALSE
615,52,1337,1182,1489,1337,1182,1489,1337,1182,1489,-155,152,155,152,FALSE,FALSE
615,53,1311,1164,1465,1311,1164,1465,1311,1164,1465,-147,154,147,154,FALSE,FALSE
615,54,1288,1167,1399,1288,1167,1399,1288,1167,1399,-121,111,121,111,FALSE,FALSE
615,55,1278,1167,1378,1278,1167,1378,1278,1167,1378,-111,100,111,100,FALSE,FALSE
615,56,1233,1147,1339,1233,1147,1339,1233,1147,1339,-86,106,86,106,FALSE,FALSE
615,57,1190,1156,1301,1190,1156,1301,1190,1156,1301,-34,111,34,111,FALSE,FALSE
615,58,1151,1151,1243,1151,1151,1243,1151,1151,1243,0,92,0,92,TRUE,FALSE
615,59,1143,1154,1211,1143,1154,1211,1143,1154,1211,11,68,11,68,FALSE,FALSE
615,60,1114,1134,1183,1114,1134,1183,1114,1134,1183,20,69,20,69,FALSE,FALSE
616,0,95,95,95,95,95,95,95,95,95,0,0,0,0,TRUE,TRUE
616,1,101,106,107,101,106,107,101,106,107,5,6,5,6,FALSE,FALSE
616,2,107,114,115,107,114,115,107,114,115,7,8,7,8,FALSE,FALSE
616,3,123,119,131,123,119,131,123,119,131,-4,8,4,8,FALSE,FALSE
616,4,142,128,147,142,128,147,142,128,147,-14,5,14,5,FALSE,FALSE
616,5,159,139,161,159,139,161,159,139,161,-20,2,20,2,FALSE,FALSE
616,6,179,157,172,179,157,172,179,157,172,-22,-7,22,7,FALSE,FALSE
616,7,194,180,179,194,180,179,194,180,179,-14,-15,14,15,FALSE,FALSE
616,8,191,180,195,191,180,195,191,180,195,-11,4,11,4,FALSE,FALSE
616,9,222,194,202,222,194,202,222,194,202,-28,-20,28,20,FALSE,FALSE
616,10,248,207,208,248,207,208,248,207,208,-41,-40,41,40,FALSE,FALSE
616,11,270,231,217,270,231,217,270,231,217,-39,-53,39,53,FALSE,FALSE
616,12,296,239,235,296,239,235,296,239,235,-57,-61,57,61,FALSE,FALSE
616,13,332,261,247,332,261,247,332,261,247,-71,-85,71,85,FALSE,FALSE
616,14,359,282,264,359,282,264,359,282,264,-77,-95,77,95,FALSE,FALSE
616,15,403,305,275,403,305,275,403,305,275,-98,-128,98,128,FALSE,FALSE
616,16,435,319,308,435,319,308,435,319,308,-116,-127,116,127,FALSE,FALSE
616,17,481,363,322,481,363,322,481,363,322,-118,-159,118,159,FALSE,FALSE
616,18,495,386,342,495,386,342,495,386,342,-109,-153,109,153,FALSE,FALSE
616,19,524,417,369,524,417,369,524,417,369,-107,-155,107,155,FALSE,FALSE
616,20,565,464,402,565,464,402,565,464,402,-101,-163,101,163,FALSE,FALSE
616,21,596,495,439,596,495,439,596,495,439,-101,-157,101,157,FALSE,FALSE
616,22,662,515,471,662,515,471,662,515,471,-147,-191,147,191,FALSE,FALSE
616,23,687,568,504,687,568,504,687,568,504,-119,-183,119,183,FALSE,FALSE
616,24,763,621,539,763,621,539,763,621,539,-142,-224,142,224,FALSE,FALSE
616,25,809,648,581,809,648,581,809,648,581,-161,-228,161,228,FALSE,FALSE
616,26,851,677,624,851,677,624,851,677,624,-174,-227,174,227,FALSE,FALSE
616,27,881,710,694,881,710,694,881,710,694,-171,-187,171,187,FALSE,FALSE
616,28,945,767,745,945,767,745,945,767,745,-178,-200,178,200,FALSE,FALSE
616,29,1006,858,758,1006,858,758,1006,858,758,-148,-248,148,248,FALSE,FALSE
616,30,1066,925,786,1066,925,786,1066,925,786,-141,-280,141,280,FALSE,FALSE
616,31,1122,986,835,1122,986,835,1122,986,835,-136,-287,136,287,FALSE,FALSE
616,32,1169,1037,878,1169,1037,878,1169,1037,878,-132,-291,132,291,FALSE,FALSE
616,33,1217,1076,914,1217,1076,914,1217,1076,914,-141,-303,141,303,FALSE,FALSE
616,34,1238,1136,935,1238,1136,935,1238,1136,935,-102,-303,102,303,FALSE,FALSE
616,35,1298,1191,955,1298,1191,955,1298,1191,955,-107,-343,107,343,FALSE,FALSE
616,36,1356,1228,1016,1356,1228,1016,1356,1228,1016,-128,-340,128,340,FALSE,FALSE
616,37,1414,1272,1081,1414,1272,1081,1414,1272,1081,-142,-333,142,333,FALSE,FALSE
616,38,1435,1356,1162,1435,1356,1162,1435,1356,1162,-79,-273,79,273,FALSE,FALSE
616,39,1419,1397,1215,1419,1397,1215,1419,1397,1215,-22,-204,22,204,FALSE,FALSE
616,40,1437,1443,1244,1437,1443,1244,1437,1443,1244,6,-193,6,193,FALSE,FALSE
616,41,1469,1480,1278,1469,1480,1278,1469,1480,1278,11,-191,11,191,FALSE,FALSE
616,42,1478,1546,1320,1478,1546,1320,1478,1546,1320,68,-158,68,158,FALSE,FALSE
616,43,1483,1583,1356,1483,1583,1356,1483,1583,1356,100,-127,100,127,FALSE,FALSE
616,44,1491,1585,1380,1491,1585,1380,1491,1585,1380,94,-111,94,111,FALSE,FALSE
616,45,1490,1607,1421,1490,1607,1421,1490,1607,1421,117,-69,117,69,FALSE,FALSE
616,46,1488,1612,1451,1488,1612,1451,1488,1612,1451,124,-37,124,37,FALSE,FALSE
616,47,1491,1638,1465,1491,1638,1465,1491,1638,1465,147,-26,147,26,FALSE,FALSE
616,48,1496,1624,1464,1496,1624,1464,1496,1624,1464,128,-32,128,32,FALSE,FALSE
616,49,1513,1625,1462,1513,1625,1462,1513,1625,1462,112,-51,112,51,FALSE,FALSE
616,50,1491,1610,1446,1491,1610,1446,1491,1610,1446,119,-45,119,45,FALSE,FALSE
616,51,1462,1618,1415,1462,1618,1415,1462,1618,1415,156,-47,156,47,FALSE,FALSE
616,52,1443,1610,1408,1443,1610,1408,1443,1610,1408,167,-35,167,35,FALSE,FALSE
616,53,1406,1543,1387,1406,1543,1387,1406,1543,1387,137,-19,137,19,FALSE,FALSE
616,54,1380,1499,1363,1380,1499,1363,1380,1499,1363,119,-17,119,17,FALSE,FALSE
616,55,1336,1492,1342,1336,1492,1342,1336,1492,1342,156,6,156,6,FALSE,FALSE
616,56,1315,1484,1344,1315,1484,1344,1315,1484,1344,169,29,169,29,FALSE,FALSE
616,57,1291,1460,1339,1291,1460,1339,1291,1460,1339,169,48,169,48,FALSE,FALSE
616,58,1279,1450,1314,1279,1450,1314,1279,1450,1314,171,35,171,35,FALSE,FALSE
616,59,1235,1393,1272,1235,1393,1272,1235,1393,1272,158,37,158,37,FALSE,FALSE
616,60,1229,1359,1247,1229,1359,1247,1229,1359,1247,130,18,130,18,FALSE,FALSE
617,0,73,73,73,73,73,73,73,73,73,0,0,0,0,TRUE,TRUE
617,1,92,89,95,92,89,95,92,89,95,-3,3,3,3,FALSE,FALSE
617,2,113,106,116,113,106,116,113,106,116,-7,3,7,3,FALSE,FALSE
617,3,145,142,156,145,142,156,145,142,156,-3,11,3,11,FALSE,FALSE
617,4,207,183,195,207,183,195,207,183,195,-24,-12,24,12,FALSE,FALSE
617,5,263,241,262,263,241,262,263,241,262,-22,-1,22,1,FALSE,FALSE
617,6,340,307,334,340,307,334,340,307,334,-33,-6,33,6,FALSE,FALSE
617,7,411,379,443,411,379,443,411,379,443,-32,32,32,32,FALSE,FALSE
617,8,527,466,527,527,466,527,527,466,527,-61,0,61,0,FALSE,TRUE
617,9,624,601,675,624,601,675,624,601,675,-23,51,23,51,FALSE,FALSE
617,10,787,735,862,787,735,862,787,735,862,-52,75,52,75,FALSE,FALSE
617,11,979,912,1067,979,912,1067,979,912,1067,-67,88,67,88,FALSE,FALSE
617,12,1175,1127,1296,1175,1127,1296,1175,1127,1296,-48,121,48,121,FALSE,FALSE
617,13,1421,1300,1521,1421,1300,1521,1421,1300,1521,-121,100,121,100,FALSE,FALSE
617,14,1704,1543,1820,1704,1543,1820,1704,1543,1820,-161,116,161,116,FALSE,FALSE
617,15,1969,1805,2028,1969,1805,2028,1969,1805,2028,-164,59,164,59,FALSE,FALSE
617,16,2221,2052,2307,2221,2052,2307,2221,2052,2307,-169,86,169,86,FALSE,FALSE
617,17,2484,2304,2527,2484,2304,2527,2484,2304,2527,-180,43,180,43,FALSE,FALSE
617,18,2687,2544,2753,2687,2544,2753,2687,2544,2753,-143,66,143,66,FALSE,FALSE
617,19,2860,2788,2923,2860,2788,2923,2860,2788,2923,-72,63,72,63,FALSE,FALSE
617,20,2982,2940,3047,2982,2940,3047,2982,2940,3047,-42,65,42,65,FALSE,FALSE
617,21,3053,3066,3130,3053,3066,3130,3053,3066,3130,13,77,13,77,FALSE,FALSE
617,22,3096,3138,3161,3096,3138,3161,3096,3138,3161,42,65,42,65,FALSE,FALSE
617,23,3108,3133,3117,3108,3133,3117,3108,3133,3117,25,9,25,9,FALSE,FALSE
617,24,3015,3115,3036,3015,3115,3036,3015,3115,3036,100,21,100,21,FALSE,FALSE
617,25,2937,3029,2928,2937,3029,2928,2937,3029,2928,92,-9,92,9,FALSE,FALSE
617,26,2831,2916,2796,2831,2916,2796,2831,2916,2796,85,-35,85,35,FALSE,FALSE
617,27,2715,2797,2647,2715,2797,2647,2715,2797,2647,82,-68,82,68,FALSE,FALSE
617,28,2600,2659,2507,2600,2659,2507,2600,2659,2507,59,-93,59,93,FALSE,FALSE
617,29,2448,2527,2352,2448,2527,2352,2448,2527,2352,79,-96,79,96,FALSE,FALSE
617,30,2306,2373,2193,2306,2373,2193,2306,2373,2193,67,-113,67,113,FALSE,FALSE
617,31,2172,2240,2059,2172,2240,2059,2172,2240,2059,68,-113,68,113,FALSE,FALSE
617,32,2003,2119,1916,2003,2119,1916,2003,2119,1916,116,-87,116,87,FALSE,FALSE
617,33,1839,1995,1789,1839,1995,1789,1839,1995,1789,156,-50,156,50,FALSE,FALSE
617,34,1726,1856,1674,1726,1856,1674,1726,1856,1674,130,-52,130,52,FALSE,FALSE
617,35,1610,1717,1570,1610,1717,1570,1610,1717,1570,107,-40,107,40,FALSE,FALSE
617,36,1472,1594,1450,1472,1594,1450,1472,1594,1450,122,-22,122,22,FALSE,FALSE
617,37,1371,1465,1327,1371,1465,1327,1371,1465,1327,94,-44,94,44,FALSE,FALSE
617,38,1264,1374,1235,1264,1374,1235,1264,1374,1235,110,-29,110,29,FALSE,FALSE
617,39,1170,1256,1120,1170,1256,1120,1170,1256,1120,86,-50,86,50,FALSE,FALSE
617,40,1076,1149,1055,1076,1149,1055,1076,1149,1055,73,-21,73,21,FALSE,FALSE
617,41,992,1061,970,992,1061,970,992,1061,970,69,-22,69,22,FALSE,FALSE
617,42,905,974,891,905,974,891,905,974,891,69,-14,69,14,FALSE,FALSE
617,43,822,899,811,822,899,811,822,899,811,77,-11,77,11,FALSE,FALSE
617,44,750,839,750,750,839,750,750,839,750,89,0,89,0,FALSE,TRUE
617,45,702,777,673,702,777,673,702,777,673,75,-29,75,29,FALSE,FALSE
617,46,659,707,622,659,707,622,659,707,622,48,-37,48,37,FALSE,FALSE
617,47,604,652,562,604,652,562,604,652,562,48,-42,48,42,FALSE,FALSE
617,48,562,599,508,562,599,508,562,599,508,37,-54,37,54,FALSE,FALSE
617,49,519,545,469,519,545,469,519,545,469,26,-50,26,50,FALSE,FALSE
617,50,476,501,419,476,501,419,476,501,419,25,-57,25,57,FALSE,FALSE
617,51,446,452,394,446,452,394,446,452,394,6,-52,6,52,FALSE,FALSE
617,52,399,404,363,399,404,363,399,404,363,5,-36,5,36,FALSE,FALSE
617,53,371,373,332,371,373,332,371,373,332,2,-39,2,39,FALSE,FALSE
617,54,338,347,315,338,347,315,338,347,315,9,-23,9,23,FALSE,FALSE
617,55,315,312,290,315,312,290,315,312,290,-3,-25,3,25,FALSE,FALSE
617,56,291,289,260,291,289,260,291,289,260,-2,-31,2,31,FALSE,FALSE
617,57,272,265,238,272,265,238,272,265,238,-7,-34,7,34,FALSE,FALSE
617,58,254,242,224,254,242,224,254,242,224,-12,-30,12,30,FALSE,FALSE
617,59,240,217,219,240,217,219,240,217,219,-23,-21,23,21,FALSE,FALSE
617,60,216,209,201,216,209,201,216,209,201,-7,-15,7,15,FALSE,FALSE
618,0,78,78,78,78,78,78,78,78,78,0,0,0,0,TRUE,TRUE
618,1,105,108,96,105,108,96,105,108,96,3,-9,3,9,FALSE,FALSE
618,2,132,133,117,132,133,117,132,133,117,1,-15,1,15,FALSE,FALSE
618,3,163,162,151,163,162,151,163,162,151,-1,-12,1,12,FALSE,FALSE
618,4,201,231,186,201,231,186,201,231,186,30,-15,30,15,FALSE,FALSE
618,5,277,303,235,277,303,235,277,303,235,26,-42,26,42,FALSE,FALSE
618,6,364,388,315,364,388,315,364,388,315,24,-49,24,49,FALSE,FALSE
618,7,511,529,388,511,529,388,511,529,388,18,-123,18,123,FALSE,FALSE
618,8,666,667,463,666,667,463,666,667,463,1,-203,1,203,FALSE,FALSE
618,9,820,815,562,820,815,562,820,815,562,-5,-258,5,258,FALSE,FALSE
618,10,990,969,679,990,969,679,990,969,679,-21,-311,21,311,FALSE,FALSE
618,11,1123,1158,809,1123,1158,809,1123,1158,809,35,-314,35,314,FALSE,FALSE
618,12,1304,1329,951,1304,1329,951,1304,1329,951,25,-353,25,353,FALSE,FALSE
618,13,1457,1487,1078,1457,1487,1078,1457,1487,1078,30,-379,30,379,FALSE,FALSE
618,14,1526,1596,1204,1526,1596,1204,1526,1596,1204,70,-322,70,322,FALSE,FALSE
618,15,1625,1653,1316,1625,1653,1316,1625,1653,1316,28,-309,28,309,FALSE,FALSE
618,16,1657,1691,1423,1657,1691,1423,1657,1691,1423,34,-234,34,234,FALSE,FALSE
618,17,1678,1711,1515,1678,1711,1515,1678,1711,1515,33,-163,33,163,FALSE,FALSE
618,18,1669,1677,1545,1669,1677,1545,1669,1677,1545,8,-124,8,124,FALSE,FALSE
618,19,1619,1593,1540,1619,1593,1540,1619,1593,1540,-26,-79,26,79,FALSE,FALSE
618,20,1557,1506,1517,1557,1506,1517,1557,1506,1517,-51,-40,51,40,FALSE,FALSE
618,21,1470,1372,1466,1470,1372,1466,1470,1372,1466,-98,-4,98,4,FALSE,FALSE
618,22,1369,1242,1390,1369,1242,1390,1369,1242,1390,-127,21,127,21,FALSE,FALSE
618,23,1307,1134,1331,1307,1134,1331,1307,1134,1331,-173,24,173,24,FALSE,FALSE
618,24,1190,1017,1249,1190,1017,1249,1190,1017,1249,-173,59,173,59,FALSE,FALSE
618,25,1057,916,1162,1057,916,1162,1057,916,1162,-141,105,141,105,FALSE,FALSE
618,26,944,800,1040,944,800,1040,944,800,1040,-144,96,144,96,FALSE,FALSE
618,27,836,693,957,836,693,957,836,693,957,-143,121,143,121,FALSE,FALSE
618,28,741,607,871,741,607,871,741,607,871,-134,130,134,130,FALSE,FALSE
618,29,655,522,783,655,522,783,655,522,783,-133,128,133,128,FALSE,FALSE
618,30,585,461,697,585,461,697,585,461,697,-124,112,124,112,FALSE,FALSE
618,31,508,407,628,508,407,628,508,407,628,-101,120,101,120,FALSE,FALSE
618,32,441,358,574,441,358,574,441,358,574,-83,133,83,133,FALSE,FALSE
618,33,391,319,521,391,319,521,391,319,521,-72,130,72,130,FALSE,FALSE
618,34,343,283,464,343,283,464,343,283,464,-60,121,60,121,FALSE,FALSE
618,35,302,241,407,302,241,407,302,241,407,-61,105,61,105,FALSE,FALSE
618,36,266,203,348,266,203,348,266,203,348,-63,82,63,82,FALSE,FALSE
618,37,224,168,308,224,168,308,224,168,308,-56,84,56,84,FALSE,FALSE
618,38,187,142,262,187,142,262,187,142,262,-45,75,45,75,FALSE,FALSE
618,39,168,120,233,168,120,233,168,120,233,-48,65,48,65,FALSE,FALSE
618,40,138,108,197,138,108,197,138,108,197,-30,59,30,59,FALSE,FALSE
618,41,122,100,181,122,100,181,122,100,181,-22,59,22,59,FALSE,FALSE
618,42,111,91,157,111,91,157,111,91,157,-20,46,20,46,FALSE,FALSE
618,43,95,77,140,95,77,140,95,77,140,-18,45,18,45,FALSE,FALSE
618,44,84,69,125,84,69,125,84,69,125,-15,41,15,41,FALSE,FALSE
618,45,70,60,108,70,60,108,70,60,108,-10,38,10,38,FALSE,FALSE
618,46,59,51,94,59,51,94,59,51,94,-8,35,8,35,FALSE,FALSE
618,47,46,37,80,46,37,80,46,37,80,-9,34,9,34,FALSE,FALSE
618,48,39,31,66,39,31,66,39,31,66,-8,27,8,27,FALSE,FALSE
618,49,38,24,52,38,24,52,38,24,52,-14,14,14,14,FALSE,FALSE
618,50,31,20,38,31,20,38,31,20,38,-11,7,11,7,FALSE,FALSE
618,51,25,16,33,25,16,33,25,16,33,-9,8,9,8,FALSE,FALSE
618,52,24,13,28,24,13,28,24,13,28,-11,4,11,4,FALSE,FALSE
618,53,21,11,24,21,11,24,21,11,24,-10,3,10,3,FALSE,FALSE
618,54,15,10,23,15,10,23,15,10,23,-5,8,5,8,FALSE,FALSE
618,55,13,8,22,13,8,22,13,8,22,-5,9,5,9,FALSE,FALSE
618,56,12,4,21,12,4,21,12,4,21,-8,9,8,9,FALSE,FALSE
618,57,12,3,19,12,3,19,12,3,19,-9,7,9,7,FALSE,FALSE
618,58,11,1,17,11,1,17,11,1,17,-10,6,10,6,FALSE,FALSE
618,59,9,1,14,9,1,14,9,1,14,-8,5,8,5,FALSE,FALSE
618,60,6,1,11,6,1,11,6,1,11,-5,5,5,5,FALSE,FALSE
619,0,114,114,114,114,114,114,114,114,114,0,0,0,0,TRUE,TRUE
619,1,146,145,136,146,145,136,146,145,136,-1,-10,1,10,FALSE,FALSE
619,2,173,167,163,173,167,163,173,167,163,-6,-10,6,10,FALSE,FALSE
619,3,216,202,192,216,202,192,216,202,192,-14,-24,14,24,FALSE,FALSE
619,4,273,249,234,273,249,234,273,249,234,-24,-39,24,39,FALSE,FALSE
619,5,325,299,293,325,299,293,325,299,293,-26,-32,26,32,FALSE,FALSE
619,6,367,340,369,367,340,369,367,340,369,-27,2,27,2,FALSE,FALSE
619,7,457,402,456,457,402,456,457,402,456,-55,-1,55,1,FALSE,FALSE
619,8,541,460,546,541,460,546,541,460,546,-81,5,81,5,FALSE,FALSE
619,9,629,533,647,629,533,647,629,533,647,-96,18,96,18,FALSE,FALSE
619,10,706,601,742,706,601,742,706,601,742,-105,36,105,36,FALSE,FALSE
619,11,798,666,829,798,666,829,798,666,829,-132,31,132,31,FALSE,FALSE
619,12,883,775,924,883,775,924,883,775,924,-108,41,108,41,FALSE,FALSE
619,13,949,886,1032,949,886,1032,949,886,1032,-63,83,63,83,FALSE,FALSE
619,14,1043,964,1135,1043,964,1135,1043,964,1135,-79,92,79,92,FALSE,FALSE
619,15,1150,1044,1245,1150,1044,1245,1150,1044,1245,-106,95,106,95,FALSE,FALSE
619,16,1243,1157,1312,1243,1157,1312,1243,1157,1312,-86,69,86,69,FALSE,FALSE
619,17,1312,1218,1372,1312,1218,1372,1312,1218,1372,-94,60,94,60,FALSE,FALSE
619,18,1363,1289,1398,1363,1289,1398,1363,1289,1398,-74,35,74,35,FALSE,FALSE
619,19,1407,1358,1408,1407,1358,1408,1407,1358,1408,-49,1,49,1,FALSE,FALSE
619,20,1406,1341,1431,1406,1341,1431,1406,1341,1431,-65,25,65,25,FALSE,FALSE
619,21,1405,1382,1423,1405,1382,1423,1405,1382,1423,-23,18,23,18,FALSE,FALSE
619,22,1370,1374,1364,1370,1374,1364,1370,1374,1364,4,-6,4,6,FALSE,FALSE
619,23,1330,1347,1289,1330,1347,1289,1330,1347,1289,17,-41,17,41,FALSE,FALSE
619,24,1274,1283,1255,1274,1283,1255,1274,1283,1255,9,-19,9,19,FALSE,FALSE
619,25,1207,1239,1216,1207,1239,1216,1207,1239,1216,32,9,32,9,FALSE,FALSE
619,26,1119,1153,1162,1119,1153,1162,1119,1153,1162,34,43,34,43,FALSE,FALSE
619,27,1064,1074,1108,1064,1074,1108,1064,1074,1108,10,44,10,44,FALSE,FALSE
619,28,982,1027,1003,982,1027,1003,982,1027,1003,45,21,45,21,FALSE,FALSE
619,29,897,955,947,897,955,947,897,955,947,58,50,58,50,FALSE,FALSE
619,30,793,898,854,793,898,854,793,898,854,105,61,105,61,FALSE,FALSE
619,31,743,811,776,743,811,776,743,811,776,68,33,68,33,FALSE,FALSE
619,32,679,737,698,679,737,698,679,737,698,58,19,58,19,FALSE,FALSE
619,33,626,666,622,626,666,622,626,666,622,40,-4,40,4,FALSE,FALSE
619,34,592,616,548,592,616,548,592,616,548,24,-44,24,44,FALSE,FALSE
619,35,513,559,486,513,559,486,513,559,486,46,-27,46,27,FALSE,FALSE
619,36,471,500,425,471,500,425,471,500,425,29,-46,29,46,FALSE,FALSE
619,37,409,466,367,409,466,367,409,466,367,57,-42,57,42,FALSE,FALSE
619,38,372,415,339,372,415,339,372,415,339,43,-33,43,33,FALSE,FALSE
619,39,326,375,302,326,375,302,326,375,302,49,-24,49,24,FALSE,FALSE
619,40,272,344,259,272,344,259,272,344,259,72,-13,72,13,FALSE,FALSE
619,41,242,320,222,242,320,222,242,320,222,78,-20,78,20,FALSE,FALSE
619,42,206,295,201,206,295,201,206,295,201,89,-5,89,5,FALSE,FALSE
619,43,188,269,177,188,269,177,188,269,177,81,-11,81,11,FALSE,FALSE
619,44,168,254,156,168,254,156,168,254,156,86,-12,86,12,FALSE,FALSE
619,45,146,224,151,146,224,151,146,224,151,78,5,78,5,FALSE,FALSE
619,46,133,205,144,133,205,144,133,205,144,72,11,72,11,FALSE,FALSE
619,47,119,188,131,119,188,131,119,188,131,69,12,69,12,FALSE,FALSE
619,48,106,167,109,106,167,109,106,167,109,61,3,61,3,FALSE,FALSE
619,49,90,147,101,90,147,101,90,147,101,57,11,57,11,FALSE,FALSE
619,50,74,133,86,74,133,86,74,133,86,59,12,59,12,FALSE,FALSE
619,51,65,119,84,65,119,84,65,119,84,54,19,54,19,FALSE,FALSE
619,52,59,110,76,59,110,76,59,110,76,51,17,51,17,FALSE,FALSE
619,53,48,98,68,48,98,68,48,98,68,50,20,50,20,FALSE,FALSE
619,54,38,81,65,38,81,65,38,81,65,43,27,43,27,FALSE,FALSE
619,55,33,77,51,33,77,51,33,77,51,44,18,44,18,FALSE,FALSE
619,56,27,69,46,27,69,46,27,69,46,42,19,42,19,FALSE,FALSE
619,57,26,66,40,26,66,40,26,66,40,40,14,40,14,FALSE,FALSE
619,58,22,63,34,22,63,34,22,63,34,41,12,41,12,FALSE,FALSE
619,59,17,53,29,17,53,29,17,53,29,36,12,36,12,FALSE,FALSE
619,60,16,50,28,16,50,28,16,50,28,34,12,34,12,FALSE,FALSE
620,0,99,99,99,99,99,99,99,99,99,0,0,0,0,TRUE,TRUE
620,1,134,135,133,134,135,133,134,135,133,1,-1,1,1,FALSE,FALSE
620,2,192,174,180,192,174,180,192,174,180,-18,-12,18,12,FALSE,FALSE
620,3,248,232,262,248,232,262,248,232,262,-16,14,16,14,FALSE,FALSE
620,4,306,306,338,306,306,338,306,306,338,0,32,0,32,TRUE,FALSE
620,5,380,407,445,380,407,445,380,407,445,27,65,27,65,FALSE,FALSE
620,6,497,523,542,497,523,542,497,523,542,26,45,26,45,FALSE,FALSE
620,7,617,665,679,617,665,679,617,665,679,48,62,48,62,FALSE,FALSE
620,8,755,872,838,755,872,838,755,872,838,117,83,117,83,FALSE,FALSE
620,9,923,1025,972,923,1025,972,923,1025,972,102,49,102,49,FALSE,FALSE
620,10,1100,1196,1198,1100,1196,1198,1100,1196,1198,96,98,96,98,FALSE,FALSE
620,11,1246,1349,1344,1246,1349,1344,1246,1349,1344,103,98,103,98,FALSE,FALSE
620,12,1371,1490,1477,1371,1490,1477,1371,1490,1477,119,106,119,106,FALSE,FALSE
620,13,1462,1618,1649,1462,1618,1649,1462,1618,1649,156,187,156,187,FALSE,FALSE
620,14,1536,1688,1706,1536,1688,1706,1536,1688,1706,152,170,152,170,FALSE,FALSE
620,15,1600,1694,1724,1600,1694,1724,1600,1694,1724,94,124,94,124,FALSE,FALSE
620,16,1606,1684,1756,1606,1684,1756,1606,1684,1756,78,150,78,150,FALSE,FALSE
620,17,1596,1649,1706,1596,1649,1706,1596,1649,1706,53,110,53,110,FALSE,FALSE
620,18,1545,1574,1656,1545,1574,1656,1545,1574,1656,29,111,29,111,FALSE,FALSE
620,19,1456,1491,1541,1456,1491,1541,1456,1491,1541,35,85,35,85,FALSE,FALSE
620,20,1392,1360,1442,1392,1360,1442,1392,1360,1442,-32,50,32,50,FALSE,FALSE
620,21,1277,1241,1344,1277,1241,1344,1277,1241,1344,-36,67,36,67,FALSE,FALSE
620,22,1182,1114,1202,1182,1114,1202,1182,1114,1202,-68,20,68,20,FALSE,FALSE
620,23,1075,988,1057,1075,988,1057,1075,988,1057,-87,-18,87,18,FALSE,FALSE
620,24,966,889,939,966,889,939,966,889,939,-77,-27,77,27,FALSE,FALSE
620,25,880,785,851,880,785,851,880,785,851,-95,-29,95,29,FALSE,FALSE
620,26,803,702,759,803,702,759,803,702,759,-101,-44,101,44,FALSE,FALSE
620,27,728,610,678,728,610,678,728,610,678,-118,-50,118,50,FALSE,FALSE
620,28,646,544,586,646,544,586,646,544,586,-102,-60,102,60,FALSE,FALSE
620,29,558,479,520,558,479,520,558,479,520,-79,-38,79,38,FALSE,FALSE
620,30,510,398,456,510,398,456,510,398,456,-112,-54,112,54,FALSE,FALSE
620,31,432,349,400,432,349,400,432,349,400,-83,-32,83,32,FALSE,FALSE
620,32,365,299,345,365,299,345,365,299,345,-66,-20,66,20,FALSE,FALSE
620,33,325,252,308,325,252,308,325,252,308,-73,-17,73,17,FALSE,FALSE
620,34,289,223,260,289,223,260,289,223,260,-66,-29,66,29,FALSE,FALSE
620,35,250,179,224,250,179,224,250,179,224,-71,-26,71,26,FALSE,FALSE
620,36,214,147,190,214,147,190,214,147,190,-67,-24,67,24,FALSE,FALSE
620,37,173,126,162,173,126,162,173,126,162,-47,-11,47,11,FALSE,FALSE
620,38,136,108,133,136,108,133,136,108,133,-28,-3,28,3,FALSE,FALSE
620,39,122,96,116,122,96,116,122,96,116,-26,-6,26,6,FALSE,FALSE
620,40,108,80,100,108,80,100,108,80,100,-28,-8,28,8,FALSE,FALSE
620,41,98,74,93,98,74,93,98,74,93,-24,-5,24,5,FALSE,FALSE
620,42,88,63,71,88,63,71,88,63,71,-25,-17,25,17,FALSE,FALSE
620,43,78,51,61,78,51,61,78,51,61,-27,-17,27,17,FALSE,FALSE
620,44,69,43,54,69,43,54,69,43,54,-26,-15,26,15,FALSE,FALSE
620,45,59,32,46,59,32,46,59,32,46,-27,-13,27,13,FALSE,FALSE
620,46,48,27,40,48,27,40,48,27,40,-21,-8,21,8,FALSE,FALSE
620,47,42,21,27,42,21,27,42,21,27,-21,-15,21,15,FALSE,FALSE
620,48,35,14,22,35,14,22,35,14,22,-21,-13,21,13,FALSE,FALSE
620,49,31,12,20,31,12,20,31,12,20,-19,-11,19,11,FALSE,FALSE
620,50,32,13,17,32,13,17,32,13,17,-19,-15,19,15,FALSE,FALSE
620,51,31,11,14,31,11,14,31,11,14,-20,-17,20,17,FALSE,FALSE
620,52,27,11,12,27,11,12,27,11,12,-16,-15,16,15,FALSE,FALSE
620,53,28,9,12,28,9,12,28,9,12,-19,-16,19,16,FALSE,FALSE
620,54,24,6,9,24,6,9,24,6,9,-18,-15,18,15,FALSE,FALSE
620,55,21,5,7,21,5,7,21,5,7,-16,-14,16,14,FALSE,FALSE
620,56,20,4,6,20,4,6,20,4,6,-16,-14,16,14,FALSE,FALSE
620,57,18,3,5,18,3,5,18,3,5,-15,-13,15,13,FALSE,FALSE
620,58,15,3,3,15,3,3,15,3,3,-12,-12,12,12,FALSE,FALSE
620,59,9,3,3,9,3,3,9,3,3,-6,-6,6,6,FALSE,FALSE
620,60,9,2,3,9,2,3,9,2,3,-7,-6,7,6,FALSE,FALSE
621,0,85,85,85,85,85,85,85,85,85,0,0,0,0,TRUE,TRUE
621,1,135,117,119,135,117,119,135,117,119,-18,-16,18,16,FALSE,FALSE
621,2,208,159,183,208,159,183,208,159,183,-49,-25,49,25,FALSE,FALSE
621,3,277,221,280,277,221,280,277,221,280,-56,3,56,3,FALSE,FALSE
621,4,381,317,381,381,317,381,381,317,381,-64,0,64,0,FALSE,TRUE
621,5,495,430,531,495,430,531,495,430,531,-65,36,65,36,FALSE,FALSE
621,6,677,597,703,677,597,703,677,597,703,-80,26,80,26,FALSE,FALSE
621,7,941,774,924,941,774,924,941,774,924,-167,-17,167,17,FALSE,FALSE
621,8,1235,1032,1232,1235,1032,1232,1235,1032,1232,-203,-3,203,3,FALSE,FALSE
621,9,1564,1335,1549,1564,1335,1549,1564,1335,1549,-229,-15,229,15,FALSE,FALSE
621,10,1917,1650,1875,1917,1650,1875,1917,1650,1875,-267,-42,267,42,FALSE,FALSE
621,11,2239,1949,2176,2239,1949,2176,2239,1949,2176,-290,-63,290,63,FALSE,FALSE
621,12,2456,2245,2461,2456,2245,2461,2456,2245,2461,-211,5,211,5,FALSE,FALSE
621,13,2596,2429,2643,2596,2429,2643,2596,2429,2643,-167,47,167,47,FALSE,FALSE
621,14,2632,2581,2752,2632,2581,2752,2632,2581,2752,-51,120,51,120,FALSE,FALSE
621,15,2600,2630,2720,2600,2630,2720,2600,2630,2720,30,120,30,120,FALSE,FALSE
621,16,2496,2601,2610,2496,2601,2610,2496,2601,2610,105,114,105,114,FALSE,FALSE
621,17,2386,2505,2455,2386,2505,2455,2386,2505,2455,119,69,119,69,FALSE,FALSE
621,18,2223,2372,2290,2223,2372,2290,2223,2372,2290,149,67,149,67,FALSE,FALSE
621,19,2012,2233,2106,2012,2233,2106,2012,2233,2106,221,94,221,94,FALSE,FALSE
621,20,1821,2067,1907,1821,2067,1907,1821,2067,1907,246,86,246,86,FALSE,FALSE
621,21,1655,1895,1708,1655,1895,1708,1655,1895,1708,240,53,240,53,FALSE,FALSE
621,22,1498,1718,1525,1498,1718,1525,1498,1718,1525,220,27,220,27,FALSE,FALSE
621,23,1330,1573,1393,1330,1573,1393,1330,1573,1393,243,63,243,63,FALSE,FALSE
621,24,1168,1378,1236,1168,1378,1236,1168,1378,1236,210,68,210,68,FALSE,FALSE
621,25,1042,1231,1111,1042,1231,1111,1042,1231,1111,189,69,189,69,FALSE,FALSE
621,26,929,1093,977,929,1093,977,929,1093,977,164,48,164,48,FALSE,FALSE
621,27,825,952,848,825,952,848,825,952,848,127,23,127,23,FALSE,FALSE
621,28,722,841,734,722,841,734,722,841,734,119,12,119,12,FALSE,FALSE
621,29,645,737,650,645,737,650,645,737,650,92,5,92,5,FALSE,FALSE
621,30,578,673,557,578,673,557,578,673,557,95,-21,95,21,FALSE,FALSE
621,31,520,593,494,520,593,494,520,593,494,73,-26,73,26,FALSE,FALSE
621,32,453,521,436,453,521,436,453,521,436,68,-17,68,17,FALSE,FALSE
621,33,396,462,382,396,462,382,396,462,382,66,-14,66,14,FALSE,FALSE
621,34,351,403,347,351,403,347,351,403,347,52,-4,52,4,FALSE,FALSE
621,35,315,366,299,315,366,299,315,366,299,51,-16,51,16,FALSE,FALSE
621,36,277,329,263,277,329,263,277,329,263,52,-14,52,14,FALSE,FALSE
621,37,249,295,232,249,295,232,249,295,232,46,-17,46,17,FALSE,FALSE
621,38,217,256,204,217,256,204,217,256,204,39,-13,39,13,FALSE,FALSE
621,39,194,223,167,194,223,167,194,223,167,29,-27,29,27,FALSE,FALSE
621,40,162,192,145,162,192,145,162,192,145,30,-17,30,17,FALSE,FALSE
621,41,139,166,125,139,166,125,139,166,125,27,-14,27,14,FALSE,FALSE
621,42,124,155,112,124,155,112,124,155,112,31,-12,31,12,FALSE,FALSE
621,43,112,135,97,112,135,97,112,135,97,23,-15,23,15,FALSE,FALSE
621,44,100,116,76,100,116,76,100,116,76,16,-24,16,24,FALSE,FALSE
621,45,89,105,64,89,105,64,89,105,64,16,-25,16,25,FALSE,FALSE
621,46,77,97,56,77,97,56,77,97,56,20,-21,20,21,FALSE,FALSE
621,47,70,84,51,70,84,51,70,84,51,14,-19,14,19,FALSE,FALSE
621,48,65,70,40,65,70,40,65,70,40,5,-25,5,25,FALSE,FALSE
621,49,54,61,37,54,61,37,54,61,37,7,-17,7,17,FALSE,FALSE
621,50,50,53,33,50,53,33,50,53,33,3,-17,3,17,FALSE,FALSE
621,51,40,46,28,40,46,28,40,46,28,6,-12,6,12,FALSE,FALSE
621,52,35,36,27,35,36,27,35,36,27,1,-8,1,8,FALSE,FALSE
621,53,30,34,22,30,34,22,30,34,22,4,-8,4,8,FALSE,FALSE
621,54,27,26,20,27,26,20,27,26,20,-1,-7,1,7,FALSE,FALSE
621,55,24,23,17,24,23,17,24,23,17,-1,-7,1,7,FALSE,FALSE
621,56,22,21,15,22,21,15,22,21,15,-1,-7,1,7,FALSE,FALSE
621,57,17,20,10,17,20,10,17,20,10,3,-7,3,7,FALSE,FALSE
621,58,14,16,8,14,16,8,14,16,8,2,-6,2,6,FALSE,FALSE
621,59,12,15,7,12,15,7,12,15,7,3,-5,3,5,FALSE,FALSE
621,60,8,15,7,8,15,7,8,15,7,7,-1,7,1,FALSE,FALSE
622,0,121,121,121,121,121,121,121,121,121,0,0,0,0,TRUE,TRUE
622,1,150,147,165,150,147,165,150,147,165,-3,15,3,15,FALSE,FALSE
622,2,182,191,221,182,191,221,182,191,221,9,39,9,39,FALSE,FALSE
622,3,238,261,312,238,261,312,238,261,312,23,74,23,74,FALSE,FALSE
622,4,314,350,426,314,350,426,314,350,426,36,112,36,112,FALSE,FALSE
622,5,427,465,560,427,465,560,427,465,560,38,133,38,133,FALSE,FALSE
622,6,551,591,686,551,591,686,551,591,686,40,135,40,135,FALSE,FALSE
622,7,719,806,862,719,806,862,719,806,862,87,143,87,143,FALSE,FALSE
622,8,910,1011,1052,910,1011,1052,910,1011,1052,101,142,101,142,FALSE,FALSE
622,9,1143,1237,1281,1143,1237,1281,1143,1237,1281,94,138,94,138,FALSE,FALSE
622,10,1407,1471,1562,1407,1471,1562,1407,1471,1562,64,155,64,155,FALSE,FALSE
622,11,1673,1718,1803,1673,1718,1803,1673,1718,1803,45,130,45,130,FALSE,FALSE
622,12,1934,1957,2074,1934,1957,2074,1934,1957,2074,23,140,23,140,FALSE,FALSE
622,13,2150,2217,2262,2150,2217,2262,2150,2217,2262,67,112,67,112,FALSE,FALSE
622,14,2346,2360,2406,2346,2360,2406,2346,2360,2406,14,60,14,60,FALSE,FALSE
622,15,2488,2484,2477,2488,2484,2477,2488,2484,2477,-4,-11,4,11,FALSE,FALSE
622,16,2477,2602,2536,2477,2602,2536,2477,2602,2536,125,59,125,59,FALSE,FALSE
622,17,2475,2579,2505,2475,2579,2505,2475,2579,2505,104,30,104,30,FALSE,FALSE
622,18,2390,2528,2465,2390,2528,2465,2390,2528,2465,138,75,138,75,FALSE,FALSE
622,19,2310,2413,2361,2310,2413,2361,2310,2413,2361,103,51,103,51,FALSE,FALSE
622,20,2206,2292,2234,2206,2292,2234,2206,2292,2234,86,28,86,28,FALSE,FALSE
622,21,2062,2182,2088,2062,2182,2088,2062,2182,2088,120,26,120,26,FALSE,FALSE
622,22,1939,2018,1911,1939,2018,1911,1939,2018,1911,79,-28,79,28,FALSE,FALSE
622,23,1783,1831,1744,1783,1831,1744,1783,1831,1744,48,-39,48,39,FALSE,FALSE
622,24,1630,1665,1592,1630,1665,1592,1630,1665,1592,35,-38,35,38,FALSE,FALSE
622,25,1471,1482,1422,1471,1482,1422,1471,1482,1422,11,-49,11,49,FALSE,FALSE
622,26,1338,1380,1269,1338,1380,1269,1338,1380,1269,42,-69,42,69,FALSE,FALSE
622,27,1214,1229,1134,1214,1229,1134,1214,1229,1134,15,-80,15,80,FALSE,FALSE
622,28,1054,1111,1033,1054,1111,1033,1054,1111,1033,57,-21,57,21,FALSE,FALSE
622,29,959,993,918,959,993,918,959,993,918,34,-41,34,41,FALSE,FALSE
622,30,871,917,819,871,917,819,871,917,819,46,-52,46,52,FALSE,FALSE
622,31,770,818,734,770,818,734,770,818,734,48,-36,48,36,FALSE,FALSE
622,32,690,721,621,690,721,621,690,721,621,31,-69,31,69,FALSE,FALSE
622,33,581,623,550,581,623,550,581,623,550,42,-31,42,31,FALSE,FALSE
622,34,512,540,493,512,540,493,512,540,493,28,-19,28,19,FALSE,FALSE
622,35,440,483,440,440,483,440,440,483,440,43,0,43,0,FALSE,TRUE
622,36,394,426,381,394,426,381,394,426,381,32,-13,32,13,FALSE,FALSE
622,37,338,390,342,338,390,342,338,390,342,52,4,52,4,FALSE,FALSE
622,38,300,344,303,300,344,303,300,344,303,44,3,44,3,FALSE,FALSE
622,39,267,301,264,267,301,264,267,301,264,34,-3,34,3,FALSE,FALSE
622,40,228,252,245,228,252,245,228,252,245,24,17,24,17,FALSE,FALSE
622,41,209,225,222,209,225,222,209,225,222,16,13,16,13,FALSE,FALSE
622,42,188,186,199,188,186,199,188,186,199,-2,11,2,11,FALSE,FALSE
622,43,169,150,170,169,150,170,169,150,170,-19,1,19,1,FALSE,FALSE
622,44,147,129,150,147,129,150,147,129,150,-18,3,18,3,FALSE,FALSE
622,45,120,113,130,120,113,130,120,113,130,-7,10,7,10,FALSE,FALSE
622,46,102,107,123,102,107,123,102,107,123,5,21,5,21,FALSE,FALSE
622,47,92,100,110,92,100,110,92,100,110,8,18,8,18,FALSE,FALSE
622,48,81,84,95,81,84,95,81,84,95,3,14,3,14,FALSE,FALSE
622,49,75,72,82,75,72,82,75,72,82,-3,7,3,7,FALSE,FALSE
622,50,66,67,76,66,67,76,66,67,76,1,10,1,10,FALSE,FALSE
622,51,65,56,67,65,56,67,65,56,67,-9,2,9,2,FALSE,FALSE
622,52,59,52,58,59,52,58,59,52,58,-7,-1,7,1,FALSE,FALSE
622,53,49,43,50,49,43,50,49,43,50,-6,1,6,1,FALSE,FALSE
622,54,44,37,39,44,37,39,44,37,39,-7,-5,7,5,FALSE,FALSE
622,55,35,32,36,35,32,36,35,32,36,-3,1,3,1,FALSE,FALSE
622,56,27,24,32,27,24,32,27,24,32,-3,5,3,5,FALSE,FALSE
622,57,23,24,27,23,24,27,23,24,27,1,4,1,4,FALSE,FALSE
622,58,21,19,25,21,19,25,21,19,25,-2,4,2,4,FALSE,FALSE
622,59,15,19,18,15,19,18,15,19,18,4,3,4,3,FALSE,FALSE
622,60,13,16,16,13,16,16,13,16,16,3,3,3,3,FALSE,FALSE
623,0,147,147,147,147,147,147,147,147,147,0,0,0,0,TRUE,TRUE
623,1,197,206,203,197,206,203,197,206,203,9,6,9,6,FALSE,FALSE
623,2,245,264,247,245,264,247,245,264,247,19,2,19,2,FALSE,FALSE
623,3,344,347,313,344,347,313,344,347,313,3,-31,3,31,FALSE,FALSE
623,4,452,448,414,452,448,414,452,448,414,-4,-38,4,38,FALSE,FALSE
623,5,573,580,513,573,580,513,573,580,513,7,-60,7,60,FALSE,FALSE
623,6,750,733,669,750,733,669,750,733,669,-17,-81,17,81,FALSE,FALSE
623,7,952,943,850,952,943,850,952,943,850,-9,-102,9,102,FALSE,FALSE
623,8,1186,1180,1044,1186,1180,1044,1186,1180,1044,-6,-142,6,142,FALSE,FALSE
623,9,1457,1449,1282,1457,1449,1282,1457,1449,1282,-8,-175,8,175,FALSE,FALSE
623,10,1777,1723,1613,1777,1723,1613,1777,1723,1613,-54,-164,54,164,FALSE,FALSE
623,11,2089,2032,1941,2089,2032,1941,2089,2032,1941,-57,-148,57,148,FALSE,FALSE
623,12,2465,2398,2275,2465,2398,2275,2465,2398,2275,-67,-190,67,190,FALSE,FALSE
623,13,2788,2703,2625,2788,2703,2625,2788,2703,2625,-85,-163,85,163,FALSE,FALSE
623,14,3110,3002,2977,3110,3002,2977,3110,3002,2977,-108,-133,108,133,FALSE,FALSE
623,15,3416,3252,3287,3416,3252,3287,3416,3252,3287,-164,-129,164,129,FALSE,FALSE
623,16,3655,3472,3545,3655,3472,3545,3655,3472,3545,-183,-110,183,110,FALSE,FALSE
623,17,3840,3648,3747,3840,3648,3747,3840,3648,3747,-192,-93,192,93,FALSE,FALSE
623,18,3985,3774,3911,3985,3774,3911,3985,3774,3911,-211,-74,211,74,FALSE,FALSE
623,19,4024,3822,3974,4024,3822,3974,4024,3822,3974,-202,-50,202,50,FALSE,FALSE
623,20,4010,3796,4015,4010,3796,4015,4010,3796,4015,-214,5,214,5,FALSE,FALSE
623,21,3939,3721,4014,3939,3721,4014,3939,3721,4014,-218,75,218,75,FALSE,FALSE
623,22,3840,3626,3952,3840,3626,3952,3840,3626,3952,-214,112,214,112,FALSE,FALSE
623,23,3685,3506,3821,3685,3506,3821,3685,3506,3821,-179,136,179,136,FALSE,FALSE
623,24,3532,3385,3646,3532,3385,3646,3532,3385,3646,-147,114,147,114,FALSE,FALSE
623,25,3345,3250,3491,3345,3250,3491,3345,3250,3491,-95,146,95,146,FALSE,FALSE
623,26,3159,3107,3338,3159,3107,3338,3159,3107,3338,-52,179,52,179,FALSE,FALSE
623,27,2993,2934,3144,2993,2934,3144,2993,2934,3144,-59,151,59,151,FALSE,FALSE
623,28,2812,2783,2968,2812,2783,2968,2812,2783,2968,-29,156,29,156,FALSE,FALSE
623,29,2655,2626,2787,2655,2626,2787,2655,2626,2787,-29,132,29,132,FALSE,FALSE
623,30,2495,2455,2603,2495,2455,2603,2495,2455,2603,-40,108,40,108,FALSE,FALSE
623,31,2330,2299,2442,2330,2299,2442,2330,2299,2442,-31,112,31,112,FALSE,FALSE
623,32,2178,2142,2298,2178,2142,2298,2178,2142,2298,-36,120,36,120,FALSE,FALSE
623,33,2037,1988,2143,2037,1988,2143,2037,1988,2143,-49,106,49,106,FALSE,FALSE
623,34,1916,1831,1985,1916,1831,1985,1916,1831,1985,-85,69,85,69,FALSE,FALSE
623,35,1767,1692,1841,1767,1692,1841,1767,1692,1841,-75,74,75,74,FALSE,FALSE
623,36,1631,1581,1718,1631,1581,1718,1631,1581,1718,-50,87,50,87,FALSE,FALSE
623,37,1493,1458,1590,1493,1458,1590,1493,1458,1590,-35,97,35,97,FALSE,FALSE
623,38,1397,1344,1468,1397,1344,1468,1397,1344,1468,-53,71,53,71,FALSE,FALSE
623,39,1303,1246,1363,1303,1246,1363,1303,1246,1363,-57,60,57,60,FALSE,FALSE
623,40,1220,1157,1257,1220,1157,1257,1220,1157,1257,-63,37,63,37,FALSE,FALSE
623,41,1140,1065,1172,1140,1065,1172,1140,1065,1172,-75,32,75,32,FALSE,FALSE
623,42,1059,995,1077,1059,995,1077,1059,995,1077,-64,18,64,18,FALSE,FALSE
623,43,975,923,983,975,923,983,975,923,983,-52,8,52,8,FALSE,FALSE
623,44,902,848,912,902,848,912,902,848,912,-54,10,54,10,FALSE,FALSE
623,45,843,783,860,843,783,860,843,783,860,-60,17,60,17,FALSE,FALSE
623,46,787,722,792,787,722,792,787,722,792,-65,5,65,5,FALSE,FALSE
623,47,722,661,748,722,661,748,722,661,748,-61,26,61,26,FALSE,FALSE
623,48,667,609,693,667,609,693,667,609,693,-58,26,58,26,FALSE,FALSE
623,49,608,558,649,608,558,649,608,558,649,-50,41,50,41,FALSE,FALSE
623,50,556,515,601,556,515,601,556,515,601,-41,45,41,45,FALSE,FALSE
623,51,509,481,553,509,481,553,509,481,553,-28,44,28,44,FALSE,FALSE
623,52,467,443,513,467,443,513,467,443,513,-24,46,24,46,FALSE,FALSE
623,53,435,405,483,435,405,483,435,405,483,-30,48,30,48,FALSE,FALSE
623,54,400,371,441,400,371,441,400,371,441,-29,41,29,41,FALSE,FALSE
623,55,363,350,415,363,350,415,363,350,415,-13,52,13,52,FALSE,FALSE
623,56,327,318,380,327,318,380,327,318,380,-9,53,9,53,FALSE,FALSE
623,57,297,296,356,297,296,356,297,296,356,-1,59,1,59,FALSE,FALSE
623,58,275,276,327,275,276,327,275,276,327,1,52,1,52,FALSE,FALSE
623,59,247,255,291,247,255,291,247,255,291,8,44,8,44,FALSE,FALSE
623,60,221,229,268,221,229,268,221,229,268,8,47,8,47,FALSE,FALSE
624,0,100,100,100,100,100,100,100,100,100,0,0,0,0,TRUE,TRUE
624,1,147,144,161,147,144,161,147,144,161,-3,14,3,14,FALSE,FALSE
624,2,214,225,232,214,225,232,214,225,232,11,18,11,18,FALSE,FALSE
624,3,319,320,357,319,320,357,319,320,357,1,38,1,38,FALSE,FALSE
624,4,456,475,534,456,475,534,456,475,534,19,78,19,78,FALSE,FALSE
624,5,663,662,715,663,662,715,663,662,715,-1,52,1,52,FALSE,FALSE
624,6,939,899,998,939,899,998,939,899,998,-40,59,40,59,FALSE,FALSE
624,7,1218,1176,1279,1218,1176,1279,1218,1176,1279,-42,61,42,61,FALSE,FALSE
624,8,1539,1508,1603,1539,1508,1603,1539,1508,1603,-31,64,31,64,FALSE,FALSE
624,9,1874,1777,1850,1874,1777,1850,1874,1777,1850,-97,-24,97,24,FALSE,FALSE
624,10,2070,1961,2052,2070,1961,2052,2070,1961,2052,-109,-18,109,18,FALSE,FALSE
624,11,2177,2053,2181,2177,2053,2181,2177,2053,2181,-124,4,124,4,FALSE,FALSE
624,12,2140,2092,2170,2140,2092,2170,2140,2092,2170,-48,30,48,30,FALSE,FALSE
624,13,2033,2034,2066,2033,2034,2066,2033,2034,2066,1,33,1,33,FALSE,FALSE
624,14,1874,1903,1921,1874,1903,1921,1874,1903,1921,29,47,29,47,FALSE,FALSE
624,15,1700,1770,1735,1700,1770,1735,1700,1770,1735,70,35,70,35,FALSE,FALSE
624,16,1533,1591,1570,1533,1591,1570,1533,1591,1570,58,37,58,37,FALSE,FALSE
624,17,1371,1395,1367,1371,1395,1367,1371,1395,1367,24,-4,24,4,FALSE,FALSE
624,18,1142,1197,1202,1142,1197,1202,1142,1197,1202,55,60,55,60,FALSE,FALSE
624,19,1002,1077,1047,1002,1077,1047,1002,1077,1047,75,45,75,45,FALSE,FALSE
624,20,877,956,906,877,956,906,877,956,906,79,29,79,29,FALSE,FALSE
624,21,753,815,772,753,815,772,753,815,772,62,19,62,19,FALSE,FALSE
624,22,655,719,650,655,719,650,655,719,650,64,-5,64,5,FALSE,FALSE
624,23,559,614,558,559,614,558,559,614,558,55,-1,55,1,FALSE,FALSE
624,24,494,519,473,494,519,473,494,519,473,25,-21,25,21,FALSE,FALSE
624,25,429,450,399,429,450,399,429,450,399,21,-30,21,30,FALSE,FALSE
624,26,370,379,343,370,379,343,370,379,343,9,-27,9,27,FALSE,FALSE
624,27,328,332,297,328,332,297,328,332,297,4,-31,4,31,FALSE,FALSE
624,28,275,274,260,275,274,260,275,274,260,-1,-15,1,15,FALSE,FALSE
624,29,240,230,222,240,230,222,240,230,222,-10,-18,10,18,FALSE,FALSE
624,30,201,203,188,201,203,188,201,203,188,2,-13,2,13,FALSE,FALSE
624,31,166,171,164,166,171,164,166,171,164,5,-2,5,2,FALSE,FALSE
624,32,144,148,147,144,148,147,144,148,147,4,3,4,3,FALSE,FALSE
624,33,125,125,131,125,125,131,125,125,131,0,6,0,6,TRUE,FALSE
624,34,111,104,114,111,104,114,111,104,114,-7,3,7,3,FALSE,FALSE
624,35,92,94,98,92,94,98,92,94,98,2,6,2,6,FALSE,FALSE
624,36,76,86,85,76,86,85,76,86,85,10,9,10,9,FALSE,FALSE
624,37,64,71,70,64,71,70,64,71,70,7,6,7,6,FALSE,FALSE
624,38,57,58,64,57,58,64,57,58,64,1,7,1,7,FALSE,FALSE
624,39,50,52,58,50,52,58,50,52,58,2,8,2,8,FALSE,FALSE
624,40,40,50,54,40,50,54,40,50,54,10,14,10,14,FALSE,FALSE
624,41,32,42,45,32,42,45,32,42,45,10,13,10,13,FALSE,FALSE
624,42,28,35,39,28,35,39,28,35,39,7,11,7,11,FALSE,FALSE
624,43,27,32,31,27,32,31,27,32,31,5,4,5,4,FALSE,FALSE
624,44,26,27,26,26,27,26,26,27,26,1,0,1,0,FALSE,TRUE
624,45,26,23,22,26,23,22,26,23,22,-3,-4,3,4,FALSE,FALSE
624,46,24,19,18,24,19,18,24,19,18,-5,-6,5,6,FALSE,FALSE
624,47,20,16,15,20,16,15,20,16,15,-4,-5,4,5,FALSE,FALSE
624,48,17,13,13,17,13,13,17,13,13,-4,-4,4,4,FALSE,FALSE
624,49,14,11,10,14,11,10,14,11,10,-3,-4,3,4,FALSE,FALSE
624,50,11,11,10,11,11,10,11,11,10,0,-1,0,1,TRUE,FALSE
624,51,10,7,6,10,7,6,10,7,6,-3,-4,3,4,FALSE,FALSE
624,52,9,7,6,9,7,6,9,7,6,-2,-3,2,3,FALSE,FALSE
624,53,9,6,4,9,6,4,9,6,4,-3,-5,3,5,FALSE,FALSE
624,54,7,5,4,7,5,4,7,5,4,-2,-3,2,3,FALSE,FALSE
624,55,7,3,4,7,3,4,7,3,4,-4,-3,4,3,FALSE,FALSE
624,56,5,3,3,5,3,3,5,3,3,-2,-2,2,2,FALSE,FALSE
624,57,4,3,2,4,3,2,4,3,2,-1,-2,1,2,FALSE,FALSE
624,58,4,3,2,4,3,2,4,3,2,-1,-2,1,2,FALSE,FALSE
624,59,4,2,1,4,2,1,4,2,1,-2,-3,2,3,FALSE,FALSE
624,60,4,2,1,4,2,1,4,2,1,-2,-3,2,3,FALSE,FALSE
625,0,96,96,96,96,96,96,96,96,96,0,0,0,0,TRUE,TRUE
625,1,119,113,134,119,113,134,119,113,134,-6,15,6,15,FALSE,FALSE
625,2,155,138,182,155,138,182,155,138,182,-17,27,17,27,FALSE,FALSE
625,3,221,174,248,221,174,248,221,174,248,-47,27,47,27,FALSE,FALSE
625,4,272,211,347,272,211,347,272,211,347,-61,75,61,75,FALSE,FALSE
625,5,358,282,455,358,282,455,358,282,455,-76,97,76,97,FALSE,FALSE
625,6,459,363,628,459,363,628,459,363,628,-96,169,96,169,FALSE,FALSE
625,7,624,446,805,624,446,805,624,446,805,-178,181,178,181,FALSE,FALSE
625,8,770,538,997,770,538,997,770,538,997,-232,227,232,227,FALSE,FALSE
625,9,979,672,1244,979,672,1244,979,672,1244,-307,265,307,265,FALSE,FALSE
625,10,1200,846,1503,1200,846,1503,1200,846,1503,-354,303,354,303,FALSE,FALSE
625,11,1423,1034,1764,1423,1034,1764,1423,1034,1764,-389,341,389,341,FALSE,FALSE
625,12,1660,1229,2051,1660,1229,2051,1660,1229,2051,-431,391,431,391,FALSE,FALSE
625,13,1887,1502,2266,1887,1502,2266,1887,1502,2266,-385,379,385,379,FALSE,FALSE
625,14,2119,1671,2475,2119,1671,2475,2119,1671,2475,-448,356,448,356,FALSE,FALSE
625,15,2303,1888,2591,2303,1888,2591,2303,1888,2591,-415,288,415,288,FALSE,FALSE
625,16,2500,2093,2644,2500,2093,2644,2500,2093,2644,-407,144,407,144,FALSE,FALSE
625,17,2549,2295,2638,2549,2295,2638,2549,2295,2638,-254,89,254,89,FALSE,FALSE
625,18,2593,2449,2608,2593,2449,2608,2593,2449,2608,-144,15,144,15,FALSE,FALSE
625,19,2537,2521,2496,2537,2521,2496,2537,2521,2496,-16,-41,16,41,FALSE,FALSE
625,20,2417,2522,2315,2417,2522,2315,2417,2522,2315,105,-102,105,102,FALSE,FALSE
625,21,2339,2494,2149,2339,2494,2149,2339,2494,2149,155,-190,155,190,FALSE,FALSE
625,22,2213,2405,2010,2213,2405,2010,2213,2405,2010,192,-203,192,203,FALSE,FALSE
625,23,2042,2266,1814,2042,2266,1814,2042,2266,1814,224,-228,224,228,FALSE,FALSE
625,24,1888,2169,1632,1888,2169,1632,1888,2169,1632,281,-256,281,256,FALSE,FALSE
625,25,1730,2035,1463,1730,2035,1463,1730,2035,1463,305,-267,305,267,FALSE,FALSE
625,26,1552,1889,1310,1552,1889,1310,1552,1889,1310,337,-242,337,242,FALSE,FALSE
625,27,1366,1729,1183,1366,1729,1183,1366,1729,1183,363,-183,363,183,FALSE,FALSE
625,28,1215,1542,1040,1215,1542,1040,1215,1542,1040,327,-175,327,175,FALSE,FALSE
625,29,1083,1384,917,1083,1384,917,1083,1384,917,301,-166,301,166,FALSE,FALSE
625,30,936,1256,805,936,1256,805,936,1256,805,320,-131,320,131,FALSE,FALSE
625,31,815,1128,714,815,1128,714,815,1128,714,313,-101,313,101,FALSE,FALSE
625,32,714,1009,628,714,1009,628,714,1009,628,295,-86,295,86,FALSE,FALSE
625,33,628,894,562,628,894,562,628,894,562,266,-66,266,66,FALSE,FALSE
625,34,546,800,484,546,800,484,546,800,484,254,-62,254,62,FALSE,FALSE
625,35,479,711,413,479,711,413,479,711,413,232,-66,232,66,FALSE,FALSE
625,36,413,629,362,413,629,362,413,629,362,216,-51,216,51,FALSE,FALSE
625,37,356,555,300,356,555,300,356,555,300,199,-56,199,56,FALSE,FALSE
625,38,311,472,265,311,472,265,311,472,265,161,-46,161,46,FALSE,FALSE
625,39,282,426,221,282,426,221,282,426,221,144,-61,144,61,FALSE,FALSE
625,40,254,354,201,254,354,201,254,354,201,100,-53,100,53,FALSE,FALSE
625,41,216,312,170,216,312,170,216,312,170,96,-46,96,46,FALSE,FALSE
625,42,182,277,141,182,277,141,182,277,141,95,-41,95,41,FALSE,FALSE
625,43,175,237,122,175,237,122,175,237,122,62,-53,62,53,FALSE,FALSE
625,44,155,209,108,155,209,108,155,209,108,54,-47,54,47,FALSE,FALSE
625,45,138,191,90,138,191,90,138,191,90,53,-48,53,48,FALSE,FALSE
625,46,121,170,79,121,170,79,121,170,79,49,-42,49,42,FALSE,FALSE
625,47,109,158,63,109,158,63,109,158,63,49,-46,49,46,FALSE,FALSE
625,48,92,132,47,92,132,47,92,132,47,40,-45,40,45,FALSE,FALSE
625,49,84,115,39,84,115,39,84,115,39,31,-45,31,45,FALSE,FALSE
625,50,72,98,33,72,98,33,72,98,33,26,-39,26,39,FALSE,FALSE
625,51,59,88,27,59,88,27,59,88,27,29,-32,29,32,FALSE,FALSE
625,52,50,81,21,50,81,21,50,81,21,31,-29,31,29,FALSE,FALSE
625,53,38,64,20,38,64,20,38,64,20,26,-18,26,18,FALSE,FALSE
625,54,36,51,17,36,51,17,36,51,17,15,-19,15,19,FALSE,FALSE
625,55,31,48,16,31,48,16,31,48,16,17,-15,17,15,FALSE,FALSE
625,56,27,42,15,27,42,15,27,42,15,15,-12,15,12,FALSE,FALSE
625,57,23,32,15,23,32,15,23,32,15,9,-8,9,8,FALSE,FALSE
625,58,23,28,15,23,28,15,23,28,15,5,-8,5,8,FALSE,FALSE
625,59,16,24,12,16,24,12,16,24,12,8,-4,8,4,FALSE,FALSE
625,60,13,19,12,13,19,12,13,19,12,6,-1,6,1,FALSE,FALSE
626,0,102,102,102,102,102,102,102,102,102,0,0,0,0,TRUE,TRUE
626,1,151,146,156,151,146,156,151,146,156,-5,5,5,5,FALSE,FALSE
626,2,213,204,233,213,204,233,213,204,233,-9,20,9,20,FALSE,FALSE
626,3,321,306,344,321,306,344,321,306,344,-15,23,15,23,FALSE,FALSE
626,4,494,440,500,494,440,500,494,440,500,-54,6,54,6,FALSE,FALSE
626,5,674,610,677,674,610,677,674,610,677,-64,3,64,3,FALSE,FALSE
626,6,901,843,942,901,843,942,901,843,942,-58,41,58,41,FALSE,FALSE
626,7,1170,1080,1193,1170,1080,1193,1170,1080,1193,-90,23,90,23,FALSE,FALSE
626,8,1481,1384,1474,1481,1384,1474,1481,1384,1474,-97,-7,97,7,FALSE,FALSE
626,9,1690,1659,1702,1690,1659,1702,1690,1659,1702,-31,12,31,12,FALSE,FALSE
626,10,1861,1806,1847,1861,1806,1847,1861,1806,1847,-55,-14,55,14,FALSE,FALSE
626,11,1938,1889,1924,1938,1889,1924,1938,1889,1924,-49,-14,49,14,FALSE,FALSE
626,12,1921,1940,1908,1921,1940,1908,1921,1940,1908,19,-13,19,13,FALSE,FALSE
626,13,1835,1868,1817,1835,1868,1817,1835,1868,1817,33,-18,33,18,FALSE,FALSE
626,14,1654,1757,1674,1654,1757,1674,1654,1757,1674,103,20,103,20,FALSE,FALSE
626,15,1490,1600,1511,1490,1600,1511,1490,1600,1511,110,21,110,21,FALSE,FALSE
626,16,1319,1469,1338,1319,1469,1338,1319,1469,1338,150,19,150,19,FALSE,FALSE
626,17,1151,1277,1154,1151,1277,1154,1151,1277,1154,126,3,126,3,FALSE,FALSE
626,18,985,1077,990,985,1077,990,985,1077,990,92,5,92,5,FALSE,FALSE
626,19,838,915,835,838,915,835,838,915,835,77,-3,77,3,FALSE,FALSE
626,20,731,764,693,731,764,693,731,764,693,33,-38,33,38,FALSE,FALSE
626,21,596,635,586,596,635,586,596,635,586,39,-10,39,10,FALSE,FALSE
626,22,500,536,477,500,536,477,500,536,477,36,-23,36,23,FALSE,FALSE
626,23,440,439,402,440,439,402,440,439,402,-1,-38,1,38,FALSE,FALSE
626,24,362,373,323,362,373,323,362,373,323,11,-39,11,39,FALSE,FALSE
626,25,317,288,276,317,288,276,317,288,276,-29,-41,29,41,FALSE,FALSE
626,26,259,238,226,259,238,226,259,238,226,-21,-33,21,33,FALSE,FALSE
626,27,217,193,182,217,193,182,217,193,182,-24,-35,24,35,FALSE,FALSE
626,28,184,162,152,184,162,152,184,162,152,-22,-32,22,32,FALSE,FALSE
626,29,144,133,128,144,133,128,144,133,128,-11,-16,11,16,FALSE,FALSE
626,30,117,116,106,117,116,106,117,116,106,-1,-11,1,11,FALSE,FALSE
626,31,101,94,80,101,94,80,101,94,80,-7,-21,7,21,FALSE,FALSE
626,32,89,76,62,89,76,62,89,76,62,-13,-27,13,27,FALSE,FALSE
626,33,64,57,51,64,57,51,64,57,51,-7,-13,7,13,FALSE,FALSE
626,34,58,45,42,58,45,42,58,45,42,-13,-16,13,16,FALSE,FALSE
626,35,44,38,34,44,38,34,44,38,34,-6,-10,6,10,FALSE,FALSE
626,36,37,32,29,37,32,29,37,32,29,-5,-8,5,8,FALSE,FALSE
626,37,31,28,23,31,28,23,31,28,23,-3,-8,3,8,FALSE,FALSE
626,38,28,24,19,28,24,19,28,24,19,-4,-9,4,9,FALSE,FALSE
626,39,25,21,15,25,21,15,25,21,15,-4,-10,4,10,FALSE,FALSE
626,40,20,18,12,20,18,12,20,18,12,-2,-8,2,8,FALSE,FALSE
626,41,18,15,11,18,15,11,18,15,11,-3,-7,3,7,FALSE,FALSE
626,42,16,14,11,16,14,11,16,14,11,-2,-5,2,5,FALSE,FALSE
626,43,15,10,9,15,10,9,15,10,9,-5,-6,5,6,FALSE,FALSE
626,44,13,9,6,13,9,6,13,9,6,-4,-7,4,7,FALSE,FALSE
626,45,11,7,5,11,7,5,11,7,5,-4,-6,4,6,FALSE,FALSE
626,46,11,6,5,11,6,5,11,6,5,-5,-6,5,6,FALSE,FALSE
626,47,9,5,3,9,5,3,9,5,3,-4,-6,4,6,FALSE,FALSE
626,48,7,4,2,7,4,2,7,4,2,-3,-5,3,5,FALSE,FALSE
626,49,5,3,2,5,3,2,5,3,2,-2,-3,2,3,FALSE,FALSE
626,50,3,3,2,3,3,2,3,3,2,0,-1,0,1,TRUE,FALSE
626,51,2,3,1,2,3,1,2,3,1,1,-1,1,1,FALSE,FALSE
626,52,1,2,0,1,2,0,1,2,0,1,-1,1,1,FALSE,FALSE
626,53,0,1,0,0,1,0,0,1,0,1,0,1,0,FALSE,TRUE
626,54,0,0,0,0,0,0,0,0,0,0,0,0,0,TRUE,TRUE
626,55,0,0,0,0,0,0,0,0,0,0,0,0,0,TRUE,TRUE
626,56,0,0,0,0,0,0,0,0,0,0,0,0,0,TRUE,TRUE
626,57,0,0,0,0,0,0,0,0,0,0,0,0,0,TRUE,TRUE
626,58,0,0,0,0,0,0,0,0,0,0,0,0,0,TRUE,TRUE
626,59,0,0,0,0,0,0,0,0,0,0,0,0,0,TRUE,TRUE
626,60,0,0,0,0,0,0,0,0,0,0,0,0,0,TRUE,TRUE
627,0,93,93,93,93,93,93,93,93,93,0,0,0,0,TRUE,TRUE
627,1,97,107,98,97,107,98,97,107,98,10,1,10,1,FALSE,FALSE
627,2,101,118,108,101,118,108,101,118,108,17,7,17,7,FALSE,FALSE
627,3,116,138,110,116,138,110,116,138,110,22,-6,22,6,FALSE,FALSE
627,4,131,144,118,131,144,118,131,144,118,13,-13,13,13,FALSE,FALSE
627,5,138,156,129,138,156,129,138,156,129,18,-9,18,9,FALSE,FALSE
627,6,152,172,138,152,172,138,152,172,138,20,-14,20,14,FALSE,FALSE
627,7,173,184,149,173,184,149,173,184,149,11,-24,11,24,FALSE,FALSE
627,8,188,205,156,188,205,156,188,205,156,17,-32,17,32,FALSE,FALSE
627,9,200,220,166,200,220,166,200,220,166,20,-34,20,34,FALSE,FALSE
627,10,222,234,177,222,234,177,222,234,177,12,-45,12,45,FALSE,FALSE
627,11,247,266,190,247,266,190,247,266,190,19,-57,19,57,FALSE,FALSE
627,12,268,290,197,268,290,197,268,290,197,22,-71,22,71,FALSE,FALSE
627,13,280,317,212,280,317,212,280,317,212,37,-68,37,68,FALSE,FALSE
627,14,306,345,229,306,345,229,306,345,229,39,-77,39,77,FALSE,FALSE
627,15,335,369,240,335,369,240,335,369,240,34,-95,34,95,FALSE,FALSE
627,16,363,393,250,363,393,250,363,393,250,30,-113,30,113,FALSE,FALSE
627,17,396,413,272,396,413,272,396,413,272,17,-124,17,124,FALSE,FALSE
627,18,437,440,282,437,440,282,437,440,282,3,-155,3,155,FALSE,FALSE
627,19,473,473,305,473,473,305,473,473,305,0,-168,0,168,TRUE,FALSE
627,20,514,488,346,514,488,346,514,488,346,-26,-168,26,168,FALSE,FALSE
627,21,538,518,360,538,518,360,538,518,360,-20,-178,20,178,FALSE,FALSE
627,22,565,542,392,565,542,392,565,542,392,-23,-173,23,173,FALSE,FALSE
627,23,589,565,409,589,565,409,589,565,409,-24,-180,24,180,FALSE,FALSE
627,24,630,595,434,630,595,434,630,595,434,-35,-196,35,196,FALSE,FALSE
627,25,670,629,479,670,629,479,670,629,479,-41,-191,41,191,FALSE,FALSE
627,26,703,665,515,703,665,515,703,665,515,-38,-188,38,188,FALSE,FALSE
627,27,743,709,557,743,709,557,743,709,557,-34,-186,34,186,FALSE,FALSE
627,28,780,750,584,780,750,584,780,750,584,-30,-196,30,196,FALSE,FALSE
627,29,807,780,624,807,780,624,807,780,624,-27,-183,27,183,FALSE,FALSE
627,30,848,817,653,848,817,653,848,817,653,-31,-195,31,195,FALSE,FALSE
627,31,878,836,693,878,836,693,878,836,693,-42,-185,42,185,FALSE,FALSE
627,32,915,878,733,915,878,733,915,878,733,-37,-182,37,182,FALSE,FALSE
627,33,919,914,774,919,914,774,919,914,774,-5,-145,5,145,FALSE,FALSE
627,34,955,933,815,955,933,815,955,933,815,-22,-140,22,140,FALSE,FALSE
627,35,977,997,818,977,997,818,977,997,818,20,-159,20,159,FALSE,FALSE
627,36,1013,1036,836,1013,1036,836,1013,1036,836,23,-177,23,177,FALSE,FALSE
627,37,1043,1066,858,1043,1066,858,1043,1066,858,23,-185,23,185,FALSE,FALSE
627,38,1075,1097,869,1075,1097,869,1075,1097,869,22,-206,22,206,FALSE,FALSE
627,39,1135,1127,927,1135,1127,927,1135,1127,927,-8,-208,8,208,FALSE,FALSE
627,40,1147,1114,939,1147,1114,939,1147,1114,939,-33,-208,33,208,FALSE,FALSE
627,41,1165,1103,950,1165,1103,950,1165,1103,950,-62,-215,62,215,FALSE,FALSE
627,42,1192,1131,969,1192,1131,969,1192,1131,969,-61,-223,61,223,FALSE,FALSE
627,43,1194,1153,984,1194,1153,984,1194,1153,984,-41,-210,41,210,FALSE,FALSE
627,44,1218,1178,986,1218,1178,986,1218,1178,986,-40,-232,40,232,FALSE,FALSE
627,45,1201,1179,983,1201,1179,983,1201,1179,983,-22,-218,22,218,FALSE,FALSE
627,46,1194,1185,974,1194,1185,974,1194,1185,974,-9,-220,9,220,FALSE,FALSE
627,47,1208,1183,992,1208,1183,992,1208,1183,992,-25,-216,25,216,FALSE,FALSE
627,48,1186,1166,994,1186,1166,994,1186,1166,994,-20,-192,20,192,FALSE,FALSE
627,49,1166,1163,989,1166,1163,989,1166,1163,989,-3,-177,3,177,FALSE,FALSE
627,50,1156,1158,990,1156,1158,990,1156,1158,990,2,-166,2,166,FALSE,FALSE
627,51,1135,1155,1005,1135,1155,1005,1135,1155,1005,20,-130,20,130,FALSE,FALSE
627,52,1128,1141,1020,1128,1141,1020,1128,1141,1020,13,-108,13,108,FALSE,FALSE
627,53,1105,1112,1010,1105,1112,1010,1105,1112,1010,7,-95,7,95,FALSE,FALSE
627,54,1086,1108,1017,1086,1108,1017,1086,1108,1017,22,-69,22,69,FALSE,FALSE
627,55,1059,1078,998,1059,1078,998,1059,1078,998,19,-61,19,61,FALSE,FALSE
627,56,1009,1071,991,1009,1071,991,1009,1071,991,62,-18,62,18,FALSE,FALSE
627,57,973,1049,975,973,1049,975,973,1049,975,76,2,76,2,FALSE,FALSE
627,58,934,1021,949,934,1021,949,934,1021,949,87,15,87,15,FALSE,FALSE
627,59,894,992,939,894,992,939,894,992,939,98,45,98,45,FALSE,FALSE
627,60,863,947,908,863,947,908,863,947,908,84,45,84,45,FALSE,FALSE
628,0,195,195,195,195,195,195,195,195,195,0,0,0,0,TRUE,TRUE
628,1,322,337,319,322,337,319,322,337,319,15,-3,15,3,FALSE,FALSE
628,2,559,565,530,559,565,530,559,565,530,6,-29,6,29,FALSE,FALSE
628,3,962,864,929,962,864,929,962,864,929,-98,-33,98,33,FALSE,FALSE
628,4,1562,1348,1490,1562,1348,1490,1562,1348,1490,-214,-72,214,72,FALSE,FALSE
628,5,2328,2008,2277,2328,2008,2277,2328,2008,2277,-320,-51,320,51,FALSE,FALSE
628,6,3133,2785,3039,3133,2785,3039,3133,2785,3039,-348,-94,348,94,FALSE,FALSE
628,7,3858,3427,3665,3858,3427,3665,3858,3427,3665,-431,-193,431,193,FALSE,FALSE
628,8,4238,3906,4144,4238,3906,4144,4238,3906,4144,-332,-94,332,94,FALSE,FALSE
628,9,4188,3945,4210,4188,3945,4210,4188,3945,4210,-243,22,243,22,FALSE,FALSE
628,10,3902,3743,3927,3902,3743,3927,3902,3743,3927,-159,25,159,25,FALSE,FALSE
628,11,3441,3328,3418,3441,3328,3418,3441,3328,3418,-113,-23,113,23,FALSE,FALSE
628,12,3012,2952,2950,3012,2952,2950,3012,2952,2950,-60,-62,60,62,FALSE,FALSE
628,13,2512,2520,2507,2512,2520,2507,2512,2520,2507,8,-5,8,5,FALSE,FALSE
628,14,2078,2138,2067,2078,2138,2067,2078,2138,2067,60,-11,60,11,FALSE,FALSE
628,15,1672,1799,1704,1672,1799,1704,1672,1799,1704,127,32,127,32,FALSE,FALSE
628,16,1345,1488,1375,1345,1488,1375,1345,1488,1375,143,30,143,30,FALSE,FALSE
628,17,1068,1236,1091,1068,1236,1091,1068,1236,1091,168,23,168,23,FALSE,FALSE
628,18,859,1020,877,859,1020,877,859,1020,877,161,18,161,18,FALSE,FALSE
628,19,675,818,698,675,818,698,675,818,698,143,23,143,23,FALSE,FALSE
628,20,539,669,553,539,669,553,539,669,553,130,14,130,14,FALSE,FALSE
628,21,415,559,454,415,559,454,415,559,454,144,39,144,39,FALSE,FALSE
628,22,329,442,357,329,442,357,329,442,357,113,28,113,28,FALSE,FALSE
628,23,277,362,291,277,362,291,277,362,291,85,14,85,14,FALSE,FALSE
628,24,229,290,231,229,290,231,229,290,231,61,2,61,2,FALSE,FALSE
628,25,184,233,194,184,233,194,184,233,194,49,10,49,10,FALSE,FALSE
628,26,151,187,154,151,187,154,151,187,154,36,3,36,3,FALSE,FALSE
628,27,128,142,122,128,142,122,128,142,122,14,-6,14,6,FALSE,FALSE
628,28,104,115,95,104,115,95,104,115,95,11,-9,11,9,FALSE,FALSE
628,29,83,84,81,83,84,81,83,84,81,1,-2,1,2,FALSE,FALSE
628,30,72,62,58,72,62,58,72,62,58,-10,-14,10,14,FALSE,FALSE
628,31,58,48,49,58,48,49,58,48,49,-10,-9,10,9,FALSE,FALSE
628,32,44,34,37,44,34,37,44,34,37,-10,-7,10,7,FALSE,FALSE
628,33,35,24,30,35,24,30,35,24,30,-11,-5,11,5,FALSE,FALSE
628,34,27,20,18,27,20,18,27,20,18,-7,-9,7,9,FALSE,FALSE
628,35,19,15,13,19,15,13,19,15,13,-4,-6,4,6,FALSE,FALSE
628,36,14,13,11,14,13,11,14,13,11,-1,-3,1,3,FALSE,FALSE
628,37,11,9,10,11,9,10,11,9,10,-2,-1,2,1,FALSE,FALSE
628,38,5,7,8,5,7,8,5,7,8,2,3,2,3,FALSE,FALSE
628,39,3,6,6,3,6,6,3,6,6,3,3,3,3,FALSE,FALSE
628,40,2,4,4,2,4,4,2,4,4,2,2,2,2,FALSE,FALSE
628,41,1,4,2,1,4,2,1,4,2,3,1,3,1,FALSE,FALSE
628,42,1,3,1,1,3,1,1,3,1,2,0,2,0,FALSE,TRUE
628,43,0,2,1,0,2,1,0,2,1,2,1,2,1,FALSE,FALSE
628,44,0,2,1,0,2,1,0,2,1,2,1,2,1,FALSE,FALSE
628,45,0,1,1,0,1,1,0,1,1,1,1,1,1,FALSE,FALSE
628,46,0,0,1,0,0,1,0,0,1,0,1,0,1,TRUE,FALSE
628,47,0,0,1,0,0,1,0,0,1,0,1,0,1,TRUE,FALSE
628,48,0,0,1,0,0,1,0,0,1,0,1,0,1,TRUE,FALSE
628,49,0,0,1,0,0,1,0,0,1,0,1,0,1,TRUE,FALSE
628,50,0,0,1,0,0,1,0,0,1,0,1,0,1,TRUE,FALSE
628,51,0,0,1,0,0,1,0,0,1,0,1,0,1,TRUE,FALSE
628,52,0,0,1,0,0,1,0,0,1,0,1,0,1,TRUE,FALSE
628,53,0,0,1,0,0,1,0,0,1,0,1,0,1,TRUE,FALSE
628,54,0,0,1,0,0,1,0,0,1,0,1,0,1,TRUE,FALSE
628,55,0,0,0,0,0,0,0,0,0,0,0,0,0,TRUE,TRUE
628,56,0,0,0,0,0,0,0,0,0,0,0,0,0,TRUE,TRUE
628,57,0,0,0,0,0,0,0,0,0,0,0,0,0,TRUE,TRUE
628,58,0,0,0,0,0,0,0,0,0,0,0,0,0,TRUE,TRUE
628,59,0,0,0,0,0,0,0,0,0,0,0,0,0,TRUE,TRUE
628,60,0,0,0,0,0,0,0,0,0,0,0,0,0,TRUE,TRUE
629,0,132,132,132,132,132,132,132,132,132,0,0,0,0,TRUE,TRUE
629,1,171,163,160,171,163,160,171,163,160,-8,-11,8,11,FALSE,FALSE
629,2,209,184,204,209,184,204,209,184,204,-25,-5,25,5,FALSE,FALSE
629,3,254,217,262,254,217,262,254,217,262,-37,8,37,8,FALSE,FALSE
629,4,301,256,296,301,256,296,301,256,296,-45,-5,45,5,FALSE,FALSE
629,5,371,326,359,371,326,359,371,326,359,-45,-12,45,12,FALSE,FALSE
629,6,446,404,458,446,404,458,446,404,458,-42,12,42,12,FALSE,FALSE
629,7,543,484,554,543,484,554,543,484,554,-59,11,59,11,FALSE,FALSE
629,8,654,557,645,654,557,645,654,557,645,-97,-9,97,9,FALSE,FALSE
629,9,760,662,797,760,662,797,760,662,797,-98,37,98,37,FALSE,FALSE
629,10,921,780,915,921,780,915,921,780,915,-141,-6,141,6,FALSE,FALSE
629,11,1073,922,1066,1073,922,1066,1073,922,1066,-151,-7,151,7,FALSE,FALSE
629,12,1235,1069,1237,1235,1069,1237,1235,1069,1237,-166,2,166,2,FALSE,FALSE
629,13,1406,1230,1421,1406,1230,1421,1406,1230,1421,-176,15,176,15,FALSE,FALSE
629,14,1581,1394,1615,1581,1394,1615,1581,1394,1615,-187,34,187,34,FALSE,FALSE
629,15,1763,1551,1774,1763,1551,1774,1763,1551,1774,-212,11,212,11,FALSE,FALSE
629,16,1913,1720,1882,1913,1720,1882,1913,1720,1882,-193,-31,193,31,FALSE,FALSE
629,17,2050,1832,2064,2050,1832,2064,2050,1832,2064,-218,14,218,14,FALSE,FALSE
629,18,2177,2019,2187,2177,2019,2187,2177,2019,2187,-158,10,158,10,FALSE,FALSE
629,19,2311,2152,2292,2311,2152,2292,2311,2152,2292,-159,-19,159,19,FALSE,FALSE
629,20,2398,2262,2363,2398,2262,2363,2398,2262,2363,-136,-35,136,35,FALSE,FALSE
629,21,2428,2348,2403,2428,2348,2403,2428,2348,2403,-80,-25,80,25,FALSE,FALSE
629,22,2470,2378,2456,2470,2378,2456,2470,2378,2456,-92,-14,92,14,FALSE,FALSE
629,23,2479,2378,2506,2479,2378,2506,2479,2378,2506,-101,27,101,27,FALSE,FALSE
629,24,2465,2380,2484,2465,2380,2484,2465,2380,2484,-85,19,85,19,FALSE,FALSE
629,25,2484,2387,2445,2484,2387,2445,2484,2387,2445,-97,-39,97,39,FALSE,FALSE
629,26,2409,2344,2372,2409,2344,2372,2409,2344,2372,-65,-37,65,37,FALSE,FALSE
629,27,2319,2304,2292,2319,2304,2292,2319,2304,2292,-15,-27,15,27,FALSE,FALSE
629,28,2232,2248,2215,2232,2248,2215,2232,2248,2215,16,-17,16,17,FALSE,FALSE
629,29,2147,2132,2097,2147,2132,2097,2147,2132,2097,-15,-50,15,50,FALSE,FALSE
629,30,2065,2035,2015,2065,2035,2015,2065,2035,2015,-30,-50,30,50,FALSE,FALSE
629,31,1982,1906,1907,1982,1906,1907,1982,1906,1907,-76,-75,76,75,FALSE,FALSE
629,32,1851,1811,1822,1851,1811,1822,1851,1811,1822,-40,-29,40,29,FALSE,FALSE
629,33,1761,1713,1715,1761,1713,1715,1761,1713,1715,-48,-46,48,46,FALSE,FALSE
629,34,1669,1603,1608,1669,1603,1608,1669,1603,1608,-66,-61,66,61,FALSE,FALSE
629,35,1578,1487,1518,1578,1487,1518,1578,1487,1518,-91,-60,91,60,FALSE,FALSE
629,36,1461,1383,1407,1461,1383,1407,1461,1383,1407,-78,-54,78,54,FALSE,FALSE
629,37,1347,1303,1325,1347,1303,1325,1347,1303,1325,-44,-22,44,22,FALSE,FALSE
629,38,1235,1224,1221,1235,1224,1221,1235,1224,1221,-11,-14,11,14,FALSE,FALSE
629,39,1153,1137,1143,1153,1137,1143,1153,1137,1143,-16,-10,16,10,FALSE,FALSE
629,40,1061,1046,1055,1061,1046,1055,1061,1046,1055,-15,-6,15,6,FALSE,FALSE
629,41,990,981,973,990,981,973,990,981,973,-9,-17,9,17,FALSE,FALSE
629,42,893,915,912,893,915,912,893,915,912,22,19,22,19,FALSE,FALSE
629,43,823,832,843,823,832,843,823,832,843,9,20,9,20,FALSE,FALSE
629,44,758,775,779,758,775,779,758,775,779,17,21,17,21,FALSE,FALSE
629,45,696,724,726,696,724,726,696,724,726,28,30,28,30,FALSE,FALSE
629,46,637,656,673,637,656,673,637,656,673,19,36,19,36,FALSE,FALSE
629,47,592,600,615,592,600,615,592,600,615,8,23,8,23,FALSE,FALSE
629,48,549,558,566,549,558,566,549,558,566,9,17,9,17,FALSE,FALSE
629,49,508,515,511,508,515,511,508,515,511,7,3,7,3,FALSE,FALSE
629,50,467,469,458,467,469,458,467,469,458,2,-9,2,9,FALSE,FALSE
629,51,431,423,425,431,423,425,431,423,425,-8,-6,8,6,FALSE,FALSE
629,52,402,394,391,402,394,391,402,394,391,-8,-11,8,11,FALSE,FALSE
629,53,365,366,363,365,366,363,365,366,363,1,-2,1,2,FALSE,FALSE
629,54,343,331,326,343,331,326,343,331,326,-12,-17,12,17,FALSE,FALSE
629,55,314,314,315,314,314,315,314,314,315,0,1,0,1,TRUE,FALSE
629,56,295,292,304,295,292,304,295,292,304,-3,9,3,9,FALSE,FALSE
629,57,267,267,273,267,267,273,267,267,273,0,6,0,6,TRUE,FALSE
629,58,239,254,256,239,254,256,239,254,256,15,17,15,17,FALSE,FALSE
629,59,222,238,235,222,238,235,222,238,235,16,13,16,13,FALSE,FALSE
629,60,197,223,217,197,223,217,197,223,217,26,20,26,20,FALSE,FALSE
630,0,77,77,77,77,77,77,77,77,77,0,0,0,0,TRUE,TRUE
630,1,93,90,90,93,90,90,93,90,90,-3,-3,3,3,FALSE,FALSE
630,2,104,99,103,104,99,103,104,99,103,-5,-1,5,1,FALSE,FALSE
630,3,127,107,126,127,107,126,127,107,126,-20,-1,20,1,FALSE,FALSE
630,4,134,121,142,134,121,142,134,121,142,-13,8,13,8,FALSE,FALSE
630,5,155,143,165,155,143,165,155,143,165,-12,10,12,10,FALSE,FALSE
630,6,195,182,200,195,182,200,195,182,200,-13,5,13,5,FALSE,FALSE
630,7,237,226,221,237,226,221,237,226,221,-11,-16,11,16,FALSE,FALSE
630,8,296,308,253,296,308,253,296,308,253,12,-43,12,43,FALSE,FALSE
630,9,352,368,299,352,368,299,352,368,299,16,-53,16,53,FALSE,FALSE
630,10,419,431,365,419,431,365,419,431,365,12,-54,12,54,FALSE,FALSE
630,11,499,500,424,499,500,424,499,500,424,1,-75,1,75,FALSE,FALSE
630,12,582,546,490,582,546,490,582,546,490,-36,-92,36,92,FALSE,FALSE
630,13,660,617,564,660,617,564,660,617,564,-43,-96,43,96,FALSE,FALSE
630,14,785,692,614,785,692,614,785,692,614,-93,-171,93,171,FALSE,FALSE
630,15,846,756,664,846,756,664,846,756,664,-90,-182,90,182,FALSE,FALSE
630,16,917,825,735,917,825,735,917,825,735,-92,-182,92,182,FALSE,FALSE
630,17,971,878,823,971,878,823,971,878,823,-93,-148,93,148,FALSE,FALSE
630,18,1008,961,886,1008,961,886,1008,961,886,-47,-122,47,122,FALSE,FALSE
630,19,1037,1047,949,1037,1047,949,1037,1047,949,10,-88,10,88,FALSE,FALSE
630,20,1067,1053,1018,1067,1053,1018,1067,1053,1018,-14,-49,14,49,FALSE,FALSE
630,21,1089,1105,1055,1089,1105,1055,1089,1105,1055,16,-34,16,34,FALSE,FALSE
630,22,1092,1124,1079,1092,1124,1079,1092,1124,1079,32,-13,32,13,FALSE,FALSE
630,23,1108,1135,1092,1108,1135,1092,1108,1135,1092,27,-16,27,16,FALSE,FALSE
630,24,1102,1139,1107,1102,1139,1107,1102,1139,1107,37,5,37,5,FALSE,FALSE
630,25,1118,1099,1083,1118,1099,1083,1118,1099,1083,-19,-35,19,35,FALSE,FALSE
630,26,1098,1075,1064,1098,1075,1064,1098,1075,1064,-23,-34,23,34,FALSE,FALSE
630,27,1062,1011,1012,1062,1011,1012,1062,1011,1012,-51,-50,51,50,FALSE,FALSE
630,28,1015,1005,1002,1015,1005,1002,1015,1005,1002,-10,-13,10,13,FALSE,FALSE
630,29,945,933,968,945,933,968,945,933,968,-12,23,12,23,FALSE,FALSE
630,30,880,864,948,880,864,948,880,864,948,-16,68,16,68,FALSE,FALSE
630,31,804,790,897,804,790,897,804,790,897,-14,93,14,93,FALSE,FALSE
630,32,733,722,850,733,722,850,733,722,850,-11,117,11,117,FALSE,FALSE
630,33,674,677,796,674,677,796,674,677,796,3,122,3,122,FALSE,FALSE
630,34,603,637,757,603,637,757,603,637,757,34,154,34,154,FALSE,FALSE
630,35,549,582,711,549,582,711,549,582,711,33,162,33,162,FALSE,FALSE
630,36,524,520,642,524,520,642,524,520,642,-4,118,4,118,FALSE,FALSE
630,37,476,474,608,476,474,608,476,474,608,-2,132,2,132,FALSE,FALSE
630,38,437,441,571,437,441,571,437,441,571,4,134,4,134,FALSE,FALSE
630,39,373,395,517,373,395,517,373,395,517,22,144,22,144,FALSE,FALSE
630,40,319,370,459,319,370,459,319,370,459,51,140,51,140,FALSE,FALSE
630,41,280,346,405,280,346,405,280,346,405,66,125,66,125,FALSE,FALSE
630,42,256,322,375,256,322,375,256,322,375,66,119,66,119,FALSE,FALSE
630,43,232,297,349,232,297,349,232,297,349,65,117,65,117,FALSE,FALSE
630,44,216,275,324,216,275,324,216,275,324,59,108,59,108,FALSE,FALSE
630,45,199,241,281,199,241,281,199,241,281,42,82,42,82,FALSE,FALSE
630,46,177,216,247,177,216,247,177,216,247,39,70,39,70,FALSE,FALSE
630,47,161,201,213,161,201,213,161,201,213,40,52,40,52,FALSE,FALSE
630,48,144,182,190,144,182,190,144,182,190,38,46,38,46,FALSE,FALSE
630,49,132,168,169,132,168,169,132,168,169,36,37,36,37,FALSE,FALSE
630,50,116,156,160,116,156,160,116,156,160,40,44,40,44,FALSE,FALSE
630,51,112,141,149,112,141,149,112,141,149,29,37,29,37,FALSE,FALSE
630,52,92,129,134,92,129,134,92,129,134,37,42,37,42,FALSE,FALSE
630,53,70,111,118,70,111,118,70,111,118,41,48,41,48,FALSE,FALSE
630,54,65,100,102,65,100,102,65,100,102,35,37,35,37,FALSE,FALSE
630,55,57,88,93,57,88,93,57,88,93,31,36,31,36,FALSE,FALSE
630,56,45,77,80,45,77,80,45,77,80,32,35,32,35,FALSE,FALSE
630,57,40,71,70,40,71,70,40,71,70,31,30,31,30,FALSE,FALSE
630,58,40,61,63,40,61,63,40,61,63,21,23,21,23,FALSE,FALSE
630,59,32,59,55,32,59,55,32,59,55,27,23,27,23,FALSE,FALSE
630,60,29,49,42,29,49,42,29,49,42,20,13,20,13,FALSE,FALSE
631,0,40,40,40,40,40,40,40,40,40,0,0,0,0,TRUE,TRUE
631,1,51,50,49,51,50,49,51,50,49,-1,-2,1,2,FALSE,FALSE
631,2,58,63,63,58,63,63,58,63,63,5,5,5,5,FALSE,FALSE
631,3,73,93,82,73,93,82,73,93,82,20,9,20,9,FALSE,FALSE
631,4,90,110,98,90,110,98,90,110,98,20,8,20,8,FALSE,FALSE
631,5,117,145,107,117,145,107,117,145,107,28,-10,28,10,FALSE,FALSE
631,6,154,173,139,154,173,139,154,173,139,19,-15,19,15,FALSE,FALSE
631,7,188,218,178,188,218,178,188,218,178,30,-10,30,10,FALSE,FALSE
631,8,225,267,214,225,267,214,225,267,214,42,-11,42,11,FALSE,FALSE
631,9,289,335,270,289,335,270,289,335,270,46,-19,46,19,FALSE,FALSE
631,10,369,382,343,369,382,343,369,382,343,13,-26,13,26,FALSE,FALSE
631,11,449,464,437,449,464,437,449,464,437,15,-12,15,12,FALSE,FALSE
631,12,547,557,527,547,557,527,547,557,527,10,-20,10,20,FALSE,FALSE
631,13,662,693,634,662,693,634,662,693,634,31,-28,31,28,FALSE,FALSE
631,14,800,811,778,800,811,778,800,811,778,11,-22,11,22,FALSE,FALSE
631,15,940,938,943,940,938,943,940,938,943,-2,3,2,3,FALSE,FALSE
631,16,1113,1090,1145,1113,1090,1145,1113,1090,1145,-23,32,23,32,FALSE,FALSE
631,17,1295,1249,1368,1295,1249,1368,1295,1249,1368,-46,73,46,73,FALSE,FALSE
631,18,1465,1386,1544,1465,1386,1544,1465,1386,1544,-79,79,79,79,FALSE,FALSE
631,19,1679,1561,1764,1679,1561,1764,1679,1561,1764,-118,85,118,85,FALSE,FALSE
631,20,1843,1682,1903,1843,1682,1903,1843,1682,1903,-161,60,161,60,FALSE,FALSE
631,21,1972,1824,2017,1972,1824,2017,1972,1824,2017,-148,45,148,45,FALSE,FALSE
631,22,2082,1968,2156,2082,1968,2156,2082,1968,2156,-114,74,114,74,FALSE,FALSE
631,23,2151,2047,2251,2151,2047,2251,2151,2047,2251,-104,100,104,100,FALSE,FALSE
631,24,2230,2120,2354,2230,2120,2354,2230,2120,2354,-110,124,110,124,FALSE,FALSE
631,25,2258,2184,2352,2258,2184,2352,2258,2184,2352,-74,94,74,94,FALSE,FALSE
631,26,2270,2220,2331,2270,2220,2331,2270,2220,2331,-50,61,50,61,FALSE,FALSE
631,27,2257,2224,2312,2257,2224,2312,2257,2224,2312,-33,55,33,55,FALSE,FALSE
631,28,2215,2175,2254,2215,2175,2254,2215,2175,2254,-40,39,40,39,FALSE,FALSE
631,29,2177,2129,2173,2177,2129,2173,2177,2129,2173,-48,-4,48,4,FALSE,FALSE
631,30,2112,2073,2112,2112,2073,2112,2112,2073,2112,-39,0,39,0,FALSE,TRUE
631,31,2023,2007,2036,2023,2007,2036,2023,2007,2036,-16,13,16,13,FALSE,FALSE
631,32,1917,1913,1912,1917,1913,1912,1917,1913,1912,-4,-5,4,5,FALSE,FALSE
631,33,1828,1847,1814,1828,1847,1814,1828,1847,1814,19,-14,19,14,FALSE,FALSE
631,34,1740,1752,1720,1740,1752,1720,1740,1752,1720,12,-20,12,20,FALSE,FALSE
631,35,1641,1656,1623,1641,1656,1623,1641,1656,1623,15,-18,15,18,FALSE,FALSE
631,36,1557,1567,1518,1557,1567,1518,1557,1567,1518,10,-39,10,39,FALSE,FALSE
631,37,1470,1484,1419,1470,1484,1419,1470,1484,1419,14,-51,14,51,FALSE,FALSE
631,38,1388,1410,1339,1388,1410,1339,1388,1410,1339,22,-49,22,49,FALSE,FALSE
631,39,1305,1328,1260,1305,1328,1260,1305,1328,1260,23,-45,23,45,FALSE,FALSE
631,40,1247,1233,1164,1247,1233,1164,1247,1233,1164,-14,-83,14,83,FALSE,FALSE
631,41,1154,1157,1093,1154,1157,1093,1154,1157,1093,3,-61,3,61,FALSE,FALSE
631,42,1085,1079,1010,1085,1079,1010,1085,1079,1010,-6,-75,6,75,FALSE,FALSE
631,43,1012,1016,953,1012,1016,953,1012,1016,953,4,-59,4,59,FALSE,FALSE
631,44,944,963,892,944,963,892,944,963,892,19,-52,19,52,FALSE,FALSE
631,45,885,886,831,885,886,831,885,886,831,1,-54,1,54,FALSE,FALSE
631,46,823,831,772,823,831,772,823,831,772,8,-51,8,51,FALSE,FALSE
631,47,782,771,722,782,771,722,782,771,722,-11,-60,11,60,FALSE,FALSE
631,48,733,713,674,733,713,674,733,713,674,-20,-59,20,59,FALSE,FALSE
631,49,681,656,620,681,656,620,681,656,620,-25,-61,25,61,FALSE,FALSE
631,50,642,600,583,642,600,583,642,600,583,-42,-59,42,59,FALSE,FALSE
631,51,591,564,549,591,564,549,591,564,549,-27,-42,27,42,FALSE,FALSE
631,52,543,534,514,543,534,514,543,534,514,-9,-29,9,29,FALSE,FALSE
631,53,511,512,474,511,512,474,511,512,474,1,-37,1,37,FALSE,FALSE
631,54,476,470,447,476,470,447,476,470,447,-6,-29,6,29,FALSE,FALSE
631,55,444,432,419,444,432,419,444,432,419,-12,-25,12,25,FALSE,FALSE
631,56,423,404,385,423,404,385,423,404,385,-19,-38,19,38,FALSE,FALSE
631,57,398,377,360,398,377,360,398,377,360,-21,-38,21,38,FALSE,FALSE
631,58,368,357,335,368,357,335,368,357,335,-11,-33,11,33,FALSE,FALSE
631,59,340,328,314,340,328,314,340,328,314,-12,-26,12,26,FALSE,FALSE
631,60,307,311,294,307,311,294,307,311,294,4,-13,4,13,FALSE,FALSE
632,0,108,108,108,108,108,108,108,108,108,0,0,0,0,TRUE,TRUE
632,1,170,169,171,170,169,171,170,169,171,-1,1,1,1,FALSE,FALSE
632,2,260,259,279,260,259,279,260,259,279,-1,19,1,19,FALSE,FALSE
632,3,408,380,439,408,380,439,408,380,439,-28,31,28,31,FALSE,FALSE
632,4,634,596,672,634,596,672,634,596,672,-38,38,38,38,FALSE,FALSE
632,5,952,904,1004,952,904,1004,952,904,1004,-48,52,48,52,FALSE,FALSE
632,6,1382,1312,1428,1382,1312,1428,1382,1312,1428,-70,46,70,46,FALSE,FALSE
632,7,1983,1868,1992,1983,1868,1992,1983,1868,1992,-115,9,115,9,FALSE,FALSE
632,8,2627,2428,2572,2627,2428,2572,2627,2428,2572,-199,-55,199,55,FALSE,FALSE
632,9,3236,3052,3196,3236,3052,3196,3236,3052,3196,-184,-40,184,40,FALSE,FALSE
632,10,3750,3499,3656,3750,3499,3656,3750,3499,3656,-251,-94,251,94,FALSE,FALSE
632,11,3918,3680,3846,3918,3680,3846,3918,3680,3846,-238,-72,238,72,FALSE,FALSE
632,12,3910,3705,3846,3910,3705,3846,3910,3705,3846,-205,-64,205,64,FALSE,FALSE
632,13,3738,3601,3694,3738,3601,3694,3738,3601,3694,-137,-44,137,44,FALSE,FALSE
632,14,3417,3406,3434,3417,3406,3434,3417,3406,3434,-11,17,11,17,FALSE,FALSE
632,15,3064,3086,3073,3064,3086,3073,3064,3086,3073,22,9,22,9,FALSE,FALSE
632,16,2690,2720,2690,2690,2720,2690,2690,2720,2690,30,0,30,0,FALSE,TRUE
632,17,2346,2360,2364,2346,2360,2364,2346,2360,2364,14,18,14,18,FALSE,FALSE
632,18,2009,2037,2016,2009,2037,2016,2009,2037,2016,28,7,28,7,FALSE,FALSE
632,19,1701,1759,1728,1701,1759,1728,1701,1759,1728,58,27,58,27,FALSE,FALSE
632,20,1455,1499,1468,1455,1499,1468,1455,1499,1468,44,13,44,13,FALSE,FALSE
632,21,1231,1265,1244,1231,1265,1244,1231,1265,1244,34,13,34,13,FALSE,FALSE
632,22,1044,1071,1059,1044,1071,1059,1044,1071,1059,27,15,27,15,FALSE,FALSE
632,23,876,905,900,876,905,900,876,905,900,29,24,29,24,FALSE,FALSE
632,24,758,750,774,758,750,774,758,750,774,-8,16,8,16,FALSE,FALSE
632,25,621,654,655,621,654,655,621,654,655,33,34,33,34,FALSE,FALSE
632,26,533,551,543,533,551,543,533,551,543,18,10,18,10,FALSE,FALSE
632,27,449,464,464,449,464,464,449,464,464,15,15,15,15,FALSE,FALSE
632,28,372,390,393,372,390,393,372,390,393,18,21,18,21,FALSE,FALSE
632,29,320,329,330,320,329,330,320,329,330,9,10,9,10,FALSE,FALSE
632,30,269,263,279,269,263,279,269,263,279,-6,10,6,10,FALSE,FALSE
632,31,224,213,236,224,213,236,224,213,236,-11,12,11,12,FALSE,FALSE
632,32,179,179,202,179,179,202,179,179,202,0,23,0,23,TRUE,FALSE
632,33,149,153,172,149,153,172,149,153,172,4,23,4,23,FALSE,FALSE
632,34,126,134,150,126,134,150,126,134,150,8,24,8,24,FALSE,FALSE
632,35,112,103,116,112,103,116,112,103,116,-9,4,9,4,FALSE,FALSE
632,36,92,88,99,92,88,99,92,88,99,-4,7,4,7,FALSE,FALSE
632,37,76,64,81,76,64,81,76,64,81,-12,5,12,5,FALSE,FALSE
632,38,63,57,64,63,57,64,63,57,64,-6,1,6,1,FALSE,FALSE
632,39,51,48,50,51,48,50,51,48,50,-3,-1,3,1,FALSE,FALSE
632,40,45,42,44,45,42,44,45,42,44,-3,-1,3,1,FALSE,FALSE
632,41,37,33,38,37,33,38,37,33,38,-4,1,4,1,FALSE,FALSE
632,42,29,25,30,29,25,30,29,25,30,-4,1,4,1,FALSE,FALSE
632,43,24,22,25,24,22,25,24,22,25,-2,1,2,1,FALSE,FALSE
632,44,17,21,18,17,21,18,17,21,18,4,1,4,1,FALSE,FALSE
632,45,14,16,16,14,16,16,14,16,16,2,2,2,2,FALSE,FALSE
632,46,12,11,14,12,11,14,12,11,14,-1,2,1,2,FALSE,FALSE
632,47,12,8,13,12,8,13,12,8,13,-4,1,4,1,FALSE,FALSE
632,48,10,7,11,10,7,11,10,7,11,-3,1,3,1,FALSE,FALSE
632,49,9,3,8,9,3,8,9,3,8,-6,-1,6,1,FALSE,FALSE
632,50,6,2,7,6,2,7,6,2,7,-4,1,4,1,FALSE,FALSE
632,51,5,2,6,5,2,6,5,2,6,-3,1,3,1,FALSE,FALSE
632,52,4,2,6,4,2,6,4,2,6,-2,2,2,2,FALSE,FALSE
632,53,2,2,5,2,2,5,2,2,5,0,3,0,3,TRUE,FALSE
632,54,2,2,3,2,2,3,2,2,3,0,1,0,1,TRUE,FALSE
632,55,2,2,3,2,2,3,2,2,3,0,1,0,1,TRUE,FALSE
632,56,2,2,2,2,2,2,2,2,2,0,0,0,0,TRUE,TRUE
632,57,1,1,2,1,1,2,1,1,2,0,1,0,1,TRUE,FALSE
632,58,1,0,2,1,0,2,1,0,2,-1,1,1,1,FALSE,FALSE
632,59,1,0,2,1,0,2,1,0,2,-1,1,1,1,FALSE,FALSE
632,60,1,0,1,1,0,1,1,0,1,-1,0,1,0,FALSE,TRUE
633,0,187,187,187,187,187,187,187,187,187,0,0,0,0,TRUE,TRUE
633,1,210,219,205,210,219,205,210,219,205,9,-5,9,5,FALSE,FALSE
633,2,258,254,211,258,254,211,258,254,211,-4,-47,4,47,FALSE,FALSE
633,3,300,302,235,300,302,235,300,302,235,2,-65,2,65,FALSE,FALSE
633,4,345,354,274,345,354,274,345,354,274,9,-71,9,71,FALSE,FALSE
633,5,401,374,311,401,374,311,401,374,311,-27,-90,27,90,FALSE,FALSE
633,6,437,427,353,437,427,353,437,427,353,-10,-84,10,84,FALSE,FALSE
633,7,495,477,396,495,477,396,495,477,396,-18,-99,18,99,FALSE,FALSE
633,8,566,539,453,566,539,453,566,539,453,-27,-113,27,113,FALSE,FALSE
633,9,627,600,517,627,600,517,627,600,517,-27,-110,27,110,FALSE,FALSE
633,10,709,661,555,709,661,555,709,661,555,-48,-154,48,154,FALSE,FALSE
633,11,789,752,600,789,752,600,789,752,600,-37,-189,37,189,FALSE,FALSE
633,12,845,810,689,845,810,689,845,810,689,-35,-156,35,156,FALSE,FALSE
633,13,935,857,755,935,857,755,935,857,755,-78,-180,78,180,FALSE,FALSE
633,14,1021,947,822,1021,947,822,1021,947,822,-74,-199,74,199,FALSE,FALSE
633,15,1055,1020,933,1055,1020,933,1055,1020,933,-35,-122,35,122,FALSE,FALSE
633,16,1128,1080,1030,1128,1080,1030,1128,1080,1030,-48,-98,48,98,FALSE,FALSE
633,17,1200,1133,1104,1200,1133,1104,1200,1133,1104,-67,-96,67,96,FALSE,FALSE
633,18,1232,1209,1172,1232,1209,1172,1232,1209,1172,-23,-60,23,60,FALSE,FALSE
633,19,1303,1261,1225,1303,1261,1225,1303,1261,1225,-42,-78,42,78,FALSE,FALSE
633,20,1375,1279,1281,1375,1279,1281,1375,1279,1281,-96,-94,96,94,FALSE,FALSE
633,21,1403,1291,1342,1403,1291,1342,1403,1291,1342,-112,-61,112,61,FALSE,FALSE
633,22,1423,1297,1393,1423,1297,1393,1423,1297,1393,-126,-30,126,30,FALSE,FALSE
633,23,1452,1352,1455,1452,1352,1455,1452,1352,1455,-100,3,100,3,FALSE,FALSE
633,24,1457,1375,1516,1457,1375,1516,1457,1375,1516,-82,59,82,59,FALSE,FALSE
633,25,1458,1402,1515,1458,1402,1515,1458,1402,1515,-56,57,56,57,FALSE,FALSE
633,26,1476,1386,1535,1476,1386,1535,1476,1386,1535,-90,59,90,59,FALSE,FALSE
633,27,1455,1366,1537,1455,1366,1537,1455,1366,1537,-89,82,89,82,FALSE,FALSE
633,28,1460,1348,1491,1460,1348,1491,1460,1348,1491,-112,31,112,31,FALSE,FALSE
633,29,1438,1349,1473,1438,1349,1473,1438,1349,1473,-89,35,89,35,FALSE,FALSE
633,30,1399,1317,1435,1399,1317,1435,1399,1317,1435,-82,36,82,36,FALSE,FALSE
633,31,1422,1291,1403,1422,1291,1403,1422,1291,1403,-131,-19,131,19,FALSE,FALSE
633,32,1397,1280,1369,1397,1280,1369,1397,1280,1369,-117,-28,117,28,FALSE,FALSE
633,33,1332,1232,1321,1332,1232,1321,1332,1232,1321,-100,-11,100,11,FALSE,FALSE
633,34,1286,1210,1302,1286,1210,1302,1286,1210,1302,-76,16,76,16,FALSE,FALSE
633,35,1212,1147,1233,1212,1147,1233,1212,1147,1233,-65,21,65,21,FALSE,FALSE
633,36,1170,1130,1186,1170,1130,1186,1170,1130,1186,-40,16,40,16,FALSE,FALSE
633,37,1101,1088,1133,1101,1088,1133,1101,1088,1133,-13,32,13,32,FALSE,FALSE
633,38,1019,1022,1059,1019,1022,1059,1019,1022,1059,3,40,3,40,FALSE,FALSE
633,39,935,992,1007,935,992,1007,935,992,1007,57,72,57,72,FALSE,FALSE
633,40,881,962,936,881,962,936,881,962,936,81,55,81,55,FALSE,FALSE
633,41,838,919,858,838,919,858,838,919,858,81,20,81,20,FALSE,FALSE
633,42,774,862,837,774,862,837,774,862,837,88,63,88,63,FALSE,FALSE
633,43,734,820,803,734,820,803,734,820,803,86,69,86,69,FALSE,FALSE
633,44,683,782,750,683,782,750,683,782,750,99,67,99,67,FALSE,FALSE
633,45,637,738,718,637,738,718,637,738,718,101,81,101,81,FALSE,FALSE
633,46,611,701,656,611,701,656,611,701,656,90,45,90,45,FALSE,FALSE
633,47,576,660,609,576,660,609,576,660,609,84,33,84,33,FALSE,FALSE
633,48,539,607,565,539,607,565,539,607,565,68,26,68,26,FALSE,FALSE
633,49,490,576,509,490,576,509,490,576,509,86,19,86,19,FALSE,FALSE
633,50,444,530,478,444,530,478,444,530,478,86,34,86,34,FALSE,FALSE
633,51,409,487,459,409,487,459,409,487,459,78,50,78,50,FALSE,FALSE
633,52,384,441,423,384,441,423,384,441,423,57,39,57,39,FALSE,FALSE
633,53,344,410,392,344,410,392,344,410,392,66,48,66,48,FALSE,FALSE
633,54,324,377,345,324,377,345,324,377,345,53,21,53,21,FALSE,FALSE
633,55,297,351,334,297,351,334,297,351,334,54,37,54,37,FALSE,FALSE
633,56,275,321,313,275,321,313,275,321,313,46,38,46,38,FALSE,FALSE
633,57,257,302,294,257,302,294,257,302,294,45,37,45,37,FALSE,FALSE
633,58,234,274,276,234,274,276,234,274,276,40,42,40,42,FALSE,FALSE
633,59,213,260,259,213,260,259,213,260,259,47,46,47,46,FALSE,FALSE
633,60,191,244,232,191,244,232,191,244,232,53,41,53,41,FALSE,FALSE
634,0,54,54,54,54,54,54,54,54,54,0,0,0,0,TRUE,TRUE
634,1,80,70,73,80,70,73,80,70,73,-10,-7,10,7,FALSE,FALSE
634,2,108,88,87,108,88,87,108,88,87,-20,-21,20,21,FALSE,FALSE
634,3,141,114,129,141,114,129,141,114,129,-27,-12,27,12,FALSE,FALSE
634,4,188,152,168,188,152,168,188,152,168,-36,-20,36,20,FALSE,FALSE
634,5,249,194,217,249,194,217,249,194,217,-55,-32,55,32,FALSE,FALSE
634,6,312,270,321,312,270,321,312,270,321,-42,9,42,9,FALSE,FALSE
634,7,414,345,408,414,345,408,414,345,408,-69,-6,69,6,FALSE,FALSE
634,8,541,476,499,541,476,499,541,476,499,-65,-42,65,42,FALSE,FALSE
634,9,709,633,633,709,633,633,709,633,633,-76,-76,76,76,FALSE,FALSE
634,10,896,776,805,896,776,805,896,776,805,-120,-91,120,91,FALSE,FALSE
634,11,1133,991,996,1133,991,996,1133,991,996,-142,-137,142,137,FALSE,FALSE
634,12,1387,1223,1234,1387,1223,1234,1387,1223,1234,-164,-153,164,153,FALSE,FALSE
634,13,1650,1481,1479,1650,1481,1479,1650,1481,1479,-169,-171,169,171,FALSE,FALSE
634,14,1909,1747,1727,1909,1747,1727,1909,1747,1727,-162,-182,162,182,FALSE,FALSE
634,15,2173,1997,2023,2173,1997,2023,2173,1997,2023,-176,-150,176,150,FALSE,FALSE
634,16,2364,2236,2252,2364,2236,2252,2364,2236,2252,-128,-112,128,112,FALSE,FALSE
634,17,2486,2401,2425,2486,2401,2425,2486,2401,2425,-85,-61,85,61,FALSE,FALSE
634,18,2589,2513,2583,2589,2513,2583,2589,2513,2583,-76,-6,76,6,FALSE,FALSE
634,19,2603,2587,2669,2603,2587,2669,2603,2587,2669,-16,66,16,66,FALSE,FALSE
634,20,2545,2550,2632,2545,2550,2632,2545,2550,2632,5,87,5,87,FALSE,FALSE
634,21,2457,2503,2605,2457,2503,2605,2457,2503,2605,46,148,46,148,FALSE,FALSE
634,22,2332,2426,2509,2332,2426,2509,2332,2426,2509,94,177,94,177,FALSE,FALSE
634,23,2248,2301,2377,2248,2301,2377,2248,2301,2377,53,129,53,129,FALSE,FALSE
634,24,2132,2190,2240,2132,2190,2240,2132,2190,2240,58,108,58,108,FALSE,FALSE
634,25,1990,2037,2122,1990,2037,2122,1990,2037,2122,47,132,47,132,FALSE,FALSE
634,26,1851,1868,2006,1851,1868,2006,1851,1868,2006,17,155,17,155,FALSE,FALSE
634,27,1730,1728,1832,1730,1728,1832,1730,1728,1832,-2,102,2,102,FALSE,FALSE
634,28,1594,1577,1673,1594,1577,1673,1594,1577,1673,-17,79,17,79,FALSE,FALSE
634,29,1449,1460,1502,1449,1460,1502,1449,1460,1502,11,53,11,53,FALSE,FALSE
634,30,1317,1324,1368,1317,1324,1368,1317,1324,1368,7,51,7,51,FALSE,FALSE
634,31,1210,1208,1245,1210,1208,1245,1210,1208,1245,-2,35,2,35,FALSE,FALSE
634,32,1124,1085,1143,1124,1085,1143,1124,1085,1143,-39,19,39,19,FALSE,FALSE
634,33,1021,972,1037,1021,972,1037,1021,972,1037,-49,16,49,16,FALSE,FALSE
634,34,941,893,940,941,893,940,941,893,940,-48,-1,48,1,FALSE,FALSE
634,35,855,811,873,855,811,873,855,811,873,-44,18,44,18,FALSE,FALSE
634,36,774,737,788,774,737,788,774,737,788,-37,14,37,14,FALSE,FALSE
634,37,692,663,716,692,663,716,692,663,716,-29,24,29,24,FALSE,FALSE
634,38,618,591,648,618,591,648,618,591,648,-27,30,27,30,FALSE,FALSE
634,39,562,548,586,562,548,586,562,548,586,-14,24,14,24,FALSE,FALSE
634,40,519,482,524,519,482,524,519,482,524,-37,5,37,5,FALSE,FALSE
634,41,475,441,477,475,441,477,475,441,477,-34,2,34,2,FALSE,FALSE
634,42,441,393,443,441,393,443,441,393,443,-48,2,48,2,FALSE,FALSE
634,43,407,351,396,407,351,396,407,351,396,-56,-11,56,11,FALSE,FALSE
634,44,374,310,365,374,310,365,374,310,365,-64,-9,64,9,FALSE,FALSE
634,45,338,283,325,338,283,325,338,283,325,-55,-13,55,13,FALSE,FALSE
634,46,315,250,296,315,250,296,315,250,296,-65,-19,65,19,FALSE,FALSE
634,47,278,227,258,278,227,258,278,227,258,-51,-20,51,20,FALSE,FALSE
634,48,252,195,241,252,195,241,252,195,241,-57,-11,57,11,FALSE,FALSE
634,49,227,171,215,227,171,215,227,171,215,-56,-12,56,12,FALSE,FALSE
634,50,206,148,188,206,148,188,206,148,188,-58,-18,58,18,FALSE,FALSE
634,51,188,133,176,188,133,176,188,133,176,-55,-12,55,12,FALSE,FALSE
634,52,173,124,154,173,124,154,173,124,154,-49,-19,49,19,FALSE,FALSE
634,53,150,108,136,150,108,136,150,108,136,-42,-14,42,14,FALSE,FALSE
634,54,138,97,122,138,97,122,138,97,122,-41,-16,41,16,FALSE,FALSE
634,55,125,89,106,125,89,106,125,89,106,-36,-19,36,19,FALSE,FALSE
634,56,115,79,97,115,79,97,115,79,97,-36,-18,36,18,FALSE,FALSE
634,57,108,77,90,108,77,90,108,77,90,-31,-18,31,18,FALSE,FALSE
634,58,102,69,78,102,69,78,102,69,78,-33,-24,33,24,FALSE,FALSE
634,59,93,66,69,93,66,69,93,66,69,-27,-24,27,24,FALSE,FALSE
634,60,86,67,63,86,67,63,86,67,63,-19,-23,19,23,FALSE,FALSE
635,0,138,138,138,138,138,138,138,138,138,0,0,0,0,TRUE,TRUE
635,1,176,166,150,176,166,150,176,166,150,-10,-26,10,26,FALSE,FALSE
635,2,209,195,174,209,195,174,209,195,174,-14,-35,14,35,FALSE,FALSE
635,3,260,233,224,260,233,224,260,233,224,-27,-36,27,36,FALSE,FALSE
635,4,306,282,287,306,282,287,306,282,287,-24,-19,24,19,FALSE,FALSE
635,5,366,323,325,366,323,325,366,323,325,-43,-41,43,41,FALSE,FALSE
635,6,443,352,379,443,352,379,443,352,379,-91,-64,91,64,FALSE,FALSE
635,7,512,398,427,512,398,427,512,398,427,-114,-85,114,85,FALSE,FALSE
635,8,578,441,495,578,441,495,578,441,495,-137,-83,137,83,FALSE,FALSE
635,9,658,523,555,658,523,555,658,523,555,-135,-103,135,103,FALSE,FALSE
635,10,764,599,618,764,599,618,764,599,618,-165,-146,165,146,FALSE,FALSE
635,11,863,665,736,863,665,736,863,665,736,-198,-127,198,127,FALSE,FALSE
635,12,995,738,837,995,738,837,995,738,837,-257,-158,257,158,FALSE,FALSE
635,13,1148,809,953,1148,809,953,1148,809,953,-339,-195,339,195,FALSE,FALSE
635,14,1256,937,1070,1256,937,1070,1256,937,1070,-319,-186,319,186,FALSE,FALSE
635,15,1388,1044,1208,1388,1044,1208,1388,1044,1208,-344,-180,344,180,FALSE,FALSE
635,16,1506,1152,1339,1506,1152,1339,1506,1152,1339,-354,-167,354,167,FALSE,FALSE
635,17,1631,1279,1490,1631,1279,1490,1631,1279,1490,-352,-141,352,141,FALSE,FALSE
635,18,1737,1404,1595,1737,1404,1595,1737,1404,1595,-333,-142,333,142,FALSE,FALSE
635,19,1838,1549,1734,1838,1549,1734,1838,1549,1734,-289,-104,289,104,FALSE,FALSE
635,20,1952,1625,1872,1952,1625,1872,1952,1625,1872,-327,-80,327,80,FALSE,FALSE
635,21,2039,1728,1978,2039,1728,1978,2039,1728,1978,-311,-61,311,61,FALSE,FALSE
635,22,2124,1847,2116,2124,1847,2116,2124,1847,2116,-277,-8,277,8,FALSE,FALSE
635,23,2243,1911,2229,2243,1911,2229,2243,1911,2229,-332,-14,332,14,FALSE,FALSE
635,24,2290,1940,2291,2290,1940,2291,2290,1940,2291,-350,1,350,1,FALSE,FALSE
635,25,2320,1951,2354,2320,1951,2354,2320,1951,2354,-369,34,369,34,FALSE,FALSE
635,26,2350,1971,2381,2350,1971,2381,2350,1971,2381,-379,31,379,31,FALSE,FALSE
635,27,2353,1994,2433,2353,1994,2433,2353,1994,2433,-359,80,359,80,FALSE,FALSE
635,28,2316,2040,2415,2316,2040,2415,2316,2040,2415,-276,99,276,99,FALSE,FALSE
635,29,2267,2066,2376,2267,2066,2376,2267,2066,2376,-201,109,201,109,FALSE,FALSE
635,30,2213,2053,2306,2213,2053,2306,2213,2053,2306,-160,93,160,93,FALSE,FALSE
635,31,2148,2028,2230,2148,2028,2230,2148,2028,2230,-120,82,120,82,FALSE,FALSE
635,32,2032,1966,2154,2032,1966,2154,2032,1966,2154,-66,122,66,122,FALSE,FALSE
635,33,1951,1891,2099,1951,1891,2099,1951,1891,2099,-60,148,60,148,FALSE,FALSE
635,34,1865,1847,2012,1865,1847,2012,1865,1847,2012,-18,147,18,147,FALSE,FALSE
635,35,1776,1813,1900,1776,1813,1900,1776,1813,1900,37,124,37,124,FALSE,FALSE
635,36,1653,1772,1807,1653,1772,1807,1653,1772,1807,119,154,119,154,FALSE,FALSE
635,37,1567,1678,1712,1567,1678,1712,1567,1678,1712,111,145,111,145,FALSE,FALSE
635,38,1467,1600,1618,1467,1600,1618,1467,1600,1618,133,151,133,151,FALSE,FALSE
635,39,1380,1517,1528,1380,1517,1528,1380,1517,1528,137,148,137,148,FALSE,FALSE
635,40,1282,1433,1422,1282,1433,1422,1282,1433,1422,151,140,151,140,FALSE,FALSE
635,41,1176,1376,1342,1176,1376,1342,1176,1376,1342,200,166,200,166,FALSE,FALSE
635,42,1119,1281,1243,1119,1281,1243,1119,1281,1243,162,124,162,124,FALSE,FALSE
635,43,1052,1212,1148,1052,1212,1148,1052,1212,1148,160,96,160,96,FALSE,FALSE
635,44,990,1140,1083,990,1140,1083,990,1140,1083,150,93,150,93,FALSE,FALSE
635,45,926,1063,1002,926,1063,1002,926,1063,1002,137,76,137,76,FALSE,FALSE
635,46,869,990,938,869,990,938,869,990,938,121,69,121,69,FALSE,FALSE
635,47,800,915,859,800,915,859,800,915,859,115,59,115,59,FALSE,FALSE
635,48,745,876,789,745,876,789,745,876,789,131,44,131,44,FALSE,FALSE
635,49,692,833,737,692,833,737,692,833,737,141,45,141,45,FALSE,FALSE
635,50,630,803,682,630,803,682,630,803,682,173,52,173,52,FALSE,FALSE
635,51,581,748,615,581,748,615,581,748,615,167,34,167,34,FALSE,FALSE
635,52,531,701,587,531,701,587,531,701,587,170,56,170,56,FALSE,FALSE
635,53,512,652,544,512,652,544,512,652,544,140,32,140,32,FALSE,FALSE
635,54,474,601,489,474,601,489,474,601,489,127,15,127,15,FALSE,FALSE
635,55,443,549,449,443,549,449,443,549,449,106,6,106,6,FALSE,FALSE
635,56,412,505,408,412,505,408,412,505,408,93,-4,93,4,FALSE,FALSE
635,57,385,477,387,385,477,387,385,477,387,92,2,92,2,FALSE,FALSE
635,58,349,454,363,349,454,363,349,454,363,105,14,105,14,FALSE,FALSE
635,59,325,421,341,325,421,341,325,421,341,96,16,96,16,FALSE,FALSE
635,60,302,392,311,302,392,311,302,392,311,90,9,90,9,FALSE,FALSE
636,0,110,110,110,110,110,110,110,110,110,0,0,0,0,TRUE,TRUE
636,1,180,178,174,180,178,174,180,178,174,-2,-6,2,6,FALSE,FALSE
636,2,292,277,318,292,277,318,292,277,318,-15,26,15,26,FALSE,FALSE
636,3,456,414,522,456,414,522,456,414,522,-42,66,42,66,FALSE,FALSE
636,4,697,635,792,697,635,792,697,635,792,-62,95,62,95,FALSE,FALSE
636,5,1019,911,1129,1019,911,1129,1019,911,1129,-108,110,108,110,FALSE,FALSE
636,6,1403,1276,1544,1403,1276,1544,1403,1276,1544,-127,141,127,141,FALSE,FALSE
636,7,1830,1702,1964,1830,1702,1964,1830,1702,1964,-128,134,128,134,FALSE,FALSE
636,8,2183,2036,2309,2183,2036,2309,2183,2036,2309,-147,126,147,126,FALSE,FALSE
636,9,2365,2189,2409,2365,2189,2409,2365,2189,2409,-176,44,176,44,FALSE,FALSE
636,10,2362,2189,2324,2362,2189,2324,2362,2189,2324,-173,-38,173,38,FALSE,FALSE
636,11,2194,2132,2117,2194,2132,2117,2194,2132,2117,-62,-77,62,77,FALSE,FALSE
636,12,1999,1965,1861,1999,1965,1861,1999,1965,1861,-34,-138,34,138,FALSE,FALSE
636,13,1746,1757,1570,1746,1757,1570,1746,1757,1570,11,-176,11,176,FALSE,FALSE
636,14,1443,1528,1317,1443,1528,1317,1443,1528,1317,85,-126,85,126,FALSE,FALSE
636,15,1187,1298,1087,1187,1298,1087,1187,1298,1087,111,-100,111,100,FALSE,FALSE
636,16,961,1103,894,961,1103,894,961,1103,894,142,-67,142,67,FALSE,FALSE
636,17,780,891,714,780,891,714,780,891,714,111,-66,111,66,FALSE,FALSE
636,18,616,739,556,616,739,556,616,739,556,123,-60,123,60,FALSE,FALSE
636,19,512,588,463,512,588,463,512,588,463,76,-49,76,49,FALSE,FALSE
636,20,385,462,375,385,462,375,385,462,375,77,-10,77,10,FALSE,FALSE
636,21,309,372,294,309,372,294,309,372,294,63,-15,63,15,FALSE,FALSE
636,22,238,315,225,238,315,225,238,315,225,77,-13,77,13,FALSE,FALSE
636,23,182,258,175,182,258,175,182,258,175,76,-7,76,7,FALSE,FALSE
636,24,148,201,139,148,201,139,148,201,139,53,-9,53,9,FALSE,FALSE
636,25,119,154,112,119,154,112,119,154,112,35,-7,35,7,FALSE,FALSE
636,26,97,128,80,97,128,80,97,128,80,31,-17,31,17,FALSE,FALSE
636,27,77,105,64,77,105,64,77,105,64,28,-13,28,13,FALSE,FALSE
636,28,59,93,43,59,93,43,59,93,43,34,-16,34,16,FALSE,FALSE
636,29,48,79,34,48,79,34,48,79,34,31,-14,31,14,FALSE,FALSE
636,30,41,61,26,41,61,26,41,61,26,20,-15,20,15,FALSE,FALSE
636,31,35,47,23,35,47,23,35,47,23,12,-12,12,12,FALSE,FALSE
636,32,28,38,18,28,38,18,28,38,18,10,-10,10,10,FALSE,FALSE
636,33,27,28,14,27,28,14,27,28,14,1,-13,1,13,FALSE,FALSE
636,34,21,19,13,21,19,13,21,19,13,-2,-8,2,8,FALSE,FALSE
636,35,16,16,8,16,16,8,16,16,8,0,-8,0,8,TRUE,FALSE
636,36,13,15,7,13,15,7,13,15,7,2,-6,2,6,FALSE,FALSE
636,37,12,12,8,12,12,8,12,12,8,0,-4,0,4,TRUE,FALSE
636,38,10,7,5,10,7,5,10,7,5,-3,-5,3,5,FALSE,FALSE
636,39,10,5,4,10,5,4,10,5,4,-5,-6,5,6,FALSE,FALSE
636,40,5,4,4,5,4,4,5,4,4,-1,-1,1,1,FALSE,FALSE
636,41,4,4,3,4,4,3,4,4,3,0,-1,0,1,TRUE,FALSE
636,42,3,3,3,3,3,3,3,3,3,0,0,0,0,TRUE,TRUE
636,43,2,2,2,2,2,2,2,2,2,0,0,0,0,TRUE,TRUE
636,44,3,2,1,3,2,1,3,2,1,-1,-2,1,2,FALSE,FALSE
636,45,3,2,0,3,2,0,3,2,0,-1,-3,1,3,FALSE,FALSE
636,46,1,2,0,1,2,0,1,2,0,1,-1,1,1,FALSE,FALSE
636,47,1,1,0,1,1,0,1,1,0,0,-1,0,1,TRUE,FALSE
636,48,1,1,0,1,1,0,1,1,0,0,-1,0,1,TRUE,FALSE
636,49,1,0,0,1,0,0,1,0,0,-1,-1,1,1,FALSE,FALSE
636,50,1,0,0,1,0,0,1,0,0,-1,-1,1,1,FALSE,FALSE
636,51,0,0,0,0,0,0,0,0,0,0,0,0,0,TRUE,TRUE
636,52,0,0,0,0,0,0,0,0,0,0,0,0,0,TRUE,TRUE
636,53,0,0,0,0,0,0,0,0,0,0,0,0,0,TRUE,TRUE
636,54,0,0,0,0,0,0,0,0,0,0,0,0,0,TRUE,TRUE
636,55,0,0,0,0,0,0,0,0,0,0,0,0,0,TRUE,TRUE
636,56,0,0,0,0,0,0,0,0,0,0,0,0,0,TRUE,TRUE
636,57,0,0,0,0,0,0,0,0,0,0,0,0,0,TRUE,TRUE
636,58,0,0,0,0,0,0,0,0,0,0,0,0,0,TRUE,TRUE
636,59,0,0,0,0,0,0,0,0,0,0,0,0,0,TRUE,TRUE
636,60,0,0,0,0,0,0,0,0,0,0,0,0,0,TRUE,TRUE
637,0,63,63,63,63,63,63,63,63,63,0,0,0,0,TRUE,TRUE
637,1,67,64,70,67,64,70,67,64,70,-3,3,3,3,FALSE,FALSE
637,2,76,64,82,76,64,82,76,64,82,-12,6,12,6,FALSE,FALSE
637,3,79,65,84,79,65,84,79,65,84,-14,5,14,5,FALSE,FALSE
637,4,76,63,93,76,63,93,76,63,93,-13,17,13,17,FALSE,FALSE
637,5,75,62,96,75,62,96,75,62,96,-13,21,13,21,FALSE,FALSE
637,6,78,68,100,78,68,100,78,68,100,-10,22,10,22,FALSE,FALSE
637,7,86,61,107,86,61,107,86,61,107,-25,21,25,21,FALSE,FALSE
637,8,95,66,119,95,66,119,95,66,119,-29,24,29,24,FALSE,FALSE
637,9,94,72,134,94,72,134,94,72,134,-22,40,22,40,FALSE,FALSE
637,10,102,76,137,102,76,137,102,76,137,-26,35,26,35,FALSE,FALSE
637,11,111,80,132,111,80,132,111,80,132,-31,21,31,21,FALSE,FALSE
637,12,121,81,127,121,81,127,121,81,127,-40,6,40,6,FALSE,FALSE
637,13,130,96,132,130,96,132,130,96,132,-34,2,34,2,FALSE,FALSE
637,14,130,106,137,130,106,137,130,106,137,-24,7,24,7,FALSE,FALSE
637,15,138,108,143,138,108,143,138,108,143,-30,5,30,5,FALSE,FALSE
637,16,149,116,155,149,116,155,149,116,155,-33,6,33,6,FALSE,FALSE
637,17,160,114,164,160,114,164,160,114,164,-46,4,46,4,FALSE,FALSE
637,18,169,119,162,169,119,162,169,119,162,-50,-7,50,7,FALSE,FALSE
637,19,174,123,172,174,123,172,174,123,172,-51,-2,51,2,FALSE,FALSE
637,20,190,126,178,190,126,178,190,126,178,-64,-12,64,12,FALSE,FALSE
637,21,196,139,185,196,139,185,196,139,185,-57,-11,57,11,FALSE,FALSE
637,22,194,140,202,194,140,202,194,140,202,-54,8,54,8,FALSE,FALSE
637,23,209,158,203,209,158,203,209,158,203,-51,-6,51,6,FALSE,FALSE
637,24,217,171,201,217,171,201,217,171,201,-46,-16,46,16,FALSE,FALSE
637,25,219,174,204,219,174,204,219,174,204,-45,-15,45,15,FALSE,FALSE
637,26,227,188,206,227,188,206,227,188,206,-39,-21,39,21,FALSE,FALSE
637,27,236,187,211,236,187,211,236,187,211,-49,-25,49,25,FALSE,FALSE
637,28,248,181,224,248,181,224,248,181,224,-67,-24,67,24,FALSE,FALSE
637,29,256,189,222,256,189,222,256,189,222,-67,-34,67,34,FALSE,FALSE
637,30,254,208,220,254,208,220,254,208,220,-46,-34,46,34,FALSE,FALSE
637,31,267,201,214,267,201,214,267,201,214,-66,-53,66,53,FALSE,FALSE
637,32,276,204,222,276,204,222,276,204,222,-72,-54,72,54,FALSE,FALSE
637,33,291,206,231,291,206,231,291,206,231,-85,-60,85,60,FALSE,FALSE
637,34,284,215,234,284,215,234,284,215,234,-69,-50,69,50,FALSE,FALSE
637,35,287,212,242,287,212,242,287,212,242,-75,-45,75,45,FALSE,FALSE
637,36,308,217,243,308,217,243,308,217,243,-91,-65,91,65,FALSE,FALSE
637,37,307,221,254,307,221,254,307,221,254,-86,-53,86,53,FALSE,FALSE
637,38,321,215,270,321,215,270,321,215,270,-106,-51,106,51,FALSE,FALSE
637,39,328,223,276,328,223,276,328,223,276,-105,-52,105,52,FALSE,FALSE
637,40,340,226,263,340,226,263,340,226,263,-114,-77,114,77,FALSE,FALSE
637,41,332,230,261,332,230,261,332,230,261,-102,-71,102,71,FALSE,FALSE
637,42,330,236,269,330,236,269,330,236,269,-94,-61,94,61,FALSE,FALSE
637,43,341,238,276,341,238,276,341,238,276,-103,-65,103,65,FALSE,FALSE
637,44,353,237,276,353,237,276,353,237,276,-116,-77,116,77,FALSE,FALSE
637,45,350,247,278,350,247,278,350,247,278,-103,-72,103,72,FALSE,FALSE
637,46,367,245,292,367,245,292,367,245,292,-122,-75,122,75,FALSE,FALSE
637,47,365,247,294,365,247,294,365,247,294,-118,-71,118,71,FALSE,FALSE
637,48,371,233,295,371,233,295,371,233,295,-138,-76,138,76,FALSE,FALSE
637,49,391,231,286,391,231,286,391,231,286,-160,-105,160,105,FALSE,FALSE
637,50,393,233,290,393,233,290,393,233,290,-160,-103,160,103,FALSE,FALSE
637,51,386,233,296,386,233,296,386,233,296,-153,-90,153,90,FALSE,FALSE
637,52,396,234,297,396,234,297,396,234,297,-162,-99,162,99,FALSE,FALSE
637,53,391,242,288,391,242,288,391,242,288,-149,-103,149,103,FALSE,FALSE
637,54,382,235,297,382,235,297,382,235,297,-147,-85,147,85,FALSE,FALSE
637,55,385,238,305,385,238,305,385,238,305,-147,-80,147,80,FALSE,FALSE
637,56,372,240,300,372,240,300,372,240,300,-132,-72,132,72,FALSE,FALSE
637,57,370,247,293,370,247,293,370,247,293,-123,-77,123,77,FALSE,FALSE
637,58,374,251,291,374,251,291,374,251,291,-123,-83,123,83,FALSE,FALSE
637,59,363,242,290,363,242,290,363,242,290,-121,-73,121,73,FALSE,FALSE
637,60,348,253,313,348,253,313,348,253,313,-95,-35,95,35,FALSE,FALSE
638,0,93,93,93,93,93,93,93,93,93,0,0,0,0,TRUE,TRUE
638,1,160,181,169,160,181,169,160,181,169,21,9,21,9,FALSE,FALSE
638,2,266,301,297,266,301,297,266,301,297,35,31,35,31,FALSE,FALSE
638,3,435,506,512,435,506,512,435,506,512,71,77,71,77,FALSE,FALSE
638,4,721,848,828,721,848,828,721,848,828,127,107,127,107,FALSE,FALSE
638,5,1168,1369,1286,1168,1369,1286,1168,1369,1286,201,118,201,118,FALSE,FALSE
638,6,1658,1971,1835,1658,1971,1835,1658,1971,1835,313,177,313,177,FALSE,FALSE
638,7,2267,2606,2392,2267,2606,2392,2267,2606,2392,339,125,339,125,FALSE,FALSE
638,8,2771,3013,2822,2771,3013,2822,2771,3013,2822,242,51,242,51,FALSE,FALSE
638,9,3023,3107,3079,3023,3107,3079,3023,3107,3079,84,56,84,56,FALSE,FALSE
638,10,3034,2980,3037,3034,2980,3037,3034,2980,3037,-54,3,54,3,FALSE,FALSE
638,11,2943,2747,2846,2943,2747,2846,2943,2747,2846,-196,-97,196,97,FALSE,FALSE
638,12,2682,2413,2534,2682,2413,2534,2682,2413,2534,-269,-148,269,148,FALSE,FALSE
638,13,2327,2036,2180,2327,2036,2180,2327,2036,2180,-291,-147,291,147,FALSE,FALSE
638,14,1981,1693,1854,1981,1693,1854,1981,1693,1854,-288,-127,288,127,FALSE,FALSE
638,15,1658,1371,1560,1658,1371,1560,1658,1371,1560,-287,-98,287,98,FALSE,FALSE
638,16,1412,1145,1312,1412,1145,1312,1412,1145,1312,-267,-100,267,100,FALSE,FALSE
638,17,1192,907,1121,1192,907,1121,1192,907,1121,-285,-71,285,71,FALSE,FALSE
638,18,991,751,918,991,751,918,991,751,918,-240,-73,240,73,FALSE,FALSE
638,19,798,597,732,798,597,732,798,597,732,-201,-66,201,66,FALSE,FALSE
638,20,665,480,587,665,480,587,665,480,587,-185,-78,185,78,FALSE,FALSE
638,21,540,377,474,540,377,474,540,377,474,-163,-66,163,66,FALSE,FALSE
638,22,430,301,400,430,301,400,430,301,400,-129,-30,129,30,FALSE,FALSE
638,23,351,247,323,351,247,323,351,247,323,-104,-28,104,28,FALSE,FALSE
638,24,286,198,264,286,198,264,286,198,264,-88,-22,88,22,FALSE,FALSE
638,25,248,159,206,248,159,206,248,159,206,-89,-42,89,42,FALSE,FALSE
638,26,200,132,171,200,132,171,200,132,171,-68,-29,68,29,FALSE,FALSE
638,27,167,104,132,167,104,132,167,104,132,-63,-35,63,35,FALSE,FALSE
638,28,129,77,108,129,77,108,129,77,108,-52,-21,52,21,FALSE,FALSE
638,29,111,65,87,111,65,87,111,65,87,-46,-24,46,24,FALSE,FALSE
638,30,86,54,76,86,54,76,86,54,76,-32,-10,32,10,FALSE,FALSE
638,31,67,42,63,67,42,63,67,42,63,-25,-4,25,4,FALSE,FALSE
638,32,52,33,50,52,33,50,52,33,50,-19,-2,19,2,FALSE,FALSE
638,33,39,26,40,39,26,40,39,26,40,-13,1,13,1,FALSE,FALSE
638,34,34,18,32,34,18,32,34,18,32,-16,-2,16,2,FALSE,FALSE
638,35,26,16,28,26,16,28,26,16,28,-10,2,10,2,FALSE,FALSE
638,36,20,16,20,20,16,20,20,16,20,-4,0,4,0,FALSE,TRUE
638,37,16,14,17,16,14,17,16,14,17,-2,1,2,1,FALSE,FALSE
638,38,13,10,13,13,10,13,13,10,13,-3,0,3,0,FALSE,TRUE
638,39,11,8,10,11,8,10,11,8,10,-3,-1,3,1,FALSE,FALSE
638,40,9,3,6,9,3,6,9,3,6,-6,-3,6,3,FALSE,FALSE
638,41,8,3,5,8,3,5,8,3,5,-5,-3,5,3,FALSE,FALSE
638,42,5,3,5,5,3,5,5,3,5,-2,0,2,0,FALSE,TRUE
638,43,5,3,4,5,3,4,5,3,4,-2,-1,2,1,FALSE,FALSE
638,44,4,2,4,4,2,4,4,2,4,-2,0,2,0,FALSE,TRUE
638,45,4,2,4,4,2,4,4,2,4,-2,0,2,0,FALSE,TRUE
638,46,2,1,4,2,1,4,2,1,4,-1,2,1,2,FALSE,FALSE
638,47,2,1,4,2,1,4,2,1,4,-1,2,1,2,FALSE,FALSE
638,48,2,0,3,2,0,3,2,0,3,-2,1,2,1,FALSE,FALSE
638,49,2,0,3,2,0,3,2,0,3,-2,1,2,1,FALSE,FALSE
638,50,2,0,2,2,0,2,2,0,2,-2,0,2,0,FALSE,TRUE
638,51,1,0,2,1,0,2,1,0,2,-1,1,1,1,FALSE,FALSE
638,52,1,0,2,1,0,2,1,0,2,-1,1,1,1,FALSE,FALSE
638,53,0,0,1,0,0,1,0,0,1,0,1,0,1,TRUE,FALSE
638,54,0,0,1,0,0,1,0,0,1,0,1,0,1,TRUE,FALSE
638,55,0,0,1,0,0,1,0,0,1,0,1,0,1,TRUE,FALSE
638,56,0,0,1,0,0,1,0,0,1,0,1,0,1,TRUE,FALSE
638,57,0,0,1,0,0,1,0,0,1,0,1,0,1,TRUE,FALSE
638,58,0,0,0,0,0,0,0,0,0,0,0,0,0,TRUE,TRUE
638,59,0,0,0,0,0,0,0,0,0,0,0,0,0,TRUE,TRUE
638,60,0,0,0,0,0,0,0,0,0,0,0,0,0,TRUE,TRUE
639,0,111,111,111,111,111,111,111,111,111,0,0,0,0,TRUE,TRUE
639,1,148,147,141,148,147,141,148,147,141,-1,-7,1,7,FALSE,FALSE
639,2,194,197,172,194,197,172,194,197,172,3,-22,3,22,FALSE,FALSE
639,3,263,260,218,263,260,218,263,260,218,-3,-45,3,45,FALSE,FALSE
639,4,353,338,274,353,338,274,353,338,274,-15,-79,15,79,FALSE,FALSE
639,5,457,434,355,457,434,355,457,434,355,-23,-102,23,102,FALSE,FALSE
639,6,582,547,467,582,547,467,582,547,467,-35,-115,35,115,FALSE,FALSE
639,7,710,703,597,710,703,597,710,703,597,-7,-113,7,113,FALSE,FALSE
639,8,870,851,774,870,851,774,870,851,774,-19,-96,19,96,FALSE,FALSE
639,9,1067,1035,962,1067,1035,962,1067,1035,962,-32,-105,32,105,FALSE,FALSE
639,10,1304,1233,1164,1304,1233,1164,1304,1233,1164,-71,-140,71,140,FALSE,FALSE
639,11,1483,1427,1397,1483,1427,1397,1483,1427,1397,-56,-86,56,86,FALSE,FALSE
639,12,1650,1598,1550,1650,1598,1550,1650,1598,1550,-52,-100,52,100,FALSE,FALSE
639,13,1757,1716,1738,1757,1716,1738,1757,1716,1738,-41,-19,41,19,FALSE,FALSE
639,14,1817,1794,1869,1817,1794,1869,1817,1794,1869,-23,52,23,52,FALSE,FALSE
639,15,1857,1809,1948,1857,1809,1948,1857,1809,1948,-48,91,48,91,FALSE,FALSE
639,16,1816,1823,1950,1816,1823,1950,1816,1823,1950,7,134,7,134,FALSE,FALSE
639,17,1794,1766,1900,1794,1766,1900,1794,1766,1900,-28,106,28,106,FALSE,FALSE
639,18,1718,1669,1864,1718,1669,1864,1718,1669,1864,-49,146,49,146,FALSE,FALSE
639,19,1609,1595,1771,1609,1595,1771,1609,1595,1771,-14,162,14,162,FALSE,FALSE
639,20,1513,1477,1679,1513,1477,1679,1513,1477,1679,-36,166,36,166,FALSE,FALSE
639,21,1387,1383,1540,1387,1383,1540,1387,1383,1540,-4,153,4,153,FALSE,FALSE
639,22,1247,1273,1407,1247,1273,1407,1247,1273,1407,26,160,26,160,FALSE,FALSE
639,23,1138,1151,1274,1138,1151,1274,1138,1151,1274,13,136,13,136,FALSE,FALSE
639,24,1001,1029,1152,1001,1029,1152,1001,1029,1152,28,151,28,151,FALSE,FALSE
639,25,901,913,1061,901,913,1061,901,913,1061,12,160,12,160,FALSE,FALSE
639,26,818,812,952,818,812,952,818,812,952,-6,134,6,134,FALSE,FALSE
639,27,729,705,837,729,705,837,729,705,837,-24,108,24,108,FALSE,FALSE
639,28,628,629,733,628,629,733,628,629,733,1,105,1,105,FALSE,FALSE
639,29,558,540,646,558,540,646,558,540,646,-18,88,18,88,FALSE,FALSE
639,30,498,485,564,498,485,564,498,485,564,-13,66,13,66,FALSE,FALSE
639,31,454,424,497,454,424,497,454,424,497,-30,43,30,43,FALSE,FALSE
639,32,393,368,427,393,368,427,393,368,427,-25,34,25,34,FALSE,FALSE
639,33,335,324,388,335,324,388,335,324,388,-11,53,11,53,FALSE,FALSE
639,34,287,284,347,287,284,347,287,284,347,-3,60,3,60,FALSE,FALSE
639,35,251,250,301,251,250,301,251,250,301,-1,50,1,50,FALSE,FALSE
639,36,216,223,276,216,223,276,216,223,276,7,60,7,60,FALSE,FALSE
639,37,194,192,244,194,192,244,194,192,244,-2,50,2,50,FALSE,FALSE
639,38,171,169,204,171,169,204,171,169,204,-2,33,2,33,FALSE,FALSE
639,39,151,146,186,151,146,186,151,146,186,-5,35,5,35,FALSE,FALSE
639,40,141,122,154,141,122,154,141,122,154,-19,13,19,13,FALSE,FALSE
639,41,125,106,131,125,106,131,125,106,131,-19,6,19,6,FALSE,FALSE
639,42,109,93,112,109,93,112,109,93,112,-16,3,16,3,FALSE,FALSE
639,43,96,75,85,96,75,85,96,75,85,-21,-11,21,11,FALSE,FALSE
639,44,86,68,70,86,68,70,86,68,70,-18,-16,18,16,FALSE,FALSE
639,45,76,60,61,76,60,61,76,60,61,-16,-15,16,15,FALSE,FALSE
639,46,72,48,50,72,48,50,72,48,50,-24,-22,24,22,FALSE,FALSE
639,47,64,41,43,64,41,43,64,41,43,-23,-21,23,21,FALSE,FALSE
639,48,55,37,38,55,37,38,55,37,38,-18,-17,18,17,FALSE,FALSE
639,49,51,31,33,51,31,33,51,31,33,-20,-18,20,18,FALSE,FALSE
639,50,44,28,29,44,28,29,44,28,29,-16,-15,16,15,FALSE,FALSE
639,51,38,24,23,38,24,23,38,24,23,-14,-15,14,15,FALSE,FALSE
639,52,36,18,22,36,18,22,36,18,22,-18,-14,18,14,FALSE,FALSE
639,53,34,14,19,34,14,19,34,14,19,-20,-15,20,15,FALSE,FALSE
639,54,28,15,17,28,15,17,28,15,17,-13,-11,13,11,FALSE,FALSE
639,55,28,13,13,28,13,13,28,13,13,-15,-15,15,15,FALSE,FALSE
639,56,21,10,12,21,10,12,21,10,12,-11,-9,11,9,FALSE,FALSE
639,57,17,10,10,17,10,10,17,10,10,-7,-7,7,7,FALSE,FALSE
639,58,12,10,8,12,10,8,12,10,8,-2,-4,2,4,FALSE,FALSE
639,59,11,10,8,11,10,8,11,10,8,-1,-3,1,3,FALSE,FALSE
639,60,8,10,7,8,10,7,8,10,7,2,-1,2,1,FALSE,FALSE
640,0,56,56,56,56,56,56,56,56,56,0,0,0,0,TRUE,TRUE
640,1,66,89,80,66,89,80,66,89,80,23,14,23,14,FALSE,FALSE
640,2,90,129,121,90,129,121,90,129,121,39,31,39,31,FALSE,FALSE
640,3,123,175,162,123,175,162,123,175,162,52,39,52,39,FALSE,FALSE
640,4,160,227,212,160,227,212,160,227,212,67,52,67,52,FALSE,FALSE
640,5,228,319,266,228,319,266,228,319,266,91,38,91,38,FALSE,FALSE
640,6,297,425,357,297,425,357,297,425,357,128,60,128,60,FALSE,FALSE
640,7,383,529,470,383,529,470,383,529,470,146,87,146,87,FALSE,FALSE
640,8,477,673,594,477,673,594,477,673,594,196,117,196,117,FALSE,FALSE
640,9,627,818,761,627,818,761,627,818,761,191,134,191,134,FALSE,FALSE
640,10,798,1015,950,798,1015,950,798,1015,950,217,152,217,152,FALSE,FALSE
640,11,972,1192,1150,972,1192,1150,972,1192,1150,220,178,220,178,FALSE,FALSE
640,12,1159,1444,1344,1159,1444,1344,1159,1444,1344,285,185,285,185,FALSE,FALSE
640,13,1379,1600,1477,1379,1600,1477,1379,1600,1477,221,98,221,98,FALSE,FALSE
640,14,1556,1763,1652,1556,1763,1652,1556,1763,1652,207,96,207,96,FALSE,FALSE
640,15,1700,1865,1783,1700,1865,1783,1700,1865,1783,165,83,165,83,FALSE,FALSE
640,16,1805,1956,1875,1805,1956,1875,1805,1956,1875,151,70,151,70,FALSE,FALSE
640,17,1886,1954,1892,1886,1954,1892,1886,1954,1892,68,6,68,6,FALSE,FALSE
640,18,1857,1899,1903,1857,1899,1903,1857,1899,1903,42,46,42,46,FALSE,FALSE
640,19,1852,1823,1860,1852,1823,1860,1852,1823,1860,-29,8,29,8,FALSE,FALSE
640,20,1800,1763,1792,1800,1763,1792,1800,1763,1792,-37,-8,37,8,FALSE,FALSE
640,21,1708,1648,1714,1708,1648,1714,1708,1648,1714,-60,6,60,6,FALSE,FALSE
640,22,1628,1543,1608,1628,1543,1608,1628,1543,1608,-85,-20,85,20,FALSE,FALSE
640,23,1528,1415,1506,1528,1415,1506,1528,1415,1506,-113,-22,113,22,FALSE,FALSE
640,24,1464,1309,1388,1464,1309,1388,1464,1309,1388,-155,-76,155,76,FALSE,FALSE
640,25,1348,1213,1278,1348,1213,1278,1348,1213,1278,-135,-70,135,70,FALSE,FALSE
640,26,1257,1100,1184,1257,1100,1184,1257,1100,1184,-157,-73,157,73,FALSE,FALSE
640,27,1161,1022,1054,1161,1022,1054,1161,1022,1054,-139,-107,139,107,FALSE,FALSE
640,28,1068,894,948,1068,894,948,1068,894,948,-174,-120,174,120,FALSE,FALSE
640,29,946,814,859,946,814,859,946,814,859,-132,-87,132,87,FALSE,FALSE
640,30,856,728,794,856,728,794,856,728,794,-128,-62,128,62,FALSE,FALSE
640,31,767,659,706,767,659,706,767,659,706,-108,-61,108,61,FALSE,FALSE
640,32,688,593,622,688,593,622,688,593,622,-95,-66,95,66,FALSE,FALSE
640,33,634,527,560,634,527,560,634,527,560,-107,-74,107,74,FALSE,FALSE
640,34,568,463,513,568,463,513,568,463,513,-105,-55,105,55,FALSE,FALSE
640,35,521,419,467,521,419,467,521,419,467,-102,-54,102,54,FALSE,FALSE
640,36,469,371,422,469,371,422,469,371,422,-98,-47,98,47,FALSE,FALSE
640,37,410,327,376,410,327,376,410,327,376,-83,-34,83,34,FALSE,FALSE
640,38,355,291,343,355,291,343,355,291,343,-64,-12,64,12,FALSE,FALSE
640,39,313,261,296,313,261,296,313,261,296,-52,-17,52,17,FALSE,FALSE
640,40,271,232,266,271,232,266,271,232,266,-39,-5,39,5,FALSE,FALSE
640,41,238,210,243,238,210,243,238,210,243,-28,5,28,5,FALSE,FALSE
640,42,214,186,227,214,186,227,214,186,227,-28,13,28,13,FALSE,FALSE
640,43,201,161,194,201,161,194,201,161,194,-40,-7,40,7,FALSE,FALSE
640,44,190,142,175,190,142,175,190,142,175,-48,-15,48,15,FALSE,FALSE
640,45,162,128,162,162,128,162,162,128,162,-34,0,34,0,FALSE,TRUE
640,46,147,113,143,147,113,143,147,113,143,-34,-4,34,4,FALSE,FALSE
640,47,133,106,132,133,106,132,133,106,132,-27,-1,27,1,FALSE,FALSE
640,48,115,89,121,115,89,121,115,89,121,-26,6,26,6,FALSE,FALSE
640,49,108,83,112,108,83,112,108,83,112,-25,4,25,4,FALSE,FALSE
640,50,97,73,107,97,73,107,97,73,107,-24,10,24,10,FALSE,FALSE
640,51,80,69,94,80,69,94,80,69,94,-11,14,11,14,FALSE,FALSE
640,52,72,61,76,72,61,76,72,61,76,-11,4,11,4,FALSE,FALSE
640,53,65,58,60,65,58,60,65,58,60,-7,-5,7,5,FALSE,FALSE
640,54,62,53,55,62,53,55,62,53,55,-9,-7,9,7,FALSE,FALSE
640,55,52,51,42,52,51,42,52,51,42,-1,-10,1,10,FALSE,FALSE
640,56,47,44,38,47,44,38,47,44,38,-3,-9,3,9,FALSE,FALSE
640,57,45,35,33,45,35,33,45,35,33,-10,-12,10,12,FALSE,FALSE
640,58,40,29,29,40,29,29,40,29,29,-11,-11,11,11,FALSE,FALSE
640,59,33,27,28,33,27,28,33,27,28,-6,-5,6,5,FALSE,FALSE
640,60,32,27,26,32,27,26,32,27,26,-5,-6,5,6,FALSE,FALSE
641,0,80,80,80,80,80,80,80,80,80,0,0,0,0,TRUE,TRUE
641,1,105,95,102,105,95,102,105,95,102,-10,-3,10,3,FALSE,FALSE
641,2,141,113,131,141,113,131,141,113,131,-28,-10,28,10,FALSE,FALSE
641,3,177,147,190,177,147,190,177,147,190,-30,13,30,13,FALSE,FALSE
641,4,242,182,255,242,182,255,242,182,255,-60,13,60,13,FALSE,FALSE
641,5,299,222,322,299,222,322,299,222,322,-77,23,77,23,FALSE,FALSE
641,6,377,288,399,377,288,399,377,288,399,-89,22,89,22,FALSE,FALSE
641,7,460,344,479,460,344,479,460,344,479,-116,19,116,19,FALSE,FALSE
641,8,549,431,607,549,431,607,549,431,607,-118,58,118,58,FALSE,FALSE
641,9,661,528,715,661,528,715,661,528,715,-133,54,133,54,FALSE,FALSE
641,10,820,631,844,820,631,844,820,631,844,-189,24,189,24,FALSE,FALSE
641,11,932,758,967,932,758,967,932,758,967,-174,35,174,35,FALSE,FALSE
641,12,1051,871,1120,1051,871,1120,1051,871,1120,-180,69,180,69,FALSE,FALSE
641,13,1151,958,1258,1151,958,1258,1151,958,1258,-193,107,193,107,FALSE,FALSE
641,14,1293,1060,1382,1293,1060,1382,1293,1060,1382,-233,89,233,89,FALSE,FALSE
641,15,1383,1166,1505,1383,1166,1505,1383,1166,1505,-217,122,217,122,FALSE,FALSE
641,16,1457,1263,1535,1457,1263,1535,1457,1263,1535,-194,78,194,78,FALSE,FALSE
641,17,1470,1356,1541,1470,1356,1541,1470,1356,1541,-114,71,114,71,FALSE,FALSE
641,18,1465,1410,1531,1465,1410,1531,1465,1410,1531,-55,66,55,66,FALSE,FALSE
641,19,1427,1431,1488,1427,1431,1488,1427,1431,1488,4,61,4,61,FALSE,FALSE
641,20,1352,1409,1433,1352,1409,1433,1352,1409,1433,57,81,57,81,FALSE,FALSE
641,21,1273,1369,1334,1273,1369,1334,1273,1369,1334,96,61,96,61,FALSE,FALSE
641,22,1200,1300,1234,1200,1300,1234,1200,1300,1234,100,34,100,34,FALSE,FALSE
641,23,1122,1241,1160,1122,1241,1160,1122,1241,1160,119,38,119,38,FALSE,FALSE
641,24,1033,1143,1046,1033,1143,1046,1033,1143,1046,110,13,110,13,FALSE,FALSE
641,25,928,1055,941,928,1055,941,928,1055,941,127,13,127,13,FALSE,FALSE
641,26,840,964,845,840,964,845,840,964,845,124,5,124,5,FALSE,FALSE
641,27,757,866,715,757,866,715,757,866,715,109,-42,109,42,FALSE,FALSE
641,28,667,785,631,667,785,631,667,785,631,118,-36,118,36,FALSE,FALSE
641,29,590,695,547,590,695,547,590,695,547,105,-43,105,43,FALSE,FALSE
641,30,521,611,477,521,611,477,521,611,477,90,-44,90,44,FALSE,FALSE
641,31,461,535,426,461,535,426,461,535,426,74,-35,74,35,FALSE,FALSE
641,32,395,471,378,395,471,378,395,471,378,76,-17,76,17,FALSE,FALSE
641,33,356,410,336,356,410,336,356,410,336,54,-20,54,20,FALSE,FALSE
641,34,318,360,294,318,360,294,318,360,294,42,-24,42,24,FALSE,FALSE
641,35,287,332,269,287,332,269,287,332,269,45,-18,45,18,FALSE,FALSE
641,36,248,294,229,248,294,229,248,294,229,46,-19,46,19,FALSE,FALSE
641,37,221,248,192,221,248,192,221,248,192,27,-29,27,29,FALSE,FALSE
641,38,199,227,158,199,227,158,199,227,158,28,-41,28,41,FALSE,FALSE
641,39,175,208,128,175,208,128,175,208,128,33,-47,33,47,FALSE,FALSE
641,40,152,185,107,152,185,107,152,185,107,33,-45,33,45,FALSE,FALSE
641,41,141,172,103,141,172,103,141,172,103,31,-38,31,38,FALSE,FALSE
641,42,120,157,85,120,157,85,120,157,85,37,-35,37,35,FALSE,FALSE
641,43,111,139,74,111,139,74,111,139,74,28,-37,28,37,FALSE,FALSE
641,44,96,126,65,96,126,65,96,126,65,30,-31,30,31,FALSE,FALSE
641,45,89,116,58,89,116,58,89,116,58,27,-31,27,31,FALSE,FALSE
641,46,80,99,51,80,99,51,80,99,51,19,-29,19,29,FALSE,FALSE
641,47,65,93,41,65,93,41,65,93,41,28,-24,28,24,FALSE,FALSE
641,48,60,81,31,60,81,31,60,81,31,21,-29,21,29,FALSE,FALSE
641,49,54,72,28,54,72,28,54,72,28,18,-26,18,26,FALSE,FALSE
641,50,50,65,26,50,65,26,50,65,26,15,-24,15,24,FALSE,FALSE
641,51,41,62,22,41,62,22,41,62,22,21,-19,21,19,FALSE,FALSE
641,52,40,54,18,40,54,18,40,54,18,14,-22,14,22,FALSE,FALSE
641,53,34,50,17,34,50,17,34,50,17,16,-17,16,17,FALSE,FALSE
641,54,32,45,18,32,45,18,32,45,18,13,-14,13,14,FALSE,FALSE
641,55,32,32,15,32,32,15,32,32,15,0,-17,0,17,TRUE,FALSE
641,56,25,29,14,25,29,14,25,29,14,4,-11,4,11,FALSE,FALSE
641,57,21,27,14,21,27,14,21,27,14,6,-7,6,7,FALSE,FALSE
641,58,18,21,12,18,21,12,18,21,12,3,-6,3,6,FALSE,FALSE
641,59,12,19,11,12,19,11,12,19,11,7,-1,7,1,FALSE,FALSE
641,60,8,17,9,8,17,9,8,17,9,9,1,9,1,FALSE,FALSE
642,0,158,158,158,158,158,158,158,158,158,0,0,0,0,TRUE,TRUE
642,1,275,255,262,275,255,262,275,255,262,-20,-13,20,13,FALSE,FALSE
642,2,481,419,441,481,419,441,481,419,441,-62,-40,62,40,FALSE,FALSE
642,3,823,673,747,823,673,747,823,673,747,-150,-76,150,76,FALSE,FALSE
642,4,1314,1050,1214,1314,1050,1214,1314,1050,1214,-264,-100,264,100,FALSE,FALSE
642,5,1930,1589,1829,1930,1589,1829,1930,1589,1829,-341,-101,341,101,FALSE,FALSE
642,6,2601,2139,2551,2601,2139,2551,2601,2139,2551,-462,-50,462,50,FALSE,FALSE
642,7,3277,2714,3229,3277,2714,3229,3277,2714,3229,-563,-48,563,48,FALSE,FALSE
642,8,3654,3133,3629,3654,3133,3629,3654,3133,3629,-521,-25,521,25,FALSE,FALSE
642,9,3551,3291,3652,3551,3291,3652,3551,3291,3652,-260,101,260,101,FALSE,FALSE
642,10,3307,3098,3304,3307,3098,3304,3307,3098,3304,-209,-3,209,3,FALSE,FALSE
642,11,2878,2870,2893,2878,2870,2893,2878,2870,2893,-8,15,8,15,FALSE,FALSE
642,12,2395,2472,2452,2395,2472,2452,2395,2472,2452,77,57,77,57,FALSE,FALSE
642,13,1976,2135,1969,1976,2135,1969,1976,2135,1969,159,-7,159,7,FALSE,FALSE
642,14,1577,1817,1550,1577,1817,1550,1577,1817,1550,240,-27,240,27,FALSE,FALSE
642,15,1242,1455,1230,1242,1455,1230,1242,1455,1230,213,-12,213,12,FALSE,FALSE
642,16,1019,1182,990,1019,1182,990,1019,1182,990,163,-29,163,29,FALSE,FALSE
642,17,785,975,778,785,975,778,785,975,778,190,-7,190,7,FALSE,FALSE
642,18,631,772,609,631,772,609,631,772,609,141,-22,141,22,FALSE,FALSE
642,19,505,626,467,505,626,467,505,626,467,121,-38,121,38,FALSE,FALSE
642,20,399,514,356,399,514,356,399,514,356,115,-43,115,43,FALSE,FALSE
642,21,327,416,276,327,416,276,327,416,276,89,-51,89,51,FALSE,FALSE
642,22,255,312,230,255,312,230,255,312,230,57,-25,57,25,FALSE,FALSE
642,23,197,246,174,197,246,174,197,246,174,49,-23,49,23,FALSE,FALSE
642,24,155,191,144,155,191,144,155,191,144,36,-11,36,11,FALSE,FALSE
642,25,120,155,111,120,155,111,120,155,111,35,-9,35,9,FALSE,FALSE
642,26,91,129,86,91,129,86,91,129,86,38,-5,38,5,FALSE,FALSE
642,27,71,100,67,71,100,67,71,100,67,29,-4,29,4,FALSE,FALSE
642,28,54,86,51,54,86,51,54,86,51,32,-3,32,3,FALSE,FALSE
642,29,49,66,43,49,66,43,49,66,43,17,-6,17,6,FALSE,FALSE
642,30,39,57,31,39,57,31,39,57,31,18,-8,18,8,FALSE,FALSE
642,31,29,46,23,29,46,23,29,46,23,17,-6,17,6,FALSE,FALSE
642,32,18,34,17,18,34,17,18,34,17,16,-1,16,1,FALSE,FALSE
642,33,15,26,13,15,26,13,15,26,13,11,-2,11,2,FALSE,FALSE
642,34,10,18,11,10,18,11,10,18,11,8,1,8,1,FALSE,FALSE
642,35,7,15,10,7,15,10,7,15,10,8,3,8,3,FALSE,FALSE
642,36,7,7,8,7,7,8,7,7,8,0,1,0,1,TRUE,FALSE
642,37,4,6,5,4,6,5,4,6,5,2,1,2,1,FALSE,FALSE
642,38,3,5,3,3,5,3,3,5,3,2,0,2,0,FALSE,TRUE
642,39,3,4,3,3,4,3,3,4,3,1,0,1,0,FALSE,TRUE
642,40,3,3,3,3,3,3,3,3,3,0,0,0,0,TRUE,TRUE
642,41,1,3,3,1,3,3,1,3,3,2,2,2,2,FALSE,FALSE
642,42,1,2,2,1,2,2,1,2,2,1,1,1,1,FALSE,FALSE
642,43,0,2,1,0,2,1,0,2,1,2,1,2,1,FALSE,FALSE
642,44,0,2,0,0,2,0,0,2,0,2,0,2,0,FALSE,TRUE
642,45,0,2,0,0,2,0,0,2,0,2,0,2,0,FALSE,TRUE
642,46,0,2,0,0,2,0,0,2,0,2,0,2,0,FALSE,TRUE
642,47,0,1,0,0,1,0,0,1,0,1,0,1,0,FALSE,TRUE
642,48,0,1,0,0,1,0,0,1,0,1,0,1,0,FALSE,TRUE
642,49,0,0,0,0,0,0,0,0,0,0,0,0,0,TRUE,TRUE
642,50,0,0,0,0,0,0,0,0,0,0,0,0,0,TRUE,TRUE
642,51,0,0,0,0,0,0,0,0,0,0,0,0,0,TRUE,TRUE
642,52,0,0,0,0,0,0,0,0,0,0,0,0,0,TRUE,TRUE
642,53,0,0,0,0,0,0,0,0,0,0,0,0,0,TRUE,TRUE
642,54,0,0,0,0,0,0,0,0,0,0,0,0,0,TRUE,TRUE
642,55,0,0,0,0,0,0,0,0,0,0,0,0,0,TRUE,TRUE
642,56,0,0,0,0,0,0,0,0,0,0,0,0,0,TRUE,TRUE
642,57,0,0,0,0,0,0,0,0,0,0,0,0,0,TRUE,TRUE
642,58,0,0,0,0,0,0,0,0,0,0,0,0,0,TRUE,TRUE
642,59,0,0,0,0,0,0,0,0,0,0,0,0,0,TRUE,TRUE
642,60,0,0,0,0,0,0,0,0,0,0,0,0,0,TRUE,TRUE
643,0,101,101,101,101,101,101,101,101,101,0,0,0,0,TRUE,TRUE
643,1,112,106,107,112,106,107,112,106,107,-6,-5,6,5,FALSE,FALSE
643,2,118,115,111,118,115,111,118,115,111,-3,-7,3,7,FALSE,FALSE
643,3,127,121,125,127,121,125,127,121,125,-6,-2,6,2,FALSE,FALSE
643,4,135,136,131,135,136,131,135,136,131,1,-4,1,4,FALSE,FALSE
643,5,146,161,140,146,161,140,146,161,140,15,-6,15,6,FALSE,FALSE
643,6,152,163,146,152,163,146,152,163,146,11,-6,11,6,FALSE,FALSE
643,7,164,166,174,164,166,174,164,166,174,2,10,2,10,FALSE,FALSE
643,8,182,185,191,182,185,191,182,185,191,3,9,3,9,FALSE,FALSE
643,9,197,189,206,197,189,206,197,189,206,-8,9,8,9,FALSE,FALSE
643,10,210,203,229,210,203,229,210,203,229,-7,19,7,19,FALSE,FALSE
643,11,221,208,252,221,208,252,221,208,252,-13,31,13,31,FALSE,FALSE
643,12,248,217,269,248,217,269,248,217,269,-31,21,31,21,FALSE,FALSE
643,13,264,226,280,264,226,280,264,226,280,-38,16,38,16,FALSE,FALSE
643,14,293,240,298,293,240,298,293,240,298,-53,5,53,5,FALSE,FALSE
643,15,305,246,304,305,246,304,305,246,304,-59,-1,59,1,FALSE,FALSE
643,16,328,250,328,328,250,328,328,250,328,-78,0,78,0,FALSE,TRUE
643,17,351,254,363,351,254,363,351,254,363,-97,12,97,12,FALSE,FALSE
643,18,366,267,379,366,267,379,366,267,379,-99,13,99,13,FALSE,FALSE
643,19,395,281,403,395,281,403,395,281,403,-114,8,114,8,FALSE,FALSE
643,20,416,314,423,416,314,423,416,314,423,-102,7,102,7,FALSE,FALSE
643,21,455,333,434,455,333,434,455,333,434,-122,-21,122,21,FALSE,FALSE
643,22,459,341,457,459,341,457,459,341,457,-118,-2,118,2,FALSE,FALSE
643,23,478,356,473,478,356,473,478,356,473,-122,-5,122,5,FALSE,FALSE
643,24,483,364,483,483,364,483,483,364,483,-119,0,119,0,FALSE,TRUE
643,25,485,373,499,485,373,499,485,373,499,-112,14,112,14,FALSE,FALSE
643,26,494,370,523,494,370,523,494,370,523,-124,29,124,29,FALSE,FALSE
643,27,504,394,545,504,394,545,504,394,545,-110,41,110,41,FALSE,FALSE
643,28,526,410,567,526,410,567,526,410,567,-116,41,116,41,FALSE,FALSE
643,29,547,419,588,547,419,588,547,419,588,-128,41,128,41,FALSE,FALSE
643,30,586,416,597,586,416,597,586,416,597,-170,11,170,11,FALSE,FALSE
643,31,592,439,626,592,439,626,592,439,626,-153,34,153,34,FALSE,FALSE
643,32,623,463,642,623,463,642,623,463,642,-160,19,160,19,FALSE,FALSE
643,33,642,489,657,642,489,657,642,489,657,-153,15,153,15,FALSE,FALSE
643,34,659,499,679,659,499,679,659,499,679,-160,20,160,20,FALSE,FALSE
643,35,658,504,684,658,504,684,658,504,684,-154,26,154,26,FALSE,FALSE
643,36,674,524,682,674,524,682,674,524,682,-150,8,150,8,FALSE,FALSE
643,37,686,550,708,686,550,708,686,550,708,-136,22,136,22,FALSE,FALSE
643,38,692,562,733,692,562,733,692,562,733,-130,41,130,41,FALSE,FALSE
643,39,685,570,732,685,570,732,685,570,732,-115,47,115,47,FALSE,FALSE
643,40,676,593,731,676,593,731,676,593,731,-83,55,83,55,FALSE,FALSE
643,41,692,616,727,692,616,727,692,616,727,-76,35,76,35,FALSE,FALSE
643,42,683,630,710,683,630,710,683,630,710,-53,27,53,27,FALSE,FALSE
643,43,691,629,712,691,629,712,691,629,712,-62,21,62,21,FALSE,FALSE
643,44,678,633,721,678,633,721,678,633,721,-45,43,45,43,FALSE,FALSE
643,45,671,638,702,671,638,702,671,638,702,-33,31,33,31,FALSE,FALSE
643,46,665,647,695,665,647,695,665,647,695,-18,30,18,30,FALSE,FALSE
643,47,677,642,699,677,642,699,677,642,699,-35,22,35,22,FALSE,FALSE
643,48,671,641,692,671,641,692,671,641,692,-30,21,30,21,FALSE,FALSE
643,49,649,651,676,649,651,676,649,651,676,2,27,2,27,FALSE,FALSE
643,50,642,642,662,642,642,662,642,642,662,0,20,0,20,TRUE,FALSE
643,51,645,627,660,645,627,660,645,627,660,-18,15,18,15,FALSE,FALSE
643,52,652,611,671,652,611,671,652,611,671,-41,19,41,19,FALSE,FALSE
643,53,660,604,657,660,604,657,660,604,657,-56,-3,56,3,FALSE,FALSE
643,54,642,585,642,642,585,642,642,585,642,-57,0,57,0,FALSE,TRUE
643,55,622,561,624,622,561,624,622,561,624,-61,2,61,2,FALSE,FALSE
643,56,619,557,616,619,557,616,619,557,616,-62,-3,62,3,FALSE,FALSE
643,57,608,552,617,608,552,617,608,552,617,-56,9,56,9,FALSE,FALSE
643,58,604,539,603,604,539,603,604,539,603,-65,-1,65,1,FALSE,FALSE
643,59,580,542,592,580,542,592,580,542,592,-38,12,38,12,FALSE,FALSE
643,60,575,517,576,575,517,576,575,517,576,-58,1,58,1,FALSE,FALSE
644,0,100,100,100,100,100,100,100,100,100,0,0,0,0,TRUE,TRUE
644,1,115,116,113,115,116,113,115,116,113,1,-2,1,2,FALSE,FALSE
644,2,121,128,115,121,128,115,121,128,115,7,-6,7,6,FALSE,FALSE
644,3,119,122,124,119,122,124,119,122,124,3,5,3,5,FALSE,FALSE
644,4,128,128,128,128,128,128,128,128,128,0,0,0,0,TRUE,TRUE
644,5,136,135,140,136,135,140,136,135,140,-1,4,1,4,FALSE,FALSE
644,6,149,148,154,149,148,154,149,148,154,-1,5,1,5,FALSE,FALSE
644,7,163,153,158,163,153,158,163,153,158,-10,-5,10,5,FALSE,FALSE
644,8,174,164,153,174,164,153,174,164,153,-10,-21,10,21,FALSE,FALSE
644,9,176,171,156,176,171,156,176,171,156,-5,-20,5,20,FALSE,FALSE
644,10,190,179,169,190,179,169,190,179,169,-11,-21,11,21,FALSE,FALSE
644,11,199,178,180,199,178,180,199,178,180,-21,-19,21,19,FALSE,FALSE
644,12,215,192,191,215,192,191,215,192,191,-23,-24,23,24,FALSE,FALSE
644,13,224,211,208,224,211,208,224,211,208,-13,-16,13,16,FALSE,FALSE
644,14,245,206,225,245,206,225,245,206,225,-39,-20,39,20,FALSE,FALSE
644,15,259,199,219,259,199,219,259,199,219,-60,-40,60,40,FALSE,FALSE
644,16,281,213,223,281,213,223,281,213,223,-68,-58,68,58,FALSE,FALSE
644,17,302,224,253,302,224,253,302,224,253,-78,-49,78,49,FALSE,FALSE
644,18,310,227,271,310,227,271,310,227,271,-83,-39,83,39,FALSE,FALSE
644,19,300,258,277,300,258,277,300,258,277,-42,-23,42,23,FALSE,FALSE
644,20,306,269,288,306,269,288,306,269,288,-37,-18,37,18,FALSE,FALSE
644,21,319,280,316,319,280,316,319,280,316,-39,-3,39,3,FALSE,FALSE
644,22,335,306,327,335,306,327,335,306,327,-29,-8,29,8,FALSE,FALSE
644,23,332,311,336,332,311,336,332,311,336,-21,4,21,4,FALSE,FALSE
644,24,330,325,329,330,325,329,330,325,329,-5,-1,5,1,FALSE,FALSE
644,25,336,330,321,336,330,321,336,330,321,-6,-15,6,15,FALSE,FALSE
644,26,344,344,333,344,344,333,344,344,333,0,-11,0,11,TRUE,FALSE
644,27,357,362,349,357,362,349,357,362,349,5,-8,5,8,FALSE,FALSE
644,28,360,364,354,360,364,354,360,364,354,4,-6,4,6,FALSE,FALSE
644,29,385,376,356,385,376,356,385,376,356,-9,-29,9,29,FALSE,FALSE
644,30,401,386,360,401,386,360,401,386,360,-15,-41,15,41,FALSE,FALSE
644,31,418,398,367,418,398,367,418,398,367,-20,-51,20,51,FALSE,FALSE
644,32,436,393,376,436,393,376,436,393,376,-43,-60,43,60,FALSE,FALSE
644,33,439,384,368,439,384,368,439,384,368,-55,-71,55,71,FALSE,FALSE
644,34,439,385,371,439,385,371,439,385,371,-54,-68,54,68,FALSE,FALSE
644,35,463,386,379,463,386,379,463,386,379,-77,-84,77,84,FALSE,FALSE
644,36,485,400,388,485,400,388,485,400,388,-85,-97,85,97,FALSE,FALSE
644,37,481,384,381,481,384,381,481,384,381,-97,-100,97,100,FALSE,FALSE
644,38,490,378,392,490,378,392,490,378,392,-112,-98,112,98,FALSE,FALSE
644,39,473,372,407,473,372,407,473,372,407,-101,-66,101,66,FALSE,FALSE
644,40,458,373,421,458,373,421,458,373,421,-85,-37,85,37,FALSE,FALSE
644,41,452,372,416,452,372,416,452,372,416,-80,-36,80,36,FALSE,FALSE
644,42,459,390,417,459,390,417,459,390,417,-69,-42,69,42,FALSE,FALSE
644,43,444,380,407,444,380,407,444,380,407,-64,-37,64,37,FALSE,FALSE
644,44,461,373,399,461,373,399,461,373,399,-88,-62,88,62,FALSE,FALSE
644,45,466,362,399,466,362,399,466,362,399,-104,-67,104,67,FALSE,FALSE
644,46,425,347,391,425,347,391,425,347,391,-78,-34,78,34,FALSE,FALSE
644,47,395,342,378,395,342,378,395,342,378,-53,-17,53,17,FALSE,FALSE
644,48,386,339,370,386,339,370,386,339,370,-47,-16,47,16,FALSE,FALSE
644,49,381,327,370,381,327,370,381,327,370,-54,-11,54,11,FALSE,FALSE
644,50,369,344,353,369,344,353,369,344,353,-25,-16,25,16,FALSE,FALSE
644,51,368,353,317,368,353,317,368,353,317,-15,-51,15,51,FALSE,FALSE
644,52,365,350,306,365,350,306,365,350,306,-15,-59,15,59,FALSE,FALSE
644,53,371,344,296,371,344,296,371,344,296,-27,-75,27,75,FALSE,FALSE
644,54,346,322,300,346,322,300,346,322,300,-24,-46,24,46,FALSE,FALSE
644,55,333,314,283,333,314,283,333,314,283,-19,-50,19,50,FALSE,FALSE
644,56,327,323,283,327,323,283,327,323,283,-4,-44,4,44,FALSE,FALSE
644,57,327,313,287,327,313,287,327,313,287,-14,-40,14,40,FALSE,FALSE
644,58,323,302,277,323,302,277,323,302,277,-21,-46,21,46,FALSE,FALSE
644,59,318,287,256,318,287,256,318,287,256,-31,-62,31,62,FALSE,FALSE
644,60,304,287,254,304,287,254,304,287,254,-17,-50,17,50,FALSE,FALSE
645,0,66,66,66,66,66,66,66,66,66,0,0,0,0,TRUE,TRUE
645,1,64,81,71,64,81,71,64,81,71,17,7,17,7,FALSE,FALSE
645,2,67,88,67,67,88,67,67,88,67,21,0,21,0,FALSE,TRUE
645,3,68,91,70,68,91,70,68,91,70,23,2,23,2,FALSE,FALSE
645,4,78,95,81,78,95,81,78,95,81,17,3,17,3,FALSE,FALSE
645,5,81,94,87,81,94,87,81,94,87,13,6,13,6,FALSE,FALSE
645,6,94,99,89,94,99,89,94,99,89,5,-5,5,5,FALSE,FALSE
645,7,106,109,103,106,109,103,106,109,103,3,-3,3,3,FALSE,FALSE
645,8,127,113,109,127,113,109,127,113,109,-14,-18,14,18,FALSE,FALSE
645,9,137,122,114,137,122,114,137,122,114,-15,-23,15,23,FALSE,FALSE
645,10,147,126,122,147,126,122,147,126,122,-21,-25,21,25,FALSE,FALSE
645,11,146,135,135,146,135,135,146,135,135,-11,-11,11,11,FALSE,FALSE
645,12,142,132,142,142,132,142,142,132,142,-10,0,10,0,FALSE,TRUE
645,13,153,137,158,153,137,158,153,137,158,-16,5,16,5,FALSE,FALSE
645,14,163,149,175,163,149,175,163,149,175,-14,12,14,12,FALSE,FALSE
645,15,165,154,206,165,154,206,165,154,206,-11,41,11,41,FALSE,FALSE
645,16,182,160,211,182,160,211,182,160,211,-22,29,22,29,FALSE,FALSE
645,17,188,174,216,188,174,216,188,174,216,-14,28,14,28,FALSE,FALSE
645,18,205,177,226,205,177,226,205,177,226,-28,21,28,21,FALSE,FALSE
645,19,218,180,230,218,180,230,218,180,230,-38,12,38,12,FALSE,FALSE
645,20,231,174,237,231,174,237,231,174,237,-57,6,57,6,FALSE,FALSE
645,21,241,177,263,241,177,263,241,177,263,-64,22,64,22,FALSE,FALSE
645,22,264,197,260,264,197,260,264,197,260,-67,-4,67,4,FALSE,FALSE
645,23,281,213,294,281,213,294,281,213,294,-68,13,68,13,FALSE,FALSE
645,24,312,222,305,312,222,305,312,222,305,-90,-7,90,7,FALSE,FALSE
645,25,330,225,316,330,225,316,330,225,316,-105,-14,105,14,FALSE,FALSE
645,26,364,259,328,364,259,328,364,259,328,-105,-36,105,36,FALSE,FALSE
645,27,387,275,343,387,275,343,387,275,343,-112,-44,112,44,FALSE,FALSE
645,28,403,270,344,403,270,344,403,270,344,-133,-59,133,59,FALSE,FALSE
645,29,411,283,352,411,283,352,411,283,352,-128,-59,128,59,FALSE,FALSE
645,30,422,292,353,422,292,353,422,292,353,-130,-69,130,69,FALSE,FALSE
645,31,459,304,367,459,304,367,459,304,367,-155,-92,155,92,FALSE,FALSE
645,32,455,302,384,455,302,384,455,302,384,-153,-71,153,71,FALSE,FALSE
645,33,480,316,379,480,316,379,480,316,379,-164,-101,164,101,FALSE,FALSE
645,34,486,307,391,486,307,391,486,307,391,-179,-95,179,95,FALSE,FALSE
645,35,496,316,372,496,316,372,496,316,372,-180,-124,180,124,FALSE,FALSE
645,36,488,315,371,488,315,371,488,315,371,-173,-117,173,117,FALSE,FALSE
645,37,490,325,378,490,325,378,490,325,378,-165,-112,165,112,FALSE,FALSE
645,38,494,336,385,494,336,385,494,336,385,-158,-109,158,109,FALSE,FALSE
645,39,510,341,388,510,341,388,510,341,388,-169,-122,169,122,FALSE,FALSE
645,40,528,355,382,528,355,382,528,355,382,-173,-146,173,146,FALSE,FALSE
645,41,527,356,367,527,356,367,527,356,367,-171,-160,171,160,FALSE,FALSE
645,42,526,358,367,526,358,367,526,358,367,-168,-159,168,159,FALSE,FALSE
645,43,522,365,371,522,365,371,522,365,371,-157,-151,157,151,FALSE,FALSE
645,44,518,359,388,518,359,388,518,359,388,-159,-130,159,130,FALSE,FALSE
645,45,495,360,371,495,360,371,495,360,371,-135,-124,135,124,FALSE,FALSE
645,46,513,358,370,513,358,370,513,358,370,-155,-143,155,143,FALSE,FALSE
645,47,506,322,374,506,322,374,506,322,374,-184,-132,184,132,FALSE,FALSE
645,48,509,311,379,509,311,379,509,311,379,-198,-130,198,130,FALSE,FALSE
645,49,478,325,383,478,325,383,478,325,383,-153,-95,153,95,FALSE,FALSE
645,50,471,326,367,471,326,367,471,326,367,-145,-104,145,104,FALSE,FALSE
645,51,457,320,360,457,320,360,457,320,360,-137,-97,137,97,FALSE,FALSE
645,52,449,303,356,449,303,356,449,303,356,-146,-93,146,93,FALSE,FALSE
645,53,434,299,334,434,299,334,434,299,334,-135,-100,135,100,FALSE,FALSE
645,54,397,278,332,397,278,332,397,278,332,-119,-65,119,65,FALSE,FALSE
645,55,385,264,328,385,264,328,385,264,328,-121,-57,121,57,FALSE,FALSE
645,56,373,267,317,373,267,317,373,267,317,-106,-56,106,56,FALSE,FALSE
645,57,352,259,313,352,259,313,352,259,313,-93,-39,93,39,FALSE,FALSE
645,58,343,245,292,343,245,292,343,245,292,-98,-51,98,51,FALSE,FALSE
645,59,327,235,280,327,235,280,327,235,280,-92,-47,92,47,FALSE,FALSE
645,60,302,223,258,302,223,258,302,223,258,-79,-44,79,44,FALSE,FALSE
646,0,87,87,87,87,87,87,87,87,87,0,0,0,0,TRUE,TRUE
646,1,114,97,105,114,97,105,114,97,105,-17,-9,17,9,FALSE,FALSE
646,2,131,117,131,131,117,131,131,117,131,-14,0,14,0,FALSE,TRUE
646,3,160,150,160,160,150,160,160,150,160,-10,0,10,0,FALSE,TRUE
646,4,197,181,193,197,181,193,197,181,193,-16,-4,16,4,FALSE,FALSE
646,5,244,221,234,244,221,234,244,221,234,-23,-10,23,10,FALSE,FALSE
646,6,304,280,282,304,280,282,304,280,282,-24,-22,24,22,FALSE,FALSE
646,7,383,362,347,383,362,347,383,362,347,-21,-36,21,36,FALSE,FALSE
646,8,439,454,407,439,454,407,439,454,407,15,-32,15,32,FALSE,FALSE
646,9,547,560,475,547,560,475,547,560,475,13,-72,13,72,FALSE,FALSE
646,10,668,698,568,668,698,568,668,698,568,30,-100,30,100,FALSE,FALSE
646,11,783,815,664,783,815,664,783,815,664,32,-119,32,119,FALSE,FALSE
646,12,907,1002,785,907,1002,785,907,1002,785,95,-122,95,122,FALSE,FALSE
646,13,1056,1119,920,1056,1119,920,1056,1119,920,63,-136,63,136,FALSE,FALSE
646,14,1218,1298,1064,1218,1298,1064,1218,1298,1064,80,-154,80,154,FALSE,FALSE
646,15,1405,1460,1189,1405,1460,1189,1405,1460,1189,55,-216,55,216,FALSE,FALSE
646,16,1575,1626,1357,1575,1626,1357,1575,1626,1357,51,-218,51,218,FALSE,FALSE
646,17,1754,1786,1510,1754,1786,1510,1754,1786,1510,32,-244,32,244,FALSE,FALSE
646,18,1881,1930,1625,1881,1930,1625,1881,1930,1625,49,-256,49,256,FALSE,FALSE
646,19,1984,2073,1749,1984,2073,1749,1984,2073,1749,89,-235,89,235,FALSE,FALSE
646,20,2120,2161,1862,2120,2161,1862,2120,2161,1862,41,-258,41,258,FALSE,FALSE
646,21,2206,2232,1947,2206,2232,1947,2206,2232,1947,26,-259,26,259,FALSE,FALSE
646,22,2268,2246,2009,2268,2246,2009,2268,2246,2009,-22,-259,22,259,FALSE,FALSE
646,23,2247,2269,2087,2247,2269,2087,2247,2269,2087,22,-160,22,160,FALSE,FALSE
646,24,2248,2268,2101,2248,2268,2101,2248,2268,2101,20,-147,20,147,FALSE,FALSE
646,25,2235,2233,2103,2235,2233,2103,2235,2233,2103,-2,-132,2,132,FALSE,FALSE
646,26,2180,2180,2107,2180,2180,2107,2180,2180,2107,0,-73,0,73,TRUE,FALSE
646,27,2108,2080,2064,2108,2080,2064,2108,2080,2064,-28,-44,28,44,FALSE,FALSE
646,28,2036,2003,2036,2036,2003,2036,2036,2003,2036,-33,0,33,0,FALSE,TRUE
646,29,1946,1942,1981,1946,1942,1981,1946,1942,1981,-4,35,4,35,FALSE,FALSE
646,30,1855,1872,1947,1855,1872,1947,1855,1872,1947,17,92,17,92,FALSE,FALSE
646,31,1770,1791,1857,1770,1791,1857,1770,1791,1857,21,87,21,87,FALSE,FALSE
646,32,1671,1704,1773,1671,1704,1773,1671,1704,1773,33,102,33,102,FALSE,FALSE
646,33,1569,1610,1691,1569,1610,1691,1569,1610,1691,41,122,41,122,FALSE,FALSE
646,34,1479,1511,1595,1479,1511,1595,1479,1511,1595,32,116,32,116,FALSE,FALSE
646,35,1401,1416,1524,1401,1416,1524,1401,1416,1524,15,123,15,123,FALSE,FALSE
646,36,1321,1338,1424,1321,1338,1424,1321,1338,1424,17,103,17,103,FALSE,FALSE
646,37,1223,1285,1355,1223,1285,1355,1223,1285,1355,62,132,62,132,FALSE,FALSE
646,38,1128,1199,1287,1128,1199,1287,1128,1199,1287,71,159,71,159,FALSE,FALSE
646,39,1074,1121,1183,1074,1121,1183,1074,1121,1183,47,109,47,109,FALSE,FALSE
646,40,1009,1057,1110,1009,1057,1110,1009,1057,1110,48,101,48,101,FALSE,FALSE
646,41,949,999,1055,949,999,1055,949,999,1055,50,106,50,106,FALSE,FALSE
646,42,885,926,998,885,926,998,885,926,998,41,113,41,113,FALSE,FALSE
646,43,826,865,936,826,865,936,826,865,936,39,110,39,110,FALSE,FALSE
646,44,757,808,888,757,808,888,757,808,888,51,131,51,131,FALSE,FALSE
646,45,710,746,837,710,746,837,710,746,837,36,127,36,127,FALSE,FALSE
646,46,663,702,769,663,702,769,663,702,769,39,106,39,106,FALSE,FALSE
646,47,629,660,709,629,660,709,629,660,709,31,80,31,80,FALSE,FALSE
646,48,575,631,670,575,631,670,575,631,670,56,95,56,95,FALSE,FALSE
646,49,524,579,615,524,579,615,524,579,615,55,91,55,91,FALSE,FALSE
646,50,490,544,569,490,544,569,490,544,569,54,79,54,79,FALSE,FALSE
646,51,463,499,534,463,499,534,463,499,534,36,71,36,71,FALSE,FALSE
646,52,431,462,492,431,462,492,431,462,492,31,61,31,61,FALSE,FALSE
646,53,398,438,464,398,438,464,398,438,464,40,66,40,66,FALSE,FALSE
646,54,373,407,430,373,407,430,373,407,430,34,57,34,57,FALSE,FALSE
646,55,332,369,396,332,369,396,332,369,396,37,64,37,64,FALSE,FALSE
646,56,299,348,369,299,348,369,299,348,369,49,70,49,70,FALSE,FALSE
646,57,274,315,343,274,315,343,274,315,343,41,69,41,69,FALSE,FALSE
646,58,249,302,320,249,302,320,249,302,320,53,71,53,71,FALSE,FALSE
646,59,231,270,298,231,270,298,231,270,298,39,67,39,67,FALSE,FALSE
646,60,215,255,273,215,255,273,215,255,273,40,58,40,58,FALSE,FALSE
647,0,102,102,102,102,102,102,102,102,102,0,0,0,0,TRUE,TRUE
647,1,118,127,116,118,127,116,118,127,116,9,-2,9,2,FALSE,FALSE
647,2,143,146,137,143,146,137,143,146,137,3,-6,3,6,FALSE,FALSE
647,3,156,171,142,156,171,142,156,171,142,15,-14,15,14,FALSE,FALSE
647,4,182,203,165,182,203,165,182,203,165,21,-17,21,17,FALSE,FALSE
647,5,222,230,193,222,230,193,222,230,193,8,-29,8,29,FALSE,FALSE
647,6,257,265,220,257,265,220,257,265,220,8,-37,8,37,FALSE,FALSE
647,7,301,312,232,301,312,232,301,312,232,11,-69,11,69,FALSE,FALSE
647,8,344,345,245,344,345,245,344,345,245,1,-99,1,99,FALSE,FALSE
647,9,401,400,270,401,400,270,401,400,270,-1,-131,1,131,FALSE,FALSE
647,10,454,443,299,454,443,299,454,443,299,-11,-155,11,155,FALSE,FALSE
647,11,505,518,339,505,518,339,505,518,339,13,-166,13,166,FALSE,FALSE
647,12,545,557,384,545,557,384,545,557,384,12,-161,12,161,FALSE,FALSE
647,13,604,598,425,604,598,425,604,598,425,-6,-179,6,179,FALSE,FALSE
647,14,670,650,478,670,650,478,670,650,478,-20,-192,20,192,FALSE,FALSE
647,15,729,730,527,729,730,527,729,730,527,1,-202,1,202,FALSE,FALSE
647,16,798,789,568,798,789,568,798,789,568,-9,-230,9,230,FALSE,FALSE
647,17,859,846,638,859,846,638,859,846,638,-13,-221,13,221,FALSE,FALSE
647,18,932,917,700,932,917,700,932,917,700,-15,-232,15,232,FALSE,FALSE
647,19,969,972,762,969,972,762,969,972,762,3,-207,3,207,FALSE,FALSE
647,20,1073,1033,836,1073,1033,836,1073,1033,836,-40,-237,40,237,FALSE,FALSE
647,21,1133,1107,907,1133,1107,907,1133,1107,907,-26,-226,26,226,FALSE,FALSE
647,22,1176,1156,967,1176,1156,967,1176,1156,967,-20,-209,20,209,FALSE,FALSE
647,23,1223,1211,1024,1223,1211,1024,1223,1211,1024,-12,-199,12,199,FALSE,FALSE
647,24,1289,1244,1076,1289,1244,1076,1289,1244,1076,-45,-213,45,213,FALSE,FALSE
647,25,1315,1286,1118,1315,1286,1118,1315,1286,1118,-29,-197,29,197,FALSE,FALSE
647,26,1317,1337,1177,1317,1337,1177,1317,1337,1177,20,-140,20,140,FALSE,FALSE
647,27,1347,1325,1201,1347,1325,1201,1347,1325,1201,-22,-146,22,146,FALSE,FALSE
647,28,1350,1286,1223,1350,1286,1223,1350,1286,1223,-64,-127,64,127,FALSE,FALSE
647,29,1331,1278,1235,1331,1278,1235,1331,1278,1235,-53,-96,53,96,FALSE,FALSE
647,30,1323,1257,1240,1323,1257,1240,1323,1257,1240,-66,-83,66,83,FALSE,FALSE
647,31,1279,1253,1242,1279,1253,1242,1279,1253,1242,-26,-37,26,37,FALSE,FALSE
647,32,1270,1210,1256,1270,1210,1256,1270,1210,1256,-60,-14,60,14,FALSE,FALSE
647,33,1248,1205,1228,1248,1205,1228,1248,1205,1228,-43,-20,43,20,FALSE,FALSE
647,34,1205,1174,1206,1205,1174,1206,1205,1174,1206,-31,1,31,1,FALSE,FALSE
647,35,1174,1154,1163,1174,1154,1163,1174,1154,1163,-20,-11,20,11,FALSE,FALSE
647,36,1125,1147,1120,1125,1147,1120,1125,1147,1120,22,-5,22,5,FALSE,FALSE
647,37,1090,1088,1088,1090,1088,1088,1090,1088,1088,-2,-2,2,2,FALSE,FALSE
647,38,1055,1058,1051,1055,1058,1051,1055,1058,1051,3,-4,3,4,FALSE,FALSE
647,39,999,995,1005,999,995,1005,999,995,1005,-4,6,4,6,FALSE,FALSE
647,40,924,941,988,924,941,988,924,941,988,17,64,17,64,FALSE,FALSE
647,41,864,886,942,864,886,942,864,886,942,22,78,22,78,FALSE,FALSE
647,42,803,845,897,803,845,897,803,845,897,42,94,42,94,FALSE,FALSE
647,43,763,802,870,763,802,870,763,802,870,39,107,39,107,FALSE,FALSE
647,44,698,770,820,698,770,820,698,770,820,72,122,72,122,FALSE,FALSE
647,45,656,719,790,656,719,790,656,719,790,63,134,63,134,FALSE,FALSE
647,46,608,682,735,608,682,735,608,682,735,74,127,74,127,FALSE,FALSE
647,47,565,645,682,565,645,682,565,645,682,80,117,80,117,FALSE,FALSE
647,48,509,593,646,509,593,646,509,593,646,84,137,84,137,FALSE,FALSE
647,49,471,549,592,471,549,592,471,549,592,78,121,78,121,FALSE,FALSE
647,50,433,520,546,433,520,546,433,520,546,87,113,87,113,FALSE,FALSE
647,51,393,486,502,393,486,502,393,486,502,93,109,93,109,FALSE,FALSE
647,52,368,449,465,368,449,465,368,449,465,81,97,81,97,FALSE,FALSE
647,53,346,425,442,346,425,442,346,425,442,79,96,79,96,FALSE,FALSE
647,54,326,396,422,326,396,422,326,396,422,70,96,70,96,FALSE,FALSE
647,55,302,356,394,302,356,394,302,356,394,54,92,54,92,FALSE,FALSE
647,56,274,343,370,274,343,370,274,343,370,69,96,69,96,FALSE,FALSE
647,57,264,324,358,264,324,358,264,324,358,60,94,60,94,FALSE,FALSE
647,58,242,298,342,242,298,342,242,298,342,56,100,56,100,FALSE,FALSE
647,59,214,276,313,214,276,313,214,276,313,62,99,62,99,FALSE,FALSE
647,60,191,259,290,191,259,290,191,259,290,68,99,68,99,FALSE,FALSE
648,0,137,137,137,137,137,137,137,137,137,0,0,0,0,TRUE,TRUE
648,1,169,187,172,169,187,172,169,187,172,18,3,18,3,FALSE,FALSE
648,2,221,240,237,221,240,237,221,240,237,19,16,19,16,FALSE,FALSE
648,3,299,298,302,299,298,302,299,298,302,-1,3,1,3,FALSE,FALSE
648,4,402,376,394,402,376,394,402,376,394,-26,-8,26,8,FALSE,FALSE
648,5,502,477,498,502,477,498,502,477,498,-25,-4,25,4,FALSE,FALSE
648,6,625,635,618,625,635,618,625,635,618,10,-7,10,7,FALSE,FALSE
648,7,784,817,747,784,817,747,784,817,747,33,-37,33,37,FALSE,FALSE
648,8,999,1021,936,999,1021,936,999,1021,936,22,-63,22,63,FALSE,FALSE
648,9,1219,1239,1138,1219,1239,1138,1219,1239,1138,20,-81,20,81,FALSE,FALSE
648,10,1465,1508,1374,1465,1508,1374,1465,1508,1374,43,-91,43,91,FALSE,FALSE
648,11,1741,1813,1610,1741,1813,1610,1741,1813,1610,72,-131,72,131,FALSE,FALSE
648,12,2074,2134,1970,2074,2134,1970,2074,2134,1970,60,-104,60,104,FALSE,FALSE
648,13,2314,2461,2272,2314,2461,2272,2314,2461,2272,147,-42,147,42,FALSE,FALSE
648,14,2575,2708,2602,2575,2708,2602,2575,2708,2602,133,27,133,27,FALSE,FALSE
648,15,2830,2957,2870,2830,2957,2870,2830,2957,2870,127,40,127,40,FALSE,FALSE
648,16,3025,3158,3088,3025,3158,3088,3025,3158,3088,133,63,133,63,FALSE,FALSE
648,17,3193,3289,3250,3193,3289,3250,3193,3289,3250,96,57,96,57,FALSE,FALSE
648,18,3311,3354,3324,3311,3354,3324,3311,3354,3324,43,13,43,13,FALSE,FALSE
648,19,3380,3389,3362,3380,3389,3362,3380,3389,3362,9,-18,9,18,FALSE,FALSE
648,20,3370,3373,3366,3370,3373,3366,3370,3373,3366,3,-4,3,4,FALSE,FALSE
648,21,3333,3310,3297,3333,3310,3297,3333,3310,3297,-23,-36,23,36,FALSE,FALSE
648,22,3248,3181,3224,3248,3181,3224,3248,3181,3224,-67,-24,67,24,FALSE,FALSE
648,23,3165,3062,3138,3165,3062,3138,3165,3062,3138,-103,-27,103,27,FALSE,FALSE
648,24,2995,2921,2994,2995,2921,2994,2995,2921,2994,-74,-1,74,1,FALSE,FALSE
648,25,2814,2721,2867,2814,2721,2867,2814,2721,2867,-93,53,93,53,FALSE,FALSE
648,26,2672,2553,2683,2672,2553,2683,2672,2553,2683,-119,11,119,11,FALSE,FALSE
648,27,2518,2369,2536,2518,2369,2536,2518,2369,2536,-149,18,149,18,FALSE,FALSE
648,28,2314,2208,2358,2314,2208,2358,2314,2208,2358,-106,44,106,44,FALSE,FALSE
648,29,2134,2032,2188,2134,2032,2188,2134,2032,2188,-102,54,102,54,FALSE,FALSE
648,30,1985,1890,2012,1985,1890,2012,1985,1890,2012,-95,27,95,27,FALSE,FALSE
648,31,1814,1716,1830,1814,1716,1830,1814,1716,1830,-98,16,98,16,FALSE,FALSE
648,32,1681,1594,1692,1681,1594,1692,1681,1594,1692,-87,11,87,11,FALSE,FALSE
648,33,1557,1463,1547,1557,1463,1547,1557,1463,1547,-94,-10,94,10,FALSE,FALSE
648,34,1427,1338,1410,1427,1338,1410,1427,1338,1410,-89,-17,89,17,FALSE,FALSE
648,35,1308,1214,1284,1308,1214,1284,1308,1214,1284,-94,-24,94,24,FALSE,FALSE
648,36,1186,1088,1164,1186,1088,1164,1186,1088,1164,-98,-22,98,22,FALSE,FALSE
648,37,1083,973,1057,1083,973,1057,1083,973,1057,-110,-26,110,26,FALSE,FALSE
648,38,1015,884,976,1015,884,976,1015,884,976,-131,-39,131,39,FALSE,FALSE
648,39,922,804,894,922,804,894,922,804,894,-118,-28,118,28,FALSE,FALSE
648,40,836,720,818,836,720,818,836,720,818,-116,-18,116,18,FALSE,FALSE
648,41,766,654,743,766,654,743,766,654,743,-112,-23,112,23,FALSE,FALSE
648,42,698,598,676,698,598,676,698,598,676,-100,-22,100,22,FALSE,FALSE
648,43,630,548,606,630,548,606,630,548,606,-82,-24,82,24,FALSE,FALSE
648,44,568,487,549,568,487,549,568,487,549,-81,-19,81,19,FALSE,FALSE
648,45,522,437,502,522,437,502,522,437,502,-85,-20,85,20,FALSE,FALSE
648,46,466,389,447,466,389,447,466,389,447,-77,-19,77,19,FALSE,FALSE
648,47,422,360,411,422,360,411,422,360,411,-62,-11,62,11,FALSE,FALSE
648,48,384,321,370,384,321,370,384,321,370,-63,-14,63,14,FALSE,FALSE
648,49,357,278,337,357,278,337,357,278,337,-79,-20,79,20,FALSE,FALSE
648,50,324,260,306,324,260,306,324,260,306,-64,-18,64,18,FALSE,FALSE
648,51,291,230,283,291,230,283,291,230,283,-61,-8,61,8,FALSE,FALSE
648,52,269,206,262,269,206,262,269,206,262,-63,-7,63,7,FALSE,FALSE
648,53,237,191,238,237,191,238,237,191,238,-46,1,46,1,FALSE,FALSE
648,54,205,180,210,205,180,210,205,180,210,-25,5,25,5,FALSE,FALSE
648,55,188,164,192,188,164,192,188,164,192,-24,4,24,4,FALSE,FALSE
648,56,168,140,176,168,140,176,168,140,176,-28,8,28,8,FALSE,FALSE
648,57,162,125,166,162,125,166,162,125,166,-37,4,37,4,FALSE,FALSE
648,58,145,112,149,145,112,149,145,112,149,-33,4,33,4,FALSE,FALSE
648,59,132,108,131,132,108,131,132,108,131,-24,-1,24,1,FALSE,FALSE
648,60,122,97,113,122,97,113,122,97,113,-25,-9,25,9,FALSE,FALSE
649,0,63,63,63,63,63,63,63,63,63,0,0,0,0,TRUE,TRUE
649,1,69,81,71,69,81,71,69,81,71,12,2,12,2,FALSE,FALSE
649,2,80,93,82,80,93,82,80,93,82,13,2,13,2,FALSE,FALSE
649,3,88,107,92,88,107,92,88,107,92,19,4,19,4,FALSE,FALSE
649,4,103,116,101,103,116,101,103,116,101,13,-2,13,2,FALSE,FALSE
649,5,118,119,117,118,119,117,118,119,117,1,-1,1,1,FALSE,FALSE
649,6,126,134,127,126,134,127,126,134,127,8,1,8,1,FALSE,FALSE
649,7,148,146,147,148,146,147,148,146,147,-2,-1,2,1,FALSE,FALSE
649,8,162,169,167,162,169,167,162,169,167,7,5,7,5,FALSE,FALSE
649,9,193,193,193,193,193,193,193,193,193,0,0,0,0,TRUE,TRUE
649,10,216,215,227,216,215,227,216,215,227,-1,11,1,11,FALSE,FALSE
649,11,250,240,265,250,240,265,250,240,265,-10,15,10,15,FALSE,FALSE
649,12,274,277,303,274,277,303,274,277,303,3,29,3,29,FALSE,FALSE
649,13,301,311,332,301,311,332,301,311,332,10,31,10,31,FALSE,FALSE
649,14,338,343,366,338,343,366,338,343,366,5,28,5,28,FALSE,FALSE
649,15,400,386,407,400,386,407,400,386,407,-14,7,14,7,FALSE,FALSE
649,16,469,432,466,469,432,466,469,432,466,-37,-3,37,3,FALSE,FALSE
649,17,517,472,525,517,472,525,517,472,525,-45,8,45,8,FALSE,FALSE
649,18,567,524,581,567,524,581,567,524,581,-43,14,43,14,FALSE,FALSE
649,19,619,586,651,619,586,651,619,586,651,-33,32,33,32,FALSE,FALSE
649,20,661,646,710,661,646,710,661,646,710,-15,49,15,49,FALSE,FALSE
649,21,736,691,766,736,691,766,736,691,766,-45,30,45,30,FALSE,FALSE
649,22,792,746,844,792,746,844,792,746,844,-46,52,46,52,FALSE,FALSE
649,23,850,808,898,850,808,898,850,808,898,-42,48,42,48,FALSE,FALSE
649,24,917,878,966,917,878,966,917,878,966,-39,49,39,49,FALSE,FALSE
649,25,969,936,1021,969,936,1021,969,936,1021,-33,52,33,52,FALSE,FALSE
649,26,1027,989,1102,1027,989,1102,1027,989,1102,-38,75,38,75,FALSE,FALSE
649,27,1072,1058,1165,1072,1058,1165,1072,1058,1165,-14,93,14,93,FALSE,FALSE
649,28,1144,1103,1226,1144,1103,1226,1144,1103,1226,-41,82,41,82,FALSE,FALSE
649,29,1222,1158,1279,1222,1158,1279,1222,1158,1279,-64,57,64,57,FALSE,FALSE
649,30,1303,1215,1334,1303,1215,1334,1303,1215,1334,-88,31,88,31,FALSE,FALSE
649,31,1355,1287,1394,1355,1287,1394,1355,1287,1394,-68,39,68,39,FALSE,FALSE
649,32,1396,1333,1441,1396,1333,1441,1396,1333,1441,-63,45,63,45,FALSE,FALSE
649,33,1426,1386,1494,1426,1386,1494,1426,1386,1494,-40,68,40,68,FALSE,FALSE
649,34,1488,1411,1511,1488,1411,1511,1488,1411,1511,-77,23,77,23,FALSE,FALSE
649,35,1509,1428,1556,1509,1428,1556,1509,1428,1556,-81,47,81,47,FALSE,FALSE
649,36,1532,1435,1593,1532,1435,1593,1532,1435,1593,-97,61,97,61,FALSE,FALSE
649,37,1561,1480,1605,1561,1480,1605,1561,1480,1605,-81,44,81,44,FALSE,FALSE
649,38,1607,1483,1622,1607,1483,1622,1607,1483,1622,-124,15,124,15,FALSE,FALSE
649,39,1623,1513,1621,1623,1513,1621,1623,1513,1621,-110,-2,110,2,FALSE,FALSE
649,40,1619,1508,1608,1619,1508,1608,1619,1508,1608,-111,-11,111,11,FALSE,FALSE
649,41,1615,1528,1590,1615,1528,1590,1615,1528,1590,-87,-25,87,25,FALSE,FALSE
649,42,1633,1539,1556,1633,1539,1556,1633,1539,1556,-94,-77,94,77,FALSE,FALSE
649,43,1633,1526,1524,1633,1526,1524,1633,1526,1524,-107,-109,107,109,FALSE,FALSE
649,44,1614,1504,1514,1614,1504,1514,1614,1504,1514,-110,-100,110,100,FALSE,FALSE
649,45,1580,1478,1471,1580,1478,1471,1580,1478,1471,-102,-109,102,109,FALSE,FALSE
649,46,1539,1455,1425,1539,1455,1425,1539,1455,1425,-84,-114,84,114,FALSE,FALSE
649,47,1509,1395,1377,1509,1395,1377,1509,1395,1377,-114,-132,114,132,FALSE,FALSE
649,48,1477,1382,1354,1477,1382,1354,1477,1382,1354,-95,-123,95,123,FALSE,FALSE
649,49,1443,1348,1301,1443,1348,1301,1443,1348,1301,-95,-142,95,142,FALSE,FALSE
649,50,1399,1325,1233,1399,1325,1233,1399,1325,1233,-74,-166,74,166,FALSE,FALSE
649,51,1327,1275,1181,1327,1275,1181,1327,1275,1181,-52,-146,52,146,FALSE,FALSE
649,52,1266,1238,1143,1266,1238,1143,1266,1238,1143,-28,-123,28,123,FALSE,FALSE
649,53,1220,1192,1110,1220,1192,1110,1220,1192,1110,-28,-110,28,110,FALSE,FALSE
649,54,1184,1158,1074,1184,1158,1074,1184,1158,1074,-26,-110,26,110,FALSE,FALSE
649,55,1132,1112,1051,1132,1112,1051,1132,1112,1051,-20,-81,20,81,FALSE,FALSE
649,56,1074,1047,1027,1074,1047,1027,1074,1047,1027,-27,-47,27,47,FALSE,FALSE
649,57,1015,1011,970,1015,1011,970,1015,1011,970,-4,-45,4,45,FALSE,FALSE
649,58,957,956,939,957,956,939,957,956,939,-1,-18,1,18,FALSE,FALSE
649,59,906,918,900,906,918,900,906,918,900,12,-6,12,6,FALSE,FALSE
649,60,876,879,856,876,879,856,876,879,856,3,-20,3,20,FALSE,FALSE
650,0,153,153,153,153,153,153,153,153,153,0,0,0,0,TRUE,TRUE
650,1,219,212,203,219,212,203,219,212,203,-7,-16,7,16,FALSE,FALSE
650,2,330,312,286,330,312,286,330,312,286,-18,-44,18,44,FALSE,FALSE
650,3,486,444,411,486,444,411,486,444,411,-42,-75,42,75,FALSE,FALSE
650,4,678,614,594,678,614,594,678,614,594,-64,-84,64,84,FALSE,FALSE
650,5,962,835,813,962,835,813,962,835,813,-127,-149,127,149,FALSE,FALSE
650,6,1272,1116,1077,1272,1116,1077,1272,1116,1077,-156,-195,156,195,FALSE,FALSE
650,7,1656,1462,1427,1656,1462,1427,1656,1462,1427,-194,-229,194,229,FALSE,FALSE
650,8,2088,1865,1857,2088,1865,1857,2088,1865,1857,-223,-231,223,231,FALSE,FALSE
650,9,2527,2319,2265,2527,2319,2265,2527,2319,2265,-208,-262,208,262,FALSE,FALSE
650,10,2927,2736,2729,2927,2736,2729,2927,2736,2729,-191,-198,191,198,FALSE,FALSE
650,11,3246,3036,3113,3246,3036,3113,3246,3036,3113,-210,-133,210,133,FALSE,FALSE
650,12,3448,3265,3403,3448,3265,3403,3448,3265,3403,-183,-45,183,45,FALSE,FALSE
650,13,3589,3408,3584,3589,3408,3584,3589,3408,3584,-181,-5,181,5,FALSE,FALSE
650,14,3595,3462,3589,3595,3462,3589,3595,3462,3589,-133,-6,133,6,FALSE,FALSE
650,15,3464,3432,3507,3464,3432,3507,3464,3432,3507,-32,43,32,43,FALSE,FALSE
650,16,3288,3325,3310,3288,3325,3310,3288,3325,3310,37,22,37,22,FALSE,FALSE
650,17,3079,3155,3112,3079,3155,3112,3079,3155,3112,76,33,76,33,FALSE,FALSE
650,18,2853,2912,2893,2853,2912,2893,2853,2912,2893,59,40,59,40,FALSE,FALSE
650,19,2585,2681,2672,2585,2681,2672,2585,2681,2672,96,87,96,87,FALSE,FALSE
650,20,2354,2451,2401,2354,2451,2401,2354,2451,2401,97,47,97,47,FALSE,FALSE
650,21,2130,2239,2172,2130,2239,2172,2130,2239,2172,109,42,109,42,FALSE,FALSE
650,22,1920,2013,1943,1920,2013,1943,1920,2013,1943,93,23,93,23,FALSE,FALSE
650,23,1725,1803,1726,1725,1803,1726,1725,1803,1726,78,1,78,1,FALSE,FALSE
650,24,1558,1618,1528,1558,1618,1528,1558,1618,1528,60,-30,60,30,FALSE,FALSE
650,25,1377,1463,1354,1377,1463,1354,1377,1463,1354,86,-23,86,23,FALSE,FALSE
650,26,1212,1312,1190,1212,1312,1190,1212,1312,1190,100,-22,100,22,FALSE,FALSE
650,27,1083,1151,1050,1083,1151,1050,1083,1151,1050,68,-33,68,33,FALSE,FALSE
650,28,958,1047,936,958,1047,936,958,1047,936,89,-22,89,22,FALSE,FALSE
650,29,828,944,828,828,944,828,828,944,828,116,0,116,0,FALSE,TRUE
650,30,732,845,740,732,845,740,732,845,740,113,8,113,8,FALSE,FALSE
650,31,664,762,655,664,762,655,664,762,655,98,-9,98,9,FALSE,FALSE
650,32,581,669,596,581,669,596,581,669,596,88,15,88,15,FALSE,FALSE
650,33,512,586,523,512,586,523,512,586,523,74,11,74,11,FALSE,FALSE
650,34,453,522,465,453,522,465,453,522,465,69,12,69,12,FALSE,FALSE
650,35,402,463,406,402,463,406,402,463,406,61,4,61,4,FALSE,FALSE
650,36,344,411,358,344,411,358,344,411,358,67,14,67,14,FALSE,FALSE
650,37,313,370,313,313,370,313,313,370,313,57,0,57,0,FALSE,TRUE
650,38,276,335,268,276,335,268,276,335,268,59,-8,59,8,FALSE,FALSE
650,39,245,290,232,245,290,232,245,290,232,45,-13,45,13,FALSE,FALSE
650,40,211,249,204,211,249,204,211,249,204,38,-7,38,7,FALSE,FALSE
650,41,184,226,188,184,226,188,184,226,188,42,4,42,4,FALSE,FALSE
650,42,163,191,166,163,191,166,163,191,166,28,3,28,3,FALSE,FALSE
650,43,146,170,145,146,170,145,146,170,145,24,-1,24,1,FALSE,FALSE
650,44,122,153,128,122,153,128,122,153,128,31,6,31,6,FALSE,FALSE
650,45,113,131,113,113,131,113,113,131,113,18,0,18,0,FALSE,TRUE
650,46,103,121,101,103,121,101,103,121,101,18,-2,18,2,FALSE,FALSE
650,47,90,108,88,90,108,88,90,108,88,18,-2,18,2,FALSE,FALSE
650,48,80,94,73,80,94,73,80,94,73,14,-7,14,7,FALSE,FALSE
650,49,67,86,67,67,86,67,67,86,67,19,0,19,0,FALSE,TRUE
650,50,64,77,61,64,77,61,64,77,61,13,-3,13,3,FALSE,FALSE
650,51,54,70,50,54,70,50,54,70,50,16,-4,16,4,FALSE,FALSE
650,52,48,60,43,48,60,43,48,60,43,12,-5,12,5,FALSE,FALSE
650,53,46,50,39,46,50,39,46,50,39,4,-7,4,7,FALSE,FALSE
650,54,39,38,31,39,38,31,39,38,31,-1,-8,1,8,FALSE,FALSE
650,55,35,36,30,35,36,30,35,36,30,1,-5,1,5,FALSE,FALSE
650,56,29,31,26,29,31,26,29,31,26,2,-3,2,3,FALSE,FALSE
650,57,23,27,23,23,27,23,23,27,23,4,0,4,0,FALSE,TRUE
650,58,18,23,21,18,23,21,18,23,21,5,3,5,3,FALSE,FALSE
650,59,15,20,20,15,20,20,15,20,20,5,5,5,5,FALSE,FALSE
650,60,12,19,19,12,19,19,12,19,19,7,7,7,7,FALSE,FALSE
651,0,97,97,97,97,97,97,97,97,97,0,0,0,0,TRUE,TRUE
651,1,147,147,136,147,147,136,147,147,136,0,-11,0,11,TRUE,FALSE
651,2,187,221,192,187,221,192,187,221,192,34,5,34,5,FALSE,FALSE
651,3,276,307,289,276,307,289,276,307,289,31,13,31,13,FALSE,FALSE
651,4,418,421,392,418,421,392,418,421,392,3,-26,3,26,FALSE,FALSE
651,5,557,590,582,557,590,582,557,590,582,33,25,33,25,FALSE,FALSE
651,6,784,812,806,784,812,806,784,812,806,28,22,28,22,FALSE,FALSE
651,7,1017,1111,1100,1017,1111,1100,1017,1111,1100,94,83,94,83,FALSE,FALSE
651,8,1331,1405,1427,1331,1405,1427,1331,1405,1427,74,96,74,96,FALSE,FALSE
651,9,1604,1749,1787,1604,1749,1787,1604,1749,1787,145,183,145,183,FALSE,FALSE
651,10,1937,2055,2158,1937,2055,2158,1937,2055,2158,118,221,118,221,FALSE,FALSE
651,11,2226,2349,2485,2226,2349,2485,2226,2349,2485,123,259,123,259,FALSE,FALSE
651,12,2448,2648,2685,2448,2648,2685,2448,2648,2685,200,237,200,237,FALSE,FALSE
651,13,2586,2777,2814,2586,2777,2814,2586,2777,2814,191,228,191,228,FALSE,FALSE
651,14,2620,2834,2800,2620,2834,2800,2620,2834,2800,214,180,214,180,FALSE,FALSE
651,15,2596,2776,2713,2596,2776,2713,2596,2776,2713,180,117,180,117,FALSE,FALSE
651,16,2506,2628,2532,2506,2628,2532,2506,2628,2532,122,26,122,26,FALSE,FALSE
651,17,2334,2407,2271,2334,2407,2271,2334,2407,2271,73,-63,73,63,FALSE,FALSE
651,18,2186,2207,2017,2186,2207,2017,2186,2207,2017,21,-169,21,169,FALSE,FALSE
651,19,1979,1967,1775,1979,1967,1775,1979,1967,1775,-12,-204,12,204,FALSE,FALSE
651,20,1762,1729,1571,1762,1729,1571,1762,1729,1571,-33,-191,33,191,FALSE,FALSE
651,21,1552,1513,1351,1552,1513,1351,1552,1513,1351,-39,-201,39,201,FALSE,FALSE
651,22,1355,1340,1176,1355,1340,1176,1355,1340,1176,-15,-179,15,179,FALSE,FALSE
651,23,1208,1142,1020,1208,1142,1020,1208,1142,1020,-66,-188,66,188,FALSE,FALSE
651,24,1055,981,895,1055,981,895,1055,981,895,-74,-160,74,160,FALSE,FALSE
651,25,912,841,780,912,841,780,912,841,780,-71,-132,71,132,FALSE,FALSE
651,26,791,733,673,791,733,673,791,733,673,-58,-118,58,118,FALSE,FALSE
651,27,685,611,582,685,611,582,685,611,582,-74,-103,74,103,FALSE,FALSE
651,28,598,519,508,598,519,508,598,519,508,-79,-90,79,90,FALSE,FALSE
651,29,496,438,423,496,438,423,496,438,423,-58,-73,58,73,FALSE,FALSE
651,30,429,377,350,429,377,350,429,377,350,-52,-79,52,79,FALSE,FALSE
651,31,361,314,299,361,314,299,361,314,299,-47,-62,47,62,FALSE,FALSE
651,32,293,258,255,293,258,255,293,258,255,-35,-38,35,38,FALSE,FALSE
651,33,249,224,213,249,224,213,249,224,213,-25,-36,25,36,FALSE,FALSE
651,34,215,186,172,215,186,172,215,186,172,-29,-43,29,43,FALSE,FALSE
651,35,185,160,145,185,160,145,185,160,145,-25,-40,25,40,FALSE,FALSE
651,36,153,135,124,153,135,124,153,135,124,-18,-29,18,29,FALSE,FALSE
651,37,131,118,105,131,118,105,131,118,105,-13,-26,13,26,FALSE,FALSE
651,38,109,106,86,109,106,86,109,106,86,-3,-23,3,23,FALSE,FALSE
651,39,95,87,78,95,87,78,95,87,78,-8,-17,8,17,FALSE,FALSE
651,40,74,75,67,74,75,67,74,75,67,1,-7,1,7,FALSE,FALSE
651,41,61,63,55,61,63,55,61,63,55,2,-6,2,6,FALSE,FALSE
651,42,48,55,47,48,55,47,48,55,47,7,-1,7,1,FALSE,FALSE
651,43,33,46,45,33,46,45,33,46,45,13,12,13,12,FALSE,FALSE
651,44,25,43,39,25,43,39,25,43,39,18,14,18,14,FALSE,FALSE
651,45,23,39,31,23,39,31,23,39,31,16,8,16,8,FALSE,FALSE
651,46,21,30,25,21,30,25,21,30,25,9,4,9,4,FALSE,FALSE
651,47,18,25,19,18,25,19,18,25,19,7,1,7,1,FALSE,FALSE
651,48,13,22,15,13,22,15,13,22,15,9,2,9,2,FALSE,FALSE
651,49,12,17,14,12,17,14,12,17,14,5,2,5,2,FALSE,FALSE
651,50,13,16,15,13,16,15,13,16,15,3,2,3,2,FALSE,FALSE
651,51,12,15,15,12,15,15,12,15,15,3,3,3,3,FALSE,FALSE
651,52,9,13,12,9,13,12,9,13,12,4,3,4,3,FALSE,FALSE
651,53,10,12,13,10,12,13,10,12,13,2,3,2,3,FALSE,FALSE
651,54,9,12,9,9,12,9,9,12,9,3,0,3,0,FALSE,TRUE
651,55,8,9,8,8,9,8,8,9,8,1,0,1,0,FALSE,TRUE
651,56,6,9,7,6,9,7,6,9,7,3,1,3,1,FALSE,FALSE
651,57,4,6,7,4,6,7,4,6,7,2,3,2,3,FALSE,FALSE
651,58,4,5,6,4,5,6,4,5,6,1,2,1,2,FALSE,FALSE
651,59,4,5,5,4,5,5,4,5,5,1,1,1,1,FALSE,FALSE
651,60,4,2,3,4,2,3,4,2,3,-2,-1,2,1,FALSE,FALSE
652,0,83,83,83,83,83,83,83,83,83,0,0,0,0,TRUE,TRUE
652,1,85,89,88,85,89,88,85,89,88,4,3,4,3,FALSE,FALSE
652,2,87,95,83,87,95,83,87,95,83,8,-4,8,4,FALSE,FALSE
652,3,96,114,83,96,114,83,96,114,83,18,-13,18,13,FALSE,FALSE
652,4,94,116,83,94,116,83,94,116,83,22,-11,22,11,FALSE,FALSE
652,5,101,131,81,101,131,81,101,131,81,30,-20,30,20,FALSE,FALSE
652,6,106,122,76,106,122,76,106,122,76,16,-30,16,30,FALSE,FALSE
652,7,108,126,68,108,126,68,108,126,68,18,-40,18,40,FALSE,FALSE
652,8,98,125,77,98,125,77,98,125,77,27,-21,27,21,FALSE,FALSE
652,9,97,129,73,97,129,73,97,129,73,32,-24,32,24,FALSE,FALSE
652,10,98,131,72,98,131,72,98,131,72,33,-26,33,26,FALSE,FALSE
652,11,106,134,73,106,134,73,106,134,73,28,-33,28,33,FALSE,FALSE
652,12,103,142,69,103,142,69,103,142,69,39,-34,39,34,FALSE,FALSE
652,13,102,153,74,102,153,74,102,153,74,51,-28,51,28,FALSE,FALSE
652,14,90,164,73,90,164,73,90,164,73,74,-17,74,17,FALSE,FALSE
652,15,88,179,75,88,179,75,88,179,75,91,-13,91,13,FALSE,FALSE
652,16,80,182,73,80,182,73,80,182,73,102,-7,102,7,FALSE,FALSE
652,17,84,173,67,84,173,67,84,173,67,89,-17,89,17,FALSE,FALSE
652,18,82,165,67,82,165,67,82,165,67,83,-15,83,15,FALSE,FALSE
652,19,86,168,76,86,168,76,86,168,76,82,-10,82,10,FALSE,FALSE
652,20,87,178,70,87,178,70,87,178,70,91,-17,91,17,FALSE,FALSE
652,21,82,181,71,82,181,71,82,181,71,99,-11,99,11,FALSE,FALSE
652,22,80,181,76,80,181,76,80,181,76,101,-4,101,4,FALSE,FALSE
652,23,80,179,82,80,179,82,80,179,82,99,2,99,2,FALSE,FALSE
652,24,83,197,79,83,197,79,83,197,79,114,-4,114,4,FALSE,FALSE
652,25,84,209,77,84,209,77,84,209,77,125,-7,125,7,FALSE,FALSE
652,26,93,222,65,93,222,65,93,222,65,129,-28,129,28,FALSE,FALSE
652,27,97,226,69,97,226,69,97,226,69,129,-28,129,28,FALSE,FALSE
652,28,102,227,73,102,227,73,102,227,73,125,-29,125,29,FALSE,FALSE
652,29,100,217,72,100,217,72,100,217,72,117,-28,117,28,FALSE,FALSE
652,30,106,204,76,106,204,76,106,204,76,98,-30,98,30,FALSE,FALSE
652,31,115,194,83,115,194,83,115,194,83,79,-32,79,32,FALSE,FALSE
652,32,106,190,81,106,190,81,106,190,81,84,-25,84,25,FALSE,FALSE
652,33,121,193,86,121,193,86,121,193,86,72,-35,72,35,FALSE,FALSE
652,34,122,206,88,122,206,88,122,206,88,84,-34,84,34,FALSE,FALSE
652,35,122,203,96,122,203,96,122,203,96,81,-26,81,26,FALSE,FALSE
652,36,118,204,99,118,204,99,118,204,99,86,-19,86,19,FALSE,FALSE
652,37,111,204,94,111,204,94,111,204,94,93,-17,93,17,FALSE,FALSE
652,38,107,194,80,107,194,80,107,194,80,87,-27,87,27,FALSE,FALSE
652,39,103,183,82,103,183,82,103,183,82,80,-21,80,21,FALSE,FALSE
652,40,93,193,88,93,193,88,93,193,88,100,-5,100,5,FALSE,FALSE
652,41,102,198,92,102,198,92,102,198,92,96,-10,96,10,FALSE,FALSE
652,42,109,204,94,109,204,94,109,204,94,95,-15,95,15,FALSE,FALSE
652,43,108,193,104,108,193,104,108,193,104,85,-4,85,4,FALSE,FALSE
652,44,105,206,96,105,206,96,105,206,96,101,-9,101,9,FALSE,FALSE
652,45,108,214,97,108,214,97,108,214,97,106,-11,106,11,FALSE,FALSE
652,46,123,218,98,123,218,98,123,218,98,95,-25,95,25,FALSE,FALSE
652,47,103,210,99,103,210,99,103,210,99,107,-4,107,4,FALSE,FALSE
652,48,93,201,96,93,201,96,93,201,96,108,3,108,3,FALSE,FALSE
652,49,97,198,95,97,198,95,97,198,95,101,-2,101,2,FALSE,FALSE
652,50,106,193,96,106,193,96,106,193,96,87,-10,87,10,FALSE,FALSE
652,51,113,186,97,113,186,97,113,186,97,73,-16,73,16,FALSE,FALSE
652,52,101,176,94,101,176,94,101,176,94,75,-7,75,7,FALSE,FALSE
652,53,103,170,97,103,170,97,103,170,97,67,-6,67,6,FALSE,FALSE
652,54,97,165,108,97,165,108,97,165,108,68,11,68,11,FALSE,FALSE
652,55,97,156,105,97,156,105,97,156,105,59,8,59,8,FALSE,FALSE
652,56,99,143,97,99,143,97,99,143,97,44,-2,44,2,FALSE,FALSE
652,57,96,133,92,96,133,92,96,133,92,37,-4,37,4,FALSE,FALSE
652,58,93,129,96,93,129,96,93,129,96,36,3,36,3,FALSE,FALSE
652,59,92,119,99,92,119,99,92,119,99,27,7,27,7,FALSE,FALSE
652,60,95,119,92,95,119,92,95,119,92,24,-3,24,3,FALSE,FALSE
653,0,125,125,125,125,125,125,125,125,125,0,0,0,0,TRUE,TRUE
653,1,152,152,141,152,152,141,152,152,141,0,-11,0,11,TRUE,FALSE
653,2,191,171,169,191,171,169,191,171,169,-20,-22,20,22,FALSE,FALSE
653,3,228,197,197,228,197,197,228,197,197,-31,-31,31,31,FALSE,FALSE
653,4,289,234,245,289,234,245,289,234,245,-55,-44,55,44,FALSE,FALSE
653,5,336,264,304,336,264,304,336,264,304,-72,-32,72,32,FALSE,FALSE
653,6,413,321,351,413,321,351,413,321,351,-92,-62,92,62,FALSE,FALSE
653,7,504,380,431,504,380,431,504,380,431,-124,-73,124,73,FALSE,FALSE
653,8,617,452,527,617,452,527,617,452,527,-165,-90,165,90,FALSE,FALSE
653,9,705,540,637,705,540,637,705,540,637,-165,-68,165,68,FALSE,FALSE
653,10,843,632,774,843,632,774,843,632,774,-211,-69,211,69,FALSE,FALSE
653,11,1020,728,946,1020,728,946,1020,728,946,-292,-74,292,74,FALSE,FALSE
653,12,1207,850,1107,1207,850,1107,1207,850,1107,-357,-100,357,100,FALSE,FALSE
653,13,1402,1026,1310,1402,1026,1310,1402,1026,1310,-376,-92,376,92,FALSE,FALSE
653,14,1599,1193,1485,1599,1193,1485,1599,1193,1485,-406,-114,406,114,FALSE,FALSE
653,15,1801,1413,1669,1801,1413,1669,1801,1413,1669,-388,-132,388,132,FALSE,FALSE
653,16,2015,1585,1851,2015,1585,1851,2015,1585,1851,-430,-164,430,164,FALSE,FALSE
653,17,2173,1771,2039,2173,1771,2039,2173,1771,2039,-402,-134,402,134,FALSE,FALSE
653,18,2320,1967,2186,2320,1967,2186,2320,1967,2186,-353,-134,353,134,FALSE,FALSE
653,19,2453,2138,2382,2453,2138,2382,2453,2138,2382,-315,-71,315,71,FALSE,FALSE
653,20,2582,2278,2450,2582,2278,2450,2582,2278,2450,-304,-132,304,132,FALSE,FALSE
653,21,2686,2399,2532,2686,2399,2532,2686,2399,2532,-287,-154,287,154,FALSE,FALSE
653,22,2744,2500,2640,2744,2500,2640,2744,2500,2640,-244,-104,244,104,FALSE,FALSE
653,23,2784,2592,2704,2784,2592,2704,2784,2592,2704,-192,-80,192,80,FALSE,FALSE
653,24,2782,2643,2718,2782,2643,2718,2782,2643,2718,-139,-64,139,64,FALSE,FALSE
653,25,2732,2677,2731,2732,2677,2731,2732,2677,2731,-55,-1,55,1,FALSE,FALSE
653,26,2667,2642,2710,2667,2642,2710,2667,2642,2710,-25,43,25,43,FALSE,FALSE
653,27,2597,2627,2650,2597,2627,2650,2597,2627,2650,30,53,30,53,FALSE,FALSE
653,28,2522,2599,2582,2522,2599,2582,2522,2599,2582,77,60,77,60,FALSE,FALSE
653,29,2449,2508,2515,2449,2508,2515,2449,2508,2515,59,66,59,66,FALSE,FALSE
653,30,2362,2454,2406,2362,2454,2406,2362,2454,2406,92,44,92,44,FALSE,FALSE
653,31,2223,2377,2291,2223,2377,2291,2223,2377,2291,154,68,154,68,FALSE,FALSE
653,32,2091,2314,2209,2091,2314,2209,2091,2314,2209,223,118,223,118,FALSE,FALSE
653,33,1943,2184,2079,1943,2184,2079,1943,2184,2079,241,136,241,136,FALSE,FALSE
653,34,1880,2085,1979,1880,2085,1979,1880,2085,1979,205,99,205,99,FALSE,FALSE
653,35,1753,1958,1855,1753,1958,1855,1753,1958,1855,205,102,205,102,FALSE,FALSE
653,36,1640,1831,1748,1640,1831,1748,1640,1831,1748,191,108,191,108,FALSE,FALSE
653,37,1540,1696,1653,1540,1696,1653,1540,1696,1653,156,113,156,113,FALSE,FALSE
653,38,1450,1585,1544,1450,1585,1544,1450,1585,1544,135,94,135,94,FALSE,FALSE
653,39,1359,1479,1439,1359,1479,1439,1359,1479,1439,120,80,120,80,FALSE,FALSE
653,40,1268,1372,1336,1268,1372,1336,1268,1372,1336,104,68,104,68,FALSE,FALSE
653,41,1167,1281,1245,1167,1281,1245,1167,1281,1245,114,78,114,78,FALSE,FALSE
653,42,1092,1189,1171,1092,1189,1171,1092,1189,1171,97,79,97,79,FALSE,FALSE
653,43,1005,1103,1090,1005,1103,1090,1005,1103,1090,98,85,98,85,FALSE,FALSE
653,44,931,1039,987,931,1039,987,931,1039,987,108,56,108,56,FALSE,FALSE
653,45,877,962,907,877,962,907,877,962,907,85,30,85,30,FALSE,FALSE
653,46,815,875,842,815,875,842,815,875,842,60,27,60,27,FALSE,FALSE
653,47,758,831,778,758,831,778,758,831,778,73,20,73,20,FALSE,FALSE
653,48,684,769,723,684,769,723,684,769,723,85,39,85,39,FALSE,FALSE
653,49,636,712,677,636,712,677,636,712,677,76,41,76,41,FALSE,FALSE
653,50,592,662,647,592,662,647,592,662,647,70,55,70,55,FALSE,FALSE
653,51,556,617,613,556,617,613,556,617,613,61,57,61,57,FALSE,FALSE
653,52,513,578,551,513,578,551,513,578,551,65,38,65,38,FALSE,FALSE
653,53,473,531,522,473,531,522,473,531,522,58,49,58,49,FALSE,FALSE
653,54,449,496,490,449,496,490,449,496,490,47,41,47,41,FALSE,FALSE
653,55,420,461,450,420,461,450,420,461,450,41,30,41,30,FALSE,FALSE
653,56,378,422,409,378,422,409,378,422,409,44,31,44,31,FALSE,FALSE
653,57,337,386,373,337,386,373,337,386,373,49,36,49,36,FALSE,FALSE
653,58,303,360,344,303,360,344,303,360,344,57,41,57,41,FALSE,FALSE
653,59,269,323,310,269,323,310,269,323,310,54,41,54,41,FALSE,FALSE
653,60,242,306,292,242,306,292,242,306,292,64,50,64,50,FALSE,FALSE
654,0,54,54,54,54,54,54,54,54,54,0,0,0,0,TRUE,TRUE
654,1,78,71,70,78,71,70,78,71,70,-7,-8,7,8,FALSE,FALSE
654,2,97,100,91,97,100,91,97,100,91,3,-6,3,6,FALSE,FALSE
654,3,127,131,120,127,131,120,127,131,120,4,-7,4,7,FALSE,FALSE
654,4,160,170,151,160,170,151,160,170,151,10,-9,10,9,FALSE,FALSE
654,5,199,220,195,199,220,195,199,220,195,21,-4,21,4,FALSE,FALSE
654,6,264,273,241,264,273,241,264,273,241,9,-23,9,23,FALSE,FALSE
654,7,341,327,320,341,327,320,341,327,320,-14,-21,14,21,FALSE,FALSE
654,8,424,404,412,424,404,412,424,404,412,-20,-12,20,12,FALSE,FALSE
654,9,561,503,533,561,503,533,561,503,533,-58,-28,58,28,FALSE,FALSE
654,10,693,661,680,693,661,680,693,661,680,-32,-13,32,13,FALSE,FALSE
654,11,854,860,848,854,860,848,854,860,848,6,-6,6,6,FALSE,FALSE
654,12,1095,1028,1053,1095,1028,1053,1095,1028,1053,-67,-42,67,42,FALSE,FALSE
654,13,1342,1217,1267,1342,1217,1267,1342,1217,1267,-125,-75,125,75,FALSE,FALSE
654,14,1603,1418,1505,1603,1418,1505,1603,1418,1505,-185,-98,185,98,FALSE,FALSE
654,15,1803,1605,1731,1803,1605,1731,1803,1605,1731,-198,-72,198,72,FALSE,FALSE
654,16,1982,1798,1956,1982,1798,1956,1982,1798,1956,-184,-26,184,26,FALSE,FALSE
654,17,2153,1962,2199,2153,1962,2199,2153,1962,2199,-191,46,191,46,FALSE,FALSE
654,18,2287,2149,2350,2287,2149,2350,2287,2149,2350,-138,63,138,63,FALSE,FALSE
654,19,2364,2256,2429,2364,2256,2429,2364,2256,2429,-108,65,108,65,FALSE,FALSE
654,20,2413,2293,2493,2413,2293,2493,2413,2293,2493,-120,80,120,80,FALSE,FALSE
654,21,2384,2328,2500,2384,2328,2500,2384,2328,2500,-56,116,56,116,FALSE,FALSE
654,22,2333,2308,2406,2333,2308,2406,2333,2308,2406,-25,73,25,73,FALSE,FALSE
654,23,2235,2283,2356,2235,2283,2356,2235,2283,2356,48,121,48,121,FALSE,FALSE
654,24,2141,2204,2210,2141,2204,2210,2141,2204,2210,63,69,63,69,FALSE,FALSE
654,25,2000,2085,2061,2000,2085,2061,2000,2085,2061,85,61,85,61,FALSE,FALSE
654,26,1889,1974,1944,1889,1974,1944,1889,1974,1944,85,55,85,55,FALSE,FALSE
654,27,1727,1832,1840,1727,1832,1840,1727,1832,1840,105,113,105,113,FALSE,FALSE
654,28,1603,1709,1689,1603,1709,1689,1603,1709,1689,106,86,106,86,FALSE,FALSE
654,29,1452,1614,1548,1452,1614,1548,1452,1614,1548,162,96,162,96,FALSE,FALSE
654,30,1339,1499,1437,1339,1499,1437,1339,1499,1437,160,98,160,98,FALSE,FALSE
654,31,1207,1355,1308,1207,1355,1308,1207,1355,1308,148,101,148,101,FALSE,FALSE
654,32,1077,1222,1189,1077,1222,1189,1077,1222,1189,145,112,145,112,FALSE,FALSE
654,33,979,1127,1085,979,1127,1085,979,1127,1085,148,106,148,106,FALSE,FALSE
654,34,891,1012,974,891,1012,974,891,1012,974,121,83,121,83,FALSE,FALSE
654,35,798,908,879,798,908,879,798,908,879,110,81,110,81,FALSE,FALSE
654,36,738,823,794,738,823,794,738,823,794,85,56,85,56,FALSE,FALSE
654,37,661,733,718,661,733,718,661,733,718,72,57,72,57,FALSE,FALSE
654,38,598,656,644,598,656,644,598,656,644,58,46,58,46,FALSE,FALSE
654,39,567,600,576,567,600,576,567,600,576,33,9,33,9,FALSE,FALSE
654,40,511,539,506,511,539,506,511,539,506,28,-5,28,5,FALSE,FALSE
654,41,454,506,456,454,506,456,454,506,456,52,2,52,2,FALSE,FALSE
654,42,405,465,415,405,465,415,405,465,415,60,10,60,10,FALSE,FALSE
654,43,366,422,360,366,422,360,366,422,360,56,-6,56,6,FALSE,FALSE
654,44,332,356,317,332,356,317,332,356,317,24,-15,24,15,FALSE,FALSE
654,45,282,323,282,282,323,282,282,323,282,41,0,41,0,FALSE,TRUE
654,46,262,283,246,262,283,246,262,283,246,21,-16,21,16,FALSE,FALSE
654,47,230,247,223,230,247,223,230,247,223,17,-7,17,7,FALSE,FALSE
654,48,207,218,204,207,218,204,207,218,204,11,-3,11,3,FALSE,FALSE
654,49,188,188,177,188,188,177,188,188,177,0,-11,0,11,TRUE,FALSE
654,50,168,171,159,168,171,159,168,171,159,3,-9,3,9,FALSE,FALSE
654,51,149,154,146,149,154,146,149,154,146,5,-3,5,3,FALSE,FALSE
654,52,137,146,136,137,146,136,137,146,136,9,-1,9,1,FALSE,FALSE
654,53,129,134,120,129,134,120,129,134,120,5,-9,5,9,FALSE,FALSE
654,54,122,120,107,122,120,107,122,120,107,-2,-15,2,15,FALSE,FALSE
654,55,118,107,102,118,107,102,118,107,102,-11,-16,11,16,FALSE,FALSE
654,56,99,99,89,99,99,89,99,99,89,0,-10,0,10,TRUE,FALSE
654,57,87,89,75,87,89,75,87,89,75,2,-12,2,12,FALSE,FALSE
654,58,73,80,64,73,80,64,73,80,64,7,-9,7,9,FALSE,FALSE
654,59,66,75,57,66,75,57,66,75,57,9,-9,9,9,FALSE,FALSE
654,60,57,66,50,57,66,50,57,66,50,9,-7,9,7,FALSE,FALSE
655,0,92,92,92,92,92,92,92,92,92,0,0,0,0,TRUE,TRUE
655,1,110,134,129,110,134,129,110,134,129,24,19,24,19,FALSE,FALSE
655,2,142,175,177,142,175,177,142,175,177,33,35,33,35,FALSE,FALSE
655,3,188,223,230,188,223,230,188,223,230,35,42,35,42,FALSE,FALSE
655,4,216,263,303,216,263,303,216,263,303,47,87,47,87,FALSE,FALSE
655,5,283,360,373,283,360,373,283,360,373,77,90,77,90,FALSE,FALSE
655,6,363,459,468,363,459,468,363,459,468,96,105,96,105,FALSE,FALSE
655,7,467,582,543,467,582,543,467,582,543,115,76,115,76,FALSE,FALSE
655,8,557,728,633,557,728,633,557,728,633,171,76,171,76,FALSE,FALSE
655,9,694,818,711,694,818,711,694,818,711,124,17,124,17,FALSE,FALSE
655,10,833,932,804,833,932,804,833,932,804,99,-29,99,29,FALSE,FALSE
655,11,979,1049,864,979,1049,864,979,1049,864,70,-115,70,115,FALSE,FALSE
655,12,1145,1162,981,1145,1162,981,1145,1162,981,17,-164,17,164,FALSE,FALSE
655,13,1251,1219,1051,1251,1219,1051,1251,1219,1051,-32,-200,32,200,FALSE,FALSE
655,14,1305,1293,1104,1305,1293,1104,1305,1293,1104,-12,-201,12,201,FALSE,FALSE
655,15,1371,1288,1138,1371,1288,1138,1371,1288,1138,-83,-233,83,233,FALSE,FALSE
655,16,1349,1218,1132,1349,1218,1132,1349,1218,1132,-131,-217,131,217,FALSE,FALSE
655,17,1283,1169,1105,1283,1169,1105,1283,1169,1105,-114,-178,114,178,FALSE,FALSE
655,18,1228,1077,1043,1228,1077,1043,1228,1077,1043,-151,-185,151,185,FALSE,FALSE
655,19,1124,1001,1020,1124,1001,1020,1124,1001,1020,-123,-104,123,104,FALSE,FALSE
655,20,1009,925,933,1009,925,933,1009,925,933,-84,-76,84,76,FALSE,FALSE
655,21,891,827,833,891,827,833,891,827,833,-64,-58,64,58,FALSE,FALSE
655,22,791,730,735,791,730,735,791,730,735,-61,-56,61,56,FALSE,FALSE
655,23,671,632,665,671,632,665,671,632,665,-39,-6,39,6,FALSE,FALSE
655,24,580,555,593,580,555,593,580,555,593,-25,13,25,13,FALSE,FALSE
655,25,497,471,516,497,471,516,497,471,516,-26,19,26,19,FALSE,FALSE
655,26,393,412,427,393,412,427,393,412,427,19,34,19,34,FALSE,FALSE
655,27,352,356,388,352,356,388,352,356,388,4,36,4,36,FALSE,FALSE
655,28,311,314,317,311,314,317,311,314,317,3,6,3,6,FALSE,FALSE
655,29,270,261,262,270,261,262,270,261,262,-9,-8,9,8,FALSE,FALSE
655,30,244,222,228,244,222,228,244,222,228,-22,-16,22,16,FALSE,FALSE
655,31,204,182,206,204,182,206,204,182,206,-22,2,22,2,FALSE,FALSE
655,32,175,159,175,175,159,175,175,159,175,-16,0,16,0,FALSE,TRUE
655,33,152,150,150,152,150,150,152,150,150,-2,-2,2,2,FALSE,FALSE
655,34,139,119,132,139,119,132,139,119,132,-20,-7,20,7,FALSE,FALSE
655,35,122,111,114,122,111,114,122,111,114,-11,-8,11,8,FALSE,FALSE
655,36,105,93,101,105,93,101,105,93,101,-12,-4,12,4,FALSE,FALSE
655,37,81,82,87,81,82,87,81,82,87,1,6,1,6,FALSE,FALSE
655,38,73,72,73,73,72,73,73,72,73,-1,0,1,0,FALSE,TRUE
655,39,65,57,57,65,57,57,65,57,57,-8,-8,8,8,FALSE,FALSE
655,40,55,52,54,55,52,54,55,52,54,-3,-1,3,1,FALSE,FALSE
655,41,46,45,43,46,45,43,46,45,43,-1,-3,1,3,FALSE,FALSE
655,42,40,28,31,40,28,31,40,28,31,-12,-9,12,9,FALSE,FALSE
655,43,38,25,31,38,25,31,38,25,31,-13,-7,13,7,FALSE,FALSE
655,44,28,22,27,28,22,27,28,22,27,-6,-1,6,1,FALSE,FALSE
655,45,20,19,28,20,19,28,20,19,28,-1,8,1,8,FALSE,FALSE
655,46,15,14,23,15,14,23,15,14,23,-1,8,1,8,FALSE,FALSE
655,47,11,12,18,11,12,18,11,12,18,1,7,1,7,FALSE,FALSE
655,48,13,9,9,13,9,9,13,9,9,-4,-4,4,4,FALSE,FALSE
655,49,12,10,9,12,10,9,12,10,9,-2,-3,2,3,FALSE,FALSE
655,50,11,8,5,11,8,5,11,8,5,-3,-6,3,6,FALSE,FALSE
655,51,7,9,6,7,9,6,7,9,6,2,-1,2,1,FALSE,FALSE
655,52,6,6,5,6,6,5,6,6,5,0,-1,0,1,TRUE,FALSE
655,53,6,5,3,6,5,3,6,5,3,-1,-3,1,3,FALSE,FALSE
655,54,4,5,3,4,5,3,4,5,3,1,-1,1,1,FALSE,FALSE
655,55,5,6,4,5,6,4,5,6,4,1,-1,1,1,FALSE,FALSE
655,56,5,4,4,5,4,4,5,4,4,-1,-1,1,1,FALSE,FALSE
655,57,4,1,6,4,1,6,4,1,6,-3,2,3,2,FALSE,FALSE
655,58,1,1,7,1,1,7,1,1,7,0,6,0,6,TRUE,FALSE
655,59,1,0,8,1,0,8,1,0,8,-1,7,1,7,FALSE,FALSE
655,60,1,0,5,1,0,5,1,0,5,-1,4,1,4,FALSE,FALSE
656,0,145,145,145,145,145,145,145,145,145,0,0,0,0,TRUE,TRUE
656,1,150,155,155,150,155,155,150,155,155,5,5,5,5,FALSE,FALSE
656,2,148,164,153,148,164,153,148,164,153,16,5,16,5,FALSE,FALSE
656,3,153,165,147,153,165,147,153,165,147,12,-6,12,6,FALSE,FALSE
656,4,160,172,150,160,172,150,160,172,150,12,-10,12,10,FALSE,FALSE
656,5,159,170,150,159,170,150,159,170,150,11,-9,11,9,FALSE,FALSE
656,6,161,176,151,161,176,151,161,176,151,15,-10,15,10,FALSE,FALSE
656,7,160,177,160,160,177,160,160,177,160,17,0,17,0,FALSE,TRUE
656,8,157,180,171,157,180,171,157,180,171,23,14,23,14,FALSE,FALSE
656,9,159,175,174,159,175,174,159,175,174,16,15,16,15,FALSE,FALSE
656,10,162,185,188,162,185,188,162,185,188,23,26,23,26,FALSE,FALSE
656,11,160,184,180,160,184,180,160,184,180,24,20,24,20,FALSE,FALSE
656,12,171,189,186,171,189,186,171,189,186,18,15,18,15,FALSE,FALSE
656,13,181,191,185,181,191,185,181,191,185,10,4,10,4,FALSE,FALSE
656,14,179,205,189,179,205,189,179,205,189,26,10,26,10,FALSE,FALSE
656,15,188,199,185,188,199,185,188,199,185,11,-3,11,3,FALSE,FALSE
656,16,190,204,193,190,204,193,190,204,193,14,3,14,3,FALSE,FALSE
656,17,197,204,194,197,204,194,197,204,194,7,-3,7,3,FALSE,FALSE
656,18,196,215,187,196,215,187,196,215,187,19,-9,19,9,FALSE,FALSE
656,19,190,221,186,190,221,186,190,221,186,31,-4,31,4,FALSE,FALSE
656,20,189,211,175,189,211,175,189,211,175,22,-14,22,14,FALSE,FALSE
656,21,194,208,175,194,208,175,194,208,175,14,-19,14,19,FALSE,FALSE
656,22,194,203,181,194,203,181,194,203,181,9,-13,9,13,FALSE,FALSE
656,23,185,212,186,185,212,186,185,212,186,27,1,27,1,FALSE,FALSE
656,24,193,212,194,193,212,194,193,212,194,19,1,19,1,FALSE,FALSE
656,25,186,213,195,186,213,195,186,213,195,27,9,27,9,FALSE,FALSE
656,26,188,199,199,188,199,199,188,199,199,11,11,11,11,FALSE,FALSE
656,27,189,188,200,189,188,200,189,188,200,-1,11,1,11,FALSE,FALSE
656,28,189,182,208,189,182,208,189,182,208,-7,19,7,19,FALSE,FALSE
656,29,197,180,208,197,180,208,197,180,208,-17,11,17,11,FALSE,FALSE
656,30,189,184,206,189,184,206,189,184,206,-5,17,5,17,FALSE,FALSE
656,31,182,194,205,182,194,205,182,194,205,12,23,12,23,FALSE,FALSE
656,32,188,196,210,188,196,210,188,196,210,8,22,8,22,FALSE,FALSE
656,33,190,189,209,190,189,209,190,189,209,-1,19,1,19,FALSE,FALSE
656,34,188,178,215,188,178,215,188,178,215,-10,27,10,27,FALSE,FALSE
656,35,187,183,216,187,183,216,187,183,216,-4,29,4,29,FALSE,FALSE
656,36,187,175,220,187,175,220,187,175,220,-12,33,12,33,FALSE,FALSE
656,37,184,174,222,184,174,222,184,174,222,-10,38,10,38,FALSE,FALSE
656,38,184,166,231,184,166,231,184,166,231,-18,47,18,47,FALSE,FALSE
656,39,185,161,233,185,161,233,185,161,233,-24,48,24,48,FALSE,FALSE
656,40,187,170,242,187,170,242,187,170,242,-17,55,17,55,FALSE,FALSE
656,41,183,161,246,183,161,246,183,161,246,-22,63,22,63,FALSE,FALSE
656,42,185,158,244,185,158,244,185,158,244,-27,59,27,59,FALSE,FALSE
656,43,189,155,236,189,155,236,189,155,236,-34,47,34,47,FALSE,FALSE
656,44,183,151,245,183,151,245,183,151,245,-32,62,32,62,FALSE,FALSE
656,45,180,148,260,180,148,260,180,148,260,-32,80,32,80,FALSE,FALSE
656,46,187,144,274,187,144,274,187,144,274,-43,87,43,87,FALSE,FALSE
656,47,190,151,265,190,151,265,190,151,265,-39,75,39,75,FALSE,FALSE
656,48,202,142,258,202,142,258,202,142,258,-60,56,60,56,FALSE,FALSE
656,49,203,135,271,203,135,271,203,135,271,-68,68,68,68,FALSE,FALSE
656,50,200,130,281,200,130,281,200,130,281,-70,81,70,81,FALSE,FALSE
656,51,208,128,288,208,128,288,208,128,288,-80,80,80,80,FALSE,FALSE
656,52,210,115,286,210,115,286,210,115,286,-95,76,95,76,FALSE,FALSE
656,53,215,114,287,215,114,287,215,114,287,-101,72,101,72,FALSE,FALSE
656,54,228,114,291,228,114,291,228,114,291,-114,63,114,63,FALSE,FALSE
656,55,224,120,301,224,120,301,224,120,301,-104,77,104,77,FALSE,FALSE
656,56,216,121,300,216,121,300,216,121,300,-95,84,95,84,FALSE,FALSE
656,57,220,113,303,220,113,303,220,113,303,-107,83,107,83,FALSE,FALSE
656,58,218,127,306,218,127,306,218,127,306,-91,88,91,88,FALSE,FALSE
656,59,210,113,314,210,113,314,210,113,314,-97,104,97,104,FALSE,FALSE
656,60,219,115,305,219,115,305,219,115,305,-104,86,104,86,FALSE,FALSE
657,0,37,37,37,37,37,37,37,37,37,0,0,0,0,TRUE,TRUE
657,1,45,47,45,45,47,45,45,47,45,2,0,2,0,FALSE,TRUE
657,2,58,58,59,58,58,59,58,58,59,0,1,0,1,TRUE,FALSE
657,3,71,76,75,71,76,75,71,76,75,5,4,5,4,FALSE,FALSE
657,4,93,104,92,93,104,92,93,104,92,11,-1,11,1,FALSE,FALSE
657,5,119,127,122,119,127,122,119,127,122,8,3,8,3,FALSE,FALSE
657,6,144,158,151,144,158,151,144,158,151,14,7,14,7,FALSE,FALSE
657,7,189,184,195,189,184,195,189,184,195,-5,6,5,6,FALSE,FALSE
657,8,239,214,226,239,214,226,239,214,226,-25,-13,25,13,FALSE,FALSE
657,9,291,254,279,291,254,279,291,254,279,-37,-12,37,12,FALSE,FALSE
657,10,349,308,349,349,308,349,349,308,349,-41,0,41,0,FALSE,TRUE
657,11,426,354,438,426,354,438,426,354,438,-72,12,72,12,FALSE,FALSE
657,12,510,441,518,510,441,518,510,441,518,-69,8,69,8,FALSE,FALSE
657,13,609,541,614,609,541,614,609,541,614,-68,5,68,5,FALSE,FALSE
657,14,726,627,719,726,627,719,726,627,719,-99,-7,99,7,FALSE,FALSE
657,15,868,755,838,868,755,838,868,755,838,-113,-30,113,30,FALSE,FALSE
657,16,979,869,930,979,869,930,979,869,930,-110,-49,110,49,FALSE,FALSE
657,17,1118,1020,1029,1118,1020,1029,1118,1020,1029,-98,-89,98,89,FALSE,FALSE
657,18,1268,1105,1160,1268,1105,1160,1268,1105,1160,-163,-108,163,108,FALSE,FALSE
657,19,1349,1200,1253,1349,1200,1253,1349,1200,1253,-149,-96,149,96,FALSE,FALSE
657,20,1412,1297,1321,1412,1297,1321,1412,1297,1321,-115,-91,115,91,FALSE,FALSE
657,21,1489,1367,1401,1489,1367,1401,1489,1367,1401,-122,-88,122,88,FALSE,FALSE
657,22,1528,1434,1444,1528,1434,1444,1528,1434,1444,-94,-84,94,84,FALSE,FALSE
657,23,1512,1486,1448,1512,1486,1448,1512,1486,1448,-26,-64,26,64,FALSE,FALSE
657,24,1501,1505,1419,1501,1505,1419,1501,1505,1419,4,-82,4,82,FALSE,FALSE
657,25,1496,1520,1404,1496,1520,1404,1496,1520,1404,24,-92,24,92,FALSE,FALSE
657,26,1442,1507,1321,1442,1507,1321,1442,1507,1321,65,-121,65,121,FALSE,FALSE
657,27,1372,1448,1236,1372,1448,1236,1372,1448,1236,76,-136,76,136,FALSE,FALSE
657,28,1277,1377,1169,1277,1377,1169,1277,1377,1169,100,-108,100,108,FALSE,FALSE
657,29,1215,1292,1082,1215,1292,1082,1215,1292,1082,77,-133,77,133,FALSE,FALSE
657,30,1136,1220,1002,1136,1220,1002,1136,1220,1002,84,-134,84,134,FALSE,FALSE
657,31,1050,1159,953,1050,1159,953,1050,1159,953,109,-97,109,97,FALSE,FALSE
657,32,973,1076,912,973,1076,912,973,1076,912,103,-61,103,61,FALSE,FALSE
657,33,884,994,844,884,994,844,884,994,844,110,-40,110,40,FALSE,FALSE
657,34,794,910,781,794,910,781,794,910,781,116,-13,116,13,FALSE,FALSE
657,35,735,844,711,735,844,711,735,844,711,109,-24,109,24,FALSE,FALSE
657,36,666,769,669,666,769,669,666,769,669,103,3,103,3,FALSE,FALSE
657,37,598,702,602,598,702,602,598,702,602,104,4,104,4,FALSE,FALSE
657,38,532,640,549,532,640,549,532,640,549,108,17,108,17,FALSE,FALSE
657,39,488,579,520,488,579,520,488,579,520,91,32,91,32,FALSE,FALSE
657,40,435,526,485,435,526,485,435,526,485,91,50,91,50,FALSE,FALSE
657,41,397,465,427,397,465,427,397,465,427,68,30,68,30,FALSE,FALSE
657,42,352,415,378,352,415,378,352,415,378,63,26,63,26,FALSE,FALSE
657,43,325,385,342,325,385,342,325,385,342,60,17,60,17,FALSE,FALSE
657,44,290,348,311,290,348,311,290,348,311,58,21,58,21,FALSE,FALSE
657,45,262,308,284,262,308,284,262,308,284,46,22,46,22,FALSE,FALSE
657,46,237,267,267,237,267,267,237,267,267,30,30,30,30,FALSE,FALSE
657,47,215,237,257,215,237,257,215,237,257,22,42,22,42,FALSE,FALSE
657,48,195,217,232,195,217,232,195,217,232,22,37,22,37,FALSE,FALSE
657,49,177,184,202,177,184,202,177,184,202,7,25,7,25,FALSE,FALSE
657,50,162,176,194,162,176,194,162,176,194,14,32,14,32,FALSE,FALSE
657,51,139,162,171,139,162,171,139,162,171,23,32,23,32,FALSE,FALSE
657,52,119,147,156,119,147,156,119,147,156,28,37,28,37,FALSE,FALSE
657,53,108,133,139,108,133,139,108,133,139,25,31,25,31,FALSE,FALSE
657,54,99,120,127,99,120,127,99,120,127,21,28,21,28,FALSE,FALSE
657,55,84,101,116,84,101,116,84,101,116,17,32,17,32,FALSE,FALSE
657,56,78,89,93,78,89,93,78,89,93,11,15,11,15,FALSE,FALSE
657,57,74,78,84,74,78,84,74,78,84,4,10,4,10,FALSE,FALSE
657,58,72,77,78,72,77,78,72,77,78,5,6,5,6,FALSE,FALSE
657,59,63,71,78,63,71,78,63,71,78,8,15,8,15,FALSE,FALSE
657,60,61,65,67,61,65,67,61,65,67,4,6,4,6,FALSE,FALSE
658,0,54,54,54,54,54,54,54,54,54,0,0,0,0,TRUE,TRUE
658,1,73,84,68,73,84,68,73,84,68,11,-5,11,5,FALSE,FALSE
658,2,92,111,104,92,111,104,92,111,104,19,12,19,12,FALSE,FALSE
658,3,126,156,142,126,156,142,126,156,142,30,16,30,16,FALSE,FALSE
658,4,176,205,186,176,205,186,176,205,186,29,10,29,10,FALSE,FALSE
658,5,235,265,256,235,265,256,235,265,256,30,21,30,21,FALSE,FALSE
658,6,287,348,330,287,348,330,287,348,330,61,43,61,43,FALSE,FALSE
658,7,368,459,406,368,459,406,368,459,406,91,38,91,38,FALSE,FALSE
658,8,458,572,563,458,572,563,458,572,563,114,105,114,105,FALSE,FALSE
658,9,581,693,715,581,693,715,581,693,715,112,134,112,134,FALSE,FALSE
658,10,712,857,910,712,857,910,712,857,910,145,198,145,198,FALSE,FALSE
658,11,882,1047,1107,882,1047,1107,882,1047,1107,165,225,165,225,FALSE,FALSE
658,12,1057,1228,1328,1057,1228,1328,1057,1228,1328,171,271,171,271,FALSE,FALSE
658,13,1226,1429,1566,1226,1429,1566,1226,1429,1566,203,340,203,340,FALSE,FALSE
658,14,1448,1598,1770,1448,1598,1770,1448,1598,1770,150,322,150,322,FALSE,FALSE
658,15,1649,1800,1941,1649,1800,1941,1649,1800,1941,151,292,151,292,FALSE,FALSE
658,16,1841,1924,2028,1841,1924,2028,1841,1924,2028,83,187,83,187,FALSE,FALSE
658,17,1993,2029,2136,1993,2029,2136,1993,2029,2136,36,143,36,143,FALSE,FALSE
658,18,2131,2082,2196,2131,2082,2196,2131,2082,2196,-49,65,49,65,FALSE,FALSE
658,19,2237,2091,2220,2237,2091,2220,2237,2091,2220,-146,-17,146,17,FALSE,FALSE
658,20,2194,2108,2186,2194,2108,2186,2194,2108,2186,-86,-8,86,8,FALSE,FALSE
658,21,2166,2046,2142,2166,2046,2142,2166,2046,2142,-120,-24,120,24,FALSE,FALSE
658,22,2113,1970,2075,2113,1970,2075,2113,1970,2075,-143,-38,143,38,FALSE,FALSE
658,23,2071,1879,1989,2071,1879,1989,2071,1879,1989,-192,-82,192,82,FALSE,FALSE
658,24,1967,1745,1845,1967,1745,1845,1967,1745,1845,-222,-122,222,122,FALSE,FALSE
658,25,1839,1655,1721,1839,1655,1721,1839,1655,1721,-184,-118,184,118,FALSE,FALSE
658,26,1729,1533,1580,1729,1533,1580,1729,1533,1580,-196,-149,196,149,FALSE,FALSE
658,27,1625,1430,1457,1625,1430,1457,1625,1430,1457,-195,-168,195,168,FALSE,FALSE
658,28,1509,1324,1340,1509,1324,1340,1509,1324,1340,-185,-169,185,169,FALSE,FALSE
658,29,1389,1228,1199,1389,1228,1199,1389,1228,1199,-161,-190,161,190,FALSE,FALSE
658,30,1289,1126,1079,1289,1126,1079,1289,1126,1079,-163,-210,163,210,FALSE,FALSE
658,31,1196,1029,975,1196,1029,975,1196,1029,975,-167,-221,167,221,FALSE,FALSE
658,32,1099,941,884,1099,941,884,1099,941,884,-158,-215,158,215,FALSE,FALSE
658,33,1006,844,794,1006,844,794,1006,844,794,-162,-212,162,212,FALSE,FALSE
658,34,912,758,722,912,758,722,912,758,722,-154,-190,154,190,FALSE,FALSE
658,35,805,668,652,805,668,652,805,668,652,-137,-153,137,153,FALSE,FALSE
658,36,734,602,595,734,602,595,734,602,595,-132,-139,132,139,FALSE,FALSE
658,37,662,550,530,662,550,530,662,550,530,-112,-132,112,132,FALSE,FALSE
658,38,586,491,483,586,491,483,586,491,483,-95,-103,95,103,FALSE,FALSE
658,39,534,432,431,534,432,431,534,432,431,-102,-103,102,103,FALSE,FALSE
658,40,468,372,387,468,372,387,468,372,387,-96,-81,96,81,FALSE,FALSE
658,41,433,340,355,433,340,355,433,340,355,-93,-78,93,78,FALSE,FALSE
658,42,392,301,329,392,301,329,392,301,329,-91,-63,91,63,FALSE,FALSE
658,43,350,263,295,350,263,295,350,263,295,-87,-55,87,55,FALSE,FALSE
658,44,321,234,267,321,234,267,321,234,267,-87,-54,87,54,FALSE,FALSE
658,45,282,201,237,282,201,237,282,201,237,-81,-45,81,45,FALSE,FALSE
658,46,251,186,212,251,186,212,251,186,212,-65,-39,65,39,FALSE,FALSE
658,47,224,162,186,224,162,186,224,162,186,-62,-38,62,38,FALSE,FALSE
658,48,209,149,164,209,149,164,209,149,164,-60,-45,60,45,FALSE,FALSE
658,49,179,130,143,179,130,143,179,130,143,-49,-36,49,36,FALSE,FALSE
658,50,165,120,127,165,120,127,165,120,127,-45,-38,45,38,FALSE,FALSE
658,51,153,108,119,153,108,119,153,108,119,-45,-34,45,34,FALSE,FALSE
658,52,139,101,99,139,101,99,139,101,99,-38,-40,38,40,FALSE,FALSE
658,53,118,87,92,118,87,92,118,87,92,-31,-26,31,26,FALSE,FALSE
658,54,110,83,88,110,83,88,110,83,88,-27,-22,27,22,FALSE,FALSE
658,55,98,73,74,98,73,74,98,73,74,-25,-24,25,24,FALSE,FALSE
658,56,81,68,67,81,68,67,81,68,67,-13,-14,13,14,FALSE,FALSE
658,57,72,61,60,72,61,60,72,61,60,-11,-12,11,12,FALSE,FALSE
658,58,58,57,53,58,57,53,58,57,53,-1,-5,1,5,FALSE,FALSE
658,59,56,50,48,56,50,48,56,50,48,-6,-8,6,8,FALSE,FALSE
658,60,52,46,46,52,46,46,52,46,46,-6,-6,6,6,FALSE,FALSE
659,0,110,110,110,110,110,110,110,110,110,0,0,0,0,TRUE,TRUE
659,1,150,158,156,150,158,156,150,158,156,8,6,8,6,FALSE,FALSE
659,2,222,204,208,222,204,208,222,204,208,-18,-14,18,14,FALSE,FALSE
659,3,298,273,268,298,273,268,298,273,268,-25,-30,25,30,FALSE,FALSE
659,4,412,369,363,412,369,363,412,369,363,-43,-49,43,49,FALSE,FALSE
659,5,575,516,493,575,516,493,575,516,493,-59,-82,59,82,FALSE,FALSE
659,6,770,676,674,770,676,674,770,676,674,-94,-96,94,96,FALSE,FALSE
659,7,1007,876,863,1007,876,863,1007,876,863,-131,-144,131,144,FALSE,FALSE
659,8,1288,1132,1124,1288,1132,1124,1288,1132,1124,-156,-164,156,164,FALSE,FALSE
659,9,1681,1402,1427,1681,1402,1427,1681,1402,1427,-279,-254,279,254,FALSE,FALSE
659,10,2041,1779,1781,2041,1779,1781,2041,1779,1781,-262,-260,262,260,FALSE,FALSE
659,11,2451,2152,2212,2451,2152,2212,2451,2152,2212,-299,-239,299,239,FALSE,FALSE
659,12,2853,2512,2545,2853,2512,2545,2853,2512,2545,-341,-308,341,308,FALSE,FALSE
659,13,3232,2851,2959,3232,2851,2959,3232,2851,2959,-381,-273,381,273,FALSE,FALSE
659,14,3456,3190,3253,3456,3190,3253,3456,3190,3253,-266,-203,266,203,FALSE,FALSE
659,15,3615,3438,3456,3615,3438,3456,3615,3438,3456,-177,-159,177,159,FALSE,FALSE
659,16,3669,3595,3572,3669,3595,3572,3669,3595,3572,-74,-97,74,97,FALSE,FALSE
659,17,3599,3666,3586,3599,3666,3586,3599,3666,3586,67,-13,67,13,FALSE,FALSE
659,18,3523,3639,3524,3523,3639,3524,3523,3639,3524,116,1,116,1,FALSE,FALSE
659,19,3393,3520,3430,3393,3520,3430,3393,3520,3430,127,37,127,37,FALSE,FALSE
659,20,3225,3325,3261,3225,3325,3261,3225,3325,3261,100,36,100,36,FALSE,FALSE
659,21,3048,3168,3028,3048,3168,3028,3048,3168,3028,120,-20,120,20,FALSE,FALSE
659,22,2837,3004,2821,2837,3004,2821,2837,3004,2821,167,-16,167,16,FALSE,FALSE
659,23,2611,2772,2592,2611,2772,2592,2611,2772,2592,161,-19,161,19,FALSE,FALSE
659,24,2363,2571,2364,2363,2571,2364,2363,2571,2364,208,1,208,1,FALSE,FALSE
659,25,2139,2346,2152,2139,2346,2152,2139,2346,2152,207,13,207,13,FALSE,FALSE
659,26,1942,2133,1932,1942,2133,1932,1942,2133,1932,191,-10,191,10,FALSE,FALSE
659,27,1771,1956,1737,1771,1956,1737,1771,1956,1737,185,-34,185,34,FALSE,FALSE
659,28,1569,1779,1579,1569,1779,1579,1569,1779,1579,210,10,210,10,FALSE,FALSE
659,29,1414,1621,1436,1414,1621,1436,1414,1621,1436,207,22,207,22,FALSE,FALSE
659,30,1275,1463,1303,1275,1463,1303,1275,1463,1303,188,28,188,28,FALSE,FALSE
659,31,1138,1300,1146,1138,1300,1146,1138,1300,1146,162,8,162,8,FALSE,FALSE
659,32,1004,1158,1012,1004,1158,1012,1004,1158,1012,154,8,154,8,FALSE,FALSE
659,33,908,1055,895,908,1055,895,908,1055,895,147,-13,147,13,FALSE,FALSE
659,34,803,934,801,803,934,801,803,934,801,131,-2,131,2,FALSE,FALSE
659,35,709,835,720,709,835,720,709,835,720,126,11,126,11,FALSE,FALSE
659,36,644,749,653,644,749,653,644,749,653,105,9,105,9,FALSE,FALSE
659,37,576,670,579,576,670,579,576,670,579,94,3,94,3,FALSE,FALSE
659,38,496,610,506,496,610,506,496,610,506,114,10,114,10,FALSE,FALSE
659,39,442,559,440,442,559,440,442,559,440,117,-2,117,2,FALSE,FALSE
659,40,385,491,379,385,491,379,385,491,379,106,-6,106,6,FALSE,FALSE
659,41,347,441,348,347,441,348,347,441,348,94,1,94,1,FALSE,FALSE
659,42,309,395,311,309,395,311,309,395,311,86,2,86,2,FALSE,FALSE
659,43,272,347,275,272,347,275,272,347,275,75,3,75,3,FALSE,FALSE
659,44,245,306,253,245,306,253,245,306,253,61,8,61,8,FALSE,FALSE
659,45,222,278,238,222,278,238,222,278,238,56,16,56,16,FALSE,FALSE
659,46,195,245,207,195,245,207,195,245,207,50,12,50,12,FALSE,FALSE
659,47,174,212,176,174,212,176,174,212,176,38,2,38,2,FALSE,FALSE
659,48,152,193,162,152,193,162,152,193,162,41,10,41,10,FALSE,FALSE
659,49,136,172,148,136,172,148,136,172,148,36,12,36,12,FALSE,FALSE
659,50,112,152,133,112,152,133,112,152,133,40,21,40,21,FALSE,FALSE
659,51,98,139,118,98,139,118,98,139,118,41,20,41,20,FALSE,FALSE
659,52,86,128,107,86,128,107,86,128,107,42,21,42,21,FALSE,FALSE
659,53,71,113,98,71,113,98,71,113,98,42,27,42,27,FALSE,FALSE
659,54,67,98,85,67,98,85,67,98,85,31,18,31,18,FALSE,FALSE
659,55,61,88,74,61,88,74,61,88,74,27,13,27,13,FALSE,FALSE
659,56,49,78,64,49,78,64,49,78,64,29,15,29,15,FALSE,FALSE
659,57,41,71,55,41,71,55,41,71,55,30,14,30,14,FALSE,FALSE
659,58,38,66,49,38,66,49,38,66,49,28,11,28,11,FALSE,FALSE
659,59,37,63,44,37,63,44,37,63,44,26,7,26,7,FALSE,FALSE
659,60,32,55,40,32,55,40,32,55,40,23,8,23,8,FALSE,FALSE
660,0,157,157,157,157,157,157,157,157,157,0,0,0,0,TRUE,TRUE
660,1,187,196,186,187,196,186,187,196,186,9,-1,9,1,FALSE,FALSE
660,2,234,262,244,234,262,244,234,262,244,28,10,28,10,FALSE,FALSE
660,3,305,342,318,305,342,318,305,342,318,37,13,37,13,FALSE,FALSE
660,4,360,434,409,360,434,409,360,434,409,74,49,74,49,FALSE,FALSE
660,5,461,556,505,461,556,505,461,556,505,95,44,95,44,FALSE,FALSE
660,6,596,695,631,596,695,631,596,695,631,99,35,99,35,FALSE,FALSE
660,7,786,853,779,786,853,779,786,853,779,67,-7,67,7,FALSE,FALSE
660,8,986,1064,963,986,1064,963,986,1064,963,78,-23,78,23,FALSE,FALSE
660,9,1164,1294,1150,1164,1294,1150,1164,1294,1150,130,-14,130,14,FALSE,FALSE
660,10,1418,1559,1369,1418,1559,1369,1418,1559,1369,141,-49,141,49,FALSE,FALSE
660,11,1696,1809,1609,1696,1809,1609,1696,1809,1609,113,-87,113,87,FALSE,FALSE
660,12,1953,2076,1892,1953,2076,1892,1953,2076,1892,123,-61,123,61,FALSE,FALSE
660,13,2290,2364,2115,2290,2364,2115,2290,2364,2115,74,-175,74,175,FALSE,FALSE
660,14,2589,2637,2425,2589,2637,2425,2589,2637,2425,48,-164,48,164,FALSE,FALSE
660,15,2886,2881,2711,2886,2881,2711,2886,2881,2711,-5,-175,5,175,FALSE,FALSE
660,16,3191,3118,2952,3191,3118,2952,3191,3118,2952,-73,-239,73,239,FALSE,FALSE
660,17,3407,3312,3197,3407,3312,3197,3407,3312,3197,-95,-210,95,210,FALSE,FALSE
660,18,3614,3463,3344,3614,3463,3344,3614,3463,3344,-151,-270,151,270,FALSE,FALSE
660,19,3776,3597,3474,3776,3597,3474,3776,3597,3474,-179,-302,179,302,FALSE,FALSE
660,20,3824,3621,3599,3824,3621,3599,3824,3621,3599,-203,-225,203,225,FALSE,FALSE
660,21,3801,3653,3635,3801,3653,3635,3801,3653,3635,-148,-166,148,166,FALSE,FALSE
660,22,3759,3619,3639,3759,3619,3639,3759,3619,3639,-140,-120,140,120,FALSE,FALSE
660,23,3686,3536,3599,3686,3536,3599,3686,3536,3599,-150,-87,150,87,FALSE,FALSE
660,24,3562,3430,3548,3562,3430,3548,3562,3430,3548,-132,-14,132,14,FALSE,FALSE
660,25,3443,3294,3460,3443,3294,3460,3443,3294,3460,-149,17,149,17,FALSE,FALSE
660,26,3300,3168,3317,3300,3168,3317,3300,3168,3317,-132,17,132,17,FALSE,FALSE
660,27,3151,3019,3149,3151,3019,3149,3151,3019,3149,-132,-2,132,2,FALSE,FALSE
660,28,2980,2867,2989,2980,2867,2989,2980,2867,2989,-113,9,113,9,FALSE,FALSE
660,29,2802,2746,2843,2802,2746,2843,2802,2746,2843,-56,41,56,41,FALSE,FALSE
660,30,2613,2586,2705,2613,2586,2705,2613,2586,2705,-27,92,27,92,FALSE,FALSE
660,31,2429,2423,2570,2429,2423,2570,2429,2423,2570,-6,141,6,141,FALSE,FALSE
660,32,2279,2269,2406,2279,2269,2406,2279,2269,2406,-10,127,10,127,FALSE,FALSE
660,33,2119,2135,2259,2119,2135,2259,2119,2135,2259,16,140,16,140,FALSE,FALSE
660,34,1973,2028,2111,1973,2028,2111,1973,2028,2111,55,138,55,138,FALSE,FALSE
660,35,1834,1897,1957,1834,1897,1957,1834,1897,1957,63,123,63,123,FALSE,FALSE
660,36,1687,1752,1835,1687,1752,1835,1687,1752,1835,65,148,65,148,FALSE,FALSE
660,37,1560,1646,1678,1560,1646,1678,1560,1646,1678,86,118,86,118,FALSE,FALSE
660,38,1446,1529,1557,1446,1529,1557,1446,1529,1557,83,111,83,111,FALSE,FALSE
660,39,1332,1411,1444,1332,1411,1444,1332,1411,1444,79,112,79,112,FALSE,FALSE
660,40,1229,1297,1337,1229,1297,1337,1229,1297,1337,68,108,68,108,FALSE,FALSE
660,41,1155,1210,1232,1155,1210,1232,1155,1210,1232,55,77,55,77,FALSE,FALSE
660,42,1061,1120,1143,1061,1120,1143,1061,1120,1143,59,82,59,82,FALSE,FALSE
660,43,982,1026,1055,982,1026,1055,982,1026,1055,44,73,44,73,FALSE,FALSE
660,44,917,947,976,917,947,976,917,947,976,30,59,30,59,FALSE,FALSE
660,45,848,871,897,848,871,897,848,871,897,23,49,23,49,FALSE,FALSE
660,46,793,804,821,793,804,821,793,804,821,11,28,11,28,FALSE,FALSE
660,47,719,743,755,719,743,755,719,743,755,24,36,24,36,FALSE,FALSE
660,48,670,672,692,670,672,692,670,672,692,2,22,2,22,FALSE,FALSE
660,49,620,618,648,620,618,648,620,618,648,-2,28,2,28,FALSE,FALSE
660,50,575,557,602,575,557,602,575,557,602,-18,27,18,27,FALSE,FALSE
660,51,538,524,554,538,524,554,538,524,554,-14,16,14,16,FALSE,FALSE
660,52,491,491,509,491,491,509,491,491,509,0,18,0,18,TRUE,FALSE
660,53,444,455,461,444,455,461,444,455,461,11,17,11,17,FALSE,FALSE
660,54,408,426,430,408,426,430,408,426,430,18,22,18,22,FALSE,FALSE
660,55,377,389,390,377,389,390,377,389,390,12,13,12,13,FALSE,FALSE
660,56,355,354,355,355,354,355,355,354,355,-1,0,1,0,FALSE,TRUE
660,57,335,321,338,335,321,338,335,321,338,-14,3,14,3,FALSE,FALSE
660,58,315,296,313,315,296,313,315,296,313,-19,-2,19,2,FALSE,FALSE
660,59,289,285,288,289,285,288,289,285,288,-4,-1,4,1,FALSE,FALSE
660,60,267,267,258,267,267,258,267,267,258,0,-9,0,9,TRUE,FALSE
661,0,135,135,135,135,135,135,135,135,135,0,0,0,0,TRUE,TRUE
661,1,189,178,191,189,178,191,189,178,191,-11,2,11,2,FALSE,FALSE
661,2,274,237,265,274,237,265,274,237,265,-37,-9,37,9,FALSE,FALSE
661,3,379,340,367,379,340,367,379,340,367,-39,-12,39,12,FALSE,FALSE
661,4,504,457,483,504,457,483,504,457,483,-47,-21,47,21,FALSE,FALSE
661,5,668,644,635,668,644,635,668,644,635,-24,-33,24,33,FALSE,FALSE
661,6,865,847,851,865,847,851,865,847,851,-18,-14,18,14,FALSE,FALSE
661,7,1100,1088,1101,1100,1088,1101,1100,1088,1101,-12,1,12,1,FALSE,FALSE
661,8,1384,1380,1449,1384,1380,1449,1384,1380,1449,-4,65,4,65,FALSE,FALSE
661,9,1682,1704,1731,1682,1704,1731,1682,1704,1731,22,49,22,49,FALSE,FALSE
661,10,2047,2061,2120,2047,2061,2120,2047,2061,2120,14,73,14,73,FALSE,FALSE
661,11,2449,2407,2455,2449,2407,2455,2449,2407,2455,-42,6,42,6,FALSE,FALSE
661,12,2760,2721,2787,2760,2721,2787,2760,2721,2787,-39,27,39,27,FALSE,FALSE
661,13,3054,2998,3108,3054,2998,3108,3054,2998,3108,-56,54,56,54,FALSE,FALSE
661,14,3273,3278,3270,3273,3278,3270,3273,3278,3270,5,-3,5,3,FALSE,FALSE
661,15,3433,3389,3405,3433,3389,3405,3433,3389,3405,-44,-28,44,28,FALSE,FALSE
661,16,3477,3445,3431,3477,3445,3431,3477,3445,3431,-32,-46,32,46,FALSE,FALSE
661,17,3424,3408,3370,3424,3408,3370,3424,3408,3370,-16,-54,16,54,FALSE,FALSE
661,18,3305,3242,3235,3305,3242,3235,3305,3242,3235,-63,-70,63,70,FALSE,FALSE
661,19,3147,3118,3083,3147,3118,3083,3147,3118,3083,-29,-64,29,64,FALSE,FALSE
661,20,2963,2969,2866,2963,2969,2866,2963,2969,2866,6,-97,6,97,FALSE,FALSE
661,21,2780,2776,2682,2780,2776,2682,2780,2776,2682,-4,-98,4,98,FALSE,FALSE
661,22,2540,2571,2486,2540,2571,2486,2540,2571,2486,31,-54,31,54,FALSE,FALSE
661,23,2290,2360,2290,2290,2360,2290,2290,2360,2290,70,0,70,0,FALSE,TRUE
661,24,2077,2163,2094,2077,2163,2094,2077,2163,2094,86,17,86,17,FALSE,FALSE
661,25,1864,1972,1919,1864,1972,1919,1864,1972,1919,108,55,108,55,FALSE,FALSE
661,26,1701,1785,1748,1701,1785,1748,1701,1785,1748,84,47,84,47,FALSE,FALSE
661,27,1536,1622,1581,1536,1622,1581,1536,1622,1581,86,45,86,45,FALSE,FALSE
661,28,1342,1458,1419,1342,1458,1419,1342,1458,1419,116,77,116,77,FALSE,FALSE
661,29,1201,1326,1278,1201,1326,1278,1201,1326,1278,125,77,125,77,FALSE,FALSE
661,30,1078,1190,1140,1078,1190,1140,1078,1190,1140,112,62,112,62,FALSE,FALSE
661,31,954,1075,1032,954,1075,1032,954,1075,1032,121,78,121,78,FALSE,FALSE
661,32,852,948,921,852,948,921,852,948,921,96,69,96,69,FALSE,FALSE
661,33,764,848,826,764,848,826,764,848,826,84,62,84,62,FALSE,FALSE
661,34,690,760,735,690,760,735,690,760,735,70,45,70,45,FALSE,FALSE
661,35,603,662,643,603,662,643,603,662,643,59,40,59,40,FALSE,FALSE
661,36,536,584,573,536,584,573,536,584,573,48,37,48,37,FALSE,FALSE
661,37,483,525,501,483,525,501,483,525,501,42,18,42,18,FALSE,FALSE
661,38,423,483,451,423,483,451,423,483,451,60,28,60,28,FALSE,FALSE
661,39,382,422,398,382,422,398,382,422,398,40,16,40,16,FALSE,FALSE
661,40,332,361,362,332,361,362,332,361,362,29,30,29,30,FALSE,FALSE
661,41,305,323,323,305,323,323,305,323,323,18,18,18,18,FALSE,FALSE
661,42,275,280,286,275,280,286,275,280,286,5,11,5,11,FALSE,FALSE
661,43,236,251,260,236,251,260,236,251,260,15,24,15,24,FALSE,FALSE
661,44,211,228,240,211,228,240,211,228,240,17,29,17,29,FALSE,FALSE
661,45,190,194,221,190,194,221,190,194,221,4,31,4,31,FALSE,FALSE
661,46,163,162,196,163,162,196,163,162,196,-1,33,1,33,FALSE,FALSE
661,47,141,146,169,141,146,169,141,146,169,5,28,5,28,FALSE,FALSE
661,48,129,128,151,129,128,151,129,128,151,-1,22,1,22,FALSE,FALSE
661,49,119,115,142,119,115,142,119,115,142,-4,23,4,23,FALSE,FALSE
661,50,107,101,127,107,101,127,107,101,127,-6,20,6,20,FALSE,FALSE
661,51,98,87,106,98,87,106,98,87,106,-11,8,11,8,FALSE,FALSE
661,52,87,81,94,87,81,94,87,81,94,-6,7,6,7,FALSE,FALSE
661,53,81,73,87,81,73,87,81,73,87,-8,6,8,6,FALSE,FALSE
661,54,70,68,75,70,68,75,70,68,75,-2,5,2,5,FALSE,FALSE
661,55,63,62,69,63,62,69,63,62,69,-1,6,1,6,FALSE,FALSE
661,56,53,57,64,53,57,64,53,57,64,4,11,4,11,FALSE,FALSE
661,57,50,47,55,50,47,55,50,47,55,-3,5,3,5,FALSE,FALSE
661,58,42,38,47,42,38,47,42,38,47,-4,5,4,5,FALSE,FALSE
661,59,36,34,43,36,34,43,36,34,43,-2,7,2,7,FALSE,FALSE
661,60,34,30,35,34,30,35,34,30,35,-4,1,4,1,FALSE,FALSE
662,0,59,59,59,59,59,59,59,59,59,0,0,0,0,TRUE,TRUE
662,1,73,56,68,73,56,68,73,56,68,-17,-5,17,5,FALSE,FALSE
662,2,85,67,81,85,67,81,85,67,81,-18,-4,18,4,FALSE,FALSE
662,3,91,78,95,91,78,95,91,78,95,-13,4,13,4,FALSE,FALSE
662,4,96,84,108,96,84,108,96,84,108,-12,12,12,12,FALSE,FALSE
662,5,114,99,119,114,99,119,114,99,119,-15,5,15,5,FALSE,FALSE
662,6,128,104,124,128,104,124,128,104,124,-24,-4,24,4,FALSE,FALSE
662,7,139,115,140,139,115,140,139,115,140,-24,1,24,1,FALSE,FALSE
662,8,162,134,153,162,134,153,162,134,153,-28,-9,28,9,FALSE,FALSE
662,9,183,148,165,183,148,165,183,148,165,-35,-18,35,18,FALSE,FALSE
662,10,220,173,169,220,173,169,220,173,169,-47,-51,47,51,FALSE,FALSE
662,11,252,203,188,252,203,188,252,203,188,-49,-64,49,64,FALSE,FALSE
662,12,280,224,210,280,224,210,280,224,210,-56,-70,56,70,FALSE,FALSE
662,13,316,266,244,316,266,244,316,266,244,-50,-72,50,72,FALSE,FALSE
662,14,354,301,266,354,301,266,354,301,266,-53,-88,53,88,FALSE,FALSE
662,15,394,324,312,394,324,312,394,324,312,-70,-82,70,82,FALSE,FALSE
662,16,424,354,345,424,354,345,424,354,345,-70,-79,70,79,FALSE,FALSE
662,17,461,400,376,461,400,376,461,400,376,-61,-85,61,85,FALSE,FALSE
662,18,528,437,424,528,437,424,528,437,424,-91,-104,91,104,FALSE,FALSE
662,19,583,481,464,583,481,464,583,481,464,-102,-119,102,119,FALSE,FALSE
662,20,637,527,508,637,527,508,637,527,508,-110,-129,110,129,FALSE,FALSE
662,21,728,562,542,728,562,542,728,562,542,-166,-186,166,186,FALSE,FALSE
662,22,775,587,585,775,587,585,775,587,585,-188,-190,188,190,FALSE,FALSE
662,23,846,632,648,846,632,648,846,632,648,-214,-198,214,198,FALSE,FALSE
662,24,926,676,723,926,676,723,926,676,723,-250,-203,250,203,FALSE,FALSE
662,25,996,742,785,996,742,785,996,742,785,-254,-211,254,211,FALSE,FALSE
662,26,1066,825,850,1066,825,850,1066,825,850,-241,-216,241,216,FALSE,FALSE
662,27,1124,891,903,1124,891,903,1124,891,903,-233,-221,233,221,FALSE,FALSE
662,28,1215,930,960,1215,930,960,1215,930,960,-285,-255,285,255,FALSE,FALSE
662,29,1265,995,1017,1265,995,1017,1265,995,1017,-270,-248,270,248,FALSE,FALSE
662,30,1331,1041,1109,1331,1041,1109,1331,1041,1109,-290,-222,290,222,FALSE,FALSE
662,31,1410,1094,1171,1410,1094,1171,1410,1094,1171,-316,-239,316,239,FALSE,FALSE
662,32,1477,1148,1249,1477,1148,1249,1477,1148,1249,-329,-228,329,228,FALSE,FALSE
662,33,1542,1191,1309,1542,1191,1309,1542,1191,1309,-351,-233,351,233,FALSE,FALSE
662,34,1571,1243,1375,1571,1243,1375,1571,1243,1375,-328,-196,328,196,FALSE,FALSE
662,35,1580,1310,1444,1580,1310,1444,1580,1310,1444,-270,-136,270,136,FALSE,FALSE
662,36,1633,1367,1466,1633,1367,1466,1633,1367,1466,-266,-167,266,167,FALSE,FALSE
662,37,1668,1426,1504,1668,1426,1504,1668,1426,1504,-242,-164,242,164,FALSE,FALSE
662,38,1695,1464,1535,1695,1464,1535,1695,1464,1535,-231,-160,231,160,FALSE,FALSE
662,39,1718,1516,1584,1718,1516,1584,1718,1516,1584,-202,-134,202,134,FALSE,FALSE
662,40,1756,1541,1571,1756,1541,1571,1756,1541,1571,-215,-185,215,185,FALSE,FALSE
662,41,1749,1570,1573,1749,1570,1573,1749,1570,1573,-179,-176,179,176,FALSE,FALSE
662,42,1761,1598,1548,1761,1598,1548,1761,1598,1548,-163,-213,163,213,FALSE,FALSE
662,43,1745,1643,1526,1745,1643,1526,1745,1643,1526,-102,-219,102,219,FALSE,FALSE
662,44,1758,1633,1536,1758,1633,1536,1758,1633,1536,-125,-222,125,222,FALSE,FALSE
662,45,1711,1628,1516,1711,1628,1516,1711,1628,1516,-83,-195,83,195,FALSE,FALSE
662,46,1663,1631,1514,1663,1631,1514,1663,1631,1514,-32,-149,32,149,FALSE,FALSE
662,47,1612,1612,1511,1612,1612,1511,1612,1612,1511,0,-101,0,101,TRUE,FALSE
662,48,1574,1620,1485,1574,1620,1485,1574,1620,1485,46,-89,46,89,FALSE,FALSE
662,49,1540,1560,1440,1540,1560,1440,1540,1560,1440,20,-100,20,100,FALSE,FALSE
662,50,1500,1544,1403,1500,1544,1403,1500,1544,1403,44,-97,44,97,FALSE,FALSE
662,51,1455,1500,1357,1455,1500,1357,1455,1500,1357,45,-98,45,98,FALSE,FALSE
662,52,1402,1481,1333,1402,1481,1333,1402,1481,1333,79,-69,79,69,FALSE,FALSE
662,53,1327,1466,1309,1327,1466,1309,1327,1466,1309,139,-18,139,18,FALSE,FALSE
662,54,1298,1408,1278,1298,1408,1278,1298,1408,1278,110,-20,110,20,FALSE,FALSE
662,55,1268,1360,1259,1268,1360,1259,1268,1360,1259,92,-9,92,9,FALSE,FALSE
662,56,1208,1318,1218,1208,1318,1218,1208,1318,1218,110,10,110,10,FALSE,FALSE
662,57,1165,1257,1149,1165,1257,1149,1165,1257,1149,92,-16,92,16,FALSE,FALSE
662,58,1117,1200,1122,1117,1200,1122,1117,1200,1122,83,5,83,5,FALSE,FALSE
662,59,1063,1150,1064,1063,1150,1064,1063,1150,1064,87,1,87,1,FALSE,FALSE
662,60,1027,1087,1010,1027,1087,1010,1027,1087,1010,60,-17,60,17,FALSE,FALSE
663,0,88,88,88,88,88,88,88,88,88,0,0,0,0,TRUE,TRUE
663,1,114,123,113,114,123,113,114,123,113,9,-1,9,1,FALSE,FALSE
663,2,136,155,139,136,155,139,136,155,139,19,3,19,3,FALSE,FALSE
663,3,179,202,177,179,202,177,179,202,177,23,-2,23,2,FALSE,FALSE
663,4,237,265,212,237,265,212,237,265,212,28,-25,28,25,FALSE,FALSE
663,5,304,353,257,304,353,257,304,353,257,49,-47,49,47,FALSE,FALSE
663,6,389,437,310,389,437,310,389,437,310,48,-79,48,79,FALSE,FALSE
663,7,480,537,405,480,537,405,480,537,405,57,-75,57,75,FALSE,FALSE
663,8,609,667,513,609,667,513,609,667,513,58,-96,58,96,FALSE,FALSE
663,9,723,784,645,723,784,645,723,784,645,61,-78,61,78,FALSE,FALSE
663,10,880,929,782,880,929,782,880,929,782,49,-98,49,98,FALSE,FALSE
663,11,1022,1103,960,1022,1103,960,1022,1103,960,81,-62,81,62,FALSE,FALSE
663,12,1194,1273,1123,1194,1273,1123,1194,1273,1123,79,-71,79,71,FALSE,FALSE
663,13,1390,1448,1287,1390,1448,1287,1390,1448,1287,58,-103,58,103,FALSE,FALSE
663,14,1552,1663,1471,1552,1663,1471,1552,1663,1471,111,-81,111,81,FALSE,FALSE
663,15,1744,1846,1669,1744,1846,1669,1744,1846,1669,102,-75,102,75,FALSE,FALSE
663,16,1928,2053,1840,1928,2053,1840,1928,2053,1840,125,-88,125,88,FALSE,FALSE
663,17,2060,2228,1998,2060,2228,1998,2060,2228,1998,168,-62,168,62,FALSE,FALSE
663,18,2193,2393,2154,2193,2393,2154,2193,2393,2154,200,-39,200,39,FALSE,FALSE
663,19,2285,2500,2231,2285,2500,2231,2285,2500,2231,215,-54,215,54,FALSE,FALSE
663,20,2326,2593,2324,2326,2593,2324,2326,2593,2324,267,-2,267,2,FALSE,FALSE
663,21,2369,2563,2410,2369,2563,2410,2369,2563,2410,194,41,194,41,FALSE,FALSE
663,22,2392,2537,2443,2392,2537,2443,2392,2537,2443,145,51,145,51,FALSE,FALSE
663,23,2377,2464,2399,2377,2464,2399,2377,2464,2399,87,22,87,22,FALSE,FALSE
663,24,2339,2389,2366,2339,2389,2366,2339,2389,2366,50,27,50,27,FALSE,FALSE
663,25,2242,2291,2267,2242,2291,2267,2242,2291,2267,49,25,49,25,FALSE,FALSE
663,26,2177,2156,2168,2177,2156,2168,2177,2156,2168,-21,-9,21,9,FALSE,FALSE
663,27,2063,2061,2067,2063,2061,2067,2063,2061,2067,-2,4,2,4,FALSE,FALSE
663,28,1963,1886,1932,1963,1886,1932,1963,1886,1932,-77,-31,77,31,FALSE,FALSE
663,29,1839,1733,1788,1839,1733,1788,1839,1733,1788,-106,-51,106,51,FALSE,FALSE
663,30,1694,1598,1674,1694,1598,1674,1694,1598,1674,-96,-20,96,20,FALSE,FALSE
663,31,1557,1488,1545,1557,1488,1545,1557,1488,1545,-69,-12,69,12,FALSE,FALSE
663,32,1406,1369,1446,1406,1369,1446,1406,1369,1446,-37,40,37,40,FALSE,FALSE
663,33,1290,1245,1339,1290,1245,1339,1290,1245,1339,-45,49,45,49,FALSE,FALSE
663,34,1180,1113,1236,1180,1113,1236,1180,1113,1236,-67,56,67,56,FALSE,FALSE
663,35,1100,1015,1118,1100,1015,1118,1100,1015,1118,-85,18,85,18,FALSE,FALSE
663,36,976,919,1004,976,919,1004,976,919,1004,-57,28,57,28,FALSE,FALSE
663,37,891,824,913,891,824,913,891,824,913,-67,22,67,22,FALSE,FALSE
663,38,803,727,825,803,727,825,803,727,825,-76,22,76,22,FALSE,FALSE
663,39,714,663,744,714,663,744,714,663,744,-51,30,51,30,FALSE,FALSE
663,40,628,589,656,628,589,656,628,589,656,-39,28,39,28,FALSE,FALSE
663,41,582,530,587,582,530,587,582,530,587,-52,5,52,5,FALSE,FALSE
663,42,527,479,527,527,479,527,527,479,527,-48,0,48,0,FALSE,TRUE
663,43,459,415,462,459,415,462,459,415,462,-44,3,44,3,FALSE,FALSE
663,44,393,368,411,393,368,411,393,368,411,-25,18,25,18,FALSE,FALSE
663,45,340,327,366,340,327,366,340,327,366,-13,26,13,26,FALSE,FALSE
663,46,296,295,329,296,295,329,296,295,329,-1,33,1,33,FALSE,FALSE
663,47,263,269,303,263,269,303,263,269,303,6,40,6,40,FALSE,FALSE
663,48,245,243,266,245,243,266,245,243,266,-2,21,2,21,FALSE,FALSE
663,49,209,218,243,209,218,243,209,218,243,9,34,9,34,FALSE,FALSE
663,50,185,200,224,185,200,224,185,200,224,15,39,15,39,FALSE,FALSE
663,51,163,187,198,163,187,198,163,187,198,24,35,24,35,FALSE,FALSE
663,52,143,166,181,143,166,181,143,166,181,23,38,23,38,FALSE,FALSE
663,53,138,150,163,138,150,163,138,150,163,12,25,12,25,FALSE,FALSE
663,54,127,136,137,127,136,137,127,136,137,9,10,9,10,FALSE,FALSE
663,55,120,116,116,120,116,116,120,116,116,-4,-4,4,4,FALSE,FALSE
663,56,105,110,95,105,110,95,105,110,95,5,-10,5,10,FALSE,FALSE
663,57,94,95,89,94,95,89,94,95,89,1,-5,1,5,FALSE,FALSE
663,58,78,74,76,78,74,76,78,74,76,-4,-2,4,2,FALSE,FALSE
663,59,79,71,64,79,71,64,79,71,64,-8,-15,8,15,FALSE,FALSE
663,60,74,72,57,74,72,57,74,72,57,-2,-17,2,17,FALSE,FALSE
664,0,69,69,69,69,69,69,69,69,69,0,0,0,0,TRUE,TRUE
664,1,75,69,80,75,69,80,75,69,80,-6,5,6,5,FALSE,FALSE
664,2,75,68,96,75,68,96,75,68,96,-7,21,7,21,FALSE,FALSE
664,3,74,67,93,74,67,93,74,67,93,-7,19,7,19,FALSE,FALSE
664,4,81,76,98,81,76,98,81,76,98,-5,17,5,17,FALSE,FALSE
664,5,77,78,109,77,78,109,77,78,109,1,32,1,32,FALSE,FALSE
664,6,86,79,109,86,79,109,86,79,109,-7,23,7,23,FALSE,FALSE
664,7,95,86,119,95,86,119,95,86,119,-9,24,9,24,FALSE,FALSE
664,8,110,101,129,110,101,129,110,101,129,-9,19,9,19,FALSE,FALSE
664,9,110,106,138,110,106,138,110,106,138,-4,28,4,28,FALSE,FALSE
664,10,106,108,153,106,108,153,106,108,153,2,47,2,47,FALSE,FALSE
664,11,121,105,159,121,105,159,121,105,159,-16,38,16,38,FALSE,FALSE
664,12,135,120,177,135,120,177,135,120,177,-15,42,15,42,FALSE,FALSE
664,13,143,127,179,143,127,179,143,127,179,-16,36,16,36,FALSE,FALSE
664,14,151,135,174,151,135,174,151,135,174,-16,23,16,23,FALSE,FALSE
664,15,149,139,182,149,139,182,149,139,182,-10,33,10,33,FALSE,FALSE
664,16,154,148,181,154,148,181,154,148,181,-6,27,6,27,FALSE,FALSE
664,17,164,162,186,164,162,186,164,162,186,-2,22,2,22,FALSE,FALSE
664,18,168,175,182,168,175,182,168,175,182,7,14,7,14,FALSE,FALSE
664,19,170,187,178,170,187,178,170,187,178,17,8,17,8,FALSE,FALSE
664,20,190,193,190,190,193,190,190,193,190,3,0,3,0,FALSE,TRUE
664,21,211,198,188,211,198,188,211,198,188,-13,-23,13,23,FALSE,FALSE
664,22,224,207,195,224,207,195,224,207,195,-17,-29,17,29,FALSE,FALSE
664,23,226,225,218,226,225,218,226,225,218,-1,-8,1,8,FALSE,FALSE
664,24,221,227,220,221,227,220,221,227,220,6,-1,6,1,FALSE,FALSE
664,25,239,247,216,239,247,216,239,247,216,8,-23,8,23,FALSE,FALSE
664,26,242,281,219,242,281,219,242,281,219,39,-23,39,23,FALSE,FALSE
664,27,260,295,214,260,295,214,260,295,214,35,-46,35,46,FALSE,FALSE
664,28,269,293,224,269,293,224,269,293,224,24,-45,24,45,FALSE,FALSE
664,29,264,304,228,264,304,228,264,304,228,40,-36,40,36,FALSE,FALSE
664,30,267,318,238,267,318,238,267,318,238,51,-29,51,29,FALSE,FALSE
664,31,273,325,252,273,325,252,273,325,252,52,-21,52,21,FALSE,FALSE
664,32,270,348,257,270,348,257,270,348,257,78,-13,78,13,FALSE,FALSE
664,33,276,356,272,276,356,272,276,356,272,80,-4,80,4,FALSE,FALSE
664,34,310,364,291,310,364,291,310,364,291,54,-19,54,19,FALSE,FALSE
664,35,307,376,281,307,376,281,307,376,281,69,-26,69,26,FALSE,FALSE
664,36,303,390,284,303,390,284,303,390,284,87,-19,87,19,FALSE,FALSE
664,37,294,361,292,294,361,292,294,361,292,67,-2,67,2,FALSE,FALSE
664,38,294,382,281,294,382,281,294,382,281,88,-13,88,13,FALSE,FALSE
664,39,297,399,273,297,399,273,297,399,273,102,-24,102,24,FALSE,FALSE
664,40,301,406,275,301,406,275,301,406,275,105,-26,105,26,FALSE,FALSE
664,41,287,417,274,287,417,274,287,417,274,130,-13,130,13,FALSE,FALSE
664,42,304,406,282,304,406,282,304,406,282,102,-22,102,22,FALSE,FALSE
664,43,309,410,293,309,410,293,309,410,293,101,-16,101,16,FALSE,FALSE
664,44,305,409,287,305,409,287,305,409,287,104,-18,104,18,FALSE,FALSE
664,45,278,421,296,278,421,296,278,421,296,143,18,143,18,FALSE,FALSE
664,46,271,423,322,271,423,322,271,423,322,152,51,152,51,FALSE,FALSE
664,47,254,419,313,254,419,313,254,419,313,165,59,165,59,FALSE,FALSE
664,48,245,426,310,245,426,310,245,426,310,181,65,181,65,FALSE,FALSE
664,49,236,409,310,236,409,310,236,409,310,173,74,173,74,FALSE,FALSE
664,50,227,400,305,227,400,305,227,400,305,173,78,173,78,FALSE,FALSE
664,51,228,394,316,228,394,316,228,394,316,166,88,166,88,FALSE,FALSE
664,52,221,363,307,221,363,307,221,363,307,142,86,142,86,FALSE,FALSE
664,53,232,345,301,232,345,301,232,345,301,113,69,113,69,FALSE,FALSE
664,54,234,336,292,234,336,292,234,336,292,102,58,102,58,FALSE,FALSE
664,55,246,341,280,246,341,280,246,341,280,95,34,95,34,FALSE,FALSE
664,56,244,338,267,244,338,267,244,338,267,94,23,94,23,FALSE,FALSE
664,57,250,340,258,250,340,258,250,340,258,90,8,90,8,FALSE,FALSE
664,58,249,327,243,249,327,243,249,327,243,78,-6,78,6,FALSE,FALSE
664,59,240,315,221,240,315,221,240,315,221,75,-19,75,19,FALSE,FALSE
664,60,245,312,221,245,312,221,245,312,221,67,-24,67,24,FALSE,FALSE
665,0,58,58,58,58,58,58,58,58,58,0,0,0,0,TRUE,TRUE
665,1,78,89,77,78,89,77,78,89,77,11,-1,11,1,FALSE,FALSE
665,2,106,138,104,106,138,104,106,138,104,32,-2,32,2,FALSE,FALSE
665,3,158,195,146,158,195,146,158,195,146,37,-12,37,12,FALSE,FALSE
665,4,201,253,194,201,253,194,201,253,194,52,-7,52,7,FALSE,FALSE
665,5,294,351,276,294,351,276,294,351,276,57,-18,57,18,FALSE,FALSE
665,6,433,473,365,433,473,365,433,473,365,40,-68,40,68,FALSE,FALSE
665,7,581,623,490,581,623,490,581,623,490,42,-91,42,91,FALSE,FALSE
665,8,768,812,670,768,812,670,768,812,670,44,-98,44,98,FALSE,FALSE
665,9,990,1059,884,990,1059,884,990,1059,884,69,-106,69,106,FALSE,FALSE
665,10,1283,1322,1134,1283,1322,1134,1283,1322,1134,39,-149,39,149,FALSE,FALSE
665,11,1551,1612,1438,1551,1612,1438,1551,1612,1438,61,-113,61,113,FALSE,FALSE
665,12,1899,1924,1763,1899,1924,1763,1899,1924,1763,25,-136,25,136,FALSE,FALSE
665,13,2199,2202,2038,2199,2202,2038,2199,2202,2038,3,-161,3,161,FALSE,FALSE
665,14,2441,2422,2299,2441,2422,2299,2441,2422,2299,-19,-142,19,142,FALSE,FALSE
665,15,2572,2576,2518,2572,2576,2518,2572,2576,2518,4,-54,4,54,FALSE,FALSE
665,16,2711,2671,2649,2711,2671,2649,2711,2671,2649,-40,-62,40,62,FALSE,FALSE
665,17,2705,2690,2708,2705,2690,2708,2705,2690,2708,-15,3,15,3,FALSE,FALSE
665,18,2654,2608,2704,2654,2608,2704,2654,2608,2704,-46,50,46,50,FALSE,FALSE
665,19,2576,2527,2565,2576,2527,2565,2576,2527,2565,-49,-11,49,11,FALSE,FALSE
665,20,2394,2385,2383,2394,2385,2383,2394,2385,2383,-9,-11,9,11,FALSE,FALSE
665,21,2166,2225,2206,2166,2225,2206,2166,2225,2206,59,40,59,40,FALSE,FALSE
665,22,1991,2086,2037,1991,2086,2037,1991,2086,2037,95,46,95,46,FALSE,FALSE
665,23,1824,1905,1861,1824,1905,1861,1824,1905,1861,81,37,81,37,FALSE,FALSE
665,24,1651,1706,1681,1651,1706,1681,1651,1706,1681,55,30,55,30,FALSE,FALSE
665,25,1502,1510,1521,1502,1510,1521,1502,1510,1521,8,19,8,19,FALSE,FALSE
665,26,1336,1371,1354,1336,1371,1354,1336,1371,1354,35,18,35,18,FALSE,FALSE
665,27,1192,1225,1198,1192,1225,1198,1192,1225,1198,33,6,33,6,FALSE,FALSE
665,28,1057,1079,1068,1057,1079,1068,1057,1079,1068,22,11,22,11,FALSE,FALSE
665,29,925,965,931,925,965,931,925,965,931,40,6,40,6,FALSE,FALSE
665,30,825,873,823,825,873,823,825,873,823,48,-2,48,2,FALSE,FALSE
665,31,720,779,749,720,779,749,720,779,749,59,29,59,29,FALSE,FALSE
665,32,629,693,659,629,693,659,629,693,659,64,30,64,30,FALSE,FALSE
665,33,557,621,580,557,621,580,557,621,580,64,23,64,23,FALSE,FALSE
665,34,490,560,510,490,560,510,490,560,510,70,20,70,20,FALSE,FALSE
665,35,442,493,450,442,493,450,442,493,450,51,8,51,8,FALSE,FALSE
665,36,391,422,406,391,422,406,391,422,406,31,15,31,15,FALSE,FALSE
665,37,340,371,365,340,371,365,340,371,365,31,25,31,25,FALSE,FALSE
665,38,307,332,322,307,332,322,307,332,322,25,15,25,15,FALSE,FALSE
665,39,277,296,289,277,296,289,277,296,289,19,12,19,12,FALSE,FALSE
665,40,238,261,238,238,261,238,238,261,238,23,0,23,0,FALSE,TRUE
665,41,202,232,201,202,232,201,202,232,201,30,-1,30,1,FALSE,FALSE
665,42,177,210,182,177,210,182,177,210,182,33,5,33,5,FALSE,FALSE
665,43,159,203,147,159,203,147,159,203,147,44,-12,44,12,FALSE,FALSE
665,44,138,183,129,138,183,129,138,183,129,45,-9,45,9,FALSE,FALSE
665,45,117,157,121,117,157,121,117,157,121,40,4,40,4,FALSE,FALSE
665,46,99,137,108,99,137,108,99,137,108,38,9,38,9,FALSE,FALSE
665,47,90,120,97,90,120,97,90,120,97,30,7,30,7,FALSE,FALSE
665,48,78,107,87,78,107,87,78,107,87,29,9,29,9,FALSE,FALSE
665,49,67,96,75,67,96,75,67,96,75,29,8,29,8,FALSE,FALSE
665,50,55,84,67,55,84,67,55,84,67,29,12,29,12,FALSE,FALSE
665,51,52,71,61,52,71,61,52,71,61,19,9,19,9,FALSE,FALSE
665,52,43,61,53,43,61,53,43,61,53,18,10,18,10,FALSE,FALSE
665,53,35,50,45,35,50,45,35,50,45,15,10,15,10,FALSE,FALSE
665,54,30,46,39,30,46,39,30,46,39,16,9,16,9,FALSE,FALSE
665,55,26,39,36,26,39,36,26,39,36,13,10,13,10,FALSE,FALSE
665,56,24,33,33,24,33,33,24,33,33,9,9,9,9,FALSE,FALSE
665,57,21,27,31,21,27,31,21,27,31,6,10,6,10,FALSE,FALSE
665,58,20,23,28,20,23,28,20,23,28,3,8,3,8,FALSE,FALSE
665,59,17,19,27,17,19,27,17,19,27,2,10,2,10,FALSE,FALSE
665,60,15,17,25,15,17,25,15,17,25,2,10,2,10,FALSE,FALSE
666,0,130,130,130,130,130,130,130,130,130,0,0,0,0,TRUE,TRUE
666,1,192,195,187,192,195,187,192,195,187,3,-5,3,5,FALSE,FALSE
666,2,314,289,283,314,289,283,314,289,283,-25,-31,25,31,FALSE,FALSE
666,3,466,440,435,466,440,435,466,440,435,-26,-31,26,31,FALSE,FALSE
666,4,702,686,643,702,686,643,702,686,643,-16,-59,16,59,FALSE,FALSE
666,5,1024,1037,975,1024,1037,975,1024,1037,975,13,-49,13,49,FALSE,FALSE
666,6,1427,1529,1386,1427,1529,1386,1427,1529,1386,102,-41,102,41,FALSE,FALSE
666,7,1895,2117,1883,1895,2117,1883,1895,2117,1883,222,-12,222,12,FALSE,FALSE
666,8,2538,2751,2429,2538,2751,2429,2538,2751,2429,213,-109,213,109,FALSE,FALSE
666,9,3180,3353,3106,3180,3353,3106,3180,3353,3106,173,-74,173,74,FALSE,FALSE
666,10,3822,3880,3636,3822,3880,3636,3822,3880,3636,58,-186,58,186,FALSE,FALSE
666,11,4295,4172,4062,4295,4172,4062,4295,4172,4062,-123,-233,123,233,FALSE,FALSE
666,12,4470,4336,4336,4470,4336,4336,4470,4336,4336,-134,-134,134,134,FALSE,FALSE
666,13,4463,4401,4440,4463,4401,4440,4463,4401,4440,-62,-23,62,23,FALSE,FALSE
666,14,4331,4212,4360,4331,4212,4360,4331,4212,4360,-119,29,119,29,FALSE,FALSE
666,15,4091,3979,4152,4091,3979,4152,4091,3979,4152,-112,61,112,61,FALSE,FALSE
666,16,3785,3693,3828,3785,3693,3828,3785,3693,3828,-92,43,92,43,FALSE,FALSE
666,17,3450,3377,3511,3450,3377,3511,3450,3377,3511,-73,61,73,61,FALSE,FALSE
666,18,3098,3038,3153,3098,3038,3153,3098,3038,3153,-60,55,60,55,FALSE,FALSE
666,19,2762,2717,2830,2762,2717,2830,2762,2717,2830,-45,68,45,68,FALSE,FALSE
666,20,2475,2417,2570,2475,2417,2570,2475,2417,2570,-58,95,58,95,FALSE,FALSE
666,21,2192,2150,2276,2192,2150,2276,2192,2150,2276,-42,84,42,84,FALSE,FALSE
666,22,1916,1907,2023,1916,1907,2023,1916,1907,2023,-9,107,9,107,FALSE,FALSE
666,23,1690,1647,1774,1690,1647,1774,1690,1647,1774,-43,84,43,84,FALSE,FALSE
666,24,1476,1454,1547,1476,1454,1547,1476,1454,1547,-22,71,22,71,FALSE,FALSE
666,25,1295,1269,1345,1295,1269,1345,1295,1269,1345,-26,50,26,50,FALSE,FALSE
666,26,1152,1105,1178,1152,1105,1178,1152,1105,1178,-47,26,47,26,FALSE,FALSE
666,27,1012,961,1026,1012,961,1026,1012,961,1026,-51,14,51,14,FALSE,FALSE
666,28,891,838,896,891,838,896,891,838,896,-53,5,53,5,FALSE,FALSE
666,29,773,746,783,773,746,783,773,746,783,-27,10,27,10,FALSE,FALSE
666,30,680,653,669,680,653,669,680,653,669,-27,-11,27,11,FALSE,FALSE
666,31,596,563,580,596,563,580,596,563,580,-33,-16,33,16,FALSE,FALSE
666,32,508,492,511,508,492,511,508,492,511,-16,3,16,3,FALSE,FALSE
666,33,441,423,447,441,423,447,441,423,447,-18,6,18,6,FALSE,FALSE
666,34,387,374,382,387,374,382,387,374,382,-13,-5,13,5,FALSE,FALSE
666,35,343,312,329,343,312,329,343,312,329,-31,-14,31,14,FALSE,FALSE
666,36,289,268,281,289,268,281,289,268,281,-21,-8,21,8,FALSE,FALSE
666,37,256,218,239,256,218,239,256,218,239,-38,-17,38,17,FALSE,FALSE
666,38,225,192,210,225,192,210,225,192,210,-33,-15,33,15,FALSE,FALSE
666,39,201,166,184,201,166,184,201,166,184,-35,-17,35,17,FALSE,FALSE
666,40,168,150,157,168,150,157,168,150,157,-18,-11,18,11,FALSE,FALSE
666,41,157,133,139,157,133,139,157,133,139,-24,-18,24,18,FALSE,FALSE
666,42,135,105,124,135,105,124,135,105,124,-30,-11,30,11,FALSE,FALSE
666,43,115,89,103,115,89,103,115,89,103,-26,-12,26,12,FALSE,FALSE
666,44,102,75,92,102,75,92,102,75,92,-27,-10,27,10,FALSE,FALSE
666,45,87,66,82,87,66,82,87,66,82,-21,-5,21,5,FALSE,FALSE
666,46,76,64,74,76,64,74,76,64,74,-12,-2,12,2,FALSE,FALSE
666,47,66,58,68,66,58,68,66,58,68,-8,2,8,2,FALSE,FALSE
666,48,59,54,57,59,54,57,59,54,57,-5,-2,5,2,FALSE,FALSE
666,49,53,48,47,53,48,47,53,48,47,-5,-6,5,6,FALSE,FALSE
666,50,49,39,44,49,39,44,49,39,44,-10,-5,10,5,FALSE,FALSE
666,51,42,35,38,42,35,38,42,35,38,-7,-4,7,4,FALSE,FALSE
666,52,36,33,32,36,33,32,36,33,32,-3,-4,3,4,FALSE,FALSE
666,53,32,26,27,32,26,27,32,26,27,-6,-5,6,5,FALSE,FALSE
666,54,30,21,27,30,21,27,30,21,27,-9,-3,9,3,FALSE,FALSE
666,55,29,17,19,29,17,19,29,17,19,-12,-10,12,10,FALSE,FALSE
666,56,25,16,18,25,16,18,25,16,18,-9,-7,9,7,FALSE,FALSE
666,57,21,12,16,21,12,16,21,12,16,-9,-5,9,5,FALSE,FALSE
666,58,19,9,13,19,9,13,19,9,13,-10,-6,10,6,FALSE,FALSE
666,59,16,8,13,16,8,13,16,8,13,-8,-3,8,3,FALSE,FALSE
666,60,15,7,12,15,7,12,15,7,12,-8,-3,8,3,FALSE,FALSE
667,0,71,71,71,71,71,71,71,71,71,0,0,0,0,TRUE,TRUE
667,1,98,97,94,98,97,94,98,97,94,-1,-4,1,4,FALSE,FALSE
667,2,128,130,118,128,130,118,128,130,118,2,-10,2,10,FALSE,FALSE
667,3,166,166,163,166,166,163,166,166,163,0,-3,0,3,TRUE,FALSE
667,4,202,225,208,202,225,208,202,225,208,23,6,23,6,FALSE,FALSE
667,5,248,300,253,248,300,253,248,300,253,52,5,52,5,FALSE,FALSE
667,6,344,400,318,344,400,318,344,400,318,56,-26,56,26,FALSE,FALSE
667,7,429,518,378,429,518,378,429,518,378,89,-51,89,51,FALSE,FALSE
667,8,554,644,468,554,644,468,554,644,468,90,-86,90,86,FALSE,FALSE
667,9,705,795,617,705,795,617,705,795,617,90,-88,90,88,FALSE,FALSE
667,10,867,991,768,867,991,768,867,991,768,124,-99,124,99,FALSE,FALSE
667,11,1081,1219,961,1081,1219,961,1081,1219,961,138,-120,138,120,FALSE,FALSE
667,12,1358,1461,1171,1358,1461,1171,1358,1461,1171,103,-187,103,187,FALSE,FALSE
667,13,1674,1753,1412,1674,1753,1412,1674,1753,1412,79,-262,79,262,FALSE,FALSE
667,14,1995,2062,1672,1995,2062,1672,1995,2062,1672,67,-323,67,323,FALSE,FALSE
667,15,2361,2374,1981,2361,2374,1981,2361,2374,1981,13,-380,13,380,FALSE,FALSE
667,16,2644,2712,2300,2644,2712,2300,2644,2712,2300,68,-344,68,344,FALSE,FALSE
667,17,2934,2996,2607,2934,2996,2607,2934,2996,2607,62,-327,62,327,FALSE,FALSE
667,18,3195,3204,2898,3195,3204,2898,3195,3204,2898,9,-297,9,297,FALSE,FALSE
667,19,3358,3350,3125,3358,3350,3125,3358,3350,3125,-8,-233,8,233,FALSE,FALSE
667,20,3488,3438,3326,3488,3438,3326,3488,3438,3326,-50,-162,50,162,FALSE,FALSE
667,21,3510,3513,3438,3510,3513,3438,3510,3513,3438,3,-72,3,72,FALSE,FALSE
667,22,3466,3476,3484,3466,3476,3484,3466,3476,3484,10,18,10,18,FALSE,FALSE
667,23,3413,3384,3506,3413,3384,3506,3413,3384,3506,-29,93,29,93,FALSE,FALSE
667,24,3309,3328,3437,3309,3328,3437,3309,3328,3437,19,128,19,128,FALSE,FALSE
667,25,3221,3196,3340,3221,3196,3340,3221,3196,3340,-25,119,25,119,FALSE,FALSE
667,26,3051,3043,3228,3051,3043,3228,3051,3043,3228,-8,177,8,177,FALSE,FALSE
667,27,2890,2895,3090,2890,2895,3090,2890,2895,3090,5,200,5,200,FALSE,FALSE
667,28,2684,2744,2933,2684,2744,2933,2684,2744,2933,60,249,60,249,FALSE,FALSE
667,29,2522,2565,2744,2522,2565,2744,2522,2565,2744,43,222,43,222,FALSE,FALSE
667,30,2336,2383,2551,2336,2383,2551,2336,2383,2551,47,215,47,215,FALSE,FALSE
667,31,2175,2225,2376,2175,2225,2376,2175,2225,2376,50,201,50,201,FALSE,FALSE
667,32,2038,2077,2216,2038,2077,2216,2038,2077,2216,39,178,39,178,FALSE,FALSE
667,33,1891,1906,2029,1891,1906,2029,1891,1906,2029,15,138,15,138,FALSE,FALSE
667,34,1750,1765,1862,1750,1765,1862,1750,1765,1862,15,112,15,112,FALSE,FALSE
667,35,1615,1627,1704,1615,1627,1704,1615,1627,1704,12,89,12,89,FALSE,FALSE
667,36,1490,1496,1591,1490,1496,1591,1490,1496,1591,6,101,6,101,FALSE,FALSE
667,37,1368,1376,1458,1368,1376,1458,1368,1376,1458,8,90,8,90,FALSE,FALSE
667,38,1259,1242,1342,1259,1242,1342,1259,1242,1342,-17,83,17,83,FALSE,FALSE
667,39,1171,1132,1223,1171,1132,1223,1171,1132,1223,-39,52,39,52,FALSE,FALSE
667,40,1076,1052,1128,1076,1052,1128,1076,1052,1128,-24,52,24,52,FALSE,FALSE
667,41,985,959,1020,985,959,1020,985,959,1020,-26,35,26,35,FALSE,FALSE
667,42,911,869,937,911,869,937,911,869,937,-42,26,42,26,FALSE,FALSE
667,43,846,782,852,846,782,852,846,782,852,-64,6,64,6,FALSE,FALSE
667,44,763,710,768,763,710,768,763,710,768,-53,5,53,5,FALSE,FALSE
667,45,694,649,709,694,649,709,694,649,709,-45,15,45,15,FALSE,FALSE
667,46,623,597,641,623,597,641,623,597,641,-26,18,26,18,FALSE,FALSE
667,47,574,542,576,574,542,576,574,542,576,-32,2,32,2,FALSE,FALSE
667,48,527,496,528,527,496,528,527,496,528,-31,1,31,1,FALSE,FALSE
667,49,478,444,488,478,444,488,478,444,488,-34,10,34,10,FALSE,FALSE
667,50,442,405,440,442,405,440,442,405,440,-37,-2,37,2,FALSE,FALSE
667,51,399,359,411,399,359,411,399,359,411,-40,12,40,12,FALSE,FALSE
667,52,364,320,381,364,320,381,364,320,381,-44,17,44,17,FALSE,FALSE
667,53,324,291,357,324,291,357,324,291,357,-33,33,33,33,FALSE,FALSE
667,54,285,267,325,285,267,325,285,267,325,-18,40,18,40,FALSE,FALSE
667,55,250,239,293,250,239,293,250,239,293,-11,43,11,43,FALSE,FALSE
667,56,236,216,270,236,216,270,236,216,270,-20,34,20,34,FALSE,FALSE
667,57,211,206,251,211,206,251,211,206,251,-5,40,5,40,FALSE,FALSE
667,58,187,188,229,187,188,229,187,188,229,1,42,1,42,FALSE,FALSE
667,59,172,169,206,172,169,206,172,169,206,-3,34,3,34,FALSE,FALSE
667,60,148,153,181,148,153,181,148,153,181,5,33,5,33,FALSE,FALSE
668,0,110,110,110,110,110,110,110,110,110,0,0,0,0,TRUE,TRUE
668,1,138,120,134,138,120,134,138,120,134,-18,-4,18,4,FALSE,FALSE
668,2,161,132,166,161,132,166,161,132,166,-29,5,29,5,FALSE,FALSE
668,3,184,155,190,184,155,190,184,155,190,-29,6,29,6,FALSE,FALSE
668,4,209,188,218,209,188,218,209,188,218,-21,9,21,9,FALSE,FALSE
668,5,247,214,274,247,214,274,247,214,274,-33,27,33,27,FALSE,FALSE
668,6,281,259,331,281,259,331,281,259,331,-22,50,22,50,FALSE,FALSE
668,7,324,323,393,324,323,393,324,323,393,-1,69,1,69,FALSE,FALSE
668,8,381,385,478,381,385,478,381,385,478,4,97,4,97,FALSE,FALSE
668,9,453,453,566,453,453,566,453,453,566,0,113,0,113,TRUE,FALSE
668,10,541,521,641,541,521,641,541,521,641,-20,100,20,100,FALSE,FALSE
668,11,638,616,750,638,616,750,638,616,750,-22,112,22,112,FALSE,FALSE
668,12,741,694,887,741,694,887,741,694,887,-47,146,47,146,FALSE,FALSE
668,13,853,799,1004,853,799,1004,853,799,1004,-54,151,54,151,FALSE,FALSE
668,14,1025,926,1156,1025,926,1156,1025,926,1156,-99,131,99,131,FALSE,FALSE
668,15,1143,1097,1295,1143,1097,1295,1143,1097,1295,-46,152,46,152,FALSE,FALSE
668,16,1311,1274,1454,1311,1274,1454,1311,1274,1454,-37,143,37,143,FALSE,FALSE
668,17,1465,1431,1627,1465,1431,1627,1465,1431,1627,-34,162,34,162,FALSE,FALSE
668,18,1658,1627,1835,1658,1627,1835,1658,1627,1835,-31,177,31,177,FALSE,FALSE
668,19,1849,1825,2016,1849,1825,2016,1849,1825,2016,-24,167,24,167,FALSE,FALSE
668,20,2018,2029,2204,2018,2029,2204,2018,2029,2204,11,186,11,186,FALSE,FALSE
668,21,2184,2216,2370,2184,2216,2370,2184,2216,2370,32,186,32,186,FALSE,FALSE
668,22,2339,2364,2557,2339,2364,2557,2339,2364,2557,25,218,25,218,FALSE,FALSE
668,23,2484,2484,2696,2484,2484,2696,2484,2484,2696,0,212,0,212,TRUE,FALSE
668,24,2612,2623,2876,2612,2623,2876,2612,2623,2876,11,264,11,264,FALSE,FALSE
668,25,2730,2776,3015,2730,2776,3015,2730,2776,3015,46,285,46,285,FALSE,FALSE
668,26,2823,2866,3134,2823,2866,3134,2823,2866,3134,43,311,43,311,FALSE,FALSE
668,27,2882,2944,3192,2882,2944,3192,2882,2944,3192,62,310,62,310,FALSE,FALSE
668,28,2947,3018,3185,2947,3018,3185,2947,3018,3185,71,238,71,238,FALSE,FALSE
668,29,3028,3075,3200,3028,3075,3200,3028,3075,3200,47,172,47,172,FALSE,FALSE
668,30,3059,3079,3195,3059,3079,3195,3059,3079,3195,20,136,20,136,FALSE,FALSE
668,31,3053,3109,3173,3053,3109,3173,3053,3109,3173,56,120,56,120,FALSE,FALSE
668,32,3025,3053,3112,3025,3053,3112,3025,3053,3112,28,87,28,87,FALSE,FALSE
668,33,2989,3024,3054,2989,3024,3054,2989,3024,3054,35,65,35,65,FALSE,FALSE
668,34,2927,2945,3011,2927,2945,3011,2927,2945,3011,18,84,18,84,FALSE,FALSE
668,35,2857,2858,2963,2857,2858,2963,2857,2858,2963,1,106,1,106,FALSE,FALSE
668,36,2800,2770,2872,2800,2770,2872,2800,2770,2872,-30,72,30,72,FALSE,FALSE
668,37,2726,2687,2766,2726,2687,2766,2726,2687,2766,-39,40,39,40,FALSE,FALSE
668,38,2621,2562,2622,2621,2562,2622,2621,2562,2622,-59,1,59,1,FALSE,FALSE
668,39,2529,2451,2527,2529,2451,2527,2529,2451,2527,-78,-2,78,2,FALSE,FALSE
668,40,2407,2347,2418,2407,2347,2418,2407,2347,2418,-60,11,60,11,FALSE,FALSE
668,41,2297,2258,2321,2297,2258,2321,2297,2258,2321,-39,24,39,24,FALSE,FALSE
668,42,2223,2162,2220,2223,2162,2220,2223,2162,2220,-61,-3,61,3,FALSE,FALSE
668,43,2116,2053,2083,2116,2053,2083,2116,2053,2083,-63,-33,63,33,FALSE,FALSE
668,44,1981,1936,1965,1981,1936,1965,1981,1936,1965,-45,-16,45,16,FALSE,FALSE
668,45,1861,1837,1856,1861,1837,1856,1861,1837,1856,-24,-5,24,5,FALSE,FALSE
668,46,1760,1742,1775,1760,1742,1775,1760,1742,1775,-18,15,18,15,FALSE,FALSE
668,47,1648,1646,1676,1648,1646,1676,1648,1646,1676,-2,28,2,28,FALSE,FALSE
668,48,1546,1564,1570,1546,1564,1570,1546,1564,1570,18,24,18,24,FALSE,FALSE
668,49,1493,1473,1473,1493,1473,1473,1493,1473,1473,-20,-20,20,20,FALSE,FALSE
668,50,1415,1388,1376,1415,1388,1376,1415,1388,1376,-27,-39,27,39,FALSE,FALSE
668,51,1342,1301,1305,1342,1301,1305,1342,1301,1305,-41,-37,41,37,FALSE,FALSE
668,52,1257,1229,1229,1257,1229,1229,1257,1229,1229,-28,-28,28,28,FALSE,FALSE
668,53,1165,1158,1163,1165,1158,1163,1165,1158,1163,-7,-2,7,2,FALSE,FALSE
668,54,1092,1109,1101,1092,1109,1101,1092,1109,1101,17,9,17,9,FALSE,FALSE
668,55,1012,1048,1020,1012,1048,1020,1012,1048,1020,36,8,36,8,FALSE,FALSE
668,56,938,979,954,938,979,954,938,979,954,41,16,41,16,FALSE,FALSE
668,57,883,918,898,883,918,898,883,918,898,35,15,35,15,FALSE,FALSE
668,58,830,860,860,830,860,860,830,860,860,30,30,30,30,FALSE,FALSE
668,59,786,814,810,786,814,810,786,814,810,28,24,28,24,FALSE,FALSE
668,60,743,765,752,743,765,752,743,765,752,22,9,22,9,FALSE,FALSE
669,0,115,115,115,115,115,115,115,115,115,0,0,0,0,TRUE,TRUE
669,1,180,189,190,180,189,190,180,189,190,9,10,9,10,FALSE,FALSE
669,2,279,331,313,279,331,313,279,331,313,52,34,52,34,FALSE,FALSE
669,3,458,535,513,458,535,513,458,535,513,77,55,77,55,FALSE,FALSE
669,4,702,831,834,702,831,834,702,831,834,129,132,129,132,FALSE,FALSE
669,5,1064,1270,1239,1064,1270,1239,1064,1270,1239,206,175,206,175,FALSE,FALSE
669,6,1566,1774,1803,1566,1774,1803,1566,1774,1803,208,237,208,237,FALSE,FALSE
669,7,2091,2364,2378,2091,2364,2378,2091,2364,2378,273,287,273,287,FALSE,FALSE
669,8,2664,2894,2947,2664,2894,2947,2664,2894,2947,230,283,230,283,FALSE,FALSE
669,9,3018,3154,3295,3018,3154,3295,3018,3154,3295,136,277,136,277,FALSE,FALSE
669,10,3222,3168,3330,3222,3168,3330,3222,3168,3330,-54,108,54,108,FALSE,FALSE
669,11,3184,3076,3188,3184,3076,3188,3184,3076,3188,-108,4,108,4,FALSE,FALSE
669,12,2983,2822,2875,2983,2822,2875,2983,2822,2875,-161,-108,161,108,FALSE,FALSE
669,13,2661,2542,2531,2661,2542,2531,2661,2542,2531,-119,-130,119,130,FALSE,FALSE
669,14,2332,2209,2166,2332,2209,2166,2332,2209,2166,-123,-166,123,166,FALSE,FALSE
669,15,2033,1925,1823,2033,1925,1823,2033,1925,1823,-108,-210,108,210,FALSE,FALSE
669,16,1746,1634,1566,1746,1634,1566,1746,1634,1566,-112,-180,112,180,FALSE,FALSE
669,17,1469,1394,1316,1469,1394,1316,1469,1394,1316,-75,-153,75,153,FALSE,FALSE
669,18,1250,1171,1080,1250,1171,1080,1250,1171,1080,-79,-170,79,170,FALSE,FALSE
669,19,1048,995,900,1048,995,900,1048,995,900,-53,-148,53,148,FALSE,FALSE
669,20,882,828,766,882,828,766,882,828,766,-54,-116,54,116,FALSE,FALSE
669,21,744,677,633,744,677,633,744,677,633,-67,-111,67,111,FALSE,FALSE
669,22,596,586,510,596,586,510,596,586,510,-10,-86,10,86,FALSE,FALSE
669,23,488,485,429,488,485,429,488,485,429,-3,-59,3,59,FALSE,FALSE
669,24,402,395,357,402,395,357,402,395,357,-7,-45,7,45,FALSE,FALSE
669,25,325,336,302,325,336,302,325,336,302,11,-23,11,23,FALSE,FALSE
669,26,274,271,255,274,271,255,274,271,255,-3,-19,3,19,FALSE,FALSE
669,27,223,220,212,223,220,212,223,220,212,-3,-11,3,11,FALSE,FALSE
669,28,176,172,176,176,172,176,176,172,176,-4,0,4,0,FALSE,TRUE
669,29,149,140,138,149,140,138,149,140,138,-9,-11,9,11,FALSE,FALSE
669,30,118,128,112,118,128,112,118,128,112,10,-6,10,6,FALSE,FALSE
669,31,96,111,98,96,111,98,96,111,98,15,2,15,2,FALSE,FALSE
669,32,77,93,82,77,93,82,77,93,82,16,5,16,5,FALSE,FALSE
669,33,64,68,66,64,68,66,64,68,66,4,2,4,2,FALSE,FALSE
669,34,58,60,59,58,60,59,58,60,59,2,1,2,1,FALSE,FALSE
669,35,45,48,42,45,48,42,45,48,42,3,-3,3,3,FALSE,FALSE
669,36,39,38,30,39,38,30,39,38,30,-1,-9,1,9,FALSE,FALSE
669,37,33,25,25,33,25,25,33,25,25,-8,-8,8,8,FALSE,FALSE
669,38,24,21,23,24,21,23,24,21,23,-3,-1,3,1,FALSE,FALSE
669,39,17,18,16,17,18,16,17,18,16,1,-1,1,1,FALSE,FALSE
669,40,12,18,14,12,18,14,12,18,14,6,2,6,2,FALSE,FALSE
669,41,11,15,13,11,15,13,11,15,13,4,2,4,2,FALSE,FALSE
669,42,10,12,11,10,12,11,10,12,11,2,1,2,1,FALSE,FALSE
669,43,7,12,11,7,12,11,7,12,11,5,4,5,4,FALSE,FALSE
669,44,6,11,9,6,11,9,6,11,9,5,3,5,3,FALSE,FALSE
669,45,5,9,7,5,9,7,5,9,7,4,2,4,2,FALSE,FALSE
669,46,3,7,5,3,7,5,3,7,5,4,2,4,2,FALSE,FALSE
669,47,3,7,4,3,7,4,3,7,4,4,1,4,1,FALSE,FALSE
669,48,3,7,2,3,7,2,3,7,2,4,-1,4,1,FALSE,FALSE
669,49,2,7,2,2,7,2,2,7,2,5,0,5,0,FALSE,TRUE
669,50,1,5,2,1,5,2,1,5,2,4,1,4,1,FALSE,FALSE
669,51,1,4,2,1,4,2,1,4,2,3,1,3,1,FALSE,FALSE
669,52,1,4,2,1,4,2,1,4,2,3,1,3,1,FALSE,FALSE
669,53,0,2,1,0,2,1,0,2,1,2,1,2,1,FALSE,FALSE
669,54,0,2,1,0,2,1,0,2,1,2,1,2,1,FALSE,FALSE
669,55,0,2,1,0,2,1,0,2,1,2,1,2,1,FALSE,FALSE
669,56,0,1,1,0,1,1,0,1,1,1,1,1,1,FALSE,FALSE
669,57,0,1,1,0,1,1,0,1,1,1,1,1,1,FALSE,FALSE
669,58,0,1,1,0,1,1,0,1,1,1,1,1,1,FALSE,FALSE
669,59,0,1,1,0,1,1,0,1,1,1,1,1,1,FALSE,FALSE
669,60,0,1,0,0,1,0,0,1,0,1,0,1,0,FALSE,TRUE
670,0,124,124,124,124,124,124,124,124,124,0,0,0,0,TRUE,TRUE
670,1,128,128,125,128,128,125,128,128,125,0,-3,0,3,TRUE,FALSE
670,2,129,145,138,129,145,138,129,145,138,16,9,16,9,FALSE,FALSE
670,3,128,151,148,128,151,148,128,151,148,23,20,23,20,FALSE,FALSE
670,4,138,160,147,138,160,147,138,160,147,22,9,22,9,FALSE,FALSE
670,5,140,174,153,140,174,153,140,174,153,34,13,34,13,FALSE,FALSE
670,6,154,172,165,154,172,165,154,172,165,18,11,18,11,FALSE,FALSE
670,7,154,179,186,154,179,186,154,179,186,25,32,25,32,FALSE,FALSE
670,8,159,171,187,159,171,187,159,171,187,12,28,12,28,FALSE,FALSE
670,9,170,183,194,170,183,194,170,183,194,13,24,13,24,FALSE,FALSE
670,10,172,180,206,172,180,206,172,180,206,8,34,8,34,FALSE,FALSE
670,11,181,186,216,181,186,216,181,186,216,5,35,5,35,FALSE,FALSE
670,12,173,188,217,173,188,217,173,188,217,15,44,15,44,FALSE,FALSE
670,13,167,191,215,167,191,215,167,191,215,24,48,24,48,FALSE,FALSE
670,14,172,188,219,172,188,219,172,188,219,16,47,16,47,FALSE,FALSE
670,15,183,195,231,183,195,231,183,195,231,12,48,12,48,FALSE,FALSE
670,16,191,204,230,191,204,230,191,204,230,13,39,13,39,FALSE,FALSE
670,17,210,209,242,210,209,242,210,209,242,-1,32,1,32,FALSE,FALSE
670,18,212,220,245,212,220,245,212,220,245,8,33,8,33,FALSE,FALSE
670,19,222,232,259,222,232,259,222,232,259,10,37,10,37,FALSE,FALSE
670,20,227,241,266,227,241,266,227,241,266,14,39,14,39,FALSE,FALSE
670,21,236,258,270,236,258,270,236,258,270,22,34,22,34,FALSE,FALSE
670,22,246,271,282,246,271,282,246,271,282,25,36,25,36,FALSE,FALSE
670,23,250,286,277,250,286,277,250,286,277,36,27,36,27,FALSE,FALSE
670,24,280,293,276,280,293,276,280,293,276,13,-4,13,4,FALSE,FALSE
670,25,282,310,284,282,310,284,282,310,284,28,2,28,2,FALSE,FALSE
670,26,296,304,294,296,304,294,296,304,294,8,-2,8,2,FALSE,FALSE
670,27,304,303,290,304,303,290,304,303,290,-1,-14,1,14,FALSE,FALSE
670,28,322,313,296,322,313,296,322,313,296,-9,-26,9,26,FALSE,FALSE
670,29,339,329,306,339,329,306,339,329,306,-10,-33,10,33,FALSE,FALSE
670,30,350,316,315,350,316,315,350,316,315,-34,-35,34,35,FALSE,FALSE
670,31,351,311,311,351,311,311,351,311,311,-40,-40,40,40,FALSE,FALSE
670,32,357,313,327,357,313,327,357,313,327,-44,-30,44,30,FALSE,FALSE
670,33,369,306,359,369,306,359,369,306,359,-63,-10,63,10,FALSE,FALSE
670,34,371,300,377,371,300,377,371,300,377,-71,6,71,6,FALSE,FALSE
670,35,374,315,387,374,315,387,374,315,387,-59,13,59,13,FALSE,FALSE
670,36,386,320,404,386,320,404,386,320,404,-66,18,66,18,FALSE,FALSE
670,37,406,309,424,406,309,424,406,309,424,-97,18,97,18,FALSE,FALSE
670,38,429,308,437,429,308,437,429,308,437,-121,8,121,8,FALSE,FALSE
670,39,439,318,454,439,318,454,439,318,454,-121,15,121,15,FALSE,FALSE
670,40,459,323,470,459,323,470,459,323,470,-136,11,136,11,FALSE,FALSE
670,41,474,321,474,474,321,474,474,321,474,-153,0,153,0,FALSE,TRUE
670,42,495,336,493,495,336,493,495,336,493,-159,-2,159,2,FALSE,FALSE
670,43,494,350,497,494,350,497,494,350,497,-144,3,144,3,FALSE,FALSE
670,44,502,352,515,502,352,515,502,352,515,-150,13,150,13,FALSE,FALSE
670,45,513,349,523,513,349,523,513,349,523,-164,10,164,10,FALSE,FALSE
670,46,531,338,547,531,338,547,531,338,547,-193,16,193,16,FALSE,FALSE
670,47,526,344,571,526,344,571,526,344,571,-182,45,182,45,FALSE,FALSE
670,48,523,356,576,523,356,576,523,356,576,-167,53,167,53,FALSE,FALSE
670,49,539,352,587,539,352,587,539,352,587,-187,48,187,48,FALSE,FALSE
670,50,548,351,583,548,351,583,548,351,583,-197,35,197,35,FALSE,FALSE
670,51,541,351,596,541,351,596,541,351,596,-190,55,190,55,FALSE,FALSE
670,52,544,347,602,544,347,602,544,347,602,-197,58,197,58,FALSE,FALSE
670,53,549,352,603,549,352,603,549,352,603,-197,54,197,54,FALSE,FALSE
670,54,543,360,594,543,360,594,543,360,594,-183,51,183,51,FALSE,FALSE
670,55,525,350,592,525,350,592,525,350,592,-175,67,175,67,FALSE,FALSE
670,56,539,348,602,539,348,602,539,348,602,-191,63,191,63,FALSE,FALSE
670,57,530,350,609,530,350,609,530,350,609,-180,79,180,79,FALSE,FALSE
670,58,555,341,620,555,341,620,555,341,620,-214,65,214,65,FALSE,FALSE
670,59,548,337,621,548,337,621,548,337,621,-211,73,211,73,FALSE,FALSE
670,60,547,340,614,547,340,614,547,340,614,-207,67,207,67,FALSE,FALSE
671,0,86,86,86,86,86,86,86,86,86,0,0,0,0,TRUE,TRUE
671,1,109,110,102,109,110,102,109,110,102,1,-7,1,7,FALSE,FALSE
671,2,137,137,139,137,137,139,137,137,139,0,2,0,2,TRUE,FALSE
671,3,196,184,189,196,184,189,196,184,189,-12,-7,12,7,FALSE,FALSE
671,4,270,239,260,270,239,260,270,239,260,-31,-10,31,10,FALSE,FALSE
671,5,354,307,337,354,307,337,354,307,337,-47,-17,47,17,FALSE,FALSE
671,6,458,375,435,458,375,435,458,375,435,-83,-23,83,23,FALSE,FALSE
671,7,572,480,574,572,480,574,572,480,574,-92,2,92,2,FALSE,FALSE
671,8,725,602,736,725,602,736,725,602,736,-123,11,123,11,FALSE,FALSE
671,9,868,714,887,868,714,887,868,714,887,-154,19,154,19,FALSE,FALSE
671,10,1071,835,1059,1071,835,1059,1071,835,1059,-236,-12,236,12,FALSE,FALSE
671,11,1204,1011,1243,1204,1011,1243,1204,1011,1243,-193,39,193,39,FALSE,FALSE
671,12,1396,1189,1402,1396,1189,1402,1396,1189,1402,-207,6,207,6,FALSE,FALSE
671,13,1558,1315,1552,1558,1315,1552,1558,1315,1552,-243,-6,243,6,FALSE,FALSE
671,14,1712,1446,1719,1712,1446,1719,1712,1446,1719,-266,7,266,7,FALSE,FALSE
671,15,1815,1588,1833,1815,1588,1833,1815,1588,1833,-227,18,227,18,FALSE,FALSE
671,16,1876,1672,1912,1876,1672,1912,1876,1672,1912,-204,36,204,36,FALSE,FALSE
671,17,1890,1729,1932,1890,1729,1932,1890,1729,1932,-161,42,161,42,FALSE,FALSE
671,18,1830,1727,1918,1830,1727,1918,1830,1727,1918,-103,88,103,88,FALSE,FALSE
671,19,1762,1700,1872,1762,1700,1872,1762,1700,1872,-62,110,62,110,FALSE,FALSE
671,20,1682,1634,1779,1682,1634,1779,1682,1634,1779,-48,97,48,97,FALSE,FALSE
671,21,1575,1589,1668,1575,1589,1668,1575,1589,1668,14,93,14,93,FALSE,FALSE
671,22,1477,1513,1532,1477,1513,1532,1477,1513,1532,36,55,36,55,FALSE,FALSE
671,23,1374,1413,1415,1374,1413,1415,1374,1413,1415,39,41,39,41,FALSE,FALSE
671,24,1254,1321,1293,1254,1321,1293,1254,1321,1293,67,39,67,39,FALSE,FALSE
671,25,1122,1201,1185,1122,1201,1185,1122,1201,1185,79,63,79,63,FALSE,FALSE
671,26,1012,1101,1044,1012,1101,1044,1012,1101,1044,89,32,89,32,FALSE,FALSE
671,27,919,1002,940,919,1002,940,919,1002,940,83,21,83,21,FALSE,FALSE
671,28,821,924,837,821,924,837,821,924,837,103,16,103,16,FALSE,FALSE
671,29,747,836,743,747,836,743,747,836,743,89,-4,89,4,FALSE,FALSE
671,30,667,754,662,667,754,662,667,754,662,87,-5,87,5,FALSE,FALSE
671,31,600,688,598,600,688,598,600,688,598,88,-2,88,2,FALSE,FALSE
671,32,533,619,542,533,619,542,533,619,542,86,9,86,9,FALSE,FALSE
671,33,484,557,476,484,557,476,484,557,476,73,-8,73,8,FALSE,FALSE
671,34,421,490,437,421,490,437,421,490,437,69,16,69,16,FALSE,FALSE
671,35,380,433,382,380,433,382,380,433,382,53,2,53,2,FALSE,FALSE
671,36,347,383,340,347,383,340,347,383,340,36,-7,36,7,FALSE,FALSE
671,37,305,334,296,305,334,296,305,334,296,29,-9,29,9,FALSE,FALSE
671,38,275,293,257,275,293,257,275,293,257,18,-18,18,18,FALSE,FALSE
671,39,236,259,239,236,259,239,236,259,239,23,3,23,3,FALSE,FALSE
671,40,214,229,214,214,229,214,214,229,214,15,0,15,0,FALSE,TRUE
671,41,194,200,188,194,200,188,194,200,188,6,-6,6,6,FALSE,FALSE
671,42,165,167,171,165,167,171,165,167,171,2,6,2,6,FALSE,FALSE
671,43,152,154,150,152,154,150,152,154,150,2,-2,2,2,FALSE,FALSE
671,44,137,139,141,137,139,141,137,139,141,2,4,2,4,FALSE,FALSE
671,45,116,116,116,116,116,116,116,116,116,0,0,0,0,TRUE,TRUE
671,46,101,107,106,101,107,106,101,107,106,6,5,6,5,FALSE,FALSE
671,47,90,97,94,90,97,94,90,97,94,7,4,7,4,FALSE,FALSE
671,48,83,83,83,83,83,83,83,83,83,0,0,0,0,TRUE,TRUE
671,49,74,76,75,74,76,75,74,76,75,2,1,2,1,FALSE,FALSE
671,50,66,64,63,66,64,63,66,64,63,-2,-3,2,3,FALSE,FALSE
671,51,62,55,54,62,55,54,62,55,54,-7,-8,7,8,FALSE,FALSE
671,52,51,46,47,51,46,47,51,46,47,-5,-4,5,4,FALSE,FALSE
671,53,48,41,36,48,41,36,48,41,36,-7,-12,7,12,FALSE,FALSE
671,54,38,38,31,38,38,31,38,38,31,0,-7,0,7,TRUE,FALSE
671,55,35,35,27,35,35,27,35,35,27,0,-8,0,8,TRUE,FALSE
671,56,29,30,21,29,30,21,29,30,21,1,-8,1,8,FALSE,FALSE
671,57,29,20,19,29,20,19,29,20,19,-9,-10,9,10,FALSE,FALSE
671,58,33,17,15,33,17,15,33,17,15,-16,-18,16,18,FALSE,FALSE
671,59,31,13,11,31,13,11,31,13,11,-18,-20,18,20,FALSE,FALSE
671,60,24,12,10,24,12,10,24,12,10,-12,-14,12,14,FALSE,FALSE
672,0,116,116,116,116,116,116,116,116,116,0,0,0,0,TRUE,TRUE
672,1,184,191,171,184,191,171,184,191,171,7,-13,7,13,FALSE,FALSE
672,2,272,272,241,272,272,241,272,272,241,0,-31,0,31,TRUE,FALSE
672,3,393,417,362,393,417,362,393,417,362,24,-31,24,31,FALSE,FALSE
672,4,573,598,537,573,598,537,573,598,537,25,-36,25,36,FALSE,FALSE
672,5,825,839,763,825,839,763,825,839,763,14,-62,14,62,FALSE,FALSE
672,6,1107,1116,1104,1107,1116,1104,1107,1116,1104,9,-3,9,3,FALSE,FALSE
672,7,1547,1507,1530,1547,1507,1530,1547,1507,1530,-40,-17,40,17,FALSE,FALSE
672,8,1980,1967,2043,1980,1967,2043,1980,1967,2043,-13,63,13,63,FALSE,FALSE
672,9,2502,2432,2615,2502,2432,2615,2502,2432,2615,-70,113,70,113,FALSE,FALSE
672,10,3028,2847,3085,3028,2847,3085,3028,2847,3085,-181,57,181,57,FALSE,FALSE
672,11,3434,3232,3476,3434,3232,3476,3434,3232,3476,-202,42,202,42,FALSE,FALSE
672,12,3574,3441,3765,3574,3441,3765,3574,3441,3765,-133,191,133,191,FALSE,FALSE
672,13,3657,3533,3745,3657,3533,3745,3657,3533,3745,-124,88,124,88,FALSE,FALSE
672,14,3547,3451,3564,3547,3451,3564,3547,3451,3564,-96,17,96,17,FALSE,FALSE
672,15,3315,3331,3383,3315,3331,3383,3315,3331,3383,16,68,16,68,FALSE,FALSE
672,16,3035,3112,3093,3035,3112,3093,3035,3112,3093,77,58,77,58,FALSE,FALSE
672,17,2715,2905,2827,2715,2905,2827,2715,2905,2827,190,112,190,112,FALSE,FALSE
672,18,2453,2636,2505,2453,2636,2505,2453,2636,2505,183,52,183,52,FALSE,FALSE
672,19,2135,2324,2179,2135,2324,2179,2135,2324,2179,189,44,189,44,FALSE,FALSE
672,20,1837,2046,1898,1837,2046,1898,1837,2046,1898,209,61,209,61,FALSE,FALSE
672,21,1633,1787,1631,1633,1787,1631,1633,1787,1631,154,-2,154,2,FALSE,FALSE
672,22,1397,1551,1391,1397,1551,1391,1397,1551,1391,154,-6,154,6,FALSE,FALSE
672,23,1191,1348,1179,1191,1348,1179,1191,1348,1179,157,-12,157,12,FALSE,FALSE
672,24,1019,1146,1007,1019,1146,1007,1019,1146,1007,127,-12,127,12,FALSE,FALSE
672,25,877,996,848,877,996,848,877,996,848,119,-29,119,29,FALSE,FALSE
672,26,733,853,723,733,853,723,733,853,723,120,-10,120,10,FALSE,FALSE
672,27,604,723,604,604,723,604,604,723,604,119,0,119,0,FALSE,TRUE
672,28,501,592,527,501,592,527,501,592,527,91,26,91,26,FALSE,FALSE
672,29,437,504,455,437,504,455,437,504,455,67,18,67,18,FALSE,FALSE
672,30,374,448,390,374,448,390,374,448,390,74,16,74,16,FALSE,FALSE
672,31,305,370,324,305,370,324,305,370,324,65,19,65,19,FALSE,FALSE
672,32,257,319,267,257,319,267,257,319,267,62,10,62,10,FALSE,FALSE
672,33,218,266,217,218,266,217,218,266,217,48,-1,48,1,FALSE,FALSE
672,34,175,229,179,175,229,179,175,229,179,54,4,54,4,FALSE,FALSE
672,35,145,192,157,145,192,157,145,192,157,47,12,47,12,FALSE,FALSE
672,36,122,165,131,122,165,131,122,165,131,43,9,43,9,FALSE,FALSE
672,37,105,143,109,105,143,109,105,143,109,38,4,38,4,FALSE,FALSE
672,38,90,118,90,90,118,90,90,118,90,28,0,28,0,FALSE,TRUE
672,39,77,99,72,77,99,72,77,99,72,22,-5,22,5,FALSE,FALSE
672,40,66,83,61,66,83,61,66,83,61,17,-5,17,5,FALSE,FALSE
672,41,60,65,56,60,65,56,60,65,56,5,-4,5,4,FALSE,FALSE
672,42,53,52,44,53,52,44,53,52,44,-1,-9,1,9,FALSE,FALSE
672,43,46,44,36,46,44,36,46,44,36,-2,-10,2,10,FALSE,FALSE
672,44,38,38,31,38,38,31,38,38,31,0,-7,0,7,TRUE,FALSE
672,45,33,33,28,33,33,28,33,33,28,0,-5,0,5,TRUE,FALSE
672,46,29,30,21,29,30,21,29,30,21,1,-8,1,8,FALSE,FALSE
672,47,31,23,20,31,23,20,31,23,20,-8,-11,8,11,FALSE,FALSE
672,48,23,19,18,23,19,18,23,19,18,-4,-5,4,5,FALSE,FALSE
672,49,18,17,14,18,17,14,18,17,14,-1,-4,1,4,FALSE,FALSE
672,50,17,13,10,17,13,10,17,13,10,-4,-7,4,7,FALSE,FALSE
672,51,13,12,8,13,12,8,13,12,8,-1,-5,1,5,FALSE,FALSE
672,52,7,11,7,7,11,7,7,11,7,4,0,4,0,FALSE,TRUE
672,53,7,10,5,7,10,5,7,10,5,3,-2,3,2,FALSE,FALSE
672,54,8,9,4,8,9,4,8,9,4,1,-4,1,4,FALSE,FALSE
672,55,6,9,2,6,9,2,6,9,2,3,-4,3,4,FALSE,FALSE
672,56,5,8,2,5,8,2,5,8,2,3,-3,3,3,FALSE,FALSE
672,57,3,7,1,3,7,1,3,7,1,4,-2,4,2,FALSE,FALSE
672,58,3,6,1,3,6,1,3,6,1,3,-2,3,2,FALSE,FALSE
672,59,3,4,0,3,4,0,3,4,0,1,-3,1,3,FALSE,FALSE
672,60,2,4,0,2,4,0,2,4,0,2,-2,2,2,FALSE,FALSE
673,0,110,110,110,110,110,110,110,110,110,0,0,0,0,TRUE,TRUE
673,1,121,113,119,121,113,119,121,113,119,-8,-2,8,2,FALSE,FALSE
673,2,126,125,116,126,125,116,126,125,116,-1,-10,1,10,FALSE,FALSE
673,3,156,136,132,156,136,132,156,136,132,-20,-24,20,24,FALSE,FALSE
673,4,196,150,141,196,150,141,196,150,141,-46,-55,46,55,FALSE,FALSE
673,5,216,180,149,216,180,149,216,180,149,-36,-67,36,67,FALSE,FALSE
673,6,247,222,167,247,222,167,247,222,167,-25,-80,25,80,FALSE,FALSE
673,7,262,271,192,262,271,192,262,271,192,9,-70,9,70,FALSE,FALSE
673,8,274,306,230,274,306,230,274,306,230,32,-44,32,44,FALSE,FALSE
673,9,296,327,252,296,327,252,296,327,252,31,-44,31,44,FALSE,FALSE
673,10,335,349,259,335,349,259,335,349,259,14,-76,14,76,FALSE,FALSE
673,11,366,393,286,366,393,286,366,393,286,27,-80,27,80,FALSE,FALSE
673,12,395,417,322,395,417,322,395,417,322,22,-73,22,73,FALSE,FALSE
673,13,417,445,353,417,445,353,417,445,353,28,-64,28,64,FALSE,FALSE
673,14,435,455,376,435,455,376,435,455,376,20,-59,20,59,FALSE,FALSE
673,15,478,499,416,478,499,416,478,499,416,21,-62,21,62,FALSE,FALSE
673,16,513,548,426,513,548,426,513,548,426,35,-87,35,87,FALSE,FALSE
673,17,564,563,448,564,563,448,564,563,448,-1,-116,1,116,FALSE,FALSE
673,18,620,586,504,620,586,504,620,586,504,-34,-116,34,116,FALSE,FALSE
673,19,671,609,525,671,609,525,671,609,525,-62,-146,62,146,FALSE,FALSE
673,20,679,649,530,679,649,530,679,649,530,-30,-149,30,149,FALSE,FALSE
673,21,720,624,543,720,624,543,720,624,543,-96,-177,96,177,FALSE,FALSE
673,22,726,614,577,726,614,577,726,614,577,-112,-149,112,149,FALSE,FALSE
673,23,713,640,585,713,640,585,713,640,585,-73,-128,73,128,FALSE,FALSE
673,24,711,609,580,711,609,580,711,609,580,-102,-131,102,131,FALSE,FALSE
673,25,682,560,583,682,560,583,682,560,583,-122,-99,122,99,FALSE,FALSE
673,26,682,529,583,682,529,583,682,529,583,-153,-99,153,99,FALSE,FALSE
673,27,652,509,577,652,509,577,652,509,577,-143,-75,143,75,FALSE,FALSE
673,28,633,501,571,633,501,571,633,501,571,-132,-62,132,62,FALSE,FALSE
673,29,627,470,574,627,470,574,627,470,574,-157,-53,157,53,FALSE,FALSE
673,30,621,446,574,621,446,574,621,446,574,-175,-47,175,47,FALSE,FALSE
673,31,582,436,567,582,436,567,582,436,567,-146,-15,146,15,FALSE,FALSE
673,32,551,406,536,551,406,536,551,406,536,-145,-15,145,15,FALSE,FALSE
673,33,523,382,514,523,382,514,523,382,514,-141,-9,141,9,FALSE,FALSE
673,34,492,362,529,492,362,529,492,362,529,-130,37,130,37,FALSE,FALSE
673,35,480,343,492,480,343,492,480,343,492,-137,12,137,12,FALSE,FALSE
673,36,457,325,487,457,325,487,457,325,487,-132,30,132,30,FALSE,FALSE
673,37,415,306,462,415,306,462,415,306,462,-109,47,109,47,FALSE,FALSE
673,38,384,287,422,384,287,422,384,287,422,-97,38,97,38,FALSE,FALSE
673,39,346,262,391,346,262,391,346,262,391,-84,45,84,45,FALSE,FALSE
673,40,304,232,372,304,232,372,304,232,372,-72,68,72,68,FALSE,FALSE
673,41,274,206,350,274,206,350,274,206,350,-68,76,68,76,FALSE,FALSE
673,42,252,184,305,252,184,305,252,184,305,-68,53,68,53,FALSE,FALSE
673,43,242,156,286,242,156,286,242,156,286,-86,44,86,44,FALSE,FALSE
673,44,238,133,268,238,133,268,238,133,268,-105,30,105,30,FALSE,FALSE
673,45,226,123,246,226,123,246,226,123,246,-103,20,103,20,FALSE,FALSE
673,46,195,107,228,195,107,228,195,107,228,-88,33,88,33,FALSE,FALSE
673,47,167,100,220,167,100,220,167,100,220,-67,53,67,53,FALSE,FALSE
673,48,155,86,191,155,86,191,155,86,191,-69,36,69,36,FALSE,FALSE
673,49,135,77,182,135,77,182,135,77,182,-58,47,58,47,FALSE,FALSE
673,50,126,62,174,126,62,174,126,62,174,-64,48,64,48,FALSE,FALSE
673,51,116,54,156,116,54,156,116,54,156,-62,40,62,40,FALSE,FALSE
673,52,101,48,151,101,48,151,101,48,151,-53,50,53,50,FALSE,FALSE
673,53,93,42,137,93,42,137,93,42,137,-51,44,51,44,FALSE,FALSE
673,54,95,34,128,95,34,128,95,34,128,-61,33,61,33,FALSE,FALSE
673,55,78,37,116,78,37,116,78,37,116,-41,38,41,38,FALSE,FALSE
673,56,66,30,113,66,30,113,66,30,113,-36,47,36,47,FALSE,FALSE
673,57,64,21,98,64,21,98,64,21,98,-43,34,43,34,FALSE,FALSE
673,58,61,14,91,61,14,91,61,14,91,-47,30,47,30,FALSE,FALSE
673,59,58,12,78,58,12,78,58,12,78,-46,20,46,20,FALSE,FALSE
673,60,52,10,71,52,10,71,52,10,71,-42,19,42,19,FALSE,FALSE
674,0,166,166,166,166,166,166,166,166,166,0,0,0,0,TRUE,TRUE
674,1,205,198,190,205,198,190,205,198,190,-7,-15,7,15,FALSE,FALSE
674,2,246,246,241,246,246,241,246,246,241,0,-5,0,5,TRUE,FALSE
674,3,305,305,306,305,305,306,305,305,306,0,1,0,1,TRUE,FALSE
674,4,369,381,374,369,381,374,369,381,374,12,5,12,5,FALSE,FALSE
674,5,448,473,435,448,473,435,448,473,435,25,-13,25,13,FALSE,FALSE
674,6,547,556,525,547,556,525,547,556,525,9,-22,9,22,FALSE,FALSE
674,7,652,704,643,652,704,643,652,704,643,52,-9,52,9,FALSE,FALSE
674,8,815,827,747,815,827,747,815,827,747,12,-68,12,68,FALSE,FALSE
674,9,1000,976,887,1000,976,887,1000,976,887,-24,-113,24,113,FALSE,FALSE
674,10,1203,1122,1047,1203,1122,1047,1203,1122,1047,-81,-156,81,156,FALSE,FALSE
674,11,1375,1304,1199,1375,1304,1199,1375,1304,1199,-71,-176,71,176,FALSE,FALSE
674,12,1596,1508,1404,1596,1508,1404,1596,1508,1404,-88,-192,88,192,FALSE,FALSE
674,13,1844,1696,1598,1844,1696,1598,1844,1696,1598,-148,-246,148,246,FALSE,FALSE
674,14,2061,1916,1815,2061,1916,1815,2061,1916,1815,-145,-246,145,246,FALSE,FALSE
674,15,2307,2164,2078,2307,2164,2078,2307,2164,2078,-143,-229,143,229,FALSE,FALSE
674,16,2536,2405,2289,2536,2405,2289,2536,2405,2289,-131,-247,131,247,FALSE,FALSE
674,17,2709,2633,2508,2709,2633,2508,2709,2633,2508,-76,-201,76,201,FALSE,FALSE
674,18,2919,2810,2694,2919,2810,2694,2919,2810,2694,-109,-225,109,225,FALSE,FALSE
674,19,3110,2916,2897,3110,2916,2897,3110,2916,2897,-194,-213,194,213,FALSE,FALSE
674,20,3239,3086,3079,3239,3086,3079,3239,3086,3079,-153,-160,153,160,FALSE,FALSE
674,21,3319,3197,3151,3319,3197,3151,3319,3197,3151,-122,-168,122,168,FALSE,FALSE
674,22,3349,3275,3223,3349,3275,3223,3349,3275,3223,-74,-126,74,126,FALSE,FALSE
674,23,3361,3275,3269,3361,3275,3269,3361,3275,3269,-86,-92,86,92,FALSE,FALSE
674,24,3329,3260,3265,3329,3260,3265,3329,3260,3265,-69,-64,69,64,FALSE,FALSE
674,25,3289,3209,3246,3289,3209,3246,3289,3209,3246,-80,-43,80,43,FALSE,FALSE
674,26,3200,3144,3204,3200,3144,3204,3200,3144,3204,-56,4,56,4,FALSE,FALSE
674,27,3128,3068,3099,3128,3068,3099,3128,3068,3099,-60,-29,60,29,FALSE,FALSE
674,28,3064,2959,3000,3064,2959,3000,3064,2959,3000,-105,-64,105,64,FALSE,FALSE
674,29,2932,2867,2863,2932,2867,2863,2932,2867,2863,-65,-69,65,69,FALSE,FALSE
674,30,2811,2758,2746,2811,2758,2746,2811,2758,2746,-53,-65,53,65,FALSE,FALSE
674,31,2641,2650,2625,2641,2650,2625,2641,2650,2625,9,-16,9,16,FALSE,FALSE
674,32,2488,2500,2476,2488,2500,2476,2488,2500,2476,12,-12,12,12,FALSE,FALSE
674,33,2356,2342,2365,2356,2342,2365,2356,2342,2365,-14,9,14,9,FALSE,FALSE
674,34,2188,2183,2241,2188,2183,2241,2188,2183,2241,-5,53,5,53,FALSE,FALSE
674,35,2049,2085,2119,2049,2085,2119,2049,2085,2119,36,70,36,70,FALSE,FALSE
674,36,1910,1975,1984,1910,1975,1984,1910,1975,1984,65,74,65,74,FALSE,FALSE
674,37,1778,1840,1848,1778,1840,1848,1778,1840,1848,62,70,62,70,FALSE,FALSE
674,38,1654,1737,1727,1654,1737,1727,1654,1737,1727,83,73,83,73,FALSE,FALSE
674,39,1544,1633,1609,1544,1633,1609,1544,1633,1609,89,65,89,65,FALSE,FALSE
674,40,1442,1505,1520,1442,1505,1520,1442,1505,1520,63,78,63,78,FALSE,FALSE
674,41,1338,1416,1413,1338,1416,1413,1338,1416,1413,78,75,78,75,FALSE,FALSE
674,42,1243,1323,1330,1243,1323,1330,1243,1323,1330,80,87,80,87,FALSE,FALSE
674,43,1133,1247,1242,1133,1247,1242,1133,1247,1242,114,109,114,109,FALSE,FALSE
674,44,1067,1152,1173,1067,1152,1173,1067,1152,1173,85,106,85,106,FALSE,FALSE
674,45,992,1089,1083,992,1089,1083,992,1089,1083,97,91,97,91,FALSE,FALSE
674,46,917,994,987,917,994,987,917,994,987,77,70,77,70,FALSE,FALSE
674,47,837,925,928,837,925,928,837,925,928,88,91,88,91,FALSE,FALSE
674,48,774,849,862,774,849,862,774,849,862,75,88,75,88,FALSE,FALSE
674,49,712,799,787,712,799,787,712,799,787,87,75,87,75,FALSE,FALSE
674,50,647,730,716,647,730,716,647,730,716,83,69,83,69,FALSE,FALSE
674,51,585,658,665,585,658,665,585,658,665,73,80,73,80,FALSE,FALSE
674,52,532,617,619,532,617,619,532,617,619,85,87,85,87,FALSE,FALSE
674,53,495,570,579,495,570,579,495,570,579,75,84,75,84,FALSE,FALSE
674,54,454,529,540,454,529,540,454,529,540,75,86,75,86,FALSE,FALSE
674,55,416,486,498,416,486,498,416,486,498,70,82,70,82,FALSE,FALSE
674,56,381,446,463,381,446,463,381,446,463,65,82,65,82,FALSE,FALSE
674,57,352,425,424,352,425,424,352,425,424,73,72,73,72,FALSE,FALSE
674,58,328,392,392,328,392,392,328,392,392,64,64,64,64,FALSE,FALSE
674,59,306,364,372,306,364,372,306,364,372,58,66,58,66,FALSE,FALSE
674,60,283,332,350,283,332,350,283,332,350,49,67,49,67,FALSE,FALSE
675,0,102,102,102,102,102,102,102,102,102,0,0,0,0,TRUE,TRUE
675,1,135,150,145,135,150,145,135,150,145,15,10,15,10,FALSE,FALSE
675,2,204,199,231,204,199,231,204,199,231,-5,27,5,27,FALSE,FALSE
675,3,295,297,349,295,297,349,295,297,349,2,54,2,54,FALSE,FALSE
675,4,409,442,494,409,442,494,409,442,494,33,85,33,85,FALSE,FALSE
675,5,532,578,674,532,578,674,532,578,674,46,142,46,142,FALSE,FALSE
675,6,682,820,864,682,820,864,682,820,864,138,182,138,182,FALSE,FALSE
675,7,852,1111,1113,852,1111,1113,852,1111,1113,259,261,259,261,FALSE,FALSE
675,8,1083,1441,1368,1083,1441,1368,1083,1441,1368,358,285,358,285,FALSE,FALSE
675,9,1357,1761,1651,1357,1761,1651,1357,1761,1651,404,294,404,294,FALSE,FALSE
675,10,1657,2019,1935,1657,2019,1935,1657,2019,1935,362,278,362,278,FALSE,FALSE
675,11,1916,2242,2142,1916,2242,2142,1916,2242,2142,326,226,326,226,FALSE,FALSE
675,12,2087,2351,2296,2087,2351,2296,2087,2351,2296,264,209,264,209,FALSE,FALSE
675,13,2234,2386,2362,2234,2386,2362,2234,2386,2362,152,128,152,128,FALSE,FALSE
675,14,2260,2352,2341,2260,2352,2341,2260,2352,2341,92,81,92,81,FALSE,FALSE
675,15,2250,2256,2271,2250,2256,2271,2250,2256,2271,6,21,6,21,FALSE,FALSE
675,16,2162,2101,2179,2162,2101,2179,2162,2101,2179,-61,17,61,17,FALSE,FALSE
675,17,2032,1914,2010,2032,1914,2010,2032,1914,2010,-118,-22,118,22,FALSE,FALSE
675,18,1885,1745,1844,1885,1745,1844,1885,1745,1844,-140,-41,140,41,FALSE,FALSE
675,19,1735,1577,1679,1735,1577,1679,1735,1577,1679,-158,-56,158,56,FALSE,FALSE
675,20,1615,1423,1481,1615,1423,1481,1615,1423,1481,-192,-134,192,134,FALSE,FALSE
675,21,1472,1265,1327,1472,1265,1327,1472,1265,1327,-207,-145,207,145,FALSE,FALSE
675,22,1334,1153,1208,1334,1153,1208,1334,1153,1208,-181,-126,181,126,FALSE,FALSE
675,23,1200,1017,1075,1200,1017,1075,1200,1017,1075,-183,-125,183,125,FALSE,FALSE
675,24,1062,882,953,1062,882,953,1062,882,953,-180,-109,180,109,FALSE,FALSE
675,25,957,763,856,957,763,856,957,763,856,-194,-101,194,101,FALSE,FALSE
675,26,854,672,766,854,672,766,854,672,766,-182,-88,182,88,FALSE,FALSE
675,27,765,617,669,765,617,669,765,617,669,-148,-96,148,96,FALSE,FALSE
675,28,692,563,589,692,563,589,692,563,589,-129,-103,129,103,FALSE,FALSE
675,29,611,479,518,611,479,518,611,479,518,-132,-93,132,93,FALSE,FALSE
675,30,544,424,454,544,424,454,544,424,454,-120,-90,120,90,FALSE,FALSE
675,31,479,373,395,479,373,395,479,373,395,-106,-84,106,84,FALSE,FALSE
675,32,408,326,356,408,326,356,408,326,356,-82,-52,82,52,FALSE,FALSE
675,33,363,286,315,363,286,315,363,286,315,-77,-48,77,48,FALSE,FALSE
675,34,325,257,277,325,257,277,325,257,277,-68,-48,68,48,FALSE,FALSE
675,35,288,219,243,288,219,243,288,219,243,-69,-45,69,45,FALSE,FALSE
675,36,250,184,215,250,184,215,250,184,215,-66,-35,66,35,FALSE,FALSE
675,37,221,164,198,221,164,198,221,164,198,-57,-23,57,23,FALSE,FALSE
675,38,194,146,179,194,146,179,194,146,179,-48,-15,48,15,FALSE,FALSE
675,39,171,128,156,171,128,156,171,128,156,-43,-15,43,15,FALSE,FALSE
675,40,155,111,134,155,111,134,155,111,134,-44,-21,44,21,FALSE,FALSE
675,41,132,94,113,132,94,113,132,94,113,-38,-19,38,19,FALSE,FALSE
675,42,114,79,101,114,79,101,114,79,101,-35,-13,35,13,FALSE,FALSE
675,43,98,65,88,98,65,88,98,65,88,-33,-10,33,10,FALSE,FALSE
675,44,84,60,78,84,60,78,84,60,78,-24,-6,24,6,FALSE,FALSE
675,45,78,52,70,78,52,70,78,52,70,-26,-8,26,8,FALSE,FALSE
675,46,66,42,61,66,42,61,66,42,61,-24,-5,24,5,FALSE,FALSE
675,47,53,36,51,53,36,51,53,36,51,-17,-2,17,2,FALSE,FALSE
675,48,47,29,44,47,29,44,47,29,44,-18,-3,18,3,FALSE,FALSE
675,49,42,25,41,42,25,41,42,25,41,-17,-1,17,1,FALSE,FALSE
675,50,38,20,33,38,20,33,38,20,33,-18,-5,18,5,FALSE,FALSE
675,51,34,19,30,34,19,30,34,19,30,-15,-4,15,4,FALSE,FALSE
675,52,30,17,28,30,17,28,30,17,28,-13,-2,13,2,FALSE,FALSE
675,53,26,16,25,26,16,25,26,16,25,-10,-1,10,1,FALSE,FALSE
675,54,24,15,21,24,15,21,24,15,21,-9,-3,9,3,FALSE,FALSE
675,55,22,12,16,22,12,16,22,12,16,-10,-6,10,6,FALSE,FALSE
675,56,19,10,13,19,10,13,19,10,13,-9,-6,9,6,FALSE,FALSE
675,57,18,9,10,18,9,10,18,9,10,-9,-8,9,8,FALSE,FALSE
675,58,16,9,6,16,9,6,16,9,6,-7,-10,7,10,FALSE,FALSE
675,59,14,8,6,14,8,6,14,8,6,-6,-8,6,8,FALSE,FALSE
675,60,13,8,6,13,8,6,13,8,6,-5,-7,5,7,FALSE,FALSE
676,0,82,82,82,82,82,82,82,82,82,0,0,0,0,TRUE,TRUE
676,1,157,85,152,157,85,152,157,85,152,-72,-5,72,5,FALSE,FALSE
676,2,297,73,263,297,73,263,297,73,263,-224,-34,224,34,FALSE,FALSE
676,3,512,86,441,512,86,441,512,86,441,-426,-71,426,71,FALSE,FALSE
676,4,832,90,724,832,90,724,832,90,724,-742,-108,742,108,FALSE,FALSE
676,5,1306,93,1134,1306,93,1134,1306,93,1134,-1213,-172,1213,172,FALSE,FALSE
676,6,1860,95,1653,1860,95,1653,1860,95,1653,-1765,-207,1765,207,FALSE,FALSE
676,7,2417,98,2249,2417,98,2249,2417,98,2249,-2319,-168,2319,168,FALSE,FALSE
676,8,2724,101,2614,2724,101,2614,2724,101,2614,-2623,-110,2623,110,FALSE,FALSE
676,9,2749,96,2717,2749,96,2717,2749,96,2717,-2653,-32,2653,32,FALSE,FALSE
676,10,2558,101,2540,2558,101,2540,2558,101,2540,-2457,-18,2457,18,FALSE,FALSE
676,11,2240,107,2288,2240,107,2288,2240,107,2288,-2133,48,2133,48,FALSE,FALSE
676,12,1921,117,1968,1921,117,1968,1921,117,1968,-1804,47,1804,47,FALSE,FALSE
676,13,1581,125,1630,1581,125,1630,1581,125,1630,-1456,49,1456,49,FALSE,FALSE
676,14,1278,148,1291,1278,148,1291,1278,148,1291,-1130,13,1130,13,FALSE,FALSE
676,15,1015,162,1051,1015,162,1051,1015,162,1051,-853,36,853,36,FALSE,FALSE
676,16,792,176,853,792,176,853,792,176,853,-616,61,616,61,FALSE,FALSE
676,17,620,177,656,620,177,656,620,177,656,-443,36,443,36,FALSE,FALSE
676,18,463,176,508,463,176,508,463,176,508,-287,45,287,45,FALSE,FALSE
676,19,351,169,423,351,169,423,351,169,423,-182,72,182,72,FALSE,FALSE
676,20,280,170,337,280,170,337,280,170,337,-110,57,110,57,FALSE,FALSE
676,21,217,181,265,217,181,265,217,181,265,-36,48,36,48,FALSE,FALSE
676,22,151,182,196,151,182,196,151,182,196,31,45,31,45,FALSE,FALSE
676,23,130,197,163,130,197,163,130,197,163,67,33,67,33,FALSE,FALSE
676,24,110,199,125,110,199,125,110,199,125,89,15,89,15,FALSE,FALSE
676,25,85,193,90,85,193,90,85,193,90,108,5,108,5,FALSE,FALSE
676,26,65,207,64,65,207,64,65,207,64,142,-1,142,1,FALSE,FALSE
676,27,56,211,51,56,211,51,56,211,51,155,-5,155,5,FALSE,FALSE
676,28,48,211,41,48,211,41,48,211,41,163,-7,163,7,FALSE,FALSE
676,29,43,205,31,43,205,31,43,205,31,162,-12,162,12,FALSE,FALSE
676,30,31,203,19,31,203,19,31,203,19,172,-12,172,12,FALSE,FALSE
676,31,23,197,18,23,197,18,23,197,18,174,-5,174,5,FALSE,FALSE
676,32,19,190,14,19,190,14,19,190,14,171,-5,171,5,FALSE,FALSE
676,33,13,181,8,13,181,8,13,181,8,168,-5,168,5,FALSE,FALSE
676,34,10,179,7,10,179,7,10,179,7,169,-3,169,3,FALSE,FALSE
676,35,8,188,4,8,188,4,8,188,4,180,-4,180,4,FALSE,FALSE
676,36,7,193,4,7,193,4,7,193,4,186,-3,186,3,FALSE,FALSE
676,37,5,201,4,5,201,4,5,201,4,196,-1,196,1,FALSE,FALSE
676,38,5,192,3,5,192,3,5,192,3,187,-2,187,2,FALSE,FALSE
676,39,4,186,2,4,186,2,4,186,2,182,-2,182,2,FALSE,FALSE
676,40,3,191,2,3,191,2,3,191,2,188,-1,188,1,FALSE,FALSE
676,41,3,187,1,3,187,1,3,187,1,184,-2,184,2,FALSE,FALSE
676,42,3,193,0,3,193,0,3,193,0,190,-3,190,3,FALSE,FALSE
676,43,3,192,0,3,192,0,3,192,0,189,-3,189,3,FALSE,FALSE
676,44,3,196,0,3,196,0,3,196,0,193,-3,193,3,FALSE,FALSE
676,45,2,193,0,2,193,0,2,193,0,191,-2,191,2,FALSE,FALSE
676,46,2,190,0,2,190,0,2,190,0,188,-2,188,2,FALSE,FALSE
676,47,1,182,0,1,182,0,1,182,0,181,-1,181,1,FALSE,FALSE
676,48,1,182,0,1,182,0,1,182,0,181,-1,181,1,FALSE,FALSE
676,49,1,189,0,1,189,0,1,189,0,188,-1,188,1,FALSE,FALSE
676,50,0,184,0,0,184,0,0,184,0,184,0,184,0,FALSE,TRUE
676,51,0,176,0,0,176,0,0,176,0,176,0,176,0,FALSE,TRUE
676,52,0,171,0,0,171,0,0,171,0,171,0,171,0,FALSE,TRUE
676,53,0,167,0,0,167,0,0,167,0,167,0,167,0,FALSE,TRUE
676,54,0,171,0,0,171,0,0,171,0,171,0,171,0,FALSE,TRUE
676,55,0,173,0,0,173,0,0,173,0,173,0,173,0,FALSE,TRUE
676,56,0,162,0,0,162,0,0,162,0,162,0,162,0,FALSE,TRUE
676,57,0,147,0,0,147,0,0,147,0,147,0,147,0,FALSE,TRUE
676,58,0,141,0,0,141,0,0,141,0,141,0,141,0,FALSE,TRUE
676,59,0,136,0,0,136,0,0,136,0,136,0,136,0,FALSE,TRUE
676,60,0,132,0,0,132,0,0,132,0,132,0,132,0,FALSE,TRUE
677,0,75,75,75,75,75,75,75,75,75,0,0,0,0,TRUE,TRUE
677,1,104,99,104,104,99,104,104,99,104,-5,0,5,0,FALSE,TRUE
677,2,145,139,154,145,139,154,145,139,154,-6,9,6,9,FALSE,FALSE
677,3,212,201,196,212,201,196,212,201,196,-11,-16,11,16,FALSE,FALSE
677,4,317,267,253,317,267,253,317,267,253,-50,-64,50,64,FALSE,FALSE
677,5,423,360,364,423,360,364,423,360,364,-63,-59,63,59,FALSE,FALSE
677,6,539,474,460,539,474,460,539,474,460,-65,-79,65,79,FALSE,FALSE
677,7,678,593,624,678,593,624,678,593,624,-85,-54,85,54,FALSE,FALSE
677,8,869,755,811,869,755,811,869,755,811,-114,-58,114,58,FALSE,FALSE
677,9,1066,931,1003,1066,931,1003,1066,931,1003,-135,-63,135,63,FALSE,FALSE
677,10,1243,1089,1193,1243,1089,1193,1243,1089,1193,-154,-50,154,50,FALSE,FALSE
677,11,1425,1274,1388,1425,1274,1388,1425,1274,1388,-151,-37,151,37,FALSE,FALSE
677,12,1549,1398,1500,1549,1398,1500,1549,1398,1500,-151,-49,151,49,FALSE,FALSE
677,13,1603,1481,1598,1603,1481,1598,1603,1481,1598,-122,-5,122,5,FALSE,FALSE
677,14,1594,1501,1581,1594,1501,1581,1594,1501,1581,-93,-13,93,13,FALSE,FALSE
677,15,1549,1514,1518,1549,1514,1518,1549,1514,1518,-35,-31,35,31,FALSE,FALSE
677,16,1459,1476,1474,1459,1476,1474,1459,1476,1474,17,15,17,15,FALSE,FALSE
677,17,1326,1395,1369,1326,1395,1369,1326,1395,1369,69,43,69,43,FALSE,FALSE
677,18,1175,1271,1216,1175,1271,1216,1175,1271,1216,96,41,96,41,FALSE,FALSE
677,19,1086,1145,1063,1086,1145,1063,1086,1145,1063,59,-23,59,23,FALSE,FALSE
677,20,933,1025,935,933,1025,935,933,1025,935,92,2,92,2,FALSE,FALSE
677,21,811,905,813,811,905,813,811,905,813,94,2,94,2,FALSE,FALSE
677,22,717,790,701,717,790,701,717,790,701,73,-16,73,16,FALSE,FALSE
677,23,595,699,593,595,699,593,595,699,593,104,-2,104,2,FALSE,FALSE
677,24,527,627,493,527,627,493,527,627,493,100,-34,100,34,FALSE,FALSE
677,25,421,528,431,421,528,431,421,528,431,107,10,107,10,FALSE,FALSE
677,26,348,459,365,348,459,365,348,459,365,111,17,111,17,FALSE,FALSE
677,27,274,394,325,274,394,325,274,394,325,120,51,120,51,FALSE,FALSE
677,28,234,345,276,234,345,276,234,345,276,111,42,111,42,FALSE,FALSE
677,29,196,296,237,196,296,237,196,296,237,100,41,100,41,FALSE,FALSE
677,30,169,271,206,169,271,206,169,271,206,102,37,102,37,FALSE,FALSE
677,31,147,226,176,147,226,176,147,226,176,79,29,79,29,FALSE,FALSE
677,32,124,190,148,124,190,148,124,190,148,66,24,66,24,FALSE,FALSE
677,33,107,167,126,107,167,126,107,167,126,60,19,60,19,FALSE,FALSE
677,34,90,142,103,90,142,103,90,142,103,52,13,52,13,FALSE,FALSE
677,35,78,114,86,78,114,86,78,114,86,36,8,36,8,FALSE,FALSE
677,36,67,94,70,67,94,70,67,94,70,27,3,27,3,FALSE,FALSE
677,37,57,84,61,57,84,61,57,84,61,27,4,27,4,FALSE,FALSE
677,38,47,75,52,47,75,52,47,75,52,28,5,28,5,FALSE,FALSE
677,39,43,55,43,43,55,43,43,55,43,12,0,12,0,FALSE,TRUE
677,40,39,54,32,39,54,32,39,54,32,15,-7,15,7,FALSE,FALSE
677,41,33,46,28,33,46,28,33,46,28,13,-5,13,5,FALSE,FALSE
677,42,22,38,25,22,38,25,22,38,25,16,3,16,3,FALSE,FALSE
677,43,18,36,22,18,36,22,18,36,22,18,4,18,4,FALSE,FALSE
677,44,16,31,16,16,31,16,16,31,16,15,0,15,0,FALSE,TRUE
677,45,15,22,14,15,22,14,15,22,14,7,-1,7,1,FALSE,FALSE
677,46,11,20,11,11,20,11,11,20,11,9,0,9,0,FALSE,TRUE
677,47,10,18,9,10,18,9,10,18,9,8,-1,8,1,FALSE,FALSE
677,48,9,16,7,9,16,7,9,16,7,7,-2,7,2,FALSE,FALSE
677,49,9,15,7,9,15,7,9,15,7,6,-2,6,2,FALSE,FALSE
677,50,7,11,8,7,11,8,7,11,8,4,1,4,1,FALSE,FALSE
677,51,3,9,6,3,9,6,3,9,6,6,3,6,3,FALSE,FALSE
677,52,2,6,5,2,6,5,2,6,5,4,3,4,3,FALSE,FALSE
677,53,2,4,2,2,4,2,2,4,2,2,0,2,0,FALSE,TRUE
677,54,3,3,2,3,3,2,3,3,2,0,-1,0,1,TRUE,FALSE
677,55,3,2,2,3,2,2,3,2,2,-1,-1,1,1,FALSE,FALSE
677,56,2,2,1,2,2,1,2,2,1,0,-1,0,1,TRUE,FALSE
677,57,2,2,1,2,2,1,2,2,1,0,-1,0,1,TRUE,FALSE
677,58,2,1,1,2,1,1,2,1,1,-1,-1,1,1,FALSE,FALSE
677,59,3,1,1,3,1,1,3,1,1,-2,-2,2,2,FALSE,FALSE
677,60,3,1,0,3,1,0,3,1,0,-2,-3,2,3,FALSE,FALSE
678,0,159,159,159,159,159,159,159,159,159,0,0,0,0,TRUE,TRUE
678,1,275,240,221,275,240,221,275,240,221,-35,-54,35,54,FALSE,FALSE
678,2,414,356,348,414,356,348,414,356,348,-58,-66,58,66,FALSE,FALSE
678,3,664,529,546,664,529,546,664,529,546,-135,-118,135,118,FALSE,FALSE
678,4,1041,780,836,1041,780,836,1041,780,836,-261,-205,261,205,FALSE,FALSE
678,5,1500,1132,1237,1500,1132,1237,1500,1132,1237,-368,-263,368,263,FALSE,FALSE
678,6,2042,1574,1737,2042,1574,1737,2042,1574,1737,-468,-305,468,305,FALSE,FALSE
678,7,2606,2073,2329,2606,2073,2329,2606,2073,2329,-533,-277,533,277,FALSE,FALSE
678,8,3192,2652,2904,3192,2652,2904,3192,2652,2904,-540,-288,540,288,FALSE,FALSE
678,9,3605,3234,3409,3605,3234,3409,3605,3234,3409,-371,-196,371,196,FALSE,FALSE
678,10,3853,3625,3745,3853,3625,3745,3853,3625,3745,-228,-108,228,108,FALSE,FALSE
678,11,3899,3827,3875,3899,3827,3875,3899,3827,3875,-72,-24,72,24,FALSE,FALSE
678,12,3804,3868,3788,3804,3868,3788,3804,3868,3788,64,-16,64,16,FALSE,FALSE
678,13,3512,3719,3601,3512,3719,3601,3512,3719,3601,207,89,207,89,FALSE,FALSE
678,14,3179,3448,3318,3179,3448,3318,3179,3448,3318,269,139,269,139,FALSE,FALSE
678,15,2874,3099,2934,2874,3099,2934,2874,3099,2934,225,60,225,60,FALSE,FALSE
678,16,2506,2785,2562,2506,2785,2562,2506,2785,2562,279,56,279,56,FALSE,FALSE
678,17,2154,2440,2241,2154,2440,2241,2154,2440,2241,286,87,286,87,FALSE,FALSE
678,18,1866,2092,1946,1866,2092,1946,1866,2092,1946,226,80,226,80,FALSE,FALSE
678,19,1596,1787,1672,1596,1787,1672,1596,1787,1672,191,76,191,76,FALSE,FALSE
678,20,1326,1519,1432,1326,1519,1432,1326,1519,1432,193,106,193,106,FALSE,FALSE
678,21,1113,1271,1181,1113,1271,1181,1113,1271,1181,158,68,158,68,FALSE,FALSE
678,22,943,1074,1002,943,1074,1002,943,1074,1002,131,59,131,59,FALSE,FALSE
678,23,798,919,836,798,919,836,798,919,836,121,38,121,38,FALSE,FALSE
678,24,658,786,712,658,786,712,658,786,712,128,54,128,54,FALSE,FALSE
678,25,541,678,601,541,678,601,541,678,601,137,60,137,60,FALSE,FALSE
678,26,454,559,511,454,559,511,454,559,511,105,57,105,57,FALSE,FALSE
678,27,395,470,435,395,470,435,395,470,435,75,40,75,40,FALSE,FALSE
678,28,330,413,361,330,413,361,330,413,361,83,31,83,31,FALSE,FALSE
678,29,264,331,304,264,331,304,264,331,304,67,40,67,40,FALSE,FALSE
678,30,220,277,257,220,277,257,220,277,257,57,37,57,37,FALSE,FALSE
678,31,182,235,218,182,235,218,182,235,218,53,36,53,36,FALSE,FALSE
678,32,151,188,174,151,188,174,151,188,174,37,23,37,23,FALSE,FALSE
678,33,136,157,143,136,157,143,136,157,143,21,7,21,7,FALSE,FALSE
678,34,114,128,118,114,128,118,114,128,118,14,4,14,4,FALSE,FALSE
678,35,88,107,92,88,107,92,88,107,92,19,4,19,4,FALSE,FALSE
678,36,76,94,81,76,94,81,76,94,81,18,5,18,5,FALSE,FALSE
678,37,65,73,71,65,73,71,65,73,71,8,6,8,6,FALSE,FALSE
678,38,50,63,63,50,63,63,50,63,63,13,13,13,13,FALSE,FALSE
678,39,40,54,55,40,54,55,40,54,55,14,15,14,15,FALSE,FALSE
678,40,34,47,47,34,47,47,34,47,47,13,13,13,13,FALSE,FALSE
678,41,30,38,35,30,38,35,30,38,35,8,5,8,5,FALSE,FALSE
678,42,28,29,31,28,29,31,28,29,31,1,3,1,3,FALSE,FALSE
678,43,23,24,30,23,24,30,23,24,30,1,7,1,7,FALSE,FALSE
678,44,17,20,26,17,20,26,17,20,26,3,9,3,9,FALSE,FALSE
678,45,15,17,25,15,17,25,15,17,25,2,10,2,10,FALSE,FALSE
678,46,11,16,21,11,16,21,11,16,21,5,10,5,10,FALSE,FALSE
678,47,7,14,15,7,14,15,7,14,15,7,8,7,8,FALSE,FALSE
678,48,2,11,15,2,11,15,2,11,15,9,13,9,13,FALSE,FALSE
678,49,0,10,10,0,10,10,0,10,10,10,10,10,10,FALSE,FALSE
678,50,0,9,8,0,9,8,0,9,8,9,8,9,8,FALSE,FALSE
678,51,0,8,7,0,8,7,0,8,7,8,7,8,7,FALSE,FALSE
678,52,0,5,5,0,5,5,0,5,5,5,5,5,5,FALSE,FALSE
678,53,0,5,6,0,5,6,0,5,6,5,6,5,6,FALSE,FALSE
678,54,0,3,6,0,3,6,0,3,6,3,6,3,6,FALSE,FALSE
678,55,0,2,4,0,2,4,0,2,4,2,4,2,4,FALSE,FALSE
678,56,0,2,3,0,2,3,0,2,3,2,3,2,3,FALSE,FALSE
678,57,0,2,3,0,2,3,0,2,3,2,3,2,3,FALSE,FALSE
678,58,0,2,3,0,2,3,0,2,3,2,3,2,3,FALSE,FALSE
678,59,0,2,1,0,2,1,0,2,1,2,1,2,1,FALSE,FALSE
678,60,0,2,0,0,2,0,0,2,0,2,0,2,0,FALSE,TRUE
679,0,50,50,50,50,50,50,50,50,50,0,0,0,0,TRUE,TRUE
679,1,70,58,57,70,58,57,70,58,57,-12,-13,12,13,FALSE,FALSE
679,2,82,69,68,82,69,68,82,69,68,-13,-14,13,14,FALSE,FALSE
679,3,100,86,77,100,86,77,100,86,77,-14,-23,14,23,FALSE,FALSE
679,4,126,107,87,126,107,87,126,107,87,-19,-39,19,39,FALSE,FALSE
679,5,159,129,104,159,129,104,159,129,104,-30,-55,30,55,FALSE,FALSE
679,6,196,152,118,196,152,118,196,152,118,-44,-78,44,78,FALSE,FALSE
679,7,233,184,131,233,184,131,233,184,131,-49,-102,49,102,FALSE,FALSE
679,8,283,228,158,283,228,158,283,228,158,-55,-125,55,125,FALSE,FALSE
679,9,327,284,200,327,284,200,327,284,200,-43,-127,43,127,FALSE,FALSE
679,10,413,352,258,413,352,258,413,352,258,-61,-155,61,155,FALSE,FALSE
679,11,478,404,325,478,404,325,478,404,325,-74,-153,74,153,FALSE,FALSE
679,12,551,463,374,551,463,374,551,463,374,-88,-177,88,177,FALSE,FALSE
679,13,632,589,428,632,589,428,632,589,428,-43,-204,43,204,FALSE,FALSE
679,14,706,673,497,706,673,497,706,673,497,-33,-209,33,209,FALSE,FALSE
679,15,778,749,550,778,749,550,778,749,550,-29,-228,29,228,FALSE,FALSE
679,16,832,829,599,832,829,599,832,829,599,-3,-233,3,233,FALSE,FALSE
679,17,904,881,667,904,881,667,904,881,667,-23,-237,23,237,FALSE,FALSE
679,18,989,968,750,989,968,750,989,968,750,-21,-239,21,239,FALSE,FALSE
679,19,1063,1024,834,1063,1024,834,1063,1024,834,-39,-229,39,229,FALSE,FALSE
679,20,1130,1063,912,1130,1063,912,1130,1063,912,-67,-218,67,218,FALSE,FALSE
679,21,1204,1091,960,1204,1091,960,1204,1091,960,-113,-244,113,244,FALSE,FALSE
679,22,1210,1143,1045,1210,1143,1045,1210,1143,1045,-67,-165,67,165,FALSE,FALSE
679,23,1206,1121,1129,1206,1121,1129,1206,1121,1129,-85,-77,85,77,FALSE,FALSE
679,24,1170,1129,1134,1170,1129,1134,1170,1129,1134,-41,-36,41,36,FALSE,FALSE
679,25,1158,1155,1155,1158,1155,1155,1158,1155,1155,-3,-3,3,3,FALSE,FALSE
679,26,1109,1077,1163,1109,1077,1163,1109,1077,1163,-32,54,32,54,FALSE,FALSE
679,27,1065,1035,1126,1065,1035,1126,1065,1035,1126,-30,61,30,61,FALSE,FALSE
679,28,1003,960,1065,1003,960,1065,1003,960,1065,-43,62,43,62,FALSE,FALSE
679,29,920,877,1025,920,877,1025,920,877,1025,-43,105,43,105,FALSE,FALSE
679,30,833,790,979,833,790,979,833,790,979,-43,146,43,146,FALSE,FALSE
679,31,756,719,916,756,719,916,756,719,916,-37,160,37,160,FALSE,FALSE
679,32,704,664,854,704,664,854,704,664,854,-40,150,40,150,FALSE,FALSE
679,33,638,610,777,638,610,777,638,610,777,-28,139,28,139,FALSE,FALSE
679,34,571,559,716,571,559,716,571,559,716,-12,145,12,145,FALSE,FALSE
679,35,536,510,648,536,510,648,536,510,648,-26,112,26,112,FALSE,FALSE
679,36,483,469,602,483,469,602,483,469,602,-14,119,14,119,FALSE,FALSE
679,37,444,423,549,444,423,549,444,423,549,-21,105,21,105,FALSE,FALSE
679,38,393,395,499,393,395,499,393,395,499,2,106,2,106,FALSE,FALSE
679,39,357,356,452,357,356,452,357,356,452,-1,95,1,95,FALSE,FALSE
679,40,316,333,415,316,333,415,316,333,415,17,99,17,99,FALSE,FALSE
679,41,266,308,381,266,308,381,266,308,381,42,115,42,115,FALSE,FALSE
679,42,228,273,352,228,273,352,228,273,352,45,124,45,124,FALSE,FALSE
679,43,191,242,320,191,242,320,191,242,320,51,129,51,129,FALSE,FALSE
679,44,170,209,274,170,209,274,170,209,274,39,104,39,104,FALSE,FALSE
679,45,147,196,259,147,196,259,147,196,259,49,112,49,112,FALSE,FALSE
679,46,133,167,226,133,167,226,133,167,226,34,93,34,93,FALSE,FALSE
679,47,123,151,198,123,151,198,123,151,198,28,75,28,75,FALSE,FALSE
679,48,116,128,172,116,128,172,116,128,172,12,56,12,56,FALSE,FALSE
679,49,108,115,152,108,115,152,108,115,152,7,44,7,44,FALSE,FALSE
679,50,92,103,130,92,103,130,92,103,130,11,38,11,38,FALSE,FALSE
679,51,80,95,111,80,95,111,80,95,111,15,31,15,31,FALSE,FALSE
679,52,61,86,94,61,86,94,61,86,94,25,33,25,33,FALSE,FALSE
679,53,55,82,85,55,82,85,55,82,85,27,30,27,30,FALSE,FALSE
679,54,45,73,75,45,73,75,45,73,75,28,30,28,30,FALSE,FALSE
679,55,35,64,62,35,64,62,35,64,62,29,27,29,27,FALSE,FALSE
679,56,37,57,55,37,57,55,37,57,55,20,18,20,18,FALSE,FALSE
679,57,36,47,52,36,47,52,36,47,52,11,16,11,16,FALSE,FALSE
679,58,28,35,52,28,35,52,28,35,52,7,24,7,24,FALSE,FALSE
679,59,23,29,46,23,29,46,23,29,46,6,23,6,23,FALSE,FALSE
679,60,17,23,44,17,23,44,17,23,44,6,27,6,27,FALSE,FALSE
680,0,58,58,58,58,58,58,58,58,58,0,0,0,0,TRUE,TRUE
680,1,100,86,94,100,86,94,100,86,94,-14,-6,14,6,FALSE,FALSE
680,2,160,131,136,160,131,136,160,131,136,-29,-24,29,24,FALSE,FALSE
680,3,230,195,220,230,195,220,230,195,220,-35,-10,35,10,FALSE,FALSE
680,4,319,293,346,319,293,346,319,293,346,-26,27,26,27,FALSE,FALSE
680,5,473,462,545,473,462,545,473,462,545,-11,72,11,72,FALSE,FALSE
680,6,699,710,830,699,710,830,699,710,830,11,131,11,131,FALSE,FALSE
680,7,1027,1054,1209,1027,1054,1209,1027,1054,1209,27,182,27,182,FALSE,FALSE
680,8,1437,1492,1678,1437,1492,1678,1437,1492,1678,55,241,55,241,FALSE,FALSE
680,9,1853,1951,2076,1853,1951,2076,1853,1951,2076,98,223,98,223,FALSE,FALSE
680,10,2256,2383,2503,2256,2383,2503,2256,2383,2503,127,247,127,247,FALSE,FALSE
680,11,2583,2666,2726,2583,2666,2726,2583,2666,2726,83,143,83,143,FALSE,FALSE
680,12,2727,2814,2870,2727,2814,2870,2727,2814,2870,87,143,87,143,FALSE,FALSE
680,13,2754,2769,2751,2754,2769,2751,2754,2769,2751,15,-3,15,3,FALSE,FALSE
680,14,2618,2618,2577,2618,2618,2577,2618,2618,2577,0,-41,0,41,TRUE,FALSE
680,15,2498,2429,2355,2498,2429,2355,2498,2429,2355,-69,-143,69,143,FALSE,FALSE
680,16,2284,2180,2107,2284,2180,2107,2284,2180,2107,-104,-177,104,177,FALSE,FALSE
680,17,1998,1968,1847,1998,1968,1847,1998,1968,1847,-30,-151,30,151,FALSE,FALSE
680,18,1732,1713,1602,1732,1713,1602,1732,1713,1602,-19,-130,19,130,FALSE,FALSE
680,19,1483,1484,1373,1483,1484,1373,1483,1484,1373,1,-110,1,110,FALSE,FALSE
680,20,1264,1282,1162,1264,1282,1162,1264,1282,1162,18,-102,18,102,FALSE,FALSE
680,21,1073,1088,979,1073,1088,979,1073,1088,979,15,-94,15,94,FALSE,FALSE
680,22,907,904,827,907,904,827,907,904,827,-3,-80,3,80,FALSE,FALSE
680,23,786,764,710,786,764,710,786,764,710,-22,-76,22,76,FALSE,FALSE
680,24,672,640,620,672,640,620,672,640,620,-32,-52,32,52,FALSE,FALSE
680,25,585,555,527,585,555,527,585,555,527,-30,-58,30,58,FALSE,FALSE
680,26,509,447,438,509,447,438,509,447,438,-62,-71,62,71,FALSE,FALSE
680,27,428,380,376,428,380,376,428,380,376,-48,-52,48,52,FALSE,FALSE
680,28,352,313,324,352,313,324,352,313,324,-39,-28,39,28,FALSE,FALSE
680,29,309,280,273,309,280,273,309,280,273,-29,-36,29,36,FALSE,FALSE
680,30,260,229,234,260,229,234,260,229,234,-31,-26,31,26,FALSE,FALSE
680,31,206,196,203,206,196,203,206,196,203,-10,-3,10,3,FALSE,FALSE
680,32,182,168,163,182,168,163,182,168,163,-14,-19,14,19,FALSE,FALSE
680,33,160,137,141,160,137,141,160,137,141,-23,-19,23,19,FALSE,FALSE
680,34,127,121,115,127,121,115,127,121,115,-6,-12,6,12,FALSE,FALSE
680,35,111,94,92,111,94,92,111,94,92,-17,-19,17,19,FALSE,FALSE
680,36,87,78,72,87,78,72,87,78,72,-9,-15,9,15,FALSE,FALSE
680,37,73,73,65,73,73,65,73,73,65,0,-8,0,8,TRUE,FALSE
680,38,63,64,59,63,64,59,63,64,59,1,-4,1,4,FALSE,FALSE
680,39,53,54,44,53,54,44,53,54,44,1,-9,1,9,FALSE,FALSE
680,40,44,40,35,44,40,35,44,40,35,-4,-9,4,9,FALSE,FALSE
680,41,31,34,28,31,34,28,31,34,28,3,-3,3,3,FALSE,FALSE
680,42,27,29,24,27,29,24,27,29,24,2,-3,2,3,FALSE,FALSE
680,43,22,23,21,22,23,21,22,23,21,1,-1,1,1,FALSE,FALSE
680,44,18,21,19,18,21,19,18,21,19,3,1,3,1,FALSE,FALSE
680,45,14,19,19,14,19,19,14,19,19,5,5,5,5,FALSE,FALSE
680,46,12,15,18,12,15,18,12,15,18,3,6,3,6,FALSE,FALSE
680,47,11,14,12,11,14,12,11,14,12,3,1,3,1,FALSE,FALSE
680,48,9,11,12,9,11,12,9,11,12,2,3,2,3,FALSE,FALSE
680,49,8,7,12,8,7,12,8,7,12,-1,4,1,4,FALSE,FALSE
680,50,7,5,11,7,5,11,7,5,11,-2,4,2,4,FALSE,FALSE
680,51,6,5,7,6,5,7,6,5,7,-1,1,1,1,FALSE,FALSE
680,52,6,4,7,6,4,7,6,4,7,-2,1,2,1,FALSE,FALSE
680,53,5,4,5,5,4,5,5,4,5,-1,0,1,0,FALSE,TRUE
680,54,3,1,4,3,1,4,3,1,4,-2,1,2,1,FALSE,FALSE
680,55,1,1,4,1,1,4,1,1,4,0,3,0,3,TRUE,FALSE
680,56,1,1,4,1,1,4,1,1,4,0,3,0,3,TRUE,FALSE
680,57,1,0,4,1,0,4,1,0,4,-1,3,1,3,FALSE,FALSE
680,58,1,0,4,1,0,4,1,0,4,-1,3,1,3,FALSE,FALSE
680,59,1,0,2,1,0,2,1,0,2,-1,1,1,1,FALSE,FALSE
680,60,1,0,2,1,0,2,1,0,2,-1,1,1,1,FALSE,FALSE
681,0,87,87,87,87,87,87,87,87,87,0,0,0,0,TRUE,TRUE
681,1,125,132,127,125,132,127,125,132,127,7,2,7,2,FALSE,FALSE
681,2,189,209,201,189,209,201,189,209,201,20,12,20,12,FALSE,FALSE
681,3,272,319,290,272,319,290,272,319,290,47,18,47,18,FALSE,FALSE
681,4,414,441,442,414,441,442,414,441,442,27,28,27,28,FALSE,FALSE
681,5,621,612,630,621,612,630,621,612,630,-9,9,9,9,FALSE,FALSE
681,6,855,826,871,855,826,871,855,826,871,-29,16,29,16,FALSE,FALSE
681,7,1108,1067,1145,1108,1067,1145,1108,1067,1145,-41,37,41,37,FALSE,FALSE
681,8,1415,1260,1424,1415,1260,1424,1415,1260,1424,-155,9,155,9,FALSE,FALSE
681,9,1610,1442,1651,1610,1442,1651,1610,1442,1651,-168,41,168,41,FALSE,FALSE
681,10,1723,1583,1767,1723,1583,1767,1723,1583,1767,-140,44,140,44,FALSE,FALSE
681,11,1734,1606,1716,1734,1606,1716,1734,1606,1716,-128,-18,128,18,FALSE,FALSE
681,12,1717,1604,1581,1717,1604,1581,1717,1604,1581,-113,-136,113,136,FALSE,FALSE
681,13,1613,1479,1405,1613,1479,1405,1613,1479,1405,-134,-208,134,208,FALSE,FALSE
681,14,1394,1330,1224,1394,1330,1224,1394,1330,1224,-64,-170,64,170,FALSE,FALSE
681,15,1184,1130,1079,1184,1130,1079,1184,1130,1079,-54,-105,54,105,FALSE,FALSE
681,16,992,996,930,992,996,930,992,996,930,4,-62,4,62,FALSE,FALSE
681,17,832,849,791,832,849,791,832,849,791,17,-41,17,41,FALSE,FALSE
681,18,702,689,659,702,689,659,702,689,659,-13,-43,13,43,FALSE,FALSE
681,19,568,579,553,568,579,553,568,579,553,11,-15,11,15,FALSE,FALSE
681,20,457,468,441,457,468,441,457,468,441,11,-16,11,16,FALSE,FALSE
681,21,371,375,347,371,375,347,371,375,347,4,-24,4,24,FALSE,FALSE
681,22,318,305,300,318,305,300,318,305,300,-13,-18,13,18,FALSE,FALSE
681,23,271,245,236,271,245,236,271,245,236,-26,-35,26,35,FALSE,FALSE
681,24,206,199,196,206,199,196,206,199,196,-7,-10,7,10,FALSE,FALSE
681,25,173,166,154,173,166,154,173,166,154,-7,-19,7,19,FALSE,FALSE
681,26,141,133,118,141,133,118,141,133,118,-8,-23,8,23,FALSE,FALSE
681,27,118,109,95,118,109,95,118,109,95,-9,-23,9,23,FALSE,FALSE
681,28,96,86,84,96,86,84,96,86,84,-10,-12,10,12,FALSE,FALSE
681,29,67,67,63,67,67,63,67,67,63,0,-4,0,4,TRUE,FALSE
681,30,45,52,53,45,52,53,45,52,53,7,8,7,8,FALSE,FALSE
681,31,39,44,45,39,44,45,39,44,45,5,6,5,6,FALSE,FALSE
681,32,28,38,37,28,38,37,28,38,37,10,9,10,9,FALSE,FALSE
681,33,20,30,23,20,30,23,20,30,23,10,3,10,3,FALSE,FALSE
681,34,17,22,19,17,22,19,17,22,19,5,2,5,2,FALSE,FALSE
681,35,17,15,18,17,15,18,17,15,18,-2,1,2,1,FALSE,FALSE
681,36,13,12,13,13,12,13,13,12,13,-1,0,1,0,FALSE,TRUE
681,37,12,13,12,12,13,12,12,13,12,1,0,1,0,FALSE,TRUE
681,38,11,13,9,11,13,9,11,13,9,2,-2,2,2,FALSE,FALSE
681,39,7,9,7,7,9,7,7,9,7,2,0,2,0,FALSE,TRUE
681,40,5,7,5,5,7,5,5,7,5,2,0,2,0,FALSE,TRUE
681,41,3,6,5,3,6,5,3,6,5,3,2,3,2,FALSE,FALSE
681,42,2,6,3,2,6,3,2,6,3,4,1,4,1,FALSE,FALSE
681,43,1,6,3,1,6,3,1,6,3,5,2,5,2,FALSE,FALSE
681,44,0,2,3,0,2,3,0,2,3,2,3,2,3,FALSE,FALSE
681,45,0,2,2,0,2,2,0,2,2,2,2,2,2,FALSE,FALSE
681,46,0,0,0,0,0,0,0,0,0,0,0,0,0,TRUE,TRUE
681,47,0,0,0,0,0,0,0,0,0,0,0,0,0,TRUE,TRUE
681,48,0,0,0,0,0,0,0,0,0,0,0,0,0,TRUE,TRUE
681,49,0,0,0,0,0,0,0,0,0,0,0,0,0,TRUE,TRUE
681,50,0,0,0,0,0,0,0,0,0,0,0,0,0,TRUE,TRUE
681,51,0,0,0,0,0,0,0,0,0,0,0,0,0,TRUE,TRUE
681,52,0,0,0,0,0,0,0,0,0,0,0,0,0,TRUE,TRUE
681,53,0,0,0,0,0,0,0,0,0,0,0,0,0,TRUE,TRUE
681,54,0,0,0,0,0,0,0,0,0,0,0,0,0,TRUE,TRUE
681,55,0,0,0,0,0,0,0,0,0,0,0,0,0,TRUE,TRUE
681,56,0,0,0,0,0,0,0,0,0,0,0,0,0,TRUE,TRUE
681,57,0,0,0,0,0,0,0,0,0,0,0,0,0,TRUE,TRUE
681,58,0,0,0,0,0,0,0,0,0,0,0,0,0,TRUE,TRUE
681,59,0,0,0,0,0,0,0,0,0,0,0,0,0,TRUE,TRUE
681,60,0,0,0,0,0,0,0,0,0,0,0,0,0,TRUE,TRUE
682,0,53,53,53,53,53,53,53,53,53,0,0,0,0,TRUE,TRUE
682,1,71,59,67,71,59,67,71,59,67,-12,-4,12,4,FALSE,FALSE
682,2,78,67,80,78,67,80,78,67,80,-11,2,11,2,FALSE,FALSE
682,3,104,75,98,104,75,98,104,75,98,-29,-6,29,6,FALSE,FALSE
682,4,132,97,113,132,97,113,132,97,113,-35,-19,35,19,FALSE,FALSE
682,5,158,103,139,158,103,139,158,103,139,-55,-19,55,19,FALSE,FALSE
682,6,191,119,186,191,119,186,191,119,186,-72,-5,72,5,FALSE,FALSE
682,7,243,142,235,243,142,235,243,142,235,-101,-8,101,8,FALSE,FALSE
682,8,296,172,288,296,172,288,296,172,288,-124,-8,124,8,FALSE,FALSE
682,9,355,200,351,355,200,351,355,200,351,-155,-4,155,4,FALSE,FALSE
682,10,420,251,423,420,251,423,420,251,423,-169,3,169,3,FALSE,FALSE
682,11,486,275,474,486,275,474,486,275,474,-211,-12,211,12,FALSE,FALSE
682,12,545,319,559,545,319,559,545,319,559,-226,14,226,14,FALSE,FALSE
682,13,625,353,598,625,353,598,625,353,598,-272,-27,272,27,FALSE,FALSE
682,14,716,408,679,716,408,679,716,408,679,-308,-37,308,37,FALSE,FALSE
682,15,820,480,780,820,480,780,820,480,780,-340,-40,340,40,FALSE,FALSE
682,16,900,547,915,900,547,915,900,547,915,-353,15,353,15,FALSE,FALSE
682,17,1010,610,1011,1010,610,1011,1010,610,1011,-400,1,400,1,FALSE,FALSE
682,18,1088,664,1107,1088,664,1107,1088,664,1107,-424,19,424,19,FALSE,FALSE
682,19,1167,767,1217,1167,767,1217,1167,767,1217,-400,50,400,50,FALSE,FALSE
682,20,1200,803,1279,1200,803,1279,1200,803,1279,-397,79,397,79,FALSE,FALSE
682,21,1245,844,1330,1245,844,1330,1245,844,1330,-401,85,401,85,FALSE,FALSE
682,22,1312,938,1382,1312,938,1382,1312,938,1382,-374,70,374,70,FALSE,FALSE
682,23,1365,983,1410,1365,983,1410,1365,983,1410,-382,45,382,45,FALSE,FALSE
682,24,1379,1093,1393,1379,1093,1393,1379,1093,1393,-286,14,286,14,FALSE,FALSE
682,25,1361,1156,1353,1361,1156,1353,1361,1156,1353,-205,-8,205,8,FALSE,FALSE
682,26,1310,1182,1321,1310,1182,1321,1310,1182,1321,-128,11,128,11,FALSE,FALSE
682,27,1301,1199,1299,1301,1199,1299,1301,1199,1299,-102,-2,102,2,FALSE,FALSE
682,28,1280,1240,1259,1280,1240,1259,1280,1240,1259,-40,-21,40,21,FALSE,FALSE
682,29,1236,1209,1203,1236,1209,1203,1236,1209,1203,-27,-33,27,33,FALSE,FALSE
682,30,1155,1203,1157,1155,1203,1157,1155,1203,1157,48,2,48,2,FALSE,FALSE
682,31,1105,1208,1102,1105,1208,1102,1105,1208,1102,103,-3,103,3,FALSE,FALSE
682,32,1029,1167,1035,1029,1167,1035,1029,1167,1035,138,6,138,6,FALSE,FALSE
682,33,984,1133,965,984,1133,965,984,1133,965,149,-19,149,19,FALSE,FALSE
682,34,911,1099,897,911,1099,897,911,1099,897,188,-14,188,14,FALSE,FALSE
682,35,839,1016,838,839,1016,838,839,1016,838,177,-1,177,1,FALSE,FALSE
682,36,784,969,774,784,969,774,784,969,774,185,-10,185,10,FALSE,FALSE
682,37,735,909,702,735,909,702,735,909,702,174,-33,174,33,FALSE,FALSE
682,38,679,862,659,679,862,659,679,862,659,183,-20,183,20,FALSE,FALSE
682,39,624,809,599,624,809,599,624,809,599,185,-25,185,25,FALSE,FALSE
682,40,564,754,534,564,754,534,564,754,534,190,-30,190,30,FALSE,FALSE
682,41,516,717,475,516,717,475,516,717,475,201,-41,201,41,FALSE,FALSE
682,42,457,645,441,457,645,441,457,645,441,188,-16,188,16,FALSE,FALSE
682,43,426,601,419,426,601,419,426,601,419,175,-7,175,7,FALSE,FALSE
682,44,377,567,381,377,567,381,377,567,381,190,4,190,4,FALSE,FALSE
682,45,331,520,340,331,520,340,331,520,340,189,9,189,9,FALSE,FALSE
682,46,308,478,303,308,478,303,308,478,303,170,-5,170,5,FALSE,FALSE
682,47,280,427,274,280,427,274,280,427,274,147,-6,147,6,FALSE,FALSE
682,48,259,383,245,259,383,245,259,383,245,124,-14,124,14,FALSE,FALSE
682,49,219,340,209,219,340,209,219,340,209,121,-10,121,10,FALSE,FALSE
682,50,187,312,196,187,312,196,187,312,196,125,9,125,9,FALSE,FALSE
682,51,165,280,187,165,280,187,165,280,187,115,22,115,22,FALSE,FALSE
682,52,151,250,169,151,250,169,151,250,169,99,18,99,18,FALSE,FALSE
682,53,132,226,152,132,226,152,132,226,152,94,20,94,20,FALSE,FALSE
682,54,119,195,141,119,195,141,119,195,141,76,22,76,22,FALSE,FALSE
682,55,110,181,123,110,181,123,110,181,123,71,13,71,13,FALSE,FALSE
682,56,99,157,115,99,157,115,99,157,115,58,16,58,16,FALSE,FALSE
682,57,83,138,105,83,138,105,83,138,105,55,22,55,22,FALSE,FALSE
682,58,68,125,92,68,125,92,68,125,92,57,24,57,24,FALSE,FALSE
682,59,63,113,77,63,113,77,63,113,77,50,14,50,14,FALSE,FALSE
682,60,55,103,72,55,103,72,55,103,72,48,17,48,17,FALSE,FALSE
683,0,73,73,73,73,73,73,73,73,73,0,0,0,0,TRUE,TRUE
683,1,126,114,106,126,114,106,126,114,106,-12,-20,12,20,FALSE,FALSE
683,2,224,177,151,224,177,151,224,177,151,-47,-73,47,73,FALSE,FALSE
683,3,382,264,237,382,264,237,382,264,237,-118,-145,118,145,FALSE,FALSE
683,4,595,406,369,595,406,369,595,406,369,-189,-226,189,226,FALSE,FALSE
683,5,915,597,573,915,597,573,915,597,573,-318,-342,318,342,FALSE,FALSE
683,6,1301,900,832,1301,900,832,1301,900,832,-401,-469,401,469,FALSE,FALSE
683,7,1662,1217,1184,1662,1217,1184,1662,1217,1184,-445,-478,445,478,FALSE,FALSE
683,8,2013,1563,1572,2013,1563,1572,2013,1563,1572,-450,-441,450,441,FALSE,FALSE
683,9,2306,1910,1952,2306,1910,1952,2306,1910,1952,-396,-354,396,354,FALSE,FALSE
683,10,2426,2180,2218,2426,2180,2218,2426,2180,2218,-246,-208,246,208,FALSE,FALSE
683,11,2378,2301,2332,2378,2301,2332,2378,2301,2332,-77,-46,77,46,FALSE,FALSE
683,12,2242,2304,2344,2242,2304,2344,2242,2304,2344,62,102,62,102,FALSE,FALSE
683,13,2049,2203,2202,2049,2203,2202,2049,2203,2202,154,153,154,153,FALSE,FALSE
683,14,1819,2038,2012,1819,2038,2012,1819,2038,2012,219,193,219,193,FALSE,FALSE
683,15,1584,1864,1799,1584,1864,1799,1584,1864,1799,280,215,280,215,FALSE,FALSE
683,16,1386,1631,1582,1386,1631,1582,1386,1631,1582,245,196,245,196,FALSE,FALSE
683,17,1161,1411,1361,1161,1411,1361,1161,1411,1361,250,200,250,200,FALSE,FALSE
683,18,965,1207,1179,965,1207,1179,965,1207,1179,242,214,242,214,FALSE,FALSE
683,19,810,1007,1003,810,1007,1003,810,1007,1003,197,193,197,193,FALSE,FALSE
683,20,668,869,845,668,869,845,668,869,845,201,177,201,177,FALSE,FALSE
683,21,585,748,706,585,748,706,585,748,706,163,121,163,121,FALSE,FALSE
683,22,485,645,598,485,645,598,485,645,598,160,113,160,113,FALSE,FALSE
683,23,425,526,488,425,526,488,425,526,488,101,63,101,63,FALSE,FALSE
683,24,345,447,398,345,447,398,345,447,398,102,53,102,53,FALSE,FALSE
683,25,280,364,330,280,364,330,280,364,330,84,50,84,50,FALSE,FALSE
683,26,228,297,279,228,297,279,228,297,279,69,51,69,51,FALSE,FALSE
683,27,201,259,245,201,259,245,201,259,245,58,44,58,44,FALSE,FALSE
683,28,171,215,204,171,215,204,171,215,204,44,33,44,33,FALSE,FALSE
683,29,143,182,173,143,182,173,143,182,173,39,30,39,30,FALSE,FALSE
683,30,126,147,147,126,147,147,126,147,147,21,21,21,21,FALSE,FALSE
683,31,109,119,123,109,119,123,109,119,123,10,14,10,14,FALSE,FALSE
683,32,85,104,97,85,104,97,85,104,97,19,12,19,12,FALSE,FALSE
683,33,77,86,85,77,86,85,77,86,85,9,8,9,8,FALSE,FALSE
683,34,67,73,69,67,73,69,67,73,69,6,2,6,2,FALSE,FALSE
683,35,53,60,59,53,60,59,53,60,59,7,6,7,6,FALSE,FALSE
683,36,43,51,51,43,51,51,43,51,51,8,8,8,8,FALSE,FALSE
683,37,41,44,45,41,44,45,41,44,45,3,4,3,4,FALSE,FALSE
683,38,35,36,41,35,36,41,35,36,41,1,6,1,6,FALSE,FALSE
683,39,29,29,35,29,29,35,29,29,35,0,6,0,6,TRUE,FALSE
683,40,23,23,26,23,23,26,23,23,26,0,3,0,3,TRUE,FALSE
683,41,20,19,18,20,19,18,20,19,18,-1,-2,1,2,FALSE,FALSE
683,42,19,17,15,19,17,15,19,17,15,-2,-4,2,4,FALSE,FALSE
683,43,15,17,11,15,17,11,15,17,11,2,-4,2,4,FALSE,FALSE
683,44,12,14,8,12,14,8,12,14,8,2,-4,2,4,FALSE,FALSE
683,45,10,13,6,10,13,6,10,13,6,3,-4,3,4,FALSE,FALSE
683,46,8,12,5,8,12,5,8,12,5,4,-3,4,3,FALSE,FALSE
683,47,6,7,3,6,7,3,6,7,3,1,-3,1,3,FALSE,FALSE
683,48,5,6,3,5,6,3,5,6,3,1,-2,1,2,FALSE,FALSE
683,49,4,3,3,4,3,3,4,3,3,-1,-1,1,1,FALSE,FALSE
683,50,3,2,2,3,2,2,3,2,2,-1,-1,1,1,FALSE,FALSE
683,51,1,2,2,1,2,2,1,2,2,1,1,1,1,FALSE,FALSE
683,52,1,1,2,1,1,2,1,1,2,0,1,0,1,TRUE,FALSE
683,53,1,1,2,1,1,2,1,1,2,0,1,0,1,TRUE,FALSE
683,54,1,1,0,1,1,0,1,1,0,0,-1,0,1,TRUE,FALSE
683,55,0,1,0,0,1,0,0,1,0,1,0,1,0,FALSE,TRUE
683,56,0,1,0,0,1,0,0,1,0,1,0,1,0,FALSE,TRUE
683,57,0,1,0,0,1,0,0,1,0,1,0,1,0,FALSE,TRUE
683,58,0,0,0,0,0,0,0,0,0,0,0,0,0,TRUE,TRUE
683,59,0,0,0,0,0,0,0,0,0,0,0,0,0,TRUE,TRUE
683,60,0,0,0,0,0,0,0,0,0,0,0,0,0,TRUE,TRUE
684,0,57,57,57,57,57,57,57,57,57,0,0,0,0,TRUE,TRUE
684,1,83,77,81,83,77,81,83,77,81,-6,-2,6,2,FALSE,FALSE
684,2,105,101,108,105,101,108,105,101,108,-4,3,4,3,FALSE,FALSE
684,3,146,141,142,146,141,142,146,141,142,-5,-4,5,4,FALSE,FALSE
684,4,189,187,193,189,187,193,189,187,193,-2,4,2,4,FALSE,FALSE
684,5,251,222,241,251,222,241,251,222,241,-29,-10,29,10,FALSE,FALSE
684,6,342,306,335,342,306,335,342,306,335,-36,-7,36,7,FALSE,FALSE
684,7,443,408,425,443,408,425,443,408,425,-35,-18,35,18,FALSE,FALSE
684,8,565,530,536,565,530,536,565,530,536,-35,-29,35,29,FALSE,FALSE
684,9,723,668,697,723,668,697,723,668,697,-55,-26,55,26,FALSE,FALSE
684,10,886,831,858,886,831,858,886,831,858,-55,-28,55,28,FALSE,FALSE
684,11,1071,1041,1053,1071,1041,1053,1071,1041,1053,-30,-18,30,18,FALSE,FALSE
684,12,1327,1242,1252,1327,1242,1252,1327,1242,1252,-85,-75,85,75,FALSE,FALSE
684,13,1563,1472,1483,1563,1472,1483,1563,1472,1483,-91,-80,91,80,FALSE,FALSE
684,14,1768,1700,1686,1768,1700,1686,1768,1700,1686,-68,-82,68,82,FALSE,FALSE
684,15,1934,1883,1849,1934,1883,1849,1934,1883,1849,-51,-85,51,85,FALSE,FALSE
684,16,1994,2010,1994,1994,2010,1994,1994,2010,1994,16,0,16,0,FALSE,TRUE
684,17,2055,2092,2125,2055,2092,2125,2055,2092,2125,37,70,37,70,FALSE,FALSE
684,18,2047,2125,2159,2047,2125,2159,2047,2125,2159,78,112,78,112,FALSE,FALSE
684,19,2039,2101,2135,2039,2101,2135,2039,2101,2135,62,96,62,96,FALSE,FALSE
684,20,1979,2042,2053,1979,2042,2053,1979,2042,2053,63,74,63,74,FALSE,FALSE
684,21,1916,1936,1941,1916,1936,1941,1916,1936,1941,20,25,20,25,FALSE,FALSE
684,22,1808,1812,1877,1808,1812,1877,1808,1812,1877,4,69,4,69,FALSE,FALSE
684,23,1671,1689,1733,1671,1689,1733,1671,1689,1733,18,62,18,62,FALSE,FALSE
684,24,1520,1587,1611,1520,1587,1611,1520,1587,1611,67,91,67,91,FALSE,FALSE
684,25,1392,1455,1476,1392,1455,1476,1392,1455,1476,63,84,63,84,FALSE,FALSE
684,26,1288,1306,1366,1288,1306,1366,1288,1306,1366,18,78,18,78,FALSE,FALSE
684,27,1186,1196,1237,1186,1196,1237,1186,1196,1237,10,51,10,51,FALSE,FALSE
684,28,1071,1084,1091,1071,1084,1091,1071,1084,1091,13,20,13,20,FALSE,FALSE
684,29,978,1003,974,978,1003,974,978,1003,974,25,-4,25,4,FALSE,FALSE
684,30,880,914,890,880,914,890,880,914,890,34,10,34,10,FALSE,FALSE
684,31,795,813,807,795,813,807,795,813,807,18,12,18,12,FALSE,FALSE
684,32,720,722,711,720,722,711,720,722,711,2,-9,2,9,FALSE,FALSE
684,33,637,648,636,637,648,636,637,648,636,11,-1,11,1,FALSE,FALSE
684,34,580,568,570,580,568,570,580,568,570,-12,-10,12,10,FALSE,FALSE
684,35,520,509,521,520,509,521,520,509,521,-11,1,11,1,FALSE,FALSE
684,36,463,451,465,463,451,465,463,451,465,-12,2,12,2,FALSE,FALSE
684,37,417,397,404,417,397,404,417,397,404,-20,-13,20,13,FALSE,FALSE
684,38,384,354,362,384,354,362,384,354,362,-30,-22,30,22,FALSE,FALSE
684,39,340,316,322,340,316,322,340,316,322,-24,-18,24,18,FALSE,FALSE
684,40,305,273,295,305,273,295,305,273,295,-32,-10,32,10,FALSE,FALSE
684,41,266,226,262,266,226,262,266,226,262,-40,-4,40,4,FALSE,FALSE
684,42,233,190,235,233,190,235,233,190,235,-43,2,43,2,FALSE,FALSE
684,43,197,175,215,197,175,215,197,175,215,-22,18,22,18,FALSE,FALSE
684,44,172,155,188,172,155,188,172,155,188,-17,16,17,16,FALSE,FALSE
684,45,142,139,168,142,139,168,142,139,168,-3,26,3,26,FALSE,FALSE
684,46,124,120,158,124,120,158,124,120,158,-4,34,4,34,FALSE,FALSE
684,47,108,110,142,108,110,142,108,110,142,2,34,2,34,FALSE,FALSE
684,48,100,107,126,100,107,126,100,107,126,7,26,7,26,FALSE,FALSE
684,49,84,93,108,84,93,108,84,93,108,9,24,9,24,FALSE,FALSE
684,50,74,80,94,74,80,94,74,80,94,6,20,6,20,FALSE,FALSE
684,51,68,71,83,68,71,83,68,71,83,3,15,3,15,FALSE,FALSE
684,52,58,66,75,58,66,75,58,66,75,8,17,8,17,FALSE,FALSE
684,53,50,52,63,50,52,63,50,52,63,2,13,2,13,FALSE,FALSE
684,54,44,48,52,44,48,52,44,48,52,4,8,4,8,FALSE,FALSE
684,55,42,45,41,42,45,41,42,45,41,3,-1,3,1,FALSE,FALSE
684,56,37,42,37,37,42,37,37,42,37,5,0,5,0,FALSE,TRUE
684,57,33,37,34,33,37,34,33,37,34,4,1,4,1,FALSE,FALSE
684,58,29,32,31,29,32,31,29,32,31,3,2,3,2,FALSE,FALSE
684,59,23,26,23,23,26,23,23,26,23,3,0,3,0,FALSE,TRUE
684,60,18,23,17,18,23,17,18,23,17,5,-1,5,1,FALSE,FALSE
685,0,69,69,69,69,69,69,69,69,69,0,0,0,0,TRUE,TRUE
685,1,96,101,110,96,101,110,96,101,110,5,14,5,14,FALSE,FALSE
685,2,131,143,141,131,143,141,131,143,141,12,10,12,10,FALSE,FALSE
685,3,182,214,199,182,214,199,182,214,199,32,17,32,17,FALSE,FALSE
685,4,252,311,284,252,311,284,252,311,284,59,32,59,32,FALSE,FALSE
685,5,347,413,400,347,413,400,347,413,400,66,53,66,53,FALSE,FALSE
685,6,454,577,562,454,577,562,454,577,562,123,108,123,108,FALSE,FALSE
685,7,610,756,748,610,756,748,610,756,748,146,138,146,138,FALSE,FALSE
685,8,821,1044,995,821,1044,995,821,1044,995,223,174,223,174,FALSE,FALSE
685,9,1074,1375,1256,1074,1375,1256,1074,1375,1256,301,182,301,182,FALSE,FALSE
685,10,1374,1741,1654,1374,1741,1654,1374,1741,1654,367,280,367,280,FALSE,FALSE
685,11,1694,2153,1992,1694,2153,1992,1694,2153,1992,459,298,459,298,FALSE,FALSE
685,12,2071,2499,2264,2071,2499,2264,2071,2499,2264,428,193,428,193,FALSE,FALSE
685,13,2362,2800,2540,2362,2800,2540,2362,2800,2540,438,178,438,178,FALSE,FALSE
685,14,2596,2925,2777,2596,2925,2777,2596,2925,2777,329,181,329,181,FALSE,FALSE
685,15,2731,3019,2871,2731,3019,2871,2731,3019,2871,288,140,288,140,FALSE,FALSE
685,16,2808,2965,2863,2808,2965,2863,2808,2965,2863,157,55,157,55,FALSE,FALSE
685,17,2770,2805,2810,2770,2805,2810,2770,2805,2810,35,40,35,40,FALSE,FALSE
685,18,2668,2646,2648,2668,2646,2648,2668,2646,2648,-22,-20,22,20,FALSE,FALSE
685,19,2520,2473,2411,2520,2473,2411,2520,2473,2411,-47,-109,47,109,FALSE,FALSE
685,20,2334,2220,2168,2334,2220,2168,2334,2220,2168,-114,-166,114,166,FALSE,FALSE
685,21,2082,2004,1944,2082,2004,1944,2082,2004,1944,-78,-138,78,138,FALSE,FALSE
685,22,1898,1794,1763,1898,1794,1763,1898,1794,1763,-104,-135,104,135,FALSE,FALSE
685,23,1685,1601,1544,1685,1601,1544,1685,1601,1544,-84,-141,84,141,FALSE,FALSE
685,24,1482,1399,1347,1482,1399,1347,1482,1399,1347,-83,-135,83,135,FALSE,FALSE
685,25,1281,1220,1163,1281,1220,1163,1281,1220,1163,-61,-118,61,118,FALSE,FALSE
685,26,1128,1055,1001,1128,1055,1001,1128,1055,1001,-73,-127,73,127,FALSE,FALSE
685,27,998,898,866,998,898,866,998,898,866,-100,-132,100,132,FALSE,FALSE
685,28,866,759,752,866,759,752,866,759,752,-107,-114,107,114,FALSE,FALSE
685,29,760,671,658,760,671,658,760,671,658,-89,-102,89,102,FALSE,FALSE
685,30,654,569,593,654,569,593,654,569,593,-85,-61,85,61,FALSE,FALSE
685,31,568,484,520,568,484,520,568,484,520,-84,-48,84,48,FALSE,FALSE
685,32,511,420,460,511,420,460,511,420,460,-91,-51,91,51,FALSE,FALSE
685,33,445,364,402,445,364,402,445,364,402,-81,-43,81,43,FALSE,FALSE
685,34,388,310,341,388,310,341,388,310,341,-78,-47,78,47,FALSE,FALSE
685,35,337,274,300,337,274,300,337,274,300,-63,-37,63,37,FALSE,FALSE
685,36,274,230,262,274,230,262,274,230,262,-44,-12,44,12,FALSE,FALSE
685,37,233,204,217,233,204,217,233,204,217,-29,-16,29,16,FALSE,FALSE
685,38,203,178,188,203,178,188,203,178,188,-25,-15,25,15,FALSE,FALSE
685,39,169,155,157,169,155,157,169,155,157,-14,-12,14,12,FALSE,FALSE
685,40,151,140,134,151,140,134,151,140,134,-11,-17,11,17,FALSE,FALSE
685,41,128,129,114,128,129,114,128,129,114,1,-14,1,14,FALSE,FALSE
685,42,105,116,92,105,116,92,105,116,92,11,-13,11,13,FALSE,FALSE
685,43,93,99,73,93,99,73,93,99,73,6,-20,6,20,FALSE,FALSE
685,44,85,89,63,85,89,63,85,89,63,4,-22,4,22,FALSE,FALSE
685,45,79,73,59,79,73,59,79,73,59,-6,-20,6,20,FALSE,FALSE
685,46,68,64,48,68,64,48,68,64,48,-4,-20,4,20,FALSE,FALSE
685,47,63,56,40,63,56,40,63,56,40,-7,-23,7,23,FALSE,FALSE
685,48,53,51,36,53,51,36,53,51,36,-2,-17,2,17,FALSE,FALSE
685,49,44,45,30,44,45,30,44,45,30,1,-14,1,14,FALSE,FALSE
685,50,39,39,26,39,39,26,39,39,26,0,-13,0,13,TRUE,FALSE
685,51,34,31,22,34,31,22,34,31,22,-3,-12,3,12,FALSE,FALSE
685,52,29,28,15,29,28,15,29,28,15,-1,-14,1,14,FALSE,FALSE
685,53,28,25,10,28,25,10,28,25,10,-3,-18,3,18,FALSE,FALSE
685,54,23,24,7,23,24,7,23,24,7,1,-16,1,16,FALSE,FALSE
685,55,21,21,7,21,21,7,21,21,7,0,-14,0,14,TRUE,FALSE
685,56,19,20,7,19,20,7,19,20,7,1,-12,1,12,FALSE,FALSE
685,57,17,16,5,17,16,5,17,16,5,-1,-12,1,12,FALSE,FALSE
685,58,14,14,4,14,14,4,14,14,4,0,-10,0,10,TRUE,FALSE
685,59,13,14,5,13,14,5,13,14,5,1,-8,1,8,FALSE,FALSE
685,60,7,11,5,7,11,5,7,11,5,4,-2,4,2,FALSE,FALSE
686,0,111,111,111,111,111,111,111,111,111,0,0,0,0,TRUE,TRUE
686,1,148,139,138,148,139,138,148,139,138,-9,-10,9,10,FALSE,FALSE
686,2,206,187,195,206,187,195,206,187,195,-19,-11,19,11,FALSE,FALSE
686,3,286,239,261,286,239,261,286,239,261,-47,-25,47,25,FALSE,FALSE
686,4,363,302,344,363,302,344,363,302,344,-61,-19,61,19,FALSE,FALSE
686,5,473,379,450,473,379,450,473,379,450,-94,-23,94,23,FALSE,FALSE
686,6,607,438,571,607,438,571,607,438,571,-169,-36,169,36,FALSE,FALSE
686,7,752,549,701,752,549,701,752,549,701,-203,-51,203,51,FALSE,FALSE
686,8,968,682,863,968,682,863,968,682,863,-286,-105,286,105,FALSE,FALSE
686,9,1204,834,1041,1204,834,1041,1204,834,1041,-370,-163,370,163,FALSE,FALSE
686,10,1480,1008,1277,1480,1008,1277,1480,1008,1277,-472,-203,472,203,FALSE,FALSE
686,11,1787,1218,1545,1787,1218,1545,1787,1218,1545,-569,-242,569,242,FALSE,FALSE
686,12,2096,1405,1761,2096,1405,1761,2096,1405,1761,-691,-335,691,335,FALSE,FALSE
686,13,2329,1635,2042,2329,1635,2042,2329,1635,2042,-694,-287,694,287,FALSE,FALSE
686,14,2520,1797,2305,2520,1797,2305,2520,1797,2305,-723,-215,723,215,FALSE,FALSE
686,15,2744,2007,2517,2744,2007,2517,2744,2007,2517,-737,-227,737,227,FALSE,FALSE
686,16,2794,2178,2666,2794,2178,2666,2794,2178,2666,-616,-128,616,128,FALSE,FALSE
686,17,2757,2318,2744,2757,2318,2744,2757,2318,2744,-439,-13,439,13,FALSE,FALSE
686,18,2713,2432,2742,2713,2432,2742,2713,2432,2742,-281,29,281,29,FALSE,FALSE
686,19,2657,2455,2724,2657,2455,2724,2657,2455,2724,-202,67,202,67,FALSE,FALSE
686,20,2519,2441,2598,2519,2441,2598,2519,2441,2598,-78,79,78,79,FALSE,FALSE
686,21,2389,2413,2529,2389,2413,2529,2389,2413,2529,24,140,24,140,FALSE,FALSE
686,22,2211,2337,2417,2211,2337,2417,2211,2337,2417,126,206,126,206,FALSE,FALSE
686,23,2054,2270,2260,2054,2270,2260,2054,2270,2260,216,206,216,206,FALSE,FALSE
686,24,1912,2172,2095,1912,2172,2095,1912,2172,2095,260,183,260,183,FALSE,FALSE
686,25,1759,2092,1920,1759,2092,1920,1759,2092,1920,333,161,333,161,FALSE,FALSE
686,26,1606,1972,1757,1606,1972,1757,1606,1972,1757,366,151,366,151,FALSE,FALSE
686,27,1479,1818,1594,1479,1818,1594,1479,1818,1594,339,115,339,115,FALSE,FALSE
686,28,1331,1675,1478,1331,1675,1478,1331,1675,1478,344,147,344,147,FALSE,FALSE
686,29,1198,1561,1332,1198,1561,1332,1198,1561,1332,363,134,363,134,FALSE,FALSE
686,30,1065,1452,1201,1065,1452,1201,1065,1452,1201,387,136,387,136,FALSE,FALSE
686,31,980,1310,1079,980,1310,1079,980,1310,1079,330,99,330,99,FALSE,FALSE
686,32,882,1191,967,882,1191,967,882,1191,967,309,85,309,85,FALSE,FALSE
686,33,778,1080,859,778,1080,859,778,1080,859,302,81,302,81,FALSE,FALSE
686,34,702,990,777,702,990,777,702,990,777,288,75,288,75,FALSE,FALSE
686,35,634,874,688,634,874,688,634,874,688,240,54,240,54,FALSE,FALSE
686,36,572,800,623,572,800,623,572,800,623,228,51,228,51,FALSE,FALSE
686,37,508,718,550,508,718,550,508,718,550,210,42,210,42,FALSE,FALSE
686,38,471,639,472,471,639,472,471,639,472,168,1,168,1,FALSE,FALSE
686,39,416,590,417,416,590,417,416,590,417,174,1,174,1,FALSE,FALSE
686,40,369,527,368,369,527,368,369,527,368,158,-1,158,1,FALSE,FALSE
686,41,335,478,333,335,478,333,335,478,333,143,-2,143,2,FALSE,FALSE
686,42,300,445,311,300,445,311,300,445,311,145,11,145,11,FALSE,FALSE
686,43,277,399,275,277,399,275,277,399,275,122,-2,122,2,FALSE,FALSE
686,44,246,336,233,246,336,233,246,336,233,90,-13,90,13,FALSE,FALSE
686,45,214,300,219,214,300,219,214,300,219,86,5,86,5,FALSE,FALSE
686,46,190,261,193,190,261,193,190,261,193,71,3,71,3,FALSE,FALSE
686,47,174,238,169,174,238,169,174,238,169,64,-5,64,5,FALSE,FALSE
686,48,157,208,149,157,208,149,157,208,149,51,-8,51,8,FALSE,FALSE
686,49,146,184,131,146,184,131,146,184,131,38,-15,38,15,FALSE,FALSE
686,50,140,169,119,140,169,119,140,169,119,29,-21,29,21,FALSE,FALSE
686,51,125,144,100,125,144,100,125,144,100,19,-25,19,25,FALSE,FALSE
686,52,108,131,96,108,131,96,108,131,96,23,-12,23,12,FALSE,FALSE
686,53,97,126,92,97,126,92,97,126,92,29,-5,29,5,FALSE,FALSE
686,54,90,119,79,90,119,79,90,119,79,29,-11,29,11,FALSE,FALSE
686,55,86,102,69,86,102,69,86,102,69,16,-17,16,17,FALSE,FALSE
686,56,80,93,61,80,93,61,80,93,61,13,-19,13,19,FALSE,FALSE
686,57,68,84,57,68,84,57,68,84,57,16,-11,16,11,FALSE,FALSE
686,58,62,74,56,62,74,56,62,74,56,12,-6,12,6,FALSE,FALSE
686,59,56,69,52,56,69,52,56,69,52,13,-4,13,4,FALSE,FALSE
686,60,47,63,46,47,63,46,47,63,46,16,-1,16,1,FALSE,FALSE
687,0,128,128,128,128,128,128,128,128,128,0,0,0,0,TRUE,TRUE
687,1,158,164,161,158,164,161,158,164,161,6,3,6,3,FALSE,FALSE
687,2,183,201,193,183,201,193,183,201,193,18,10,18,10,FALSE,FALSE
687,3,209,254,232,209,254,232,209,254,232,45,23,45,23,FALSE,FALSE
687,4,262,302,296,262,302,296,262,302,296,40,34,40,34,FALSE,FALSE
687,5,329,369,361,329,369,361,329,369,361,40,32,40,32,FALSE,FALSE
687,6,424,426,454,424,426,454,424,426,454,2,30,2,30,FALSE,FALSE
687,7,537,511,562,537,511,562,537,511,562,-26,25,26,25,FALSE,FALSE
687,8,642,601,688,642,601,688,642,601,688,-41,46,41,46,FALSE,FALSE
687,9,781,703,839,781,703,839,781,703,839,-78,58,78,58,FALSE,FALSE
687,10,914,846,948,914,846,948,914,846,948,-68,34,68,34,FALSE,FALSE
687,11,1056,1005,1103,1056,1005,1103,1056,1005,1103,-51,47,51,47,FALSE,FALSE
687,12,1225,1141,1287,1225,1141,1287,1225,1141,1287,-84,62,84,62,FALSE,FALSE
687,13,1405,1283,1482,1405,1283,1482,1405,1283,1482,-122,77,122,77,FALSE,FALSE
687,14,1595,1429,1684,1595,1429,1684,1595,1429,1684,-166,89,166,89,FALSE,FALSE
687,15,1822,1616,1901,1822,1616,1901,1822,1616,1901,-206,79,206,79,FALSE,FALSE
687,16,2002,1786,2123,2002,1786,2123,2002,1786,2123,-216,121,216,121,FALSE,FALSE
687,17,2223,1980,2302,2223,1980,2302,2223,1980,2302,-243,79,243,79,FALSE,FALSE
687,18,2454,2156,2481,2454,2156,2481,2454,2156,2481,-298,27,298,27,FALSE,FALSE
687,19,2626,2323,2648,2626,2323,2648,2626,2323,2648,-303,22,303,22,FALSE,FALSE
687,20,2767,2468,2760,2767,2468,2760,2767,2468,2760,-299,-7,299,7,FALSE,FALSE
687,21,2867,2597,2838,2867,2597,2838,2867,2597,2838,-270,-29,270,29,FALSE,FALSE
687,22,2922,2676,2895,2922,2676,2895,2922,2676,2895,-246,-27,246,27,FALSE,FALSE
687,23,2947,2743,2898,2947,2743,2898,2947,2743,2898,-204,-49,204,49,FALSE,FALSE
687,24,2964,2798,2943,2964,2798,2943,2964,2798,2943,-166,-21,166,21,FALSE,FALSE
687,25,2950,2800,2918,2950,2800,2918,2950,2800,2918,-150,-32,150,32,FALSE,FALSE
687,26,2906,2777,2872,2906,2777,2872,2906,2777,2872,-129,-34,129,34,FALSE,FALSE
687,27,2859,2731,2825,2859,2731,2825,2859,2731,2825,-128,-34,128,34,FALSE,FALSE
687,28,2787,2710,2739,2787,2710,2739,2787,2710,2739,-77,-48,77,48,FALSE,FALSE
687,29,2709,2620,2679,2709,2620,2679,2709,2620,2679,-89,-30,89,30,FALSE,FALSE
687,30,2610,2515,2586,2610,2515,2586,2610,2515,2586,-95,-24,95,24,FALSE,FALSE
687,31,2519,2442,2472,2519,2442,2472,2519,2442,2472,-77,-47,77,47,FALSE,FALSE
687,32,2425,2368,2360,2425,2368,2360,2425,2368,2360,-57,-65,57,65,FALSE,FALSE
687,33,2330,2265,2228,2330,2265,2228,2330,2265,2228,-65,-102,65,102,FALSE,FALSE
687,34,2237,2178,2140,2237,2178,2140,2237,2178,2140,-59,-97,59,97,FALSE,FALSE
687,35,2125,2070,2021,2125,2070,2021,2125,2070,2021,-55,-104,55,104,FALSE,FALSE
687,36,2039,1983,1912,2039,1983,1912,2039,1983,1912,-56,-127,56,127,FALSE,FALSE
687,37,1912,1902,1809,1912,1902,1809,1912,1902,1809,-10,-103,10,103,FALSE,FALSE
687,38,1809,1809,1711,1809,1809,1711,1809,1809,1711,0,-98,0,98,TRUE,FALSE
687,39,1681,1690,1583,1681,1690,1583,1681,1690,1583,9,-98,9,98,FALSE,FALSE
687,40,1587,1618,1498,1587,1618,1498,1587,1618,1498,31,-89,31,89,FALSE,FALSE
687,41,1502,1514,1404,1502,1514,1404,1502,1514,1404,12,-98,12,98,FALSE,FALSE
687,42,1405,1435,1332,1405,1435,1332,1405,1435,1332,30,-73,30,73,FALSE,FALSE
687,43,1316,1338,1259,1316,1338,1259,1316,1338,1259,22,-57,22,57,FALSE,FALSE
687,44,1227,1280,1189,1227,1280,1189,1227,1280,1189,53,-38,53,38,FALSE,FALSE
687,45,1146,1212,1124,1146,1212,1124,1146,1212,1124,66,-22,66,22,FALSE,FALSE
687,46,1082,1165,1060,1082,1165,1060,1082,1165,1060,83,-22,83,22,FALSE,FALSE
687,47,1009,1090,990,1009,1090,990,1009,1090,990,81,-19,81,19,FALSE,FALSE
687,48,941,1017,914,941,1017,914,941,1017,914,76,-27,76,27,FALSE,FALSE
687,49,874,962,858,874,962,858,874,962,858,88,-16,88,16,FALSE,FALSE
687,50,810,889,813,810,889,813,810,889,813,79,3,79,3,FALSE,FALSE
687,51,766,849,768,766,849,768,766,849,768,83,2,83,2,FALSE,FALSE
687,52,714,789,727,714,789,727,714,789,727,75,13,75,13,FALSE,FALSE
687,53,675,749,688,675,749,688,675,749,688,74,13,74,13,FALSE,FALSE
687,54,631,689,643,631,689,643,631,689,643,58,12,58,12,FALSE,FALSE
687,55,592,647,601,592,647,601,592,647,601,55,9,55,9,FALSE,FALSE
687,56,552,600,558,552,600,558,552,600,558,48,6,48,6,FALSE,FALSE
687,57,524,573,519,524,573,519,524,573,519,49,-5,49,5,FALSE,FALSE
687,58,494,545,484,494,545,484,494,545,484,51,-10,51,10,FALSE,FALSE
687,59,459,514,454,459,514,454,459,514,454,55,-5,55,5,FALSE,FALSE
687,60,435,489,422,435,489,422,435,489,422,54,-13,54,13,FALSE,FALSE
688,0,83,83,83,83,83,83,83,83,83,0,0,0,0,TRUE,TRUE
688,1,98,108,101,98,108,101,98,108,101,10,3,10,3,FALSE,FALSE
688,2,131,137,118,131,137,118,131,137,118,6,-13,6,13,FALSE,FALSE
688,3,169,188,153,169,188,153,169,188,153,19,-16,19,16,FALSE,FALSE
688,4,201,229,166,201,229,166,201,229,166,28,-35,28,35,FALSE,FALSE
688,5,255,270,212,255,270,212,255,270,212,15,-43,15,43,FALSE,FALSE
688,6,332,314,258,332,314,258,332,314,258,-18,-74,18,74,FALSE,FALSE
688,7,410,372,286,410,372,286,410,372,286,-38,-124,38,124,FALSE,FALSE
688,8,505,469,341,505,469,341,505,469,341,-36,-164,36,164,FALSE,FALSE
688,9,583,538,417,583,538,417,583,538,417,-45,-166,45,166,FALSE,FALSE
688,10,664,631,493,664,631,493,664,631,493,-33,-171,33,171,FALSE,FALSE
688,11,734,698,535,734,698,535,734,698,535,-36,-199,36,199,FALSE,FALSE
688,12,822,762,596,822,762,596,822,762,596,-60,-226,60,226,FALSE,FALSE
688,13,901,862,703,901,862,703,901,862,703,-39,-198,39,198,FALSE,FALSE
688,14,976,943,764,976,943,764,976,943,764,-33,-212,33,212,FALSE,FALSE
688,15,1048,1016,844,1048,1016,844,1048,1016,844,-32,-204,32,204,FALSE,FALSE
688,16,1094,1087,900,1094,1087,900,1094,1087,900,-7,-194,7,194,FALSE,FALSE
688,17,1107,1146,978,1107,1146,978,1107,1146,978,39,-129,39,129,FALSE,FALSE
688,18,1089,1192,985,1089,1192,985,1089,1192,985,103,-104,103,104,FALSE,FALSE
688,19,1075,1184,1011,1075,1184,1011,1075,1184,1011,109,-64,109,64,FALSE,FALSE
688,20,1034,1142,996,1034,1142,996,1034,1142,996,108,-38,108,38,FALSE,FALSE
688,21,994,1097,966,994,1097,966,994,1097,966,103,-28,103,28,FALSE,FALSE
688,22,923,1055,976,923,1055,976,923,1055,976,132,53,132,53,FALSE,FALSE
688,23,896,988,958,896,988,958,896,988,958,92,62,92,62,FALSE,FALSE
688,24,818,902,912,818,902,912,818,902,912,84,94,84,94,FALSE,FALSE
688,25,731,841,854,731,841,854,731,841,854,110,123,110,123,FALSE,FALSE
688,26,676,770,809,676,770,809,676,770,809,94,133,94,133,FALSE,FALSE
688,27,604,698,738,604,698,738,604,698,738,94,134,94,134,FALSE,FALSE
688,28,509,650,659,509,650,659,509,650,659,141,150,141,150,FALSE,FALSE
688,29,457,580,606,457,580,606,457,580,606,123,149,123,149,FALSE,FALSE
688,30,392,509,532,392,509,532,392,509,532,117,140,117,140,FALSE,FALSE
688,31,342,463,481,342,463,481,342,463,481,121,139,121,139,FALSE,FALSE
688,32,312,400,407,312,400,407,312,400,407,88,95,88,95,FALSE,FALSE
688,33,268,362,358,268,362,358,268,362,358,94,90,94,90,FALSE,FALSE
688,34,227,307,327,227,307,327,227,307,327,80,100,80,100,FALSE,FALSE
688,35,200,257,296,200,257,296,200,257,296,57,96,57,96,FALSE,FALSE
688,36,174,220,260,174,220,260,174,220,260,46,86,46,86,FALSE,FALSE
688,37,152,178,216,152,178,216,152,178,216,26,64,26,64,FALSE,FALSE
688,38,130,145,190,130,145,190,130,145,190,15,60,15,60,FALSE,FALSE
688,39,106,136,163,106,136,163,106,136,163,30,57,30,57,FALSE,FALSE
688,40,84,113,151,84,113,151,84,113,151,29,67,29,67,FALSE,FALSE
688,41,70,102,134,70,102,134,70,102,134,32,64,32,64,FALSE,FALSE
688,42,49,90,111,49,90,111,49,90,111,41,62,41,62,FALSE,FALSE
688,43,46,82,98,46,82,98,46,82,98,36,52,36,52,FALSE,FALSE
688,44,39,62,88,39,62,88,39,62,88,23,49,23,49,FALSE,FALSE
688,45,36,46,78,36,46,78,36,46,78,10,42,10,42,FALSE,FALSE
688,46,32,44,67,32,44,67,32,44,67,12,35,12,35,FALSE,FALSE
688,47,25,35,60,25,35,60,25,35,60,10,35,10,35,FALSE,FALSE
688,48,28,29,58,28,29,58,28,29,58,1,30,1,30,FALSE,FALSE
688,49,27,25,54,27,25,54,27,25,54,-2,27,2,27,FALSE,FALSE
688,50,19,22,48,19,22,48,19,22,48,3,29,3,29,FALSE,FALSE
688,51,18,23,42,18,23,42,18,23,42,5,24,5,24,FALSE,FALSE
688,52,12,20,34,12,20,34,12,20,34,8,22,8,22,FALSE,FALSE
688,53,8,19,29,8,19,29,8,19,29,11,21,11,21,FALSE,FALSE
688,54,8,16,23,8,16,23,8,16,23,8,15,8,15,FALSE,FALSE
688,55,6,11,21,6,11,21,6,11,21,5,15,5,15,FALSE,FALSE
688,56,5,10,22,5,10,22,5,10,22,5,17,5,17,FALSE,FALSE
688,57,4,9,19,4,9,19,4,9,19,5,15,5,15,FALSE,FALSE
688,58,3,6,21,3,6,21,3,6,21,3,18,3,18,FALSE,FALSE
688,59,2,6,17,2,6,17,2,6,17,4,15,4,15,FALSE,FALSE
688,60,1,6,11,1,6,11,1,6,11,5,10,5,10,FALSE,FALSE
689,0,167,167,167,167,167,167,167,167,167,0,0,0,0,TRUE,TRUE
689,1,227,206,216,227,206,216,227,206,216,-21,-11,21,11,FALSE,FALSE
689,2,300,244,260,300,244,260,300,244,260,-56,-40,56,40,FALSE,FALSE
689,3,355,312,323,355,312,323,355,312,323,-43,-32,43,32,FALSE,FALSE
689,4,423,403,393,423,403,393,423,403,393,-20,-30,20,30,FALSE,FALSE
689,5,524,487,501,524,487,501,524,487,501,-37,-23,37,23,FALSE,FALSE
689,6,623,615,582,623,615,582,623,615,582,-8,-41,8,41,FALSE,FALSE
689,7,776,746,710,776,746,710,776,746,710,-30,-66,30,66,FALSE,FALSE
689,8,929,927,877,929,927,877,929,927,877,-2,-52,2,52,FALSE,FALSE
689,9,1067,1080,998,1067,1080,998,1067,1080,998,13,-69,13,69,FALSE,FALSE
689,10,1225,1198,1165,1225,1198,1165,1225,1198,1165,-27,-60,27,60,FALSE,FALSE
689,11,1373,1314,1328,1373,1314,1328,1373,1314,1328,-59,-45,59,45,FALSE,FALSE
689,12,1511,1429,1447,1511,1429,1447,1511,1429,1447,-82,-64,82,64,FALSE,FALSE
689,13,1631,1552,1588,1631,1552,1588,1631,1552,1588,-79,-43,79,43,FALSE,FALSE
689,14,1721,1676,1698,1721,1676,1698,1721,1676,1698,-45,-23,45,23,FALSE,FALSE
689,15,1775,1765,1831,1775,1765,1831,1775,1765,1831,-10,56,10,56,FALSE,FALSE
689,16,1823,1819,1912,1823,1819,1912,1823,1819,1912,-4,89,4,89,FALSE,FALSE
689,17,1827,1820,1964,1827,1820,1964,1827,1820,1964,-7,137,7,137,FALSE,FALSE
689,18,1850,1859,1942,1850,1859,1942,1850,1859,1942,9,92,9,92,FALSE,FALSE
689,19,1842,1838,1912,1842,1838,1912,1842,1838,1912,-4,70,4,70,FALSE,FALSE
689,20,1766,1741,1850,1766,1741,1850,1766,1741,1850,-25,84,25,84,FALSE,FALSE
689,21,1681,1696,1707,1681,1696,1707,1681,1696,1707,15,26,15,26,FALSE,FALSE
689,22,1608,1621,1613,1608,1621,1613,1608,1621,1613,13,5,13,5,FALSE,FALSE
689,23,1494,1503,1489,1494,1503,1489,1494,1503,1489,9,-5,9,5,FALSE,FALSE
689,24,1341,1394,1369,1341,1394,1369,1341,1394,1369,53,28,53,28,FALSE,FALSE
689,25,1206,1245,1244,1206,1245,1244,1206,1245,1244,39,38,39,38,FALSE,FALSE
689,26,1114,1087,1149,1114,1087,1149,1114,1087,1149,-27,35,27,35,FALSE,FALSE
689,27,1027,992,1030,1027,992,1030,1027,992,1030,-35,3,35,3,FALSE,FALSE
689,28,939,903,906,939,903,906,939,903,906,-36,-33,36,33,FALSE,FALSE
689,29,852,797,808,852,797,808,852,797,808,-55,-44,55,44,FALSE,FALSE
689,30,766,703,700,766,703,700,766,703,700,-63,-66,63,66,FALSE,FALSE
689,31,697,630,616,697,630,616,697,630,616,-67,-81,67,81,FALSE,FALSE
689,32,613,565,545,613,565,545,613,565,545,-48,-68,48,68,FALSE,FALSE
689,33,543,507,497,543,507,497,543,507,497,-36,-46,36,46,FALSE,FALSE
689,34,490,472,453,490,472,453,490,472,453,-18,-37,18,37,FALSE,FALSE
689,35,425,411,376,425,411,376,425,411,376,-14,-49,14,49,FALSE,FALSE
689,36,381,365,342,381,365,342,381,365,342,-16,-39,16,39,FALSE,FALSE
689,37,333,322,302,333,322,302,333,322,302,-11,-31,11,31,FALSE,FALSE
689,38,285,286,259,285,286,259,285,286,259,1,-26,1,26,FALSE,FALSE
689,39,246,258,238,246,258,238,246,258,238,12,-8,12,8,FALSE,FALSE
689,40,224,233,209,224,233,209,224,233,209,9,-15,9,15,FALSE,FALSE
689,41,190,212,188,190,212,188,190,212,188,22,-2,22,2,FALSE,FALSE
689,42,165,186,169,165,186,169,165,186,169,21,4,21,4,FALSE,FALSE
689,43,146,173,138,146,173,138,146,173,138,27,-8,27,8,FALSE,FALSE
689,44,134,153,120,134,153,120,134,153,120,19,-14,19,14,FALSE,FALSE
689,45,110,130,107,110,130,107,110,130,107,20,-3,20,3,FALSE,FALSE
689,46,93,122,96,93,122,96,93,122,96,29,3,29,3,FALSE,FALSE
689,47,77,104,79,77,104,79,77,104,79,27,2,27,2,FALSE,FALSE
689,48,66,83,63,66,83,63,66,83,63,17,-3,17,3,FALSE,FALSE
689,49,60,71,62,60,71,62,60,71,62,11,2,11,2,FALSE,FALSE
689,50,58,59,55,58,59,55,58,59,55,1,-3,1,3,FALSE,FALSE
689,51,46,57,51,46,57,51,46,57,51,11,5,11,5,FALSE,FALSE
689,52,38,49,45,38,49,45,38,49,45,11,7,11,7,FALSE,FALSE
689,53,35,41,35,35,41,35,35,41,35,6,0,6,0,FALSE,TRUE
689,54,30,30,32,30,30,32,30,30,32,0,2,0,2,TRUE,FALSE
689,55,27,32,26,27,32,26,27,32,26,5,-1,5,1,FALSE,FALSE
689,56,22,29,21,22,29,21,22,29,21,7,-1,7,1,FALSE,FALSE
689,57,22,23,20,22,23,20,22,23,20,1,-2,1,2,FALSE,FALSE
689,58,20,17,17,20,17,17,20,17,17,-3,-3,3,3,FALSE,FALSE
689,59,17,14,15,17,14,15,17,14,15,-3,-2,3,2,FALSE,FALSE
689,60,13,14,16,13,14,16,13,14,16,1,3,1,3,FALSE,FALSE
690,0,99,99,99,99,99,99,99,99,99,0,0,0,0,TRUE,TRUE
690,1,128,136,123,128,136,123,128,136,123,8,-5,8,5,FALSE,FALSE
690,2,170,170,153,170,170,153,170,170,153,0,-17,0,17,TRUE,FALSE
690,3,231,223,207,231,223,207,231,223,207,-8,-24,8,24,FALSE,FALSE
690,4,290,298,256,290,298,256,290,298,256,8,-34,8,34,FALSE,FALSE
690,5,385,361,336,385,361,336,385,361,336,-24,-49,24,49,FALSE,FALSE
690,6,483,443,412,483,443,412,483,443,412,-40,-71,40,71,FALSE,FALSE
690,7,588,552,536,588,552,536,588,552,536,-36,-52,36,52,FALSE,FALSE
690,8,722,705,660,722,705,660,722,705,660,-17,-62,17,62,FALSE,FALSE
690,9,886,893,794,886,893,794,886,893,794,7,-92,7,92,FALSE,FALSE
690,10,1073,1090,939,1073,1090,939,1073,1090,939,17,-134,17,134,FALSE,FALSE
690,11,1225,1290,1152,1225,1290,1152,1225,1290,1152,65,-73,65,73,FALSE,FALSE
690,12,1406,1524,1336,1406,1524,1336,1406,1524,1336,118,-70,118,70,FALSE,FALSE
690,13,1584,1672,1549,1584,1672,1549,1584,1672,1549,88,-35,88,35,FALSE,FALSE
690,14,1774,1839,1737,1774,1839,1737,1774,1839,1737,65,-37,65,37,FALSE,FALSE
690,15,1910,1966,1908,1910,1966,1908,1910,1966,1908,56,-2,56,2,FALSE,FALSE
690,16,2008,2062,2042,2008,2062,2042,2008,2062,2042,54,34,54,34,FALSE,FALSE
690,17,2062,2082,2143,2062,2082,2143,2062,2082,2143,20,81,20,81,FALSE,FALSE
690,18,2088,2087,2133,2088,2087,2133,2088,2087,2133,-1,45,1,45,FALSE,FALSE
690,19,2072,1985,2114,2072,1985,2114,2072,1985,2114,-87,42,87,42,FALSE,FALSE
690,20,2010,1904,2070,2010,1904,2070,2010,1904,2070,-106,60,106,60,FALSE,FALSE
690,21,1888,1817,1951,1888,1817,1951,1888,1817,1951,-71,63,71,63,FALSE,FALSE
690,22,1796,1701,1838,1796,1701,1838,1796,1701,1838,-95,42,95,42,FALSE,FALSE
690,23,1656,1571,1681,1656,1571,1681,1656,1571,1681,-85,25,85,25,FALSE,FALSE
690,24,1492,1430,1549,1492,1430,1549,1492,1430,1549,-62,57,62,57,FALSE,FALSE
690,25,1381,1292,1413,1381,1292,1413,1381,1292,1413,-89,32,89,32,FALSE,FALSE
690,26,1239,1161,1249,1239,1161,1249,1239,1161,1249,-78,10,78,10,FALSE,FALSE
690,27,1111,1013,1104,1111,1013,1104,1111,1013,1104,-98,-7,98,7,FALSE,FALSE
690,28,995,910,997,995,910,997,995,910,997,-85,2,85,2,FALSE,FALSE
690,29,880,810,880,880,810,880,880,810,880,-70,0,70,0,FALSE,TRUE
690,30,776,720,757,776,720,757,776,720,757,-56,-19,56,19,FALSE,FALSE
690,31,677,636,648,677,636,648,677,636,648,-41,-29,41,29,FALSE,FALSE
690,32,583,563,578,583,563,578,583,563,578,-20,-5,20,5,FALSE,FALSE
690,33,516,488,522,516,488,522,516,488,522,-28,6,28,6,FALSE,FALSE
690,34,459,424,451,459,424,451,459,424,451,-35,-8,35,8,FALSE,FALSE
690,35,387,368,380,387,368,380,387,368,380,-19,-7,19,7,FALSE,FALSE
690,36,348,320,332,348,320,332,348,320,332,-28,-16,28,16,FALSE,FALSE
690,37,296,275,286,296,275,286,296,275,286,-21,-10,21,10,FALSE,FALSE
690,38,255,244,248,255,244,248,255,244,248,-11,-7,11,7,FALSE,FALSE
690,39,210,224,212,210,224,212,210,224,212,14,2,14,2,FALSE,FALSE
690,40,173,200,192,173,200,192,173,200,192,27,19,27,19,FALSE,FALSE
690,41,155,188,167,155,188,167,155,188,167,33,12,33,12,FALSE,FALSE
690,42,131,149,143,131,149,143,131,149,143,18,12,18,12,FALSE,FALSE
690,43,110,127,116,110,127,116,110,127,116,17,6,17,6,FALSE,FALSE
690,44,101,111,106,101,111,106,101,111,106,10,5,10,5,FALSE,FALSE
690,45,86,105,90,86,105,90,86,105,90,19,4,19,4,FALSE,FALSE
690,46,71,95,80,71,95,80,71,95,80,24,9,24,9,FALSE,FALSE
690,47,59,80,68,59,80,68,59,80,68,21,9,21,9,FALSE,FALSE
690,48,46,71,56,46,71,56,46,71,56,25,10,25,10,FALSE,FALSE
690,49,42,60,54,42,60,54,42,60,54,18,12,18,12,FALSE,FALSE
690,50,40,54,47,40,54,47,40,54,47,14,7,14,7,FALSE,FALSE
690,51,34,37,44,34,37,44,34,37,44,3,10,3,10,FALSE,FALSE
690,52,30,33,35,30,33,35,30,33,35,3,5,3,5,FALSE,FALSE
690,53,23,29,34,23,29,34,23,29,34,6,11,6,11,FALSE,FALSE
690,54,20,22,28,20,22,28,20,22,28,2,8,2,8,FALSE,FALSE
690,55,20,17,20,20,17,20,20,17,20,-3,0,3,0,FALSE,TRUE
690,56,17,11,21,17,11,21,17,11,21,-6,4,6,4,FALSE,FALSE
690,57,17,8,16,17,8,16,17,8,16,-9,-1,9,1,FALSE,FALSE
690,58,13,6,14,13,6,14,13,6,14,-7,1,7,1,FALSE,FALSE
690,59,11,5,17,11,5,17,11,5,17,-6,6,6,6,FALSE,FALSE
690,60,9,5,14,9,5,14,9,5,14,-4,5,4,5,FALSE,FALSE
691,0,105,105,105,105,105,105,105,105,105,0,0,0,0,TRUE,TRUE
691,1,144,139,137,144,139,137,144,139,137,-5,-7,5,7,FALSE,FALSE
691,2,185,199,202,185,199,202,185,199,202,14,17,14,17,FALSE,FALSE
691,3,246,274,270,246,274,270,246,274,270,28,24,28,24,FALSE,FALSE
691,4,335,348,361,335,348,361,335,348,361,13,26,13,26,FALSE,FALSE
691,5,450,458,469,450,458,469,450,458,469,8,19,8,19,FALSE,FALSE
691,6,602,599,616,602,599,616,602,599,616,-3,14,3,14,FALSE,FALSE
691,7,762,765,757,762,765,757,762,765,757,3,-5,3,5,FALSE,FALSE
691,8,934,931,922,934,931,922,934,931,922,-3,-12,3,12,FALSE,FALSE
691,9,1092,1115,1116,1092,1115,1116,1092,1115,1116,23,24,23,24,FALSE,FALSE
691,10,1293,1287,1271,1293,1287,1271,1293,1287,1271,-6,-22,6,22,FALSE,FALSE
691,11,1426,1468,1413,1426,1468,1413,1426,1468,1413,42,-13,42,13,FALSE,FALSE
691,12,1587,1540,1533,1587,1540,1533,1587,1540,1533,-47,-54,47,54,FALSE,FALSE
691,13,1650,1592,1602,1650,1592,1602,1650,1592,1602,-58,-48,58,48,FALSE,FALSE
691,14,1696,1632,1648,1696,1632,1648,1696,1632,1648,-64,-48,64,48,FALSE,FALSE
691,15,1688,1647,1654,1688,1647,1654,1688,1647,1654,-41,-34,41,34,FALSE,FALSE
691,16,1654,1620,1626,1654,1620,1626,1654,1620,1626,-34,-28,34,28,FALSE,FALSE
691,17,1573,1549,1572,1573,1549,1572,1573,1549,1572,-24,-1,24,1,FALSE,FALSE
691,18,1456,1432,1461,1456,1432,1461,1456,1432,1461,-24,5,24,5,FALSE,FALSE
691,19,1344,1337,1354,1344,1337,1354,1344,1337,1354,-7,10,7,10,FALSE,FALSE
691,20,1217,1228,1244,1217,1228,1244,1217,1228,1244,11,27,11,27,FALSE,FALSE
691,21,1111,1124,1121,1111,1124,1121,1111,1124,1121,13,10,13,10,FALSE,FALSE
691,22,989,981,1013,989,981,1013,989,981,1013,-8,24,8,24,FALSE,FALSE
691,23,890,894,897,890,894,897,890,894,897,4,7,4,7,FALSE,FALSE
691,24,781,788,778,781,788,778,781,788,778,7,-3,7,3,FALSE,FALSE
691,25,677,709,675,677,709,675,677,709,675,32,-2,32,2,FALSE,FALSE
691,26,574,643,592,574,643,592,574,643,592,69,18,69,18,FALSE,FALSE
691,27,506,562,526,506,562,526,506,562,526,56,20,56,20,FALSE,FALSE
691,28,451,510,474,451,510,474,451,510,474,59,23,59,23,FALSE,FALSE
691,29,388,430,411,388,430,411,388,430,411,42,23,42,23,FALSE,FALSE
691,30,333,381,354,333,381,354,333,381,354,48,21,48,21,FALSE,FALSE
691,31,289,324,314,289,324,314,289,324,314,35,25,35,25,FALSE,FALSE
691,32,250,283,262,250,283,262,250,283,262,33,12,33,12,FALSE,FALSE
691,33,208,243,229,208,243,229,208,243,229,35,21,35,21,FALSE,FALSE
691,34,181,210,199,181,210,199,181,210,199,29,18,29,18,FALSE,FALSE
691,35,151,179,175,151,179,175,151,179,175,28,24,28,24,FALSE,FALSE
691,36,145,159,151,145,159,151,145,159,151,14,6,14,6,FALSE,FALSE
691,37,117,143,115,117,143,115,117,143,115,26,-2,26,2,FALSE,FALSE
691,38,107,128,101,107,128,101,107,128,101,21,-6,21,6,FALSE,FALSE
691,39,87,111,90,87,111,90,87,111,90,24,3,24,3,FALSE,FALSE
691,40,76,95,79,76,95,79,76,95,79,19,3,19,3,FALSE,FALSE
691,41,59,76,66,59,76,66,59,76,66,17,7,17,7,FALSE,FALSE
691,42,51,67,59,51,67,59,51,67,59,16,8,16,8,FALSE,FALSE
691,43,48,59,52,48,59,52,48,59,52,11,4,11,4,FALSE,FALSE
691,44,43,49,47,43,49,47,43,49,47,6,4,6,4,FALSE,FALSE
691,45,43,41,40,43,41,40,43,41,40,-2,-3,2,3,FALSE,FALSE
691,46,37,33,36,37,33,36,37,33,36,-4,-1,4,1,FALSE,FALSE
691,47,31,25,33,31,25,33,31,25,33,-6,2,6,2,FALSE,FALSE
691,48,26,21,29,26,21,29,26,21,29,-5,3,5,3,FALSE,FALSE
691,49,24,15,26,24,15,26,24,15,26,-9,2,9,2,FALSE,FALSE
691,50,19,14,23,19,14,23,19,14,23,-5,4,5,4,FALSE,FALSE
691,51,17,14,20,17,14,20,17,14,20,-3,3,3,3,FALSE,FALSE
691,52,13,13,19,13,13,19,13,13,19,0,6,0,6,TRUE,FALSE
691,53,12,11,18,12,11,18,12,11,18,-1,6,1,6,FALSE,FALSE
691,54,11,9,16,11,9,16,11,9,16,-2,5,2,5,FALSE,FALSE
691,55,9,8,11,9,8,11,9,8,11,-1,2,1,2,FALSE,FALSE
691,56,8,9,11,8,9,11,8,9,11,1,3,1,3,FALSE,FALSE
691,57,5,8,9,5,8,9,5,8,9,3,4,3,4,FALSE,FALSE
691,58,5,8,7,5,8,7,5,8,7,3,2,3,2,FALSE,FALSE
691,59,4,7,6,4,7,6,4,7,6,3,2,3,2,FALSE,FALSE
691,60,3,5,6,3,5,6,3,5,6,2,3,2,3,FALSE,FALSE
692,0,91,91,91,91,91,91,91,91,91,0,0,0,0,TRUE,TRUE
692,1,93,109,93,93,109,93,93,109,93,16,0,16,0,FALSE,TRUE
692,2,95,114,91,95,114,91,95,114,91,19,-4,19,4,FALSE,FALSE
692,3,105,129,92,105,129,92,105,129,92,24,-13,24,13,FALSE,FALSE
692,4,103,139,102,103,139,102,103,139,102,36,-1,36,1,FALSE,FALSE
692,5,101,166,110,101,166,110,101,166,110,65,9,65,9,FALSE,FALSE
692,6,111,191,107,111,191,107,111,191,107,80,-4,80,4,FALSE,FALSE
692,7,121,202,112,121,202,112,121,202,112,81,-9,81,9,FALSE,FALSE
692,8,126,216,120,126,216,120,126,216,120,90,-6,90,6,FALSE,FALSE
692,9,133,230,130,133,230,130,133,230,130,97,-3,97,3,FALSE,FALSE
692,10,135,246,131,135,246,131,135,246,131,111,-4,111,4,FALSE,FALSE
692,11,141,271,134,141,271,134,141,271,134,130,-7,130,7,FALSE,FALSE
692,12,144,277,135,144,277,135,144,277,135,133,-9,133,9,FALSE,FALSE
692,13,153,282,137,153,282,137,153,282,137,129,-16,129,16,FALSE,FALSE
692,14,160,288,143,160,288,143,160,288,143,128,-17,128,17,FALSE,FALSE
692,15,178,306,146,178,306,146,178,306,146,128,-32,128,32,FALSE,FALSE
692,16,199,321,147,199,321,147,199,321,147,122,-52,122,52,FALSE,FALSE
692,17,197,327,137,197,327,137,197,327,137,130,-60,130,60,FALSE,FALSE
692,18,185,349,133,185,349,133,185,349,133,164,-52,164,52,FALSE,FALSE
692,19,183,357,144,183,357,144,183,357,144,174,-39,174,39,FALSE,FALSE
692,20,190,396,149,190,396,149,190,396,149,206,-41,206,41,FALSE,FALSE
692,21,202,400,152,202,400,152,202,400,152,198,-50,198,50,FALSE,FALSE
692,22,194,406,150,194,406,150,194,406,150,212,-44,212,44,FALSE,FALSE
692,23,198,405,156,198,405,156,198,405,156,207,-42,207,42,FALSE,FALSE
692,24,212,411,163,212,411,163,212,411,163,199,-49,199,49,FALSE,FALSE
692,25,202,433,164,202,433,164,202,433,164,231,-38,231,38,FALSE,FALSE
692,26,199,430,154,199,430,154,199,430,154,231,-45,231,45,FALSE,FALSE
692,27,195,425,165,195,425,165,195,425,165,230,-30,230,30,FALSE,FALSE
692,28,196,422,165,196,422,165,196,422,165,226,-31,226,31,FALSE,FALSE
692,29,206,417,154,206,417,154,206,417,154,211,-52,211,52,FALSE,FALSE
692,30,215,439,146,215,439,146,215,439,146,224,-69,224,69,FALSE,FALSE
692,31,228,442,141,228,442,141,228,442,141,214,-87,214,87,FALSE,FALSE
692,32,227,428,148,227,428,148,227,428,148,201,-79,201,79,FALSE,FALSE
692,33,231,436,154,231,436,154,231,436,154,205,-77,205,77,FALSE,FALSE
692,34,245,445,155,245,445,155,245,445,155,200,-90,200,90,FALSE,FALSE
692,35,244,464,161,244,464,161,244,464,161,220,-83,220,83,FALSE,FALSE
692,36,238,467,157,238,467,157,238,467,157,229,-81,229,81,FALSE,FALSE
692,37,235,433,142,235,433,142,235,433,142,198,-93,198,93,FALSE,FALSE
692,38,248,423,147,248,423,147,248,423,147,175,-101,175,101,FALSE,FALSE
692,39,248,400,155,248,400,155,248,400,155,152,-93,152,93,FALSE,FALSE
692,40,240,400,157,240,400,157,240,400,157,160,-83,160,83,FALSE,FALSE
692,41,241,385,166,241,385,166,241,385,166,144,-75,144,75,FALSE,FALSE
692,42,245,375,176,245,375,176,245,375,176,130,-69,130,69,FALSE,FALSE
692,43,259,348,165,259,348,165,259,348,165,89,-94,89,94,FALSE,FALSE
692,44,258,335,153,258,335,153,258,335,153,77,-105,77,105,FALSE,FALSE
692,45,257,318,164,257,318,164,257,318,164,61,-93,61,93,FALSE,FALSE
692,46,263,318,152,263,318,152,263,318,152,55,-111,55,111,FALSE,FALSE
692,47,268,303,159,268,303,159,268,303,159,35,-109,35,109,FALSE,FALSE
692,48,265,287,160,265,287,160,265,287,160,22,-105,22,105,FALSE,FALSE
692,49,262,274,159,262,274,159,262,274,159,12,-103,12,103,FALSE,FALSE
692,50,255,263,157,255,263,157,255,263,157,8,-98,8,98,FALSE,FALSE
692,51,249,236,153,249,236,153,249,236,153,-13,-96,13,96,FALSE,FALSE
692,52,240,221,157,240,221,157,240,221,157,-19,-83,19,83,FALSE,FALSE
692,53,232,207,165,232,207,165,232,207,165,-25,-67,25,67,FALSE,FALSE
692,54,222,195,173,222,195,173,222,195,173,-27,-49,27,49,FALSE,FALSE
692,55,218,180,172,218,180,172,218,180,172,-38,-46,38,46,FALSE,FALSE
692,56,196,163,177,196,163,177,196,163,177,-33,-19,33,19,FALSE,FALSE
692,57,202,157,169,202,157,169,202,157,169,-45,-33,45,33,FALSE,FALSE
692,58,194,157,168,194,157,168,194,157,168,-37,-26,37,26,FALSE,FALSE
692,59,190,146,174,190,146,174,190,146,174,-44,-16,44,16,FALSE,FALSE
692,60,190,135,177,190,135,177,190,135,177,-55,-13,55,13,FALSE,FALSE
693,0,78,78,78,78,78,78,78,78,78,0,0,0,0,TRUE,TRUE
693,1,100,119,112,100,119,112,100,119,112,19,12,19,12,FALSE,FALSE
693,2,142,157,153,142,157,153,142,157,153,15,11,15,11,FALSE,FALSE
693,3,191,201,202,191,201,202,191,201,202,10,11,10,11,FALSE,FALSE
693,4,255,268,272,255,268,272,255,268,272,13,17,13,17,FALSE,FALSE
693,5,337,366,322,337,366,322,337,366,322,29,-15,29,15,FALSE,FALSE
693,6,447,489,419,447,489,419,447,489,419,42,-28,42,28,FALSE,FALSE
693,7,592,637,540,592,637,540,592,637,540,45,-52,45,52,FALSE,FALSE
693,8,760,777,680,760,777,680,760,777,680,17,-80,17,80,FALSE,FALSE
693,9,950,963,850,950,963,850,950,963,850,13,-100,13,100,FALSE,FALSE
693,10,1158,1193,1059,1158,1193,1059,1158,1193,1059,35,-99,35,99,FALSE,FALSE
693,11,1393,1417,1265,1393,1417,1265,1393,1417,1265,24,-128,24,128,FALSE,FALSE
693,12,1643,1641,1485,1643,1641,1485,1643,1641,1485,-2,-158,2,158,FALSE,FALSE
693,13,1974,1940,1725,1974,1940,1725,1974,1940,1725,-34,-249,34,249,FALSE,FALSE
693,14,2233,2174,1982,2233,2174,1982,2233,2174,1982,-59,-251,59,251,FALSE,FALSE
693,15,2517,2409,2253,2517,2409,2253,2517,2409,2253,-108,-264,108,264,FALSE,FALSE
693,16,2696,2554,2473,2696,2554,2473,2696,2554,2473,-142,-223,142,223,FALSE,FALSE
693,17,2805,2654,2650,2805,2654,2650,2805,2654,2650,-151,-155,151,155,FALSE,FALSE
693,18,2898,2712,2722,2898,2712,2722,2898,2712,2722,-186,-176,186,176,FALSE,FALSE
693,19,2886,2714,2755,2886,2714,2755,2886,2714,2755,-172,-131,172,131,FALSE,FALSE
693,20,2845,2683,2759,2845,2683,2759,2845,2683,2759,-162,-86,162,86,FALSE,FALSE
693,21,2734,2632,2686,2734,2632,2686,2734,2632,2686,-102,-48,102,48,FALSE,FALSE
693,22,2597,2522,2598,2597,2522,2598,2597,2522,2598,-75,1,75,1,FALSE,FALSE
693,23,2447,2325,2474,2447,2325,2474,2447,2325,2474,-122,27,122,27,FALSE,FALSE
693,24,2279,2158,2331,2279,2158,2331,2279,2158,2331,-121,52,121,52,FALSE,FALSE
693,25,2075,1975,2148,2075,1975,2148,2075,1975,2148,-100,73,100,73,FALSE,FALSE
693,26,1875,1792,1984,1875,1792,1984,1875,1792,1984,-83,109,83,109,FALSE,FALSE
693,27,1717,1636,1828,1717,1636,1828,1717,1636,1828,-81,111,81,111,FALSE,FALSE
693,28,1519,1482,1676,1519,1482,1676,1519,1482,1676,-37,157,37,157,FALSE,FALSE
693,29,1400,1342,1522,1400,1342,1522,1400,1342,1522,-58,122,58,122,FALSE,FALSE
693,30,1260,1195,1385,1260,1195,1385,1260,1195,1385,-65,125,65,125,FALSE,FALSE
693,31,1156,1039,1239,1156,1039,1239,1156,1039,1239,-117,83,117,83,FALSE,FALSE
693,32,1029,917,1126,1029,917,1126,1029,917,1126,-112,97,112,97,FALSE,FALSE
693,33,907,807,989,907,807,989,907,807,989,-100,82,100,82,FALSE,FALSE
693,34,818,710,875,818,710,875,818,710,875,-108,57,108,57,FALSE,FALSE
693,35,722,639,785,722,639,785,722,639,785,-83,63,83,63,FALSE,FALSE
693,36,657,577,693,657,577,693,657,577,693,-80,36,80,36,FALSE,FALSE
693,37,575,494,602,575,494,602,575,494,602,-81,27,81,27,FALSE,FALSE
693,38,523,432,553,523,432,553,523,432,553,-91,30,91,30,FALSE,FALSE
693,39,474,383,491,474,383,491,474,383,491,-91,17,91,17,FALSE,FALSE
693,40,397,339,435,397,339,435,397,339,435,-58,38,58,38,FALSE,FALSE
693,41,347,294,394,347,294,394,347,294,394,-53,47,53,47,FALSE,FALSE
693,42,307,259,347,307,259,347,307,259,347,-48,40,48,40,FALSE,FALSE
693,43,260,231,303,260,231,303,260,231,303,-29,43,29,43,FALSE,FALSE
693,44,246,195,271,246,195,271,246,195,271,-51,25,51,25,FALSE,FALSE
693,45,207,172,237,207,172,237,207,172,237,-35,30,35,30,FALSE,FALSE
693,46,186,155,218,186,155,218,186,155,218,-31,32,31,32,FALSE,FALSE
693,47,165,134,183,165,134,183,165,134,183,-31,18,31,18,FALSE,FALSE
693,48,146,122,166,146,122,166,146,122,166,-24,20,24,20,FALSE,FALSE
693,49,131,101,152,131,101,152,131,101,152,-30,21,30,21,FALSE,FALSE
693,50,111,92,134,111,92,134,111,92,134,-19,23,19,23,FALSE,FALSE
693,51,103,77,115,103,77,115,103,77,115,-26,12,26,12,FALSE,FALSE
693,52,90,61,98,90,61,98,90,61,98,-29,8,29,8,FALSE,FALSE
693,53,78,57,84,78,57,84,78,57,84,-21,6,21,6,FALSE,FALSE
693,54,70,44,67,70,44,67,70,44,67,-26,-3,26,3,FALSE,FALSE
693,55,67,38,61,67,38,61,67,38,61,-29,-6,29,6,FALSE,FALSE
693,56,60,29,52,60,29,52,60,29,52,-31,-8,31,8,FALSE,FALSE
693,57,49,29,42,49,29,42,49,29,42,-20,-7,20,7,FALSE,FALSE
693,58,42,25,40,42,25,40,42,25,40,-17,-2,17,2,FALSE,FALSE
693,59,39,21,37,39,21,37,39,21,37,-18,-2,18,2,FALSE,FALSE
693,60,31,20,30,31,20,30,31,20,30,-11,-1,11,1,FALSE,FALSE
694,0,74,74,74,74,74,74,74,74,74,0,0,0,0,TRUE,TRUE
694,1,78,81,80,78,81,80,78,81,80,3,2,3,2,FALSE,FALSE
694,2,68,103,87,68,103,87,68,103,87,35,19,35,19,FALSE,FALSE
694,3,75,102,97,75,102,97,75,102,97,27,22,27,22,FALSE,FALSE
694,4,83,104,105,83,104,105,83,104,105,21,22,21,22,FALSE,FALSE
694,5,76,106,113,76,106,113,76,106,113,30,37,30,37,FALSE,FALSE
694,6,89,114,114,89,114,114,89,114,114,25,25,25,25,FALSE,FALSE
694,7,94,116,121,94,116,121,94,116,121,22,27,22,27,FALSE,FALSE
694,8,112,117,135,112,117,135,112,117,135,5,23,5,23,FALSE,FALSE
694,9,121,121,144,121,121,144,121,121,144,0,23,0,23,TRUE,FALSE
694,10,141,135,155,141,135,155,141,135,155,-6,14,6,14,FALSE,FALSE
694,11,159,149,170,159,149,170,159,149,170,-10,11,10,11,FALSE,FALSE
694,12,157,164,172,157,164,172,157,164,172,7,15,7,15,FALSE,FALSE
694,13,168,172,189,168,172,189,168,172,189,4,21,4,21,FALSE,FALSE
694,14,176,175,199,176,175,199,176,175,199,-1,23,1,23,FALSE,FALSE
694,15,191,171,172,191,171,172,191,171,172,-20,-19,20,19,FALSE,FALSE
694,16,212,185,184,212,185,184,212,185,184,-27,-28,27,28,FALSE,FALSE
694,17,231,194,208,231,194,208,231,194,208,-37,-23,37,23,FALSE,FALSE
694,18,255,194,238,255,194,238,255,194,238,-61,-17,61,17,FALSE,FALSE
694,19,266,183,253,266,183,253,266,183,253,-83,-13,83,13,FALSE,FALSE
694,20,281,206,263,281,206,263,281,206,263,-75,-18,75,18,FALSE,FALSE
694,21,314,219,276,314,219,276,314,219,276,-95,-38,95,38,FALSE,FALSE
694,22,340,237,307,340,237,307,340,237,307,-103,-33,103,33,FALSE,FALSE
694,23,346,246,305,346,246,305,346,246,305,-100,-41,100,41,FALSE,FALSE
694,24,366,252,316,366,252,316,366,252,316,-114,-50,114,50,FALSE,FALSE
694,25,374,240,326,374,240,326,374,240,326,-134,-48,134,48,FALSE,FALSE
694,26,399,264,343,399,264,343,399,264,343,-135,-56,135,56,FALSE,FALSE
694,27,409,284,360,409,284,360,409,284,360,-125,-49,125,49,FALSE,FALSE
694,28,430,295,362,430,295,362,430,295,362,-135,-68,135,68,FALSE,FALSE
694,29,430,294,375,430,294,375,430,294,375,-136,-55,136,55,FALSE,FALSE
694,30,447,295,376,447,295,376,447,295,376,-152,-71,152,71,FALSE,FALSE
694,31,459,277,375,459,277,375,459,277,375,-182,-84,182,84,FALSE,FALSE
694,32,465,264,376,465,264,376,465,264,376,-201,-89,201,89,FALSE,FALSE
694,33,487,265,357,487,265,357,487,265,357,-222,-130,222,130,FALSE,FALSE
694,34,499,275,353,499,275,353,499,275,353,-224,-146,224,146,FALSE,FALSE
694,35,511,300,370,511,300,370,511,300,370,-211,-141,211,141,FALSE,FALSE
694,36,505,305,376,505,305,376,505,305,376,-200,-129,200,129,FALSE,FALSE
694,37,509,306,395,509,306,395,509,306,395,-203,-114,203,114,FALSE,FALSE
694,38,518,311,389,518,311,389,518,311,389,-207,-129,207,129,FALSE,FALSE
694,39,508,304,388,508,304,388,508,304,388,-204,-120,204,120,FALSE,FALSE
694,40,463,304,379,463,304,379,463,304,379,-159,-84,159,84,FALSE,FALSE
694,41,437,296,371,437,296,371,437,296,371,-141,-66,141,66,FALSE,FALSE
694,42,398,301,358,398,301,358,398,301,358,-97,-40,97,40,FALSE,FALSE
694,43,378,304,337,378,304,337,378,304,337,-74,-41,74,41,FALSE,FALSE
694,44,362,289,337,362,289,337,362,289,337,-73,-25,73,25,FALSE,FALSE
694,45,347,285,337,347,285,337,347,285,337,-62,-10,62,10,FALSE,FALSE
694,46,326,293,322,326,293,322,326,293,322,-33,-4,33,4,FALSE,FALSE
694,47,314,295,304,314,295,304,314,295,304,-19,-10,19,10,FALSE,FALSE
694,48,308,298,311,308,298,311,308,298,311,-10,3,10,3,FALSE,FALSE
694,49,284,288,290,284,288,290,284,288,290,4,6,4,6,FALSE,FALSE
694,50,275,283,266,275,283,266,275,283,266,8,-9,8,9,FALSE,FALSE
694,51,257,291,267,257,291,267,257,291,267,34,10,34,10,FALSE,FALSE
694,52,234,283,260,234,283,260,234,283,260,49,26,49,26,FALSE,FALSE
694,53,219,276,257,219,276,257,219,276,257,57,38,57,38,FALSE,FALSE
694,54,196,272,244,196,272,244,196,272,244,76,48,76,48,FALSE,FALSE
694,55,188,279,228,188,279,228,188,279,228,91,40,91,40,FALSE,FALSE
694,56,168,276,220,168,276,220,168,276,220,108,52,108,52,FALSE,FALSE
694,57,153,274,208,153,274,208,153,274,208,121,55,121,55,FALSE,FALSE
694,58,160,265,191,160,265,191,160,265,191,105,31,105,31,FALSE,FALSE
694,59,150,254,180,150,254,180,150,254,180,104,30,104,30,FALSE,FALSE
694,60,143,238,161,143,238,161,143,238,161,95,18,95,18,FALSE,FALSE
695,0,138,138,138,138,138,138,138,138,138,0,0,0,0,TRUE,TRUE
695,1,150,151,144,150,151,144,150,151,144,1,-6,1,6,FALSE,FALSE
695,2,150,149,155,150,149,155,150,149,155,-1,5,1,5,FALSE,FALSE
695,3,157,139,173,157,139,173,157,139,173,-18,16,18,16,FALSE,FALSE
695,4,168,145,184,168,145,184,168,145,184,-23,16,23,16,FALSE,FALSE
695,5,170,152,190,170,152,190,170,152,190,-18,20,18,20,FALSE,FALSE
695,6,159,149,208,159,149,208,159,149,208,-10,49,10,49,FALSE,FALSE
695,7,161,152,215,161,152,215,161,152,215,-9,54,9,54,FALSE,FALSE
695,8,173,161,228,173,161,228,173,161,228,-12,55,12,55,FALSE,FALSE
695,9,172,170,230,172,170,230,172,170,230,-2,58,2,58,FALSE,FALSE
695,10,184,174,245,184,174,245,184,174,245,-10,61,10,61,FALSE,FALSE
695,11,188,179,267,188,179,267,188,179,267,-9,79,9,79,FALSE,FALSE
695,12,199,192,277,199,192,277,199,192,277,-7,78,7,78,FALSE,FALSE
695,13,194,205,268,194,205,268,194,205,268,11,74,11,74,FALSE,FALSE
695,14,196,214,275,196,214,275,196,214,275,18,79,18,79,FALSE,FALSE
695,15,204,227,288,204,227,288,204,227,288,23,84,23,84,FALSE,FALSE
695,16,221,237,293,221,237,293,221,237,293,16,72,16,72,FALSE,FALSE
695,17,227,246,314,227,246,314,227,246,314,19,87,19,87,FALSE,FALSE
695,18,229,249,332,229,249,332,229,249,332,20,103,20,103,FALSE,FALSE
695,19,243,248,335,243,248,335,243,248,335,5,92,5,92,FALSE,FALSE
695,20,259,243,337,259,243,337,259,243,337,-16,78,16,78,FALSE,FALSE
695,21,263,268,346,263,268,346,263,268,346,5,83,5,83,FALSE,FALSE
695,22,281,274,349,281,274,349,281,274,349,-7,68,7,68,FALSE,FALSE
695,23,281,271,361,281,271,361,281,271,361,-10,80,10,80,FALSE,FALSE
695,24,281,272,381,281,272,381,281,272,381,-9,100,9,100,FALSE,FALSE
695,25,273,277,399,273,277,399,273,277,399,4,126,4,126,FALSE,FALSE
695,26,280,289,416,280,289,416,280,289,416,9,136,9,136,FALSE,FALSE
695,27,279,314,428,279,314,428,279,314,428,35,149,35,149,FALSE,FALSE
695,28,296,323,435,296,323,435,296,323,435,27,139,27,139,FALSE,FALSE
695,29,307,347,449,307,347,449,307,347,449,40,142,40,142,FALSE,FALSE
695,30,322,350,459,322,350,459,322,350,459,28,137,28,137,FALSE,FALSE
695,31,335,362,480,335,362,480,335,362,480,27,145,27,145,FALSE,FALSE
695,32,351,375,506,351,375,506,351,375,506,24,155,24,155,FALSE,FALSE
695,33,373,383,495,373,383,495,373,383,495,10,122,10,122,FALSE,FALSE
695,34,374,394,523,374,394,523,374,394,523,20,149,20,149,FALSE,FALSE
695,35,383,404,540,383,404,540,383,404,540,21,157,21,157,FALSE,FALSE
695,36,385,399,552,385,399,552,385,399,552,14,167,14,167,FALSE,FALSE
695,37,404,402,562,404,402,562,404,402,562,-2,158,2,158,FALSE,FALSE
695,38,431,413,588,431,413,588,431,413,588,-18,157,18,157,FALSE,FALSE
695,39,448,434,598,448,434,598,448,434,598,-14,150,14,150,FALSE,FALSE
695,40,451,450,610,451,450,610,451,450,610,-1,159,1,159,FALSE,FALSE
695,41,461,460,610,461,460,610,461,460,610,-1,149,1,149,FALSE,FALSE
695,42,471,470,624,471,470,624,471,470,624,-1,153,1,153,FALSE,FALSE
695,43,472,462,636,472,462,636,472,462,636,-10,164,10,164,FALSE,FALSE
695,44,467,469,665,467,469,665,467,469,665,2,198,2,198,FALSE,FALSE
695,45,473,490,676,473,490,676,473,490,676,17,203,17,203,FALSE,FALSE
695,46,487,489,675,487,489,675,487,489,675,2,188,2,188,FALSE,FALSE
695,47,488,492,676,488,492,676,488,492,676,4,188,4,188,FALSE,FALSE
695,48,495,488,686,495,488,686,495,488,686,-7,191,7,191,FALSE,FALSE
695,49,505,487,690,505,487,690,505,487,690,-18,185,18,185,FALSE,FALSE
695,50,516,497,687,516,497,687,516,497,687,-19,171,19,171,FALSE,FALSE
695,51,513,498,698,513,498,698,513,498,698,-15,185,15,185,FALSE,FALSE
695,52,497,486,709,497,486,709,497,486,709,-11,212,11,212,FALSE,FALSE
695,53,519,474,711,519,474,711,519,474,711,-45,192,45,192,FALSE,FALSE
695,54,517,477,699,517,477,699,517,477,699,-40,182,40,182,FALSE,FALSE
695,55,506,458,696,506,458,696,506,458,696,-48,190,48,190,FALSE,FALSE
695,56,513,475,692,513,475,692,513,475,692,-38,179,38,179,FALSE,FALSE
695,57,535,468,681,535,468,681,535,468,681,-67,146,67,146,FALSE,FALSE
695,58,518,465,686,518,465,686,518,465,686,-53,168,53,168,FALSE,FALSE
695,59,515,447,674,515,447,674,515,447,674,-68,159,68,159,FALSE,FALSE
695,60,508,423,647,508,423,647,508,423,647,-85,139,85,139,FALSE,FALSE
696,0,134,134,134,134,134,134,134,134,134,0,0,0,0,TRUE,TRUE
696,1,147,141,138,147,141,138,147,141,138,-6,-9,6,9,FALSE,FALSE
696,2,151,142,144,151,142,144,151,142,144,-9,-7,9,7,FALSE,FALSE
696,3,172,161,159,172,161,159,172,161,159,-11,-13,11,13,FALSE,FALSE
696,4,190,153,168,190,153,168,190,153,168,-37,-22,37,22,FALSE,FALSE
696,5,207,160,196,207,160,196,207,160,196,-47,-11,47,11,FALSE,FALSE
696,6,236,187,214,236,187,214,236,187,214,-49,-22,49,22,FALSE,FALSE
696,7,266,197,226,266,197,226,266,197,226,-69,-40,69,40,FALSE,FALSE
696,8,296,201,252,296,201,252,296,201,252,-95,-44,95,44,FALSE,FALSE
696,9,332,216,288,332,216,288,332,216,288,-116,-44,116,44,FALSE,FALSE
696,10,350,225,315,350,225,315,350,225,315,-125,-35,125,35,FALSE,FALSE
696,11,391,263,350,391,263,350,391,263,350,-128,-41,128,41,FALSE,FALSE
696,12,425,276,385,425,276,385,425,276,385,-149,-40,149,40,FALSE,FALSE
696,13,462,288,441,462,288,441,462,288,441,-174,-21,174,21,FALSE,FALSE
696,14,490,293,485,490,293,485,490,293,485,-197,-5,197,5,FALSE,FALSE
696,15,543,299,541,543,299,541,543,299,541,-244,-2,244,2,FALSE,FALSE
696,16,554,310,592,554,310,592,554,310,592,-244,38,244,38,FALSE,FALSE
696,17,572,332,625,572,332,625,572,332,625,-240,53,240,53,FALSE,FALSE
696,18,621,349,663,621,349,663,621,349,663,-272,42,272,42,FALSE,FALSE
696,19,635,372,719,635,372,719,635,372,719,-263,84,263,84,FALSE,FALSE
696,20,672,392,771,672,392,771,672,392,771,-280,99,280,99,FALSE,FALSE
696,21,700,412,811,700,412,811,700,412,811,-288,111,288,111,FALSE,FALSE
696,22,731,433,841,731,433,841,731,433,841,-298,110,298,110,FALSE,FALSE
696,23,760,451,879,760,451,879,760,451,879,-309,119,309,119,FALSE,FALSE
696,24,781,469,924,781,469,924,781,469,924,-312,143,312,143,FALSE,FALSE
696,25,849,493,954,849,493,954,849,493,954,-356,105,356,105,FALSE,FALSE
696,26,885,519,976,885,519,976,885,519,976,-366,91,366,91,FALSE,FALSE
696,27,913,540,1015,913,540,1015,913,540,1015,-373,102,373,102,FALSE,FALSE
696,28,945,551,1034,945,551,1034,945,551,1034,-394,89,394,89,FALSE,FALSE
696,29,955,583,1035,955,583,1035,955,583,1035,-372,80,372,80,FALSE,FALSE
696,30,986,589,1017,986,589,1017,986,589,1017,-397,31,397,31,FALSE,FALSE
696,31,1008,595,1003,1008,595,1003,1008,595,1003,-413,-5,413,5,FALSE,FALSE
696,32,1012,606,988,1012,606,988,1012,606,988,-406,-24,406,24,FALSE,FALSE
696,33,999,629,974,999,629,974,999,629,974,-370,-25,370,25,FALSE,FALSE
696,34,999,642,992,999,642,992,999,642,992,-357,-7,357,7,FALSE,FALSE
696,35,995,647,972,995,647,972,995,647,972,-348,-23,348,23,FALSE,FALSE
696,36,999,657,985,999,657,985,999,657,985,-342,-14,342,14,FALSE,FALSE
696,37,1026,671,964,1026,671,964,1026,671,964,-355,-62,355,62,FALSE,FALSE
696,38,989,686,932,989,686,932,989,686,932,-303,-57,303,57,FALSE,FALSE
696,39,970,702,909,970,702,909,970,702,909,-268,-61,268,61,FALSE,FALSE
696,40,955,699,890,955,699,890,955,699,890,-256,-65,256,65,FALSE,FALSE
696,41,923,729,873,923,729,873,923,729,873,-194,-50,194,50,FALSE,FALSE
696,42,893,746,848,893,746,848,893,746,848,-147,-45,147,45,FALSE,FALSE
696,43,851,737,807,851,737,807,851,737,807,-114,-44,114,44,FALSE,FALSE
696,44,811,710,770,811,710,770,811,710,770,-101,-41,101,41,FALSE,FALSE
696,45,790,697,774,790,697,774,790,697,774,-93,-16,93,16,FALSE,FALSE
696,46,768,687,741,768,687,741,768,687,741,-81,-27,81,27,FALSE,FALSE
696,47,731,656,737,731,656,737,731,656,737,-75,6,75,6,FALSE,FALSE
696,48,701,670,702,701,670,702,701,670,702,-31,1,31,1,FALSE,FALSE
696,49,682,642,666,682,642,666,682,642,666,-40,-16,40,16,FALSE,FALSE
696,50,628,621,616,628,621,616,628,621,616,-7,-12,7,12,FALSE,FALSE
696,51,580,609,581,580,609,581,580,609,581,29,1,29,1,FALSE,FALSE
696,52,539,609,564,539,609,564,539,609,564,70,25,70,25,FALSE,FALSE
696,53,507,594,541,507,594,541,507,594,541,87,34,87,34,FALSE,FALSE
696,54,481,572,500,481,572,500,481,572,500,91,19,91,19,FALSE,FALSE
696,55,443,555,482,443,555,482,443,555,482,112,39,112,39,FALSE,FALSE
696,56,430,524,431,430,524,431,430,524,431,94,1,94,1,FALSE,FALSE
696,57,391,505,403,391,505,403,391,505,403,114,12,114,12,FALSE,FALSE
696,58,361,476,382,361,476,382,361,476,382,115,21,115,21,FALSE,FALSE
696,59,355,467,358,355,467,358,355,467,358,112,3,112,3,FALSE,FALSE
696,60,328,443,331,328,443,331,328,443,331,115,3,115,3,FALSE,FALSE
697,0,52,52,52,52,52,52,52,52,52,0,0,0,0,TRUE,TRUE
697,1,79,81,78,79,81,78,79,81,78,2,-1,2,1,FALSE,FALSE
697,2,108,111,113,108,111,113,108,111,113,3,5,3,5,FALSE,FALSE
697,3,159,170,179,159,170,179,159,170,179,11,20,11,20,FALSE,FALSE
697,4,222,263,249,222,263,249,222,263,249,41,27,41,27,FALSE,FALSE
697,5,316,377,347,316,377,347,316,377,347,61,31,61,31,FALSE,FALSE
697,6,462,546,473,462,546,473,462,546,473,84,11,84,11,FALSE,FALSE
697,7,659,756,677,659,756,677,659,756,677,97,18,97,18,FALSE,FALSE
697,8,928,1005,905,928,1005,905,928,1005,905,77,-23,77,23,FALSE,FALSE
697,9,1243,1283,1209,1243,1283,1209,1243,1283,1209,40,-34,40,34,FALSE,FALSE
697,10,1597,1616,1510,1597,1616,1510,1597,1616,1510,19,-87,19,87,FALSE,FALSE
697,11,1961,1927,1842,1961,1927,1842,1961,1927,1842,-34,-119,34,119,FALSE,FALSE
697,12,2237,2220,2165,2237,2220,2165,2237,2220,2165,-17,-72,17,72,FALSE,FALSE
697,13,2410,2404,2378,2410,2404,2378,2410,2404,2378,-6,-32,6,32,FALSE,FALSE
697,14,2513,2448,2487,2513,2448,2487,2513,2448,2487,-65,-26,65,26,FALSE,FALSE
697,15,2500,2461,2545,2500,2461,2545,2500,2461,2545,-39,45,39,45,FALSE,FALSE
697,16,2413,2378,2453,2413,2378,2453,2413,2378,2453,-35,40,35,40,FALSE,FALSE
697,17,2294,2210,2317,2294,2210,2317,2294,2210,2317,-84,23,84,23,FALSE,FALSE
697,18,2111,2069,2176,2111,2069,2176,2111,2069,2176,-42,65,42,65,FALSE,FALSE
697,19,1962,1940,2004,1962,1940,2004,1962,1940,2004,-22,42,22,42,FALSE,FALSE
697,20,1791,1775,1841,1791,1775,1841,1791,1775,1841,-16,50,16,50,FALSE,FALSE
697,21,1617,1589,1658,1617,1589,1658,1617,1589,1658,-28,41,28,41,FALSE,FALSE
697,22,1459,1409,1490,1459,1409,1490,1459,1409,1490,-50,31,50,31,FALSE,FALSE
697,23,1297,1214,1339,1297,1214,1339,1297,1214,1339,-83,42,83,42,FALSE,FALSE
697,24,1131,1069,1208,1131,1069,1208,1131,1069,1208,-62,77,62,77,FALSE,FALSE
697,25,979,942,1083,979,942,1083,979,942,1083,-37,104,37,104,FALSE,FALSE
697,26,859,825,938,859,825,938,859,825,938,-34,79,34,79,FALSE,FALSE
697,27,736,723,834,736,723,834,736,723,834,-13,98,13,98,FALSE,FALSE
697,28,647,649,728,647,649,728,647,649,728,2,81,2,81,FALSE,FALSE
697,29,579,571,640,579,571,640,579,571,640,-8,61,8,61,FALSE,FALSE
697,30,508,502,553,508,502,553,508,502,553,-6,45,6,45,FALSE,FALSE
697,31,455,426,484,455,426,484,455,426,484,-29,29,29,29,FALSE,FALSE
697,32,397,384,430,397,384,430,397,384,430,-13,33,13,33,FALSE,FALSE
697,33,344,332,359,344,332,359,344,332,359,-12,15,12,15,FALSE,FALSE
697,34,311,292,311,311,292,311,311,292,311,-19,0,19,0,FALSE,TRUE
697,35,271,272,285,271,272,285,271,272,285,1,14,1,14,FALSE,FALSE
697,36,240,244,246,240,244,246,240,244,246,4,6,4,6,FALSE,FALSE
697,37,208,202,207,208,202,207,208,202,207,-6,-1,6,1,FALSE,FALSE
697,38,179,177,183,179,177,183,179,177,183,-2,4,2,4,FALSE,FALSE
697,39,150,146,161,150,146,161,150,146,161,-4,11,4,11,FALSE,FALSE
697,40,136,125,140,136,125,140,136,125,140,-11,4,11,4,FALSE,FALSE
697,41,116,114,120,116,114,120,116,114,120,-2,4,2,4,FALSE,FALSE
697,42,97,97,103,97,97,103,97,97,103,0,6,0,6,TRUE,FALSE
697,43,81,85,92,81,85,92,81,85,92,4,11,4,11,FALSE,FALSE
697,44,75,72,83,75,72,83,75,72,83,-3,8,3,8,FALSE,FALSE
697,45,68,60,70,68,60,70,68,60,70,-8,2,8,2,FALSE,FALSE
697,46,62,56,65,62,56,65,62,56,65,-6,3,6,3,FALSE,FALSE
697,47,53,49,52,53,49,52,53,49,52,-4,-1,4,1,FALSE,FALSE
697,48,43,44,46,43,44,46,43,44,46,1,3,1,3,FALSE,FALSE
697,49,37,36,41,37,36,41,37,36,41,-1,4,1,4,FALSE,FALSE
697,50,34,30,35,34,30,35,34,30,35,-4,1,4,1,FALSE,FALSE
697,51,28,28,32,28,28,32,28,28,32,0,4,0,4,TRUE,FALSE
697,52,27,25,30,27,25,30,27,25,30,-2,3,2,3,FALSE,FALSE
697,53,20,21,24,20,21,24,20,21,24,1,4,1,4,FALSE,FALSE
697,54,19,19,20,19,19,20,19,19,20,0,1,0,1,TRUE,FALSE
697,55,19,16,18,19,16,18,19,16,18,-3,-1,3,1,FALSE,FALSE
697,56,19,13,15,19,13,15,19,13,15,-6,-4,6,4,FALSE,FALSE
697,57,13,10,14,13,10,14,13,10,14,-3,1,3,1,FALSE,FALSE
697,58,12,8,12,12,8,12,12,8,12,-4,0,4,0,FALSE,TRUE
697,59,10,8,11,10,8,11,10,8,11,-2,1,2,1,FALSE,FALSE
697,60,9,6,8,9,6,8,9,6,8,-3,-1,3,1,FALSE,FALSE
698,0,155,155,155,155,155,155,155,155,155,0,0,0,0,TRUE,TRUE
698,1,181,173,185,181,173,185,181,173,185,-8,4,8,4,FALSE,FALSE
698,2,202,195,206,202,195,206,202,195,206,-7,4,7,4,FALSE,FALSE
698,3,225,236,221,225,236,221,225,236,221,11,-4,11,4,FALSE,FALSE
698,4,256,278,266,256,278,266,256,278,266,22,10,22,10,FALSE,FALSE
698,5,265,299,305,265,299,305,265,299,305,34,40,34,40,FALSE,FALSE
698,6,287,330,334,287,330,334,287,330,334,43,47,43,47,FALSE,FALSE
698,7,318,352,346,318,352,346,318,352,346,34,28,34,28,FALSE,FALSE
698,8,347,392,371,347,392,371,347,392,371,45,24,45,24,FALSE,FALSE
698,9,362,435,408,362,435,408,362,435,408,73,46,73,46,FALSE,FALSE
698,10,382,480,461,382,480,461,382,480,461,98,79,98,79,FALSE,FALSE
698,11,417,539,477,417,539,477,417,539,477,122,60,122,60,FALSE,FALSE
698,12,448,576,481,448,576,481,448,576,481,128,33,128,33,FALSE,FALSE
698,13,479,620,539,479,620,539,479,620,539,141,60,141,60,FALSE,FALSE
698,14,519,673,559,519,673,559,519,673,559,154,40,154,40,FALSE,FALSE
698,15,581,713,585,581,713,585,581,713,585,132,4,132,4,FALSE,FALSE
698,16,589,756,637,589,756,637,589,756,637,167,48,167,48,FALSE,FALSE
698,17,615,794,660,615,794,660,615,794,660,179,45,179,45,FALSE,FALSE
698,18,635,852,687,635,852,687,635,852,687,217,52,217,52,FALSE,FALSE
698,19,661,894,716,661,894,716,661,894,716,233,55,233,55,FALSE,FALSE
698,20,666,919,760,666,919,760,666,919,760,253,94,253,94,FALSE,FALSE
698,21,674,914,806,674,914,806,674,914,806,240,132,240,132,FALSE,FALSE
698,22,684,923,799,684,923,799,684,923,799,239,115,239,115,FALSE,FALSE
698,23,690,920,785,690,920,785,690,920,785,230,95,230,95,FALSE,FALSE
698,24,702,945,818,702,945,818,702,945,818,243,116,243,116,FALSE,FALSE
698,25,678,930,821,678,930,821,678,930,821,252,143,252,143,FALSE,FALSE
698,26,715,925,814,715,925,814,715,925,814,210,99,210,99,FALSE,FALSE
698,27,725,916,793,725,916,793,725,916,793,191,68,191,68,FALSE,FALSE
698,28,749,884,777,749,884,777,749,884,777,135,28,135,28,FALSE,FALSE
698,29,746,848,762,746,848,762,746,848,762,102,16,102,16,FALSE,FALSE
698,30,749,799,741,749,799,741,749,799,741,50,-8,50,8,FALSE,FALSE
698,31,728,814,767,728,814,767,728,814,767,86,39,86,39,FALSE,FALSE
698,32,726,777,751,726,777,751,726,777,751,51,25,51,25,FALSE,FALSE
698,33,707,733,757,707,733,757,707,733,757,26,50,26,50,FALSE,FALSE
698,34,683,705,721,683,705,721,683,705,721,22,38,22,38,FALSE,FALSE
698,35,641,662,700,641,662,700,641,662,700,21,59,21,59,FALSE,FALSE
698,36,623,615,677,623,615,677,623,615,677,-8,54,8,54,FALSE,FALSE
698,37,634,574,658,634,574,658,634,574,658,-60,24,60,24,FALSE,FALSE
698,38,611,543,657,611,543,657,611,543,657,-68,46,68,46,FALSE,FALSE
698,39,565,520,636,565,520,636,565,520,636,-45,71,45,71,FALSE,FALSE
698,40,556,476,615,556,476,615,556,476,615,-80,59,80,59,FALSE,FALSE
698,41,503,444,568,503,444,568,503,444,568,-59,65,59,65,FALSE,FALSE
698,42,511,417,536,511,417,536,511,417,536,-94,25,94,25,FALSE,FALSE
698,43,478,381,501,478,381,501,478,381,501,-97,23,97,23,FALSE,FALSE
698,44,462,343,488,462,343,488,462,343,488,-119,26,119,26,FALSE,FALSE
698,45,419,318,466,419,318,466,419,318,466,-101,47,101,47,FALSE,FALSE
698,46,394,299,467,394,299,467,394,299,467,-95,73,95,73,FALSE,FALSE
698,47,373,287,437,373,287,437,373,287,437,-86,64,86,64,FALSE,FALSE
698,48,368,272,405,368,272,405,368,272,405,-96,37,96,37,FALSE,FALSE
698,49,351,255,384,351,255,384,351,255,384,-96,33,96,33,FALSE,FALSE
698,50,332,240,340,332,240,340,332,240,340,-92,8,92,8,FALSE,FALSE
698,51,308,214,302,308,214,302,308,214,302,-94,-6,94,6,FALSE,FALSE
698,52,288,204,270,288,204,270,288,204,270,-84,-18,84,18,FALSE,FALSE
698,53,270,198,242,270,198,242,270,198,242,-72,-28,72,28,FALSE,FALSE
698,54,248,191,210,248,191,210,248,191,210,-57,-38,57,38,FALSE,FALSE
698,55,218,177,193,218,177,193,218,177,193,-41,-25,41,25,FALSE,FALSE
698,56,198,162,175,198,162,175,198,162,175,-36,-23,36,23,FALSE,FALSE
698,57,174,154,171,174,154,171,174,154,171,-20,-3,20,3,FALSE,FALSE
698,58,161,146,157,161,146,157,161,146,157,-15,-4,15,4,FALSE,FALSE
698,59,147,140,136,147,140,136,147,140,136,-7,-11,7,11,FALSE,FALSE
698,60,145,124,123,145,124,123,145,124,123,-21,-22,21,22,FALSE,FALSE
699,0,80,80,80,80,80,80,80,80,80,0,0,0,0,TRUE,TRUE
699,1,106,109,114,106,109,114,106,109,114,3,8,3,8,FALSE,FALSE
699,2,135,144,152,135,144,152,135,144,152,9,17,9,17,FALSE,FALSE
699,3,164,188,183,164,188,183,164,188,183,24,19,24,19,FALSE,FALSE
699,4,215,240,243,215,240,243,215,240,243,25,28,25,28,FALSE,FALSE
699,5,246,303,290,246,303,290,246,303,290,57,44,57,44,FALSE,FALSE
699,6,296,370,365,296,370,365,296,370,365,74,69,74,69,FALSE,FALSE
699,7,370,471,450,370,471,450,370,471,450,101,80,101,80,FALSE,FALSE
699,8,469,599,533,469,599,533,469,599,533,130,64,130,64,FALSE,FALSE
699,9,575,718,632,575,718,632,575,718,632,143,57,143,57,FALSE,FALSE
699,10,713,869,758,713,869,758,713,869,758,156,45,156,45,FALSE,FALSE
699,11,847,987,868,847,987,868,847,987,868,140,21,140,21,FALSE,FALSE
699,12,974,1084,932,974,1084,932,974,1084,932,110,-42,110,42,FALSE,FALSE
699,13,1089,1196,1038,1089,1196,1038,1089,1196,1038,107,-51,107,51,FALSE,FALSE
699,14,1170,1291,1140,1170,1291,1140,1170,1291,1140,121,-30,121,30,FALSE,FALSE
699,15,1252,1337,1204,1252,1337,1204,1252,1337,1204,85,-48,85,48,FALSE,FALSE
699,16,1286,1313,1255,1286,1313,1255,1286,1313,1255,27,-31,27,31,FALSE,FALSE
699,17,1269,1273,1241,1269,1273,1241,1269,1273,1241,4,-28,4,28,FALSE,FALSE
699,18,1250,1151,1167,1250,1151,1167,1250,1151,1167,-99,-83,99,83,FALSE,FALSE
699,19,1172,1091,1129,1172,1091,1129,1172,1091,1129,-81,-43,81,43,FALSE,FALSE
699,20,1072,1038,1040,1072,1038,1040,1072,1038,1040,-34,-32,34,32,FALSE,FALSE
699,21,1002,954,957,1002,954,957,1002,954,957,-48,-45,48,45,FALSE,FALSE
699,22,912,829,851,912,829,851,912,829,851,-83,-61,83,61,FALSE,FALSE
699,23,827,719,743,827,719,743,827,719,743,-108,-84,108,84,FALSE,FALSE
699,24,729,631,653,729,631,653,729,631,653,-98,-76,98,76,FALSE,FALSE
699,25,645,529,560,645,529,560,645,529,560,-116,-85,116,85,FALSE,FALSE
699,26,553,457,498,553,457,498,553,457,498,-96,-55,96,55,FALSE,FALSE
699,27,468,392,431,468,392,431,468,392,431,-76,-37,76,37,FALSE,FALSE
699,28,432,339,353,432,339,353,432,339,353,-93,-79,93,79,FALSE,FALSE
699,29,378,290,311,378,290,311,378,290,311,-88,-67,88,67,FALSE,FALSE
699,30,327,243,265,327,243,265,327,243,265,-84,-62,84,62,FALSE,FALSE
699,31,262,203,226,262,203,226,262,203,226,-59,-36,59,36,FALSE,FALSE
699,32,221,160,186,221,160,186,221,160,186,-61,-35,61,35,FALSE,FALSE
699,33,182,138,153,182,138,153,182,138,153,-44,-29,44,29,FALSE,FALSE
699,34,155,115,120,155,115,120,155,115,120,-40,-35,40,35,FALSE,FALSE
699,35,138,94,104,138,94,104,138,94,104,-44,-34,44,34,FALSE,FALSE
699,36,117,75,88,117,75,88,117,75,88,-42,-29,42,29,FALSE,FALSE
699,37,97,58,71,97,58,71,97,58,71,-39,-26,39,26,FALSE,FALSE
699,38,76,53,60,76,53,60,76,53,60,-23,-16,23,16,FALSE,FALSE
699,39,68,44,51,68,44,51,68,44,51,-24,-17,24,17,FALSE,FALSE
699,40,57,37,50,57,37,50,57,37,50,-20,-7,20,7,FALSE,FALSE
699,41,44,33,38,44,33,38,44,33,38,-11,-6,11,6,FALSE,FALSE
699,42,35,22,33,35,22,33,35,22,33,-13,-2,13,2,FALSE,FALSE
699,43,23,18,30,23,18,30,23,18,30,-5,7,5,7,FALSE,FALSE
699,44,19,15,26,19,15,26,19,15,26,-4,7,4,7,FALSE,FALSE
699,45,12,14,24,12,14,24,12,14,24,2,12,2,12,FALSE,FALSE
699,46,12,13,22,12,13,22,12,13,22,1,10,1,10,FALSE,FALSE
699,47,10,9,18,10,9,18,10,9,18,-1,8,1,8,FALSE,FALSE
699,48,3,9,20,3,9,20,3,9,20,6,17,6,17,FALSE,FALSE
699,49,3,9,15,3,9,15,3,9,15,6,12,6,12,FALSE,FALSE
699,50,2,10,14,2,10,14,2,10,14,8,12,8,12,FALSE,FALSE
699,51,2,8,12,2,8,12,2,8,12,6,10,6,10,FALSE,FALSE
699,52,2,6,10,2,6,10,2,6,10,4,8,4,8,FALSE,FALSE
699,53,1,6,7,1,6,7,1,6,7,5,6,5,6,FALSE,FALSE
699,54,1,5,7,1,5,7,1,5,7,4,6,4,6,FALSE,FALSE
699,55,1,5,4,1,5,4,1,5,4,4,3,4,3,FALSE,FALSE
699,56,2,3,4,2,3,4,2,3,4,1,2,1,2,FALSE,FALSE
699,57,2,3,4,2,3,4,2,3,4,1,2,1,2,FALSE,FALSE
699,58,1,2,3,1,2,3,1,2,3,1,2,1,2,FALSE,FALSE
699,59,0,1,2,0,1,2,0,1,2,1,2,1,2,FALSE,FALSE
699,60,0,1,1,0,1,1,0,1,1,1,1,1,1,FALSE,FALSE
700,0,68,68,68,68,68,68,68,68,68,0,0,0,0,TRUE,TRUE
700,1,104,76,87,104,76,87,104,76,87,-28,-17,28,17,FALSE,FALSE
700,2,143,95,121,143,95,121,143,95,121,-48,-22,48,22,FALSE,FALSE
700,3,192,112,164,192,112,164,192,112,164,-80,-28,80,28,FALSE,FALSE
700,4,273,135,236,273,135,236,273,135,236,-138,-37,138,37,FALSE,FALSE
700,5,360,172,314,360,172,314,360,172,314,-188,-46,188,46,FALSE,FALSE
700,6,496,224,450,496,224,450,496,224,450,-272,-46,272,46,FALSE,FALSE
700,7,631,286,586,631,286,586,631,286,586,-345,-45,345,45,FALSE,FALSE
700,8,818,347,774,818,347,774,818,347,774,-471,-44,471,44,FALSE,FALSE
700,9,1060,434,948,1060,434,948,1060,434,948,-626,-112,626,112,FALSE,FALSE
700,10,1272,526,1158,1272,526,1158,1272,526,1158,-746,-114,746,114,FALSE,FALSE
700,11,1476,648,1387,1476,648,1387,1476,648,1387,-828,-89,828,89,FALSE,FALSE
700,12,1660,820,1582,1660,820,1582,1660,820,1582,-840,-78,840,78,FALSE,FALSE
700,13,1795,971,1726,1795,971,1726,1795,971,1726,-824,-69,824,69,FALSE,FALSE
700,14,1887,1111,1889,1887,1111,1889,1887,1111,1889,-776,2,776,2,FALSE,FALSE
700,15,1926,1259,1886,1926,1259,1886,1926,1259,1886,-667,-40,667,40,FALSE,FALSE
700,16,1879,1401,1833,1879,1401,1833,1879,1401,1833,-478,-46,478,46,FALSE,FALSE
700,17,1830,1499,1787,1830,1499,1787,1830,1499,1787,-331,-43,331,43,FALSE,FALSE
700,18,1732,1590,1691,1732,1590,1691,1732,1590,1691,-142,-41,142,41,FALSE,FALSE
700,19,1571,1618,1562,1571,1618,1562,1571,1618,1562,47,-9,47,9,FALSE,FALSE
700,20,1433,1604,1423,1433,1604,1423,1433,1604,1423,171,-10,171,10,FALSE,FALSE
700,21,1270,1535,1300,1270,1535,1300,1270,1535,1300,265,30,265,30,FALSE,FALSE
700,22,1089,1420,1162,1089,1420,1162,1089,1420,1162,331,73,331,73,FALSE,FALSE
700,23,950,1343,1002,950,1343,1002,950,1343,1002,393,52,393,52,FALSE,FALSE
700,24,836,1236,890,836,1236,890,836,1236,890,400,54,400,54,FALSE,FALSE
700,25,715,1154,751,715,1154,751,715,1154,751,439,36,439,36,FALSE,FALSE
700,26,601,1036,666,601,1036,666,601,1036,666,435,65,435,65,FALSE,FALSE
700,27,520,896,584,520,896,584,520,896,584,376,64,376,64,FALSE,FALSE
700,28,431,821,516,431,821,516,431,821,516,390,85,390,85,FALSE,FALSE
700,29,362,734,437,362,734,437,362,734,437,372,75,372,75,FALSE,FALSE
700,30,319,649,365,319,649,365,319,649,365,330,46,330,46,FALSE,FALSE
700,31,281,560,308,281,560,308,281,560,308,279,27,279,27,FALSE,FALSE
700,32,246,472,250,246,472,250,246,472,250,226,4,226,4,FALSE,FALSE
700,33,203,433,211,203,433,211,203,433,211,230,8,230,8,FALSE,FALSE
700,34,176,372,183,176,372,183,176,372,183,196,7,196,7,FALSE,FALSE
700,35,144,316,157,144,316,157,144,316,157,172,13,172,13,FALSE,FALSE
700,36,132,255,133,132,255,133,132,255,133,123,1,123,1,FALSE,FALSE
700,37,108,213,103,108,213,103,108,213,103,105,-5,105,5,FALSE,FALSE
700,38,86,188,81,86,188,81,86,188,81,102,-5,102,5,FALSE,FALSE
700,39,74,161,78,74,161,78,74,161,78,87,4,87,4,FALSE,FALSE
700,40,67,139,65,67,139,65,67,139,65,72,-2,72,2,FALSE,FALSE
700,41,60,118,56,60,118,56,60,118,56,58,-4,58,4,FALSE,FALSE
700,42,50,110,41,50,110,41,50,110,41,60,-9,60,9,FALSE,FALSE
700,43,41,91,33,41,91,33,41,91,33,50,-8,50,8,FALSE,FALSE
700,44,34,78,31,34,78,31,34,78,31,44,-3,44,3,FALSE,FALSE
700,45,27,68,29,27,68,29,27,68,29,41,2,41,2,FALSE,FALSE
700,46,22,53,25,22,53,25,22,53,25,31,3,31,3,FALSE,FALSE
700,47,20,51,21,20,51,21,20,51,21,31,1,31,1,FALSE,FALSE
700,48,14,37,18,14,37,18,14,37,18,23,4,23,4,FALSE,FALSE
700,49,14,39,11,14,39,11,14,39,11,25,-3,25,3,FALSE,FALSE
700,50,9,33,9,9,33,9,9,33,9,24,0,24,0,FALSE,TRUE
700,51,8,27,10,8,27,10,8,27,10,19,2,19,2,FALSE,FALSE
700,52,8,23,8,8,23,8,8,23,8,15,0,15,0,FALSE,TRUE
700,53,8,17,7,8,17,7,8,17,7,9,-1,9,1,FALSE,FALSE
700,54,6,13,5,6,13,5,6,13,5,7,-1,7,1,FALSE,FALSE
700,55,7,12,6,7,12,6,7,12,6,5,-1,5,1,FALSE,FALSE
700,56,6,11,5,6,11,5,6,11,5,5,-1,5,1,FALSE,FALSE
700,57,5,13,6,5,13,6,5,13,6,8,1,8,1,FALSE,FALSE
700,58,6,9,5,6,9,5,6,9,5,3,-1,3,1,FALSE,FALSE
700,59,5,6,5,5,6,5,5,6,5,1,0,1,0,FALSE,TRUE
700,60,5,5,4,5,5,4,5,5,4,0,-1,0,1,TRUE,FALSE
701,0,94,94,94,94,94,94,94,94,94,0,0,0,0,TRUE,TRUE
701,1,111,111,115,111,111,115,111,111,115,0,4,0,4,TRUE,FALSE
701,2,141,124,136,141,124,136,141,124,136,-17,-5,17,5,FALSE,FALSE
701,3,191,164,176,191,164,176,191,164,176,-27,-15,27,15,FALSE,FALSE
701,4,232,196,219,232,196,219,232,196,219,-36,-13,36,13,FALSE,FALSE
701,5,270,228,281,270,228,281,270,228,281,-42,11,42,11,FALSE,FALSE
701,6,340,265,331,340,265,331,340,265,331,-75,-9,75,9,FALSE,FALSE
701,7,405,314,406,405,314,406,405,314,406,-91,1,91,1,FALSE,FALSE
701,8,468,369,475,468,369,475,468,369,475,-99,7,99,7,FALSE,FALSE
701,9,553,449,563,553,449,563,553,449,563,-104,10,104,10,FALSE,FALSE
701,10,655,519,670,655,519,670,655,519,670,-136,15,136,15,FALSE,FALSE
701,11,736,590,793,736,590,793,736,590,793,-146,57,146,57,FALSE,FALSE
701,12,827,699,914,827,699,914,827,699,914,-128,87,128,87,FALSE,FALSE
701,13,939,801,1025,939,801,1025,939,801,1025,-138,86,138,86,FALSE,FALSE
701,14,1054,910,1154,1054,910,1154,1054,910,1154,-144,100,144,100,FALSE,FALSE
701,15,1181,1003,1255,1181,1003,1255,1181,1003,1255,-178,74,178,74,FALSE,FALSE
701,16,1311,1092,1366,1311,1092,1366,1311,1092,1366,-219,55,219,55,FALSE,FALSE
701,17,1447,1184,1488,1447,1184,1488,1447,1184,1488,-263,41,263,41,FALSE,FALSE
701,18,1530,1276,1606,1530,1276,1606,1530,1276,1606,-254,76,254,76,FALSE,FALSE
701,19,1648,1395,1721,1648,1395,1721,1648,1395,1721,-253,73,253,73,FALSE,FALSE
701,20,1721,1495,1763,1721,1495,1763,1721,1495,1763,-226,42,226,42,FALSE,FALSE
701,21,1776,1547,1789,1776,1547,1789,1776,1547,1789,-229,13,229,13,FALSE,FALSE
701,22,1830,1621,1816,1830,1621,1816,1830,1621,1816,-209,-14,209,14,FALSE,FALSE
701,23,1850,1660,1828,1850,1660,1828,1850,1660,1828,-190,-22,190,22,FALSE,FALSE
701,24,1869,1699,1820,1869,1699,1820,1869,1699,1820,-170,-49,170,49,FALSE,FALSE
701,25,1866,1691,1780,1866,1691,1780,1866,1691,1780,-175,-86,175,86,FALSE,FALSE
701,26,1874,1699,1742,1874,1699,1742,1874,1699,1742,-175,-132,175,132,FALSE,FALSE
701,27,1829,1675,1692,1829,1675,1692,1829,1675,1692,-154,-137,154,137,FALSE,FALSE
701,28,1752,1659,1655,1752,1659,1655,1752,1659,1655,-93,-97,93,97,FALSE,FALSE
701,29,1665,1632,1587,1665,1632,1587,1665,1632,1587,-33,-78,33,78,FALSE,FALSE
701,30,1561,1596,1505,1561,1596,1505,1561,1596,1505,35,-56,35,56,FALSE,FALSE
701,31,1496,1547,1446,1496,1547,1446,1496,1547,1446,51,-50,51,50,FALSE,FALSE
701,32,1429,1496,1377,1429,1496,1377,1429,1496,1377,67,-52,67,52,FALSE,FALSE
701,33,1342,1441,1315,1342,1441,1315,1342,1441,1315,99,-27,99,27,FALSE,FALSE
701,34,1277,1386,1245,1277,1386,1245,1277,1386,1245,109,-32,109,32,FALSE,FALSE
701,35,1223,1339,1186,1223,1339,1186,1223,1339,1186,116,-37,116,37,FALSE,FALSE
701,36,1153,1280,1124,1153,1280,1124,1153,1280,1124,127,-29,127,29,FALSE,FALSE
701,37,1082,1204,1053,1082,1204,1053,1082,1204,1053,122,-29,122,29,FALSE,FALSE
701,38,1011,1125,990,1011,1125,990,1011,1125,990,114,-21,114,21,FALSE,FALSE
701,39,936,1062,922,936,1062,922,936,1062,922,126,-14,126,14,FALSE,FALSE
701,40,879,977,847,879,977,847,879,977,847,98,-32,98,32,FALSE,FALSE
701,41,819,925,794,819,925,794,819,925,794,106,-25,106,25,FALSE,FALSE
701,42,752,869,734,752,869,734,752,869,734,117,-18,117,18,FALSE,FALSE
701,43,705,821,675,705,821,675,705,821,675,116,-30,116,30,FALSE,FALSE
701,44,662,772,635,662,772,635,662,772,635,110,-27,110,27,FALSE,FALSE
701,45,618,721,587,618,721,587,618,721,587,103,-31,103,31,FALSE,FALSE
701,46,570,687,555,570,687,555,570,687,555,117,-15,117,15,FALSE,FALSE
701,47,533,647,532,533,647,532,533,647,532,114,-1,114,1,FALSE,FALSE
701,48,498,585,493,498,585,493,498,585,493,87,-5,87,5,FALSE,FALSE
701,49,459,533,450,459,533,450,459,533,450,74,-9,74,9,FALSE,FALSE
701,50,428,488,413,428,488,413,428,488,413,60,-15,60,15,FALSE,FALSE
701,51,391,450,385,391,450,385,391,450,385,59,-6,59,6,FALSE,FALSE
701,52,368,426,353,368,426,353,368,426,353,58,-15,58,15,FALSE,FALSE
701,53,329,406,332,329,406,332,329,406,332,77,3,77,3,FALSE,FALSE
701,54,301,382,311,301,382,311,301,382,311,81,10,81,10,FALSE,FALSE
701,55,284,361,294,284,361,294,284,361,294,77,10,77,10,FALSE,FALSE
701,56,267,332,268,267,332,268,267,332,268,65,1,65,1,FALSE,FALSE
701,57,246,308,244,246,308,244,246,308,244,62,-2,62,2,FALSE,FALSE
701,58,232,284,230,232,284,230,232,284,230,52,-2,52,2,FALSE,FALSE
701,59,211,256,208,211,256,208,211,256,208,45,-3,45,3,FALSE,FALSE
701,60,192,238,191,192,238,191,192,238,191,46,-1,46,1,FALSE,FALSE
702,0,86,86,86,86,86,86,86,86,86,0,0,0,0,TRUE,TRUE
702,1,102,96,101,102,96,101,102,96,101,-6,-1,6,1,FALSE,FALSE
702,2,110,116,113,110,116,113,110,116,113,6,3,6,3,FALSE,FALSE
702,3,127,141,126,127,141,126,127,141,126,14,-1,14,1,FALSE,FALSE
702,4,142,153,135,142,153,135,142,153,135,11,-7,11,7,FALSE,FALSE
702,5,166,180,155,166,180,155,166,180,155,14,-11,14,11,FALSE,FALSE
702,6,193,203,175,193,203,175,193,203,175,10,-18,10,18,FALSE,FALSE
702,7,233,233,200,233,233,200,233,233,200,0,-33,0,33,TRUE,FALSE
702,8,252,278,243,252,278,243,252,278,243,26,-9,26,9,FALSE,FALSE
702,9,287,293,282,287,293,282,287,293,282,6,-5,6,5,FALSE,FALSE
702,10,327,306,320,327,306,320,327,306,320,-21,-7,21,7,FALSE,FALSE
702,11,356,335,357,356,335,357,356,335,357,-21,1,21,1,FALSE,FALSE
702,12,381,380,372,381,380,372,381,380,372,-1,-9,1,9,FALSE,FALSE
702,13,415,435,411,415,435,411,415,435,411,20,-4,20,4,FALSE,FALSE
702,14,435,500,450,435,500,450,435,500,450,65,15,65,15,FALSE,FALSE
702,15,451,519,485,451,519,485,451,519,485,68,34,68,34,FALSE,FALSE
702,16,513,566,510,513,566,510,513,566,510,53,-3,53,3,FALSE,FALSE
702,17,560,585,538,560,585,538,560,585,538,25,-22,25,22,FALSE,FALSE
702,18,617,596,561,617,596,561,617,596,561,-21,-56,21,56,FALSE,FALSE
702,19,658,595,561,658,595,561,658,595,561,-63,-97,63,97,FALSE,FALSE
702,20,700,606,578,700,606,578,700,606,578,-94,-122,94,122,FALSE,FALSE
702,21,678,613,574,678,613,574,678,613,574,-65,-104,65,104,FALSE,FALSE
702,22,693,629,582,693,629,582,693,629,582,-64,-111,64,111,FALSE,FALSE
702,23,678,643,590,678,643,590,678,643,590,-35,-88,35,88,FALSE,FALSE
702,24,637,646,577,637,646,577,637,646,577,9,-60,9,60,FALSE,FALSE
702,25,634,647,563,634,647,563,634,647,563,13,-71,13,71,FALSE,FALSE
702,26,601,625,562,601,625,562,601,625,562,24,-39,24,39,FALSE,FALSE
702,27,577,615,552,577,615,552,577,615,552,38,-25,38,25,FALSE,FALSE
702,28,558,608,535,558,608,535,558,608,535,50,-23,50,23,FALSE,FALSE
702,29,526,562,542,526,562,542,526,562,542,36,16,36,16,FALSE,FALSE
702,30,503,513,518,503,513,518,503,513,518,10,15,10,15,FALSE,FALSE
702,31,491,503,485,491,503,485,491,503,485,12,-6,12,6,FALSE,FALSE
702,32,441,492,435,441,492,435,441,492,435,51,-6,51,6,FALSE,FALSE
702,33,390,481,421,390,481,421,390,481,421,91,31,91,31,FALSE,FALSE
702,34,355,432,398,355,432,398,355,432,398,77,43,77,43,FALSE,FALSE
702,35,326,407,353,326,407,353,326,407,353,81,27,81,27,FALSE,FALSE
702,36,304,369,333,304,369,333,304,369,333,65,29,65,29,FALSE,FALSE
702,37,284,330,300,284,330,300,284,330,300,46,16,46,16,FALSE,FALSE
702,38,250,298,295,250,298,295,250,298,295,48,45,48,45,FALSE,FALSE
702,39,231,269,261,231,269,261,231,269,261,38,30,38,30,FALSE,FALSE
702,40,213,237,233,213,237,233,213,237,233,24,20,24,20,FALSE,FALSE
702,41,191,217,219,191,217,219,191,217,219,26,28,26,28,FALSE,FALSE
702,42,188,183,194,188,183,194,188,183,194,-5,6,5,6,FALSE,FALSE
702,43,160,172,184,160,172,184,160,172,184,12,24,12,24,FALSE,FALSE
702,44,147,158,154,147,158,154,147,158,154,11,7,11,7,FALSE,FALSE
702,45,138,151,128,138,151,128,138,151,128,13,-10,13,10,FALSE,FALSE
702,46,135,137,112,135,137,112,135,137,112,2,-23,2,23,FALSE,FALSE
702,47,125,124,101,125,124,101,125,124,101,-1,-24,1,24,FALSE,FALSE
702,48,109,126,98,109,126,98,109,126,98,17,-11,17,11,FALSE,FALSE
702,49,106,117,89,106,117,89,106,117,89,11,-17,11,17,FALSE,FALSE
702,50,99,105,86,99,105,86,99,105,86,6,-13,6,13,FALSE,FALSE
702,51,87,89,75,87,89,75,87,89,75,2,-12,2,12,FALSE,FALSE
702,52,78,73,62,78,73,62,78,73,62,-5,-16,5,16,FALSE,FALSE
702,53,65,62,66,65,62,66,65,62,66,-3,1,3,1,FALSE,FALSE
702,54,56,58,58,56,58,58,56,58,58,2,2,2,2,FALSE,FALSE
702,55,47,54,53,47,54,53,47,54,53,7,6,7,6,FALSE,FALSE
702,56,44,53,48,44,53,48,44,53,48,9,4,9,4,FALSE,FALSE
702,57,42,47,44,42,47,44,42,47,44,5,2,5,2,FALSE,FALSE
702,58,36,42,45,36,42,45,36,42,45,6,9,6,9,FALSE,FALSE
702,59,35,34,37,35,34,37,35,34,37,-1,2,1,2,FALSE,FALSE
702,60,36,39,36,36,39,36,36,39,36,3,0,3,0,FALSE,TRUE
703,0,186,186,186,186,186,186,186,186,186,0,0,0,0,TRUE,TRUE
703,1,250,216,230,250,216,230,250,216,230,-34,-20,34,20,FALSE,FALSE
703,2,306,274,264,306,274,264,306,274,264,-32,-42,32,42,FALSE,FALSE
703,3,363,322,312,363,322,312,363,322,312,-41,-51,41,51,FALSE,FALSE
703,4,459,404,390,459,404,390,459,404,390,-55,-69,55,69,FALSE,FALSE
703,5,570,489,493,570,489,493,570,489,493,-81,-77,81,77,FALSE,FALSE
703,6,671,593,601,671,593,601,671,593,601,-78,-70,78,70,FALSE,FALSE
703,7,800,730,751,800,730,751,800,730,751,-70,-49,70,49,FALSE,FALSE
703,8,949,866,862,949,866,862,949,866,862,-83,-87,83,87,FALSE,FALSE
703,9,1092,1014,1033,1092,1014,1033,1092,1014,1033,-78,-59,78,59,FALSE,FALSE
703,10,1233,1167,1146,1233,1167,1146,1233,1167,1146,-66,-87,66,87,FALSE,FALSE
703,11,1401,1290,1254,1401,1290,1254,1401,1290,1254,-111,-147,111,147,FALSE,FALSE
703,12,1525,1428,1413,1525,1428,1413,1525,1428,1413,-97,-112,97,112,FALSE,FALSE
703,13,1657,1594,1495,1657,1594,1495,1657,1594,1495,-63,-162,63,162,FALSE,FALSE
703,14,1791,1716,1585,1791,1716,1585,1791,1716,1585,-75,-206,75,206,FALSE,FALSE
703,15,1873,1756,1665,1873,1756,1665,1873,1756,1665,-117,-208,117,208,FALSE,FALSE
703,16,1886,1761,1752,1886,1761,1752,1886,1761,1752,-125,-134,125,134,FALSE,FALSE
703,17,1832,1799,1699,1832,1799,1699,1832,1799,1699,-33,-133,33,133,FALSE,FALSE
703,18,1816,1735,1683,1816,1735,1683,1816,1735,1683,-81,-133,81,133,FALSE,FALSE
703,19,1743,1692,1641,1743,1692,1641,1743,1692,1641,-51,-102,51,102,FALSE,FALSE
703,20,1589,1618,1576,1589,1618,1576,1589,1618,1576,29,-13,29,13,FALSE,FALSE
703,21,1496,1526,1469,1496,1526,1469,1496,1526,1469,30,-27,30,27,FALSE,FALSE
703,22,1353,1422,1384,1353,1422,1384,1353,1422,1384,69,31,69,31,FALSE,FALSE
703,23,1240,1266,1248,1240,1266,1248,1240,1266,1248,26,8,26,8,FALSE,FALSE
703,24,1150,1108,1110,1150,1108,1110,1150,1108,1110,-42,-40,42,40,FALSE,FALSE
703,25,1027,986,988,1027,986,988,1027,986,988,-41,-39,41,39,FALSE,FALSE
703,26,923,865,902,923,865,902,923,865,902,-58,-21,58,21,FALSE,FALSE
703,27,821,748,796,821,748,796,821,748,796,-73,-25,73,25,FALSE,FALSE
703,28,732,646,710,732,646,710,732,646,710,-86,-22,86,22,FALSE,FALSE
703,29,644,550,644,644,550,644,644,550,644,-94,0,94,0,FALSE,TRUE
703,30,545,477,564,545,477,564,545,477,564,-68,19,68,19,FALSE,FALSE
703,31,485,441,489,485,441,489,485,441,489,-44,4,44,4,FALSE,FALSE
703,32,424,401,422,424,401,422,424,401,422,-23,-2,23,2,FALSE,FALSE
703,33,379,347,378,379,347,378,379,347,378,-32,-1,32,1,FALSE,FALSE
703,34,337,296,344,337,296,344,337,296,344,-41,7,41,7,FALSE,FALSE
703,35,289,253,296,289,253,296,289,253,296,-36,7,36,7,FALSE,FALSE
703,36,252,214,272,252,214,272,252,214,272,-38,20,38,20,FALSE,FALSE
703,37,225,187,218,225,187,218,225,187,218,-38,-7,38,7,FALSE,FALSE
703,38,183,160,188,183,160,188,183,160,188,-23,5,23,5,FALSE,FALSE
703,39,155,136,171,155,136,171,155,136,171,-19,16,19,16,FALSE,FALSE
703,40,141,126,156,141,126,156,141,126,156,-15,15,15,15,FALSE,FALSE
703,41,114,97,126,114,97,126,114,97,126,-17,12,17,12,FALSE,FALSE
703,42,91,90,104,91,90,104,91,90,104,-1,13,1,13,FALSE,FALSE
703,43,74,75,83,74,75,83,74,75,83,1,9,1,9,FALSE,FALSE
703,44,61,61,66,61,61,66,61,61,66,0,5,0,5,TRUE,FALSE
703,45,43,55,57,43,55,57,43,55,57,12,14,12,14,FALSE,FALSE
703,46,38,43,48,38,43,48,38,43,48,5,10,5,10,FALSE,FALSE
703,47,36,35,37,36,35,37,36,35,37,-1,1,1,1,FALSE,FALSE
703,48,33,33,26,33,33,26,33,33,26,0,-7,0,7,TRUE,FALSE
703,49,27,23,24,27,23,24,27,23,24,-4,-3,4,3,FALSE,FALSE
703,50,26,21,16,26,21,16,26,21,16,-5,-10,5,10,FALSE,FALSE
703,51,26,18,15,26,18,15,26,18,15,-8,-11,8,11,FALSE,FALSE
703,52,19,16,12,19,16,12,19,16,12,-3,-7,3,7,FALSE,FALSE
703,53,15,12,12,15,12,12,15,12,12,-3,-3,3,3,FALSE,FALSE
703,54,13,9,13,13,9,13,13,9,13,-4,0,4,0,FALSE,TRUE
703,55,14,9,10,14,9,10,14,9,10,-5,-4,5,4,FALSE,FALSE
703,56,12,6,9,12,6,9,12,6,9,-6,-3,6,3,FALSE,FALSE
703,57,14,5,8,14,5,8,14,5,8,-9,-6,9,6,FALSE,FALSE
703,58,12,4,7,12,4,7,12,4,7,-8,-5,8,5,FALSE,FALSE
703,59,10,5,4,10,5,4,10,5,4,-5,-6,5,6,FALSE,FALSE
703,60,9,4,4,9,4,4,9,4,4,-5,-5,5,5,FALSE,FALSE
704,0,88,88,88,88,88,88,88,88,88,0,0,0,0,TRUE,TRUE
704,1,168,176,163,168,176,163,168,176,163,8,-5,8,5,FALSE,FALSE
704,2,302,334,307,302,334,307,302,334,307,32,5,32,5,FALSE,FALSE
704,3,517,597,519,517,597,519,517,597,519,80,2,80,2,FALSE,FALSE
704,4,852,987,872,852,987,872,852,987,872,135,20,135,20,FALSE,FALSE
704,5,1339,1438,1402,1339,1438,1402,1339,1438,1402,99,63,99,63,FALSE,FALSE
704,6,1947,2024,1951,1947,2024,1951,1947,2024,1951,77,4,77,4,FALSE,FALSE
704,7,2415,2475,2456,2415,2475,2456,2415,2475,2456,60,41,60,41,FALSE,FALSE
704,8,2586,2664,2668,2586,2664,2668,2586,2664,2668,78,82,78,82,FALSE,FALSE
704,9,2602,2606,2628,2602,2606,2628,2602,2606,2628,4,26,4,26,FALSE,FALSE
704,10,2409,2354,2333,2409,2354,2333,2409,2354,2333,-55,-76,55,76,FALSE,FALSE
704,11,2069,2066,1993,2069,2066,1993,2069,2066,1993,-3,-76,3,76,FALSE,FALSE
704,12,1709,1738,1691,1709,1738,1691,1709,1738,1691,29,-18,29,18,FALSE,FALSE
704,13,1422,1443,1363,1422,1443,1363,1422,1443,1363,21,-59,21,59,FALSE,FALSE
704,14,1111,1183,1121,1111,1183,1121,1111,1183,1121,72,10,72,10,FALSE,FALSE
704,15,884,947,898,884,947,898,884,947,898,63,14,63,14,FALSE,FALSE
704,16,706,776,697,706,776,697,706,776,697,70,-9,70,9,FALSE,FALSE
704,17,554,606,554,554,606,554,554,606,554,52,0,52,0,FALSE,TRUE
704,18,437,481,441,437,481,441,437,481,441,44,4,44,4,FALSE,FALSE
704,19,346,384,347,346,384,347,346,384,347,38,1,38,1,FALSE,FALSE
704,20,286,304,266,286,304,266,286,304,266,18,-20,18,20,FALSE,FALSE
704,21,229,243,209,229,243,209,229,243,209,14,-20,14,20,FALSE,FALSE
704,22,178,197,158,178,197,158,178,197,158,19,-20,19,20,FALSE,FALSE
704,23,159,145,129,159,145,129,159,145,129,-14,-30,14,30,FALSE,FALSE
704,24,120,122,107,120,122,107,120,122,107,2,-13,2,13,FALSE,FALSE
704,25,93,86,83,93,86,83,93,86,83,-7,-10,7,10,FALSE,FALSE
704,26,70,62,63,70,62,63,70,62,63,-8,-7,8,7,FALSE,FALSE
704,27,53,52,47,53,52,47,53,52,47,-1,-6,1,6,FALSE,FALSE
704,28,35,39,37,35,39,37,35,39,37,4,2,4,2,FALSE,FALSE
704,29,34,32,31,34,32,31,34,32,31,-2,-3,2,3,FALSE,FALSE
704,30,28,23,28,28,23,28,28,23,28,-5,0,5,0,FALSE,TRUE
704,31,24,16,24,24,16,24,24,16,24,-8,0,8,0,FALSE,TRUE
704,32,20,15,15,20,15,15,20,15,15,-5,-5,5,5,FALSE,FALSE
704,33,12,12,12,12,12,12,12,12,12,0,0,0,0,TRUE,TRUE
704,34,10,10,12,10,10,12,10,10,12,0,2,0,2,TRUE,FALSE
704,35,10,8,8,10,8,8,10,8,8,-2,-2,2,2,FALSE,FALSE
704,36,8,6,6,8,6,6,8,6,6,-2,-2,2,2,FALSE,FALSE
704,37,7,5,5,7,5,5,7,5,5,-2,-2,2,2,FALSE,FALSE
704,38,4,2,3,4,2,3,4,2,3,-2,-1,2,1,FALSE,FALSE
704,39,1,2,1,1,2,1,1,2,1,1,0,1,0,FALSE,TRUE
704,40,1,1,1,1,1,1,1,1,1,0,0,0,0,TRUE,TRUE
704,41,1,1,1,1,1,1,1,1,1,0,0,0,0,TRUE,TRUE
704,42,1,1,1,1,1,1,1,1,1,0,0,0,0,TRUE,TRUE
704,43,1,1,0,1,1,0,1,1,0,0,-1,0,1,TRUE,FALSE
704,44,1,1,0,1,1,0,1,1,0,0,-1,0,1,TRUE,FALSE
704,45,1,1,0,1,1,0,1,1,0,0,-1,0,1,TRUE,FALSE
704,46,1,1,0,1,1,0,1,1,0,0,-1,0,1,TRUE,FALSE
704,47,1,1,0,1,1,0,1,1,0,0,-1,0,1,TRUE,FALSE
704,48,1,1,0,1,1,0,1,1,0,0,-1,0,1,TRUE,FALSE
704,49,1,1,0,1,1,0,1,1,0,0,-1,0,1,TRUE,FALSE
704,50,1,1,0,1,1,0,1,1,0,0,-1,0,1,TRUE,FALSE
704,51,1,1,0,1,1,0,1,1,0,0,-1,0,1,TRUE,FALSE
704,52,0,1,0,0,1,0,0,1,0,1,0,1,0,FALSE,TRUE
704,53,0,0,0,0,0,0,0,0,0,0,0,0,0,TRUE,TRUE
704,54,0,0,0,0,0,0,0,0,0,0,0,0,0,TRUE,TRUE
704,55,0,0,0,0,0,0,0,0,0,0,0,0,0,TRUE,TRUE
704,56,0,0,0,0,0,0,0,0,0,0,0,0,0,TRUE,TRUE
704,57,0,0,0,0,0,0,0,0,0,0,0,0,0,TRUE,TRUE
704,58,0,0,0,0,0,0,0,0,0,0,0,0,0,TRUE,TRUE
704,59,0,0,0,0,0,0,0,0,0,0,0,0,0,TRUE,TRUE
704,60,0,0,0,0,0,0,0,0,0,0,0,0,0,TRUE,TRUE
705,0,119,119,119,119,119,119,119,119,119,0,0,0,0,TRUE,TRUE
705,1,154,142,137,154,142,137,154,142,137,-12,-17,12,17,FALSE,FALSE
705,2,173,178,157,173,178,157,173,178,157,5,-16,5,16,FALSE,FALSE
705,3,201,219,195,201,219,195,201,219,195,18,-6,18,6,FALSE,FALSE
705,4,237,284,235,237,284,235,237,284,235,47,-2,47,2,FALSE,FALSE
705,5,281,341,279,281,341,279,281,341,279,60,-2,60,2,FALSE,FALSE
705,6,343,424,337,343,424,337,343,424,337,81,-6,81,6,FALSE,FALSE
705,7,412,534,429,412,534,429,412,534,429,122,17,122,17,FALSE,FALSE
705,8,494,628,518,494,628,518,494,628,518,134,24,134,24,FALSE,FALSE
705,9,593,725,610,593,725,610,593,725,610,132,17,132,17,FALSE,FALSE
705,10,682,884,714,682,884,714,682,884,714,202,32,202,32,FALSE,FALSE
705,11,800,1063,821,800,1063,821,800,1063,821,263,21,263,21,FALSE,FALSE
705,12,924,1201,956,924,1201,956,924,1201,956,277,32,277,32,FALSE,FALSE
705,13,1082,1317,1069,1082,1317,1069,1082,1317,1069,235,-13,235,13,FALSE,FALSE
705,14,1228,1432,1184,1228,1432,1184,1228,1432,1184,204,-44,204,44,FALSE,FALSE
705,15,1369,1552,1282,1369,1552,1282,1369,1552,1282,183,-87,183,87,FALSE,FALSE
705,16,1477,1623,1383,1477,1623,1383,1477,1623,1383,146,-94,146,94,FALSE,FALSE
705,17,1580,1634,1478,1580,1634,1478,1580,1634,1478,54,-102,54,102,FALSE,FALSE
705,18,1629,1673,1559,1629,1673,1559,1629,1673,1559,44,-70,44,70,FALSE,FALSE
705,19,1682,1669,1633,1682,1669,1633,1682,1669,1633,-13,-49,13,49,FALSE,FALSE
705,20,1732,1679,1694,1732,1679,1694,1732,1679,1694,-53,-38,53,38,FALSE,FALSE
705,21,1730,1636,1683,1730,1636,1683,1730,1636,1683,-94,-47,94,47,FALSE,FALSE
705,22,1707,1564,1639,1707,1564,1639,1707,1564,1639,-143,-68,143,68,FALSE,FALSE
705,23,1633,1495,1555,1633,1495,1555,1633,1495,1555,-138,-78,138,78,FALSE,FALSE
705,24,1557,1414,1512,1557,1414,1512,1557,1414,1512,-143,-45,143,45,FALSE,FALSE
705,25,1453,1362,1436,1453,1362,1436,1453,1362,1436,-91,-17,91,17,FALSE,FALSE
705,26,1326,1260,1330,1326,1260,1330,1326,1260,1330,-66,4,66,4,FALSE,FALSE
705,27,1237,1135,1246,1237,1135,1246,1237,1135,1246,-102,9,102,9,FALSE,FALSE
705,28,1154,1015,1145,1154,1015,1145,1154,1015,1145,-139,-9,139,9,FALSE,FALSE
705,29,1054,911,1047,1054,911,1047,1054,911,1047,-143,-7,143,7,FALSE,FALSE
705,30,960,829,942,960,829,942,960,829,942,-131,-18,131,18,FALSE,FALSE
705,31,842,772,864,842,772,864,842,772,864,-70,22,70,22,FALSE,FALSE
705,32,749,698,805,749,698,805,749,698,805,-51,56,51,56,FALSE,FALSE
705,33,679,634,725,679,634,725,679,634,725,-45,46,45,46,FALSE,FALSE
705,34,593,558,651,593,558,651,593,558,651,-35,58,35,58,FALSE,FALSE
705,35,525,501,569,525,501,569,525,501,569,-24,44,24,44,FALSE,FALSE
705,36,460,447,484,460,447,484,460,447,484,-13,24,13,24,FALSE,FALSE
705,37,403,414,434,403,414,434,403,414,434,11,31,11,31,FALSE,FALSE
705,38,359,370,387,359,370,387,359,370,387,11,28,11,28,FALSE,FALSE
705,39,313,326,346,313,326,346,313,326,346,13,33,13,33,FALSE,FALSE
705,40,293,273,305,293,273,305,293,273,305,-20,12,20,12,FALSE,FALSE
705,41,272,247,283,272,247,283,272,247,283,-25,11,25,11,FALSE,FALSE
705,42,246,230,257,246,230,257,246,230,257,-16,11,16,11,FALSE,FALSE
705,43,214,197,230,214,197,230,214,197,230,-17,16,17,16,FALSE,FALSE
705,44,195,169,200,195,169,200,195,169,200,-26,5,26,5,FALSE,FALSE
705,45,179,157,181,179,157,181,179,157,181,-22,2,22,2,FALSE,FALSE
705,46,158,154,153,158,154,153,158,154,153,-4,-5,4,5,FALSE,FALSE
705,47,145,141,133,145,141,133,145,141,133,-4,-12,4,12,FALSE,FALSE
705,48,128,133,127,128,133,127,128,133,127,5,-1,5,1,FALSE,FALSE
705,49,113,112,107,113,112,107,113,112,107,-1,-6,1,6,FALSE,FALSE
705,50,95,94,96,95,94,96,95,94,96,-1,1,1,1,FALSE,FALSE
705,51,85,83,90,85,83,90,85,83,90,-2,5,2,5,FALSE,FALSE
705,52,79,74,82,79,74,82,79,74,82,-5,3,5,3,FALSE,FALSE
705,53,74,71,67,74,71,67,74,71,67,-3,-7,3,7,FALSE,FALSE
705,54,69,65,59,69,65,59,69,65,59,-4,-10,4,10,FALSE,FALSE
705,55,59,63,49,59,63,49,59,63,49,4,-10,4,10,FALSE,FALSE
705,56,49,57,40,49,57,40,49,57,40,8,-9,8,9,FALSE,FALSE
705,57,48,51,35,48,51,35,48,51,35,3,-13,3,13,FALSE,FALSE
705,58,37,47,30,37,47,30,37,47,30,10,-7,10,7,FALSE,FALSE
705,59,32,43,23,32,43,23,32,43,23,11,-9,11,9,FALSE,FALSE
705,60,33,37,19,33,37,19,33,37,19,4,-14,4,14,FALSE,FALSE
706,0,173,173,173,173,173,173,173,173,173,0,0,0,0,TRUE,TRUE
706,1,197,185,196,197,185,196,197,185,196,-12,-1,12,1,FALSE,FALSE
706,2,214,221,222,214,221,222,214,221,222,7,8,7,8,FALSE,FALSE
706,3,252,245,243,252,245,243,252,245,243,-7,-9,7,9,FALSE,FALSE
706,4,265,263,271,265,263,271,265,263,271,-2,6,2,6,FALSE,FALSE
706,5,282,289,306,282,289,306,282,289,306,7,24,7,24,FALSE,FALSE
706,6,319,311,323,319,311,323,319,311,323,-8,4,8,4,FALSE,FALSE
706,7,357,335,354,357,335,354,357,335,354,-22,-3,22,3,FALSE,FALSE
706,8,386,345,382,386,345,382,386,345,382,-41,-4,41,4,FALSE,FALSE
706,9,410,379,436,410,379,436,410,379,436,-31,26,31,26,FALSE,FALSE
706,10,439,433,441,439,433,441,439,433,441,-6,2,6,2,FALSE,FALSE
706,11,451,454,473,451,454,473,451,454,473,3,22,3,22,FALSE,FALSE
706,12,467,445,499,467,445,499,467,445,499,-22,32,22,32,FALSE,FALSE
706,13,483,452,506,483,452,506,483,452,506,-31,23,31,23,FALSE,FALSE
706,14,491,483,569,491,483,569,491,483,569,-8,78,8,78,FALSE,FALSE
706,15,519,522,576,519,522,576,519,522,576,3,57,3,57,FALSE,FALSE
706,16,533,532,609,533,532,609,533,532,609,-1,76,1,76,FALSE,FALSE
706,17,524,553,651,524,553,651,524,553,651,29,127,29,127,FALSE,FALSE
706,18,570,587,674,570,587,674,570,587,674,17,104,17,104,FALSE,FALSE
706,19,603,613,696,603,613,696,603,613,696,10,93,10,93,FALSE,FALSE
706,20,607,664,735,607,664,735,607,664,735,57,128,57,128,FALSE,FALSE
706,21,623,669,763,623,669,763,623,669,763,46,140,46,140,FALSE,FALSE
706,22,640,694,768,640,694,768,640,694,768,54,128,54,128,FALSE,FALSE
706,23,666,706,771,666,706,771,666,706,771,40,105,40,105,FALSE,FALSE
706,24,652,719,781,652,719,781,652,719,781,67,129,67,129,FALSE,FALSE
706,25,665,732,800,665,732,800,665,732,800,67,135,67,135,FALSE,FALSE
706,26,681,755,812,681,755,812,681,755,812,74,131,74,131,FALSE,FALSE
706,27,689,722,824,689,722,824,689,722,824,33,135,33,135,FALSE,FALSE
706,28,666,721,796,666,721,796,666,721,796,55,130,55,130,FALSE,FALSE
706,29,662,686,790,662,686,790,662,686,790,24,128,24,128,FALSE,FALSE
706,30,639,684,749,639,684,749,639,684,749,45,110,45,110,FALSE,FALSE
706,31,629,659,726,629,659,726,629,659,726,30,97,30,97,FALSE,FALSE
706,32,605,622,752,605,622,752,605,622,752,17,147,17,147,FALSE,FALSE
706,33,600,611,695,600,611,695,600,611,695,11,95,11,95,FALSE,FALSE
706,34,586,597,656,586,597,656,586,597,656,11,70,11,70,FALSE,FALSE
706,35,561,570,635,561,570,635,561,570,635,9,74,9,74,FALSE,FALSE
706,36,538,539,592,538,539,592,538,539,592,1,54,1,54,FALSE,FALSE
706,37,529,525,571,529,525,571,529,525,571,-4,42,4,42,FALSE,FALSE
706,38,515,510,528,515,510,528,515,510,528,-5,13,5,13,FALSE,FALSE
706,39,483,482,493,483,482,493,483,482,493,-1,10,1,10,FALSE,FALSE
706,40,461,460,434,461,460,434,461,460,434,-1,-27,1,27,FALSE,FALSE
706,41,444,442,394,444,442,394,444,442,394,-2,-50,2,50,FALSE,FALSE
706,42,438,409,376,438,409,376,438,409,376,-29,-62,29,62,FALSE,FALSE
706,43,413,370,342,413,370,342,413,370,342,-43,-71,43,71,FALSE,FALSE
706,44,362,346,336,362,346,336,362,346,336,-16,-26,16,26,FALSE,FALSE
706,45,332,329,312,332,329,312,332,329,312,-3,-20,3,20,FALSE,FALSE
706,46,323,307,305,323,307,305,323,307,305,-16,-18,16,18,FALSE,FALSE
706,47,292,293,291,292,293,291,292,293,291,1,-1,1,1,FALSE,FALSE
706,48,280,280,251,280,280,251,280,280,251,0,-29,0,29,TRUE,FALSE
706,49,255,273,236,255,273,236,255,273,236,18,-19,18,19,FALSE,FALSE
706,50,220,249,210,220,249,210,220,249,210,29,-10,29,10,FALSE,FALSE
706,51,205,236,170,205,236,170,205,236,170,31,-35,31,35,FALSE,FALSE
706,52,182,225,146,182,225,146,182,225,146,43,-36,43,36,FALSE,FALSE
706,53,167,205,142,167,205,142,167,205,142,38,-25,38,25,FALSE,FALSE
706,54,149,187,125,149,187,125,149,187,125,38,-24,38,24,FALSE,FALSE
706,55,144,165,113,144,165,113,144,165,113,21,-31,21,31,FALSE,FALSE
706,56,132,159,110,132,159,110,132,159,110,27,-22,27,22,FALSE,FALSE
706,57,130,143,109,130,143,109,130,143,109,13,-21,13,21,FALSE,FALSE
706,58,114,131,94,114,131,94,114,131,94,17,-20,17,20,FALSE,FALSE
706,59,116,126,87,116,126,87,116,126,87,10,-29,10,29,FALSE,FALSE
706,60,111,110,68,111,110,68,111,110,68,-1,-43,1,43,FALSE,FALSE
707,0,87,87,87,87,87,87,87,87,87,0,0,0,0,TRUE,TRUE
707,1,117,127,142,117,127,142,117,127,142,10,25,10,25,FALSE,FALSE
707,2,165,172,191,165,172,191,165,172,191,7,26,7,26,FALSE,FALSE
707,3,247,241,274,247,241,274,247,241,274,-6,27,6,27,FALSE,FALSE
707,4,350,348,392,350,348,392,350,348,392,-2,42,2,42,FALSE,FALSE
707,5,491,485,538,491,485,538,491,485,538,-6,47,6,47,FALSE,FALSE
707,6,697,657,742,697,657,742,697,657,742,-40,45,40,45,FALSE,FALSE
707,7,967,869,1026,967,869,1026,967,869,1026,-98,59,98,59,FALSE,FALSE
707,8,1327,1183,1387,1327,1183,1387,1327,1183,1387,-144,60,144,60,FALSE,FALSE
707,9,1755,1612,1745,1755,1612,1745,1755,1612,1745,-143,-10,143,10,FALSE,FALSE
707,10,2246,2050,2208,2246,2050,2208,2246,2050,2208,-196,-38,196,38,FALSE,FALSE
707,11,2726,2568,2697,2726,2568,2697,2726,2568,2697,-158,-29,158,29,FALSE,FALSE
707,12,3236,3015,3131,3236,3015,3131,3236,3015,3131,-221,-105,221,105,FALSE,FALSE
707,13,3637,3447,3549,3637,3447,3549,3637,3447,3549,-190,-88,190,88,FALSE,FALSE
707,14,3897,3774,3806,3897,3774,3806,3897,3774,3806,-123,-91,123,91,FALSE,FALSE
707,15,4031,3965,3952,4031,3965,3952,4031,3965,3952,-66,-79,66,79,FALSE,FALSE
707,16,4036,4066,4033,4036,4066,4033,4036,4066,4033,30,-3,30,3,FALSE,FALSE
707,17,3942,4012,3930,3942,4012,3930,3942,4012,3930,70,-12,70,12,FALSE,FALSE
707,18,3735,3886,3768,3735,3886,3768,3735,3886,3768,151,33,151,33,FALSE,FALSE
707,19,3494,3687,3585,3494,3687,3585,3494,3687,3585,193,91,193,91,FALSE,FALSE
707,20,3270,3435,3310,3270,3435,3310,3270,3435,3310,165,40,165,40,FALSE,FALSE
707,21,2991,3205,3024,2991,3205,3024,2991,3205,3024,214,33,214,33,FALSE,FALSE
707,22,2718,2926,2740,2718,2926,2740,2718,2926,2740,208,22,208,22,FALSE,FALSE
707,23,2442,2648,2479,2442,2648,2479,2442,2648,2479,206,37,206,37,FALSE,FALSE
707,24,2205,2395,2204,2205,2395,2204,2205,2395,2204,190,-1,190,1,FALSE,FALSE
707,25,1990,2153,1942,1990,2153,1942,1990,2153,1942,163,-48,163,48,FALSE,FALSE
707,26,1771,1921,1731,1771,1921,1731,1771,1921,1731,150,-40,150,40,FALSE,FALSE
707,27,1596,1708,1552,1596,1708,1552,1596,1708,1552,112,-44,112,44,FALSE,FALSE
707,28,1421,1520,1374,1421,1520,1374,1421,1520,1374,99,-47,99,47,FALSE,FALSE
707,29,1256,1358,1211,1256,1358,1211,1256,1358,1211,102,-45,102,45,FALSE,FALSE
707,30,1091,1206,1052,1091,1206,1052,1091,1206,1052,115,-39,115,39,FALSE,FALSE
707,31,977,1089,919,977,1089,919,977,1089,919,112,-58,112,58,FALSE,FALSE
707,32,853,947,816,853,947,816,853,947,816,94,-37,94,37,FALSE,FALSE
707,33,754,846,706,754,846,706,754,846,706,92,-48,92,48,FALSE,FALSE
707,34,657,731,622,657,731,622,657,731,622,74,-35,74,35,FALSE,FALSE
707,35,583,636,526,583,636,526,583,636,526,53,-57,53,57,FALSE,FALSE
707,36,515,571,447,515,571,447,515,571,447,56,-68,56,68,FALSE,FALSE
707,37,448,495,389,448,495,389,448,495,389,47,-59,47,59,FALSE,FALSE
707,38,393,423,340,393,423,340,393,423,340,30,-53,30,53,FALSE,FALSE
707,39,351,384,298,351,384,298,351,384,298,33,-53,33,53,FALSE,FALSE
707,40,304,336,252,304,336,252,304,336,252,32,-52,32,52,FALSE,FALSE
707,41,253,308,208,253,308,208,253,308,208,55,-45,55,45,FALSE,FALSE
707,42,225,274,182,225,274,182,225,274,182,49,-43,49,43,FALSE,FALSE
707,43,185,238,155,185,238,155,185,238,155,53,-30,53,30,FALSE,FALSE
707,44,159,211,138,159,211,138,159,211,138,52,-21,52,21,FALSE,FALSE
707,45,143,184,121,143,184,121,143,184,121,41,-22,41,22,FALSE,FALSE
707,46,127,169,108,127,169,108,127,169,108,42,-19,42,19,FALSE,FALSE
707,47,111,146,96,111,146,96,111,146,96,35,-15,35,15,FALSE,FALSE
707,48,95,128,86,95,128,86,95,128,86,33,-9,33,9,FALSE,FALSE
707,49,87,107,72,87,107,72,87,107,72,20,-15,20,15,FALSE,FALSE
707,50,76,91,62,76,91,62,76,91,62,15,-14,15,14,FALSE,FALSE
707,51,67,77,56,67,77,56,67,77,56,10,-11,10,11,FALSE,FALSE
707,52,59,69,50,59,69,50,59,69,50,10,-9,10,9,FALSE,FALSE
707,53,48,62,40,48,62,40,48,62,40,14,-8,14,8,FALSE,FALSE
707,54,40,60,36,40,60,36,40,60,36,20,-4,20,4,FALSE,FALSE
707,55,36,53,33,36,53,33,36,53,33,17,-3,17,3,FALSE,FALSE
707,56,33,48,30,33,48,30,33,48,30,15,-3,15,3,FALSE,FALSE
707,57,31,47,28,31,47,28,31,47,28,16,-3,16,3,FALSE,FALSE
707,58,26,40,28,26,40,28,26,40,28,14,2,14,2,FALSE,FALSE
707,59,23,36,25,23,36,25,23,36,25,13,2,13,2,FALSE,FALSE
707,60,19,34,23,19,34,23,19,34,23,15,4,15,4,FALSE,FALSE
708,0,79,79,79,79,79,79,79,79,79,0,0,0,0,TRUE,TRUE
708,1,116,114,117,116,114,117,116,114,117,-2,1,2,1,FALSE,FALSE
708,2,181,173,159,181,173,159,181,173,159,-8,-22,8,22,FALSE,FALSE
708,3,247,256,217,247,256,217,247,256,217,9,-30,9,30,FALSE,FALSE
708,4,346,361,313,346,361,313,346,361,313,15,-33,15,33,FALSE,FALSE
708,5,478,513,444,478,513,444,478,513,444,35,-34,35,34,FALSE,FALSE
708,6,664,704,601,664,704,601,664,704,601,40,-63,40,63,FALSE,FALSE
708,7,905,921,785,905,921,785,905,921,785,16,-120,16,120,FALSE,FALSE
708,8,1161,1205,1066,1161,1205,1066,1161,1205,1066,44,-95,44,95,FALSE,FALSE
708,9,1549,1538,1379,1549,1538,1379,1549,1538,1379,-11,-170,11,170,FALSE,FALSE
708,10,1930,1954,1765,1930,1954,1765,1930,1954,1765,24,-165,24,165,FALSE,FALSE
708,11,2295,2341,2158,2295,2341,2158,2295,2341,2158,46,-137,46,137,FALSE,FALSE
708,12,2629,2648,2526,2629,2648,2526,2629,2648,2526,19,-103,19,103,FALSE,FALSE
708,13,2924,2814,2833,2924,2814,2833,2924,2814,2833,-110,-91,110,91,FALSE,FALSE
708,14,3132,3010,3042,3132,3010,3042,3132,3010,3042,-122,-90,122,90,FALSE,FALSE
708,15,3187,3148,3158,3187,3148,3158,3187,3148,3158,-39,-29,39,29,FALSE,FALSE
708,16,3152,3119,3218,3152,3119,3218,3152,3119,3218,-33,66,33,66,FALSE,FALSE
708,17,3042,3073,3171,3042,3073,3171,3042,3073,3171,31,129,31,129,FALSE,FALSE
708,18,2898,2933,3017,2898,2933,3017,2898,2933,3017,35,119,35,119,FALSE,FALSE
708,19,2688,2742,2849,2688,2742,2849,2688,2742,2849,54,161,54,161,FALSE,FALSE
708,20,2472,2462,2579,2472,2462,2579,2472,2462,2579,-10,107,10,107,FALSE,FALSE
708,21,2242,2227,2354,2242,2227,2354,2242,2227,2354,-15,112,15,112,FALSE,FALSE
708,22,2034,1981,2101,2034,1981,2101,2034,1981,2101,-53,67,53,67,FALSE,FALSE
708,23,1819,1790,1917,1819,1790,1917,1819,1790,1917,-29,98,29,98,FALSE,FALSE
708,24,1626,1582,1722,1626,1582,1722,1626,1582,1722,-44,96,44,96,FALSE,FALSE
708,25,1452,1411,1542,1452,1411,1542,1452,1411,1542,-41,90,41,90,FALSE,FALSE
708,26,1300,1250,1367,1300,1250,1367,1300,1250,1367,-50,67,50,67,FALSE,FALSE
708,27,1116,1126,1225,1116,1126,1225,1116,1126,1225,10,109,10,109,FALSE,FALSE
708,28,981,983,1098,981,983,1098,981,983,1098,2,117,2,117,FALSE,FALSE
708,29,871,862,953,871,862,953,871,862,953,-9,82,9,82,FALSE,FALSE
708,30,771,742,824,771,742,824,771,742,824,-29,53,29,53,FALSE,FALSE
708,31,685,627,722,685,627,722,685,627,722,-58,37,58,37,FALSE,FALSE
708,32,597,541,637,597,541,637,597,541,637,-56,40,56,40,FALSE,FALSE
708,33,522,457,558,522,457,558,522,457,558,-65,36,65,36,FALSE,FALSE
708,34,448,400,481,448,400,481,448,400,481,-48,33,48,33,FALSE,FALSE
708,35,392,355,409,392,355,409,392,355,409,-37,17,37,17,FALSE,FALSE
708,36,355,309,367,355,309,367,355,309,367,-46,12,46,12,FALSE,FALSE
708,37,309,273,321,309,273,321,309,273,321,-36,12,36,12,FALSE,FALSE
708,38,269,241,282,269,241,282,269,241,282,-28,13,28,13,FALSE,FALSE
708,39,234,218,241,234,218,241,234,218,241,-16,7,16,7,FALSE,FALSE
708,40,204,201,218,204,201,218,204,201,218,-3,14,3,14,FALSE,FALSE
708,41,173,172,192,173,172,192,173,172,192,-1,19,1,19,FALSE,FALSE
708,42,145,149,158,145,149,158,145,149,158,4,13,4,13,FALSE,FALSE
708,43,126,129,141,126,129,141,126,129,141,3,15,3,15,FALSE,FALSE
708,44,114,105,126,114,105,126,114,105,126,-9,12,9,12,FALSE,FALSE
708,45,100,92,111,100,92,111,100,92,111,-8,11,8,11,FALSE,FALSE
708,46,89,81,97,89,81,97,89,81,97,-8,8,8,8,FALSE,FALSE
708,47,75,70,86,75,70,86,75,70,86,-5,11,5,11,FALSE,FALSE
708,48,67,59,75,67,59,75,67,59,75,-8,8,8,8,FALSE,FALSE
708,49,58,51,69,58,51,69,58,51,69,-7,11,7,11,FALSE,FALSE
708,50,54,42,58,54,42,58,54,42,58,-12,4,12,4,FALSE,FALSE
708,51,44,38,47,44,38,47,44,38,47,-6,3,6,3,FALSE,FALSE
708,52,36,37,41,36,37,41,36,37,41,1,5,1,5,FALSE,FALSE
708,53,27,32,37,27,32,37,27,32,37,5,10,5,10,FALSE,FALSE
708,54,19,29,25,19,29,25,19,29,25,10,6,10,6,FALSE,FALSE
708,55,16,26,22,16,26,22,16,26,22,10,6,10,6,FALSE,FALSE
708,56,13,25,17,13,25,17,13,25,17,12,4,12,4,FALSE,FALSE
708,57,10,20,15,10,20,15,10,20,15,10,5,10,5,FALSE,FALSE
708,58,10,18,13,10,18,13,10,18,13,8,3,8,3,FALSE,FALSE
708,59,7,17,11,7,17,11,7,17,11,10,4,10,4,FALSE,FALSE
708,60,7,15,11,7,15,11,7,15,11,8,4,8,4,FALSE,FALSE
709,0,84,84,84,84,84,84,84,84,84,0,0,0,0,TRUE,TRUE
709,1,107,107,98,107,107,98,107,107,98,0,-9,0,9,TRUE,FALSE
709,2,126,136,134,126,136,134,126,136,134,10,8,10,8,FALSE,FALSE
709,3,170,165,172,170,165,172,170,165,172,-5,2,5,2,FALSE,FALSE
709,4,206,216,225,206,216,225,206,216,225,10,19,10,19,FALSE,FALSE
709,5,252,274,296,252,274,296,252,274,296,22,44,22,44,FALSE,FALSE
709,6,309,350,379,309,350,379,309,350,379,41,70,41,70,FALSE,FALSE
709,7,391,419,472,391,419,472,391,419,472,28,81,28,81,FALSE,FALSE
709,8,469,540,591,469,540,591,469,540,591,71,122,71,122,FALSE,FALSE
709,9,594,682,729,594,682,729,594,682,729,88,135,88,135,FALSE,FALSE
709,10,720,833,874,720,833,874,720,833,874,113,154,113,154,FALSE,FALSE
709,11,819,1002,1028,819,1002,1028,819,1002,1028,183,209,183,209,FALSE,FALSE
709,12,995,1192,1200,995,1192,1200,995,1192,1200,197,205,197,205,FALSE,FALSE
709,13,1178,1393,1406,1178,1393,1406,1178,1393,1406,215,228,215,228,FALSE,FALSE
709,14,1381,1583,1598,1381,1583,1598,1381,1583,1598,202,217,202,217,FALSE,FALSE
709,15,1593,1774,1860,1593,1774,1860,1593,1774,1860,181,267,181,267,FALSE,FALSE
709,16,1763,1950,2072,1763,1950,2072,1763,1950,2072,187,309,187,309,FALSE,FALSE
709,17,1927,2118,2220,1927,2118,2220,1927,2118,2220,191,293,191,293,FALSE,FALSE
709,18,2052,2237,2320,2052,2237,2320,2052,2237,2320,185,268,185,268,FALSE,FALSE
709,19,2183,2323,2388,2183,2323,2388,2183,2323,2388,140,205,140,205,FALSE,FALSE
709,20,2243,2401,2375,2243,2401,2375,2243,2401,2375,158,132,158,132,FALSE,FALSE
709,21,2310,2406,2346,2310,2406,2346,2310,2406,2346,96,36,96,36,FALSE,FALSE
709,22,2321,2355,2322,2321,2355,2322,2321,2355,2322,34,1,34,1,FALSE,FALSE
709,23,2312,2250,2210,2312,2250,2210,2312,2250,2210,-62,-102,62,102,FALSE,FALSE
709,24,2258,2191,2109,2258,2191,2109,2258,2191,2109,-67,-149,67,149,FALSE,FALSE
709,25,2159,2053,2020,2159,2053,2020,2159,2053,2020,-106,-139,106,139,FALSE,FALSE
709,26,2023,1951,1909,2023,1951,1909,2023,1951,1909,-72,-114,72,114,FALSE,FALSE
709,27,1924,1821,1811,1924,1821,1811,1924,1821,1811,-103,-113,103,113,FALSE,FALSE
709,28,1823,1715,1652,1823,1715,1652,1823,1715,1652,-108,-171,108,171,FALSE,FALSE
709,29,1695,1578,1549,1695,1578,1549,1695,1578,1549,-117,-146,117,146,FALSE,FALSE
709,30,1614,1452,1444,1614,1452,1444,1614,1452,1444,-162,-170,162,170,FALSE,FALSE
709,31,1486,1366,1345,1486,1366,1345,1486,1366,1345,-120,-141,120,141,FALSE,FALSE
709,32,1347,1262,1247,1347,1262,1247,1347,1262,1247,-85,-100,85,100,FALSE,FALSE
709,33,1219,1161,1156,1219,1161,1156,1219,1161,1156,-58,-63,58,63,FALSE,FALSE
709,34,1109,1049,1048,1109,1049,1048,1109,1049,1048,-60,-61,60,61,FALSE,FALSE
709,35,1019,950,967,1019,950,967,1019,950,967,-69,-52,69,52,FALSE,FALSE
709,36,936,872,872,936,872,872,936,872,872,-64,-64,64,64,FALSE,FALSE
709,37,844,804,785,844,804,785,844,804,785,-40,-59,40,59,FALSE,FALSE
709,38,787,719,723,787,719,723,787,719,723,-68,-64,68,64,FALSE,FALSE
709,39,725,658,652,725,658,652,725,658,652,-67,-73,67,73,FALSE,FALSE
709,40,650,602,590,650,602,590,650,602,590,-48,-60,48,60,FALSE,FALSE
709,41,591,534,524,591,534,524,591,534,524,-57,-67,57,67,FALSE,FALSE
709,42,519,474,483,519,474,483,519,474,483,-45,-36,45,36,FALSE,FALSE
709,43,463,427,429,463,427,429,463,427,429,-36,-34,36,34,FALSE,FALSE
709,44,430,385,391,430,385,391,430,385,391,-45,-39,45,39,FALSE,FALSE
709,45,402,336,352,402,336,352,402,336,352,-66,-50,66,50,FALSE,FALSE
709,46,368,313,315,368,313,315,368,313,315,-55,-53,55,53,FALSE,FALSE
709,47,330,276,286,330,276,286,330,276,286,-54,-44,54,44,FALSE,FALSE
709,48,290,245,249,290,245,249,290,245,249,-45,-41,45,41,FALSE,FALSE
709,49,260,220,218,260,220,218,260,220,218,-40,-42,40,42,FALSE,FALSE
709,50,245,194,200,245,194,200,245,194,200,-51,-45,51,45,FALSE,FALSE
709,51,214,180,178,214,180,178,214,180,178,-34,-36,34,36,FALSE,FALSE
709,52,192,162,163,192,162,163,192,162,163,-30,-29,30,29,FALSE,FALSE
709,53,174,149,144,174,149,144,174,149,144,-25,-30,25,30,FALSE,FALSE
709,54,160,126,128,160,126,128,160,126,128,-34,-32,34,32,FALSE,FALSE
709,55,141,115,122,141,115,122,141,115,122,-26,-19,26,19,FALSE,FALSE
709,56,125,99,105,125,99,105,125,99,105,-26,-20,26,20,FALSE,FALSE
709,57,117,80,96,117,80,96,117,80,96,-37,-21,37,21,FALSE,FALSE
709,58,110,74,84,110,74,84,110,74,84,-36,-26,36,26,FALSE,FALSE
709,59,100,62,82,100,62,82,100,62,82,-38,-18,38,18,FALSE,FALSE
709,60,95,55,77,95,55,77,95,55,77,-40,-18,40,18,FALSE,FALSE
710,0,110,110,110,110,110,110,110,110,110,0,0,0,0,TRUE,TRUE
710,1,126,115,111,126,115,111,126,115,111,-11,-15,11,15,FALSE,FALSE
710,2,145,117,123,145,117,123,145,117,123,-28,-22,28,22,FALSE,FALSE
710,3,163,135,136,163,135,136,163,135,136,-28,-27,28,27,FALSE,FALSE
710,4,176,127,142,176,127,142,176,127,142,-49,-34,49,34,FALSE,FALSE
710,5,197,140,165,197,140,165,197,140,165,-57,-32,57,32,FALSE,FALSE
710,6,189,154,197,189,154,197,189,154,197,-35,8,35,8,FALSE,FALSE
710,7,203,166,203,203,166,203,203,166,203,-37,0,37,0,FALSE,TRUE
710,8,238,176,228,238,176,228,238,176,228,-62,-10,62,10,FALSE,FALSE
710,9,265,192,243,265,192,243,265,192,243,-73,-22,73,22,FALSE,FALSE
710,10,274,200,243,274,200,243,274,200,243,-74,-31,74,31,FALSE,FALSE
710,11,306,215,275,306,215,275,306,215,275,-91,-31,91,31,FALSE,FALSE
710,12,320,232,290,320,232,290,320,232,290,-88,-30,88,30,FALSE,FALSE
710,13,329,240,293,329,240,293,329,240,293,-89,-36,89,36,FALSE,FALSE
710,14,335,234,307,335,234,307,335,234,307,-101,-28,101,28,FALSE,FALSE
710,15,368,252,302,368,252,302,368,252,302,-116,-66,116,66,FALSE,FALSE
710,16,373,271,323,373,271,323,373,271,323,-102,-50,102,50,FALSE,FALSE
710,17,387,288,345,387,288,345,387,288,345,-99,-42,99,42,FALSE,FALSE
710,18,413,293,374,413,293,374,413,293,374,-120,-39,120,39,FALSE,FALSE
710,19,442,308,392,442,308,392,442,308,392,-134,-50,134,50,FALSE,FALSE
710,20,443,320,396,443,320,396,443,320,396,-123,-47,123,47,FALSE,FALSE
710,21,461,336,422,461,336,422,461,336,422,-125,-39,125,39,FALSE,FALSE
710,22,449,370,416,449,370,416,449,370,416,-79,-33,79,33,FALSE,FALSE
710,23,453,394,423,453,394,423,453,394,423,-59,-30,59,30,FALSE,FALSE
710,24,453,399,436,453,399,436,453,399,436,-54,-17,54,17,FALSE,FALSE
710,25,454,400,444,454,400,444,454,400,444,-54,-10,54,10,FALSE,FALSE
710,26,446,420,462,446,420,462,446,420,462,-26,16,26,16,FALSE,FALSE
710,27,456,441,494,456,441,494,456,441,494,-15,38,15,38,FALSE,FALSE
710,28,457,442,469,457,442,469,457,442,469,-15,12,15,12,FALSE,FALSE
710,29,480,420,473,480,420,473,480,420,473,-60,-7,60,7,FALSE,FALSE
710,30,452,423,485,452,423,485,452,423,485,-29,33,29,33,FALSE,FALSE
710,31,453,408,478,453,408,478,453,408,478,-45,25,45,25,FALSE,FALSE
710,32,431,405,454,431,405,454,431,405,454,-26,23,26,23,FALSE,FALSE
710,33,416,388,426,416,388,426,416,388,426,-28,10,28,10,FALSE,FALSE
710,34,412,398,420,412,398,420,412,398,420,-14,8,14,8,FALSE,FALSE
710,35,412,376,405,412,376,405,412,376,405,-36,-7,36,7,FALSE,FALSE
710,36,386,357,407,386,357,407,386,357,407,-29,21,29,21,FALSE,FALSE
710,37,360,351,382,360,351,382,360,351,382,-9,22,9,22,FALSE,FALSE
710,38,350,364,370,350,364,370,350,364,370,14,20,14,20,FALSE,FALSE
710,39,325,356,370,325,356,370,325,356,370,31,45,31,45,FALSE,FALSE
710,40,310,341,370,310,341,370,310,341,370,31,60,31,60,FALSE,FALSE
710,41,286,324,368,286,324,368,286,324,368,38,82,38,82,FALSE,FALSE
710,42,267,311,369,267,311,369,267,311,369,44,102,44,102,FALSE,FALSE
710,43,267,308,366,267,308,366,267,308,366,41,99,41,99,FALSE,FALSE
710,44,264,282,358,264,282,358,264,282,358,18,94,18,94,FALSE,FALSE
710,45,251,269,347,251,269,347,251,269,347,18,96,18,96,FALSE,FALSE
710,46,233,250,326,233,250,326,233,250,326,17,93,17,93,FALSE,FALSE
710,47,217,245,301,217,245,301,217,245,301,28,84,28,84,FALSE,FALSE
710,48,217,240,293,217,240,293,217,240,293,23,76,23,76,FALSE,FALSE
710,49,206,238,268,206,238,268,206,238,268,32,62,32,62,FALSE,FALSE
710,50,194,227,261,194,227,261,194,227,261,33,67,33,67,FALSE,FALSE
710,51,180,215,237,180,215,237,180,215,237,35,57,35,57,FALSE,FALSE
710,52,172,203,213,172,203,213,172,203,213,31,41,31,41,FALSE,FALSE
710,53,158,192,184,158,192,184,158,192,184,34,26,34,26,FALSE,FALSE
710,54,146,177,168,146,177,168,146,177,168,31,22,31,22,FALSE,FALSE
710,55,128,156,147,128,156,147,128,156,147,28,19,28,19,FALSE,FALSE
710,56,118,137,130,118,137,130,118,137,130,19,12,19,12,FALSE,FALSE
710,57,99,137,114,99,137,114,99,137,114,38,15,38,15,FALSE,FALSE
710,58,86,133,104,86,133,104,86,133,104,47,18,47,18,FALSE,FALSE
710,59,83,132,95,83,132,95,83,132,95,49,12,49,12,FALSE,FALSE
710,60,69,127,88,69,127,88,69,127,88,58,19,58,19,FALSE,FALSE
711,0,84,84,84,84,84,84,84,84,84,0,0,0,0,TRUE,TRUE
711,1,89,98,91,89,98,91,89,98,91,9,2,9,2,FALSE,FALSE
711,2,92,118,106,92,118,106,92,118,106,26,14,26,14,FALSE,FALSE
711,3,102,137,119,102,137,119,102,137,119,35,17,35,17,FALSE,FALSE
711,4,116,165,152,116,165,152,116,165,152,49,36,49,36,FALSE,FALSE
711,5,122,196,183,122,196,183,122,196,183,74,61,74,61,FALSE,FALSE
711,6,132,217,211,132,217,211,132,217,211,85,79,85,79,FALSE,FALSE
711,7,163,238,232,163,238,232,163,238,232,75,69,75,69,FALSE,FALSE
711,8,181,249,253,181,249,253,181,249,253,68,72,68,72,FALSE,FALSE
711,9,215,274,286,215,274,286,215,274,286,59,71,59,71,FALSE,FALSE
711,10,244,308,330,244,308,330,244,308,330,64,86,64,86,FALSE,FALSE
711,11,272,360,383,272,360,383,272,360,383,88,111,88,111,FALSE,FALSE
711,12,322,408,407,322,408,407,322,408,407,86,85,86,85,FALSE,FALSE
711,13,354,449,473,354,449,473,354,449,473,95,119,95,119,FALSE,FALSE
711,14,396,516,516,396,516,516,396,516,516,120,120,120,120,FALSE,FALSE
711,15,445,578,555,445,578,555,445,578,555,133,110,133,110,FALSE,FALSE
711,16,484,647,611,484,647,611,484,647,611,163,127,163,127,FALSE,FALSE
711,17,549,733,674,549,733,674,549,733,674,184,125,184,125,FALSE,FALSE
711,18,595,814,723,595,814,723,595,814,723,219,128,219,128,FALSE,FALSE
711,19,649,851,779,649,851,779,649,851,779,202,130,202,130,FALSE,FALSE
711,20,681,914,834,681,914,834,681,914,834,233,153,233,153,FALSE,FALSE
711,21,714,940,889,714,940,889,714,940,889,226,175,226,175,FALSE,FALSE
711,22,739,998,939,739,998,939,739,998,939,259,200,259,200,FALSE,FALSE
711,23,808,1013,991,808,1013,991,808,1013,991,205,183,205,183,FALSE,FALSE
711,24,878,1027,1019,878,1027,1019,878,1027,1019,149,141,149,141,FALSE,FALSE
711,25,933,1053,1046,933,1053,1046,933,1053,1046,120,113,120,113,FALSE,FALSE
711,26,944,1035,1070,944,1035,1070,944,1035,1070,91,126,91,126,FALSE,FALSE
711,27,994,1032,1103,994,1032,1103,994,1032,1103,38,109,38,109,FALSE,FALSE
711,28,1004,1052,1090,1004,1052,1090,1004,1052,1090,48,86,48,86,FALSE,FALSE
711,29,1032,1057,1125,1032,1057,1125,1032,1057,1125,25,93,25,93,FALSE,FALSE
711,30,1059,1045,1107,1059,1045,1107,1059,1045,1107,-14,48,14,48,FALSE,FALSE
711,31,1072,1045,1064,1072,1045,1064,1072,1045,1064,-27,-8,27,8,FALSE,FALSE
711,32,1056,1033,1051,1056,1033,1051,1056,1033,1051,-23,-5,23,5,FALSE,FALSE
711,33,1000,998,999,1000,998,999,1000,998,999,-2,-1,2,1,FALSE,FALSE
711,34,970,956,998,970,956,998,970,956,998,-14,28,14,28,FALSE,FALSE
711,35,959,911,959,959,911,959,959,911,959,-48,0,48,0,FALSE,TRUE
711,36,914,879,909,914,879,909,914,879,909,-35,-5,35,5,FALSE,FALSE
711,37,886,823,859,886,823,859,886,823,859,-63,-27,63,27,FALSE,FALSE
711,38,851,791,810,851,791,810,851,791,810,-60,-41,60,41,FALSE,FALSE
711,39,831,746,768,831,746,768,831,746,768,-85,-63,85,63,FALSE,FALSE
711,40,775,717,721,775,717,721,775,717,721,-58,-54,58,54,FALSE,FALSE
711,41,729,655,687,729,655,687,729,655,687,-74,-42,74,42,FALSE,FALSE
711,42,693,607,672,693,607,672,693,607,672,-86,-21,86,21,FALSE,FALSE
711,43,664,577,632,664,577,632,664,577,632,-87,-32,87,32,FALSE,FALSE
711,44,631,554,596,631,554,596,631,554,596,-77,-35,77,35,FALSE,FALSE
711,45,599,514,533,599,514,533,599,514,533,-85,-66,85,66,FALSE,FALSE
711,46,573,483,490,573,483,490,573,483,490,-90,-83,90,83,FALSE,FALSE
711,47,523,469,461,523,469,461,523,469,461,-54,-62,54,62,FALSE,FALSE
711,48,493,430,423,493,430,423,493,430,423,-63,-70,63,70,FALSE,FALSE
711,49,471,411,380,471,411,380,471,411,380,-60,-91,60,91,FALSE,FALSE
711,50,441,376,349,441,376,349,441,376,349,-65,-92,65,92,FALSE,FALSE
711,51,407,345,325,407,345,325,407,345,325,-62,-82,62,82,FALSE,FALSE
711,52,363,326,304,363,326,304,363,326,304,-37,-59,37,59,FALSE,FALSE
711,53,337,316,289,337,316,289,337,316,289,-21,-48,21,48,FALSE,FALSE
711,54,322,275,272,322,275,272,322,275,272,-47,-50,47,50,FALSE,FALSE
711,55,298,253,227,298,253,227,298,253,227,-45,-71,45,71,FALSE,FALSE
711,56,279,228,196,279,228,196,279,228,196,-51,-83,51,83,FALSE,FALSE
711,57,268,209,189,268,209,189,268,209,189,-59,-79,59,79,FALSE,FALSE
711,58,240,193,173,240,193,173,240,193,173,-47,-67,47,67,FALSE,FALSE
711,59,224,173,163,224,173,163,224,173,163,-51,-61,51,61,FALSE,FALSE
711,60,216,154,137,216,154,137,216,154,137,-62,-79,62,79,FALSE,FALSE
712,0,86,86,86,86,86,86,86,86,86,0,0,0,0,TRUE,TRUE
712,1,114,124,118,114,124,118,114,124,118,10,4,10,4,FALSE,FALSE
712,2,165,183,173,165,183,173,165,183,173,18,8,18,8,FALSE,FALSE
712,3,253,270,253,253,270,253,253,270,253,17,0,17,0,FALSE,TRUE
712,4,344,392,373,344,392,373,344,392,373,48,29,48,29,FALSE,FALSE
712,5,481,545,528,481,545,528,481,545,528,64,47,64,47,FALSE,FALSE
712,6,657,735,712,657,735,712,657,735,712,78,55,78,55,FALSE,FALSE
712,7,861,967,957,861,967,957,861,967,957,106,96,106,96,FALSE,FALSE
712,8,1159,1277,1275,1159,1277,1275,1159,1277,1275,118,116,118,116,FALSE,FALSE
712,9,1455,1565,1574,1455,1565,1574,1455,1565,1574,110,119,110,119,FALSE,FALSE
712,10,1718,1841,1862,1718,1841,1862,1718,1841,1862,123,144,123,144,FALSE,FALSE
712,11,1994,2027,2088,1994,2027,2088,1994,2027,2088,33,94,33,94,FALSE,FALSE
712,12,2188,2165,2249,2188,2165,2249,2188,2165,2249,-23,61,23,61,FALSE,FALSE
712,13,2277,2247,2299,2277,2247,2299,2277,2247,2299,-30,22,30,22,FALSE,FALSE
712,14,2301,2280,2258,2301,2280,2258,2301,2280,2258,-21,-43,21,43,FALSE,FALSE
712,15,2212,2207,2135,2212,2207,2135,2212,2207,2135,-5,-77,5,77,FALSE,FALSE
712,16,2082,2080,1987,2082,2080,1987,2082,2080,1987,-2,-95,2,95,FALSE,FALSE
712,17,1930,1909,1810,1930,1909,1810,1930,1909,1810,-21,-120,21,120,FALSE,FALSE
712,18,1740,1723,1661,1740,1723,1661,1740,1723,1661,-17,-79,17,79,FALSE,FALSE
712,19,1532,1502,1471,1532,1502,1471,1532,1502,1471,-30,-61,30,61,FALSE,FALSE
712,20,1376,1350,1300,1376,1350,1300,1376,1350,1300,-26,-76,26,76,FALSE,FALSE
712,21,1224,1140,1123,1224,1140,1123,1224,1140,1123,-84,-101,84,101,FALSE,FALSE
712,22,1052,995,973,1052,995,973,1052,995,973,-57,-79,57,79,FALSE,FALSE
712,23,925,876,863,925,876,863,925,876,863,-49,-62,49,62,FALSE,FALSE
712,24,811,756,756,811,756,756,811,756,756,-55,-55,55,55,FALSE,FALSE
712,25,708,648,632,708,648,632,708,648,632,-60,-76,60,76,FALSE,FALSE
712,26,644,550,532,644,550,532,644,550,532,-94,-112,94,112,FALSE,FALSE
712,27,566,466,468,566,466,468,566,466,468,-100,-98,100,98,FALSE,FALSE
712,28,492,415,414,492,415,414,492,415,414,-77,-78,77,78,FALSE,FALSE
712,29,423,360,344,423,360,344,423,360,344,-63,-79,63,79,FALSE,FALSE
712,30,355,304,302,355,304,302,355,304,302,-51,-53,51,53,FALSE,FALSE
712,31,309,264,261,309,264,261,309,264,261,-45,-48,45,48,FALSE,FALSE
712,32,262,216,216,262,216,216,262,216,216,-46,-46,46,46,FALSE,FALSE
712,33,233,181,179,233,181,179,233,181,179,-52,-54,52,54,FALSE,FALSE
712,34,201,154,164,201,154,164,201,154,164,-47,-37,47,37,FALSE,FALSE
712,35,180,125,142,180,125,142,180,125,142,-55,-38,55,38,FALSE,FALSE
712,36,157,108,122,157,108,122,157,108,122,-49,-35,49,35,FALSE,FALSE
712,37,137,92,102,137,92,102,137,92,102,-45,-35,45,35,FALSE,FALSE
712,38,117,79,87,117,79,87,117,79,87,-38,-30,38,30,FALSE,FALSE
712,39,103,67,71,103,67,71,103,67,71,-36,-32,36,32,FALSE,FALSE
712,40,90,59,63,90,59,63,90,59,63,-31,-27,31,27,FALSE,FALSE
712,41,85,52,54,85,52,54,85,52,54,-33,-31,33,31,FALSE,FALSE
712,42,77,44,51,77,44,51,77,44,51,-33,-26,33,26,FALSE,FALSE
712,43,69,33,44,69,33,44,69,33,44,-36,-25,36,25,FALSE,FALSE
712,44,58,29,38,58,29,38,58,29,38,-29,-20,29,20,FALSE,FALSE
712,45,51,27,29,51,27,29,51,27,29,-24,-22,24,22,FALSE,FALSE
712,46,43,24,23,43,24,23,43,24,23,-19,-20,19,20,FALSE,FALSE
712,47,40,20,18,40,20,18,40,20,18,-20,-22,20,22,FALSE,FALSE
712,48,36,17,17,36,17,17,36,17,17,-19,-19,19,19,FALSE,FALSE
712,49,31,14,15,31,14,15,31,14,15,-17,-16,17,16,FALSE,FALSE
712,50,24,12,12,24,12,12,24,12,12,-12,-12,12,12,FALSE,FALSE
712,51,23,10,6,23,10,6,23,10,6,-13,-17,13,17,FALSE,FALSE
712,52,20,9,3,20,9,3,20,9,3,-11,-17,11,17,FALSE,FALSE
712,53,15,8,3,15,8,3,15,8,3,-7,-12,7,12,FALSE,FALSE
712,54,13,6,3,13,6,3,13,6,3,-7,-10,7,10,FALSE,FALSE
712,55,10,4,3,10,4,3,10,4,3,-6,-7,6,7,FALSE,FALSE
712,56,8,4,3,8,4,3,8,4,3,-4,-5,4,5,FALSE,FALSE
712,57,8,3,2,8,3,2,8,3,2,-5,-6,5,6,FALSE,FALSE
712,58,7,2,2,7,2,2,7,2,2,-5,-5,5,5,FALSE,FALSE
712,59,6,1,2,6,1,2,6,1,2,-5,-4,5,4,FALSE,FALSE
712,60,6,1,1,6,1,1,6,1,1,-5,-5,5,5,FALSE,FALSE
713,0,123,123,123,123,123,123,123,123,123,0,0,0,0,TRUE,TRUE
713,1,204,187,190,204,187,190,204,187,190,-17,-14,17,14,FALSE,FALSE
713,2,327,281,294,327,281,294,327,281,294,-46,-33,46,33,FALSE,FALSE
713,3,511,454,427,511,454,427,511,454,427,-57,-84,57,84,FALSE,FALSE
713,4,719,669,636,719,669,636,719,669,636,-50,-83,50,83,FALSE,FALSE
713,5,997,992,907,997,992,907,997,992,907,-5,-90,5,90,FALSE,FALSE
713,6,1370,1315,1323,1370,1315,1323,1370,1315,1323,-55,-47,55,47,FALSE,FALSE
713,7,1774,1779,1736,1774,1779,1736,1774,1779,1736,5,-38,5,38,FALSE,FALSE
713,8,2177,2209,2176,2177,2209,2176,2177,2209,2176,32,-1,32,1,FALSE,FALSE
713,9,2478,2576,2599,2478,2576,2599,2478,2576,2599,98,121,98,121,FALSE,FALSE
713,10,2755,2708,2853,2755,2708,2853,2755,2708,2853,-47,98,47,98,FALSE,FALSE
713,11,2847,2734,2963,2847,2734,2963,2847,2734,2963,-113,116,113,116,FALSE,FALSE
713,12,2798,2693,2893,2798,2693,2893,2798,2693,2893,-105,95,105,95,FALSE,FALSE
713,13,2634,2555,2704,2634,2555,2704,2634,2555,2704,-79,70,79,70,FALSE,FALSE
713,14,2401,2341,2432,2401,2341,2432,2401,2341,2432,-60,31,60,31,FALSE,FALSE
713,15,2171,2099,2209,2171,2099,2209,2171,2099,2209,-72,38,72,38,FALSE,FALSE
713,16,1934,1842,1911,1934,1842,1911,1934,1842,1911,-92,-23,92,23,FALSE,FALSE
713,17,1697,1633,1696,1697,1633,1696,1697,1633,1696,-64,-1,64,1,FALSE,FALSE
713,18,1491,1375,1472,1491,1375,1472,1491,1375,1472,-116,-19,116,19,FALSE,FALSE
713,19,1289,1198,1231,1289,1198,1231,1289,1198,1231,-91,-58,91,58,FALSE,FALSE
713,20,1084,1015,1066,1084,1015,1066,1084,1015,1066,-69,-18,69,18,FALSE,FALSE
713,21,929,883,917,929,883,917,929,883,917,-46,-12,46,12,FALSE,FALSE
713,22,781,754,779,781,754,779,781,754,779,-27,-2,27,2,FALSE,FALSE
713,23,661,623,647,661,623,647,661,623,647,-38,-14,38,14,FALSE,FALSE
713,24,565,515,534,565,515,534,565,515,534,-50,-31,50,31,FALSE,FALSE
713,25,484,438,444,484,438,444,484,438,444,-46,-40,46,40,FALSE,FALSE
713,26,401,373,372,401,373,372,401,373,372,-28,-29,28,29,FALSE,FALSE
713,27,337,321,312,337,321,312,337,321,312,-16,-25,16,25,FALSE,FALSE
713,28,290,272,268,290,272,268,290,272,268,-18,-22,18,22,FALSE,FALSE
713,29,244,224,227,244,224,227,244,224,227,-20,-17,20,17,FALSE,FALSE
713,30,205,191,178,205,191,178,205,191,178,-14,-27,14,27,FALSE,FALSE
713,31,164,169,159,164,169,159,164,169,159,5,-5,5,5,FALSE,FALSE
713,32,134,153,140,134,153,140,134,153,140,19,6,19,6,FALSE,FALSE
713,33,112,128,120,112,128,120,112,128,120,16,8,16,8,FALSE,FALSE
713,34,84,108,99,84,108,99,84,108,99,24,15,24,15,FALSE,FALSE
713,35,68,97,87,68,97,87,68,97,87,29,19,29,19,FALSE,FALSE
713,36,57,85,77,57,85,77,57,85,77,28,20,28,20,FALSE,FALSE
713,37,46,67,66,46,67,66,46,67,66,21,20,21,20,FALSE,FALSE
713,38,39,61,61,39,61,61,39,61,61,22,22,22,22,FALSE,FALSE
713,39,34,53,48,34,53,48,34,53,48,19,14,19,14,FALSE,FALSE
713,40,26,42,36,26,42,36,26,42,36,16,10,16,10,FALSE,FALSE
713,41,22,38,31,22,38,31,22,38,31,16,9,16,9,FALSE,FALSE
713,42,15,34,26,15,34,26,15,34,26,19,11,19,11,FALSE,FALSE
713,43,13,25,17,13,25,17,13,25,17,12,4,12,4,FALSE,FALSE
713,44,9,18,13,9,18,13,9,18,13,9,4,9,4,FALSE,FALSE
713,45,9,15,12,9,15,12,9,15,12,6,3,6,3,FALSE,FALSE
713,46,6,12,12,6,12,12,6,12,12,6,6,6,6,FALSE,FALSE
713,47,6,10,8,6,10,8,6,10,8,4,2,4,2,FALSE,FALSE
713,48,3,7,6,3,7,6,3,7,6,4,3,4,3,FALSE,FALSE
713,49,3,7,5,3,7,5,3,7,5,4,2,4,2,FALSE,FALSE
713,50,3,6,4,3,6,4,3,6,4,3,1,3,1,FALSE,FALSE
713,51,3,4,4,3,4,4,3,4,4,1,1,1,1,FALSE,FALSE
713,52,2,3,4,2,3,4,2,3,4,1,2,1,2,FALSE,FALSE
713,53,1,3,4,1,3,4,1,3,4,2,3,2,3,FALSE,FALSE
713,54,1,3,3,1,3,3,1,3,3,2,2,2,2,FALSE,FALSE
713,55,1,3,3,1,3,3,1,3,3,2,2,2,2,FALSE,FALSE
713,56,1,3,3,1,3,3,1,3,3,2,2,2,2,FALSE,FALSE
713,57,1,3,3,1,3,3,1,3,3,2,2,2,2,FALSE,FALSE
713,58,1,3,2,1,3,2,1,3,2,2,1,2,1,FALSE,FALSE
713,59,1,3,2,1,3,2,1,3,2,2,1,2,1,FALSE,FALSE
713,60,1,2,2,1,2,2,1,2,2,1,1,1,1,FALSE,FALSE
714,0,50,50,50,50,50,50,50,50,50,0,0,0,0,TRUE,TRUE
714,1,60,51,51,60,51,51,60,51,51,-9,-9,9,9,FALSE,FALSE
714,2,58,56,42,58,56,42,58,56,42,-2,-16,2,16,FALSE,FALSE
714,3,64,60,45,64,60,45,64,60,45,-4,-19,4,19,FALSE,FALSE
714,4,64,66,42,64,66,42,64,66,42,2,-22,2,22,FALSE,FALSE
714,5,64,69,43,64,69,43,64,69,43,5,-21,5,21,FALSE,FALSE
714,6,65,75,57,65,75,57,65,75,57,10,-8,10,8,FALSE,FALSE
714,7,68,90,54,68,90,54,68,90,54,22,-14,22,14,FALSE,FALSE
714,8,71,87,60,71,87,60,71,87,60,16,-11,16,11,FALSE,FALSE
714,9,71,87,62,71,87,62,71,87,62,16,-9,16,9,FALSE,FALSE
714,10,70,96,63,70,96,63,70,96,63,26,-7,26,7,FALSE,FALSE
714,11,73,102,74,73,102,74,73,102,74,29,1,29,1,FALSE,FALSE
714,12,73,96,82,73,96,82,73,96,82,23,9,23,9,FALSE,FALSE
714,13,80,103,82,80,103,82,80,103,82,23,2,23,2,FALSE,FALSE
714,14,73,112,91,73,112,91,73,112,91,39,18,39,18,FALSE,FALSE
714,15,68,112,92,68,112,92,68,112,92,44,24,44,24,FALSE,FALSE
714,16,73,123,100,73,123,100,73,123,100,50,27,50,27,FALSE,FALSE
714,17,65,129,95,65,129,95,65,129,95,64,30,64,30,FALSE,FALSE
714,18,62,122,94,62,122,94,62,122,94,60,32,60,32,FALSE,FALSE
714,19,64,117,96,64,117,96,64,117,96,53,32,53,32,FALSE,FALSE
714,20,66,128,107,66,128,107,66,128,107,62,41,62,41,FALSE,FALSE
714,21,66,134,105,66,134,105,66,134,105,68,39,68,39,FALSE,FALSE
714,22,64,142,110,64,142,110,64,142,110,78,46,78,46,FALSE,FALSE
714,23,59,149,114,59,149,114,59,149,114,90,55,90,55,FALSE,FALSE
714,24,57,163,105,57,163,105,57,163,105,106,48,106,48,FALSE,FALSE
714,25,54,169,109,54,169,109,54,169,109,115,55,115,55,FALSE,FALSE
714,26,60,165,112,60,165,112,60,165,112,105,52,105,52,FALSE,FALSE
714,27,62,164,104,62,164,104,62,164,104,102,42,102,42,FALSE,FALSE
714,28,58,169,106,58,169,106,58,169,106,111,48,111,48,FALSE,FALSE
714,29,54,173,106,54,173,106,54,173,106,119,52,119,52,FALSE,FALSE
714,30,48,188,112,48,188,112,48,188,112,140,64,140,64,FALSE,FALSE
714,31,45,174,106,45,174,106,45,174,106,129,61,129,61,FALSE,FALSE
714,32,42,168,106,42,168,106,42,168,106,126,64,126,64,FALSE,FALSE
714,33,41,171,104,41,171,104,41,171,104,130,63,130,63,FALSE,FALSE
714,34,43,174,107,43,174,107,43,174,107,131,64,131,64,FALSE,FALSE
714,35,39,167,109,39,167,109,39,167,109,128,70,128,70,FALSE,FALSE
714,36,43,175,104,43,175,104,43,175,104,132,61,132,61,FALSE,FALSE
714,37,38,179,100,38,179,100,38,179,100,141,62,141,62,FALSE,FALSE
714,38,35,188,100,35,188,100,35,188,100,153,65,153,65,FALSE,FALSE
714,39,33,192,107,33,192,107,33,192,107,159,74,159,74,FALSE,FALSE
714,40,35,194,102,35,194,102,35,194,102,159,67,159,67,FALSE,FALSE
714,41,36,182,104,36,182,104,36,182,104,146,68,146,68,FALSE,FALSE
714,42,33,189,102,33,189,102,33,189,102,156,69,156,69,FALSE,FALSE
714,43,29,188,110,29,188,110,29,188,110,159,81,159,81,FALSE,FALSE
714,44,22,188,100,22,188,100,22,188,100,166,78,166,78,FALSE,FALSE
714,45,22,185,105,22,185,105,22,185,105,163,83,163,83,FALSE,FALSE
714,46,27,190,99,27,190,99,27,190,99,163,72,163,72,FALSE,FALSE
714,47,26,188,102,26,188,102,26,188,102,162,76,162,76,FALSE,FALSE
714,48,29,172,97,29,172,97,29,172,97,143,68,143,68,FALSE,FALSE
714,49,34,166,101,34,166,101,34,166,101,132,67,132,67,FALSE,FALSE
714,50,39,161,105,39,161,105,39,161,105,122,66,122,66,FALSE,FALSE
714,51,29,154,109,29,154,109,29,154,109,125,80,125,80,FALSE,FALSE
714,52,26,154,116,26,154,116,26,154,116,128,90,128,90,FALSE,FALSE
714,53,25,146,105,25,146,105,25,146,105,121,80,121,80,FALSE,FALSE
714,54,31,150,98,31,150,98,31,150,98,119,67,119,67,FALSE,FALSE
714,55,37,147,97,37,147,97,37,147,97,110,60,110,60,FALSE,FALSE
714,56,36,135,100,36,135,100,36,135,100,99,64,99,64,FALSE,FALSE
714,57,36,145,104,36,145,104,36,145,104,109,68,109,68,FALSE,FALSE
714,58,31,136,109,31,136,109,31,136,109,105,78,105,78,FALSE,FALSE
714,59,32,128,106,32,128,106,32,128,106,96,74,96,74,FALSE,FALSE
714,60,32,117,100,32,117,100,32,117,100,85,68,85,68,FALSE,FALSE
715,0,78,78,78,78,78,78,78,78,78,0,0,0,0,TRUE,TRUE
715,1,107,100,99,107,100,99,107,100,99,-7,-8,7,8,FALSE,FALSE
715,2,143,116,119,143,116,119,143,116,119,-27,-24,27,24,FALSE,FALSE
715,3,188,143,154,188,143,154,188,143,154,-45,-34,45,34,FALSE,FALSE
715,4,229,187,190,229,187,190,229,187,190,-42,-39,42,39,FALSE,FALSE
715,5,286,247,244,286,247,244,286,247,244,-39,-42,39,42,FALSE,FALSE
715,6,375,290,298,375,290,298,375,290,298,-85,-77,85,77,FALSE,FALSE
715,7,480,395,380,480,395,380,480,395,380,-85,-100,85,100,FALSE,FALSE
715,8,597,489,478,597,489,478,597,489,478,-108,-119,108,119,FALSE,FALSE
715,9,732,578,594,732,578,594,732,578,594,-154,-138,154,138,FALSE,FALSE
715,10,910,697,747,910,697,747,910,697,747,-213,-163,213,163,FALSE,FALSE
715,11,1118,857,917,1118,857,917,1118,857,917,-261,-201,261,201,FALSE,FALSE
715,12,1338,1041,1110,1338,1041,1110,1338,1041,1110,-297,-228,297,228,FALSE,FALSE
715,13,1545,1263,1320,1545,1263,1320,1545,1263,1320,-282,-225,282,225,FALSE,FALSE
715,14,1753,1477,1543,1753,1477,1543,1753,1477,1543,-276,-210,276,210,FALSE,FALSE
715,15,2005,1712,1754,2005,1712,1754,2005,1712,1754,-293,-251,293,251,FALSE,FALSE
715,16,2250,1928,1999,2250,1928,1999,2250,1928,1999,-322,-251,322,251,FALSE,FALSE
715,17,2448,2141,2193,2448,2141,2193,2448,2141,2193,-307,-255,307,255,FALSE,FALSE
715,18,2645,2361,2325,2645,2361,2325,2645,2361,2325,-284,-320,284,320,FALSE,FALSE
715,19,2747,2507,2502,2747,2507,2502,2747,2507,2502,-240,-245,240,245,FALSE,FALSE
715,20,2801,2609,2594,2801,2609,2594,2801,2609,2594,-192,-207,192,207,FALSE,FALSE
715,21,2747,2709,2640,2747,2709,2640,2747,2709,2640,-38,-107,38,107,FALSE,FALSE
715,22,2741,2719,2620,2741,2719,2620,2741,2719,2620,-22,-121,22,121,FALSE,FALSE
715,23,2662,2682,2597,2662,2682,2597,2662,2682,2597,20,-65,20,65,FALSE,FALSE
715,24,2557,2634,2540,2557,2634,2540,2557,2634,2540,77,-17,77,17,FALSE,FALSE
715,25,2496,2539,2445,2496,2539,2445,2496,2539,2445,43,-51,43,51,FALSE,FALSE
715,26,2363,2430,2341,2363,2430,2341,2363,2430,2341,67,-22,67,22,FALSE,FALSE
715,27,2208,2334,2227,2208,2334,2227,2208,2334,2227,126,19,126,19,FALSE,FALSE
715,28,2051,2203,2093,2051,2203,2093,2051,2203,2093,152,42,152,42,FALSE,FALSE
715,29,1899,2053,1962,1899,2053,1962,1899,2053,1962,154,63,154,63,FALSE,FALSE
715,30,1747,1895,1871,1747,1895,1871,1747,1895,1871,148,124,148,124,FALSE,FALSE
715,31,1638,1741,1762,1638,1741,1762,1638,1741,1762,103,124,103,124,FALSE,FALSE
715,32,1511,1606,1654,1511,1606,1654,1511,1606,1654,95,143,95,143,FALSE,FALSE
715,33,1380,1483,1539,1380,1483,1539,1380,1483,1539,103,159,103,159,FALSE,FALSE
715,34,1274,1382,1410,1274,1382,1410,1274,1382,1410,108,136,108,136,FALSE,FALSE
715,35,1159,1305,1276,1159,1305,1276,1159,1305,1276,146,117,146,117,FALSE,FALSE
715,36,1078,1219,1176,1078,1219,1176,1078,1219,1176,141,98,141,98,FALSE,FALSE
715,37,986,1113,1087,986,1113,1087,986,1113,1087,127,101,127,101,FALSE,FALSE
715,38,893,1030,994,893,1030,994,893,1030,994,137,101,137,101,FALSE,FALSE
715,39,819,946,913,819,946,913,819,946,913,127,94,127,94,FALSE,FALSE
715,40,742,849,833,742,849,833,742,849,833,107,91,107,91,FALSE,FALSE
715,41,685,778,770,685,778,770,685,778,770,93,85,93,85,FALSE,FALSE
715,42,619,700,700,619,700,700,619,700,700,81,81,81,81,FALSE,FALSE
715,43,567,633,652,567,633,652,567,633,652,66,85,66,85,FALSE,FALSE
715,44,508,567,586,508,567,586,508,567,586,59,78,59,78,FALSE,FALSE
715,45,455,517,523,455,517,523,455,517,523,62,68,62,68,FALSE,FALSE
715,46,422,472,476,422,472,476,422,472,476,50,54,50,54,FALSE,FALSE
715,47,395,425,434,395,425,434,395,425,434,30,39,30,39,FALSE,FALSE
715,48,369,378,393,369,378,393,369,378,393,9,24,9,24,FALSE,FALSE
715,49,331,346,366,331,346,366,331,346,366,15,35,15,35,FALSE,FALSE
715,50,302,313,329,302,313,329,302,313,329,11,27,11,27,FALSE,FALSE
715,51,280,275,300,280,275,300,280,275,300,-5,20,5,20,FALSE,FALSE
715,52,261,256,284,261,256,284,261,256,284,-5,23,5,23,FALSE,FALSE
715,53,235,238,263,235,238,263,235,238,263,3,28,3,28,FALSE,FALSE
715,54,215,210,239,215,210,239,215,210,239,-5,24,5,24,FALSE,FALSE
715,55,197,185,209,197,185,209,197,185,209,-12,12,12,12,FALSE,FALSE
715,56,180,161,190,180,161,190,180,161,190,-19,10,19,10,FALSE,FALSE
715,57,159,144,176,159,144,176,159,144,176,-15,17,15,17,FALSE,FALSE
715,58,145,131,163,145,131,163,145,131,163,-14,18,14,18,FALSE,FALSE
715,59,137,114,146,137,114,146,137,114,146,-23,9,23,9,FALSE,FALSE
715,60,122,103,132,122,103,132,122,103,132,-19,10,19,10,FALSE,FALSE
716,0,127,127,127,127,127,127,127,127,127,0,0,0,0,TRUE,TRUE
716,1,175,195,175,175,195,175,175,195,175,20,0,20,0,FALSE,TRUE
716,2,242,327,280,242,327,280,242,327,280,85,38,85,38,FALSE,FALSE
716,3,349,513,445,349,513,445,349,513,445,164,96,164,96,FALSE,FALSE
716,4,533,774,644,533,774,644,533,774,644,241,111,241,111,FALSE,FALSE
716,5,835,1092,963,835,1092,963,835,1092,963,257,128,257,128,FALSE,FALSE
716,6,1202,1508,1355,1202,1508,1355,1202,1508,1355,306,153,306,153,FALSE,FALSE
716,7,1665,2038,1845,1665,2038,1845,1665,2038,1845,373,180,373,180,FALSE,FALSE
716,8,2210,2543,2374,2210,2543,2374,2210,2543,2374,333,164,333,164,FALSE,FALSE
716,9,2743,2969,2850,2743,2969,2850,2743,2969,2850,226,107,226,107,FALSE,FALSE
716,10,3137,3303,3258,3137,3303,3258,3137,3303,3258,166,121,166,121,FALSE,FALSE
716,11,3477,3437,3559,3477,3437,3559,3477,3437,3559,-40,82,40,82,FALSE,FALSE
716,12,3567,3409,3649,3567,3409,3649,3567,3409,3649,-158,82,158,82,FALSE,FALSE
716,13,3491,3252,3601,3491,3252,3601,3491,3252,3601,-239,110,239,110,FALSE,FALSE
716,14,3312,3069,3382,3312,3069,3382,3312,3069,3382,-243,70,243,70,FALSE,FALSE
716,15,3069,2812,3057,3069,2812,3057,3069,2812,3057,-257,-12,257,12,FALSE,FALSE
716,16,2759,2514,2757,2759,2514,2757,2759,2514,2757,-245,-2,245,2,FALSE,FALSE
716,17,2481,2190,2412,2481,2190,2412,2481,2190,2412,-291,-69,291,69,FALSE,FALSE
716,18,2230,1850,2119,2230,1850,2119,2230,1850,2119,-380,-111,380,111,FALSE,FALSE
716,19,1950,1617,1843,1950,1617,1843,1950,1617,1843,-333,-107,333,107,FALSE,FALSE
716,20,1685,1409,1596,1685,1409,1596,1685,1409,1596,-276,-89,276,89,FALSE,FALSE
716,21,1454,1211,1377,1454,1211,1377,1454,1211,1377,-243,-77,243,77,FALSE,FALSE
716,22,1255,1037,1181,1255,1037,1181,1255,1037,1181,-218,-74,218,74,FALSE,FALSE
716,23,1067,884,1015,1067,884,1015,1067,884,1015,-183,-52,183,52,FALSE,FALSE
716,24,897,748,890,897,748,890,897,748,890,-149,-7,149,7,FALSE,FALSE
716,25,777,648,763,777,648,763,777,648,763,-129,-14,129,14,FALSE,FALSE
716,26,652,540,645,652,540,645,652,540,645,-112,-7,112,7,FALSE,FALSE
716,27,565,467,549,565,467,549,565,467,549,-98,-16,98,16,FALSE,FALSE
716,28,472,391,473,472,391,473,472,391,473,-81,1,81,1,FALSE,FALSE
716,29,403,322,404,403,322,404,403,322,404,-81,1,81,1,FALSE,FALSE
716,30,346,277,326,346,277,326,346,277,326,-69,-20,69,20,FALSE,FALSE
716,31,301,227,285,301,227,285,301,227,285,-74,-16,74,16,FALSE,FALSE
716,32,268,196,240,268,196,240,268,196,240,-72,-28,72,28,FALSE,FALSE
716,33,233,168,197,233,168,197,233,168,197,-65,-36,65,36,FALSE,FALSE
716,34,207,144,176,207,144,176,207,144,176,-63,-31,63,31,FALSE,FALSE
716,35,181,119,150,181,119,150,181,119,150,-62,-31,62,31,FALSE,FALSE
716,36,144,101,127,144,101,127,144,101,127,-43,-17,43,17,FALSE,FALSE
716,37,122,83,102,122,83,102,122,83,102,-39,-20,39,20,FALSE,FALSE
716,38,110,67,88,110,67,88,110,67,88,-43,-22,43,22,FALSE,FALSE
716,39,93,52,73,93,52,73,93,52,73,-41,-20,41,20,FALSE,FALSE
716,40,80,42,65,80,42,65,80,42,65,-38,-15,38,15,FALSE,FALSE
716,41,67,33,52,67,33,52,67,33,52,-34,-15,34,15,FALSE,FALSE
716,42,57,27,45,57,27,45,57,27,45,-30,-12,30,12,FALSE,FALSE
716,43,48,25,38,48,25,38,48,25,38,-23,-10,23,10,FALSE,FALSE
716,44,42,24,31,42,24,31,42,24,31,-18,-11,18,11,FALSE,FALSE
716,45,36,24,27,36,24,27,36,24,27,-12,-9,12,9,FALSE,FALSE
716,46,31,20,21,31,20,21,31,20,21,-11,-10,11,10,FALSE,FALSE
716,47,27,17,19,27,17,19,27,17,19,-10,-8,10,8,FALSE,FALSE
716,48,23,12,17,23,12,17,23,12,17,-11,-6,11,6,FALSE,FALSE
716,49,20,10,15,20,10,15,20,10,15,-10,-5,10,5,FALSE,FALSE
716,50,18,9,13,18,9,13,18,9,13,-9,-5,9,5,FALSE,FALSE
716,51,14,8,14,14,8,14,14,8,14,-6,0,6,0,FALSE,TRUE
716,52,9,7,13,9,7,13,9,7,13,-2,4,2,4,FALSE,FALSE
716,53,6,7,7,6,7,7,6,7,7,1,1,1,1,FALSE,FALSE
716,54,6,4,5,6,4,5,6,4,5,-2,-1,2,1,FALSE,FALSE
716,55,6,4,4,6,4,4,6,4,4,-2,-2,2,2,FALSE,FALSE
716,56,6,4,3,6,4,3,6,4,3,-2,-3,2,3,FALSE,FALSE
716,57,4,2,3,4,2,3,4,2,3,-2,-1,2,1,FALSE,FALSE
716,58,2,2,3,2,2,3,2,2,3,0,1,0,1,TRUE,FALSE
716,59,2,2,3,2,2,3,2,2,3,0,1,0,1,TRUE,FALSE
716,60,1,2,3,1,2,3,1,2,3,1,2,1,2,FALSE,FALSE
717,0,72,72,72,72,72,72,72,72,72,0,0,0,0,TRUE,TRUE
717,1,95,87,83,95,87,83,95,87,83,-8,-12,8,12,FALSE,FALSE
717,2,106,102,99,106,102,99,106,102,99,-4,-7,4,7,FALSE,FALSE
717,3,136,128,125,136,128,125,136,128,125,-8,-11,8,11,FALSE,FALSE
717,4,153,165,140,153,165,140,153,165,140,12,-13,12,13,FALSE,FALSE
717,5,190,193,157,190,193,157,190,193,157,3,-33,3,33,FALSE,FALSE
717,6,234,235,184,234,235,184,234,235,184,1,-50,1,50,FALSE,FALSE
717,7,263,270,223,263,270,223,263,270,223,7,-40,7,40,FALSE,FALSE
717,8,310,307,271,310,307,271,310,307,271,-3,-39,3,39,FALSE,FALSE
717,9,381,357,332,381,357,332,381,357,332,-24,-49,24,49,FALSE,FALSE
717,10,454,407,376,454,407,376,454,407,376,-47,-78,47,78,FALSE,FALSE
717,11,545,473,468,545,473,468,545,473,468,-72,-77,72,77,FALSE,FALSE
717,12,638,538,539,638,538,539,638,538,539,-100,-99,100,99,FALSE,FALSE
717,13,732,615,615,732,615,615,732,615,615,-117,-117,117,117,FALSE,FALSE
717,14,860,719,726,860,719,726,860,719,726,-141,-134,141,134,FALSE,FALSE
717,15,997,830,868,997,830,868,997,830,868,-167,-129,167,129,FALSE,FALSE
717,16,1115,964,987,1115,964,987,1115,964,987,-151,-128,151,128,FALSE,FALSE
717,17,1272,1103,1132,1272,1103,1132,1272,1103,1132,-169,-140,169,140,FALSE,FALSE
717,18,1422,1231,1256,1422,1231,1256,1422,1231,1256,-191,-166,191,166,FALSE,FALSE
717,19,1582,1333,1399,1582,1333,1399,1582,1333,1399,-249,-183,249,183,FALSE,FALSE
717,20,1755,1462,1574,1755,1462,1574,1755,1462,1574,-293,-181,293,181,FALSE,FALSE
717,21,1884,1605,1711,1884,1605,1711,1884,1605,1711,-279,-173,279,173,FALSE,FALSE
717,22,2011,1690,1900,2011,1690,1900,2011,1690,1900,-321,-111,321,111,FALSE,FALSE
717,23,2127,1827,2020,2127,1827,2020,2127,1827,2020,-300,-107,300,107,FALSE,FALSE
717,24,2226,1939,2132,2226,1939,2132,2226,1939,2132,-287,-94,287,94,FALSE,FALSE
717,25,2330,2027,2226,2330,2027,2226,2330,2027,2226,-303,-104,303,104,FALSE,FALSE
717,26,2383,2088,2303,2383,2088,2303,2383,2088,2303,-295,-80,295,80,FALSE,FALSE
717,27,2380,2103,2346,2380,2103,2346,2380,2103,2346,-277,-34,277,34,FALSE,FALSE
717,28,2361,2072,2373,2361,2072,2373,2361,2072,2373,-289,12,289,12,FALSE,FALSE
717,29,2305,2071,2413,2305,2071,2413,2305,2071,2413,-234,108,234,108,FALSE,FALSE
717,30,2307,2033,2384,2307,2033,2384,2307,2033,2384,-274,77,274,77,FALSE,FALSE
717,31,2256,2004,2349,2256,2004,2349,2256,2004,2349,-252,93,252,93,FALSE,FALSE
717,32,2170,2008,2287,2170,2008,2287,2170,2008,2287,-162,117,162,117,FALSE,FALSE
717,33,2111,1972,2197,2111,1972,2197,2111,1972,2197,-139,86,139,86,FALSE,FALSE
717,34,2014,1902,2126,2014,1902,2126,2014,1902,2126,-112,112,112,112,FALSE,FALSE
717,35,1911,1835,2065,1911,1835,2065,1911,1835,2065,-76,154,76,154,FALSE,FALSE
717,36,1839,1751,1972,1839,1751,1972,1839,1751,1972,-88,133,88,133,FALSE,FALSE
717,37,1764,1662,1893,1764,1662,1893,1764,1662,1893,-102,129,102,129,FALSE,FALSE
717,38,1666,1591,1768,1666,1591,1768,1666,1591,1768,-75,102,75,102,FALSE,FALSE
717,39,1587,1503,1670,1587,1503,1670,1587,1503,1670,-84,83,84,83,FALSE,FALSE
717,40,1472,1439,1570,1472,1439,1570,1472,1439,1570,-33,98,33,98,FALSE,FALSE
717,41,1371,1374,1459,1371,1374,1459,1371,1374,1459,3,88,3,88,FALSE,FALSE
717,42,1282,1317,1386,1282,1317,1386,1282,1317,1386,35,104,35,104,FALSE,FALSE
717,43,1202,1225,1295,1202,1225,1295,1202,1225,1295,23,93,23,93,FALSE,FALSE
717,44,1140,1161,1221,1140,1161,1221,1140,1161,1221,21,81,21,81,FALSE,FALSE
717,45,1046,1107,1134,1046,1107,1134,1046,1107,1134,61,88,61,88,FALSE,FALSE
717,46,975,1047,1057,975,1047,1057,975,1047,1057,72,82,72,82,FALSE,FALSE
717,47,913,987,996,913,987,996,913,987,996,74,83,74,83,FALSE,FALSE
717,48,843,927,939,843,927,939,843,927,939,84,96,84,96,FALSE,FALSE
717,49,784,873,888,784,873,888,784,873,888,89,104,89,104,FALSE,FALSE
717,50,719,807,834,719,807,834,719,807,834,88,115,88,115,FALSE,FALSE
717,51,659,763,755,659,763,755,659,763,755,104,96,104,96,FALSE,FALSE
717,52,616,715,706,616,715,706,616,715,706,99,90,99,90,FALSE,FALSE
717,53,584,675,663,584,675,663,584,675,663,91,79,91,79,FALSE,FALSE
717,54,532,615,609,532,615,609,532,615,609,83,77,83,77,FALSE,FALSE
717,55,506,576,582,506,576,582,506,576,582,70,76,70,76,FALSE,FALSE
717,56,457,537,535,457,537,535,457,537,535,80,78,80,78,FALSE,FALSE
717,57,422,499,506,422,499,506,422,499,506,77,84,77,84,FALSE,FALSE
717,58,391,466,475,391,466,475,391,466,475,75,84,75,84,FALSE,FALSE
717,59,357,439,430,357,439,430,357,439,430,82,73,82,73,FALSE,FALSE
717,60,334,407,399,334,407,399,334,407,399,73,65,73,65,FALSE,FALSE
718,0,50,50,50,50,50,50,50,50,50,0,0,0,0,TRUE,TRUE
718,1,71,59,79,71,59,79,71,59,79,-12,8,12,8,FALSE,FALSE
718,2,96,83,101,96,83,101,96,83,101,-13,5,13,5,FALSE,FALSE
718,3,131,124,134,131,124,134,131,124,134,-7,3,7,3,FALSE,FALSE
718,4,187,172,172,187,172,172,187,172,172,-15,-15,15,15,FALSE,FALSE
718,5,257,229,239,257,229,239,257,229,239,-28,-18,28,18,FALSE,FALSE
718,6,355,302,311,355,302,311,355,302,311,-53,-44,53,44,FALSE,FALSE
718,7,464,410,391,464,410,391,464,410,391,-54,-73,54,73,FALSE,FALSE
718,8,620,547,489,620,547,489,620,547,489,-73,-131,73,131,FALSE,FALSE
718,9,821,747,668,821,747,668,821,747,668,-74,-153,74,153,FALSE,FALSE
718,10,1020,955,877,1020,955,877,1020,955,877,-65,-143,65,143,FALSE,FALSE
718,11,1294,1187,1121,1294,1187,1121,1294,1187,1121,-107,-173,107,173,FALSE,FALSE
718,12,1593,1493,1359,1593,1493,1359,1593,1493,1359,-100,-234,100,234,FALSE,FALSE
718,13,1872,1750,1667,1872,1750,1667,1872,1750,1667,-122,-205,122,205,FALSE,FALSE
718,14,2114,2046,1939,2114,2046,1939,2114,2046,1939,-68,-175,68,175,FALSE,FALSE
718,15,2314,2301,2226,2314,2301,2226,2314,2301,2226,-13,-88,13,88,FALSE,FALSE
718,16,2490,2499,2396,2490,2499,2396,2490,2499,2396,9,-94,9,94,FALSE,FALSE
718,17,2577,2620,2543,2577,2620,2543,2577,2620,2543,43,-34,43,34,FALSE,FALSE
718,18,2639,2705,2622,2639,2705,2622,2639,2705,2622,66,-17,66,17,FALSE,FALSE
718,19,2599,2693,2642,2599,2693,2642,2599,2693,2642,94,43,94,43,FALSE,FALSE
718,20,2491,2617,2571,2491,2617,2571,2491,2617,2571,126,80,126,80,FALSE,FALSE
718,21,2380,2514,2479,2380,2514,2479,2380,2514,2479,134,99,134,99,FALSE,FALSE
718,22,2262,2371,2334,2262,2371,2334,2262,2371,2334,109,72,109,72,FALSE,FALSE
718,23,2074,2248,2185,2074,2248,2185,2074,2248,2185,174,111,174,111,FALSE,FALSE
718,24,1932,2084,2050,1932,2084,2050,1932,2084,2050,152,118,152,118,FALSE,FALSE
718,25,1751,1909,1916,1751,1909,1916,1751,1909,1916,158,165,158,165,FALSE,FALSE
718,26,1634,1749,1741,1634,1749,1741,1634,1749,1741,115,107,115,107,FALSE,FALSE
718,27,1513,1590,1587,1513,1590,1587,1513,1590,1587,77,74,77,74,FALSE,FALSE
718,28,1385,1430,1425,1385,1430,1425,1385,1430,1425,45,40,45,40,FALSE,FALSE
718,29,1258,1314,1268,1258,1314,1268,1258,1314,1268,56,10,56,10,FALSE,FALSE
718,30,1131,1177,1165,1131,1177,1165,1131,1177,1165,46,34,46,34,FALSE,FALSE
718,31,1028,1059,1061,1028,1059,1061,1028,1059,1061,31,33,31,33,FALSE,FALSE
718,32,921,962,932,921,962,932,921,962,932,41,11,41,11,FALSE,FALSE
718,33,805,877,811,805,877,811,805,877,811,72,6,72,6,FALSE,FALSE
718,34,724,797,729,724,797,729,724,797,729,73,5,73,5,FALSE,FALSE
718,35,666,719,649,666,719,649,666,719,649,53,-17,53,17,FALSE,FALSE
718,36,599,644,557,599,644,557,599,644,557,45,-42,45,42,FALSE,FALSE
718,37,541,575,485,541,575,485,541,575,485,34,-56,34,56,FALSE,FALSE
718,38,491,513,437,491,513,437,491,513,437,22,-54,22,54,FALSE,FALSE
718,39,439,455,396,439,455,396,439,455,396,16,-43,16,43,FALSE,FALSE
718,40,372,401,352,372,401,352,372,401,352,29,-20,29,20,FALSE,FALSE
718,41,327,363,328,327,363,328,327,363,328,36,1,36,1,FALSE,FALSE
718,42,300,323,282,300,323,282,300,323,282,23,-18,23,18,FALSE,FALSE
718,43,267,296,252,267,296,252,267,296,252,29,-15,29,15,FALSE,FALSE
718,44,248,255,230,248,255,230,248,255,230,7,-18,7,18,FALSE,FALSE
718,45,217,228,201,217,228,201,217,228,201,11,-16,11,16,FALSE,FALSE
718,46,193,202,180,193,202,180,193,202,180,9,-13,9,13,FALSE,FALSE
718,47,164,167,158,164,167,158,164,167,158,3,-6,3,6,FALSE,FALSE
718,48,134,147,132,134,147,132,134,147,132,13,-2,13,2,FALSE,FALSE
718,49,116,131,117,116,131,117,116,131,117,15,1,15,1,FALSE,FALSE
718,50,102,122,107,102,122,107,102,122,107,20,5,20,5,FALSE,FALSE
718,51,90,111,102,90,111,102,90,111,102,21,12,21,12,FALSE,FALSE
718,52,78,95,87,78,95,87,78,95,87,17,9,17,9,FALSE,FALSE
718,53,73,86,76,73,86,76,73,86,76,13,3,13,3,FALSE,FALSE
718,54,66,76,68,66,76,68,66,76,68,10,2,10,2,FALSE,FALSE
718,55,56,66,65,56,66,65,56,66,65,10,9,10,9,FALSE,FALSE
718,56,46,58,58,46,58,58,46,58,58,12,12,12,12,FALSE,FALSE
718,57,41,51,53,41,51,53,41,51,53,10,12,10,12,FALSE,FALSE
718,58,39,46,51,39,46,51,39,46,51,7,12,7,12,FALSE,FALSE
718,59,36,39,43,36,39,43,36,39,43,3,7,3,7,FALSE,FALSE
718,60,30,30,41,30,30,41,30,30,41,0,11,0,11,TRUE,FALSE
719,0,85,85,85,85,85,85,85,85,85,0,0,0,0,TRUE,TRUE
719,1,127,119,128,127,119,128,127,119,128,-8,1,8,1,FALSE,FALSE
719,2,203,180,198,203,180,198,203,180,198,-23,-5,23,5,FALSE,FALSE
719,3,298,299,300,298,299,300,298,299,300,1,2,1,2,FALSE,FALSE
719,4,443,450,429,443,450,429,443,450,429,7,-14,7,14,FALSE,FALSE
719,5,651,654,610,651,654,610,651,654,610,3,-41,3,41,FALSE,FALSE
719,6,891,929,856,891,929,856,891,929,856,38,-35,38,35,FALSE,FALSE
719,7,1215,1236,1134,1215,1236,1134,1215,1236,1134,21,-81,21,81,FALSE,FALSE
719,8,1527,1562,1444,1527,1562,1444,1527,1562,1444,35,-83,35,83,FALSE,FALSE
719,9,1817,1890,1716,1817,1890,1716,1817,1890,1716,73,-101,73,101,FALSE,FALSE
719,10,2003,2168,1939,2003,2168,1939,2003,2168,1939,165,-64,165,64,FALSE,FALSE
719,11,2145,2307,2104,2145,2307,2104,2145,2307,2104,162,-41,162,41,FALSE,FALSE
719,12,2147,2227,2099,2147,2227,2099,2147,2227,2099,80,-48,80,48,FALSE,FALSE
719,13,2083,2076,2044,2083,2076,2044,2083,2076,2044,-7,-39,7,39,FALSE,FALSE
719,14,1915,1881,1901,1915,1881,1901,1915,1881,1901,-34,-14,34,14,FALSE,FALSE
719,15,1719,1664,1750,1719,1664,1750,1719,1664,1750,-55,31,55,31,FALSE,FALSE
719,16,1451,1445,1540,1451,1445,1540,1451,1445,1540,-6,89,6,89,FALSE,FALSE
719,17,1219,1237,1356,1219,1237,1356,1219,1237,1356,18,137,18,137,FALSE,FALSE
719,18,1039,1050,1170,1039,1050,1170,1039,1050,1170,11,131,11,131,FALSE,FALSE
719,19,851,883,974,851,883,974,851,883,974,32,123,32,123,FALSE,FALSE
719,20,728,738,802,728,738,802,728,738,802,10,74,10,74,FALSE,FALSE
719,21,618,614,672,618,614,672,618,614,672,-4,54,4,54,FALSE,FALSE
719,22,537,523,541,537,523,541,537,523,541,-14,4,14,4,FALSE,FALSE
719,23,464,428,468,464,428,468,464,428,468,-36,4,36,4,FALSE,FALSE
719,24,391,353,393,391,353,393,391,353,393,-38,2,38,2,FALSE,FALSE
719,25,314,283,316,314,283,316,314,283,316,-31,2,31,2,FALSE,FALSE
719,26,259,231,256,259,231,256,259,231,256,-28,-3,28,3,FALSE,FALSE
719,27,206,203,216,206,203,216,206,203,216,-3,10,3,10,FALSE,FALSE
719,28,170,167,172,170,167,172,170,167,172,-3,2,3,2,FALSE,FALSE
719,29,130,125,143,130,125,143,130,125,143,-5,13,5,13,FALSE,FALSE
719,30,105,94,123,105,94,123,105,94,123,-11,18,11,18,FALSE,FALSE
719,31,91,80,100,91,80,100,91,80,100,-11,9,11,9,FALSE,FALSE
719,32,76,66,77,76,66,77,76,66,77,-10,1,10,1,FALSE,FALSE
719,33,63,50,64,63,50,64,63,50,64,-13,1,13,1,FALSE,FALSE
719,34,56,38,54,56,38,54,56,38,54,-18,-2,18,2,FALSE,FALSE
719,35,44,28,50,44,28,50,44,28,50,-16,6,16,6,FALSE,FALSE
719,36,36,20,39,36,20,39,36,20,39,-16,3,16,3,FALSE,FALSE
719,37,28,16,32,28,16,32,28,16,32,-12,4,12,4,FALSE,FALSE
719,38,23,11,23,23,11,23,23,11,23,-12,0,12,0,FALSE,TRUE
719,39,21,10,22,21,10,22,21,10,22,-11,1,11,1,FALSE,FALSE
719,40,20,10,17,20,10,17,20,10,17,-10,-3,10,3,FALSE,FALSE
719,41,15,7,13,15,7,13,15,7,13,-8,-2,8,2,FALSE,FALSE
719,42,11,6,8,11,6,8,11,6,8,-5,-3,5,3,FALSE,FALSE
719,43,7,3,7,7,3,7,7,3,7,-4,0,4,0,FALSE,TRUE
719,44,6,2,7,6,2,7,6,2,7,-4,1,4,1,FALSE,FALSE
719,45,5,2,6,5,2,6,5,2,6,-3,1,3,1,FALSE,FALSE
719,46,4,1,5,4,1,5,4,1,5,-3,1,3,1,FALSE,FALSE
719,47,5,1,2,5,1,2,5,1,2,-4,-3,4,3,FALSE,FALSE
719,48,4,1,2,4,1,2,4,1,2,-3,-2,3,2,FALSE,FALSE
719,49,4,1,2,4,1,2,4,1,2,-3,-2,3,2,FALSE,FALSE
719,50,4,1,2,4,1,2,4,1,2,-3,-2,3,2,FALSE,FALSE
719,51,4,1,2,4,1,2,4,1,2,-3,-2,3,2,FALSE,FALSE
719,52,3,1,1,3,1,1,3,1,1,-2,-2,2,2,FALSE,FALSE
719,53,3,0,1,3,0,1,3,0,1,-3,-2,3,2,FALSE,FALSE
719,54,2,0,1,2,0,1,2,0,1,-2,-1,2,1,FALSE,FALSE
719,55,1,0,1,1,0,1,1,0,1,-1,0,1,0,FALSE,TRUE
719,56,1,0,1,1,0,1,1,0,1,-1,0,1,0,FALSE,TRUE
719,57,1,0,1,1,0,1,1,0,1,-1,0,1,0,FALSE,TRUE
719,58,1,0,0,1,0,0,1,0,0,-1,-1,1,1,FALSE,FALSE
719,59,1,0,0,1,0,0,1,0,0,-1,-1,1,1,FALSE,FALSE
719,60,2,0,0,2,0,0,2,0,0,-2,-2,2,2,FALSE,FALSE
720,0,70,70,70,70,70,70,70,70,70,0,0,0,0,TRUE,TRUE
720,1,76,81,76,76,81,76,76,81,76,5,0,5,0,FALSE,TRUE
720,2,83,89,84,83,89,84,83,89,84,6,1,6,1,FALSE,FALSE
720,3,93,96,98,93,96,98,93,96,98,3,5,3,5,FALSE,FALSE
720,4,105,105,112,105,105,112,105,105,112,0,7,0,7,TRUE,FALSE
720,5,114,130,117,114,130,117,114,130,117,16,3,16,3,FALSE,FALSE
720,6,138,142,137,138,142,137,138,142,137,4,-1,4,1,FALSE,FALSE
720,7,159,155,146,159,155,146,159,155,146,-4,-13,4,13,FALSE,FALSE
720,8,183,174,164,183,174,164,183,174,164,-9,-19,9,19,FALSE,FALSE
720,9,204,194,195,204,194,195,204,194,195,-10,-9,10,9,FALSE,FALSE
720,10,235,223,213,235,223,213,235,223,213,-12,-22,12,22,FALSE,FALSE
720,11,256,262,246,256,262,246,256,262,246,6,-10,6,10,FALSE,FALSE
720,12,281,301,272,281,301,272,281,301,272,20,-9,20,9,FALSE,FALSE
720,13,314,322,313,314,322,313,314,322,313,8,-1,8,1,FALSE,FALSE
720,14,354,349,346,354,349,346,354,349,346,-5,-8,5,8,FALSE,FALSE
720,15,407,402,394,407,402,394,407,402,394,-5,-13,5,13,FALSE,FALSE
720,16,450,436,418,450,436,418,450,436,418,-14,-32,14,32,FALSE,FALSE
720,17,501,457,462,501,457,462,501,457,462,-44,-39,44,39,FALSE,FALSE
720,18,565,516,489,565,516,489,565,516,489,-49,-76,49,76,FALSE,FALSE
720,19,650,580,533,650,580,533,650,580,533,-70,-117,70,117,FALSE,FALSE
720,20,732,615,568,732,615,568,732,615,568,-117,-164,117,164,FALSE,FALSE
720,21,788,667,614,788,667,614,788,667,614,-121,-174,121,174,FALSE,FALSE
720,22,854,715,665,854,715,665,854,715,665,-139,-189,139,189,FALSE,FALSE
720,23,924,778,722,924,778,722,924,778,722,-146,-202,146,202,FALSE,FALSE
720,24,997,825,785,997,825,785,997,825,785,-172,-212,172,212,FALSE,FALSE
720,25,1050,865,829,1050,865,829,1050,865,829,-185,-221,185,221,FALSE,FALSE
720,26,1115,915,894,1115,915,894,1115,915,894,-200,-221,200,221,FALSE,FALSE
720,27,1197,968,930,1197,968,930,1197,968,930,-229,-267,229,267,FALSE,FALSE
720,28,1275,1032,969,1275,1032,969,1275,1032,969,-243,-306,243,306,FALSE,FALSE
720,29,1326,1084,1026,1326,1084,1026,1326,1084,1026,-242,-300,242,300,FALSE,FALSE
720,30,1372,1131,1065,1372,1131,1065,1372,1131,1065,-241,-307,241,307,FALSE,FALSE
720,31,1372,1155,1109,1372,1155,1109,1372,1155,1109,-217,-263,217,263,FALSE,FALSE
720,32,1397,1202,1136,1397,1202,1136,1397,1202,1136,-195,-261,195,261,FALSE,FALSE
720,33,1401,1241,1178,1401,1241,1178,1401,1241,1178,-160,-223,160,223,FALSE,FALSE
720,34,1397,1271,1222,1397,1271,1222,1397,1271,1222,-126,-175,126,175,FALSE,FALSE
720,35,1417,1269,1236,1417,1269,1236,1417,1269,1236,-148,-181,148,181,FALSE,FALSE
720,36,1394,1293,1266,1394,1293,1266,1394,1293,1266,-101,-128,101,128,FALSE,FALSE
720,37,1376,1305,1312,1376,1305,1312,1376,1305,1312,-71,-64,71,64,FALSE,FALSE
720,38,1332,1289,1330,1332,1289,1330,1332,1289,1330,-43,-2,43,2,FALSE,FALSE
720,39,1295,1283,1341,1295,1283,1341,1295,1283,1341,-12,46,12,46,FALSE,FALSE
720,40,1249,1263,1321,1249,1263,1321,1249,1263,1321,14,72,14,72,FALSE,FALSE
720,41,1229,1247,1294,1229,1247,1294,1229,1247,1294,18,65,18,65,FALSE,FALSE
720,42,1191,1219,1295,1191,1219,1295,1191,1219,1295,28,104,28,104,FALSE,FALSE
720,43,1174,1193,1281,1174,1193,1281,1174,1193,1281,19,107,19,107,FALSE,FALSE
720,44,1126,1181,1258,1126,1181,1258,1126,1181,1258,55,132,55,132,FALSE,FALSE
720,45,1084,1150,1219,1084,1150,1219,1084,1150,1219,66,135,66,135,FALSE,FALSE
720,46,1053,1116,1206,1053,1116,1206,1053,1116,1206,63,153,63,153,FALSE,FALSE
720,47,994,1068,1147,994,1068,1147,994,1068,1147,74,153,74,153,FALSE,FALSE
720,48,934,1025,1101,934,1025,1101,934,1025,1101,91,167,91,167,FALSE,FALSE
720,49,880,999,1085,880,999,1085,880,999,1085,119,205,119,205,FALSE,FALSE
720,50,850,947,1047,850,947,1047,850,947,1047,97,197,97,197,FALSE,FALSE
720,51,809,924,1036,809,924,1036,809,924,1036,115,227,115,227,FALSE,FALSE
720,52,771,887,989,771,887,989,771,887,989,116,218,116,218,FALSE,FALSE
720,53,736,852,947,736,852,947,736,852,947,116,211,116,211,FALSE,FALSE
720,54,708,809,899,708,809,899,708,809,899,101,191,101,191,FALSE,FALSE
720,55,668,774,853,668,774,853,668,774,853,106,185,106,185,FALSE,FALSE
720,56,643,735,812,643,735,812,643,735,812,92,169,92,169,FALSE,FALSE
720,57,616,684,781,616,684,781,616,684,781,68,165,68,165,FALSE,FALSE
720,58,573,639,745,573,639,745,573,639,745,66,172,66,172,FALSE,FALSE
720,59,537,598,708,537,598,708,537,598,708,61,171,61,171,FALSE,FALSE
720,60,511,578,669,511,578,669,511,578,669,67,158,67,158,FALSE,FALSE
721,0,84,84,84,84,84,84,84,84,84,0,0,0,0,TRUE,TRUE
721,1,105,93,87,105,93,87,105,93,87,-12,-18,12,18,FALSE,FALSE
721,2,127,103,114,127,103,114,127,103,114,-24,-13,24,13,FALSE,FALSE
721,3,162,133,138,162,133,138,162,133,138,-29,-24,29,24,FALSE,FALSE
721,4,212,175,190,212,175,190,212,175,190,-37,-22,37,22,FALSE,FALSE
721,5,280,213,224,280,213,224,280,213,224,-67,-56,67,56,FALSE,FALSE
721,6,337,271,304,337,271,304,337,271,304,-66,-33,66,33,FALSE,FALSE
721,7,395,332,371,395,332,371,395,332,371,-63,-24,63,24,FALSE,FALSE
721,8,498,433,455,498,433,455,498,433,455,-65,-43,65,43,FALSE,FALSE
721,9,588,549,572,588,549,572,588,549,572,-39,-16,39,16,FALSE,FALSE
721,10,710,643,703,710,643,703,710,643,703,-67,-7,67,7,FALSE,FALSE
721,11,854,781,876,854,781,876,854,781,876,-73,22,73,22,FALSE,FALSE
721,12,1028,894,1011,1028,894,1011,1028,894,1011,-134,-17,134,17,FALSE,FALSE
721,13,1156,1011,1131,1156,1011,1131,1156,1011,1131,-145,-25,145,25,FALSE,FALSE
721,14,1293,1162,1244,1293,1162,1244,1293,1162,1244,-131,-49,131,49,FALSE,FALSE
721,15,1430,1251,1357,1430,1251,1357,1430,1251,1357,-179,-73,179,73,FALSE,FALSE
721,16,1504,1376,1449,1504,1376,1449,1504,1376,1449,-128,-55,128,55,FALSE,FALSE
721,17,1597,1465,1483,1597,1465,1483,1597,1465,1483,-132,-114,132,114,FALSE,FALSE
721,18,1582,1457,1503,1582,1457,1503,1582,1457,1503,-125,-79,125,79,FALSE,FALSE
721,19,1526,1481,1494,1526,1481,1494,1526,1481,1494,-45,-32,45,32,FALSE,FALSE
721,20,1465,1467,1432,1465,1467,1432,1465,1467,1432,2,-33,2,33,FALSE,FALSE
721,21,1347,1385,1341,1347,1385,1341,1347,1385,1341,38,-6,38,6,FALSE,FALSE
721,22,1270,1300,1252,1270,1300,1252,1270,1300,1252,30,-18,30,18,FALSE,FALSE
721,23,1128,1195,1181,1128,1195,1181,1128,1195,1181,67,53,67,53,FALSE,FALSE
721,24,992,1104,1092,992,1104,1092,992,1104,1092,112,100,112,100,FALSE,FALSE
721,25,891,978,947,891,978,947,891,978,947,87,56,87,56,FALSE,FALSE
721,26,797,906,831,797,906,831,797,906,831,109,34,109,34,FALSE,FALSE
721,27,698,809,730,698,809,730,698,809,730,111,32,111,32,FALSE,FALSE
721,28,608,708,650,608,708,650,608,708,650,100,42,100,42,FALSE,FALSE
721,29,520,623,562,520,623,562,520,623,562,103,42,103,42,FALSE,FALSE
721,30,454,560,483,454,560,483,454,560,483,106,29,106,29,FALSE,FALSE
721,31,402,465,411,402,465,411,402,465,411,63,9,63,9,FALSE,FALSE
721,32,356,392,357,356,392,357,356,392,357,36,1,36,1,FALSE,FALSE
721,33,292,348,299,292,348,299,292,348,299,56,7,56,7,FALSE,FALSE
721,34,255,304,251,255,304,251,255,304,251,49,-4,49,4,FALSE,FALSE
721,35,221,259,225,221,259,225,221,259,225,38,4,38,4,FALSE,FALSE
721,36,183,224,190,183,224,190,183,224,190,41,7,41,7,FALSE,FALSE
721,37,165,196,163,165,196,163,165,196,163,31,-2,31,2,FALSE,FALSE
721,38,145,173,142,145,173,142,145,173,142,28,-3,28,3,FALSE,FALSE
721,39,120,143,124,120,143,124,120,143,124,23,4,23,4,FALSE,FALSE
721,40,105,122,101,105,122,101,105,122,101,17,-4,17,4,FALSE,FALSE
721,41,83,94,78,83,94,78,83,94,78,11,-5,11,5,FALSE,FALSE
721,42,67,79,66,67,79,66,67,79,66,12,-1,12,1,FALSE,FALSE
721,43,57,68,58,57,68,58,57,68,58,11,1,11,1,FALSE,FALSE
721,44,47,49,49,47,49,49,47,49,49,2,2,2,2,FALSE,FALSE
721,45,31,45,41,31,45,41,31,45,41,14,10,14,10,FALSE,FALSE
721,46,26,44,35,26,44,35,26,44,35,18,9,18,9,FALSE,FALSE
721,47,21,33,30,21,33,30,21,33,30,12,9,12,9,FALSE,FALSE
721,48,15,28,30,15,28,30,15,28,30,13,15,13,15,FALSE,FALSE
721,49,15,26,17,15,26,17,15,26,17,11,2,11,2,FALSE,FALSE
721,50,12,25,13,12,25,13,12,25,13,13,1,13,1,FALSE,FALSE
721,51,10,24,11,10,24,11,10,24,11,14,1,14,1,FALSE,FALSE
721,52,9,21,8,9,21,8,9,21,8,12,-1,12,1,FALSE,FALSE
721,53,9,20,9,9,20,9,9,20,9,11,0,11,0,FALSE,TRUE
721,54,3,14,6,3,14,6,3,14,6,11,3,11,3,FALSE,FALSE
721,55,3,11,6,3,11,6,3,11,6,8,3,8,3,FALSE,FALSE
721,56,2,10,7,2,10,7,2,10,7,8,5,8,5,FALSE,FALSE
721,57,2,11,5,2,11,5,2,11,5,9,3,9,3,FALSE,FALSE
721,58,3,12,4,3,12,4,3,12,4,9,1,9,1,FALSE,FALSE
721,59,5,9,3,5,9,3,5,9,3,4,-2,4,2,FALSE,FALSE
721,60,2,9,3,2,9,3,2,9,3,7,1,7,1,FALSE,FALSE
722,0,79,79,79,79,79,79,79,79,79,0,0,0,0,TRUE,TRUE
722,1,117,111,98,117,111,98,117,111,98,-6,-19,6,19,FALSE,FALSE
722,2,156,148,118,156,148,118,156,148,118,-8,-38,8,38,FALSE,FALSE
722,3,201,204,157,201,204,157,201,204,157,3,-44,3,44,FALSE,FALSE
722,4,240,279,196,240,279,196,240,279,196,39,-44,39,44,FALSE,FALSE
722,5,279,341,268,279,341,268,279,341,268,62,-11,62,11,FALSE,FALSE
722,6,358,445,358,358,445,358,358,445,358,87,0,87,0,FALSE,TRUE
722,7,458,582,434,458,582,434,458,582,434,124,-24,124,24,FALSE,FALSE
722,8,605,723,581,605,723,581,605,723,581,118,-24,118,24,FALSE,FALSE
722,9,761,933,718,761,933,718,761,933,718,172,-43,172,43,FALSE,FALSE
722,10,928,1154,910,928,1154,910,928,1154,910,226,-18,226,18,FALSE,FALSE
722,11,1134,1389,1154,1134,1389,1154,1134,1389,1154,255,20,255,20,FALSE,FALSE
722,12,1311,1628,1365,1311,1628,1365,1311,1628,1365,317,54,317,54,FALSE,FALSE
722,13,1554,1860,1577,1554,1860,1577,1554,1860,1577,306,23,306,23,FALSE,FALSE
722,14,1756,2017,1754,1756,2017,1754,1756,2017,1754,261,-2,261,2,FALSE,FALSE
722,15,1868,2097,1934,1868,2097,1934,1868,2097,1934,229,66,229,66,FALSE,FALSE
722,16,2003,2207,2102,2003,2207,2102,2003,2207,2102,204,99,204,99,FALSE,FALSE
722,17,2028,2237,2206,2028,2237,2206,2028,2237,2206,209,178,209,178,FALSE,FALSE
722,18,2115,2225,2278,2115,2225,2278,2115,2225,2278,110,163,110,163,FALSE,FALSE
722,19,2112,2176,2262,2112,2176,2262,2112,2176,2262,64,150,64,150,FALSE,FALSE
722,20,2036,2043,2153,2036,2043,2153,2036,2043,2153,7,117,7,117,FALSE,FALSE
722,21,1936,1918,2066,1936,1918,2066,1936,1918,2066,-18,130,18,130,FALSE,FALSE
722,22,1815,1718,1936,1815,1718,1936,1815,1718,1936,-97,121,97,121,FALSE,FALSE
722,23,1686,1569,1778,1686,1569,1778,1686,1569,1778,-117,92,117,92,FALSE,FALSE
722,24,1512,1419,1608,1512,1419,1608,1512,1419,1608,-93,96,93,96,FALSE,FALSE
722,25,1388,1264,1438,1388,1264,1438,1388,1264,1438,-124,50,124,50,FALSE,FALSE
722,26,1255,1125,1260,1255,1125,1260,1255,1125,1260,-130,5,130,5,FALSE,FALSE
722,27,1107,1017,1102,1107,1017,1102,1107,1017,1102,-90,-5,90,5,FALSE,FALSE
722,28,977,878,968,977,878,968,977,878,968,-99,-9,99,9,FALSE,FALSE
722,29,865,752,869,865,752,869,865,752,869,-113,4,113,4,FALSE,FALSE
722,30,763,644,747,763,644,747,763,644,747,-119,-16,119,16,FALSE,FALSE
722,31,653,539,644,653,539,644,653,539,644,-114,-9,114,9,FALSE,FALSE
722,32,577,481,559,577,481,559,577,481,559,-96,-18,96,18,FALSE,FALSE
722,33,514,412,482,514,412,482,514,412,482,-102,-32,102,32,FALSE,FALSE
722,34,459,370,419,459,370,419,459,370,419,-89,-40,89,40,FALSE,FALSE
722,35,416,303,364,416,303,364,416,303,364,-113,-52,113,52,FALSE,FALSE
722,36,365,261,317,365,261,317,365,261,317,-104,-48,104,48,FALSE,FALSE
722,37,312,219,274,312,219,274,312,219,274,-93,-38,93,38,FALSE,FALSE
722,38,262,190,246,262,190,246,262,190,246,-72,-16,72,16,FALSE,FALSE
722,39,220,152,220,220,152,220,220,152,220,-68,0,68,0,FALSE,TRUE
722,40,195,134,194,195,134,194,195,134,194,-61,-1,61,1,FALSE,FALSE
722,41,169,104,174,169,104,174,169,104,174,-65,5,65,5,FALSE,FALSE
722,42,154,92,152,154,92,152,154,92,152,-62,-2,62,2,FALSE,FALSE
722,43,128,77,119,128,77,119,128,77,119,-51,-9,51,9,FALSE,FALSE
722,44,117,67,107,117,67,107,117,67,107,-50,-10,50,10,FALSE,FALSE
722,45,102,51,77,102,51,77,102,51,77,-51,-25,51,25,FALSE,FALSE
722,46,89,46,69,89,46,69,89,46,69,-43,-20,43,20,FALSE,FALSE
722,47,72,37,63,72,37,63,72,37,63,-35,-9,35,9,FALSE,FALSE
722,48,59,32,49,59,32,49,59,32,49,-27,-10,27,10,FALSE,FALSE
722,49,51,29,42,51,29,42,51,29,42,-22,-9,22,9,FALSE,FALSE
722,50,39,23,31,39,23,31,39,23,31,-16,-8,16,8,FALSE,FALSE
722,51,34,19,25,34,19,25,34,19,25,-15,-9,15,9,FALSE,FALSE
722,52,29,17,20,29,17,20,29,17,20,-12,-9,12,9,FALSE,FALSE
722,53,25,10,16,25,10,16,25,10,16,-15,-9,15,9,FALSE,FALSE
722,54,24,9,17,24,9,17,24,9,17,-15,-7,15,7,FALSE,FALSE
722,55,22,9,15,22,9,15,22,9,15,-13,-7,13,7,FALSE,FALSE
722,56,21,8,9,21,8,9,21,8,9,-13,-12,13,12,FALSE,FALSE
722,57,14,8,6,14,8,6,14,8,6,-6,-8,6,8,FALSE,FALSE
722,58,14,7,4,14,7,4,14,7,4,-7,-10,7,10,FALSE,FALSE
722,59,11,7,4,11,7,4,11,7,4,-4,-7,4,7,FALSE,FALSE
722,60,8,6,4,8,6,4,8,6,4,-2,-4,2,4,FALSE,FALSE
723,0,107,107,107,107,107,107,107,107,107,0,0,0,0,TRUE,TRUE
723,1,164,153,142,164,153,142,164,153,142,-11,-22,11,22,FALSE,FALSE
723,2,255,223,214,255,223,214,255,223,214,-32,-41,32,41,FALSE,FALSE
723,3,367,325,302,367,325,302,367,325,302,-42,-65,42,65,FALSE,FALSE
723,4,500,449,432,500,449,432,500,449,432,-51,-68,51,68,FALSE,FALSE
723,5,731,662,630,731,662,630,731,662,630,-69,-101,69,101,FALSE,FALSE
723,6,1000,941,895,1000,941,895,1000,941,895,-59,-105,59,105,FALSE,FALSE
723,7,1355,1296,1235,1355,1296,1235,1355,1296,1235,-59,-120,59,120,FALSE,FALSE
723,8,1785,1672,1616,1785,1672,1616,1785,1672,1616,-113,-169,113,169,FALSE,FALSE
723,9,2209,2121,2093,2209,2121,2093,2209,2121,2093,-88,-116,88,116,FALSE,FALSE
723,10,2682,2528,2569,2682,2528,2569,2682,2528,2569,-154,-113,154,113,FALSE,FALSE
723,11,3104,2940,2985,3104,2940,2985,3104,2940,2985,-164,-119,164,119,FALSE,FALSE
723,12,3300,3126,3257,3300,3126,3257,3300,3126,3257,-174,-43,174,43,FALSE,FALSE
723,13,3369,3258,3406,3369,3258,3406,3369,3258,3406,-111,37,111,37,FALSE,FALSE
723,14,3297,3221,3383,3297,3221,3383,3297,3221,3383,-76,86,76,86,FALSE,FALSE
723,15,3199,3143,3326,3199,3143,3326,3199,3143,3326,-56,127,56,127,FALSE,FALSE
723,16,3003,2951,3187,3003,2951,3187,3003,2951,3187,-52,184,52,184,FALSE,FALSE
723,17,2704,2801,2941,2704,2801,2941,2704,2801,2941,97,237,97,237,FALSE,FALSE
723,18,2440,2542,2649,2440,2542,2649,2440,2542,2649,102,209,102,209,FALSE,FALSE
723,19,2185,2315,2426,2185,2315,2426,2185,2315,2426,130,241,130,241,FALSE,FALSE
723,20,1923,2069,2154,1923,2069,2154,1923,2069,2154,146,231,146,231,FALSE,FALSE
723,21,1682,1838,1906,1682,1838,1906,1682,1838,1906,156,224,156,224,FALSE,FALSE
723,22,1497,1632,1701,1497,1632,1701,1497,1632,1701,135,204,135,204,FALSE,FALSE
723,23,1339,1444,1509,1339,1444,1509,1339,1444,1509,105,170,105,170,FALSE,FALSE
723,24,1186,1273,1297,1186,1273,1297,1186,1273,1297,87,111,87,111,FALSE,FALSE
723,25,1035,1121,1133,1035,1121,1133,1035,1121,1133,86,98,86,98,FALSE,FALSE
723,26,900,982,981,900,982,981,900,982,981,82,81,82,81,FALSE,FALSE
723,27,796,885,866,796,885,866,796,885,866,89,70,89,70,FALSE,FALSE
723,28,693,787,759,693,787,759,693,787,759,94,66,94,66,FALSE,FALSE
723,29,609,672,646,609,672,646,609,672,646,63,37,63,37,FALSE,FALSE
723,30,533,576,558,533,576,558,533,576,558,43,25,43,25,FALSE,FALSE
723,31,461,477,491,461,477,491,461,477,491,16,30,16,30,FALSE,FALSE
723,32,391,410,427,391,410,427,391,410,427,19,36,19,36,FALSE,FALSE
723,33,343,360,381,343,360,381,343,360,381,17,38,17,38,FALSE,FALSE
723,34,304,310,333,304,310,333,304,310,333,6,29,6,29,FALSE,FALSE
723,35,269,276,281,269,276,281,269,276,281,7,12,7,12,FALSE,FALSE
723,36,239,242,236,239,242,236,239,242,236,3,-3,3,3,FALSE,FALSE
723,37,209,208,211,209,208,211,209,208,211,-1,2,1,2,FALSE,FALSE
723,38,179,181,184,179,181,184,179,181,184,2,5,2,5,FALSE,FALSE
723,39,157,160,157,157,160,157,157,160,157,3,0,3,0,FALSE,TRUE
723,40,137,133,141,137,133,141,137,133,141,-4,4,4,4,FALSE,FALSE
723,41,125,122,125,125,122,125,125,122,125,-3,0,3,0,FALSE,TRUE
723,42,105,98,103,105,98,103,105,98,103,-7,-2,7,2,FALSE,FALSE
723,43,87,83,95,87,83,95,87,83,95,-4,8,4,8,FALSE,FALSE
723,44,76,71,81,76,71,81,76,71,81,-5,5,5,5,FALSE,FALSE
723,45,64,68,67,64,68,67,64,68,67,4,3,4,3,FALSE,FALSE
723,46,55,57,60,55,57,60,55,57,60,2,5,2,5,FALSE,FALSE
723,47,45,50,57,45,50,57,45,50,57,5,12,5,12,FALSE,FALSE
723,48,42,43,52,42,43,52,42,43,52,1,10,1,10,FALSE,FALSE
723,49,36,31,48,36,31,48,36,31,48,-5,12,5,12,FALSE,FALSE
723,50,26,24,39,26,24,39,26,24,39,-2,13,2,13,FALSE,FALSE
723,51,26,18,37,26,18,37,26,18,37,-8,11,8,11,FALSE,FALSE
723,52,21,15,34,21,15,34,21,15,34,-6,13,6,13,FALSE,FALSE
723,53,19,14,29,19,14,29,19,14,29,-5,10,5,10,FALSE,FALSE
723,54,15,14,25,15,14,25,15,14,25,-1,10,1,10,FALSE,FALSE
723,55,14,12,19,14,12,19,14,12,19,-2,5,2,5,FALSE,FALSE
723,56,13,10,16,13,10,16,13,10,16,-3,3,3,3,FALSE,FALSE
723,57,13,7,14,13,7,14,13,7,14,-6,1,6,1,FALSE,FALSE
723,58,9,7,15,9,7,15,9,7,15,-2,6,2,6,FALSE,FALSE
723,59,9,6,13,9,6,13,9,6,13,-3,4,3,4,FALSE,FALSE
723,60,9,5,11,9,5,11,9,5,11,-4,2,4,2,FALSE,FALSE
724,0,133,133,133,133,133,133,133,133,133,0,0,0,0,TRUE,TRUE
724,1,176,199,201,176,199,201,176,199,201,23,25,23,25,FALSE,FALSE
724,2,267,284,287,267,284,287,267,284,287,17,20,17,20,FALSE,FALSE
724,3,368,409,412,368,409,412,368,409,412,41,44,41,44,FALSE,FALSE
724,4,506,569,593,506,569,593,506,569,593,63,87,63,87,FALSE,FALSE
724,5,689,767,800,689,767,800,689,767,800,78,111,78,111,FALSE,FALSE
724,6,928,1025,1064,928,1025,1064,928,1025,1064,97,136,97,136,FALSE,FALSE
724,7,1220,1349,1355,1220,1349,1355,1220,1349,1355,129,135,129,135,FALSE,FALSE
724,8,1570,1694,1697,1570,1694,1697,1570,1694,1697,124,127,124,127,FALSE,FALSE
724,9,1939,2033,2061,1939,2033,2061,1939,2033,2061,94,122,94,122,FALSE,FALSE
724,10,2266,2388,2404,2266,2388,2404,2266,2388,2404,122,138,122,138,FALSE,FALSE
724,11,2560,2679,2672,2560,2679,2672,2560,2679,2672,119,112,119,112,FALSE,FALSE
724,12,2803,2820,2868,2803,2820,2868,2803,2820,2868,17,65,17,65,FALSE,FALSE
724,13,2915,2939,2960,2915,2939,2960,2915,2939,2960,24,45,24,45,FALSE,FALSE
724,14,2943,2921,2969,2943,2921,2969,2943,2921,2969,-22,26,22,26,FALSE,FALSE
724,15,2887,2864,2874,2887,2864,2874,2887,2864,2874,-23,-13,23,13,FALSE,FALSE
724,16,2803,2716,2716,2803,2716,2716,2803,2716,2716,-87,-87,87,87,FALSE,FALSE
724,17,2652,2503,2548,2652,2503,2548,2652,2503,2548,-149,-104,149,104,FALSE,FALSE
724,18,2441,2287,2328,2441,2287,2328,2441,2287,2328,-154,-113,154,113,FALSE,FALSE
724,19,2257,2093,2085,2257,2093,2085,2257,2093,2085,-164,-172,164,172,FALSE,FALSE
724,20,2025,1891,1859,2025,1891,1859,2025,1891,1859,-134,-166,134,166,FALSE,FALSE
724,21,1836,1681,1661,1836,1681,1661,1836,1681,1661,-155,-175,155,175,FALSE,FALSE
724,22,1638,1462,1479,1638,1462,1479,1638,1462,1479,-176,-159,176,159,FALSE,FALSE
724,23,1437,1278,1316,1437,1278,1316,1437,1278,1316,-159,-121,159,121,FALSE,FALSE
724,24,1238,1125,1153,1238,1125,1153,1238,1125,1153,-113,-85,113,85,FALSE,FALSE
724,25,1093,989,994,1093,989,994,1093,989,994,-104,-99,104,99,FALSE,FALSE
724,26,962,857,868,962,857,868,962,857,868,-105,-94,105,94,FALSE,FALSE
724,27,832,743,772,832,743,772,832,743,772,-89,-60,89,60,FALSE,FALSE
724,28,724,642,686,724,642,686,724,642,686,-82,-38,82,38,FALSE,FALSE
724,29,633,557,609,633,557,609,633,557,609,-76,-24,76,24,FALSE,FALSE
724,30,554,471,522,554,471,522,554,471,522,-83,-32,83,32,FALSE,FALSE
724,31,473,412,458,473,412,458,473,412,458,-61,-15,61,15,FALSE,FALSE
724,32,404,365,401,404,365,401,404,365,401,-39,-3,39,3,FALSE,FALSE
724,33,350,322,364,350,322,364,350,322,364,-28,14,28,14,FALSE,FALSE
724,34,309,270,305,309,270,305,309,270,305,-39,-4,39,4,FALSE,FALSE
724,35,282,239,262,282,239,262,282,239,262,-43,-20,43,20,FALSE,FALSE
724,36,240,199,230,240,199,230,240,199,230,-41,-10,41,10,FALSE,FALSE
724,37,213,178,206,213,178,206,213,178,206,-35,-7,35,7,FALSE,FALSE
724,38,181,157,176,181,157,176,181,157,176,-24,-5,24,5,FALSE,FALSE
724,39,156,135,156,156,135,156,156,135,156,-21,0,21,0,FALSE,TRUE
724,40,136,114,134,136,114,134,136,114,134,-22,-2,22,2,FALSE,FALSE
724,41,111,101,112,111,101,112,111,101,112,-10,1,10,1,FALSE,FALSE
724,42,94,85,94,94,85,94,94,85,94,-9,0,9,0,FALSE,TRUE
724,43,78,71,73,78,71,73,78,71,73,-7,-5,7,5,FALSE,FALSE
724,44,70,62,63,70,62,63,70,62,63,-8,-7,8,7,FALSE,FALSE
724,45,60,51,56,60,51,56,60,51,56,-9,-4,9,4,FALSE,FALSE
724,46,55,45,50,55,45,50,55,45,50,-10,-5,10,5,FALSE,FALSE
724,47,46,37,46,46,37,46,46,37,46,-9,0,9,0,FALSE,TRUE
724,48,34,28,42,34,28,42,34,28,42,-6,8,6,8,FALSE,FALSE
724,49,30,21,34,30,21,34,30,21,34,-9,4,9,4,FALSE,FALSE
724,50,23,19,33,23,19,33,23,19,33,-4,10,4,10,FALSE,FALSE
724,51,19,17,28,19,17,28,19,17,28,-2,9,2,9,FALSE,FALSE
724,52,16,16,24,16,16,24,16,16,24,0,8,0,8,TRUE,FALSE
724,53,10,15,21,10,15,21,10,15,21,5,11,5,11,FALSE,FALSE
724,54,8,12,19,8,12,19,8,12,19,4,11,4,11,FALSE,FALSE
724,55,7,10,15,7,10,15,7,10,15,3,8,3,8,FALSE,FALSE
724,56,6,10,13,6,10,13,6,10,13,4,7,4,7,FALSE,FALSE
724,57,2,10,9,2,10,9,2,10,9,8,7,8,7,FALSE,FALSE
724,58,1,6,8,1,6,8,1,6,8,5,7,5,7,FALSE,FALSE
724,59,1,5,6,1,5,6,1,5,6,4,5,4,5,FALSE,FALSE
724,60,1,6,6,1,6,6,1,6,6,5,5,5,5,FALSE,FALSE
725,0,123,123,123,123,123,123,123,123,123,0,0,0,0,TRUE,TRUE
725,1,221,216,210,221,216,210,221,216,210,-5,-11,5,11,FALSE,FALSE
725,2,378,374,364,378,374,364,378,374,364,-4,-14,4,14,FALSE,FALSE
725,3,627,615,597,627,615,597,627,615,597,-12,-30,12,30,FALSE,FALSE
725,4,1017,1016,941,1017,1016,941,1017,1016,941,-1,-76,1,76,FALSE,FALSE
725,5,1550,1546,1433,1550,1546,1433,1550,1546,1433,-4,-117,4,117,FALSE,FALSE
725,6,2169,2128,2004,2169,2128,2004,2169,2128,2004,-41,-165,41,165,FALSE,FALSE
725,7,2811,2740,2612,2811,2740,2612,2811,2740,2612,-71,-199,71,199,FALSE,FALSE
725,8,3211,3138,3084,3211,3138,3084,3211,3138,3084,-73,-127,73,127,FALSE,FALSE
725,9,3348,3314,3336,3348,3314,3336,3348,3314,3336,-34,-12,34,12,FALSE,FALSE
725,10,3226,3248,3345,3226,3248,3345,3226,3248,3345,22,119,22,119,FALSE,FALSE
725,11,2928,2970,3073,2928,2970,3073,2928,2970,3073,42,145,42,145,FALSE,FALSE
725,12,2510,2639,2659,2510,2639,2659,2510,2639,2659,129,149,129,149,FALSE,FALSE
725,13,2098,2244,2206,2098,2244,2206,2098,2244,2206,146,108,146,108,FALSE,FALSE
725,14,1704,1825,1832,1704,1825,1832,1704,1825,1832,121,128,121,128,FALSE,FALSE
725,15,1379,1478,1484,1379,1478,1484,1379,1478,1484,99,105,99,105,FALSE,FALSE
725,16,1103,1176,1216,1103,1176,1216,1103,1176,1216,73,113,73,113,FALSE,FALSE
725,17,877,916,980,877,916,980,877,916,980,39,103,39,103,FALSE,FALSE
725,18,669,729,776,669,729,776,669,729,776,60,107,60,107,FALSE,FALSE
725,19,513,610,637,513,610,637,513,610,637,97,124,97,124,FALSE,FALSE
725,20,411,483,498,411,483,498,411,483,498,72,87,72,87,FALSE,FALSE
725,21,321,388,397,321,388,397,321,388,397,67,76,67,76,FALSE,FALSE
725,22,245,317,306,245,317,306,245,317,306,72,61,72,61,FALSE,FALSE
725,23,189,260,259,189,260,259,189,260,259,71,70,71,70,FALSE,FALSE
725,24,154,203,192,154,203,192,154,203,192,49,38,49,38,FALSE,FALSE
725,25,116,154,161,116,154,161,116,154,161,38,45,38,45,FALSE,FALSE
725,26,91,114,129,91,114,129,91,114,129,23,38,23,38,FALSE,FALSE
725,27,72,84,100,72,84,100,72,84,100,12,28,12,28,FALSE,FALSE
725,28,55,67,81,55,67,81,55,67,81,12,26,12,26,FALSE,FALSE
725,29,41,53,62,41,53,62,41,53,62,12,21,12,21,FALSE,FALSE
725,30,33,44,42,33,44,42,33,44,42,11,9,11,9,FALSE,FALSE
725,31,25,33,36,25,33,36,25,33,36,8,11,8,11,FALSE,FALSE
725,32,18,26,33,18,26,33,18,26,33,8,15,8,15,FALSE,FALSE
725,33,15,19,24,15,19,24,15,19,24,4,9,4,9,FALSE,FALSE
725,34,11,13,20,11,13,20,11,13,20,2,9,2,9,FALSE,FALSE
725,35,9,9,16,9,9,16,9,9,16,0,7,0,7,TRUE,FALSE
725,36,6,8,14,6,8,14,6,8,14,2,8,2,8,FALSE,FALSE
725,37,4,6,7,4,6,7,4,6,7,2,3,2,3,FALSE,FALSE
725,38,2,5,8,2,5,8,2,5,8,3,6,3,6,FALSE,FALSE
725,39,2,5,6,2,5,6,2,5,6,3,4,3,4,FALSE,FALSE
725,40,2,5,5,2,5,5,2,5,5,3,3,3,3,FALSE,FALSE
725,41,2,6,3,2,6,3,2,6,3,4,1,4,1,FALSE,FALSE
725,42,2,5,3,2,5,3,2,5,3,3,1,3,1,FALSE,FALSE
725,43,2,2,3,2,2,3,2,2,3,0,1,0,1,TRUE,FALSE
725,44,0,2,2,0,2,2,0,2,2,2,2,2,2,FALSE,FALSE
725,45,0,2,2,0,2,2,0,2,2,2,2,2,2,FALSE,FALSE
725,46,0,2,2,0,2,2,0,2,2,2,2,2,2,FALSE,FALSE
725,47,0,1,1,0,1,1,0,1,1,1,1,1,1,FALSE,FALSE
725,48,0,1,1,0,1,1,0,1,1,1,1,1,1,FALSE,FALSE
725,49,0,1,0,0,1,0,0,1,0,1,0,1,0,FALSE,TRUE
725,50,0,1,0,0,1,0,0,1,0,1,0,1,0,FALSE,TRUE
725,51,0,0,0,0,0,0,0,0,0,0,0,0,0,TRUE,TRUE
725,52,0,0,0,0,0,0,0,0,0,0,0,0,0,TRUE,TRUE
725,53,0,0,0,0,0,0,0,0,0,0,0,0,0,TRUE,TRUE
725,54,0,0,0,0,0,0,0,0,0,0,0,0,0,TRUE,TRUE
725,55,0,0,0,0,0,0,0,0,0,0,0,0,0,TRUE,TRUE
725,56,0,0,0,0,0,0,0,0,0,0,0,0,0,TRUE,TRUE
725,57,0,0,0,0,0,0,0,0,0,0,0,0,0,TRUE,TRUE
725,58,0,0,0,0,0,0,0,0,0,0,0,0,0,TRUE,TRUE
725,59,0,0,0,0,0,0,0,0,0,0,0,0,0,TRUE,TRUE
725,60,0,0,0,0,0,0,0,0,0,0,0,0,0,TRUE,TRUE
726,0,176,176,176,176,176,176,176,176,176,0,0,0,0,TRUE,TRUE
726,1,233,222,209,233,222,209,233,222,209,-11,-24,11,24,FALSE,FALSE
726,2,286,273,276,286,273,276,286,273,276,-13,-10,13,10,FALSE,FALSE
726,3,357,342,350,357,342,350,357,342,350,-15,-7,15,7,FALSE,FALSE
726,4,442,424,458,442,424,458,442,424,458,-18,16,18,16,FALSE,FALSE
726,5,545,529,570,545,529,570,545,529,570,-16,25,16,25,FALSE,FALSE
726,6,661,649,745,661,649,745,661,649,745,-12,84,12,84,FALSE,FALSE
726,7,803,803,933,803,803,933,803,803,933,0,130,0,130,TRUE,FALSE
726,8,994,975,1152,994,975,1152,994,975,1152,-19,158,19,158,FALSE,FALSE
726,9,1210,1204,1409,1210,1204,1409,1210,1204,1409,-6,199,6,199,FALSE,FALSE
726,10,1453,1434,1701,1453,1434,1701,1453,1434,1701,-19,248,19,248,FALSE,FALSE
726,11,1711,1699,1985,1711,1699,1985,1711,1699,1985,-12,274,12,274,FALSE,FALSE
726,12,2036,1978,2281,2036,1978,2281,2036,1978,2281,-58,245,58,245,FALSE,FALSE
726,13,2324,2285,2567,2324,2285,2567,2324,2285,2567,-39,243,39,243,FALSE,FALSE
726,14,2671,2547,2893,2671,2547,2893,2671,2547,2893,-124,222,124,222,FALSE,FALSE
726,15,2944,2852,3153,2944,2852,3153,2944,2852,3153,-92,209,92,209,FALSE,FALSE
726,16,3223,3089,3410,3223,3089,3410,3223,3089,3410,-134,187,134,187,FALSE,FALSE
726,17,3435,3360,3614,3435,3360,3614,3435,3360,3614,-75,179,75,179,FALSE,FALSE
726,18,3598,3520,3749,3598,3520,3749,3598,3520,3749,-78,151,78,151,FALSE,FALSE
726,19,3711,3614,3805,3711,3614,3805,3711,3614,3805,-97,94,97,94,FALSE,FALSE
726,20,3724,3703,3831,3724,3703,3831,3724,3703,3831,-21,107,21,107,FALSE,FALSE
726,21,3736,3739,3790,3736,3739,3790,3736,3739,3790,3,54,3,54,FALSE,FALSE
726,22,3676,3687,3705,3676,3687,3705,3676,3687,3705,11,29,11,29,FALSE,FALSE
726,23,3623,3610,3585,3623,3610,3585,3623,3610,3585,-13,-38,13,38,FALSE,FALSE
726,24,3501,3538,3409,3501,3538,3409,3501,3538,3409,37,-92,37,92,FALSE,FALSE
726,25,3390,3433,3286,3390,3433,3286,3390,3433,3286,43,-104,43,104,FALSE,FALSE
726,26,3239,3316,3096,3239,3316,3096,3239,3316,3096,77,-143,77,143,FALSE,FALSE
726,27,3064,3159,2931,3064,3159,2931,3064,3159,2931,95,-133,95,133,FALSE,FALSE
726,28,2899,2969,2732,2899,2969,2732,2899,2969,2732,70,-167,70,167,FALSE,FALSE
726,29,2759,2806,2553,2759,2806,2553,2759,2806,2553,47,-206,47,206,FALSE,FALSE
726,30,2599,2649,2383,2599,2649,2383,2599,2649,2383,50,-216,50,216,FALSE,FALSE
726,31,2445,2519,2228,2445,2519,2228,2445,2519,2228,74,-217,74,217,FALSE,FALSE
726,32,2298,2344,2075,2298,2344,2075,2298,2344,2075,46,-223,46,223,FALSE,FALSE
726,33,2136,2191,1921,2136,2191,1921,2136,2191,1921,55,-215,55,215,FALSE,FALSE
726,34,1983,2062,1780,1983,2062,1780,1983,2062,1780,79,-203,79,203,FALSE,FALSE
726,35,1852,1894,1664,1852,1894,1664,1852,1894,1664,42,-188,42,188,FALSE,FALSE
726,36,1745,1774,1539,1745,1774,1539,1745,1774,1539,29,-206,29,206,FALSE,FALSE
726,37,1627,1635,1408,1627,1635,1408,1627,1635,1408,8,-219,8,219,FALSE,FALSE
726,38,1506,1550,1300,1506,1550,1300,1506,1550,1300,44,-206,44,206,FALSE,FALSE
726,39,1397,1443,1222,1397,1443,1222,1397,1443,1222,46,-175,46,175,FALSE,FALSE
726,40,1281,1342,1135,1281,1342,1135,1281,1342,1135,61,-146,61,146,FALSE,FALSE
726,41,1206,1251,1037,1206,1251,1037,1206,1251,1037,45,-169,45,169,FALSE,FALSE
726,42,1095,1159,969,1095,1159,969,1095,1159,969,64,-126,64,126,FALSE,FALSE
726,43,1008,1085,891,1008,1085,891,1008,1085,891,77,-117,77,117,FALSE,FALSE
726,44,932,1004,820,932,1004,820,932,1004,820,72,-112,72,112,FALSE,FALSE
726,45,859,920,760,859,920,760,859,920,760,61,-99,61,99,FALSE,FALSE
726,46,784,832,697,784,832,697,784,832,697,48,-87,48,87,FALSE,FALSE
726,47,726,764,656,726,764,656,726,764,656,38,-70,38,70,FALSE,FALSE
726,48,669,725,599,669,725,599,669,725,599,56,-70,56,70,FALSE,FALSE
726,49,621,670,557,621,670,557,621,670,557,49,-64,49,64,FALSE,FALSE
726,50,570,615,512,570,615,512,570,615,512,45,-58,45,58,FALSE,FALSE
726,51,523,571,474,523,571,474,523,571,474,48,-49,48,49,FALSE,FALSE
726,52,492,533,435,492,533,435,492,533,435,41,-57,41,57,FALSE,FALSE
726,53,470,488,395,470,488,395,470,488,395,18,-75,18,75,FALSE,FALSE
726,54,422,452,356,422,452,356,422,452,356,30,-66,30,66,FALSE,FALSE
726,55,388,429,334,388,429,334,388,429,334,41,-54,41,54,FALSE,FALSE
726,56,368,384,304,368,384,304,368,384,304,16,-64,16,64,FALSE,FALSE
726,57,334,362,282,334,362,282,334,362,282,28,-52,28,52,FALSE,FALSE
726,58,307,328,258,307,328,258,307,328,258,21,-49,21,49,FALSE,FALSE
726,59,289,297,239,289,297,239,289,297,239,8,-50,8,50,FALSE,FALSE
726,60,266,275,223,266,275,223,266,275,223,9,-43,9,43,FALSE,FALSE
727,0,85,85,85,85,85,85,85,85,85,0,0,0,0,TRUE,TRUE
727,1,103,113,102,103,113,102,103,113,102,10,-1,10,1,FALSE,FALSE
727,2,129,149,129,129,149,129,129,149,129,20,0,20,0,FALSE,TRUE
727,3,163,194,178,163,194,178,163,194,178,31,15,31,15,FALSE,FALSE
727,4,229,263,233,229,263,233,229,263,233,34,4,34,4,FALSE,FALSE
727,5,286,347,298,286,347,298,286,347,298,61,12,61,12,FALSE,FALSE
727,6,367,447,392,367,447,392,367,447,392,80,25,80,25,FALSE,FALSE
727,7,446,575,510,446,575,510,446,575,510,129,64,129,64,FALSE,FALSE
727,8,584,748,610,584,748,610,584,748,610,164,26,164,26,FALSE,FALSE
727,9,730,944,741,730,944,741,730,944,741,214,11,214,11,FALSE,FALSE
727,10,889,1178,917,889,1178,917,889,1178,917,289,28,289,28,FALSE,FALSE
727,11,1069,1458,1084,1069,1458,1084,1069,1458,1084,389,15,389,15,FALSE,FALSE
727,12,1267,1697,1300,1267,1697,1300,1267,1697,1300,430,33,430,33,FALSE,FALSE
727,13,1479,1907,1551,1479,1907,1551,1479,1907,1551,428,72,428,72,FALSE,FALSE
727,14,1690,2127,1840,1690,2127,1840,1690,2127,1840,437,150,437,150,FALSE,FALSE
727,15,1865,2300,2079,1865,2300,2079,1865,2300,2079,435,214,435,214,FALSE,FALSE
727,16,2045,2404,2296,2045,2404,2296,2045,2404,2296,359,251,359,251,FALSE,FALSE
727,17,2174,2471,2456,2174,2471,2456,2174,2471,2456,297,282,297,282,FALSE,FALSE
727,18,2261,2498,2536,2261,2498,2536,2261,2498,2536,237,275,237,275,FALSE,FALSE
727,19,2369,2455,2543,2369,2455,2543,2369,2455,2543,86,174,86,174,FALSE,FALSE
727,20,2297,2335,2501,2297,2335,2501,2297,2335,2501,38,204,38,204,FALSE,FALSE
727,21,2243,2216,2422,2243,2216,2422,2243,2216,2422,-27,179,27,179,FALSE,FALSE
727,22,2162,2068,2310,2162,2068,2310,2162,2068,2310,-94,148,94,148,FALSE,FALSE
727,23,2084,1926,2142,2084,1926,2142,2084,1926,2142,-158,58,158,58,FALSE,FALSE
727,24,1941,1768,1976,1941,1768,1976,1941,1768,1976,-173,35,173,35,FALSE,FALSE
727,25,1823,1629,1814,1823,1629,1814,1823,1629,1814,-194,-9,194,9,FALSE,FALSE
727,26,1697,1488,1634,1697,1488,1634,1697,1488,1634,-209,-63,209,63,FALSE,FALSE
727,27,1565,1304,1471,1565,1304,1471,1565,1304,1471,-261,-94,261,94,FALSE,FALSE
727,28,1413,1169,1344,1413,1169,1344,1413,1169,1344,-244,-69,244,69,FALSE,FALSE
727,29,1281,1049,1176,1281,1049,1176,1281,1049,1176,-232,-105,232,105,FALSE,FALSE
727,30,1161,918,1044,1161,918,1044,1161,918,1044,-243,-117,243,117,FALSE,FALSE
727,31,1036,826,932,1036,826,932,1036,826,932,-210,-104,210,104,FALSE,FALSE
727,32,934,732,844,934,732,844,934,732,844,-202,-90,202,90,FALSE,FALSE
727,33,825,648,755,825,648,755,825,648,755,-177,-70,177,70,FALSE,FALSE
727,34,723,572,683,723,572,683,723,572,683,-151,-40,151,40,FALSE,FALSE
727,35,628,511,605,628,511,605,628,511,605,-117,-23,117,23,FALSE,FALSE
727,36,562,449,512,562,449,512,562,449,512,-113,-50,113,50,FALSE,FALSE
727,37,491,394,452,491,394,452,491,394,452,-97,-39,97,39,FALSE,FALSE
727,38,450,345,401,450,345,401,450,345,401,-105,-49,105,49,FALSE,FALSE
727,39,389,303,356,389,303,356,389,303,356,-86,-33,86,33,FALSE,FALSE
727,40,336,275,325,336,275,325,336,275,325,-61,-11,61,11,FALSE,FALSE
727,41,291,240,273,291,240,273,291,240,273,-51,-18,51,18,FALSE,FALSE
727,42,268,210,234,268,210,234,268,210,234,-58,-34,58,34,FALSE,FALSE
727,43,230,200,204,230,200,204,230,200,204,-30,-26,30,26,FALSE,FALSE
727,44,194,181,180,194,181,180,194,181,180,-13,-14,13,14,FALSE,FALSE
727,45,175,161,162,175,161,162,175,161,162,-14,-13,14,13,FALSE,FALSE
727,46,149,145,146,149,145,146,149,145,146,-4,-3,4,3,FALSE,FALSE
727,47,134,128,133,134,128,133,134,128,133,-6,-1,6,1,FALSE,FALSE
727,48,116,106,108,116,106,108,116,106,108,-10,-8,10,8,FALSE,FALSE
727,49,103,93,90,103,93,90,103,93,90,-10,-13,10,13,FALSE,FALSE
727,50,89,77,73,89,77,73,89,77,73,-12,-16,12,16,FALSE,FALSE
727,51,75,68,68,75,68,68,75,68,68,-7,-7,7,7,FALSE,FALSE
727,52,64,68,63,64,68,63,64,68,63,4,-1,4,1,FALSE,FALSE
727,53,59,57,57,59,57,57,59,57,57,-2,-2,2,2,FALSE,FALSE
727,54,54,49,46,54,49,46,54,49,46,-5,-8,5,8,FALSE,FALSE
727,55,46,41,40,46,41,40,46,41,40,-5,-6,5,6,FALSE,FALSE
727,56,34,40,35,34,40,35,34,40,35,6,1,6,1,FALSE,FALSE
727,57,32,34,30,32,34,30,32,34,30,2,-2,2,2,FALSE,FALSE
727,58,31,35,30,31,35,30,31,35,30,4,-1,4,1,FALSE,FALSE
727,59,33,33,29,33,33,29,33,33,29,0,-4,0,4,TRUE,FALSE
727,60,27,31,30,27,31,30,27,31,30,4,3,4,3,FALSE,FALSE
728,0,62,62,62,62,62,62,62,62,62,0,0,0,0,TRUE,TRUE
728,1,115,104,113,115,104,113,115,104,113,-11,-2,11,2,FALSE,FALSE
728,2,196,162,176,196,162,176,196,162,176,-34,-20,34,20,FALSE,FALSE
728,3,336,286,311,336,286,311,336,286,311,-50,-25,50,25,FALSE,FALSE
728,4,537,481,495,537,481,495,537,481,495,-56,-42,56,42,FALSE,FALSE
728,5,883,747,764,883,747,764,883,747,764,-136,-119,136,119,FALSE,FALSE
728,6,1321,1172,1170,1321,1172,1170,1321,1172,1170,-149,-151,149,151,FALSE,FALSE
728,7,1815,1599,1625,1815,1599,1625,1815,1599,1625,-216,-190,216,190,FALSE,FALSE
728,8,2231,2009,2025,2231,2009,2025,2231,2009,2025,-222,-206,222,206,FALSE,FALSE
728,9,2537,2309,2276,2537,2309,2276,2537,2309,2276,-228,-261,228,261,FALSE,FALSE
728,10,2584,2419,2393,2584,2419,2393,2584,2419,2393,-165,-191,165,191,FALSE,FALSE
728,11,2450,2362,2347,2450,2362,2347,2450,2362,2347,-88,-103,88,103,FALSE,FALSE
728,12,2196,2152,2187,2196,2152,2187,2196,2152,2187,-44,-9,44,9,FALSE,FALSE
728,13,1920,1979,2009,1920,1979,2009,1920,1979,2009,59,89,59,89,FALSE,FALSE
728,14,1665,1734,1746,1665,1734,1746,1665,1734,1746,69,81,69,81,FALSE,FALSE
728,15,1418,1457,1528,1418,1457,1528,1418,1457,1528,39,110,39,110,FALSE,FALSE
728,16,1200,1259,1301,1200,1259,1301,1200,1259,1301,59,101,59,101,FALSE,FALSE
728,17,981,1088,1095,981,1088,1095,981,1088,1095,107,114,107,114,FALSE,FALSE
728,18,799,931,924,799,931,924,799,931,924,132,125,132,125,FALSE,FALSE
728,19,674,773,775,674,773,775,674,773,775,99,101,99,101,FALSE,FALSE
728,20,571,636,627,571,636,627,571,636,627,65,56,65,56,FALSE,FALSE
728,21,494,521,520,494,521,520,494,521,520,27,26,27,26,FALSE,FALSE
728,22,416,430,435,416,430,435,416,430,435,14,19,14,19,FALSE,FALSE
728,23,329,351,362,329,351,362,329,351,362,22,33,22,33,FALSE,FALSE
728,24,269,290,308,269,290,308,269,290,308,21,39,21,39,FALSE,FALSE
728,25,223,232,254,223,232,254,223,232,254,9,31,9,31,FALSE,FALSE
728,26,186,184,204,186,184,204,186,184,204,-2,18,2,18,FALSE,FALSE
728,27,158,156,166,158,156,166,158,156,166,-2,8,2,8,FALSE,FALSE
728,28,130,129,141,130,129,141,130,129,141,-1,11,1,11,FALSE,FALSE
728,29,109,107,122,109,107,122,109,107,122,-2,13,2,13,FALSE,FALSE
728,30,91,87,107,91,87,107,91,87,107,-4,16,4,16,FALSE,FALSE
728,31,76,75,89,76,75,89,76,75,89,-1,13,1,13,FALSE,FALSE
728,32,64,65,65,64,65,65,64,65,65,1,1,1,1,FALSE,FALSE
728,33,51,48,53,51,48,53,51,48,53,-3,2,3,2,FALSE,FALSE
728,34,42,41,41,42,41,41,42,41,41,-1,-1,1,1,FALSE,FALSE
728,35,35,37,37,35,37,37,35,37,37,2,2,2,2,FALSE,FALSE
728,36,30,30,29,30,30,29,30,30,29,0,-1,0,1,TRUE,FALSE
728,37,27,23,24,27,23,24,27,23,24,-4,-3,4,3,FALSE,FALSE
728,38,19,19,18,19,19,18,19,19,18,0,-1,0,1,TRUE,FALSE
728,39,14,17,17,14,17,17,14,17,17,3,3,3,3,FALSE,FALSE
728,40,12,13,15,12,13,15,12,13,15,1,3,1,3,FALSE,FALSE
728,41,9,12,13,9,12,13,9,12,13,3,4,3,4,FALSE,FALSE
728,42,6,8,12,6,8,12,6,8,12,2,6,2,6,FALSE,FALSE
728,43,1,5,12,1,5,12,1,5,12,4,11,4,11,FALSE,FALSE
728,44,1,3,7,1,3,7,1,3,7,2,6,2,6,FALSE,FALSE
728,45,1,3,6,1,3,6,1,3,6,2,5,2,5,FALSE,FALSE
728,46,1,2,6,1,2,6,1,2,6,1,5,1,5,FALSE,FALSE
728,47,1,1,6,1,1,6,1,1,6,0,5,0,5,TRUE,FALSE
728,48,1,0,5,1,0,5,1,0,5,-1,4,1,4,FALSE,FALSE
728,49,1,0,4,1,0,4,1,0,4,-1,3,1,3,FALSE,FALSE
728,50,1,0,3,1,0,3,1,0,3,-1,2,1,2,FALSE,FALSE
728,51,1,0,3,1,0,3,1,0,3,-1,2,1,2,FALSE,FALSE
728,52,0,0,1,0,0,1,0,0,1,0,1,0,1,TRUE,FALSE
728,53,0,0,1,0,0,1,0,0,1,0,1,0,1,TRUE,FALSE
728,54,0,0,1,0,0,1,0,0,1,0,1,0,1,TRUE,FALSE
728,55,0,0,0,0,0,0,0,0,0,0,0,0,0,TRUE,TRUE
728,56,0,0,0,0,0,0,0,0,0,0,0,0,0,TRUE,TRUE
728,57,0,0,0,0,0,0,0,0,0,0,0,0,0,TRUE,TRUE
728,58,0,0,0,0,0,0,0,0,0,0,0,0,0,TRUE,TRUE
728,59,0,0,0,0,0,0,0,0,0,0,0,0,0,TRUE,TRUE
728,60,0,0,0,0,0,0,0,0,0,0,0,0,0,TRUE,TRUE
729,0,73,73,73,73,73,73,73,73,73,0,0,0,0,TRUE,TRUE
729,1,85,79,76,85,79,76,85,79,76,-6,-9,6,9,FALSE,FALSE
729,2,92,84,90,92,84,90,92,84,90,-8,-2,8,2,FALSE,FALSE
729,3,97,92,100,97,92,100,97,92,100,-5,3,5,3,FALSE,FALSE
729,4,107,100,111,107,100,111,107,100,111,-7,4,7,4,FALSE,FALSE
729,5,110,108,114,110,108,114,110,108,114,-2,4,2,4,FALSE,FALSE
729,6,113,108,122,113,108,122,113,108,122,-5,9,5,9,FALSE,FALSE
729,7,123,111,133,123,111,133,123,111,133,-12,10,12,10,FALSE,FALSE
729,8,140,124,141,140,124,141,140,124,141,-16,1,16,1,FALSE,FALSE
729,9,152,141,145,152,141,145,152,141,145,-11,-7,11,7,FALSE,FALSE
729,10,172,150,166,172,150,166,172,150,166,-22,-6,22,6,FALSE,FALSE
729,11,183,161,187,183,161,187,183,161,187,-22,4,22,4,FALSE,FALSE
729,12,199,171,211,199,171,211,199,171,211,-28,12,28,12,FALSE,FALSE
729,13,216,180,234,216,180,234,216,180,234,-36,18,36,18,FALSE,FALSE
729,14,225,198,252,225,198,252,225,198,252,-27,27,27,27,FALSE,FALSE
729,15,230,215,279,230,215,279,230,215,279,-15,49,15,49,FALSE,FALSE
729,16,258,220,309,258,220,309,258,220,309,-38,51,38,51,FALSE,FALSE
729,17,283,235,335,283,235,335,283,235,335,-48,52,48,52,FALSE,FALSE
729,18,310,257,352,310,257,352,310,257,352,-53,42,53,42,FALSE,FALSE
729,19,339,280,379,339,280,379,339,280,379,-59,40,59,40,FALSE,FALSE
729,20,345,304,419,345,304,419,345,304,419,-41,74,41,74,FALSE,FALSE
729,21,374,339,454,374,339,454,374,339,454,-35,80,35,80,FALSE,FALSE
729,22,393,362,490,393,362,490,393,362,490,-31,97,31,97,FALSE,FALSE
729,23,420,392,523,420,392,523,420,392,523,-28,103,28,103,FALSE,FALSE
729,24,434,421,557,434,421,557,434,421,557,-13,123,13,123,FALSE,FALSE
729,25,484,463,606,484,463,606,484,463,606,-21,122,21,122,FALSE,FALSE
729,26,521,495,649,521,495,649,521,495,649,-26,128,26,128,FALSE,FALSE
729,27,548,528,683,548,528,683,548,528,683,-20,135,20,135,FALSE,FALSE
729,28,575,573,720,575,573,720,575,573,720,-2,145,2,145,FALSE,FALSE
729,29,592,608,759,592,608,759,592,608,759,16,167,16,167,FALSE,FALSE
729,30,625,659,796,625,659,796,625,659,796,34,171,34,171,FALSE,FALSE
729,31,657,695,827,657,695,827,657,695,827,38,170,38,170,FALSE,FALSE
729,32,711,749,862,711,749,862,711,749,862,38,151,38,151,FALSE,FALSE
729,33,756,777,883,756,777,883,756,777,883,21,127,21,127,FALSE,FALSE
729,34,805,821,925,805,821,925,805,821,925,16,120,16,120,FALSE,FALSE
729,35,817,865,951,817,865,951,817,865,951,48,134,48,134,FALSE,FALSE
729,36,861,895,998,861,895,998,861,895,998,34,137,34,137,FALSE,FALSE
729,37,867,915,1034,867,915,1034,867,915,1034,48,167,48,167,FALSE,FALSE
729,38,904,952,1066,904,952,1066,904,952,1066,48,162,48,162,FALSE,FALSE
729,39,915,987,1080,915,987,1080,915,987,1080,72,165,72,165,FALSE,FALSE
729,40,951,1012,1110,951,1012,1110,951,1012,1110,61,159,61,159,FALSE,FALSE
729,41,987,1043,1099,987,1043,1099,987,1043,1099,56,112,56,112,FALSE,FALSE
729,42,1046,1081,1127,1046,1081,1127,1046,1081,1127,35,81,35,81,FALSE,FALSE
729,43,1071,1094,1118,1071,1094,1118,1071,1094,1118,23,47,23,47,FALSE,FALSE
729,44,1085,1101,1130,1085,1101,1130,1085,1101,1130,16,45,16,45,FALSE,FALSE
729,45,1103,1068,1141,1103,1068,1141,1103,1068,1141,-35,38,35,38,FALSE,FALSE
729,46,1091,1067,1152,1091,1067,1152,1091,1067,1152,-24,61,24,61,FALSE,FALSE
729,47,1101,1069,1152,1101,1069,1152,1101,1069,1152,-32,51,32,51,FALSE,FALSE
729,48,1082,1072,1125,1082,1072,1125,1082,1072,1125,-10,43,10,43,FALSE,FALSE
729,49,1092,1067,1108,1092,1067,1108,1092,1067,1108,-25,16,25,16,FALSE,FALSE
729,50,1066,1054,1076,1066,1054,1076,1066,1054,1076,-12,10,12,10,FALSE,FALSE
729,51,1077,1041,1066,1077,1041,1066,1077,1041,1066,-36,-11,36,11,FALSE,FALSE
729,52,1089,996,1078,1089,996,1078,1089,996,1078,-93,-11,93,11,FALSE,FALSE
729,53,1072,981,1041,1072,981,1041,1072,981,1041,-91,-31,91,31,FALSE,FALSE
729,54,1074,956,1005,1074,956,1005,1074,956,1005,-118,-69,118,69,FALSE,FALSE
729,55,1054,961,982,1054,961,982,1054,961,982,-93,-72,93,72,FALSE,FALSE
729,56,1045,952,982,1045,952,982,1045,952,982,-93,-63,93,63,FALSE,FALSE
729,57,1004,920,941,1004,920,941,1004,920,941,-84,-63,84,63,FALSE,FALSE
729,58,983,889,892,983,889,892,983,889,892,-94,-91,94,91,FALSE,FALSE
729,59,968,861,854,968,861,854,968,861,854,-107,-114,107,114,FALSE,FALSE
729,60,920,837,819,920,837,819,920,837,819,-83,-101,83,101,FALSE,FALSE
730,0,102,102,102,102,102,102,102,102,102,0,0,0,0,TRUE,TRUE
730,1,139,133,151,139,133,151,139,133,151,-6,12,6,12,FALSE,FALSE
730,2,194,179,207,194,179,207,194,179,207,-15,13,15,13,FALSE,FALSE
730,3,247,239,261,247,239,261,247,239,261,-8,14,8,14,FALSE,FALSE
730,4,301,327,335,301,327,335,301,327,335,26,34,26,34,FALSE,FALSE
730,5,399,453,417,399,453,417,399,453,417,54,18,54,18,FALSE,FALSE
730,6,536,620,515,536,620,515,536,620,515,84,-21,84,21,FALSE,FALSE
730,7,667,769,654,667,769,654,667,769,654,102,-13,102,13,FALSE,FALSE
730,8,832,959,795,832,959,795,832,959,795,127,-37,127,37,FALSE,FALSE
730,9,1022,1177,964,1022,1177,964,1022,1177,964,155,-58,155,58,FALSE,FALSE
730,10,1229,1408,1132,1229,1408,1132,1229,1408,1132,179,-97,179,97,FALSE,FALSE
730,11,1430,1608,1321,1430,1608,1321,1430,1608,1321,178,-109,178,109,FALSE,FALSE
730,12,1586,1753,1462,1586,1753,1462,1586,1753,1462,167,-124,167,124,FALSE,FALSE
730,13,1726,1874,1600,1726,1874,1600,1726,1874,1600,148,-126,148,126,FALSE,FALSE
730,14,1841,1967,1733,1841,1967,1733,1841,1967,1733,126,-108,126,108,FALSE,FALSE
730,15,1915,2025,1819,1915,2025,1819,1915,2025,1819,110,-96,110,96,FALSE,FALSE
730,16,1904,2047,1843,1904,2047,1843,1904,2047,1843,143,-61,143,61,FALSE,FALSE
730,17,1899,1981,1825,1899,1981,1825,1899,1981,1825,82,-74,82,74,FALSE,FALSE
730,18,1855,1879,1806,1855,1879,1806,1855,1879,1806,24,-49,24,49,FALSE,FALSE
730,19,1764,1737,1731,1764,1737,1731,1764,1737,1731,-27,-33,27,33,FALSE,FALSE
730,20,1671,1610,1639,1671,1610,1639,1671,1610,1639,-61,-32,61,32,FALSE,FALSE
730,21,1559,1471,1537,1559,1471,1537,1559,1471,1537,-88,-22,88,22,FALSE,FALSE
730,22,1436,1322,1414,1436,1322,1414,1436,1322,1414,-114,-22,114,22,FALSE,FALSE
730,23,1297,1182,1292,1297,1182,1292,1297,1182,1292,-115,-5,115,5,FALSE,FALSE
730,24,1193,1038,1179,1193,1038,1179,1193,1038,1179,-155,-14,155,14,FALSE,FALSE
730,25,1066,920,1054,1066,920,1054,1066,920,1054,-146,-12,146,12,FALSE,FALSE
730,26,953,798,924,953,798,924,953,798,924,-155,-29,155,29,FALSE,FALSE
730,27,844,726,831,844,726,831,844,726,831,-118,-13,118,13,FALSE,FALSE
730,28,741,658,758,741,658,758,741,658,758,-83,17,83,17,FALSE,FALSE
730,29,652,587,657,652,587,657,652,587,657,-65,5,65,5,FALSE,FALSE
730,30,597,527,591,597,527,591,597,527,591,-70,-6,70,6,FALSE,FALSE
730,31,509,451,527,509,451,527,509,451,527,-58,18,58,18,FALSE,FALSE
730,32,440,392,465,440,392,465,440,392,465,-48,25,48,25,FALSE,FALSE
730,33,396,344,418,396,344,418,396,344,418,-52,22,52,22,FALSE,FALSE
730,34,339,305,373,339,305,373,339,305,373,-34,34,34,34,FALSE,FALSE
730,35,303,259,333,303,259,333,303,259,333,-44,30,44,30,FALSE,FALSE
730,36,270,227,300,270,227,300,270,227,300,-43,30,43,30,FALSE,FALSE
730,37,237,201,259,237,201,259,237,201,259,-36,22,36,22,FALSE,FALSE
730,38,210,176,228,210,176,228,210,176,228,-34,18,34,18,FALSE,FALSE
730,39,189,149,200,189,149,200,189,149,200,-40,11,40,11,FALSE,FALSE
730,40,167,133,167,167,133,167,167,133,167,-34,0,34,0,FALSE,TRUE
730,41,146,117,151,146,117,151,146,117,151,-29,5,29,5,FALSE,FALSE
730,42,121,94,129,121,94,129,121,94,129,-27,8,27,8,FALSE,FALSE
730,43,111,79,115,111,79,115,111,79,115,-32,4,32,4,FALSE,FALSE
730,44,95,64,107,95,64,107,95,64,107,-31,12,31,12,FALSE,FALSE
730,45,86,58,89,86,58,89,86,58,89,-28,3,28,3,FALSE,FALSE
730,46,76,54,83,76,54,83,76,54,83,-22,7,22,7,FALSE,FALSE
730,47,65,49,64,65,49,64,65,49,64,-16,-1,16,1,FALSE,FALSE
730,48,55,47,58,55,47,58,55,47,58,-8,3,8,3,FALSE,FALSE
730,49,50,35,50,50,35,50,50,35,50,-15,0,15,0,FALSE,TRUE
730,50,45,30,44,45,30,44,45,30,44,-15,-1,15,1,FALSE,FALSE
730,51,40,25,38,40,25,38,40,25,38,-15,-2,15,2,FALSE,FALSE
730,52,34,23,33,34,23,33,34,23,33,-11,-1,11,1,FALSE,FALSE
730,53,29,19,26,29,19,26,29,19,26,-10,-3,10,3,FALSE,FALSE
730,54,24,15,23,24,15,23,24,15,23,-9,-1,9,1,FALSE,FALSE
730,55,23,13,18,23,13,18,23,13,18,-10,-5,10,5,FALSE,FALSE
730,56,20,11,14,20,11,14,20,11,14,-9,-6,9,6,FALSE,FALSE
730,57,19,11,13,19,11,13,19,11,13,-8,-6,8,6,FALSE,FALSE
730,58,16,10,13,16,10,13,16,10,13,-6,-3,6,3,FALSE,FALSE
730,59,12,8,9,12,8,9,12,8,9,-4,-3,4,3,FALSE,FALSE
730,60,10,6,8,10,6,8,10,6,8,-4,-2,4,2,FALSE,FALSE
731,0,94,94,94,94,94,94,94,94,94,0,0,0,0,TRUE,TRUE
731,1,116,108,115,116,108,115,116,108,115,-8,-1,8,1,FALSE,FALSE
731,2,137,130,141,137,130,141,137,130,141,-7,4,7,4,FALSE,FALSE
731,3,165,164,173,165,164,173,165,164,173,-1,8,1,8,FALSE,FALSE
731,4,198,193,216,198,193,216,198,193,216,-5,18,5,18,FALSE,FALSE
731,5,234,239,261,234,239,261,234,239,261,5,27,5,27,FALSE,FALSE
731,6,266,295,314,266,295,314,266,295,314,29,48,29,48,FALSE,FALSE
731,7,325,345,362,325,345,362,325,345,362,20,37,20,37,FALSE,FALSE
731,8,389,399,411,389,399,411,389,399,411,10,22,10,22,FALSE,FALSE
731,9,477,458,482,477,458,482,477,458,482,-19,5,19,5,FALSE,FALSE
731,10,578,556,567,578,556,567,578,556,567,-22,-11,22,11,FALSE,FALSE
731,11,671,671,660,671,671,660,671,671,660,0,-11,0,11,TRUE,FALSE
731,12,765,785,758,765,785,758,765,785,758,20,-7,20,7,FALSE,FALSE
731,13,881,894,896,881,894,896,881,894,896,13,15,13,15,FALSE,FALSE
731,14,1018,1000,1027,1018,1000,1027,1018,1000,1027,-18,9,18,9,FALSE,FALSE
731,15,1143,1144,1158,1143,1144,1158,1143,1144,1158,1,15,1,15,FALSE,FALSE
731,16,1274,1303,1262,1274,1303,1262,1274,1303,1262,29,-12,29,12,FALSE,FALSE
731,17,1437,1435,1401,1437,1435,1401,1437,1435,1401,-2,-36,2,36,FALSE,FALSE
731,18,1575,1582,1531,1575,1582,1531,1575,1582,1531,7,-44,7,44,FALSE,FALSE
731,19,1725,1722,1659,1725,1722,1659,1725,1722,1659,-3,-66,3,66,FALSE,FALSE
731,20,1876,1846,1761,1876,1846,1761,1876,1846,1761,-30,-115,30,115,FALSE,FALSE
731,21,1972,1958,1890,1972,1958,1890,1972,1958,1890,-14,-82,14,82,FALSE,FALSE
731,22,2079,2061,1980,2079,2061,1980,2079,2061,1980,-18,-99,18,99,FALSE,FALSE
731,23,2127,2116,2045,2127,2116,2045,2127,2116,2045,-11,-82,11,82,FALSE,FALSE
731,24,2167,2177,2108,2167,2177,2108,2167,2177,2108,10,-59,10,59,FALSE,FALSE
731,25,2208,2230,2120,2208,2230,2120,2208,2230,2120,22,-88,22,88,FALSE,FALSE
731,26,2228,2250,2133,2228,2250,2133,2228,2250,2133,22,-95,22,95,FALSE,FALSE
731,27,2240,2237,2147,2240,2237,2147,2240,2237,2147,-3,-93,3,93,FALSE,FALSE
731,28,2205,2197,2107,2205,2197,2107,2205,2197,2107,-8,-98,8,98,FALSE,FALSE
731,29,2142,2164,2096,2142,2164,2096,2142,2164,2096,22,-46,22,46,FALSE,FALSE
731,30,2121,2094,2036,2121,2094,2036,2121,2094,2036,-27,-85,27,85,FALSE,FALSE
731,31,2027,2042,1950,2027,2042,1950,2027,2042,1950,15,-77,15,77,FALSE,FALSE
731,32,1940,1957,1868,1940,1957,1868,1940,1957,1868,17,-72,17,72,FALSE,FALSE
731,33,1867,1885,1762,1867,1885,1762,1867,1885,1762,18,-105,18,105,FALSE,FALSE
731,34,1795,1827,1674,1795,1827,1674,1795,1827,1674,32,-121,32,121,FALSE,FALSE
731,35,1696,1744,1604,1696,1744,1604,1696,1744,1604,48,-92,48,92,FALSE,FALSE
731,36,1609,1678,1531,1609,1678,1531,1609,1678,1531,69,-78,69,78,FALSE,FALSE
731,37,1523,1581,1458,1523,1581,1458,1523,1581,1458,58,-65,58,65,FALSE,FALSE
731,38,1434,1477,1377,1434,1477,1377,1434,1477,1377,43,-57,43,57,FALSE,FALSE
731,39,1352,1401,1294,1352,1401,1294,1352,1401,1294,49,-58,49,58,FALSE,FALSE
731,40,1258,1309,1214,1258,1309,1214,1258,1309,1214,51,-44,51,44,FALSE,FALSE
731,41,1177,1224,1140,1177,1224,1140,1177,1224,1140,47,-37,47,37,FALSE,FALSE
731,42,1091,1139,1080,1091,1139,1080,1091,1139,1080,48,-11,48,11,FALSE,FALSE
731,43,1011,1066,1012,1011,1066,1012,1011,1066,1012,55,1,55,1,FALSE,FALSE
731,44,926,1007,951,926,1007,951,926,1007,951,81,25,81,25,FALSE,FALSE
731,45,846,943,883,846,943,883,846,943,883,97,37,97,37,FALSE,FALSE
731,46,788,894,815,788,894,815,788,894,815,106,27,106,27,FALSE,FALSE
731,47,745,839,760,745,839,760,745,839,760,94,15,94,15,FALSE,FALSE
731,48,704,783,704,704,783,704,704,783,704,79,0,79,0,FALSE,TRUE
731,49,654,720,656,654,720,656,654,720,656,66,2,66,2,FALSE,FALSE
731,50,608,666,624,608,666,624,608,666,624,58,16,58,16,FALSE,FALSE
731,51,574,629,588,574,629,588,574,629,588,55,14,55,14,FALSE,FALSE
731,52,537,578,547,537,578,547,537,578,547,41,10,41,10,FALSE,FALSE
731,53,498,530,501,498,530,501,498,530,501,32,3,32,3,FALSE,FALSE
731,54,469,490,475,469,490,475,469,490,475,21,6,21,6,FALSE,FALSE
731,55,426,452,437,426,452,437,426,452,437,26,11,26,11,FALSE,FALSE
731,56,396,426,404,396,426,404,396,426,404,30,8,30,8,FALSE,FALSE
731,57,363,399,382,363,399,382,363,399,382,36,19,36,19,FALSE,FALSE
731,58,334,368,354,334,368,354,334,368,354,34,20,34,20,FALSE,FALSE
731,59,308,347,332,308,347,332,308,347,332,39,24,39,24,FALSE,FALSE
731,60,272,325,303,272,325,303,272,325,303,53,31,53,31,FALSE,FALSE
732,0,94,94,94,94,94,94,94,94,94,0,0,0,0,TRUE,TRUE
732,1,92,96,85,92,96,85,92,96,85,4,-7,4,7,FALSE,FALSE
732,2,89,97,84,89,97,84,89,97,84,8,-5,8,5,FALSE,FALSE
732,3,88,97,86,88,97,86,88,97,86,9,-2,9,2,FALSE,FALSE
732,4,90,98,92,90,98,92,90,98,92,8,2,8,2,FALSE,FALSE
732,5,89,93,94,89,93,94,89,93,94,4,5,4,5,FALSE,FALSE
732,6,89,89,96,89,89,96,89,89,96,0,7,0,7,TRUE,FALSE
732,7,80,97,102,80,97,102,80,97,102,17,22,17,22,FALSE,FALSE
732,8,84,106,99,84,106,99,84,106,99,22,15,22,15,FALSE,FALSE
732,9,83,126,98,83,126,98,83,126,98,43,15,43,15,FALSE,FALSE
732,10,87,124,101,87,124,101,87,124,101,37,14,37,14,FALSE,FALSE
732,11,83,130,108,83,130,108,83,130,108,47,25,47,25,FALSE,FALSE
732,12,92,128,104,92,128,104,92,128,104,36,12,36,12,FALSE,FALSE
732,13,87,130,99,87,130,99,87,130,99,43,12,43,12,FALSE,FALSE
732,14,81,131,101,81,131,101,81,131,101,50,20,50,20,FALSE,FALSE
732,15,86,141,108,86,141,108,86,141,108,55,22,55,22,FALSE,FALSE
732,16,85,137,113,85,137,113,85,137,113,52,28,52,28,FALSE,FALSE
732,17,86,142,112,86,142,112,86,142,112,56,26,56,26,FALSE,FALSE
732,18,87,134,113,87,134,113,87,134,113,47,26,47,26,FALSE,FALSE
732,19,91,146,112,91,146,112,91,146,112,55,21,55,21,FALSE,FALSE
732,20,93,150,117,93,150,117,93,150,117,57,24,57,24,FALSE,FALSE
732,21,88,168,119,88,168,119,88,168,119,80,31,80,31,FALSE,FALSE
732,22,96,162,119,96,162,119,96,162,119,66,23,66,23,FALSE,FALSE
732,23,91,172,124,91,172,124,91,172,124,81,33,81,33,FALSE,FALSE
732,24,85,174,120,85,174,120,85,174,120,89,35,89,35,FALSE,FALSE
732,25,78,177,122,78,177,122,78,177,122,99,44,99,44,FALSE,FALSE
732,26,76,170,123,76,170,123,76,170,123,94,47,94,47,FALSE,FALSE
732,27,73,169,131,73,169,131,73,169,131,96,58,96,58,FALSE,FALSE
732,28,80,164,139,80,164,139,80,164,139,84,59,84,59,FALSE,FALSE
732,29,77,160,147,77,160,147,77,160,147,83,70,83,70,FALSE,FALSE
732,30,76,165,143,76,165,143,76,165,143,89,67,89,67,FALSE,FALSE
732,31,73,169,154,73,169,154,73,169,154,96,81,96,81,FALSE,FALSE
732,32,72,171,155,72,171,155,72,171,155,99,83,99,83,FALSE,FALSE
732,33,70,167,160,70,167,160,70,167,160,97,90,97,90,FALSE,FALSE
732,34,73,167,163,73,167,163,73,167,163,94,90,94,90,FALSE,FALSE
732,35,76,167,158,76,167,158,76,167,158,91,82,91,82,FALSE,FALSE
732,36,81,180,156,81,180,156,81,180,156,99,75,99,75,FALSE,FALSE
732,37,82,185,152,82,185,152,82,185,152,103,70,103,70,FALSE,FALSE
732,38,88,196,147,88,196,147,88,196,147,108,59,108,59,FALSE,FALSE
732,39,90,193,142,90,193,142,90,193,142,103,52,103,52,FALSE,FALSE
732,40,96,201,143,96,201,143,96,201,143,105,47,105,47,FALSE,FALSE
732,41,104,203,138,104,203,138,104,203,138,99,34,99,34,FALSE,FALSE
732,42,104,209,148,104,209,148,104,209,148,105,44,105,44,FALSE,FALSE
732,43,97,187,139,97,187,139,97,187,139,90,42,90,42,FALSE,FALSE
732,44,96,194,137,96,194,137,96,194,137,98,41,98,41,FALSE,FALSE
732,45,99,192,131,99,192,131,99,192,131,93,32,93,32,FALSE,FALSE
732,46,93,183,130,93,183,130,93,183,130,90,37,90,37,FALSE,FALSE
732,47,96,175,134,96,175,134,96,175,134,79,38,79,38,FALSE,FALSE
732,48,95,168,128,95,168,128,95,168,128,73,33,73,33,FALSE,FALSE
732,49,96,155,123,96,155,123,96,155,123,59,27,59,27,FALSE,FALSE
732,50,88,162,116,88,162,116,88,162,116,74,28,74,28,FALSE,FALSE
732,51,85,165,115,85,165,115,85,165,115,80,30,80,30,FALSE,FALSE
732,52,84,160,104,84,160,104,84,160,104,76,20,76,20,FALSE,FALSE
732,53,89,154,108,89,154,108,89,154,108,65,19,65,19,FALSE,FALSE
732,54,81,153,94,81,153,94,81,153,94,72,13,72,13,FALSE,FALSE
732,55,84,149,92,84,149,92,84,149,92,65,8,65,8,FALSE,FALSE
732,56,85,151,92,85,151,92,85,151,92,66,7,66,7,FALSE,FALSE
732,57,83,148,89,83,148,89,83,148,89,65,6,65,6,FALSE,FALSE
732,58,80,146,90,80,146,90,80,146,90,66,10,66,10,FALSE,FALSE
732,59,85,142,94,85,142,94,85,142,94,57,9,57,9,FALSE,FALSE
732,60,84,146,98,84,146,98,84,146,98,62,14,62,14,FALSE,FALSE
733,0,71,71,71,71,71,71,71,71,71,0,0,0,0,TRUE,TRUE
733,1,83,90,85,83,90,85,83,90,85,7,2,7,2,FALSE,FALSE
733,2,102,112,112,102,112,112,102,112,112,10,10,10,10,FALSE,FALSE
733,3,123,143,148,123,143,148,123,143,148,20,25,20,25,FALSE,FALSE
733,4,132,176,187,132,176,187,132,176,187,44,55,44,55,FALSE,FALSE
733,5,170,198,229,170,198,229,170,198,229,28,59,28,59,FALSE,FALSE
733,6,216,232,307,216,232,307,216,232,307,16,91,16,91,FALSE,FALSE
733,7,257,279,397,257,279,397,257,279,397,22,140,22,140,FALSE,FALSE
733,8,333,357,531,333,357,531,333,357,531,24,198,24,198,FALSE,FALSE
733,9,379,450,671,379,450,671,379,450,671,71,292,71,292,FALSE,FALSE
733,10,466,533,843,466,533,843,466,533,843,67,377,67,377,FALSE,FALSE
733,11,541,644,1007,541,644,1007,541,644,1007,103,466,103,466,FALSE,FALSE
733,12,635,733,1202,635,733,1202,635,733,1202,98,567,98,567,FALSE,FALSE
733,13,744,888,1353,744,888,1353,744,888,1353,144,609,144,609,FALSE,FALSE
733,14,843,1008,1551,843,1008,1551,843,1008,1551,165,708,165,708,FALSE,FALSE
733,15,983,1164,1725,983,1164,1725,983,1164,1725,181,742,181,742,FALSE,FALSE
733,16,1156,1338,1932,1156,1338,1932,1156,1338,1932,182,776,182,776,FALSE,FALSE
733,17,1279,1503,2086,1279,1503,2086,1279,1503,2086,224,807,224,807,FALSE,FALSE
733,18,1426,1654,2229,1426,1654,2229,1426,1654,2229,228,803,228,803,FALSE,FALSE
733,19,1572,1767,2341,1572,1767,2341,1572,1767,2341,195,769,195,769,FALSE,FALSE
733,20,1677,1885,2385,1677,1885,2385,1677,1885,2385,208,708,208,708,FALSE,FALSE
733,21,1782,1940,2341,1782,1940,2341,1782,1940,2341,158,559,158,559,FALSE,FALSE
733,22,1871,1928,2230,1871,1928,2230,1871,1928,2230,57,359,57,359,FALSE,FALSE
733,23,1954,1977,2160,1954,1977,2160,1954,1977,2160,23,206,23,206,FALSE,FALSE
733,24,1968,1977,2027,1968,1977,2027,1968,1977,2027,9,59,9,59,FALSE,FALSE
733,25,1972,1911,1886,1972,1911,1886,1972,1911,1886,-61,-86,61,86,FALSE,FALSE
733,26,1930,1856,1716,1930,1856,1716,1930,1856,1716,-74,-214,74,214,FALSE,FALSE
733,27,1871,1759,1561,1871,1759,1561,1871,1759,1561,-112,-310,112,310,FALSE,FALSE
733,28,1786,1639,1357,1786,1639,1357,1786,1639,1357,-147,-429,147,429,FALSE,FALSE
733,29,1671,1509,1205,1671,1509,1205,1671,1509,1205,-162,-466,162,466,FALSE,FALSE
733,30,1546,1432,1061,1546,1432,1061,1546,1432,1061,-114,-485,114,485,FALSE,FALSE
733,31,1419,1340,948,1419,1340,948,1419,1340,948,-79,-471,79,471,FALSE,FALSE
733,32,1275,1202,804,1275,1202,804,1275,1202,804,-73,-471,73,471,FALSE,FALSE
733,33,1153,1093,696,1153,1093,696,1153,1093,696,-60,-457,60,457,FALSE,FALSE
733,34,1052,967,617,1052,967,617,1052,967,617,-85,-435,85,435,FALSE,FALSE
733,35,933,868,546,933,868,546,933,868,546,-65,-387,65,387,FALSE,FALSE
733,36,832,793,475,832,793,475,832,793,475,-39,-357,39,357,FALSE,FALSE
733,37,738,737,423,738,737,423,738,737,423,-1,-315,1,315,FALSE,FALSE
733,38,661,647,366,661,647,366,661,647,366,-14,-295,14,295,FALSE,FALSE
733,39,588,590,321,588,590,321,588,590,321,2,-267,2,267,FALSE,FALSE
733,40,530,524,282,530,524,282,530,524,282,-6,-248,6,248,FALSE,FALSE
733,41,470,472,254,470,472,254,470,472,254,2,-216,2,216,FALSE,FALSE
733,42,416,425,215,416,425,215,416,425,215,9,-201,9,201,FALSE,FALSE
733,43,371,366,196,371,366,196,371,366,196,-5,-175,5,175,FALSE,FALSE
733,44,334,315,170,334,315,170,334,315,170,-19,-164,19,164,FALSE,FALSE
733,45,292,266,148,292,266,148,292,266,148,-26,-144,26,144,FALSE,FALSE
733,46,264,239,127,264,239,127,264,239,127,-25,-137,25,137,FALSE,FALSE
733,47,226,204,118,226,204,118,226,204,118,-22,-108,22,108,FALSE,FALSE
733,48,191,188,101,191,188,101,191,188,101,-3,-90,3,90,FALSE,FALSE
733,49,174,163,89,174,163,89,174,163,89,-11,-85,11,85,FALSE,FALSE
733,50,152,144,85,152,144,85,152,144,85,-8,-67,8,67,FALSE,FALSE
733,51,138,126,69,138,126,69,138,126,69,-12,-69,12,69,FALSE,FALSE
733,52,126,115,62,126,115,62,126,115,62,-11,-64,11,64,FALSE,FALSE
733,53,115,104,51,115,104,51,115,104,51,-11,-64,11,64,FALSE,FALSE
733,54,105,92,45,105,92,45,105,92,45,-13,-60,13,60,FALSE,FALSE
733,55,91,87,35,91,87,35,91,87,35,-4,-56,4,56,FALSE,FALSE
733,56,80,80,33,80,80,33,80,80,33,0,-47,0,47,TRUE,FALSE
733,57,63,71,31,63,71,31,63,71,31,8,-32,8,32,FALSE,FALSE
733,58,51,61,23,51,61,23,51,61,23,10,-28,10,28,FALSE,FALSE
733,59,51,52,18,51,52,18,51,52,18,1,-33,1,33,FALSE,FALSE
733,60,49,49,15,49,49,15,49,49,15,0,-34,0,34,TRUE,FALSE
734,0,74,74,74,74,74,74,74,74,74,0,0,0,0,TRUE,TRUE
734,1,78,71,76,78,71,76,78,71,76,-7,-2,7,2,FALSE,FALSE
734,2,86,81,77,86,81,77,86,81,77,-5,-9,5,9,FALSE,FALSE
734,3,101,94,80,101,94,80,101,94,80,-7,-21,7,21,FALSE,FALSE
734,4,106,100,82,106,100,82,106,100,82,-6,-24,6,24,FALSE,FALSE
734,5,106,90,85,106,90,85,106,90,85,-16,-21,16,21,FALSE,FALSE
734,6,106,103,83,106,103,83,106,103,83,-3,-23,3,23,FALSE,FALSE
734,7,119,100,87,119,100,87,119,100,87,-19,-32,19,32,FALSE,FALSE
734,8,123,113,87,123,113,87,123,113,87,-10,-36,10,36,FALSE,FALSE
734,9,121,121,93,121,121,93,121,121,93,0,-28,0,28,TRUE,FALSE
734,10,128,122,93,128,122,93,128,122,93,-6,-35,6,35,FALSE,FALSE
734,11,124,125,94,124,125,94,124,125,94,1,-30,1,30,FALSE,FALSE
734,12,125,129,102,125,129,102,125,129,102,4,-23,4,23,FALSE,FALSE
734,13,133,128,104,133,128,104,133,128,104,-5,-29,5,29,FALSE,FALSE
734,14,131,143,102,131,143,102,131,143,102,12,-29,12,29,FALSE,FALSE
734,15,131,151,102,131,151,102,131,151,102,20,-29,20,29,FALSE,FALSE
734,16,129,158,111,129,158,111,129,158,111,29,-18,29,18,FALSE,FALSE
734,17,137,152,111,137,152,111,137,152,111,15,-26,15,26,FALSE,FALSE
734,18,136,171,120,136,171,120,136,171,120,35,-16,35,16,FALSE,FALSE
734,19,144,183,119,144,183,119,144,183,119,39,-25,39,25,FALSE,FALSE
734,20,145,193,114,145,193,114,145,193,114,48,-31,48,31,FALSE,FALSE
734,21,148,212,121,148,212,121,148,212,121,64,-27,64,27,FALSE,FALSE
734,22,160,202,134,160,202,134,160,202,134,42,-26,42,26,FALSE,FALSE
734,23,173,198,131,173,198,131,173,198,131,25,-42,25,42,FALSE,FALSE
734,24,183,204,144,183,204,144,183,204,144,21,-39,21,39,FALSE,FALSE
734,25,182,216,140,182,216,140,182,216,140,34,-42,34,42,FALSE,FALSE
734,26,179,224,135,179,224,135,179,224,135,45,-44,45,44,FALSE,FALSE
734,27,180,206,133,180,206,133,180,206,133,26,-47,26,47,FALSE,FALSE
734,28,187,205,134,187,205,134,187,205,134,18,-53,18,53,FALSE,FALSE
734,29,197,219,136,197,219,136,197,219,136,22,-61,22,61,FALSE,FALSE
734,30,200,223,142,200,223,142,200,223,142,23,-58,23,58,FALSE,FALSE
734,31,189,217,149,189,217,149,189,217,149,28,-40,28,40,FALSE,FALSE
734,32,192,187,155,192,187,155,192,187,155,-5,-37,5,37,FALSE,FALSE
734,33,199,182,158,199,182,158,199,182,158,-17,-41,17,41,FALSE,FALSE
734,34,195,172,165,195,172,165,195,172,165,-23,-30,23,30,FALSE,FALSE
734,35,186,168,163,186,168,163,186,168,163,-18,-23,18,23,FALSE,FALSE
734,36,194,161,169,194,161,169,194,161,169,-33,-25,33,25,FALSE,FALSE
734,37,198,149,170,198,149,170,198,149,170,-49,-28,49,28,FALSE,FALSE
734,38,203,149,169,203,149,169,203,149,169,-54,-34,54,34,FALSE,FALSE
734,39,211,144,169,211,144,169,211,144,169,-67,-42,67,42,FALSE,FALSE
734,40,204,140,170,204,140,170,204,140,170,-64,-34,64,34,FALSE,FALSE
734,41,216,132,173,216,132,173,216,132,173,-84,-43,84,43,FALSE,FALSE
734,42,222,120,180,222,120,180,222,120,180,-102,-42,102,42,FALSE,FALSE
734,43,216,107,180,216,107,180,216,107,180,-109,-36,109,36,FALSE,FALSE
734,44,214,106,185,214,106,185,214,106,185,-108,-29,108,29,FALSE,FALSE
734,45,207,110,196,207,110,196,207,110,196,-97,-11,97,11,FALSE,FALSE
734,46,210,101,190,210,101,190,210,101,190,-109,-20,109,20,FALSE,FALSE
734,47,220,113,195,220,113,195,220,113,195,-107,-25,107,25,FALSE,FALSE
734,48,220,108,189,220,108,189,220,108,189,-112,-31,112,31,FALSE,FALSE
734,49,221,91,191,221,91,191,221,91,191,-130,-30,130,30,FALSE,FALSE
734,50,222,92,186,222,92,186,222,92,186,-130,-36,130,36,FALSE,FALSE
734,51,232,92,194,232,92,194,232,92,194,-140,-38,140,38,FALSE,FALSE
734,52,229,95,196,229,95,196,229,95,196,-134,-33,134,33,FALSE,FALSE
734,53,242,100,202,242,100,202,242,100,202,-142,-40,142,40,FALSE,FALSE
734,54,258,89,205,258,89,205,258,89,205,-169,-53,169,53,FALSE,FALSE
734,55,265,81,220,265,81,220,265,81,220,-184,-45,184,45,FALSE,FALSE
734,56,265,75,212,265,75,212,265,75,212,-190,-53,190,53,FALSE,FALSE
734,57,270,65,226,270,65,226,270,65,226,-205,-44,205,44,FALSE,FALSE
734,58,264,59,229,264,59,229,264,59,229,-205,-35,205,35,FALSE,FALSE
734,59,273,56,224,273,56,224,273,56,224,-217,-49,217,49,FALSE,FALSE
734,60,280,49,224,280,49,224,280,49,224,-231,-56,231,56,FALSE,FALSE
735,0,133,133,133,133,133,133,133,133,133,0,0,0,0,TRUE,TRUE
735,1,207,189,208,207,189,208,207,189,208,-18,1,18,1,FALSE,FALSE
735,2,331,263,310,331,263,310,331,263,310,-68,-21,68,21,FALSE,FALSE
735,3,499,398,473,499,398,473,499,398,473,-101,-26,101,26,FALSE,FALSE
735,4,716,567,717,716,567,717,716,567,717,-149,1,149,1,FALSE,FALSE
735,5,1053,797,1062,1053,797,1062,1053,797,1062,-256,9,256,9,FALSE,FALSE
735,6,1429,1078,1493,1429,1078,1493,1429,1078,1493,-351,64,351,64,FALSE,FALSE
735,7,1906,1418,1972,1906,1418,1972,1906,1418,1972,-488,66,488,66,FALSE,FALSE
735,8,2321,1794,2411,2321,1794,2411,2321,1794,2411,-527,90,527,90,FALSE,FALSE
735,9,2709,2161,2795,2709,2161,2795,2709,2161,2795,-548,86,548,86,FALSE,FALSE
735,10,2930,2426,2983,2930,2426,2983,2930,2426,2983,-504,53,504,53,FALSE,FALSE
735,11,3065,2643,3068,3065,2643,3068,3065,2643,3068,-422,3,422,3,FALSE,FALSE
735,12,2967,2736,3032,2967,2736,3032,2967,2736,3032,-231,65,231,65,FALSE,FALSE
735,13,2797,2759,2839,2797,2759,2839,2797,2759,2839,-38,42,38,42,FALSE,FALSE
735,14,2543,2688,2570,2543,2688,2570,2543,2688,2570,145,27,145,27,FALSE,FALSE
735,15,2304,2541,2329,2304,2541,2329,2304,2541,2329,237,25,237,25,FALSE,FALSE
735,16,2035,2320,2074,2035,2320,2074,2035,2320,2074,285,39,285,39,FALSE,FALSE
735,17,1773,2065,1834,1773,2065,1834,1773,2065,1834,292,61,292,61,FALSE,FALSE
735,18,1544,1831,1590,1544,1831,1590,1544,1831,1590,287,46,287,46,FALSE,FALSE
735,19,1324,1636,1369,1324,1636,1369,1324,1636,1369,312,45,312,45,FALSE,FALSE
735,20,1151,1435,1184,1151,1435,1184,1151,1435,1184,284,33,284,33,FALSE,FALSE
735,21,978,1249,993,978,1249,993,978,1249,993,271,15,271,15,FALSE,FALSE
735,22,839,1095,840,839,1095,840,839,1095,840,256,1,256,1,FALSE,FALSE
735,23,715,954,714,715,954,714,715,954,714,239,-1,239,1,FALSE,FALSE
735,24,594,855,607,594,855,607,594,855,607,261,13,261,13,FALSE,FALSE
735,25,514,742,509,514,742,509,514,742,509,228,-5,228,5,FALSE,FALSE
735,26,441,634,416,441,634,416,441,634,416,193,-25,193,25,FALSE,FALSE
735,27,371,532,347,371,532,347,371,532,347,161,-24,161,24,FALSE,FALSE
735,28,319,445,280,319,445,280,319,445,280,126,-39,126,39,FALSE,FALSE
735,29,263,377,228,263,377,228,263,377,228,114,-35,114,35,FALSE,FALSE
735,30,225,313,191,225,313,191,225,313,191,88,-34,88,34,FALSE,FALSE
735,31,181,264,163,181,264,163,181,264,163,83,-18,83,18,FALSE,FALSE
735,32,150,226,137,150,226,137,150,226,137,76,-13,76,13,FALSE,FALSE
735,33,118,189,116,118,189,116,118,189,116,71,-2,71,2,FALSE,FALSE
735,34,102,157,96,102,157,96,102,157,96,55,-6,55,6,FALSE,FALSE
735,35,81,128,73,81,128,73,81,128,73,47,-8,47,8,FALSE,FALSE
735,36,64,108,64,64,108,64,64,108,64,44,0,44,0,FALSE,TRUE
735,37,61,85,52,61,85,52,61,85,52,24,-9,24,9,FALSE,FALSE
735,38,50,75,45,50,75,45,50,75,45,25,-5,25,5,FALSE,FALSE
735,39,39,67,36,39,67,36,39,67,36,28,-3,28,3,FALSE,FALSE
735,40,27,61,31,27,61,31,27,61,31,34,4,34,4,FALSE,FALSE
735,41,23,50,28,23,50,28,23,50,28,27,5,27,5,FALSE,FALSE
735,42,20,40,22,20,40,22,20,40,22,20,2,20,2,FALSE,FALSE
735,43,15,38,17,15,38,17,15,38,17,23,2,23,2,FALSE,FALSE
735,44,14,36,16,14,36,16,14,36,16,22,2,22,2,FALSE,FALSE
735,45,11,32,15,11,32,15,11,32,15,21,4,21,4,FALSE,FALSE
735,46,11,25,14,11,25,14,11,25,14,14,3,14,3,FALSE,FALSE
735,47,8,22,11,8,22,11,8,22,11,14,3,14,3,FALSE,FALSE
735,48,7,17,5,7,17,5,7,17,5,10,-2,10,2,FALSE,FALSE
735,49,3,16,6,3,16,6,3,16,6,13,3,13,3,FALSE,FALSE
735,50,2,13,5,2,13,5,2,13,5,11,3,11,3,FALSE,FALSE
735,51,2,11,5,2,11,5,2,11,5,9,3,9,3,FALSE,FALSE
735,52,2,8,3,2,8,3,2,8,3,6,1,6,1,FALSE,FALSE
735,53,3,6,1,3,6,1,3,6,1,3,-2,3,2,FALSE,FALSE
735,54,3,6,1,3,6,1,3,6,1,3,-2,3,2,FALSE,FALSE
735,55,3,6,1,3,6,1,3,6,1,3,-2,3,2,FALSE,FALSE
735,56,3,5,1,3,5,1,3,5,1,2,-2,2,2,FALSE,FALSE
735,57,2,4,0,2,4,0,2,4,0,2,-2,2,2,FALSE,FALSE
735,58,2,3,0,2,3,0,2,3,0,1,-2,1,2,FALSE,FALSE
735,59,2,3,0,2,3,0,2,3,0,1,-2,1,2,FALSE,FALSE
735,60,2,1,0,2,1,0,2,1,0,-1,-2,1,2,FALSE,FALSE
736,0,108,108,108,108,108,108,108,108,108,0,0,0,0,TRUE,TRUE
736,1,116,124,104,116,124,104,116,124,104,8,-12,8,12,FALSE,FALSE
736,2,135,129,110,135,129,110,135,129,110,-6,-25,6,25,FALSE,FALSE
736,3,141,119,112,141,119,112,141,119,112,-22,-29,22,29,FALSE,FALSE
736,4,158,121,118,158,121,118,158,121,118,-37,-40,37,40,FALSE,FALSE
736,5,154,132,120,154,132,120,154,132,120,-22,-34,22,34,FALSE,FALSE
736,6,156,144,129,156,144,129,156,144,129,-12,-27,12,27,FALSE,FALSE
736,7,152,150,135,152,150,135,152,150,135,-2,-17,2,17,FALSE,FALSE
736,8,161,161,143,161,161,143,161,161,143,0,-18,0,18,TRUE,FALSE
736,9,178,164,150,178,164,150,178,164,150,-14,-28,14,28,FALSE,FALSE
736,10,170,169,161,170,169,161,170,169,161,-1,-9,1,9,FALSE,FALSE
736,11,188,171,161,188,171,161,188,171,161,-17,-27,17,27,FALSE,FALSE
736,12,185,175,164,185,175,164,185,175,164,-10,-21,10,21,FALSE,FALSE
736,13,188,187,164,188,187,164,188,187,164,-1,-24,1,24,FALSE,FALSE
736,14,194,190,171,194,190,171,194,190,171,-4,-23,4,23,FALSE,FALSE
736,15,200,202,162,200,202,162,200,202,162,2,-38,2,38,FALSE,FALSE
736,16,209,212,159,209,212,159,209,212,159,3,-50,3,50,FALSE,FALSE
736,17,211,221,175,211,221,175,211,221,175,10,-36,10,36,FALSE,FALSE
736,18,230,223,188,230,223,188,230,223,188,-7,-42,7,42,FALSE,FALSE
736,19,233,251,190,233,251,190,233,251,190,18,-43,18,43,FALSE,FALSE
736,20,234,259,210,234,259,210,234,259,210,25,-24,25,24,FALSE,FALSE
736,21,250,274,226,250,274,226,250,274,226,24,-24,24,24,FALSE,FALSE
736,22,260,269,239,260,269,239,260,269,239,9,-21,9,21,FALSE,FALSE
736,23,257,271,231,257,271,231,257,271,231,14,-26,14,26,FALSE,FALSE
736,24,257,263,258,257,263,258,257,263,258,6,1,6,1,FALSE,FALSE
736,25,264,265,264,264,265,264,264,265,264,1,0,1,0,FALSE,TRUE
736,26,283,275,268,283,275,268,283,275,268,-8,-15,8,15,FALSE,FALSE
736,27,304,269,279,304,269,279,304,269,279,-35,-25,35,25,FALSE,FALSE
736,28,282,276,299,282,276,299,282,276,299,-6,17,6,17,FALSE,FALSE
736,29,272,278,292,272,278,292,272,278,292,6,20,6,20,FALSE,FALSE
736,30,264,279,300,264,279,300,264,279,300,15,36,15,36,FALSE,FALSE
736,31,263,301,316,263,301,316,263,301,316,38,53,38,53,FALSE,FALSE
736,32,263,310,327,263,310,327,263,310,327,47,64,47,64,FALSE,FALSE
736,33,264,325,319,264,325,319,264,325,319,61,55,61,55,FALSE,FALSE
736,34,262,327,317,262,327,317,262,327,317,65,55,65,55,FALSE,FALSE
736,35,252,330,311,252,330,311,252,330,311,78,59,78,59,FALSE,FALSE
736,36,246,344,322,246,344,322,246,344,322,98,76,98,76,FALSE,FALSE
736,37,250,356,311,250,356,311,250,356,311,106,61,106,61,FALSE,FALSE
736,38,248,342,319,248,342,319,248,342,319,94,71,94,71,FALSE,FALSE
736,39,232,334,316,232,334,316,232,334,316,102,84,102,84,FALSE,FALSE
736,40,220,336,322,220,336,322,220,336,322,116,102,116,102,FALSE,FALSE
736,41,217,331,320,217,331,320,217,331,320,114,103,114,103,FALSE,FALSE
736,42,216,332,309,216,332,309,216,332,309,116,93,116,93,FALSE,FALSE
736,43,217,321,282,217,321,282,217,321,282,104,65,104,65,FALSE,FALSE
736,44,201,316,283,201,316,283,201,316,283,115,82,115,82,FALSE,FALSE
736,45,194,308,291,194,308,291,194,308,291,114,97,114,97,FALSE,FALSE
736,46,187,301,288,187,301,288,187,301,288,114,101,114,101,FALSE,FALSE
736,47,182,297,266,182,297,266,182,297,266,115,84,115,84,FALSE,FALSE
736,48,179,291,282,179,291,282,179,291,282,112,103,112,103,FALSE,FALSE
736,49,193,291,284,193,291,284,193,291,284,98,91,98,91,FALSE,FALSE
736,50,194,279,279,194,279,279,194,279,279,85,85,85,85,FALSE,FALSE
736,51,201,283,275,201,283,275,201,283,275,82,74,82,74,FALSE,FALSE
736,52,191,270,282,191,270,282,191,270,282,79,91,79,91,FALSE,FALSE
736,53,188,273,265,188,273,265,188,273,265,85,77,85,77,FALSE,FALSE
736,54,186,268,249,186,268,249,186,268,249,82,63,82,63,FALSE,FALSE
736,55,170,257,262,170,257,262,170,257,262,87,92,87,92,FALSE,FALSE
736,56,171,253,262,171,253,262,171,253,262,82,91,82,91,FALSE,FALSE
736,57,167,237,241,167,237,241,167,237,241,70,74,70,74,FALSE,FALSE
736,58,156,225,244,156,225,244,156,225,244,69,88,69,88,FALSE,FALSE
736,59,148,218,238,148,218,238,148,218,238,70,90,70,90,FALSE,FALSE
736,60,146,217,231,146,217,231,146,217,231,71,85,71,85,FALSE,FALSE
737,0,92,92,92,92,92,92,92,92,92,0,0,0,0,TRUE,TRUE
737,1,112,121,110,112,121,110,112,121,110,9,-2,9,2,FALSE,FALSE
737,2,150,155,139,150,155,139,150,155,139,5,-11,5,11,FALSE,FALSE
737,3,175,198,177,175,198,177,175,198,177,23,2,23,2,FALSE,FALSE
737,4,202,249,223,202,249,223,202,249,223,47,21,47,21,FALSE,FALSE
737,5,258,308,261,258,308,261,258,308,261,50,3,50,3,FALSE,FALSE
737,6,318,378,332,318,378,332,318,378,332,60,14,60,14,FALSE,FALSE
737,7,393,447,425,393,447,425,393,447,425,54,32,54,32,FALSE,FALSE
737,8,468,553,521,468,553,521,468,553,521,85,53,85,53,FALSE,FALSE
737,9,577,690,622,577,690,622,577,690,622,113,45,113,45,FALSE,FALSE
737,10,705,848,758,705,848,758,705,848,758,143,53,143,53,FALSE,FALSE
737,11,859,1019,920,859,1019,920,859,1019,920,160,61,160,61,FALSE,FALSE
737,12,1024,1192,1097,1024,1192,1097,1024,1192,1097,168,73,168,73,FALSE,FALSE
737,13,1186,1382,1286,1186,1382,1286,1186,1382,1286,196,100,196,100,FALSE,FALSE
737,14,1318,1585,1470,1318,1585,1470,1318,1585,1470,267,152,267,152,FALSE,FALSE
737,15,1523,1806,1654,1523,1806,1654,1523,1806,1654,283,131,283,131,FALSE,FALSE
737,16,1717,1999,1880,1717,1999,1880,1717,1999,1880,282,163,282,163,FALSE,FALSE
737,17,1888,2133,2037,1888,2133,2037,1888,2133,2037,245,149,245,149,FALSE,FALSE
737,18,2029,2232,2129,2029,2232,2129,2029,2232,2129,203,100,203,100,FALSE,FALSE
737,19,2126,2305,2233,2126,2305,2233,2126,2305,2233,179,107,179,107,FALSE,FALSE
737,20,2177,2387,2293,2177,2387,2293,2177,2387,2293,210,116,210,116,FALSE,FALSE
737,21,2172,2375,2320,2172,2375,2320,2172,2375,2320,203,148,203,148,FALSE,FALSE
737,22,2212,2378,2317,2212,2378,2317,2212,2378,2317,166,105,166,105,FALSE,FALSE
737,23,2142,2321,2273,2142,2321,2273,2142,2321,2273,179,131,179,131,FALSE,FALSE
737,24,2105,2212,2190,2105,2212,2190,2105,2212,2190,107,85,107,85,FALSE,FALSE
737,25,2044,2097,2126,2044,2097,2126,2044,2097,2126,53,82,53,82,FALSE,FALSE
737,26,1962,1984,2023,1962,1984,2023,1962,1984,2023,22,61,22,61,FALSE,FALSE
737,27,1867,1885,1879,1867,1885,1879,1867,1885,1879,18,12,18,12,FALSE,FALSE
737,28,1767,1772,1792,1767,1772,1792,1767,1772,1792,5,25,5,25,FALSE,FALSE
737,29,1652,1636,1656,1652,1636,1656,1652,1636,1656,-16,4,16,4,FALSE,FALSE
737,30,1566,1531,1551,1566,1531,1551,1566,1531,1551,-35,-15,35,15,FALSE,FALSE
737,31,1473,1426,1438,1473,1426,1438,1473,1426,1438,-47,-35,47,35,FALSE,FALSE
737,32,1383,1324,1341,1383,1324,1341,1383,1324,1341,-59,-42,59,42,FALSE,FALSE
737,33,1280,1228,1251,1280,1228,1251,1280,1228,1251,-52,-29,52,29,FALSE,FALSE
737,34,1208,1129,1142,1208,1129,1142,1208,1129,1142,-79,-66,79,66,FALSE,FALSE
737,35,1136,1020,1054,1136,1020,1054,1136,1020,1054,-116,-82,116,82,FALSE,FALSE
737,36,1052,924,986,1052,924,986,1052,924,986,-128,-66,128,66,FALSE,FALSE
737,37,976,843,896,976,843,896,976,843,896,-133,-80,133,80,FALSE,FALSE
737,38,908,769,807,908,769,807,908,769,807,-139,-101,139,101,FALSE,FALSE
737,39,833,701,757,833,701,757,833,701,757,-132,-76,132,76,FALSE,FALSE
737,40,751,637,675,751,637,675,751,637,675,-114,-76,114,76,FALSE,FALSE
737,41,672,591,619,672,591,619,672,591,619,-81,-53,81,53,FALSE,FALSE
737,42,611,527,578,611,527,578,611,527,578,-84,-33,84,33,FALSE,FALSE
737,43,566,468,525,566,468,525,566,468,525,-98,-41,98,41,FALSE,FALSE
737,44,519,423,478,519,423,478,519,423,478,-96,-41,96,41,FALSE,FALSE
737,45,470,372,437,470,372,437,470,372,437,-98,-33,98,33,FALSE,FALSE
737,46,422,341,401,422,341,401,422,341,401,-81,-21,81,21,FALSE,FALSE
737,47,379,294,361,379,294,361,379,294,361,-85,-18,85,18,FALSE,FALSE
737,48,350,285,322,350,285,322,350,285,322,-65,-28,65,28,FALSE,FALSE
737,49,316,253,292,316,253,292,316,253,292,-63,-24,63,24,FALSE,FALSE
737,50,283,238,262,283,238,262,283,238,262,-45,-21,45,21,FALSE,FALSE
737,51,264,217,247,264,217,247,264,217,247,-47,-17,47,17,FALSE,FALSE
737,52,238,194,220,238,194,220,238,194,220,-44,-18,44,18,FALSE,FALSE
737,53,215,181,203,215,181,203,215,181,203,-34,-12,34,12,FALSE,FALSE
737,54,194,170,182,194,170,182,194,170,182,-24,-12,24,12,FALSE,FALSE
737,55,175,153,160,175,153,160,175,153,160,-22,-15,22,15,FALSE,FALSE
737,56,153,142,147,153,142,147,153,142,147,-11,-6,11,6,FALSE,FALSE
737,57,137,128,140,137,128,140,137,128,140,-9,3,9,3,FALSE,FALSE
737,58,124,116,130,124,116,130,124,116,130,-8,6,8,6,FALSE,FALSE
737,59,116,102,124,116,102,124,116,102,124,-14,8,14,8,FALSE,FALSE
737,60,101,94,110,101,94,110,101,94,110,-7,9,7,9,FALSE,FALSE
738,0,84,84,84,84,84,84,84,84,84,0,0,0,0,TRUE,TRUE
738,1,113,116,116,113,116,116,113,116,116,3,3,3,3,FALSE,FALSE
738,2,151,157,155,151,157,155,151,157,155,6,4,6,4,FALSE,FALSE
738,3,202,207,201,202,207,201,202,207,201,5,-1,5,1,FALSE,FALSE
738,4,279,270,282,279,270,282,279,270,282,-9,3,9,3,FALSE,FALSE
738,5,364,342,398,364,342,398,364,342,398,-22,34,22,34,FALSE,FALSE
738,6,480,460,525,480,460,525,480,460,525,-20,45,20,45,FALSE,FALSE
738,7,650,596,720,650,596,720,650,596,720,-54,70,54,70,FALSE,FALSE
738,8,862,758,953,862,758,953,862,758,953,-104,91,104,91,FALSE,FALSE
738,9,1119,980,1198,1119,980,1198,1119,980,1198,-139,79,139,79,FALSE,FALSE
738,10,1410,1216,1510,1410,1216,1510,1410,1216,1510,-194,100,194,100,FALSE,FALSE
738,11,1765,1500,1860,1765,1500,1860,1765,1500,1860,-265,95,265,95,FALSE,FALSE
738,12,2140,1840,2202,2140,1840,2202,2140,1840,2202,-300,62,300,62,FALSE,FALSE
738,13,2495,2147,2541,2495,2147,2541,2495,2147,2541,-348,46,348,46,FALSE,FALSE
738,14,2874,2483,2904,2874,2483,2904,2874,2483,2904,-391,30,391,30,FALSE,FALSE
738,15,3178,2822,3210,3178,2822,3210,3178,2822,3210,-356,32,356,32,FALSE,FALSE
738,16,3418,3092,3492,3418,3092,3492,3418,3092,3492,-326,74,326,74,FALSE,FALSE
738,17,3567,3350,3647,3567,3350,3647,3567,3350,3647,-217,80,217,80,FALSE,FALSE
738,18,3601,3471,3686,3601,3471,3686,3601,3471,3686,-130,85,130,85,FALSE,FALSE
738,19,3586,3567,3710,3586,3567,3710,3586,3567,3710,-19,124,19,124,FALSE,FALSE
738,20,3565,3524,3630,3565,3524,3630,3565,3524,3630,-41,65,41,65,FALSE,FALSE
738,21,3493,3510,3472,3493,3510,3472,3493,3510,3472,17,-21,17,21,FALSE,FALSE
738,22,3307,3468,3303,3307,3468,3303,3307,3468,3303,161,-4,161,4,FALSE,FALSE
738,23,3174,3294,3127,3174,3294,3127,3174,3294,3127,120,-47,120,47,FALSE,FALSE
738,24,2978,3133,2926,2978,3133,2926,2978,3133,2926,155,-52,155,52,FALSE,FALSE
738,25,2795,2955,2750,2795,2955,2750,2795,2955,2750,160,-45,160,45,FALSE,FALSE
738,26,2598,2790,2554,2598,2790,2554,2598,2790,2554,192,-44,192,44,FALSE,FALSE
738,27,2392,2596,2380,2392,2596,2380,2392,2596,2380,204,-12,204,12,FALSE,FALSE
738,28,2194,2424,2176,2194,2424,2176,2194,2424,2176,230,-18,230,18,FALSE,FALSE
738,29,2004,2241,2014,2004,2241,2014,2004,2241,2014,237,10,237,10,FALSE,FALSE
738,30,1857,2084,1847,1857,2084,1847,1857,2084,1847,227,-10,227,10,FALSE,FALSE
738,31,1711,1930,1686,1711,1930,1686,1711,1930,1686,219,-25,219,25,FALSE,FALSE
738,32,1548,1749,1543,1548,1749,1543,1548,1749,1543,201,-5,201,5,FALSE,FALSE
738,33,1413,1605,1397,1413,1605,1397,1413,1605,1397,192,-16,192,16,FALSE,FALSE
738,34,1295,1491,1287,1295,1491,1287,1295,1491,1287,196,-8,196,8,FALSE,FALSE
738,35,1194,1378,1164,1194,1378,1164,1194,1378,1164,184,-30,184,30,FALSE,FALSE
738,36,1102,1253,1052,1102,1253,1052,1102,1253,1052,151,-50,151,50,FALSE,FALSE
738,37,1006,1148,980,1006,1148,980,1006,1148,980,142,-26,142,26,FALSE,FALSE
738,38,925,1038,897,925,1038,897,925,1038,897,113,-28,113,28,FALSE,FALSE
738,39,843,948,825,843,948,825,843,948,825,105,-18,105,18,FALSE,FALSE
738,40,764,873,759,764,873,759,764,873,759,109,-5,109,5,FALSE,FALSE
738,41,683,777,715,683,777,715,683,777,715,94,32,94,32,FALSE,FALSE
738,42,619,707,648,619,707,648,619,707,648,88,29,88,29,FALSE,FALSE
738,43,564,636,582,564,636,582,564,636,582,72,18,72,18,FALSE,FALSE
738,44,512,583,519,512,583,519,512,583,519,71,7,71,7,FALSE,FALSE
738,45,450,536,474,450,536,474,450,536,474,86,24,86,24,FALSE,FALSE
738,46,419,488,432,419,488,432,419,488,432,69,13,69,13,FALSE,FALSE
738,47,376,454,389,376,454,389,376,454,389,78,13,78,13,FALSE,FALSE
738,48,329,411,354,329,411,354,329,411,354,82,25,82,25,FALSE,FALSE
738,49,300,387,322,300,387,322,300,387,322,87,22,87,22,FALSE,FALSE
738,50,260,352,296,260,352,296,260,352,296,92,36,92,36,FALSE,FALSE
738,51,234,310,265,234,310,265,234,310,265,76,31,76,31,FALSE,FALSE
738,52,219,287,239,219,287,239,219,287,239,68,20,68,20,FALSE,FALSE
738,53,196,269,218,196,269,218,196,269,218,73,22,73,22,FALSE,FALSE
738,54,180,239,198,180,239,198,180,239,198,59,18,59,18,FALSE,FALSE
738,55,156,215,172,156,215,172,156,215,172,59,16,59,16,FALSE,FALSE
738,56,142,195,149,142,195,149,142,195,149,53,7,53,7,FALSE,FALSE
738,57,134,180,137,134,180,137,134,180,137,46,3,46,3,FALSE,FALSE
738,58,123,155,129,123,155,129,123,155,129,32,6,32,6,FALSE,FALSE
738,59,112,142,119,112,142,119,112,142,119,30,7,30,7,FALSE,FALSE
738,60,105,136,111,105,136,111,105,136,111,31,6,31,6,FALSE,FALSE
739,0,65,65,65,65,65,65,65,65,65,0,0,0,0,TRUE,TRUE
739,1,102,94,75,102,94,75,102,94,75,-8,-27,8,27,FALSE,FALSE
739,2,162,161,113,162,161,113,162,161,113,-1,-49,1,49,FALSE,FALSE
739,3,240,233,159,240,233,159,240,233,159,-7,-81,7,81,FALSE,FALSE
739,4,349,339,233,349,339,233,349,339,233,-10,-116,10,116,FALSE,FALSE
739,5,532,490,359,532,490,359,532,490,359,-42,-173,42,173,FALSE,FALSE
739,6,724,678,537,724,678,537,724,678,537,-46,-187,46,187,FALSE,FALSE
739,7,994,919,735,994,919,735,994,919,735,-75,-259,75,259,FALSE,FALSE
739,8,1324,1226,977,1324,1226,977,1324,1226,977,-98,-347,98,347,FALSE,FALSE
739,9,1610,1554,1231,1610,1554,1231,1610,1554,1231,-56,-379,56,379,FALSE,FALSE
739,10,1845,1848,1509,1845,1848,1509,1845,1848,1509,3,-336,3,336,FALSE,FALSE
739,11,1973,2050,1757,1973,2050,1757,1973,2050,1757,77,-216,77,216,FALSE,FALSE
739,12,2040,2190,1932,2040,2190,1932,2040,2190,1932,150,-108,150,108,FALSE,FALSE
739,13,2049,2200,2038,2049,2200,2038,2049,2200,2038,151,-11,151,11,FALSE,FALSE
739,14,2042,2145,2039,2042,2145,2039,2042,2145,2039,103,-3,103,3,FALSE,FALSE
739,15,1926,2009,1982,1926,2009,1982,1926,2009,1982,83,56,83,56,FALSE,FALSE
739,16,1807,1862,1895,1807,1862,1895,1807,1862,1895,55,88,55,88,FALSE,FALSE
739,17,1639,1700,1731,1639,1700,1731,1639,1700,1731,61,92,61,92,FALSE,FALSE
739,18,1484,1520,1563,1484,1520,1563,1484,1520,1563,36,79,36,79,FALSE,FALSE
739,19,1349,1366,1397,1349,1366,1397,1349,1366,1397,17,48,17,48,FALSE,FALSE
739,20,1202,1206,1265,1202,1206,1265,1202,1206,1265,4,63,4,63,FALSE,FALSE
739,21,1036,1059,1119,1036,1059,1119,1036,1059,1119,23,83,23,83,FALSE,FALSE
739,22,909,921,1008,909,921,1008,909,921,1008,12,99,12,99,FALSE,FALSE
739,23,807,780,880,807,780,880,807,780,880,-27,73,27,73,FALSE,FALSE
739,24,697,674,763,697,674,763,697,674,763,-23,66,23,66,FALSE,FALSE
739,25,600,596,674,600,596,674,600,596,674,-4,74,4,74,FALSE,FALSE
739,26,540,514,604,540,514,604,540,514,604,-26,64,26,64,FALSE,FALSE
739,27,461,420,513,461,420,513,461,420,513,-41,52,41,52,FALSE,FALSE
739,28,408,375,445,408,375,445,408,375,445,-33,37,33,37,FALSE,FALSE
739,29,345,324,394,345,324,394,345,324,394,-21,49,21,49,FALSE,FALSE
739,30,295,278,344,295,278,344,295,278,344,-17,49,17,49,FALSE,FALSE
739,31,247,240,304,247,240,304,247,240,304,-7,57,7,57,FALSE,FALSE
739,32,219,202,245,219,202,245,219,202,245,-17,26,17,26,FALSE,FALSE
739,33,203,176,209,203,176,209,203,176,209,-27,6,27,6,FALSE,FALSE
739,34,168,146,184,168,146,184,168,146,184,-22,16,22,16,FALSE,FALSE
739,35,138,132,145,138,132,145,138,132,145,-6,7,6,7,FALSE,FALSE
739,36,116,111,124,116,111,124,116,111,124,-5,8,5,8,FALSE,FALSE
739,37,104,96,103,104,96,103,104,96,103,-8,-1,8,1,FALSE,FALSE
739,38,85,81,74,85,81,74,85,81,74,-4,-11,4,11,FALSE,FALSE
739,39,73,74,63,73,74,63,73,74,63,1,-10,1,10,FALSE,FALSE
739,40,58,63,53,58,63,53,58,63,53,5,-5,5,5,FALSE,FALSE
739,41,49,55,48,49,55,48,49,55,48,6,-1,6,1,FALSE,FALSE
739,42,36,45,43,36,45,43,36,45,43,9,7,9,7,FALSE,FALSE
739,43,33,36,35,33,36,35,33,36,35,3,2,3,2,FALSE,FALSE
739,44,27,33,33,27,33,33,27,33,33,6,6,6,6,FALSE,FALSE
739,45,21,30,31,21,30,31,21,30,31,9,10,9,10,FALSE,FALSE
739,46,17,24,27,17,24,27,17,24,27,7,10,7,10,FALSE,FALSE
739,47,15,23,23,15,23,23,15,23,23,8,8,8,8,FALSE,FALSE
739,48,13,19,19,13,19,19,13,19,19,6,6,6,6,FALSE,FALSE
739,49,12,17,18,12,17,18,12,17,18,5,6,5,6,FALSE,FALSE
739,50,10,15,13,10,15,13,10,15,13,5,3,5,3,FALSE,FALSE
739,51,9,14,13,9,14,13,9,14,13,5,4,5,4,FALSE,FALSE
739,52,7,12,12,7,12,12,7,12,12,5,5,5,5,FALSE,FALSE
739,53,5,10,10,5,10,10,5,10,10,5,5,5,5,FALSE,FALSE
739,54,4,9,9,4,9,9,4,9,9,5,5,5,5,FALSE,FALSE
739,55,4,9,7,4,9,7,4,9,7,5,3,5,3,FALSE,FALSE
739,56,4,8,7,4,8,7,4,8,7,4,3,4,3,FALSE,FALSE
739,57,4,7,5,4,7,5,4,7,5,3,1,3,1,FALSE,FALSE
739,58,4,4,3,4,4,3,4,4,3,0,-1,0,1,TRUE,FALSE
739,59,4,2,3,4,2,3,4,2,3,-2,-1,2,1,FALSE,FALSE
739,60,2,1,3,2,1,3,2,1,3,-1,1,1,1,FALSE,FALSE
740,0,67,67,67,67,67,67,67,67,67,0,0,0,0,TRUE,TRUE
740,1,102,106,113,102,106,113,102,106,113,4,11,4,11,FALSE,FALSE
740,2,145,152,170,145,152,170,145,152,170,7,25,7,25,FALSE,FALSE
740,3,216,221,268,216,221,268,216,221,268,5,52,5,52,FALSE,FALSE
740,4,313,315,382,313,315,382,313,315,382,2,69,2,69,FALSE,FALSE
740,5,454,454,576,454,454,576,454,454,576,0,122,0,122,TRUE,FALSE
740,6,627,639,793,627,639,793,627,639,793,12,166,12,166,FALSE,FALSE
740,7,852,886,1084,852,886,1084,852,886,1084,34,232,34,232,FALSE,FALSE
740,8,1127,1148,1426,1127,1148,1426,1127,1148,1426,21,299,21,299,FALSE,FALSE
740,9,1374,1412,1663,1374,1412,1663,1374,1412,1663,38,289,38,289,FALSE,FALSE
740,10,1545,1609,1818,1545,1609,1818,1545,1609,1818,64,273,64,273,FALSE,FALSE
740,11,1633,1726,1807,1633,1726,1807,1633,1726,1807,93,174,93,174,FALSE,FALSE
740,12,1603,1694,1741,1603,1694,1741,1603,1694,1741,91,138,91,138,FALSE,FALSE
740,13,1503,1586,1565,1503,1586,1565,1503,1586,1565,83,62,83,62,FALSE,FALSE
740,14,1366,1458,1346,1366,1458,1346,1366,1458,1346,92,-20,92,20,FALSE,FALSE
740,15,1256,1277,1102,1256,1277,1102,1256,1277,1102,21,-154,21,154,FALSE,FALSE
740,16,1081,1116,932,1081,1116,932,1081,1116,932,35,-149,35,149,FALSE,FALSE
740,17,929,964,792,929,964,792,929,964,792,35,-137,35,137,FALSE,FALSE
740,18,785,795,636,785,795,636,785,795,636,10,-149,10,149,FALSE,FALSE
740,19,647,647,519,647,647,519,647,647,519,0,-128,0,128,TRUE,FALSE
740,20,536,547,410,536,547,410,536,547,410,11,-126,11,126,FALSE,FALSE
740,21,428,441,339,428,441,339,428,441,339,13,-89,13,89,FALSE,FALSE
740,22,348,356,265,348,356,265,348,356,265,8,-83,8,83,FALSE,FALSE
740,23,287,307,204,287,307,204,287,307,204,20,-83,20,83,FALSE,FALSE
740,24,235,242,161,235,242,161,235,242,161,7,-74,7,74,FALSE,FALSE
740,25,185,193,132,185,193,132,185,193,132,8,-53,8,53,FALSE,FALSE
740,26,152,162,111,152,162,111,152,162,111,10,-41,10,41,FALSE,FALSE
740,27,132,131,92,132,131,92,132,131,92,-1,-40,1,40,FALSE,FALSE
740,28,105,103,74,105,103,74,105,103,74,-2,-31,2,31,FALSE,FALSE
740,29,84,83,58,84,83,58,84,83,58,-1,-26,1,26,FALSE,FALSE
740,30,73,64,54,73,64,54,73,64,54,-9,-19,9,19,FALSE,FALSE
740,31,61,50,43,61,50,43,61,50,43,-11,-18,11,18,FALSE,FALSE
740,32,49,43,35,49,43,35,49,43,35,-6,-14,6,14,FALSE,FALSE
740,33,34,36,30,34,36,30,34,36,30,2,-4,2,4,FALSE,FALSE
740,34,20,32,24,20,32,24,20,32,24,12,4,12,4,FALSE,FALSE
740,35,10,29,19,10,29,19,10,29,19,19,9,19,9,FALSE,FALSE
740,36,7,21,18,7,21,18,7,21,18,14,11,14,11,FALSE,FALSE
740,37,5,18,15,5,18,15,5,18,15,13,10,13,10,FALSE,FALSE
740,38,4,10,12,4,10,12,4,10,12,6,8,6,8,FALSE,FALSE
740,39,3,9,9,3,9,9,3,9,9,6,6,6,6,FALSE,FALSE
740,40,1,6,8,1,6,8,1,6,8,5,7,5,7,FALSE,FALSE
740,41,1,4,5,1,4,5,1,4,5,3,4,3,4,FALSE,FALSE
740,42,0,3,4,0,3,4,0,3,4,3,4,3,4,FALSE,FALSE
740,43,0,2,2,0,2,2,0,2,2,2,2,2,2,FALSE,FALSE
740,44,0,0,1,0,0,1,0,0,1,0,1,0,1,TRUE,FALSE
740,45,0,0,0,0,0,0,0,0,0,0,0,0,0,TRUE,TRUE
740,46,0,0,0,0,0,0,0,0,0,0,0,0,0,TRUE,TRUE
740,47,0,0,0,0,0,0,0,0,0,0,0,0,0,TRUE,TRUE
740,48,0,0,0,0,0,0,0,0,0,0,0,0,0,TRUE,TRUE
740,49,0,0,0,0,0,0,0,0,0,0,0,0,0,TRUE,TRUE
740,50,0,0,0,0,0,0,0,0,0,0,0,0,0,TRUE,TRUE
740,51,0,0,0,0,0,0,0,0,0,0,0,0,0,TRUE,TRUE
740,52,0,0,0,0,0,0,0,0,0,0,0,0,0,TRUE,TRUE
740,53,0,0,0,0,0,0,0,0,0,0,0,0,0,TRUE,TRUE
740,54,0,0,0,0,0,0,0,0,0,0,0,0,0,TRUE,TRUE
740,55,0,0,0,0,0,0,0,0,0,0,0,0,0,TRUE,TRUE
740,56,0,0,0,0,0,0,0,0,0,0,0,0,0,TRUE,TRUE
740,57,0,0,0,0,0,0,0,0,0,0,0,0,0,TRUE,TRUE
740,58,0,0,0,0,0,0,0,0,0,0,0,0,0,TRUE,TRUE
740,59,0,0,0,0,0,0,0,0,0,0,0,0,0,TRUE,TRUE
740,60,0,0,0,0,0,0,0,0,0,0,0,0,0,TRUE,TRUE
741,0,68,68,68,68,68,68,68,68,68,0,0,0,0,TRUE,TRUE
741,1,92,95,95,92,95,95,92,95,95,3,3,3,3,FALSE,FALSE
741,2,128,136,133,128,136,133,128,136,133,8,5,8,5,FALSE,FALSE
741,3,176,196,197,176,196,197,176,196,197,20,21,20,21,FALSE,FALSE
741,4,262,279,283,262,279,283,262,279,283,17,21,17,21,FALSE,FALSE
741,5,366,409,390,366,409,390,366,409,390,43,24,43,24,FALSE,FALSE
741,6,543,594,569,543,594,569,543,594,569,51,26,51,26,FALSE,FALSE
741,7,744,817,802,744,817,802,744,817,802,73,58,73,58,FALSE,FALSE
741,8,970,1128,1066,970,1128,1066,970,1128,1066,158,96,158,96,FALSE,FALSE
741,9,1271,1520,1395,1271,1520,1395,1271,1520,1395,249,124,249,124,FALSE,FALSE
741,10,1627,1934,1779,1627,1934,1779,1627,1934,1779,307,152,307,152,FALSE,FALSE
741,11,1948,2314,2088,1948,2314,2088,1948,2314,2088,366,140,366,140,FALSE,FALSE
741,12,2262,2612,2440,2262,2612,2440,2262,2612,2440,350,178,350,178,FALSE,FALSE
741,13,2564,2864,2726,2564,2864,2726,2564,2864,2726,300,162,300,162,FALSE,FALSE
741,14,2762,2967,2867,2762,2967,2867,2762,2967,2867,205,105,205,105,FALSE,FALSE
741,15,2866,2990,2897,2866,2990,2897,2866,2990,2897,124,31,124,31,FALSE,FALSE
741,16,2831,2908,2867,2831,2908,2867,2831,2908,2867,77,36,77,36,FALSE,FALSE
741,17,2748,2734,2787,2748,2734,2787,2748,2734,2787,-14,39,14,39,FALSE,FALSE
741,18,2609,2540,2589,2609,2540,2589,2609,2540,2589,-69,-20,69,20,FALSE,FALSE
741,19,2385,2345,2378,2385,2345,2378,2385,2345,2378,-40,-7,40,7,FALSE,FALSE
741,20,2204,2146,2190,2204,2146,2190,2204,2146,2190,-58,-14,58,14,FALSE,FALSE
741,21,2003,1922,1986,2003,1922,1986,2003,1922,1986,-81,-17,81,17,FALSE,FALSE
741,22,1838,1718,1808,1838,1718,1808,1838,1718,1808,-120,-30,120,30,FALSE,FALSE
741,23,1653,1531,1604,1653,1531,1604,1653,1531,1604,-122,-49,122,49,FALSE,FALSE
741,24,1481,1332,1436,1481,1332,1436,1481,1332,1436,-149,-45,149,45,FALSE,FALSE
741,25,1306,1179,1272,1306,1179,1272,1306,1179,1272,-127,-34,127,34,FALSE,FALSE
741,26,1138,1032,1123,1138,1032,1123,1138,1032,1123,-106,-15,106,15,FALSE,FALSE
741,27,1013,894,971,1013,894,971,1013,894,971,-119,-42,119,42,FALSE,FALSE
741,28,896,769,840,896,769,840,896,769,840,-127,-56,127,56,FALSE,FALSE
741,29,778,661,734,778,661,734,778,661,734,-117,-44,117,44,FALSE,FALSE
741,30,688,570,628,688,570,628,688,570,628,-118,-60,118,60,FALSE,FALSE
741,31,592,476,555,592,476,555,592,476,555,-116,-37,116,37,FALSE,FALSE
741,32,512,420,480,512,420,480,512,420,480,-92,-32,92,32,FALSE,FALSE
741,33,449,359,408,449,359,408,449,359,408,-90,-41,90,41,FALSE,FALSE
741,34,380,307,357,380,307,357,380,307,357,-73,-23,73,23,FALSE,FALSE
741,35,323,262,316,323,262,316,323,262,316,-61,-7,61,7,FALSE,FALSE
741,36,269,231,269,269,231,269,269,231,269,-38,0,38,0,FALSE,TRUE
741,37,236,198,234,236,198,234,236,198,234,-38,-2,38,2,FALSE,FALSE
741,38,202,168,201,202,168,201,202,168,201,-34,-1,34,1,FALSE,FALSE
741,39,178,149,171,178,149,171,178,149,171,-29,-7,29,7,FALSE,FALSE
741,40,151,131,151,151,131,151,151,131,151,-20,0,20,0,FALSE,TRUE
741,41,124,111,126,124,111,126,124,111,126,-13,2,13,2,FALSE,FALSE
741,42,109,92,109,109,92,109,109,92,109,-17,0,17,0,FALSE,TRUE
741,43,99,78,92,99,78,92,99,78,92,-21,-7,21,7,FALSE,FALSE
741,44,84,68,83,84,68,83,84,68,83,-16,-1,16,1,FALSE,FALSE
741,45,74,57,74,74,57,74,74,57,74,-17,0,17,0,FALSE,TRUE
741,46,71,51,63,71,51,63,71,51,63,-20,-8,20,8,FALSE,FALSE
741,47,63,41,56,63,41,56,63,41,56,-22,-7,22,7,FALSE,FALSE
741,48,52,37,47,52,37,47,52,37,47,-15,-5,15,5,FALSE,FALSE
741,49,44,29,43,44,29,43,44,29,43,-15,-1,15,1,FALSE,FALSE
741,50,34,23,36,34,23,36,34,23,36,-11,2,11,2,FALSE,FALSE
741,51,30,21,32,30,21,32,30,21,32,-9,2,9,2,FALSE,FALSE
741,52,23,19,26,23,19,26,23,19,26,-4,3,4,3,FALSE,FALSE
741,53,17,18,22,17,18,22,17,18,22,1,5,1,5,FALSE,FALSE
741,54,15,14,17,15,14,17,15,14,17,-1,2,1,2,FALSE,FALSE
741,55,15,13,16,15,13,16,15,13,16,-2,1,2,1,FALSE,FALSE
741,56,14,12,13,14,12,13,14,12,13,-2,-1,2,1,FALSE,FALSE
741,57,13,9,11,13,9,11,13,9,11,-4,-2,4,2,FALSE,FALSE
741,58,13,5,10,13,5,10,13,5,10,-8,-3,8,3,FALSE,FALSE
741,59,11,4,8,11,4,8,11,4,8,-7,-3,7,3,FALSE,FALSE
741,60,11,3,8,11,3,8,11,3,8,-8,-3,8,3,FALSE,FALSE
742,0,84,84,84,84,84,84,84,84,84,0,0,0,0,TRUE,TRUE
742,1,97,94,91,97,94,91,97,94,91,-3,-6,3,6,FALSE,FALSE
742,2,121,101,107,121,101,107,121,101,107,-20,-14,20,14,FALSE,FALSE
742,3,156,108,111,156,108,111,156,108,111,-48,-45,48,45,FALSE,FALSE
742,4,157,122,129,157,122,129,157,122,129,-35,-28,35,28,FALSE,FALSE
742,5,177,120,143,177,120,143,177,120,143,-57,-34,57,34,FALSE,FALSE
742,6,181,133,175,181,133,175,181,133,175,-48,-6,48,6,FALSE,FALSE
742,7,192,140,200,192,140,200,192,140,200,-52,8,52,8,FALSE,FALSE
742,8,201,150,225,201,150,225,201,150,225,-51,24,51,24,FALSE,FALSE
742,9,209,147,238,209,147,238,209,147,238,-62,29,62,29,FALSE,FALSE
742,10,226,156,242,226,156,242,226,156,242,-70,16,70,16,FALSE,FALSE
742,11,244,165,260,244,165,260,244,165,260,-79,16,79,16,FALSE,FALSE
742,12,274,159,291,274,159,291,274,159,291,-115,17,115,17,FALSE,FALSE
742,13,295,171,307,295,171,307,295,171,307,-124,12,124,12,FALSE,FALSE
742,14,309,183,337,309,183,337,309,183,337,-126,28,126,28,FALSE,FALSE
742,15,325,189,348,325,189,348,325,189,348,-136,23,136,23,FALSE,FALSE
742,16,329,185,376,329,185,376,329,185,376,-144,47,144,47,FALSE,FALSE
742,17,330,195,391,330,195,391,330,195,391,-135,61,135,61,FALSE,FALSE
742,18,340,205,438,340,205,438,340,205,438,-135,98,135,98,FALSE,FALSE
742,19,350,210,464,350,210,464,350,210,464,-140,114,140,114,FALSE,FALSE
742,20,365,221,469,365,221,469,365,221,469,-144,104,144,104,FALSE,FALSE
742,21,379,232,490,379,232,490,379,232,490,-147,111,147,111,FALSE,FALSE
742,22,395,238,513,395,238,513,395,238,513,-157,118,157,118,FALSE,FALSE
742,23,399,248,531,399,248,531,399,248,531,-151,132,151,132,FALSE,FALSE
742,24,427,241,533,427,241,533,427,241,533,-186,106,186,106,FALSE,FALSE
742,25,439,259,545,439,259,545,439,259,545,-180,106,180,106,FALSE,FALSE
742,26,453,259,549,453,259,549,453,259,549,-194,96,194,96,FALSE,FALSE
742,27,466,273,536,466,273,536,466,273,536,-193,70,193,70,FALSE,FALSE
742,28,445,277,535,445,277,535,445,277,535,-168,90,168,90,FALSE,FALSE
742,29,448,298,509,448,298,509,448,298,509,-150,61,150,61,FALSE,FALSE
742,30,461,297,515,461,297,515,461,297,515,-164,54,164,54,FALSE,FALSE
742,31,483,311,474,483,311,474,483,311,474,-172,-9,172,9,FALSE,FALSE
742,32,494,314,468,494,314,468,494,314,468,-180,-26,180,26,FALSE,FALSE
742,33,487,312,477,487,312,477,487,312,477,-175,-10,175,10,FALSE,FALSE
742,34,469,303,481,469,303,481,469,303,481,-166,12,166,12,FALSE,FALSE
742,35,445,312,468,445,312,468,445,312,468,-133,23,133,23,FALSE,FALSE
742,36,416,325,451,416,325,451,416,325,451,-91,35,91,35,FALSE,FALSE
742,37,398,328,445,398,328,445,398,328,445,-70,47,70,47,FALSE,FALSE
742,38,381,333,412,381,333,412,381,333,412,-48,31,48,31,FALSE,FALSE
742,39,398,346,411,398,346,411,398,346,411,-52,13,52,13,FALSE,FALSE
742,40,394,343,389,394,343,389,394,343,389,-51,-5,51,5,FALSE,FALSE
742,41,374,338,398,374,338,398,374,338,398,-36,24,36,24,FALSE,FALSE
742,42,371,357,376,371,357,376,371,357,376,-14,5,14,5,FALSE,FALSE
742,43,372,359,361,372,359,361,372,359,361,-13,-11,13,11,FALSE,FALSE
742,44,354,364,340,354,364,340,354,364,340,10,-14,10,14,FALSE,FALSE
742,45,318,382,322,318,382,322,318,382,322,64,4,64,4,FALSE,FALSE
742,46,298,399,303,298,399,303,298,399,303,101,5,101,5,FALSE,FALSE
742,47,269,407,289,269,407,289,269,407,289,138,20,138,20,FALSE,FALSE
742,48,243,381,286,243,381,286,243,381,286,138,43,138,43,FALSE,FALSE
742,49,229,396,280,229,396,280,229,396,280,167,51,167,51,FALSE,FALSE
742,50,207,383,270,207,383,270,207,383,270,176,63,176,63,FALSE,FALSE
742,51,194,365,255,194,365,255,194,365,255,171,61,171,61,FALSE,FALSE
742,52,173,369,230,173,369,230,173,369,230,196,57,196,57,FALSE,FALSE
742,53,163,366,209,163,366,209,163,366,209,203,46,203,46,FALSE,FALSE
742,54,160,372,190,160,372,190,160,372,190,212,30,212,30,FALSE,FALSE
742,55,155,376,174,155,376,174,155,376,174,221,19,221,19,FALSE,FALSE
742,56,153,381,159,153,381,159,153,381,159,228,6,228,6,FALSE,FALSE
742,57,141,370,150,141,370,150,141,370,150,229,9,229,9,FALSE,FALSE
742,58,140,359,145,140,359,145,140,359,145,219,5,219,5,FALSE,FALSE
742,59,131,347,131,131,347,131,131,347,131,216,0,216,0,FALSE,TRUE
742,60,125,344,120,125,344,120,125,344,120,219,-5,219,5,FALSE,FALSE
743,0,124,124,124,124,124,124,124,124,124,0,0,0,0,TRUE,TRUE
743,1,219,197,206,219,197,206,219,197,206,-22,-13,22,13,FALSE,FALSE
743,2,357,295,326,357,295,326,357,295,326,-62,-31,62,31,FALSE,FALSE
743,3,583,431,540,583,431,540,583,431,540,-152,-43,152,43,FALSE,FALSE
743,4,914,665,814,914,665,814,914,665,814,-249,-100,249,100,FALSE,FALSE
743,5,1322,933,1262,1322,933,1262,1322,933,1262,-389,-60,389,60,FALSE,FALSE
743,6,1916,1248,1784,1916,1248,1784,1916,1248,1784,-668,-132,668,132,FALSE,FALSE
743,7,2611,1646,2397,2611,1646,2397,2611,1646,2397,-965,-214,965,214,FALSE,FALSE
743,8,3177,2079,3100,3177,2079,3100,3177,2079,3100,-1098,-77,1098,77,FALSE,FALSE
743,9,3661,2557,3620,3661,2557,3620,3661,2557,3620,-1104,-41,1104,41,FALSE,FALSE
743,10,3918,3010,3899,3918,3010,3899,3918,3010,3899,-908,-19,908,19,FALSE,FALSE
743,11,3882,3276,3922,3882,3276,3922,3882,3276,3922,-606,40,606,40,FALSE,FALSE
743,12,3625,3453,3738,3625,3453,3738,3625,3453,3738,-172,113,172,113,FALSE,FALSE
743,13,3353,3440,3415,3353,3440,3415,3353,3440,3415,87,62,87,62,FALSE,FALSE
743,14,2931,3239,2981,2931,3239,2981,2931,3239,2981,308,50,308,50,FALSE,FALSE
743,15,2550,2976,2604,2550,2976,2604,2550,2976,2604,426,54,426,54,FALSE,FALSE
743,16,2149,2714,2214,2149,2714,2214,2149,2714,2214,565,65,565,65,FALSE,FALSE
743,17,1837,2444,1859,1837,2444,1859,1837,2444,1859,607,22,607,22,FALSE,FALSE
743,18,1531,2131,1612,1531,2131,1612,1531,2131,1612,600,81,600,81,FALSE,FALSE
743,19,1270,1822,1321,1270,1822,1321,1270,1822,1321,552,51,552,51,FALSE,FALSE
743,20,1062,1522,1092,1062,1522,1092,1062,1522,1092,460,30,460,30,FALSE,FALSE
743,21,861,1290,894,861,1290,894,861,1290,894,429,33,429,33,FALSE,FALSE
743,22,708,1104,731,708,1104,731,708,1104,731,396,23,396,23,FALSE,FALSE
743,23,572,942,610,572,942,610,572,942,610,370,38,370,38,FALSE,FALSE
743,24,481,776,496,481,776,496,481,776,496,295,15,295,15,FALSE,FALSE
743,25,397,628,419,397,628,419,397,628,419,231,22,231,22,FALSE,FALSE
743,26,329,521,353,329,521,353,329,521,353,192,24,192,24,FALSE,FALSE
743,27,275,445,278,275,445,278,275,445,278,170,3,170,3,FALSE,FALSE
743,28,224,373,230,224,373,230,224,373,230,149,6,149,6,FALSE,FALSE
743,29,186,304,195,186,304,195,186,304,195,118,9,118,9,FALSE,FALSE
743,30,145,256,159,145,256,159,145,256,159,111,14,111,14,FALSE,FALSE
743,31,117,212,131,117,212,131,117,212,131,95,14,95,14,FALSE,FALSE
743,32,88,181,107,88,181,107,88,181,107,93,19,93,19,FALSE,FALSE
743,33,70,145,85,70,145,85,70,145,85,75,15,75,15,FALSE,FALSE
743,34,56,131,71,56,131,71,56,131,71,75,15,75,15,FALSE,FALSE
743,35,47,111,56,47,111,56,47,111,56,64,9,64,9,FALSE,FALSE
743,36,40,91,49,40,91,49,40,91,49,51,9,51,9,FALSE,FALSE
743,37,33,82,42,33,82,42,33,82,42,49,9,49,9,FALSE,FALSE
743,38,26,68,31,26,68,31,26,68,31,42,5,42,5,FALSE,FALSE
743,39,26,56,19,26,56,19,26,56,19,30,-7,30,7,FALSE,FALSE
743,40,23,49,17,23,49,17,23,49,17,26,-6,26,6,FALSE,FALSE
743,41,21,37,15,21,37,15,21,37,15,16,-6,16,6,FALSE,FALSE
743,42,17,31,13,17,31,13,17,31,13,14,-4,14,4,FALSE,FALSE
743,43,15,26,9,15,26,9,15,26,9,11,-6,11,6,FALSE,FALSE
743,44,13,21,8,13,21,8,13,21,8,8,-5,8,5,FALSE,FALSE
743,45,11,20,6,11,20,6,11,20,6,9,-5,9,5,FALSE,FALSE
743,46,11,18,6,11,18,6,11,18,6,7,-5,7,5,FALSE,FALSE
743,47,8,14,6,8,14,6,8,14,6,6,-2,6,2,FALSE,FALSE
743,48,4,14,6,4,14,6,4,14,6,10,2,10,2,FALSE,FALSE
743,49,3,12,6,3,12,6,3,12,6,9,3,9,3,FALSE,FALSE
743,50,3,11,3,3,11,3,3,11,3,8,0,8,0,FALSE,TRUE
743,51,2,11,3,2,11,3,2,11,3,9,1,9,1,FALSE,FALSE
743,52,1,11,2,1,11,2,1,11,2,10,1,10,1,FALSE,FALSE
743,53,1,11,2,1,11,2,1,11,2,10,1,10,1,FALSE,FALSE
743,54,1,8,2,1,8,2,1,8,2,7,1,7,1,FALSE,FALSE
743,55,1,8,2,1,8,2,1,8,2,7,1,7,1,FALSE,FALSE
743,56,1,8,1,1,8,1,1,8,1,7,0,7,0,FALSE,TRUE
743,57,1,6,1,1,6,1,1,6,1,5,0,5,0,FALSE,TRUE
743,58,1,2,1,1,2,1,1,2,1,1,0,1,0,FALSE,TRUE
743,59,1,2,0,1,2,0,1,2,0,1,-1,1,1,FALSE,FALSE
743,60,1,1,0,1,1,0,1,1,0,0,-1,0,1,TRUE,FALSE
744,0,108,108,108,108,108,108,108,108,108,0,0,0,0,TRUE,TRUE
744,1,148,161,142,148,161,142,148,161,142,13,-6,13,6,FALSE,FALSE
744,2,200,198,187,200,198,187,200,198,187,-2,-13,2,13,FALSE,FALSE
744,3,267,279,265,267,279,265,267,279,265,12,-2,12,2,FALSE,FALSE
744,4,366,363,336,366,363,336,366,363,336,-3,-30,3,30,FALSE,FALSE
744,5,497,476,440,497,476,440,497,476,440,-21,-57,21,57,FALSE,FALSE
744,6,658,658,615,658,658,615,658,658,615,0,-43,0,43,TRUE,FALSE
744,7,883,853,835,883,853,835,883,853,835,-30,-48,30,48,FALSE,FALSE
744,8,1139,1121,1107,1139,1121,1107,1139,1121,1107,-18,-32,18,32,FALSE,FALSE
744,9,1426,1375,1432,1426,1375,1432,1426,1375,1432,-51,6,51,6,FALSE,FALSE
744,10,1717,1693,1759,1717,1693,1759,1717,1693,1759,-24,42,24,42,FALSE,FALSE
744,11,2090,2028,2137,2090,2028,2137,2090,2028,2137,-62,47,62,47,FALSE,FALSE
744,12,2414,2395,2525,2414,2395,2525,2414,2395,2525,-19,111,19,111,FALSE,FALSE
744,13,2711,2741,2799,2711,2741,2799,2711,2741,2799,30,88,30,88,FALSE,FALSE
744,14,2974,3008,3033,2974,3008,3033,2974,3008,3033,34,59,34,59,FALSE,FALSE
744,15,3141,3238,3202,3141,3238,3202,3141,3238,3202,97,61,97,61,FALSE,FALSE
744,16,3225,3314,3315,3225,3314,3315,3225,3314,3315,89,90,89,90,FALSE,FALSE
744,17,3219,3266,3249,3219,3266,3249,3219,3266,3249,47,30,47,30,FALSE,FALSE
744,18,3144,3183,3171,3144,3183,3171,3144,3183,3171,39,27,39,27,FALSE,FALSE
744,19,3011,3062,3043,3011,3062,3043,3011,3062,3043,51,32,51,32,FALSE,FALSE
744,20,2840,2914,2864,2840,2914,2864,2840,2914,2864,74,24,74,24,FALSE,FALSE
744,21,2630,2726,2662,2630,2726,2662,2630,2726,2662,96,32,96,32,FALSE,FALSE
744,22,2436,2546,2447,2436,2546,2447,2436,2546,2447,110,11,110,11,FALSE,FALSE
744,23,2267,2324,2261,2267,2324,2261,2267,2324,2261,57,-6,57,6,FALSE,FALSE
744,24,2073,2120,2050,2073,2120,2050,2073,2120,2050,47,-23,47,23,FALSE,FALSE
744,25,1862,1920,1852,1862,1920,1852,1862,1920,1852,58,-10,58,10,FALSE,FALSE
744,26,1674,1736,1634,1674,1736,1634,1674,1736,1634,62,-40,62,40,FALSE,FALSE
744,27,1503,1550,1467,1503,1550,1467,1503,1550,1467,47,-36,47,36,FALSE,FALSE
744,28,1310,1383,1305,1310,1383,1305,1310,1383,1305,73,-5,73,5,FALSE,FALSE
744,29,1172,1233,1200,1172,1233,1200,1172,1233,1200,61,28,61,28,FALSE,FALSE
744,30,1033,1101,1066,1033,1101,1066,1033,1101,1066,68,33,68,33,FALSE,FALSE
744,31,915,987,923,915,987,923,915,987,923,72,8,72,8,FALSE,FALSE
744,32,809,861,818,809,861,818,809,861,818,52,9,52,9,FALSE,FALSE
744,33,718,771,730,718,771,730,718,771,730,53,12,53,12,FALSE,FALSE
744,34,641,692,652,641,692,652,641,692,652,51,11,51,11,FALSE,FALSE
744,35,569,603,565,569,603,565,569,603,565,34,-4,34,4,FALSE,FALSE
744,36,502,539,515,502,539,515,502,539,515,37,13,37,13,FALSE,FALSE
744,37,453,469,465,453,469,465,453,469,465,16,12,16,12,FALSE,FALSE
744,38,396,410,412,396,410,412,396,410,412,14,16,14,16,FALSE,FALSE
744,39,350,352,361,350,352,361,350,352,361,2,11,2,11,FALSE,FALSE
744,40,304,310,311,304,310,311,304,310,311,6,7,6,7,FALSE,FALSE
744,41,272,267,272,272,267,272,272,267,272,-5,0,5,0,FALSE,TRUE
744,42,247,231,242,247,231,242,247,231,242,-16,-5,16,5,FALSE,FALSE
744,43,210,211,208,210,211,208,210,211,208,1,-2,1,2,FALSE,FALSE
744,44,182,179,182,182,179,182,182,179,182,-3,0,3,0,FALSE,TRUE
744,45,163,149,149,163,149,149,163,149,149,-14,-14,14,14,FALSE,FALSE
744,46,143,131,137,143,131,137,143,131,137,-12,-6,12,6,FALSE,FALSE
744,47,119,122,120,119,122,120,119,122,120,3,1,3,1,FALSE,FALSE
744,48,111,108,103,111,108,103,111,108,103,-3,-8,3,8,FALSE,FALSE
744,49,98,93,83,98,93,83,98,93,83,-5,-15,5,15,FALSE,FALSE
744,50,90,83,76,90,83,76,90,83,76,-7,-14,7,14,FALSE,FALSE
744,51,85,72,65,85,72,65,85,72,65,-13,-20,13,20,FALSE,FALSE
744,52,71,63,50,71,63,50,71,63,50,-8,-21,8,21,FALSE,FALSE
744,53,63,56,47,63,56,47,63,56,47,-7,-16,7,16,FALSE,FALSE
744,54,55,44,39,55,44,39,55,44,39,-11,-16,11,16,FALSE,FALSE
744,55,50,40,38,50,40,38,50,40,38,-10,-12,10,12,FALSE,FALSE
744,56,45,39,34,45,39,34,45,39,34,-6,-11,6,11,FALSE,FALSE
744,57,39,36,28,39,36,28,39,36,28,-3,-11,3,11,FALSE,FALSE
744,58,37,25,25,37,25,25,37,25,25,-12,-12,12,12,FALSE,FALSE
744,59,30,24,22,30,24,22,30,24,22,-6,-8,6,8,FALSE,FALSE
744,60,27,21,19,27,21,19,27,21,19,-6,-8,6,8,FALSE,FALSE
745,0,127,127,127,127,127,127,127,127,127,0,0,0,0,TRUE,TRUE
745,1,149,167,163,149,167,163,149,167,163,18,14,18,14,FALSE,FALSE
745,2,172,214,198,172,214,198,172,214,198,42,26,42,26,FALSE,FALSE
745,3,195,268,240,195,268,240,195,268,240,73,45,73,45,FALSE,FALSE
745,4,235,332,278,235,332,278,235,332,278,97,43,97,43,FALSE,FALSE
745,5,304,402,368,304,402,368,304,402,368,98,64,98,64,FALSE,FALSE
745,6,344,516,456,344,516,456,344,516,456,172,112,172,112,FALSE,FALSE
745,7,435,650,558,435,650,558,435,650,558,215,123,215,123,FALSE,FALSE
745,8,523,780,686,523,780,686,523,780,686,257,163,257,163,FALSE,FALSE
745,9,593,937,836,593,937,836,593,937,836,344,243,344,243,FALSE,FALSE
745,10,716,1130,982,716,1130,982,716,1130,982,414,266,414,266,FALSE,FALSE
745,11,839,1315,1132,839,1315,1132,839,1315,1132,476,293,476,293,FALSE,FALSE
745,12,945,1430,1281,945,1430,1281,945,1430,1281,485,336,485,336,FALSE,FALSE
745,13,1087,1536,1395,1087,1536,1395,1087,1536,1395,449,308,449,308,FALSE,FALSE
745,14,1216,1673,1500,1216,1673,1500,1216,1673,1500,457,284,457,284,FALSE,FALSE
745,15,1344,1758,1560,1344,1758,1560,1344,1758,1560,414,216,414,216,FALSE,FALSE
745,16,1405,1823,1610,1405,1823,1610,1405,1823,1610,418,205,418,205,FALSE,FALSE
745,17,1474,1864,1623,1474,1864,1623,1474,1864,1623,390,149,390,149,FALSE,FALSE
745,18,1533,1883,1596,1533,1883,1596,1533,1883,1596,350,63,350,63,FALSE,FALSE
745,19,1552,1889,1558,1552,1889,1558,1552,1889,1558,337,6,337,6,FALSE,FALSE
745,20,1523,1792,1481,1523,1792,1481,1523,1792,1481,269,-42,269,42,FALSE,FALSE
745,21,1481,1702,1430,1481,1702,1430,1481,1702,1430,221,-51,221,51,FALSE,FALSE
745,22,1450,1575,1363,1450,1575,1363,1450,1575,1363,125,-87,125,87,FALSE,FALSE
745,23,1380,1433,1281,1380,1433,1281,1380,1433,1281,53,-99,53,99,FALSE,FALSE
745,24,1304,1280,1185,1304,1280,1185,1304,1280,1185,-24,-119,24,119,FALSE,FALSE
745,25,1223,1156,1080,1223,1156,1080,1223,1156,1080,-67,-143,67,143,FALSE,FALSE
745,26,1117,1016,937,1117,1016,937,1117,1016,937,-101,-180,101,180,FALSE,FALSE
745,27,1016,914,866,1016,914,866,1016,914,866,-102,-150,102,150,FALSE,FALSE
745,28,939,798,796,939,798,796,939,798,796,-141,-143,141,143,FALSE,FALSE
745,29,853,723,751,853,723,751,853,723,751,-130,-102,130,102,FALSE,FALSE
745,30,773,612,659,773,612,659,773,612,659,-161,-114,161,114,FALSE,FALSE
745,31,720,537,599,720,537,599,720,537,599,-183,-121,183,121,FALSE,FALSE
745,32,641,465,525,641,465,525,641,465,525,-176,-116,176,116,FALSE,FALSE
745,33,556,406,475,556,406,475,556,406,475,-150,-81,150,81,FALSE,FALSE
745,34,488,350,424,488,350,424,488,350,424,-138,-64,138,64,FALSE,FALSE
745,35,436,292,385,436,292,385,436,292,385,-144,-51,144,51,FALSE,FALSE
745,36,398,262,335,398,262,335,398,262,335,-136,-63,136,63,FALSE,FALSE
745,37,348,222,285,348,222,285,348,222,285,-126,-63,126,63,FALSE,FALSE
745,38,290,198,257,290,198,257,290,198,257,-92,-33,92,33,FALSE,FALSE
745,39,247,170,224,247,170,224,247,170,224,-77,-23,77,23,FALSE,FALSE
745,40,212,147,201,212,147,201,212,147,201,-65,-11,65,11,FALSE,FALSE
745,41,201,127,181,201,127,181,201,127,181,-74,-20,74,20,FALSE,FALSE
745,42,178,105,143,178,105,143,178,105,143,-73,-35,73,35,FALSE,FALSE
745,43,155,94,122,155,94,122,155,94,122,-61,-33,61,33,FALSE,FALSE
745,44,131,85,109,131,85,109,131,85,109,-46,-22,46,22,FALSE,FALSE
745,45,119,73,101,119,73,101,119,73,101,-46,-18,46,18,FALSE,FALSE
745,46,103,49,93,103,49,93,103,49,93,-54,-10,54,10,FALSE,FALSE
745,47,87,39,74,87,39,74,87,39,74,-48,-13,48,13,FALSE,FALSE
745,48,77,24,69,77,24,69,77,24,69,-53,-8,53,8,FALSE,FALSE
745,49,69,22,64,69,22,64,69,22,64,-47,-5,47,5,FALSE,FALSE
745,50,56,18,51,56,18,51,56,18,51,-38,-5,38,5,FALSE,FALSE
745,51,47,17,41,47,17,41,47,17,41,-30,-6,30,6,FALSE,FALSE
745,52,45,14,31,45,14,31,45,14,31,-31,-14,31,14,FALSE,FALSE
745,53,44,11,26,44,11,26,44,11,26,-33,-18,33,18,FALSE,FALSE
745,54,40,10,18,40,10,18,40,10,18,-30,-22,30,22,FALSE,FALSE
745,55,33,11,14,33,11,14,33,11,14,-22,-19,22,19,FALSE,FALSE
745,56,32,8,12,32,8,12,32,8,12,-24,-20,24,20,FALSE,FALSE
745,57,31,5,10,31,5,10,31,5,10,-26,-21,26,21,FALSE,FALSE
745,58,27,3,7,27,3,7,27,3,7,-24,-20,24,20,FALSE,FALSE
745,59,26,3,6,26,3,6,26,3,6,-23,-20,23,20,FALSE,FALSE
745,60,16,2,5,16,2,5,16,2,5,-14,-11,14,11,FALSE,FALSE
746,0,84,84,84,84,84,84,84,84,84,0,0,0,0,TRUE,TRUE
746,1,116,100,103,116,100,103,116,100,103,-16,-13,16,13,FALSE,FALSE
746,2,135,128,137,135,128,137,135,128,137,-7,2,7,2,FALSE,FALSE
746,3,178,155,159,178,155,159,178,155,159,-23,-19,23,19,FALSE,FALSE
746,4,223,207,193,223,207,193,223,207,193,-16,-30,16,30,FALSE,FALSE
746,5,283,263,247,283,263,247,283,263,247,-20,-36,20,36,FALSE,FALSE
746,6,328,331,287,328,331,287,328,331,287,3,-41,3,41,FALSE,FALSE
746,7,381,418,341,381,418,341,381,418,341,37,-40,37,40,FALSE,FALSE
746,8,464,506,410,464,506,410,464,506,410,42,-54,42,54,FALSE,FALSE
746,9,555,609,469,555,609,469,555,609,469,54,-86,54,86,FALSE,FALSE
746,10,634,729,550,634,729,550,634,729,550,95,-84,95,84,FALSE,FALSE
746,11,707,862,647,707,862,647,707,862,647,155,-60,155,60,FALSE,FALSE
746,12,825,969,734,825,969,734,825,969,734,144,-91,144,91,FALSE,FALSE
746,13,926,1091,802,926,1091,802,926,1091,802,165,-124,165,124,FALSE,FALSE
746,14,1051,1202,938,1051,1202,938,1051,1202,938,151,-113,151,113,FALSE,FALSE
746,15,1169,1328,1070,1169,1328,1070,1169,1328,1070,159,-99,159,99,FALSE,FALSE
746,16,1257,1403,1191,1257,1403,1191,1257,1403,1191,146,-66,146,66,FALSE,FALSE
746,17,1305,1505,1304,1305,1505,1304,1305,1505,1304,200,-1,200,1,FALSE,FALSE
746,18,1366,1528,1403,1366,1528,1403,1366,1528,1403,162,37,162,37,FALSE,FALSE
746,19,1366,1515,1459,1366,1515,1459,1366,1515,1459,149,93,149,93,FALSE,FALSE
746,20,1366,1505,1466,1366,1505,1466,1366,1505,1466,139,100,139,100,FALSE,FALSE
746,21,1373,1445,1471,1373,1445,1471,1373,1445,1471,72,98,72,98,FALSE,FALSE
746,22,1334,1397,1450,1334,1397,1450,1334,1397,1450,63,116,63,116,FALSE,FALSE
746,23,1308,1293,1429,1308,1293,1429,1308,1293,1429,-15,121,15,121,FALSE,FALSE
746,24,1242,1204,1387,1242,1204,1387,1242,1204,1387,-38,145,38,145,FALSE,FALSE
746,25,1155,1106,1313,1155,1106,1313,1155,1106,1313,-49,158,49,158,FALSE,FALSE
746,26,1102,1018,1205,1102,1018,1205,1102,1018,1205,-84,103,84,103,FALSE,FALSE
746,27,1008,911,1082,1008,911,1082,1008,911,1082,-97,74,97,74,FALSE,FALSE
746,28,966,803,983,966,803,983,966,803,983,-163,17,163,17,FALSE,FALSE
746,29,898,722,894,898,722,894,898,722,894,-176,-4,176,4,FALSE,FALSE
746,30,804,648,780,804,648,780,804,648,780,-156,-24,156,24,FALSE,FALSE
746,31,719,560,689,719,560,689,719,560,689,-159,-30,159,30,FALSE,FALSE
746,32,655,471,619,655,471,619,655,471,619,-184,-36,184,36,FALSE,FALSE
746,33,596,416,555,596,416,555,596,416,555,-180,-41,180,41,FALSE,FALSE
746,34,524,360,477,524,360,477,524,360,477,-164,-47,164,47,FALSE,FALSE
746,35,450,319,407,450,319,407,450,319,407,-131,-43,131,43,FALSE,FALSE
746,36,404,255,344,404,255,344,404,255,344,-149,-60,149,60,FALSE,FALSE
746,37,350,223,306,350,223,306,350,223,306,-127,-44,127,44,FALSE,FALSE
746,38,307,194,286,307,194,286,307,194,286,-113,-21,113,21,FALSE,FALSE
746,39,253,163,266,253,163,266,253,163,266,-90,13,90,13,FALSE,FALSE
746,40,214,142,243,214,142,243,214,142,243,-72,29,72,29,FALSE,FALSE
746,41,181,120,210,181,120,210,181,120,210,-61,29,61,29,FALSE,FALSE
746,42,159,105,189,159,105,189,159,105,189,-54,30,54,30,FALSE,FALSE
746,43,120,96,167,120,96,167,120,96,167,-24,47,24,47,FALSE,FALSE
746,44,108,86,147,108,86,147,108,86,147,-22,39,22,39,FALSE,FALSE
746,45,100,73,119,100,73,119,100,73,119,-27,19,27,19,FALSE,FALSE
746,46,86,70,97,86,70,97,86,70,97,-16,11,16,11,FALSE,FALSE
746,47,68,64,80,68,64,80,68,64,80,-4,12,4,12,FALSE,FALSE
746,48,57,55,72,57,55,72,57,55,72,-2,15,2,15,FALSE,FALSE
746,49,46,49,61,46,49,61,46,49,61,3,15,3,15,FALSE,FALSE
746,50,39,46,52,39,46,52,39,46,52,7,13,7,13,FALSE,FALSE
746,51,25,38,47,25,38,47,25,38,47,13,22,13,22,FALSE,FALSE
746,52,21,35,42,21,35,42,21,35,42,14,21,14,21,FALSE,FALSE
746,53,17,33,39,17,33,39,17,33,39,16,22,16,22,FALSE,FALSE
746,54,17,25,34,17,25,34,17,25,34,8,17,8,17,FALSE,FALSE
746,55,15,27,28,15,27,28,15,27,28,12,13,12,13,FALSE,FALSE
746,56,13,25,24,13,25,24,13,25,24,12,11,12,11,FALSE,FALSE
746,57,10,21,19,10,21,19,10,21,19,11,9,11,9,FALSE,FALSE
746,58,9,19,21,9,19,21,9,19,21,10,12,10,12,FALSE,FALSE
746,59,9,18,21,9,18,21,9,18,21,9,12,9,12,FALSE,FALSE
746,60,9,14,16,9,14,16,9,14,16,5,7,5,7,FALSE,FALSE
747,0,162,162,162,162,162,162,162,162,162,0,0,0,0,TRUE,TRUE
747,1,159,189,185,159,189,185,159,189,185,30,26,30,26,FALSE,FALSE
747,2,186,209,202,186,209,202,186,209,202,23,16,23,16,FALSE,FALSE
747,3,211,207,214,211,207,214,211,207,214,-4,3,4,3,FALSE,FALSE
747,4,242,228,224,242,228,224,242,228,224,-14,-18,14,18,FALSE,FALSE
747,5,254,244,247,254,244,247,254,244,247,-10,-7,10,7,FALSE,FALSE
747,6,253,253,288,253,253,288,253,253,288,0,35,0,35,TRUE,FALSE
747,7,287,276,320,287,276,320,287,276,320,-11,33,11,33,FALSE,FALSE
747,8,301,307,346,301,307,346,301,307,346,6,45,6,45,FALSE,FALSE
747,9,309,333,376,309,333,376,309,333,376,24,67,24,67,FALSE,FALSE
747,10,343,354,390,343,354,390,343,354,390,11,47,11,47,FALSE,FALSE
747,11,385,384,445,385,384,445,385,384,445,-1,60,1,60,FALSE,FALSE
747,12,398,417,464,398,417,464,398,417,464,19,66,19,66,FALSE,FALSE
747,13,423,427,482,423,427,482,423,427,482,4,59,4,59,FALSE,FALSE
747,14,444,468,514,444,468,514,444,468,514,24,70,24,70,FALSE,FALSE
747,15,454,508,522,454,508,522,454,508,522,54,68,54,68,FALSE,FALSE
747,16,476,542,568,476,542,568,476,542,568,66,92,66,92,FALSE,FALSE
747,17,493,560,567,493,560,567,493,560,567,67,74,67,74,FALSE,FALSE
747,18,520,596,579,520,596,579,520,596,579,76,59,76,59,FALSE,FALSE
747,19,559,595,602,559,595,602,559,595,602,36,43,36,43,FALSE,FALSE
747,20,564,640,620,564,640,620,564,640,620,76,56,76,56,FALSE,FALSE
747,21,588,646,666,588,646,666,588,646,666,58,78,58,78,FALSE,FALSE
747,22,588,673,664,588,673,664,588,673,664,85,76,85,76,FALSE,FALSE
747,23,632,678,683,632,678,683,632,678,683,46,51,46,51,FALSE,FALSE
747,24,667,684,695,667,684,695,667,684,695,17,28,17,28,FALSE,FALSE
747,25,654,698,693,654,698,693,654,698,693,44,39,44,39,FALSE,FALSE
747,26,623,696,703,623,696,703,623,696,703,73,80,73,80,FALSE,FALSE
747,27,650,716,684,650,716,684,650,716,684,66,34,66,34,FALSE,FALSE
747,28,639,711,690,639,711,690,639,711,690,72,51,72,51,FALSE,FALSE
747,29,636,698,678,636,698,678,636,698,678,62,42,62,42,FALSE,FALSE
747,30,634,669,653,634,669,653,634,669,653,35,19,35,19,FALSE,FALSE
747,31,608,657,629,608,657,629,608,657,629,49,21,49,21,FALSE,FALSE
747,32,605,643,634,605,643,634,605,643,634,38,29,38,29,FALSE,FALSE
747,33,595,621,617,595,621,617,595,621,617,26,22,26,22,FALSE,FALSE
747,34,584,590,618,584,590,618,584,590,618,6,34,6,34,FALSE,FALSE
747,35,547,573,603,547,573,603,547,573,603,26,56,26,56,FALSE,FALSE
747,36,511,545,571,511,545,571,511,545,571,34,60,34,60,FALSE,FALSE
747,37,494,507,537,494,507,537,494,507,537,13,43,13,43,FALSE,FALSE
747,38,490,504,513,490,504,513,490,504,513,14,23,14,23,FALSE,FALSE
747,39,486,473,481,486,473,481,486,473,481,-13,-5,13,5,FALSE,FALSE
747,40,468,448,463,468,448,463,468,448,463,-20,-5,20,5,FALSE,FALSE
747,41,431,421,444,431,421,444,431,421,444,-10,13,10,13,FALSE,FALSE
747,42,428,403,423,428,403,423,428,403,423,-25,-5,25,5,FALSE,FALSE
747,43,390,386,378,390,386,378,390,386,378,-4,-12,4,12,FALSE,FALSE
747,44,365,360,364,365,360,364,365,360,364,-5,-1,5,1,FALSE,FALSE
747,45,358,349,333,358,349,333,358,349,333,-9,-25,9,25,FALSE,FALSE
747,46,328,320,317,328,320,317,328,320,317,-8,-11,8,11,FALSE,FALSE
747,47,298,300,293,298,300,293,298,300,293,2,-5,2,5,FALSE,FALSE
747,48,280,265,276,280,265,276,280,265,276,-15,-4,15,4,FALSE,FALSE
747,49,255,250,259,255,250,259,255,250,259,-5,4,5,4,FALSE,FALSE
747,50,242,243,242,242,243,242,242,243,242,1,0,1,0,FALSE,TRUE
747,51,220,224,226,220,224,226,220,224,226,4,6,4,6,FALSE,FALSE
747,52,219,216,213,219,216,213,219,216,213,-3,-6,3,6,FALSE,FALSE
747,53,207,198,205,207,198,205,207,198,205,-9,-2,9,2,FALSE,FALSE
747,54,193,190,188,193,190,188,193,190,188,-3,-5,3,5,FALSE,FALSE
747,55,182,181,183,182,181,183,182,181,183,-1,1,1,1,FALSE,FALSE
747,56,175,169,171,175,169,171,175,169,171,-6,-4,6,4,FALSE,FALSE
747,57,169,156,168,169,156,168,169,156,168,-13,-1,13,1,FALSE,FALSE
747,58,146,148,147,146,148,147,146,148,147,2,1,2,1,FALSE,FALSE
747,59,135,132,137,135,132,137,135,132,137,-3,2,3,2,FALSE,FALSE
747,60,123,136,123,123,136,123,123,136,123,13,0,13,0,FALSE,TRUE
748,0,124,124,124,124,124,124,124,124,124,0,0,0,0,TRUE,TRUE
748,1,183,196,175,183,196,175,183,196,175,13,-8,13,8,FALSE,FALSE
748,2,283,273,272,283,273,272,283,273,272,-10,-11,10,11,FALSE,FALSE
748,3,403,414,382,403,414,382,403,414,382,11,-21,11,21,FALSE,FALSE
748,4,585,597,542,585,597,542,585,597,542,12,-43,12,43,FALSE,FALSE
748,5,821,860,787,821,860,787,821,860,787,39,-34,39,34,FALSE,FALSE
748,6,1178,1175,1092,1178,1175,1092,1178,1175,1092,-3,-86,3,86,FALSE,FALSE
748,7,1634,1598,1487,1634,1598,1487,1634,1598,1487,-36,-147,36,147,FALSE,FALSE
748,8,2161,2155,1989,2161,2155,1989,2161,2155,1989,-6,-172,6,172,FALSE,FALSE
748,9,2786,2715,2501,2786,2715,2501,2786,2715,2501,-71,-285,71,285,FALSE,FALSE
748,10,3284,3234,3001,3284,3234,3001,3284,3234,3001,-50,-283,50,283,FALSE,FALSE
748,11,3675,3640,3346,3675,3640,3346,3675,3640,3346,-35,-329,35,329,FALSE,FALSE
748,12,3843,3785,3613,3843,3785,3613,3843,3785,3613,-58,-230,58,230,FALSE,FALSE
748,13,3872,3821,3701,3872,3821,3701,3872,3821,3701,-51,-171,51,171,FALSE,FALSE
748,14,3733,3667,3649,3733,3667,3649,3733,3667,3649,-66,-84,66,84,FALSE,FALSE
748,15,3505,3414,3499,3505,3414,3499,3505,3414,3499,-91,-6,91,6,FALSE,FALSE
748,16,3179,3124,3295,3179,3124,3295,3179,3124,3295,-55,116,55,116,FALSE,FALSE
748,17,2843,2802,2984,2843,2802,2984,2843,2802,2984,-41,141,41,141,FALSE,FALSE
748,18,2520,2464,2634,2520,2464,2634,2520,2464,2634,-56,114,56,114,FALSE,FALSE
748,19,2217,2159,2330,2217,2159,2330,2217,2159,2330,-58,113,58,113,FALSE,FALSE
748,20,1943,1865,2077,1943,1865,2077,1943,1865,2077,-78,134,78,134,FALSE,FALSE
748,21,1688,1626,1761,1688,1626,1761,1688,1626,1761,-62,73,62,73,FALSE,FALSE
748,22,1448,1410,1546,1448,1410,1546,1448,1410,1546,-38,98,38,98,FALSE,FALSE
748,23,1230,1196,1323,1230,1196,1323,1230,1196,1323,-34,93,34,93,FALSE,FALSE
748,24,1055,1040,1107,1055,1040,1107,1055,1040,1107,-15,52,15,52,FALSE,FALSE
748,25,893,883,942,893,883,942,893,883,942,-10,49,10,49,FALSE,FALSE
748,26,759,751,806,759,751,806,759,751,806,-8,47,8,47,FALSE,FALSE
748,27,663,628,677,663,628,677,663,628,677,-35,14,35,14,FALSE,FALSE
748,28,556,542,580,556,542,580,556,542,580,-14,24,14,24,FALSE,FALSE
748,29,480,469,476,480,469,476,480,469,476,-11,-4,11,4,FALSE,FALSE
748,30,425,386,396,425,386,396,425,386,396,-39,-29,39,29,FALSE,FALSE
748,31,361,324,332,361,324,332,361,324,332,-37,-29,37,29,FALSE,FALSE
748,32,319,284,273,319,284,273,319,284,273,-35,-46,35,46,FALSE,FALSE
748,33,262,242,233,262,242,233,262,242,233,-20,-29,20,29,FALSE,FALSE
748,34,216,206,200,216,206,200,216,206,200,-10,-16,10,16,FALSE,FALSE
748,35,178,172,179,178,172,179,178,172,179,-6,1,6,1,FALSE,FALSE
748,36,151,140,141,151,140,141,151,140,141,-11,-10,11,10,FALSE,FALSE
748,37,128,117,119,128,117,119,128,117,119,-11,-9,11,9,FALSE,FALSE
748,38,109,97,105,109,97,105,109,97,105,-12,-4,12,4,FALSE,FALSE
748,39,91,78,86,91,78,86,91,78,86,-13,-5,13,5,FALSE,FALSE
748,40,79,72,73,79,72,73,79,72,73,-7,-6,7,6,FALSE,FALSE
748,41,60,66,62,60,66,62,60,66,62,6,2,6,2,FALSE,FALSE
748,42,54,45,50,54,45,50,54,45,50,-9,-4,9,4,FALSE,FALSE
748,43,51,40,42,51,40,42,51,40,42,-11,-9,11,9,FALSE,FALSE
748,44,44,33,38,44,33,38,44,33,38,-11,-6,11,6,FALSE,FALSE
748,45,32,28,34,32,28,34,32,28,34,-4,2,4,2,FALSE,FALSE
748,46,26,23,31,26,23,31,26,23,31,-3,5,3,5,FALSE,FALSE
748,47,19,21,26,19,21,26,19,21,26,2,7,2,7,FALSE,FALSE
748,48,14,18,24,14,18,24,14,18,24,4,10,4,10,FALSE,FALSE
748,49,14,13,22,14,13,22,14,13,22,-1,8,1,8,FALSE,FALSE
748,50,12,12,20,12,12,20,12,12,20,0,8,0,8,TRUE,FALSE
748,51,10,11,18,10,11,18,10,11,18,1,8,1,8,FALSE,FALSE
748,52,7,9,16,7,9,16,7,9,16,2,9,2,9,FALSE,FALSE
748,53,6,6,12,6,6,12,6,6,12,0,6,0,6,TRUE,FALSE
748,54,6,3,10,6,3,10,6,3,10,-3,4,3,4,FALSE,FALSE
748,55,4,4,10,4,4,10,4,4,10,0,6,0,6,TRUE,FALSE
748,56,1,4,8,1,4,8,1,4,8,3,7,3,7,FALSE,FALSE
748,57,1,3,7,1,3,7,1,3,7,2,6,2,6,FALSE,FALSE
748,58,1,3,7,1,3,7,1,3,7,2,6,2,6,FALSE,FALSE
748,59,1,2,5,1,2,5,1,2,5,1,4,1,4,FALSE,FALSE
748,60,1,2,5,1,2,5,1,2,5,1,4,1,4,FALSE,FALSE
749,0,91,91,91,91,91,91,91,91,91,0,0,0,0,TRUE,TRUE
749,1,110,128,126,110,128,126,110,128,126,18,16,18,16,FALSE,FALSE
749,2,136,163,145,136,163,145,136,163,145,27,9,27,9,FALSE,FALSE
749,3,181,207,194,181,207,194,181,207,194,26,13,26,13,FALSE,FALSE
749,4,243,272,262,243,272,262,243,272,262,29,19,29,19,FALSE,FALSE
749,5,301,349,348,301,349,348,301,349,348,48,47,48,47,FALSE,FALSE
749,6,372,425,427,372,425,427,372,425,427,53,55,53,55,FALSE,FALSE
749,7,498,522,541,498,522,541,498,522,541,24,43,24,43,FALSE,FALSE
749,8,614,635,689,614,635,689,614,635,689,21,75,21,75,FALSE,FALSE
749,9,794,785,874,794,785,874,794,785,874,-9,80,9,80,FALSE,FALSE
749,10,987,970,1079,987,970,1079,987,970,1079,-17,92,17,92,FALSE,FALSE
749,11,1212,1187,1309,1212,1187,1309,1212,1187,1309,-25,97,25,97,FALSE,FALSE
749,12,1442,1400,1536,1442,1400,1536,1442,1400,1536,-42,94,42,94,FALSE,FALSE
749,13,1668,1582,1786,1668,1582,1786,1668,1582,1786,-86,118,86,118,FALSE,FALSE
749,14,1935,1816,2029,1935,1816,2029,1935,1816,2029,-119,94,119,94,FALSE,FALSE
749,15,2152,1980,2201,2152,1980,2201,2152,1980,2201,-172,49,172,49,FALSE,FALSE
749,16,2293,2143,2326,2293,2143,2326,2293,2143,2326,-150,33,150,33,FALSE,FALSE
749,17,2409,2278,2446,2409,2278,2446,2409,2278,2446,-131,37,131,37,FALSE,FALSE
749,18,2505,2383,2558,2505,2383,2558,2505,2383,2558,-122,53,122,53,FALSE,FALSE
749,19,2521,2499,2588,2521,2499,2588,2521,2499,2588,-22,67,22,67,FALSE,FALSE
749,20,2551,2516,2583,2551,2516,2583,2551,2516,2583,-35,32,35,32,FALSE,FALSE
749,21,2551,2496,2560,2551,2496,2560,2551,2496,2560,-55,9,55,9,FALSE,FALSE
749,22,2507,2451,2489,2507,2451,2489,2507,2451,2489,-56,-18,56,18,FALSE,FALSE
749,23,2438,2354,2401,2438,2354,2401,2438,2354,2401,-84,-37,84,37,FALSE,FALSE
749,24,2336,2259,2279,2336,2259,2279,2336,2259,2279,-77,-57,77,57,FALSE,FALSE
749,25,2198,2123,2161,2198,2123,2161,2198,2123,2161,-75,-37,75,37,FALSE,FALSE
749,26,2065,2012,2018,2065,2012,2018,2065,2012,2018,-53,-47,53,47,FALSE,FALSE
749,27,1924,1905,1862,1924,1905,1862,1924,1905,1862,-19,-62,19,62,FALSE,FALSE
749,28,1797,1795,1750,1797,1795,1750,1797,1795,1750,-2,-47,2,47,FALSE,FALSE
749,29,1651,1677,1617,1651,1677,1617,1651,1677,1617,26,-34,26,34,FALSE,FALSE
749,30,1517,1546,1491,1517,1546,1491,1517,1546,1491,29,-26,29,26,FALSE,FALSE
749,31,1417,1423,1374,1417,1423,1374,1417,1423,1374,6,-43,6,43,FALSE,FALSE
749,32,1302,1319,1267,1302,1319,1267,1302,1319,1267,17,-35,17,35,FALSE,FALSE
749,33,1194,1215,1173,1194,1215,1173,1194,1215,1173,21,-21,21,21,FALSE,FALSE
749,34,1103,1130,1064,1103,1130,1064,1103,1130,1064,27,-39,27,39,FALSE,FALSE
749,35,992,1034,959,992,1034,959,992,1034,959,42,-33,42,33,FALSE,FALSE
749,36,881,955,887,881,955,887,881,955,887,74,6,74,6,FALSE,FALSE
749,37,796,886,814,796,886,814,796,886,814,90,18,90,18,FALSE,FALSE
749,38,734,802,747,734,802,747,734,802,747,68,13,68,13,FALSE,FALSE
749,39,674,733,674,674,733,674,674,733,674,59,0,59,0,FALSE,TRUE
749,40,620,671,600,620,671,600,620,671,600,51,-20,51,20,FALSE,FALSE
749,41,551,597,554,551,597,554,551,597,554,46,3,46,3,FALSE,FALSE
749,42,502,545,508,502,545,508,502,545,508,43,6,43,6,FALSE,FALSE
749,43,464,496,462,464,496,462,464,496,462,32,-2,32,2,FALSE,FALSE
749,44,431,460,421,431,460,421,431,460,421,29,-10,29,10,FALSE,FALSE
749,45,396,409,377,396,409,377,396,409,377,13,-19,13,19,FALSE,FALSE
749,46,361,365,347,361,365,347,361,365,347,4,-14,4,14,FALSE,FALSE
749,47,332,333,324,332,333,324,332,333,324,1,-8,1,8,FALSE,FALSE
749,48,307,300,292,307,300,292,307,300,292,-7,-15,7,15,FALSE,FALSE
749,49,277,278,266,277,278,266,277,278,266,1,-11,1,11,FALSE,FALSE
749,50,252,249,244,252,249,244,252,249,244,-3,-8,3,8,FALSE,FALSE
749,51,229,219,225,229,219,225,229,219,225,-10,-4,10,4,FALSE,FALSE
749,52,208,205,211,208,205,211,208,205,211,-3,3,3,3,FALSE,FALSE
749,53,189,188,194,189,188,194,189,188,194,-1,5,1,5,FALSE,FALSE
749,54,171,174,175,171,174,175,171,174,175,3,4,3,4,FALSE,FALSE
749,55,157,154,160,157,154,160,157,154,160,-3,3,3,3,FALSE,FALSE
749,56,145,134,140,145,134,140,145,134,140,-11,-5,11,5,FALSE,FALSE
749,57,129,115,125,129,115,125,129,115,125,-14,-4,14,4,FALSE,FALSE
749,58,116,104,108,116,104,108,116,104,108,-12,-8,12,8,FALSE,FALSE
749,59,107,95,100,107,95,100,107,95,100,-12,-7,12,7,FALSE,FALSE
749,60,93,90,96,93,90,96,93,90,96,-3,3,3,3,FALSE,FALSE
750,0,184,184,184,184,184,184,184,184,184,0,0,0,0,TRUE,TRUE
750,1,192,190,187,192,190,187,192,190,187,-2,-5,2,5,FALSE,FALSE
750,2,201,195,203,201,195,203,201,195,203,-6,2,6,2,FALSE,FALSE
750,3,210,196,207,210,196,207,210,196,207,-14,-3,14,3,FALSE,FALSE
750,4,217,202,212,217,202,212,217,202,212,-15,-5,15,5,FALSE,FALSE
750,5,230,210,231,230,210,231,230,210,231,-20,1,20,1,FALSE,FALSE
750,6,240,228,236,240,228,236,240,228,236,-12,-4,12,4,FALSE,FALSE
750,7,259,228,238,259,228,238,259,228,238,-31,-21,31,21,FALSE,FALSE
750,8,273,227,255,273,227,255,273,227,255,-46,-18,46,18,FALSE,FALSE
750,9,289,228,267,289,228,267,289,228,267,-61,-22,61,22,FALSE,FALSE
750,10,302,235,275,302,235,275,302,235,275,-67,-27,67,27,FALSE,FALSE
750,11,319,245,285,319,245,285,319,245,285,-74,-34,74,34,FALSE,FALSE
750,12,330,254,303,330,254,303,330,254,303,-76,-27,76,27,FALSE,FALSE
750,13,333,241,319,333,241,319,333,241,319,-92,-14,92,14,FALSE,FALSE
750,14,352,257,331,352,257,331,352,257,331,-95,-21,95,21,FALSE,FALSE
750,15,373,267,349,373,267,349,373,267,349,-106,-24,106,24,FALSE,FALSE
750,16,395,284,368,395,284,368,395,284,368,-111,-27,111,27,FALSE,FALSE
750,17,418,270,377,418,270,377,418,270,377,-148,-41,148,41,FALSE,FALSE
750,18,436,272,412,436,272,412,436,272,412,-164,-24,164,24,FALSE,FALSE
750,19,462,278,442,462,278,442,462,278,442,-184,-20,184,20,FALSE,FALSE
750,20,471,277,466,471,277,466,471,277,466,-194,-5,194,5,FALSE,FALSE
750,21,484,282,471,484,282,471,484,282,471,-202,-13,202,13,FALSE,FALSE
750,22,497,293,510,497,293,510,497,293,510,-204,13,204,13,FALSE,FALSE
750,23,515,304,535,515,304,535,515,304,535,-211,20,211,20,FALSE,FALSE
750,24,531,297,551,531,297,551,531,297,551,-234,20,234,20,FALSE,FALSE
750,25,540,302,586,540,302,586,540,302,586,-238,46,238,46,FALSE,FALSE
750,26,556,313,618,556,313,618,556,313,618,-243,62,243,62,FALSE,FALSE
750,27,568,339,640,568,339,640,568,339,640,-229,72,229,72,FALSE,FALSE
750,28,576,351,666,576,351,666,576,351,666,-225,90,225,90,FALSE,FALSE
750,29,583,364,700,583,364,700,583,364,700,-219,117,219,117,FALSE,FALSE
750,30,602,367,737,602,367,737,602,367,737,-235,135,235,135,FALSE,FALSE
750,31,608,371,757,608,371,757,608,371,757,-237,149,237,149,FALSE,FALSE
750,32,641,372,770,641,372,770,641,372,770,-269,129,269,129,FALSE,FALSE
750,33,667,385,805,667,385,805,667,385,805,-282,138,282,138,FALSE,FALSE
750,34,689,389,823,689,389,823,689,389,823,-300,134,300,134,FALSE,FALSE
750,35,693,383,858,693,383,858,693,383,858,-310,165,310,165,FALSE,FALSE
750,36,699,382,887,699,382,887,699,382,887,-317,188,317,188,FALSE,FALSE
750,37,711,389,892,711,389,892,711,389,892,-322,181,322,181,FALSE,FALSE
750,38,729,409,936,729,409,936,729,409,936,-320,207,320,207,FALSE,FALSE
750,39,757,417,949,757,417,949,757,417,949,-340,192,340,192,FALSE,FALSE
750,40,780,415,971,780,415,971,780,415,971,-365,191,365,191,FALSE,FALSE
750,41,788,425,984,788,425,984,788,425,984,-363,196,363,196,FALSE,FALSE
750,42,806,432,987,806,432,987,806,432,987,-374,181,374,181,FALSE,FALSE
750,43,814,433,989,814,433,989,814,433,989,-381,175,381,175,FALSE,FALSE
750,44,828,437,999,828,437,999,828,437,999,-391,171,391,171,FALSE,FALSE
750,45,845,440,1027,845,440,1027,845,440,1027,-405,182,405,182,FALSE,FALSE
750,46,852,429,1067,852,429,1067,852,429,1067,-423,215,423,215,FALSE,FALSE
750,47,884,440,1114,884,440,1114,884,440,1114,-444,230,444,230,FALSE,FALSE
750,48,904,441,1120,904,441,1120,904,441,1120,-463,216,463,216,FALSE,FALSE
750,49,913,452,1121,913,452,1121,913,452,1121,-461,208,461,208,FALSE,FALSE
750,50,917,447,1123,917,447,1123,917,447,1123,-470,206,470,206,FALSE,FALSE
750,51,932,456,1132,932,456,1132,932,456,1132,-476,200,476,200,FALSE,FALSE
750,52,945,462,1138,945,462,1138,945,462,1138,-483,193,483,193,FALSE,FALSE
750,53,941,460,1136,941,460,1136,941,460,1136,-481,195,481,195,FALSE,FALSE
750,54,946,476,1146,946,476,1146,946,476,1146,-470,200,470,200,FALSE,FALSE
750,55,971,481,1148,971,481,1148,971,481,1148,-490,177,490,177,FALSE,FALSE
750,56,992,479,1168,992,479,1168,992,479,1168,-513,176,513,176,FALSE,FALSE
750,57,1033,489,1201,1033,489,1201,1033,489,1201,-544,168,544,168,FALSE,FALSE
750,58,1044,496,1211,1044,496,1211,1044,496,1211,-548,167,548,167,FALSE,FALSE
750,59,1034,501,1216,1034,501,1216,1034,501,1216,-533,182,533,182,FALSE,FALSE
750,60,1045,495,1203,1045,495,1203,1045,495,1203,-550,158,550,158,FALSE,FALSE
751,0,171,171,171,171,171,171,171,171,171,0,0,0,0,TRUE,TRUE
751,1,260,250,247,260,250,247,260,250,247,-10,-13,10,13,FALSE,FALSE
751,2,367,380,348,367,380,348,367,380,348,13,-19,13,19,FALSE,FALSE
751,3,512,600,497,512,600,497,512,600,497,88,-15,88,15,FALSE,FALSE
751,4,748,875,710,748,875,710,748,875,710,127,-38,127,38,FALSE,FALSE
751,5,1068,1247,1005,1068,1247,1005,1068,1247,1005,179,-63,179,63,FALSE,FALSE
751,6,1464,1703,1371,1464,1703,1371,1464,1703,1371,239,-93,239,93,FALSE,FALSE
751,7,1969,2211,1796,1969,2211,1796,1969,2211,1796,242,-173,242,173,FALSE,FALSE
751,8,2580,2778,2289,2580,2778,2289,2580,2778,2289,198,-291,198,291,FALSE,FALSE
751,9,3147,3353,2842,3147,3353,2842,3147,3353,2842,206,-305,206,305,FALSE,FALSE
751,10,3721,3869,3447,3721,3869,3447,3721,3869,3447,148,-274,148,274,FALSE,FALSE
751,11,4112,4171,3943,4112,4171,3943,4112,4171,3943,59,-169,59,169,FALSE,FALSE
751,12,4324,4357,4278,4324,4357,4278,4324,4357,4278,33,-46,33,46,FALSE,FALSE
751,13,4394,4384,4348,4394,4384,4348,4394,4384,4348,-10,-46,10,46,FALSE,FALSE
751,14,4420,4339,4380,4420,4339,4380,4420,4339,4380,-81,-40,81,40,FALSE,FALSE
751,15,4289,4092,4285,4289,4092,4285,4289,4092,4285,-197,-4,197,4,FALSE,FALSE
751,16,3999,3840,4101,3999,3840,4101,3999,3840,4101,-159,102,159,102,FALSE,FALSE
751,17,3677,3552,3868,3677,3552,3868,3677,3552,3868,-125,191,125,191,FALSE,FALSE
751,18,3355,3236,3558,3355,3236,3558,3355,3236,3558,-119,203,119,203,FALSE,FALSE
751,19,3054,2900,3226,3054,2900,3226,3054,2900,3226,-154,172,154,172,FALSE,FALSE
751,20,2752,2618,2928,2752,2618,2928,2752,2618,2928,-134,176,134,176,FALSE,FALSE
751,21,2492,2368,2596,2492,2368,2596,2492,2368,2596,-124,104,124,104,FALSE,FALSE
751,22,2256,2076,2278,2256,2076,2278,2256,2076,2278,-180,22,180,22,FALSE,FALSE
751,23,1979,1848,2019,1979,1848,2019,1979,1848,2019,-131,40,131,40,FALSE,FALSE
751,24,1747,1641,1770,1747,1641,1770,1747,1641,1770,-106,23,106,23,FALSE,FALSE
751,25,1574,1453,1553,1574,1453,1553,1574,1453,1553,-121,-21,121,21,FALSE,FALSE
751,26,1399,1253,1360,1399,1253,1360,1399,1253,1360,-146,-39,146,39,FALSE,FALSE
751,27,1225,1112,1197,1225,1112,1197,1225,1112,1197,-113,-28,113,28,FALSE,FALSE
751,28,1081,980,1056,1081,980,1056,1081,980,1056,-101,-25,101,25,FALSE,FALSE
751,29,924,868,919,924,868,919,924,868,919,-56,-5,56,5,FALSE,FALSE
751,30,804,765,808,804,765,808,804,765,808,-39,4,39,4,FALSE,FALSE
751,31,699,669,707,699,669,707,699,669,707,-30,8,30,8,FALSE,FALSE
751,32,615,579,620,615,579,620,615,579,620,-36,5,36,5,FALSE,FALSE
751,33,533,505,554,533,505,554,533,505,554,-28,21,28,21,FALSE,FALSE
751,34,466,441,486,466,441,486,466,441,486,-25,20,25,20,FALSE,FALSE
751,35,400,383,420,400,383,420,400,383,420,-17,20,17,20,FALSE,FALSE
751,36,344,337,360,344,337,360,344,337,360,-7,16,7,16,FALSE,FALSE
751,37,293,287,306,293,287,306,293,287,306,-6,13,6,13,FALSE,FALSE
751,38,257,250,260,257,250,260,257,250,260,-7,3,7,3,FALSE,FALSE
751,39,225,218,225,225,218,225,225,218,225,-7,0,7,0,FALSE,TRUE
751,40,201,182,204,201,182,204,201,182,204,-19,3,19,3,FALSE,FALSE
751,41,178,163,182,178,163,182,178,163,182,-15,4,15,4,FALSE,FALSE
751,42,156,146,156,156,146,156,156,146,156,-10,0,10,0,FALSE,TRUE
751,43,128,121,143,128,121,143,128,121,143,-7,15,7,15,FALSE,FALSE
751,44,109,107,129,109,107,129,109,107,129,-2,20,2,20,FALSE,FALSE
751,45,91,95,114,91,95,114,91,95,114,4,23,4,23,FALSE,FALSE
751,46,86,86,100,86,86,100,86,86,100,0,14,0,14,TRUE,FALSE
751,47,74,76,91,74,76,91,74,76,91,2,17,2,17,FALSE,FALSE
751,48,62,68,83,62,68,83,62,68,83,6,21,6,21,FALSE,FALSE
751,49,58,59,71,58,59,71,58,59,71,1,13,1,13,FALSE,FALSE
751,50,51,54,63,51,54,63,51,54,63,3,12,3,12,FALSE,FALSE
751,51,38,46,57,38,46,57,38,46,57,8,19,8,19,FALSE,FALSE
751,52,34,34,50,34,34,50,34,34,50,0,16,0,16,TRUE,FALSE
751,53,33,28,46,33,28,46,33,28,46,-5,13,5,13,FALSE,FALSE
751,54,29,24,40,29,24,40,29,24,40,-5,11,5,11,FALSE,FALSE
751,55,26,20,34,26,20,34,26,20,34,-6,8,6,8,FALSE,FALSE
751,56,24,17,30,24,17,30,24,17,30,-7,6,7,6,FALSE,FALSE
751,57,21,15,28,21,15,28,21,15,28,-6,7,6,7,FALSE,FALSE
751,58,19,13,25,19,13,25,19,13,25,-6,6,6,6,FALSE,FALSE
751,59,17,10,22,17,10,22,17,10,22,-7,5,7,5,FALSE,FALSE
751,60,16,9,17,16,9,17,16,9,17,-7,1,7,1,FALSE,FALSE
752,0,141,141,141,141,141,141,141,141,141,0,0,0,0,TRUE,TRUE
752,1,209,228,193,209,228,193,209,228,193,19,-16,19,16,FALSE,FALSE
752,2,320,352,298,320,352,298,320,352,298,32,-22,32,22,FALSE,FALSE
752,3,455,509,467,455,509,467,455,509,467,54,12,54,12,FALSE,FALSE
752,4,685,745,713,685,745,713,685,745,713,60,28,60,28,FALSE,FALSE
752,5,1024,1056,1050,1024,1056,1050,1024,1056,1050,32,26,32,26,FALSE,FALSE
752,6,1436,1432,1482,1436,1432,1482,1436,1432,1482,-4,46,4,46,FALSE,FALSE
752,7,1949,1927,1995,1949,1927,1995,1949,1927,1995,-22,46,22,46,FALSE,FALSE
752,8,2515,2399,2553,2515,2399,2553,2515,2399,2553,-116,38,116,38,FALSE,FALSE
752,9,3026,2885,3008,3026,2885,3008,3026,2885,3008,-141,-18,141,18,FALSE,FALSE
752,10,3409,3280,3379,3409,3280,3379,3409,3280,3379,-129,-30,129,30,FALSE,FALSE
752,11,3623,3521,3576,3623,3521,3576,3623,3521,3576,-102,-47,102,47,FALSE,FALSE
752,12,3586,3524,3556,3586,3524,3556,3586,3524,3556,-62,-30,62,30,FALSE,FALSE
752,13,3365,3409,3432,3365,3409,3432,3365,3409,3432,44,67,44,67,FALSE,FALSE
752,14,3093,3151,3179,3093,3151,3179,3093,3151,3179,58,86,58,86,FALSE,FALSE
752,15,2832,2804,2823,2832,2804,2823,2832,2804,2823,-28,-9,28,9,FALSE,FALSE
752,16,2463,2496,2476,2463,2496,2476,2463,2496,2476,33,13,33,13,FALSE,FALSE
752,17,2124,2175,2094,2124,2175,2094,2124,2175,2094,51,-30,51,30,FALSE,FALSE
752,18,1832,1880,1796,1832,1880,1796,1832,1880,1796,48,-36,48,36,FALSE,FALSE
752,19,1571,1578,1534,1571,1578,1534,1571,1578,1534,7,-37,7,37,FALSE,FALSE
752,20,1293,1335,1266,1293,1335,1266,1293,1335,1266,42,-27,42,27,FALSE,FALSE
752,21,1072,1146,1062,1072,1146,1062,1072,1146,1062,74,-10,74,10,FALSE,FALSE
752,22,923,975,919,923,975,919,923,975,919,52,-4,52,4,FALSE,FALSE
752,23,778,821,775,778,821,775,778,821,775,43,-3,43,3,FALSE,FALSE
752,24,616,683,640,616,683,640,616,683,640,67,24,67,24,FALSE,FALSE
752,25,506,578,510,506,578,510,506,578,510,72,4,72,4,FALSE,FALSE
752,26,425,488,423,425,488,423,425,488,423,63,-2,63,2,FALSE,FALSE
752,27,357,399,349,357,399,349,357,399,349,42,-8,42,8,FALSE,FALSE
752,28,290,328,282,290,328,282,290,328,282,38,-8,38,8,FALSE,FALSE
752,29,247,282,239,247,282,239,247,282,239,35,-8,35,8,FALSE,FALSE
752,30,202,228,207,202,228,207,202,228,207,26,5,26,5,FALSE,FALSE
752,31,165,187,169,165,187,169,165,187,169,22,4,22,4,FALSE,FALSE
752,32,141,153,143,141,153,143,141,153,143,12,2,12,2,FALSE,FALSE
752,33,113,124,119,113,124,119,113,124,119,11,6,11,6,FALSE,FALSE
752,34,97,111,96,97,111,96,97,111,96,14,-1,14,1,FALSE,FALSE
752,35,84,88,77,84,88,77,84,88,77,4,-7,4,7,FALSE,FALSE
752,36,64,81,67,64,81,67,64,81,67,17,3,17,3,FALSE,FALSE
752,37,55,73,51,55,73,51,55,73,51,18,-4,18,4,FALSE,FALSE
752,38,46,57,45,46,57,45,46,57,45,11,-1,11,1,FALSE,FALSE
752,39,39,52,32,39,52,32,39,52,32,13,-7,13,7,FALSE,FALSE
752,40,33,45,27,33,45,27,33,45,27,12,-6,12,6,FALSE,FALSE
752,41,24,36,22,24,36,22,24,36,22,12,-2,12,2,FALSE,FALSE
752,42,16,27,18,16,27,18,16,27,18,11,2,11,2,FALSE,FALSE
752,43,14,24,16,14,24,16,14,24,16,10,2,10,2,FALSE,FALSE
752,44,11,22,14,11,22,14,11,22,14,11,3,11,3,FALSE,FALSE
752,45,8,17,11,8,17,11,8,17,11,9,3,9,3,FALSE,FALSE
752,46,6,13,8,6,13,8,6,13,8,7,2,7,2,FALSE,FALSE
752,47,6,12,7,6,12,7,6,12,7,6,1,6,1,FALSE,FALSE
752,48,6,12,5,6,12,5,6,12,5,6,-1,6,1,FALSE,FALSE
752,49,4,7,4,4,7,4,4,7,4,3,0,3,0,FALSE,TRUE
752,50,4,7,3,4,7,3,4,7,3,3,-1,3,1,FALSE,FALSE
752,51,4,4,1,4,4,1,4,4,1,0,-3,0,3,TRUE,FALSE
752,52,3,3,1,3,3,1,3,3,1,0,-2,0,2,TRUE,FALSE
752,53,2,3,0,2,3,0,2,3,0,1,-2,1,2,FALSE,FALSE
752,54,2,3,0,2,3,0,2,3,0,1,-2,1,2,FALSE,FALSE
752,55,2,3,0,2,3,0,2,3,0,1,-2,1,2,FALSE,FALSE
752,56,2,3,0,2,3,0,2,3,0,1,-2,1,2,FALSE,FALSE
752,57,2,3,0,2,3,0,2,3,0,1,-2,1,2,FALSE,FALSE
752,58,1,3,0,1,3,0,1,3,0,2,-1,2,1,FALSE,FALSE
752,59,1,0,0,1,0,0,1,0,0,-1,-1,1,1,FALSE,FALSE
752,60,1,0,0,1,0,0,1,0,0,-1,-1,1,1,FALSE,FALSE
753,0,172,172,172,172,172,172,172,172,172,0,0,0,0,TRUE,TRUE
753,1,204,195,196,204,195,196,204,195,196,-9,-8,9,8,FALSE,FALSE
753,2,237,234,224,237,234,224,237,234,224,-3,-13,3,13,FALSE,FALSE
753,3,275,269,254,275,269,254,275,269,254,-6,-21,6,21,FALSE,FALSE
753,4,322,320,303,322,320,303,322,320,303,-2,-19,2,19,FALSE,FALSE
753,5,374,334,367,374,334,367,374,334,367,-40,-7,40,7,FALSE,FALSE
753,6,445,382,432,445,382,432,445,382,432,-63,-13,63,13,FALSE,FALSE
753,7,504,412,507,504,412,507,504,412,507,-92,3,92,3,FALSE,FALSE
753,8,598,473,587,598,473,587,598,473,587,-125,-11,125,11,FALSE,FALSE
753,9,701,533,666,701,533,666,701,533,666,-168,-35,168,35,FALSE,FALSE
753,10,818,599,794,818,599,794,818,599,794,-219,-24,219,24,FALSE,FALSE
753,11,918,684,893,918,684,893,918,684,893,-234,-25,234,25,FALSE,FALSE
753,12,1023,775,1015,1023,775,1015,1023,775,1015,-248,-8,248,8,FALSE,FALSE
753,13,1181,858,1132,1181,858,1132,1181,858,1132,-323,-49,323,49,FALSE,FALSE
753,14,1290,969,1248,1290,969,1248,1290,969,1248,-321,-42,321,42,FALSE,FALSE
753,15,1430,1067,1368,1430,1067,1368,1430,1067,1368,-363,-62,363,62,FALSE,FALSE
753,16,1573,1164,1544,1573,1164,1544,1573,1164,1544,-409,-29,409,29,FALSE,FALSE
753,17,1694,1281,1680,1694,1281,1680,1694,1281,1680,-413,-14,413,14,FALSE,FALSE
753,18,1854,1379,1888,1854,1379,1888,1854,1379,1888,-475,34,475,34,FALSE,FALSE
753,19,2019,1495,2032,2019,1495,2032,2019,1495,2032,-524,13,524,13,FALSE,FALSE
753,20,2186,1607,2201,2186,1607,2201,2186,1607,2201,-579,15,579,15,FALSE,FALSE
753,21,2288,1726,2375,2288,1726,2375,2288,1726,2375,-562,87,562,87,FALSE,FALSE
753,22,2381,1813,2529,2381,1813,2529,2381,1813,2529,-568,148,568,148,FALSE,FALSE
753,23,2499,1912,2631,2499,1912,2631,2499,1912,2631,-587,132,587,132,FALSE,FALSE
753,24,2623,2017,2717,2623,2017,2717,2623,2017,2717,-606,94,606,94,FALSE,FALSE
753,25,2717,2093,2808,2717,2093,2808,2717,2093,2808,-624,91,624,91,FALSE,FALSE
753,26,2775,2178,2857,2775,2178,2857,2775,2178,2857,-597,82,597,82,FALSE,FALSE
753,27,2799,2236,2934,2799,2236,2934,2799,2236,2934,-563,135,563,135,FALSE,FALSE
753,28,2821,2322,2971,2821,2322,2971,2821,2322,2971,-499,150,499,150,FALSE,FALSE
753,29,2841,2357,2988,2841,2357,2988,2841,2357,2988,-484,147,484,147,FALSE,FALSE
753,30,2828,2416,2960,2828,2416,2960,2828,2416,2960,-412,132,412,132,FALSE,FALSE
753,31,2818,2464,2911,2818,2464,2911,2818,2464,2911,-354,93,354,93,FALSE,FALSE
753,32,2770,2470,2867,2770,2470,2867,2770,2470,2867,-300,97,300,97,FALSE,FALSE
753,33,2711,2478,2826,2711,2478,2826,2711,2478,2826,-233,115,233,115,FALSE,FALSE
753,34,2692,2477,2807,2692,2477,2807,2692,2477,2807,-215,115,215,115,FALSE,FALSE
753,35,2630,2481,2742,2630,2481,2742,2630,2481,2742,-149,112,149,112,FALSE,FALSE
753,36,2551,2454,2670,2551,2454,2670,2551,2454,2670,-97,119,97,119,FALSE,FALSE
753,37,2464,2418,2554,2464,2418,2554,2464,2418,2554,-46,90,46,90,FALSE,FALSE
753,38,2362,2390,2465,2362,2390,2465,2362,2390,2465,28,103,28,103,FALSE,FALSE
753,39,2271,2334,2348,2271,2334,2348,2271,2334,2348,63,77,63,77,FALSE,FALSE
753,40,2175,2276,2252,2175,2276,2252,2175,2276,2252,101,77,101,77,FALSE,FALSE
753,41,2067,2230,2132,2067,2230,2132,2067,2230,2132,163,65,163,65,FALSE,FALSE
753,42,1962,2148,2025,1962,2148,2025,1962,2148,2025,186,63,186,63,FALSE,FALSE
753,43,1881,2055,1929,1881,2055,1929,1881,2055,1929,174,48,174,48,FALSE,FALSE
753,44,1800,1992,1823,1800,1992,1823,1800,1992,1823,192,23,192,23,FALSE,FALSE
753,45,1709,1935,1744,1709,1935,1744,1709,1935,1744,226,35,226,35,FALSE,FALSE
753,46,1621,1827,1663,1621,1827,1663,1621,1827,1663,206,42,206,42,FALSE,FALSE
753,47,1523,1778,1591,1523,1778,1591,1523,1778,1591,255,68,255,68,FALSE,FALSE
753,48,1451,1698,1491,1451,1698,1491,1451,1698,1491,247,40,247,40,FALSE,FALSE
753,49,1367,1612,1401,1367,1612,1401,1367,1612,1401,245,34,245,34,FALSE,FALSE
753,50,1293,1503,1340,1293,1503,1340,1293,1503,1340,210,47,210,47,FALSE,FALSE
753,51,1219,1429,1279,1219,1429,1279,1219,1429,1279,210,60,210,60,FALSE,FALSE
753,52,1169,1365,1204,1169,1365,1204,1169,1365,1204,196,35,196,35,FALSE,FALSE
753,53,1099,1302,1136,1099,1302,1136,1099,1302,1136,203,37,203,37,FALSE,FALSE
753,54,1042,1235,1042,1042,1235,1042,1042,1235,1042,193,0,193,0,FALSE,TRUE
753,55,975,1177,972,975,1177,972,975,1177,972,202,-3,202,3,FALSE,FALSE
753,56,910,1112,930,910,1112,930,910,1112,930,202,20,202,20,FALSE,FALSE
753,57,851,1063,868,851,1063,868,851,1063,868,212,17,212,17,FALSE,FALSE
753,58,797,1008,821,797,1008,821,797,1008,821,211,24,211,24,FALSE,FALSE
753,59,736,951,770,736,951,770,736,951,770,215,34,215,34,FALSE,FALSE
753,60,700,900,707,700,900,707,700,900,707,200,7,200,7,FALSE,FALSE
754,0,61,61,61,61,61,61,61,61,61,0,0,0,0,TRUE,TRUE
754,1,73,75,77,73,75,77,73,75,77,2,4,2,4,FALSE,FALSE
754,2,88,105,104,88,105,104,88,105,104,17,16,17,16,FALSE,FALSE
754,3,116,138,140,116,138,140,116,138,140,22,24,22,24,FALSE,FALSE
754,4,151,175,166,151,175,166,151,175,166,24,15,24,15,FALSE,FALSE
754,5,201,234,248,201,234,248,201,234,248,33,47,33,47,FALSE,FALSE
754,6,256,298,324,256,298,324,256,298,324,42,68,42,68,FALSE,FALSE
754,7,332,385,413,332,385,413,332,385,413,53,81,53,81,FALSE,FALSE
754,8,423,521,531,423,521,531,423,521,531,98,108,98,108,FALSE,FALSE
754,9,553,630,687,553,630,687,553,630,687,77,134,77,134,FALSE,FALSE
754,10,686,792,886,686,792,886,686,792,886,106,200,106,200,FALSE,FALSE
754,11,846,972,1093,846,972,1093,846,972,1093,126,247,126,247,FALSE,FALSE
754,12,1044,1203,1331,1044,1203,1331,1044,1203,1331,159,287,159,287,FALSE,FALSE
754,13,1292,1468,1642,1292,1468,1642,1292,1468,1642,176,350,176,350,FALSE,FALSE
754,14,1532,1725,1967,1532,1725,1967,1532,1725,1967,193,435,193,435,FALSE,FALSE
754,15,1835,2083,2266,1835,2083,2266,1835,2083,2266,248,431,248,431,FALSE,FALSE
754,16,2143,2376,2605,2143,2376,2605,2143,2376,2605,233,462,233,462,FALSE,FALSE
754,17,2413,2636,2847,2413,2636,2847,2413,2636,2847,223,434,223,434,FALSE,FALSE
754,18,2705,2916,3038,2705,2916,3038,2705,2916,3038,211,333,211,333,FALSE,FALSE
754,19,2910,3104,3202,2910,3104,3202,2910,3104,3202,194,292,194,292,FALSE,FALSE
754,20,3124,3271,3323,3124,3271,3323,3124,3271,3323,147,199,147,199,FALSE,FALSE
754,21,3278,3378,3383,3278,3378,3383,3278,3378,3383,100,105,100,105,FALSE,FALSE
754,22,3324,3404,3381,3324,3404,3381,3324,3404,3381,80,57,80,57,FALSE,FALSE
754,23,3360,3394,3259,3360,3394,3259,3360,3394,3259,34,-101,34,101,FALSE,FALSE
754,24,3309,3318,3132,3309,3318,3132,3309,3318,3132,9,-177,9,177,FALSE,FALSE
754,25,3265,3179,3018,3265,3179,3018,3265,3179,3018,-86,-247,86,247,FALSE,FALSE
754,26,3154,3023,2854,3154,3023,2854,3154,3023,2854,-131,-300,131,300,FALSE,FALSE
754,27,3006,2838,2696,3006,2838,2696,3006,2838,2696,-168,-310,168,310,FALSE,FALSE
754,28,2825,2637,2509,2825,2637,2509,2825,2637,2509,-188,-316,188,316,FALSE,FALSE
754,29,2653,2394,2352,2653,2394,2352,2653,2394,2352,-259,-301,259,301,FALSE,FALSE
754,30,2444,2229,2171,2444,2229,2171,2444,2229,2171,-215,-273,215,273,FALSE,FALSE
754,31,2287,2036,1977,2287,2036,1977,2287,2036,1977,-251,-310,251,310,FALSE,FALSE
754,32,2103,1895,1790,2103,1895,1790,2103,1895,1790,-208,-313,208,313,FALSE,FALSE
754,33,1936,1758,1641,1936,1758,1641,1936,1758,1641,-178,-295,178,295,FALSE,FALSE
754,34,1762,1624,1509,1762,1624,1509,1762,1624,1509,-138,-253,138,253,FALSE,FALSE
754,35,1627,1493,1376,1627,1493,1376,1627,1493,1376,-134,-251,134,251,FALSE,FALSE
754,36,1471,1368,1280,1471,1368,1280,1471,1368,1280,-103,-191,103,191,FALSE,FALSE
754,37,1342,1238,1157,1342,1238,1157,1342,1238,1157,-104,-185,104,185,FALSE,FALSE
754,38,1220,1118,1063,1220,1118,1063,1220,1118,1063,-102,-157,102,157,FALSE,FALSE
754,39,1102,1014,964,1102,1014,964,1102,1014,964,-88,-138,88,138,FALSE,FALSE
754,40,1017,916,866,1017,916,866,1017,916,866,-101,-151,101,151,FALSE,FALSE
754,41,938,816,779,938,816,779,938,816,779,-122,-159,122,159,FALSE,FALSE
754,42,853,742,706,853,742,706,853,742,706,-111,-147,111,147,FALSE,FALSE
754,43,760,679,640,760,679,640,760,679,640,-81,-120,81,120,FALSE,FALSE
754,44,680,632,577,680,632,577,680,632,577,-48,-103,48,103,FALSE,FALSE
754,45,609,586,533,609,586,533,609,586,533,-23,-76,23,76,FALSE,FALSE
754,46,546,547,473,546,547,473,546,547,473,1,-73,1,73,FALSE,FALSE
754,47,489,497,414,489,497,414,489,497,414,8,-75,8,75,FALSE,FALSE
754,48,449,447,397,449,447,397,449,447,397,-2,-52,2,52,FALSE,FALSE
754,49,416,400,354,416,400,354,416,400,354,-16,-62,16,62,FALSE,FALSE
754,50,375,363,326,375,363,326,375,363,326,-12,-49,12,49,FALSE,FALSE
754,51,335,338,290,335,338,290,335,338,290,3,-45,3,45,FALSE,FALSE
754,52,304,311,263,304,311,263,304,311,263,7,-41,7,41,FALSE,FALSE
754,53,272,272,240,272,272,240,272,272,240,0,-32,0,32,TRUE,FALSE
754,54,252,245,210,252,245,210,252,245,210,-7,-42,7,42,FALSE,FALSE
754,55,227,210,183,227,210,183,227,210,183,-17,-44,17,44,FALSE,FALSE
754,56,204,191,174,204,191,174,204,191,174,-13,-30,13,30,FALSE,FALSE
754,57,191,174,164,191,174,164,191,174,164,-17,-27,17,27,FALSE,FALSE
754,58,174,157,148,174,157,148,174,157,148,-17,-26,17,26,FALSE,FALSE
754,59,151,140,135,151,140,135,151,140,135,-11,-16,11,16,FALSE,FALSE
754,60,134,121,118,134,121,118,134,121,118,-13,-16,13,16,FALSE,FALSE
755,0,185,185,185,185,185,185,185,185,185,0,0,0,0,TRUE,TRUE
755,1,245,261,232,245,261,232,245,261,232,16,-13,16,13,FALSE,FALSE
755,2,343,352,300,343,352,300,343,352,300,9,-43,9,43,FALSE,FALSE
755,3,460,474,393,460,474,393,460,474,393,14,-67,14,67,FALSE,FALSE
755,4,606,623,519,606,623,519,606,623,519,17,-87,17,87,FALSE,FALSE
755,5,794,857,689,794,857,689,794,857,689,63,-105,63,105,FALSE,FALSE
755,6,1015,1076,910,1015,1076,910,1015,1076,910,61,-105,61,105,FALSE,FALSE
755,7,1310,1367,1133,1310,1367,1133,1310,1367,1133,57,-177,57,177,FALSE,FALSE
755,8,1658,1740,1426,1658,1740,1426,1658,1740,1426,82,-232,82,232,FALSE,FALSE
755,9,2058,2124,1761,2058,2124,1761,2058,2124,1761,66,-297,66,297,FALSE,FALSE
755,10,2437,2498,2128,2437,2498,2128,2437,2498,2128,61,-309,61,309,FALSE,FALSE
755,11,2797,2858,2478,2797,2858,2478,2797,2858,2478,61,-319,61,319,FALSE,FALSE
755,12,3112,3139,2803,3112,3139,2803,3112,3139,2803,27,-309,27,309,FALSE,FALSE
755,13,3408,3384,3096,3408,3384,3096,3408,3384,3096,-24,-312,24,312,FALSE,FALSE
755,14,3573,3518,3320,3573,3518,3320,3573,3518,3320,-55,-253,55,253,FALSE,FALSE
755,15,3662,3603,3497,3662,3603,3497,3662,3603,3497,-59,-165,59,165,FALSE,FALSE
755,16,3711,3608,3626,3711,3608,3626,3711,3608,3626,-103,-85,103,85,FALSE,FALSE
755,17,3688,3551,3663,3688,3551,3663,3688,3551,3663,-137,-25,137,25,FALSE,FALSE
755,18,3556,3407,3591,3556,3407,3591,3556,3407,3591,-149,35,149,35,FALSE,FALSE
755,19,3408,3244,3456,3408,3244,3456,3408,3244,3456,-164,48,164,48,FALSE,FALSE
755,20,3194,3036,3265,3194,3036,3265,3194,3036,3265,-158,71,158,71,FALSE,FALSE
755,21,2985,2839,3087,2985,2839,3087,2985,2839,3087,-146,102,146,102,FALSE,FALSE
755,22,2798,2663,2845,2798,2663,2845,2798,2663,2845,-135,47,135,47,FALSE,FALSE
755,23,2596,2454,2613,2596,2454,2613,2596,2454,2613,-142,17,142,17,FALSE,FALSE
755,24,2360,2226,2383,2360,2226,2383,2360,2226,2383,-134,23,134,23,FALSE,FALSE
755,25,2147,1995,2205,2147,1995,2205,2147,1995,2205,-152,58,152,58,FALSE,FALSE
755,26,1949,1822,2013,1949,1822,2013,1949,1822,2013,-127,64,127,64,FALSE,FALSE
755,27,1754,1647,1858,1754,1647,1858,1754,1647,1858,-107,104,107,104,FALSE,FALSE
755,28,1586,1499,1680,1586,1499,1680,1586,1499,1680,-87,94,87,94,FALSE,FALSE
755,29,1444,1347,1546,1444,1347,1546,1444,1347,1546,-97,102,97,102,FALSE,FALSE
755,30,1305,1232,1400,1305,1232,1400,1305,1232,1400,-73,95,73,95,FALSE,FALSE
755,31,1183,1101,1286,1183,1101,1286,1183,1101,1286,-82,103,82,103,FALSE,FALSE
755,32,1058,999,1161,1058,999,1161,1058,999,1161,-59,103,59,103,FALSE,FALSE
755,33,939,892,1054,939,892,1054,939,892,1054,-47,115,47,115,FALSE,FALSE
755,34,839,794,950,839,794,950,839,794,950,-45,111,45,111,FALSE,FALSE
755,35,764,714,855,764,714,855,764,714,855,-50,91,50,91,FALSE,FALSE
755,36,682,650,768,682,650,768,682,650,768,-32,86,32,86,FALSE,FALSE
755,37,619,576,671,619,576,671,619,576,671,-43,52,43,52,FALSE,FALSE
755,38,548,526,588,548,526,588,548,526,588,-22,40,22,40,FALSE,FALSE
755,39,482,462,528,482,462,528,482,462,528,-20,46,20,46,FALSE,FALSE
755,40,439,409,475,439,409,475,439,409,475,-30,36,30,36,FALSE,FALSE
755,41,395,361,419,395,361,419,395,361,419,-34,24,34,24,FALSE,FALSE
755,42,357,316,368,357,316,368,357,316,368,-41,11,41,11,FALSE,FALSE
755,43,326,281,337,326,281,337,326,281,337,-45,11,45,11,FALSE,FALSE
755,44,293,248,290,293,248,290,293,248,290,-45,-3,45,3,FALSE,FALSE
755,45,269,222,263,269,222,263,269,222,263,-47,-6,47,6,FALSE,FALSE
755,46,246,197,238,246,197,238,246,197,238,-49,-8,49,8,FALSE,FALSE
755,47,225,184,218,225,184,218,225,184,218,-41,-7,41,7,FALSE,FALSE
755,48,202,161,187,202,161,187,202,161,187,-41,-15,41,15,FALSE,FALSE
755,49,183,142,167,183,142,167,183,142,167,-41,-16,41,16,FALSE,FALSE
755,50,163,129,146,163,129,146,163,129,146,-34,-17,34,17,FALSE,FALSE
755,51,148,117,134,148,117,134,148,117,134,-31,-14,31,14,FALSE,FALSE
755,52,138,105,126,138,105,126,138,105,126,-33,-12,33,12,FALSE,FALSE
755,53,122,99,120,122,99,120,122,99,120,-23,-2,23,2,FALSE,FALSE
755,54,106,91,102,106,91,102,106,91,102,-15,-4,15,4,FALSE,FALSE
755,55,94,79,92,94,79,92,94,79,92,-15,-2,15,2,FALSE,FALSE
755,56,82,75,79,82,75,79,82,75,79,-7,-3,7,3,FALSE,FALSE
755,57,76,66,72,76,66,72,76,66,72,-10,-4,10,4,FALSE,FALSE
755,58,68,61,64,68,61,64,68,61,64,-7,-4,7,4,FALSE,FALSE
755,59,64,53,51,64,53,51,64,53,51,-11,-13,11,13,FALSE,FALSE
755,60,60,51,45,60,51,45,60,51,45,-9,-15,9,15,FALSE,FALSE
756,0,128,128,128,128,128,128,128,128,128,0,0,0,0,TRUE,TRUE
756,1,210,200,229,210,200,229,210,200,229,-10,19,10,19,FALSE,FALSE
756,2,369,298,435,369,298,435,369,298,435,-71,66,71,66,FALSE,FALSE
756,3,594,454,727,594,454,727,594,454,727,-140,133,140,133,FALSE,FALSE
756,4,975,715,1180,975,715,1180,975,715,1180,-260,205,260,205,FALSE,FALSE
756,5,1567,1074,1803,1567,1074,1803,1567,1074,1803,-493,236,493,236,FALSE,FALSE
756,6,2299,1555,2540,2299,1555,2540,2299,1555,2540,-744,241,744,241,FALSE,FALSE
756,7,3052,2095,3267,3052,2095,3267,3052,2095,3267,-957,215,957,215,FALSE,FALSE
756,8,3549,2554,3685,3549,2554,3685,3549,2554,3685,-995,136,995,136,FALSE,FALSE
756,9,3753,2968,3827,3753,2968,3827,3753,2968,3827,-785,74,785,74,FALSE,FALSE
756,10,3584,3118,3637,3584,3118,3637,3584,3118,3637,-466,53,466,53,FALSE,FALSE
756,11,3291,3091,3247,3291,3091,3247,3291,3091,3247,-200,-44,200,44,FALSE,FALSE
756,12,2894,2860,2789,2894,2860,2789,2894,2860,2789,-34,-105,34,105,FALSE,FALSE
756,13,2434,2574,2297,2434,2574,2297,2434,2574,2297,140,-137,140,137,FALSE,FALSE
756,14,1980,2289,1853,1980,2289,1853,1980,2289,1853,309,-127,309,127,FALSE,FALSE
756,15,1608,1957,1490,1608,1957,1490,1608,1957,1490,349,-118,349,118,FALSE,FALSE
756,16,1263,1653,1181,1263,1653,1181,1263,1653,1181,390,-82,390,82,FALSE,FALSE
756,17,1009,1386,919,1009,1386,919,1009,1386,919,377,-90,377,90,FALSE,FALSE
756,18,810,1153,725,810,1153,725,810,1153,725,343,-85,343,85,FALSE,FALSE
756,19,639,899,566,639,899,566,639,899,566,260,-73,260,73,FALSE,FALSE
756,20,527,742,458,527,742,458,527,742,458,215,-69,215,69,FALSE,FALSE
756,21,402,559,357,402,559,357,402,559,357,157,-45,157,45,FALSE,FALSE
756,22,327,448,290,327,448,290,327,448,290,121,-37,121,37,FALSE,FALSE
756,23,258,366,235,258,366,235,258,366,235,108,-23,108,23,FALSE,FALSE
756,24,207,285,189,207,285,189,207,285,189,78,-18,78,18,FALSE,FALSE
756,25,162,221,159,162,221,159,162,221,159,59,-3,59,3,FALSE,FALSE
756,26,134,188,134,134,188,134,134,188,134,54,0,54,0,FALSE,TRUE
756,27,107,148,106,107,148,106,107,148,106,41,-1,41,1,FALSE,FALSE
756,28,85,117,83,85,117,83,85,117,83,32,-2,32,2,FALSE,FALSE
756,29,61,89,57,61,89,57,61,89,57,28,-4,28,4,FALSE,FALSE
756,30,45,74,47,45,74,47,45,74,47,29,2,29,2,FALSE,FALSE
756,31,39,51,43,39,51,43,39,51,43,12,4,12,4,FALSE,FALSE
756,32,28,41,29,28,41,29,28,41,29,13,1,13,1,FALSE,FALSE
756,33,21,32,25,21,32,25,21,32,25,11,4,11,4,FALSE,FALSE
756,34,17,25,22,17,25,22,17,25,22,8,5,8,5,FALSE,FALSE
756,35,15,24,18,15,24,18,15,24,18,9,3,9,3,FALSE,FALSE
756,36,10,22,11,10,22,11,10,22,11,12,1,12,1,FALSE,FALSE
756,37,8,14,8,8,14,8,8,14,8,6,0,6,0,FALSE,TRUE
756,38,5,10,7,5,10,7,5,10,7,5,2,5,2,FALSE,FALSE
756,39,6,8,6,6,8,6,6,8,6,2,0,2,0,FALSE,TRUE
756,40,4,7,4,4,7,4,4,7,4,3,0,3,0,FALSE,TRUE
756,41,3,5,3,3,5,3,3,5,3,2,0,2,0,FALSE,TRUE
756,42,2,5,2,2,5,2,2,5,2,3,0,3,0,FALSE,TRUE
756,43,2,5,2,2,5,2,2,5,2,3,0,3,0,FALSE,TRUE
756,44,2,4,1,2,4,1,2,4,1,2,-1,2,1,FALSE,FALSE
756,45,1,4,1,1,4,1,1,4,1,3,0,3,0,FALSE,TRUE
756,46,1,3,1,1,3,1,1,3,1,2,0,2,0,FALSE,TRUE
756,47,0,3,1,0,3,1,0,3,1,3,1,3,1,FALSE,FALSE
756,48,0,2,1,0,2,1,0,2,1,2,1,2,1,FALSE,FALSE
756,49,0,2,1,0,2,1,0,2,1,2,1,2,1,FALSE,FALSE
756,50,0,2,1,0,2,1,0,2,1,2,1,2,1,FALSE,FALSE
756,51,0,2,1,0,2,1,0,2,1,2,1,2,1,FALSE,FALSE
756,52,0,0,1,0,0,1,0,0,1,0,1,0,1,TRUE,FALSE
756,53,0,0,0,0,0,0,0,0,0,0,0,0,0,TRUE,TRUE
756,54,0,0,0,0,0,0,0,0,0,0,0,0,0,TRUE,TRUE
756,55,0,0,0,0,0,0,0,0,0,0,0,0,0,TRUE,TRUE
756,56,0,0,0,0,0,0,0,0,0,0,0,0,0,TRUE,TRUE
756,57,0,0,0,0,0,0,0,0,0,0,0,0,0,TRUE,TRUE
756,58,0,0,0,0,0,0,0,0,0,0,0,0,0,TRUE,TRUE
756,59,0,0,0,0,0,0,0,0,0,0,0,0,0,TRUE,TRUE
756,60,0,0,0,0,0,0,0,0,0,0,0,0,0,TRUE,TRUE
757,0,55,55,55,55,55,55,55,55,55,0,0,0,0,TRUE,TRUE
757,1,64,68,66,64,68,66,64,68,66,4,2,4,2,FALSE,FALSE
757,2,96,85,84,96,85,84,96,85,84,-11,-12,11,12,FALSE,FALSE
757,3,126,105,118,126,105,118,126,105,118,-21,-8,21,8,FALSE,FALSE
757,4,152,137,143,152,137,143,152,137,143,-15,-9,15,9,FALSE,FALSE
757,5,178,174,175,178,174,175,178,174,175,-4,-3,4,3,FALSE,FALSE
757,6,215,198,231,215,198,231,215,198,231,-17,16,17,16,FALSE,FALSE
757,7,256,256,296,256,256,296,256,256,296,0,40,0,40,TRUE,FALSE
757,8,331,334,382,331,334,382,331,334,382,3,51,3,51,FALSE,FALSE
757,9,419,433,486,419,433,486,419,433,486,14,67,14,67,FALSE,FALSE
757,10,519,538,593,519,538,593,519,538,593,19,74,19,74,FALSE,FALSE
757,11,627,681,718,627,681,718,627,681,718,54,91,54,91,FALSE,FALSE
757,12,751,837,842,751,837,842,751,837,842,86,91,86,91,FALSE,FALSE
757,13,902,979,987,902,979,987,902,979,987,77,85,77,85,FALSE,FALSE
757,14,1060,1128,1154,1060,1128,1154,1060,1128,1154,68,94,68,94,FALSE,FALSE
757,15,1184,1315,1310,1184,1315,1310,1184,1315,1310,131,126,131,126,FALSE,FALSE
757,16,1325,1423,1451,1325,1423,1451,1325,1423,1451,98,126,98,126,FALSE,FALSE
757,17,1430,1558,1630,1430,1558,1630,1430,1558,1630,128,200,128,200,FALSE,FALSE
757,18,1581,1604,1727,1581,1604,1727,1581,1604,1727,23,146,23,146,FALSE,FALSE
757,19,1709,1701,1832,1709,1701,1832,1709,1701,1832,-8,123,8,123,FALSE,FALSE
757,20,1801,1775,1875,1801,1775,1875,1801,1775,1875,-26,74,26,74,FALSE,FALSE
757,21,1866,1783,1937,1866,1783,1937,1866,1783,1937,-83,71,83,71,FALSE,FALSE
757,22,1879,1801,1893,1879,1801,1893,1879,1801,1893,-78,14,78,14,FALSE,FALSE
757,23,1870,1724,1845,1870,1724,1845,1870,1724,1845,-146,-25,146,25,FALSE,FALSE
757,24,1766,1677,1798,1766,1677,1798,1766,1677,1798,-89,32,89,32,FALSE,FALSE
757,25,1670,1572,1686,1670,1572,1686,1670,1572,1686,-98,16,98,16,FALSE,FALSE
757,26,1588,1458,1558,1588,1458,1558,1588,1458,1558,-130,-30,130,30,FALSE,FALSE
757,27,1497,1382,1459,1497,1382,1459,1497,1382,1459,-115,-38,115,38,FALSE,FALSE
757,28,1394,1271,1366,1394,1271,1366,1394,1271,1366,-123,-28,123,28,FALSE,FALSE
757,29,1290,1155,1252,1290,1155,1252,1290,1155,1252,-135,-38,135,38,FALSE,FALSE
757,30,1189,1040,1119,1189,1040,1119,1189,1040,1119,-149,-70,149,70,FALSE,FALSE
757,31,1071,953,1009,1071,953,1009,1071,953,1009,-118,-62,118,62,FALSE,FALSE
757,32,954,868,931,954,868,931,954,868,931,-86,-23,86,23,FALSE,FALSE
757,33,850,785,814,850,785,814,850,785,814,-65,-36,65,36,FALSE,FALSE
757,34,763,697,731,763,697,731,763,697,731,-66,-32,66,32,FALSE,FALSE
757,35,665,655,644,665,655,644,665,655,644,-10,-21,10,21,FALSE,FALSE
757,36,609,572,575,609,572,575,609,572,575,-37,-34,37,34,FALSE,FALSE
757,37,553,513,497,553,513,497,553,513,497,-40,-56,40,56,FALSE,FALSE
757,38,486,468,440,486,468,440,486,468,440,-18,-46,18,46,FALSE,FALSE
757,39,436,424,378,436,424,378,436,424,378,-12,-58,12,58,FALSE,FALSE
757,40,388,370,340,388,370,340,388,370,340,-18,-48,18,48,FALSE,FALSE
757,41,342,320,298,342,320,298,342,320,298,-22,-44,22,44,FALSE,FALSE
757,42,307,276,259,307,276,259,307,276,259,-31,-48,31,48,FALSE,FALSE
757,43,264,253,220,264,253,220,264,253,220,-11,-44,11,44,FALSE,FALSE
757,44,230,224,199,230,224,199,230,224,199,-6,-31,6,31,FALSE,FALSE
757,45,205,201,172,205,201,172,205,201,172,-4,-33,4,33,FALSE,FALSE
757,46,180,174,152,180,174,152,180,174,152,-6,-28,6,28,FALSE,FALSE
757,47,156,150,125,156,150,125,156,150,125,-6,-31,6,31,FALSE,FALSE
757,48,135,129,116,135,129,116,135,129,116,-6,-19,6,19,FALSE,FALSE
757,49,124,118,105,124,118,105,124,118,105,-6,-19,6,19,FALSE,FALSE
757,50,119,100,94,119,100,94,119,100,94,-19,-25,19,25,FALSE,FALSE
757,51,103,81,90,103,81,90,103,81,90,-22,-13,22,13,FALSE,FALSE
757,52,98,72,85,98,72,85,98,72,85,-26,-13,26,13,FALSE,FALSE
757,53,93,64,73,93,64,73,93,64,73,-29,-20,29,20,FALSE,FALSE
757,54,78,55,64,78,55,64,78,55,64,-23,-14,23,14,FALSE,FALSE
757,55,67,46,57,67,46,57,67,46,57,-21,-10,21,10,FALSE,FALSE
757,56,59,44,45,59,44,45,59,44,45,-15,-14,15,14,FALSE,FALSE
757,57,53,42,37,53,42,37,53,42,37,-11,-16,11,16,FALSE,FALSE
757,58,43,36,36,43,36,36,43,36,36,-7,-7,7,7,FALSE,FALSE
757,59,44,32,27,44,32,27,44,32,27,-12,-17,12,17,FALSE,FALSE
757,60,39,27,23,39,27,23,39,27,23,-12,-16,12,16,FALSE,FALSE
758,0,93,93,93,93,93,93,93,93,93,0,0,0,0,TRUE,TRUE
758,1,129,122,135,129,122,135,129,122,135,-7,6,7,6,FALSE,FALSE
758,2,170,166,191,170,166,191,170,166,191,-4,21,4,21,FALSE,FALSE
758,3,231,224,266,231,224,266,231,224,266,-7,35,7,35,FALSE,FALSE
758,4,314,304,359,314,304,359,314,304,359,-10,45,10,45,FALSE,FALSE
758,5,415,431,496,415,431,496,415,431,496,16,81,16,81,FALSE,FALSE
758,6,587,624,722,587,624,722,587,624,722,37,135,37,135,FALSE,FALSE
758,7,801,873,981,801,873,981,801,873,981,72,180,72,180,FALSE,FALSE
758,8,1081,1149,1375,1081,1149,1375,1081,1149,1375,68,294,68,294,FALSE,FALSE
758,9,1450,1496,1771,1450,1496,1771,1450,1496,1771,46,321,46,321,FALSE,FALSE
758,10,1889,1897,2246,1889,1897,2246,1889,1897,2246,8,357,8,357,FALSE,FALSE
758,11,2387,2390,2759,2387,2390,2759,2387,2390,2759,3,372,3,372,FALSE,FALSE
758,12,2867,2858,3210,2867,2858,3210,2867,2858,3210,-9,343,9,343,FALSE,FALSE
758,13,3298,3308,3638,3298,3308,3638,3298,3308,3638,10,340,10,340,FALSE,FALSE
758,14,3568,3683,3897,3568,3683,3897,3568,3683,3897,115,329,115,329,FALSE,FALSE
758,15,3843,3867,4031,3843,3867,4031,3843,3867,4031,24,188,24,188,FALSE,FALSE
758,16,3942,3980,4031,3942,3980,4031,3942,3980,4031,38,89,38,89,FALSE,FALSE
758,17,3951,3904,3904,3951,3904,3904,3951,3904,3904,-47,-47,47,47,FALSE,FALSE
758,18,3843,3707,3717,3843,3707,3717,3843,3707,3717,-136,-126,136,126,FALSE,FALSE
758,19,3657,3494,3466,3657,3494,3466,3657,3494,3466,-163,-191,163,191,FALSE,FALSE
758,20,3463,3263,3226,3463,3263,3226,3463,3263,3226,-200,-237,200,237,FALSE,FALSE
758,21,3198,3025,2961,3198,3025,2961,3198,3025,2961,-173,-237,173,237,FALSE,FALSE
758,22,2915,2788,2702,2915,2788,2702,2915,2788,2702,-127,-213,127,213,FALSE,FALSE
758,23,2658,2535,2428,2658,2535,2428,2658,2535,2428,-123,-230,123,230,FALSE,FALSE
758,24,2405,2304,2214,2405,2304,2214,2405,2304,2214,-101,-191,101,191,FALSE,FALSE
758,25,2198,2081,1976,2198,2081,1976,2198,2081,1976,-117,-222,117,222,FALSE,FALSE
758,26,1984,1846,1770,1984,1846,1770,1984,1846,1770,-138,-214,138,214,FALSE,FALSE
758,27,1798,1674,1563,1798,1674,1563,1798,1674,1563,-124,-235,124,235,FALSE,FALSE
758,28,1574,1485,1411,1574,1485,1411,1574,1485,1411,-89,-163,89,163,FALSE,FALSE
758,29,1362,1299,1269,1362,1299,1269,1362,1299,1269,-63,-93,63,93,FALSE,FALSE
758,30,1205,1166,1113,1205,1166,1113,1205,1166,1113,-39,-92,39,92,FALSE,FALSE
758,31,1064,1041,986,1064,1041,986,1064,1041,986,-23,-78,23,78,FALSE,FALSE
758,32,957,947,881,957,947,881,957,947,881,-10,-76,10,76,FALSE,FALSE
758,33,839,831,764,839,831,764,839,831,764,-8,-75,8,75,FALSE,FALSE
758,34,721,738,654,721,738,654,721,738,654,17,-67,17,67,FALSE,FALSE
758,35,640,656,577,640,656,577,640,656,577,16,-63,16,63,FALSE,FALSE
758,36,566,569,519,566,569,519,566,569,519,3,-47,3,47,FALSE,FALSE
758,37,511,506,461,511,506,461,511,506,461,-5,-50,5,50,FALSE,FALSE
758,38,450,454,399,450,454,399,450,454,399,4,-51,4,51,FALSE,FALSE
758,39,395,411,358,395,411,358,395,411,358,16,-37,16,37,FALSE,FALSE
758,40,358,367,317,358,367,317,358,367,317,9,-41,9,41,FALSE,FALSE
758,41,319,329,279,319,329,279,319,329,279,10,-40,10,40,FALSE,FALSE
758,42,276,289,246,276,289,246,276,289,246,13,-30,13,30,FALSE,FALSE
758,43,239,260,209,239,260,209,239,260,209,21,-30,21,30,FALSE,FALSE
758,44,217,223,179,217,223,179,217,223,179,6,-38,6,38,FALSE,FALSE
758,45,201,198,150,201,198,150,201,198,150,-3,-51,3,51,FALSE,FALSE
758,46,179,191,122,179,191,122,179,191,122,12,-57,12,57,FALSE,FALSE
758,47,162,164,113,162,164,113,162,164,113,2,-49,2,49,FALSE,FALSE
758,48,144,138,97,144,138,97,144,138,97,-6,-47,6,47,FALSE,FALSE
758,49,132,118,85,132,118,85,132,118,85,-14,-47,14,47,FALSE,FALSE
758,50,118,107,78,118,107,78,118,107,78,-11,-40,11,40,FALSE,FALSE
758,51,102,96,66,102,96,66,102,96,66,-6,-36,6,36,FALSE,FALSE
758,52,93,84,62,93,84,62,93,84,62,-9,-31,9,31,FALSE,FALSE
758,53,86,75,56,86,75,56,86,75,56,-11,-30,11,30,FALSE,FALSE
758,54,75,67,50,75,67,50,75,67,50,-8,-25,8,25,FALSE,FALSE
758,55,67,57,46,67,57,46,67,57,46,-10,-21,10,21,FALSE,FALSE
758,56,57,49,37,57,49,37,57,49,37,-8,-20,8,20,FALSE,FALSE
758,57,52,45,32,52,45,32,52,45,32,-7,-20,7,20,FALSE,FALSE
758,58,45,41,26,45,41,26,45,41,26,-4,-19,4,19,FALSE,FALSE
758,59,42,33,24,42,33,24,42,33,24,-9,-18,9,18,FALSE,FALSE
758,60,38,29,21,38,29,21,38,29,21,-9,-17,9,17,FALSE,FALSE
759,0,55,55,55,55,55,55,55,55,55,0,0,0,0,TRUE,TRUE
759,1,74,79,76,74,79,76,74,79,76,5,2,5,2,FALSE,FALSE
759,2,97,112,102,97,112,102,97,112,102,15,5,15,5,FALSE,FALSE
759,3,134,166,152,134,166,152,134,166,152,32,18,32,18,FALSE,FALSE
759,4,194,228,203,194,228,203,194,228,203,34,9,34,9,FALSE,FALSE
759,5,270,309,285,270,309,285,270,309,285,39,15,39,15,FALSE,FALSE
759,6,371,417,386,371,417,386,371,417,386,46,15,46,15,FALSE,FALSE
759,7,528,570,524,528,570,524,528,570,524,42,-4,42,4,FALSE,FALSE
759,8,690,701,726,690,701,726,690,701,726,11,36,11,36,FALSE,FALSE
759,9,893,871,976,893,871,976,893,871,976,-22,83,22,83,FALSE,FALSE
759,10,1119,1086,1222,1119,1086,1222,1119,1086,1222,-33,103,33,103,FALSE,FALSE
759,11,1371,1327,1450,1371,1327,1450,1371,1327,1450,-44,79,44,79,FALSE,FALSE
759,12,1663,1534,1656,1663,1534,1656,1663,1534,1656,-129,-7,129,7,FALSE,FALSE
759,13,1868,1735,1854,1868,1735,1854,1868,1735,1854,-133,-14,133,14,FALSE,FALSE
759,14,2010,1873,1960,2010,1873,1960,2010,1873,1960,-137,-50,137,50,FALSE,FALSE
759,15,2057,1919,1962,2057,1919,1962,2057,1919,1962,-138,-95,138,95,FALSE,FALSE
759,16,2046,1829,1918,2046,1829,1918,2046,1829,1918,-217,-128,217,128,FALSE,FALSE
759,17,1951,1794,1851,1951,1794,1851,1951,1794,1851,-157,-100,157,100,FALSE,FALSE
759,18,1754,1684,1722,1754,1684,1722,1754,1684,1722,-70,-32,70,32,FALSE,FALSE
759,19,1584,1542,1534,1584,1542,1534,1584,1542,1534,-42,-50,42,50,FALSE,FALSE
759,20,1375,1362,1345,1375,1362,1345,1375,1362,1345,-13,-30,13,30,FALSE,FALSE
759,21,1189,1183,1188,1189,1183,1188,1189,1183,1188,-6,-1,6,1,FALSE,FALSE
759,22,1008,994,1033,1008,994,1033,1008,994,1033,-14,25,14,25,FALSE,FALSE
759,23,853,860,867,853,860,867,853,860,867,7,14,7,14,FALSE,FALSE
759,24,721,731,718,721,731,718,721,731,718,10,-3,10,3,FALSE,FALSE
759,25,585,612,579,585,612,579,585,612,579,27,-6,27,6,FALSE,FALSE
759,26,471,517,483,471,517,483,471,517,483,46,12,46,12,FALSE,FALSE
759,27,397,424,409,397,424,409,397,424,409,27,12,27,12,FALSE,FALSE
759,28,327,355,339,327,355,339,327,355,339,28,12,28,12,FALSE,FALSE
759,29,285,303,284,285,303,284,285,303,284,18,-1,18,1,FALSE,FALSE
759,30,242,261,230,242,261,230,242,261,230,19,-12,19,12,FALSE,FALSE
759,31,203,227,195,203,227,195,203,227,195,24,-8,24,8,FALSE,FALSE
759,32,168,184,166,168,184,166,168,184,166,16,-2,16,2,FALSE,FALSE
759,33,144,154,157,144,154,157,144,154,157,10,13,10,13,FALSE,FALSE
759,34,119,121,131,119,121,131,119,121,131,2,12,2,12,FALSE,FALSE
759,35,95,108,107,95,108,107,95,108,107,13,12,13,12,FALSE,FALSE
759,36,83,85,80,83,85,80,83,85,80,2,-3,2,3,FALSE,FALSE
759,37,68,77,73,68,77,73,68,77,73,9,5,9,5,FALSE,FALSE
759,38,60,58,60,60,58,60,60,58,60,-2,0,2,0,FALSE,TRUE
759,39,51,47,46,51,47,46,51,47,46,-4,-5,4,5,FALSE,FALSE
759,40,36,37,31,36,37,31,36,37,31,1,-5,1,5,FALSE,FALSE
759,41,30,29,24,30,29,24,30,29,24,-1,-6,1,6,FALSE,FALSE
759,42,26,28,21,26,28,21,26,28,21,2,-5,2,5,FALSE,FALSE
759,43,22,22,17,22,22,17,22,22,17,0,-5,0,5,TRUE,FALSE
759,44,17,24,13,17,24,13,17,24,13,7,-4,7,4,FALSE,FALSE
759,45,16,17,11,16,17,11,16,17,11,1,-5,1,5,FALSE,FALSE
759,46,13,12,8,13,12,8,13,12,8,-1,-5,1,5,FALSE,FALSE
759,47,12,8,6,12,8,6,12,8,6,-4,-6,4,6,FALSE,FALSE
759,48,12,7,5,12,7,5,12,7,5,-5,-7,5,7,FALSE,FALSE
759,49,10,7,5,10,7,5,10,7,5,-3,-5,3,5,FALSE,FALSE
759,50,8,4,3,8,4,3,8,4,3,-4,-5,4,5,FALSE,FALSE
759,51,8,1,2,8,1,2,8,1,2,-7,-6,7,6,FALSE,FALSE
759,52,5,1,1,5,1,1,5,1,1,-4,-4,4,4,FALSE,FALSE
759,53,1,0,0,1,0,0,1,0,0,-1,-1,1,1,FALSE,FALSE
759,54,1,0,0,1,0,0,1,0,0,-1,-1,1,1,FALSE,FALSE
759,55,0,0,0,0,0,0,0,0,0,0,0,0,0,TRUE,TRUE
759,56,0,0,0,0,0,0,0,0,0,0,0,0,0,TRUE,TRUE
759,57,0,0,0,0,0,0,0,0,0,0,0,0,0,TRUE,TRUE
759,58,0,0,0,0,0,0,0,0,0,0,0,0,0,TRUE,TRUE
759,59,0,0,0,0,0,0,0,0,0,0,0,0,0,TRUE,TRUE
759,60,0,0,0,0,0,0,0,0,0,0,0,0,0,TRUE,TRUE
760,0,120,120,120,120,120,120,120,120,120,0,0,0,0,TRUE,TRUE
760,1,135,126,121,135,126,121,135,126,121,-9,-14,9,14,FALSE,FALSE
760,2,140,135,130,140,135,130,140,135,130,-5,-10,5,10,FALSE,FALSE
760,3,163,156,154,163,156,154,163,156,154,-7,-9,7,9,FALSE,FALSE
760,4,170,162,172,170,162,172,170,162,172,-8,2,8,2,FALSE,FALSE
760,5,182,183,193,182,183,193,182,183,193,1,11,1,11,FALSE,FALSE
760,6,211,202,203,211,202,203,211,202,203,-9,-8,9,8,FALSE,FALSE
760,7,238,221,231,238,221,231,238,221,231,-17,-7,17,7,FALSE,FALSE
760,8,243,242,259,243,242,259,243,242,259,-1,16,1,16,FALSE,FALSE
760,9,259,249,283,259,249,283,259,249,283,-10,24,10,24,FALSE,FALSE
760,10,286,266,293,286,266,293,286,266,293,-20,7,20,7,FALSE,FALSE
760,11,311,278,306,311,278,306,311,278,306,-33,-5,33,5,FALSE,FALSE
760,12,328,289,336,328,289,336,328,289,336,-39,8,39,8,FALSE,FALSE
760,13,360,303,371,360,303,371,360,303,371,-57,11,57,11,FALSE,FALSE
760,14,381,315,402,381,315,402,381,315,402,-66,21,66,21,FALSE,FALSE
760,15,397,339,436,397,339,436,397,339,436,-58,39,58,39,FALSE,FALSE
760,16,397,359,466,397,359,466,397,359,466,-38,69,38,69,FALSE,FALSE
760,17,425,362,493,425,362,493,425,362,493,-63,68,63,68,FALSE,FALSE
760,18,453,382,518,453,382,518,453,382,518,-71,65,71,65,FALSE,FALSE
760,19,480,389,515,480,389,515,480,389,515,-91,35,91,35,FALSE,FALSE
760,20,520,407,550,520,407,550,520,407,550,-113,30,113,30,FALSE,FALSE
760,21,548,432,570,548,432,570,548,432,570,-116,22,116,22,FALSE,FALSE
760,22,558,453,566,558,453,566,558,453,566,-105,8,105,8,FALSE,FALSE
760,23,561,472,588,561,472,588,561,472,588,-89,27,89,27,FALSE,FALSE
760,24,590,469,602,590,469,602,590,469,602,-121,12,121,12,FALSE,FALSE
760,25,597,470,602,597,470,602,597,470,602,-127,5,127,5,FALSE,FALSE
760,26,646,470,603,646,470,603,646,470,603,-176,-43,176,43,FALSE,FALSE
760,27,635,486,607,635,486,607,635,486,607,-149,-28,149,28,FALSE,FALSE
760,28,633,499,569,633,499,569,633,499,569,-134,-64,134,64,FALSE,FALSE
760,29,642,508,565,642,508,565,642,508,565,-134,-77,134,77,FALSE,FALSE
760,30,659,507,579,659,507,579,659,507,579,-152,-80,152,80,FALSE,FALSE
760,31,661,505,583,661,505,583,661,505,583,-156,-78,156,78,FALSE,FALSE
760,32,651,515,586,651,515,586,651,515,586,-136,-65,136,65,FALSE,FALSE
760,33,656,519,564,656,519,564,656,519,564,-137,-92,137,92,FALSE,FALSE
760,34,612,500,549,612,500,549,612,500,549,-112,-63,112,63,FALSE,FALSE
760,35,593,511,522,593,511,522,593,511,522,-82,-71,82,71,FALSE,FALSE
760,36,583,513,506,583,513,506,583,513,506,-70,-77,70,77,FALSE,FALSE
760,37,531,534,492,531,534,492,531,534,492,3,-39,3,39,FALSE,FALSE
760,38,523,539,510,523,539,510,523,539,510,16,-13,16,13,FALSE,FALSE
760,39,523,557,488,523,557,488,523,557,488,34,-35,34,35,FALSE,FALSE
760,40,510,554,459,510,554,459,510,554,459,44,-51,44,51,FALSE,FALSE
760,41,485,544,431,485,544,431,485,544,431,59,-54,59,54,FALSE,FALSE
760,42,460,536,428,460,536,428,460,536,428,76,-32,76,32,FALSE,FALSE
760,43,443,516,407,443,516,407,443,516,407,73,-36,73,36,FALSE,FALSE
760,44,460,485,377,460,485,377,460,485,377,25,-83,25,83,FALSE,FALSE
760,45,444,456,339,444,456,339,444,456,339,12,-105,12,105,FALSE,FALSE
760,46,440,428,324,440,428,324,440,428,324,-12,-116,12,116,FALSE,FALSE
760,47,422,409,303,422,409,303,422,409,303,-13,-119,13,119,FALSE,FALSE
760,48,406,417,279,406,417,279,406,417,279,11,-127,11,127,FALSE,FALSE
760,49,403,394,271,403,394,271,403,394,271,-9,-132,9,132,FALSE,FALSE
760,50,376,382,259,376,382,259,376,382,259,6,-117,6,117,FALSE,FALSE
760,51,359,379,253,359,379,253,359,379,253,20,-106,20,106,FALSE,FALSE
760,52,327,359,245,327,359,245,327,359,245,32,-82,32,82,FALSE,FALSE
760,53,303,339,223,303,339,223,303,339,223,36,-80,36,80,FALSE,FALSE
760,54,309,320,216,309,320,216,309,320,216,11,-93,11,93,FALSE,FALSE
760,55,290,292,202,290,292,202,290,292,202,2,-88,2,88,FALSE,FALSE
760,56,267,279,199,267,279,199,267,279,199,12,-68,12,68,FALSE,FALSE
760,57,248,256,190,248,256,190,248,256,190,8,-58,8,58,FALSE,FALSE
760,58,226,231,172,226,231,172,226,231,172,5,-54,5,54,FALSE,FALSE
760,59,201,226,174,201,226,174,201,226,174,25,-27,25,27,FALSE,FALSE
760,60,182,215,150,182,215,150,182,215,150,33,-32,33,32,FALSE,FALSE
761,0,80,80,80,80,80,80,80,80,80,0,0,0,0,TRUE,TRUE
761,1,96,93,97,96,93,97,96,93,97,-3,1,3,1,FALSE,FALSE
761,2,98,119,123,98,119,123,98,119,123,21,25,21,25,FALSE,FALSE
761,3,122,135,137,122,135,137,122,135,137,13,15,13,15,FALSE,FALSE
761,4,144,141,167,144,141,167,144,141,167,-3,23,3,23,FALSE,FALSE
761,5,164,168,190,164,168,190,164,168,190,4,26,4,26,FALSE,FALSE
761,6,184,195,222,184,195,222,184,195,222,11,38,11,38,FALSE,FALSE
761,7,221,212,250,221,212,250,221,212,250,-9,29,9,29,FALSE,FALSE
761,8,254,228,279,254,228,279,254,228,279,-26,25,26,25,FALSE,FALSE
761,9,274,264,307,274,264,307,274,264,307,-10,33,10,33,FALSE,FALSE
761,10,301,285,337,301,285,337,301,285,337,-16,36,16,36,FALSE,FALSE
761,11,352,311,351,352,311,351,352,311,351,-41,-1,41,1,FALSE,FALSE
761,12,388,349,396,388,349,396,388,349,396,-39,8,39,8,FALSE,FALSE
761,13,423,381,436,423,381,436,423,381,436,-42,13,42,13,FALSE,FALSE
761,14,463,410,497,463,410,497,463,410,497,-53,34,53,34,FALSE,FALSE
761,15,514,455,518,514,455,518,514,455,518,-59,4,59,4,FALSE,FALSE
761,16,552,468,584,552,468,584,552,468,584,-84,32,84,32,FALSE,FALSE
761,17,558,476,622,558,476,622,558,476,622,-82,64,82,64,FALSE,FALSE
761,18,583,531,631,583,531,631,583,531,631,-52,48,52,48,FALSE,FALSE
761,19,600,561,655,600,561,655,600,561,655,-39,55,39,55,FALSE,FALSE
761,20,627,575,678,627,575,678,627,575,678,-52,51,52,51,FALSE,FALSE
761,21,619,580,705,619,580,705,619,580,705,-39,86,39,86,FALSE,FALSE
761,22,606,589,719,606,589,719,606,589,719,-17,113,17,113,FALSE,FALSE
761,23,615,597,718,615,597,718,615,597,718,-18,103,18,103,FALSE,FALSE
761,24,602,622,716,602,622,716,602,622,716,20,114,20,114,FALSE,FALSE
761,25,584,623,695,584,623,695,584,623,695,39,111,39,111,FALSE,FALSE
761,26,546,617,656,546,617,656,546,617,656,71,110,71,110,FALSE,FALSE
761,27,516,595,639,516,595,639,516,595,639,79,123,79,123,FALSE,FALSE
761,28,520,563,609,520,563,609,520,563,609,43,89,43,89,FALSE,FALSE
761,29,499,549,580,499,549,580,499,549,580,50,81,50,81,FALSE,FALSE
761,30,469,537,535,469,537,535,469,537,535,68,66,68,66,FALSE,FALSE
761,31,432,507,501,432,507,501,432,507,501,75,69,75,69,FALSE,FALSE
761,32,408,473,449,408,473,449,408,473,449,65,41,65,41,FALSE,FALSE
761,33,381,448,420,381,448,420,381,448,420,67,39,67,39,FALSE,FALSE
761,34,358,427,386,358,427,386,358,427,386,69,28,69,28,FALSE,FALSE
761,35,344,382,373,344,382,373,344,382,373,38,29,38,29,FALSE,FALSE
761,36,337,351,348,337,351,348,337,351,348,14,11,14,11,FALSE,FALSE
761,37,312,329,320,312,329,320,312,329,320,17,8,17,8,FALSE,FALSE
761,38,292,307,297,292,307,297,292,307,297,15,5,15,5,FALSE,FALSE
761,39,275,289,262,275,289,262,275,289,262,14,-13,14,13,FALSE,FALSE
761,40,252,267,236,252,267,236,252,267,236,15,-16,15,16,FALSE,FALSE
761,41,236,257,214,236,257,214,236,257,214,21,-22,21,22,FALSE,FALSE
761,42,205,238,178,205,238,178,205,238,178,33,-27,33,27,FALSE,FALSE
761,43,195,218,152,195,218,152,195,218,152,23,-43,23,43,FALSE,FALSE
761,44,171,213,137,171,213,137,171,213,137,42,-34,42,34,FALSE,FALSE
761,45,156,200,121,156,200,121,156,200,121,44,-35,44,35,FALSE,FALSE
761,46,142,189,110,142,189,110,142,189,110,47,-32,47,32,FALSE,FALSE
761,47,121,169,104,121,169,104,121,169,104,48,-17,48,17,FALSE,FALSE
761,48,113,156,94,113,156,94,113,156,94,43,-19,43,19,FALSE,FALSE
761,49,106,145,87,106,145,87,106,145,87,39,-19,39,19,FALSE,FALSE
761,50,99,128,75,99,128,75,99,128,75,29,-24,29,24,FALSE,FALSE
761,51,92,119,63,92,119,63,92,119,63,27,-29,27,29,FALSE,FALSE
761,52,73,101,59,73,101,59,73,101,59,28,-14,28,14,FALSE,FALSE
761,53,70,95,54,70,95,54,70,95,54,25,-16,25,16,FALSE,FALSE
761,54,57,80,50,57,80,50,57,80,50,23,-7,23,7,FALSE,FALSE
761,55,43,73,39,43,73,39,43,73,39,30,-4,30,4,FALSE,FALSE
761,56,37,65,36,37,65,36,37,65,36,28,-1,28,1,FALSE,FALSE
761,57,32,57,39,32,57,39,32,57,39,25,7,25,7,FALSE,FALSE
761,58,29,49,37,29,49,37,29,49,37,20,8,20,8,FALSE,FALSE
761,59,24,51,36,24,51,36,24,51,36,27,12,27,12,FALSE,FALSE
761,60,19,58,27,19,58,27,19,58,27,39,8,39,8,FALSE,FALSE
762,0,94,94,94,94,94,94,94,94,94,0,0,0,0,TRUE,TRUE
762,1,134,151,145,134,151,145,134,151,145,17,11,17,11,FALSE,FALSE
762,2,215,236,249,215,236,249,215,236,249,21,34,21,34,FALSE,FALSE
762,3,340,358,372,340,358,372,340,358,372,18,32,18,32,FALSE,FALSE
762,4,508,540,551,508,540,551,508,540,551,32,43,32,43,FALSE,FALSE
762,5,759,810,807,759,810,807,759,810,807,51,48,51,48,FALSE,FALSE
762,6,1072,1166,1158,1072,1166,1158,1072,1166,1158,94,86,94,86,FALSE,FALSE
762,7,1432,1611,1534,1432,1611,1534,1432,1611,1534,179,102,179,102,FALSE,FALSE
762,8,1819,2034,1923,1819,2034,1923,1819,2034,1923,215,104,215,104,FALSE,FALSE
762,9,2173,2462,2232,2173,2462,2232,2173,2462,2232,289,59,289,59,FALSE,FALSE
762,10,2413,2710,2453,2413,2710,2453,2413,2710,2453,297,40,297,40,FALSE,FALSE
762,11,2552,2804,2636,2552,2804,2636,2552,2804,2636,252,84,252,84,FALSE,FALSE
762,12,2594,2773,2658,2594,2773,2658,2594,2773,2658,179,64,179,64,FALSE,FALSE
762,13,2504,2613,2565,2504,2613,2565,2504,2613,2565,109,61,109,61,FALSE,FALSE
762,14,2365,2405,2383,2365,2405,2383,2365,2405,2383,40,18,40,18,FALSE,FALSE
762,15,2195,2166,2163,2195,2166,2163,2195,2166,2163,-29,-32,29,32,FALSE,FALSE
762,16,1996,1940,1941,1996,1940,1941,1996,1940,1941,-56,-55,56,55,FALSE,FALSE
762,17,1774,1702,1728,1774,1702,1728,1774,1702,1728,-72,-46,72,46,FALSE,FALSE
762,18,1560,1508,1496,1560,1508,1496,1560,1508,1496,-52,-64,52,64,FALSE,FALSE
762,19,1361,1311,1311,1361,1311,1311,1361,1311,1311,-50,-50,50,50,FALSE,FALSE
762,20,1169,1116,1130,1169,1116,1130,1169,1116,1130,-53,-39,53,39,FALSE,FALSE
762,21,1020,963,959,1020,963,959,1020,963,959,-57,-61,57,61,FALSE,FALSE
762,22,885,826,819,885,826,819,885,826,819,-59,-66,59,66,FALSE,FALSE
762,23,744,700,710,744,700,710,744,700,710,-44,-34,44,34,FALSE,FALSE
762,24,630,604,622,630,604,622,630,604,622,-26,-8,26,8,FALSE,FALSE
762,25,547,526,535,547,526,535,547,526,535,-21,-12,21,12,FALSE,FALSE
762,26,444,447,448,444,447,448,444,447,448,3,4,3,4,FALSE,FALSE
762,27,374,377,391,374,377,391,374,377,391,3,17,3,17,FALSE,FALSE
762,28,302,323,326,302,323,326,302,323,326,21,24,21,24,FALSE,FALSE
762,29,257,276,280,257,276,280,257,276,280,19,23,19,23,FALSE,FALSE
762,30,220,247,243,220,247,243,220,247,243,27,23,27,23,FALSE,FALSE
762,31,195,215,208,195,215,208,195,215,208,20,13,20,13,FALSE,FALSE
762,32,164,182,174,164,182,174,164,182,174,18,10,18,10,FALSE,FALSE
762,33,138,152,149,138,152,149,138,152,149,14,11,14,11,FALSE,FALSE
762,34,111,131,128,111,131,128,111,131,128,20,17,20,17,FALSE,FALSE
762,35,100,103,106,100,103,106,100,103,106,3,6,3,6,FALSE,FALSE
762,36,85,84,92,85,84,92,85,84,92,-1,7,1,7,FALSE,FALSE
762,37,74,79,72,74,79,72,74,79,72,5,-2,5,2,FALSE,FALSE
762,38,67,71,64,67,71,64,67,71,64,4,-3,4,3,FALSE,FALSE
762,39,54,65,48,54,65,48,54,65,48,11,-6,11,6,FALSE,FALSE
762,40,44,56,45,44,56,45,44,56,45,12,1,12,1,FALSE,FALSE
762,41,39,48,39,39,48,39,39,48,39,9,0,9,0,FALSE,TRUE
762,42,36,42,32,36,42,32,36,42,32,6,-4,6,4,FALSE,FALSE
762,43,30,42,29,30,42,29,30,42,29,12,-1,12,1,FALSE,FALSE
762,44,24,34,25,24,34,25,24,34,25,10,1,10,1,FALSE,FALSE
762,45,20,29,23,20,29,23,20,29,23,9,3,9,3,FALSE,FALSE
762,46,17,21,18,17,21,18,17,21,18,4,1,4,1,FALSE,FALSE
762,47,13,21,14,13,21,14,13,21,14,8,1,8,1,FALSE,FALSE
762,48,9,16,12,9,16,12,9,16,12,7,3,7,3,FALSE,FALSE
762,49,7,13,11,7,13,11,7,13,11,6,4,6,4,FALSE,FALSE
762,50,4,12,10,4,12,10,4,12,10,8,6,8,6,FALSE,FALSE
762,51,3,8,9,3,8,9,3,8,9,5,6,5,6,FALSE,FALSE
762,52,2,8,8,2,8,8,2,8,8,6,6,6,6,FALSE,FALSE
762,53,2,8,6,2,8,6,2,8,6,6,4,6,4,FALSE,FALSE
762,54,2,6,5,2,6,5,2,6,5,4,3,4,3,FALSE,FALSE
762,55,2,5,5,2,5,5,2,5,5,3,3,3,3,FALSE,FALSE
762,56,2,5,4,2,5,4,2,5,4,3,2,3,2,FALSE,FALSE
762,57,2,4,4,2,4,4,2,4,4,2,2,2,2,FALSE,FALSE
762,58,1,4,4,1,4,4,1,4,4,3,3,3,3,FALSE,FALSE
762,59,1,4,3,1,4,3,1,4,3,3,2,3,2,FALSE,FALSE
762,60,0,4,2,0,4,2,0,4,2,4,2,4,2,FALSE,FALSE
763,0,52,52,52,52,52,52,52,52,52,0,0,0,0,TRUE,TRUE
763,1,71,69,65,71,69,65,71,69,65,-2,-6,2,6,FALSE,FALSE
763,2,95,97,84,95,97,84,95,97,84,2,-11,2,11,FALSE,FALSE
763,3,132,137,118,132,137,118,132,137,118,5,-14,5,14,FALSE,FALSE
763,4,193,192,166,193,192,166,193,192,166,-1,-27,1,27,FALSE,FALSE
763,5,251,248,218,251,248,218,251,248,218,-3,-33,3,33,FALSE,FALSE
763,6,340,336,280,340,336,280,340,336,280,-4,-60,4,60,FALSE,FALSE
763,7,438,446,356,438,446,356,438,446,356,8,-82,8,82,FALSE,FALSE
763,8,578,580,469,578,580,469,578,580,469,2,-109,2,109,FALSE,FALSE
763,9,751,745,624,751,745,624,751,745,624,-6,-127,6,127,FALSE,FALSE
763,10,955,936,788,955,936,788,955,936,788,-19,-167,19,167,FALSE,FALSE
763,11,1210,1125,984,1210,1125,984,1210,1125,984,-85,-226,85,226,FALSE,FALSE
763,12,1461,1365,1168,1461,1365,1168,1461,1365,1168,-96,-293,96,293,FALSE,FALSE
763,13,1674,1583,1391,1674,1583,1391,1674,1583,1391,-91,-283,91,283,FALSE,FALSE
763,14,1869,1797,1591,1869,1797,1591,1869,1797,1591,-72,-278,72,278,FALSE,FALSE
763,15,2011,1950,1774,2011,1950,1774,2011,1950,1774,-61,-237,61,237,FALSE,FALSE
763,16,2114,2083,1865,2114,2083,1865,2114,2083,1865,-31,-249,31,249,FALSE,FALSE
763,17,2145,2121,1968,2145,2121,1968,2145,2121,1968,-24,-177,24,177,FALSE,FALSE
763,18,2135,2112,1971,2135,2112,1971,2135,2112,1971,-23,-164,23,164,FALSE,FALSE
763,19,2046,2053,1978,2046,2053,1978,2046,2053,1978,7,-68,7,68,FALSE,FALSE
763,20,1899,1952,1880,1899,1952,1880,1899,1952,1880,53,-19,53,19,FALSE,FALSE
763,21,1754,1803,1786,1754,1803,1786,1754,1803,1786,49,32,49,32,FALSE,FALSE
763,22,1610,1667,1665,1610,1667,1665,1610,1667,1665,57,55,57,55,FALSE,FALSE
763,23,1471,1516,1548,1471,1516,1548,1471,1516,1548,45,77,45,77,FALSE,FALSE
763,24,1348,1378,1401,1348,1378,1401,1348,1378,1401,30,53,30,53,FALSE,FALSE
763,25,1236,1254,1288,1236,1254,1288,1236,1254,1288,18,52,18,52,FALSE,FALSE
763,26,1109,1149,1150,1109,1149,1150,1109,1149,1150,40,41,40,41,FALSE,FALSE
763,27,1021,1045,1048,1021,1045,1048,1021,1045,1048,24,27,24,27,FALSE,FALSE
763,28,888,929,957,888,929,957,888,929,957,41,69,41,69,FALSE,FALSE
763,29,781,815,861,781,815,861,781,815,861,34,80,34,80,FALSE,FALSE
763,30,706,730,759,706,730,759,706,730,759,24,53,24,53,FALSE,FALSE
763,31,630,646,659,630,646,659,630,646,659,16,29,16,29,FALSE,FALSE
763,32,544,580,579,544,580,579,544,580,579,36,35,36,35,FALSE,FALSE
763,33,480,515,500,480,515,500,480,515,500,35,20,35,20,FALSE,FALSE
763,34,414,445,437,414,445,437,414,445,437,31,23,31,23,FALSE,FALSE
763,35,359,391,380,359,391,380,359,391,380,32,21,32,21,FALSE,FALSE
763,36,313,341,334,313,341,334,313,341,334,28,21,28,21,FALSE,FALSE
763,37,271,300,294,271,300,294,271,300,294,29,23,29,23,FALSE,FALSE
763,38,246,261,271,246,261,271,246,261,271,15,25,15,25,FALSE,FALSE
763,39,210,235,234,210,235,234,210,235,234,25,24,25,24,FALSE,FALSE
763,40,177,213,208,177,213,208,177,213,208,36,31,36,31,FALSE,FALSE
763,41,158,190,179,158,190,179,158,190,179,32,21,32,21,FALSE,FALSE
763,42,144,161,150,144,161,150,144,161,150,17,6,17,6,FALSE,FALSE
763,43,124,141,132,124,141,132,124,141,132,17,8,17,8,FALSE,FALSE
763,44,114,125,112,114,125,112,114,125,112,11,-2,11,2,FALSE,FALSE
763,45,97,112,96,97,112,96,97,112,96,15,-1,15,1,FALSE,FALSE
763,46,91,94,91,91,94,91,91,94,91,3,0,3,0,FALSE,TRUE
763,47,75,81,82,75,81,82,75,81,82,6,7,6,7,FALSE,FALSE
763,48,66,72,71,66,72,71,66,72,71,6,5,6,5,FALSE,FALSE
763,49,61,63,66,61,63,66,61,63,66,2,5,2,5,FALSE,FALSE
763,50,53,58,60,53,58,60,53,58,60,5,7,5,7,FALSE,FALSE
763,51,45,52,54,45,52,54,45,52,54,7,9,7,9,FALSE,FALSE
763,52,38,47,45,38,47,45,38,47,45,9,7,9,7,FALSE,FALSE
763,53,29,43,36,29,43,36,29,43,36,14,7,14,7,FALSE,FALSE
763,54,25,37,32,25,37,32,25,37,32,12,7,12,7,FALSE,FALSE
763,55,17,33,33,17,33,33,17,33,33,16,16,16,16,FALSE,FALSE
763,56,16,22,27,16,22,27,16,22,27,6,11,6,11,FALSE,FALSE
763,57,16,17,25,16,17,25,16,17,25,1,9,1,9,FALSE,FALSE
763,58,13,17,22,13,17,22,13,17,22,4,9,4,9,FALSE,FALSE
763,59,12,13,23,12,13,23,12,13,23,1,11,1,11,FALSE,FALSE
763,60,8,13,21,8,13,21,8,13,21,5,13,5,13,FALSE,FALSE
764,0,174,174,174,174,174,174,174,174,174,0,0,0,0,TRUE,TRUE
764,1,236,216,223,236,216,223,236,216,223,-20,-13,20,13,FALSE,FALSE
764,2,297,272,266,297,272,266,297,272,266,-25,-31,25,31,FALSE,FALSE
764,3,384,328,337,384,328,337,384,328,337,-56,-47,56,47,FALSE,FALSE
764,4,486,403,397,486,403,397,486,403,397,-83,-89,83,89,FALSE,FALSE
764,5,553,493,479,553,493,479,553,493,479,-60,-74,60,74,FALSE,FALSE
764,6,664,600,585,664,600,585,664,600,585,-64,-79,64,79,FALSE,FALSE
764,7,788,699,670,788,699,670,788,699,670,-89,-118,89,118,FALSE,FALSE
764,8,899,851,810,899,851,810,899,851,810,-48,-89,48,89,FALSE,FALSE
764,9,1056,979,942,1056,979,942,1056,979,942,-77,-114,77,114,FALSE,FALSE
764,10,1223,1143,1120,1223,1143,1120,1223,1143,1120,-80,-103,80,103,FALSE,FALSE
764,11,1374,1335,1302,1374,1335,1302,1374,1335,1302,-39,-72,39,72,FALSE,FALSE
764,12,1524,1553,1484,1524,1553,1484,1524,1553,1484,29,-40,29,40,FALSE,FALSE
764,13,1680,1738,1653,1680,1738,1653,1680,1738,1653,58,-27,58,27,FALSE,FALSE
764,14,1855,1881,1782,1855,1881,1782,1855,1881,1782,26,-73,26,73,FALSE,FALSE
764,15,2071,2060,1926,2071,2060,1926,2071,2060,1926,-11,-145,11,145,FALSE,FALSE
764,16,2148,2211,2039,2148,2211,2039,2148,2211,2039,63,-109,63,109,FALSE,FALSE
764,17,2265,2291,2185,2265,2291,2185,2265,2291,2185,26,-80,26,80,FALSE,FALSE
764,18,2370,2368,2247,2370,2368,2247,2370,2368,2247,-2,-123,2,123,FALSE,FALSE
764,19,2379,2411,2263,2379,2411,2263,2379,2411,2263,32,-116,32,116,FALSE,FALSE
764,20,2367,2366,2247,2367,2366,2247,2367,2366,2247,-1,-120,1,120,FALSE,FALSE
764,21,2318,2331,2232,2318,2331,2232,2318,2331,2232,13,-86,13,86,FALSE,FALSE
764,22,2229,2286,2204,2229,2286,2204,2229,2286,2204,57,-25,57,25,FALSE,FALSE
764,23,2144,2160,2154,2144,2160,2154,2144,2160,2154,16,10,16,10,FALSE,FALSE
764,24,2023,2019,2064,2023,2019,2064,2023,2019,2064,-4,41,4,41,FALSE,FALSE
764,25,1931,1934,1967,1931,1934,1967,1931,1934,1967,3,36,3,36,FALSE,FALSE
764,26,1827,1796,1886,1827,1796,1886,1827,1796,1886,-31,59,31,59,FALSE,FALSE
764,27,1709,1666,1798,1709,1666,1798,1709,1666,1798,-43,89,43,89,FALSE,FALSE
764,28,1595,1543,1701,1595,1543,1701,1595,1543,1701,-52,106,52,106,FALSE,FALSE
764,29,1481,1430,1587,1481,1430,1587,1481,1430,1587,-51,106,51,106,FALSE,FALSE
764,30,1353,1333,1475,1353,1333,1475,1353,1333,1475,-20,122,20,122,FALSE,FALSE
764,31,1273,1208,1349,1273,1208,1349,1273,1208,1349,-65,76,65,76,FALSE,FALSE
764,32,1172,1080,1237,1172,1080,1237,1172,1080,1237,-92,65,92,65,FALSE,FALSE
764,33,1098,975,1125,1098,975,1125,1098,975,1125,-123,27,123,27,FALSE,FALSE
764,34,987,907,1022,987,907,1022,987,907,1022,-80,35,80,35,FALSE,FALSE
764,35,881,844,934,881,844,934,881,844,934,-37,53,37,53,FALSE,FALSE
764,36,810,757,844,810,757,844,810,757,844,-53,34,53,34,FALSE,FALSE
764,37,745,658,756,745,658,756,745,658,756,-87,11,87,11,FALSE,FALSE
764,38,669,607,671,669,607,671,669,607,671,-62,2,62,2,FALSE,FALSE
764,39,610,550,600,610,550,600,610,550,600,-60,-10,60,10,FALSE,FALSE
764,40,537,510,526,537,510,526,537,510,526,-27,-11,27,11,FALSE,FALSE
764,41,464,452,455,464,452,455,464,452,455,-12,-9,12,9,FALSE,FALSE
764,42,421,405,393,421,405,393,421,405,393,-16,-28,16,28,FALSE,FALSE
764,43,384,366,352,384,366,352,384,366,352,-18,-32,18,32,FALSE,FALSE
764,44,344,338,308,344,338,308,344,338,308,-6,-36,6,36,FALSE,FALSE
764,45,310,309,283,310,309,283,310,309,283,-1,-27,1,27,FALSE,FALSE
764,46,279,269,247,279,269,247,279,269,247,-10,-32,10,32,FALSE,FALSE
764,47,249,239,229,249,239,229,249,239,229,-10,-20,10,20,FALSE,FALSE
764,48,226,211,212,226,211,212,226,211,212,-15,-14,15,14,FALSE,FALSE
764,49,211,187,189,211,187,189,211,187,189,-24,-22,24,22,FALSE,FALSE
764,50,189,171,177,189,171,177,189,171,177,-18,-12,18,12,FALSE,FALSE
764,51,165,153,152,165,153,152,165,153,152,-12,-13,12,13,FALSE,FALSE
764,52,147,132,128,147,132,128,147,132,128,-15,-19,15,19,FALSE,FALSE
764,53,129,120,115,129,120,115,129,120,115,-9,-14,9,14,FALSE,FALSE
764,54,113,101,105,113,101,105,113,101,105,-12,-8,12,8,FALSE,FALSE
764,55,105,92,100,105,92,100,105,92,100,-13,-5,13,5,FALSE,FALSE
764,56,99,84,94,99,84,94,99,84,94,-15,-5,15,5,FALSE,FALSE
764,57,91,73,85,91,73,85,91,73,85,-18,-6,18,6,FALSE,FALSE
764,58,82,62,76,82,62,76,82,62,76,-20,-6,20,6,FALSE,FALSE
764,59,73,58,73,73,58,73,73,58,73,-15,0,15,0,FALSE,TRUE
764,60,66,53,63,66,53,63,66,53,63,-13,-3,13,3,FALSE,FALSE
765,0,49,49,49,49,49,49,49,49,49,0,0,0,0,TRUE,TRUE
765,1,66,50,55,66,50,55,66,50,55,-16,-11,16,11,FALSE,FALSE
765,2,74,60,68,74,60,68,74,60,68,-14,-6,14,6,FALSE,FALSE
765,3,80,73,68,80,73,68,80,73,68,-7,-12,7,12,FALSE,FALSE
765,4,89,88,84,89,88,84,89,88,84,-1,-5,1,5,FALSE,FALSE
765,5,93,92,104,93,92,104,93,92,104,-1,11,1,11,FALSE,FALSE
765,6,105,103,125,105,103,125,105,103,125,-2,20,2,20,FALSE,FALSE
765,7,124,120,140,124,120,140,124,120,140,-4,16,4,16,FALSE,FALSE
765,8,131,125,154,131,125,154,131,125,154,-6,23,6,23,FALSE,FALSE
765,9,151,138,170,151,138,170,151,138,170,-13,19,13,19,FALSE,FALSE
765,10,178,148,176,178,148,176,178,148,176,-30,-2,30,2,FALSE,FALSE
765,11,206,165,202,206,165,202,206,165,202,-41,-4,41,4,FALSE,FALSE
765,12,226,168,234,226,168,234,226,168,234,-58,8,58,8,FALSE,FALSE
765,13,249,177,259,249,177,259,249,177,259,-72,10,72,10,FALSE,FALSE
765,14,297,205,292,297,205,292,297,205,292,-92,-5,92,5,FALSE,FALSE
765,15,338,219,321,338,219,321,338,219,321,-119,-17,119,17,FALSE,FALSE
765,16,388,248,347,388,248,347,388,248,347,-140,-41,140,41,FALSE,FALSE
765,17,432,273,374,432,273,374,432,273,374,-159,-58,159,58,FALSE,FALSE
765,18,448,325,397,448,325,397,448,325,397,-123,-51,123,51,FALSE,FALSE
765,19,501,363,440,501,363,440,501,363,440,-138,-61,138,61,FALSE,FALSE
765,20,557,385,482,557,385,482,557,385,482,-172,-75,172,75,FALSE,FALSE
765,21,610,427,505,610,427,505,610,427,505,-183,-105,183,105,FALSE,FALSE
765,22,658,453,555,658,453,555,658,453,555,-205,-103,205,103,FALSE,FALSE
765,23,677,477,602,677,477,602,677,477,602,-200,-75,200,75,FALSE,FALSE
765,24,704,509,627,704,509,627,704,509,627,-195,-77,195,77,FALSE,FALSE
765,25,693,535,682,693,535,682,693,535,682,-158,-11,158,11,FALSE,FALSE
765,26,720,577,703,720,577,703,720,577,703,-143,-17,143,17,FALSE,FALSE
765,27,733,579,743,733,579,743,733,579,743,-154,10,154,10,FALSE,FALSE
765,28,743,582,786,743,582,786,743,582,786,-161,43,161,43,FALSE,FALSE
765,29,784,611,792,784,611,792,784,611,792,-173,8,173,8,FALSE,FALSE
765,30,794,638,800,794,638,800,794,638,800,-156,6,156,6,FALSE,FALSE
765,31,788,663,800,788,663,800,788,663,800,-125,12,125,12,FALSE,FALSE
765,32,769,672,782,769,672,782,769,672,782,-97,13,97,13,FALSE,FALSE
765,33,724,687,757,724,687,757,724,687,757,-37,33,37,33,FALSE,FALSE
765,34,701,675,712,701,675,712,701,675,712,-26,11,26,11,FALSE,FALSE
765,35,672,661,709,672,661,709,672,661,709,-11,37,11,37,FALSE,FALSE
765,36,646,619,679,646,619,679,646,619,679,-27,33,27,33,FALSE,FALSE
765,37,636,594,661,636,594,661,636,594,661,-42,25,42,25,FALSE,FALSE
765,38,612,577,656,612,577,656,612,577,656,-35,44,35,44,FALSE,FALSE
765,39,587,557,620,587,557,620,587,557,620,-30,33,30,33,FALSE,FALSE
765,40,545,570,587,545,570,587,545,570,587,25,42,25,42,FALSE,FALSE
765,41,506,534,541,506,534,541,506,534,541,28,35,28,35,FALSE,FALSE
765,42,470,506,521,470,506,521,470,506,521,36,51,36,51,FALSE,FALSE
765,43,433,503,491,433,503,491,433,503,491,70,58,70,58,FALSE,FALSE
765,44,409,488,461,409,488,461,409,488,461,79,52,79,52,FALSE,FALSE
765,45,376,459,428,376,459,428,376,459,428,83,52,83,52,FALSE,FALSE
765,46,355,439,388,355,439,388,355,439,388,84,33,84,33,FALSE,FALSE
765,47,347,396,371,347,396,371,347,396,371,49,24,49,24,FALSE,FALSE
765,48,324,376,330,324,376,330,324,376,330,52,6,52,6,FALSE,FALSE
765,49,309,345,295,309,345,295,309,345,295,36,-14,36,14,FALSE,FALSE
765,50,279,322,264,279,322,264,279,322,264,43,-15,43,15,FALSE,FALSE
765,51,253,300,248,253,300,248,253,300,248,47,-5,47,5,FALSE,FALSE
765,52,240,277,237,240,277,237,240,277,237,37,-3,37,3,FALSE,FALSE
765,53,222,261,222,222,261,222,222,261,222,39,0,39,0,FALSE,TRUE
765,54,210,241,218,210,241,218,210,241,218,31,8,31,8,FALSE,FALSE
765,55,192,220,204,192,220,204,192,220,204,28,12,28,12,FALSE,FALSE
765,56,180,189,170,180,189,170,180,189,170,9,-10,9,10,FALSE,FALSE
765,57,166,177,152,166,177,152,166,177,152,11,-14,11,14,FALSE,FALSE
765,58,160,159,139,160,159,139,160,159,139,-1,-21,1,21,FALSE,FALSE
765,59,144,151,125,144,151,125,144,151,125,7,-19,7,19,FALSE,FALSE
765,60,140,137,107,140,137,107,140,137,107,-3,-33,3,33,FALSE,FALSE
766,0,106,106,106,106,106,106,106,106,106,0,0,0,0,TRUE,TRUE
766,1,172,168,172,172,168,172,172,168,172,-4,0,4,0,FALSE,TRUE
766,2,266,265,254,266,265,254,266,265,254,-1,-12,1,12,FALSE,FALSE
766,3,425,402,386,425,402,386,425,402,386,-23,-39,23,39,FALSE,FALSE
766,4,673,603,603,673,603,603,673,603,603,-70,-70,70,70,FALSE,FALSE
766,5,1022,895,866,1022,895,866,1022,895,866,-127,-156,127,156,FALSE,FALSE
766,6,1510,1257,1265,1510,1257,1265,1510,1257,1265,-253,-245,253,245,FALSE,FALSE
766,7,1990,1682,1741,1990,1682,1741,1990,1682,1741,-308,-249,308,249,FALSE,FALSE
766,8,2524,2183,2342,2524,2183,2342,2524,2183,2342,-341,-182,341,182,FALSE,FALSE
766,9,2969,2685,2845,2969,2685,2845,2969,2685,2845,-284,-124,284,124,FALSE,FALSE
766,10,3198,2979,3211,3198,2979,3211,3198,2979,3211,-219,13,219,13,FALSE,FALSE
766,11,3283,3130,3354,3283,3130,3354,3283,3130,3354,-153,71,153,71,FALSE,FALSE
766,12,3216,3114,3237,3216,3114,3237,3216,3114,3237,-102,21,102,21,FALSE,FALSE
766,13,2947,2969,3086,2947,2969,3086,2947,2969,3086,22,139,22,139,FALSE,FALSE
766,14,2617,2747,2776,2617,2747,2776,2617,2747,2776,130,159,130,159,FALSE,FALSE
766,15,2287,2448,2396,2287,2448,2396,2287,2448,2396,161,109,161,109,FALSE,FALSE
766,16,1976,2156,2034,1976,2156,2034,1976,2156,2034,180,58,180,58,FALSE,FALSE
766,17,1692,1872,1702,1692,1872,1702,1692,1872,1702,180,10,180,10,FALSE,FALSE
766,18,1394,1606,1437,1394,1606,1437,1394,1606,1437,212,43,212,43,FALSE,FALSE
766,19,1133,1334,1189,1133,1334,1189,1133,1334,1189,201,56,201,56,FALSE,FALSE
766,20,921,1122,987,921,1122,987,921,1122,987,201,66,201,66,FALSE,FALSE
766,21,768,937,798,768,937,798,768,937,798,169,30,169,30,FALSE,FALSE
766,22,634,740,644,634,740,644,634,740,644,106,10,106,10,FALSE,FALSE
766,23,509,590,511,509,590,511,509,590,511,81,2,81,2,FALSE,FALSE
766,24,428,472,408,428,472,408,428,472,408,44,-20,44,20,FALSE,FALSE
766,25,344,398,329,344,398,329,344,398,329,54,-15,54,15,FALSE,FALSE
766,26,281,312,277,281,312,277,281,312,277,31,-4,31,4,FALSE,FALSE
766,27,233,249,217,233,249,217,233,249,217,16,-16,16,16,FALSE,FALSE
766,28,184,205,180,184,205,180,184,205,180,21,-4,21,4,FALSE,FALSE
766,29,159,165,132,159,165,132,159,165,132,6,-27,6,27,FALSE,FALSE
766,30,134,127,106,134,127,106,134,127,106,-7,-28,7,28,FALSE,FALSE
766,31,109,97,90,109,97,90,109,97,90,-12,-19,12,19,FALSE,FALSE
766,32,82,81,70,82,81,70,82,81,70,-1,-12,1,12,FALSE,FALSE
766,33,70,62,55,70,62,55,70,62,55,-8,-15,8,15,FALSE,FALSE
766,34,58,45,47,58,45,47,58,45,47,-13,-11,13,11,FALSE,FALSE
766,35,51,37,38,51,37,38,51,37,38,-14,-13,14,13,FALSE,FALSE
766,36,43,31,30,43,31,30,43,31,30,-12,-13,12,13,FALSE,FALSE
766,37,34,31,21,34,31,21,34,31,21,-3,-13,3,13,FALSE,FALSE
766,38,23,24,16,23,24,16,23,24,16,1,-7,1,7,FALSE,FALSE
766,39,17,23,14,17,23,14,17,23,14,6,-3,6,3,FALSE,FALSE
766,40,13,19,15,13,19,15,13,19,15,6,2,6,2,FALSE,FALSE
766,41,12,15,12,12,15,12,12,15,12,3,0,3,0,FALSE,TRUE
766,42,10,12,11,10,12,11,10,12,11,2,1,2,1,FALSE,FALSE
766,43,11,7,11,11,7,11,11,7,11,-4,0,4,0,FALSE,TRUE
766,44,6,7,11,6,7,11,6,7,11,1,5,1,5,FALSE,FALSE
766,45,6,6,8,6,6,8,6,6,8,0,2,0,2,TRUE,FALSE
766,46,4,4,7,4,4,7,4,4,7,0,3,0,3,TRUE,FALSE
766,47,2,4,3,2,4,3,2,4,3,2,1,2,1,FALSE,FALSE
766,48,1,3,2,1,3,2,1,3,2,2,1,2,1,FALSE,FALSE
766,49,1,3,2,1,3,2,1,3,2,2,1,2,1,FALSE,FALSE
766,50,1,1,1,1,1,1,1,1,1,0,0,0,0,TRUE,TRUE
766,51,1,1,0,1,1,0,1,1,0,0,-1,0,1,TRUE,FALSE
766,52,1,1,0,1,1,0,1,1,0,0,-1,0,1,TRUE,FALSE
766,53,0,1,0,0,1,0,0,1,0,1,0,1,0,FALSE,TRUE
766,54,0,1,0,0,1,0,0,1,0,1,0,1,0,FALSE,TRUE
766,55,0,1,0,0,1,0,0,1,0,1,0,1,0,FALSE,TRUE
766,56,0,1,0,0,1,0,0,1,0,1,0,1,0,FALSE,TRUE
766,57,0,1,0,0,1,0,0,1,0,1,0,1,0,FALSE,TRUE
766,58,0,1,0,0,1,0,0,1,0,1,0,1,0,FALSE,TRUE
766,59,0,1,0,0,1,0,0,1,0,1,0,1,0,FALSE,TRUE
766,60,0,0,0,0,0,0,0,0,0,0,0,0,0,TRUE,TRUE
767,0,91,91,91,91,91,91,91,91,91,0,0,0,0,TRUE,TRUE
767,1,156,92,162,156,92,162,156,92,162,-64,6,64,6,FALSE,FALSE
767,2,262,95,283,262,95,283,262,95,283,-167,21,167,21,FALSE,FALSE
767,3,429,97,502,429,97,502,429,97,502,-332,73,332,73,FALSE,FALSE
767,4,731,98,870,731,98,870,731,98,870,-633,139,633,139,FALSE,FALSE
767,5,1170,95,1404,1170,95,1404,1170,95,1404,-1075,234,1075,234,FALSE,FALSE
767,6,1748,92,2108,1748,92,2108,1748,92,2108,-1656,360,1656,360,FALSE,FALSE
767,7,2482,94,2883,2482,94,2883,2482,94,2883,-2388,401,2388,401,FALSE,FALSE
767,8,3201,96,3650,3201,96,3650,3201,96,3650,-3105,449,3105,449,FALSE,FALSE
767,9,3709,96,4050,3709,96,4050,3709,96,4050,-3613,341,3613,341,FALSE,FALSE
767,10,3989,101,4081,3989,101,4081,3989,101,4081,-3888,92,3888,92,FALSE,FALSE
767,11,3886,100,3818,3886,100,3818,3886,100,3818,-3786,-68,3786,68,FALSE,FALSE
767,12,3581,115,3357,3581,115,3357,3581,115,3357,-3466,-224,3466,224,FALSE,FALSE
767,13,3109,111,2832,3109,111,2832,3109,111,2832,-2998,-277,2998,277,FALSE,FALSE
767,14,2636,116,2370,2636,116,2370,2636,116,2370,-2520,-266,2520,266,FALSE,FALSE
767,15,2178,120,1963,2178,120,1963,2178,120,1963,-2058,-215,2058,215,FALSE,FALSE
767,16,1820,119,1573,1820,119,1573,1820,119,1573,-1701,-247,1701,247,FALSE,FALSE
767,17,1515,114,1283,1515,114,1283,1515,114,1283,-1401,-232,1401,232,FALSE,FALSE
767,18,1236,123,1048,1236,123,1048,1236,123,1048,-1113,-188,1113,188,FALSE,FALSE
767,19,1010,118,851,1010,118,851,1010,118,851,-892,-159,892,159,FALSE,FALSE
767,20,810,119,693,810,119,693,810,119,693,-691,-117,691,117,FALSE,FALSE
767,21,640,120,567,640,120,567,640,120,567,-520,-73,520,73,FALSE,FALSE
767,22,512,127,461,512,127,461,512,127,461,-385,-51,385,51,FALSE,FALSE
767,23,402,130,361,402,130,361,402,130,361,-272,-41,272,41,FALSE,FALSE
767,24,322,137,296,322,137,296,322,137,296,-185,-26,185,26,FALSE,FALSE
767,25,255,142,228,255,142,228,255,142,228,-113,-27,113,27,FALSE,FALSE
767,26,197,142,181,197,142,181,197,142,181,-55,-16,55,16,FALSE,FALSE
767,27,159,142,143,159,142,143,159,142,143,-17,-16,17,16,FALSE,FALSE
767,28,119,141,118,119,141,118,119,141,118,22,-1,22,1,FALSE,FALSE
767,29,94,155,89,94,155,89,94,155,89,61,-5,61,5,FALSE,FALSE
767,30,73,153,79,73,153,79,73,153,79,80,6,80,6,FALSE,FALSE
767,31,58,155,59,58,155,59,58,155,59,97,1,97,1,FALSE,FALSE
767,32,48,155,45,48,155,45,48,155,45,107,-3,107,3,FALSE,FALSE
767,33,39,160,37,39,160,37,39,160,37,121,-2,121,2,FALSE,FALSE
767,34,32,156,29,32,156,29,32,156,29,124,-3,124,3,FALSE,FALSE
767,35,21,160,24,21,160,24,21,160,24,139,3,139,3,FALSE,FALSE
767,36,17,165,17,17,165,17,17,165,17,148,0,148,0,FALSE,TRUE
767,37,12,167,15,12,167,15,12,167,15,155,3,155,3,FALSE,FALSE
767,38,12,177,13,12,177,13,12,177,13,165,1,165,1,FALSE,FALSE
767,39,9,176,10,9,176,10,9,176,10,167,1,167,1,FALSE,FALSE
767,40,7,191,8,7,191,8,7,191,8,184,1,184,1,FALSE,FALSE
767,41,5,195,7,5,195,7,5,195,7,190,2,190,2,FALSE,FALSE
767,42,4,195,6,4,195,6,4,195,6,191,2,191,2,FALSE,FALSE
767,43,3,192,5,3,192,5,3,192,5,189,2,189,2,FALSE,FALSE
767,44,3,196,3,3,196,3,3,196,3,193,0,193,0,FALSE,TRUE
767,45,2,187,3,2,187,3,2,187,3,185,1,185,1,FALSE,FALSE
767,46,2,191,3,2,191,3,2,191,3,189,1,189,1,FALSE,FALSE
767,47,2,191,3,2,191,3,2,191,3,189,1,189,1,FALSE,FALSE
767,48,1,197,2,1,197,2,1,197,2,196,1,196,1,FALSE,FALSE
767,49,1,192,2,1,192,2,1,192,2,191,1,191,1,FALSE,FALSE
767,50,0,192,1,0,192,1,0,192,1,192,1,192,1,FALSE,FALSE
767,51,0,191,1,0,191,1,0,191,1,191,1,191,1,FALSE,FALSE
767,52,0,190,1,0,190,1,0,190,1,190,1,190,1,FALSE,FALSE
767,53,0,201,1,0,201,1,0,201,1,201,1,201,1,FALSE,FALSE
767,54,0,217,0,0,217,0,0,217,0,217,0,217,0,FALSE,TRUE
767,55,0,215,0,0,215,0,0,215,0,215,0,215,0,FALSE,TRUE
767,56,0,209,0,0,209,0,0,209,0,209,0,209,0,FALSE,TRUE
767,57,0,210,0,0,210,0,0,210,0,210,0,210,0,FALSE,TRUE
767,58,0,221,0,0,221,0,0,221,0,221,0,221,0,FALSE,TRUE
767,59,0,222,0,0,222,0,0,222,0,222,0,222,0,FALSE,TRUE
767,60,0,225,0,0,225,0,0,225,0,225,0,225,0,FALSE,TRUE
768,0,92,92,92,92,92,92,92,92,92,0,0,0,0,TRUE,TRUE
768,1,115,104,118,115,104,118,115,104,118,-11,3,11,3,FALSE,FALSE
768,2,136,114,164,136,114,164,136,114,164,-22,28,22,28,FALSE,FALSE
768,3,152,123,189,152,123,189,152,123,189,-29,37,29,37,FALSE,FALSE
768,4,170,149,215,170,149,215,170,149,215,-21,45,21,45,FALSE,FALSE
768,5,207,176,254,207,176,254,207,176,254,-31,47,31,47,FALSE,FALSE
768,6,231,192,310,231,192,310,231,192,310,-39,79,39,79,FALSE,FALSE
768,7,275,213,358,275,213,358,275,213,358,-62,83,62,83,FALSE,FALSE
768,8,314,234,401,314,234,401,314,234,401,-80,87,80,87,FALSE,FALSE
768,9,371,276,470,371,276,470,371,276,470,-95,99,95,99,FALSE,FALSE
768,10,416,300,514,416,300,514,416,300,514,-116,98,116,98,FALSE,FALSE
768,11,475,330,573,475,330,573,475,330,573,-145,98,145,98,FALSE,FALSE
768,12,536,369,670,536,369,670,536,369,670,-167,134,167,134,FALSE,FALSE
768,13,590,386,733,590,386,733,590,386,733,-204,143,204,143,FALSE,FALSE
768,14,647,423,760,647,423,760,647,423,760,-224,113,224,113,FALSE,FALSE
768,15,713,459,824,713,459,824,713,459,824,-254,111,254,111,FALSE,FALSE
768,16,776,496,860,776,496,860,776,496,860,-280,84,280,84,FALSE,FALSE
768,17,810,529,873,810,529,873,810,529,873,-281,63,281,63,FALSE,FALSE
768,18,841,568,872,841,568,872,841,568,872,-273,31,273,31,FALSE,FALSE
768,19,840,597,863,840,597,863,840,597,863,-243,23,243,23,FALSE,FALSE
768,20,838,636,825,838,636,825,838,636,825,-202,-13,202,13,FALSE,FALSE
768,21,830,666,823,830,666,823,830,666,823,-164,-7,164,7,FALSE,FALSE
768,22,776,660,787,776,660,787,776,660,787,-116,11,116,11,FALSE,FALSE
768,23,763,685,730,763,685,730,763,685,730,-78,-33,78,33,FALSE,FALSE
768,24,723,677,693,723,677,693,723,677,693,-46,-30,46,30,FALSE,FALSE
768,25,674,679,651,674,679,651,674,679,651,5,-23,5,23,FALSE,FALSE
768,26,630,695,601,630,695,601,630,695,601,65,-29,65,29,FALSE,FALSE
768,27,616,656,557,616,656,557,616,656,557,40,-59,40,59,FALSE,FALSE
768,28,558,631,517,558,631,517,558,631,517,73,-41,73,41,FALSE,FALSE
768,29,522,595,441,522,595,441,522,595,441,73,-81,73,81,FALSE,FALSE
768,30,471,577,402,471,577,402,471,577,402,106,-69,106,69,FALSE,FALSE
768,31,435,552,373,435,552,373,435,552,373,117,-62,117,62,FALSE,FALSE
768,32,416,499,312,416,499,312,416,499,312,83,-104,83,104,FALSE,FALSE
768,33,381,461,283,381,461,283,381,461,283,80,-98,80,98,FALSE,FALSE
768,34,353,417,250,353,417,250,353,417,250,64,-103,64,103,FALSE,FALSE
768,35,328,391,226,328,391,226,328,391,226,63,-102,63,102,FALSE,FALSE
768,36,291,344,186,291,344,186,291,344,186,53,-105,53,105,FALSE,FALSE
768,37,253,300,163,253,300,163,253,300,163,47,-90,47,90,FALSE,FALSE
768,38,239,286,149,239,286,149,239,286,149,47,-90,47,90,FALSE,FALSE
768,39,209,259,127,209,259,127,209,259,127,50,-82,50,82,FALSE,FALSE
768,40,191,228,115,191,228,115,191,228,115,37,-76,37,76,FALSE,FALSE
768,41,162,190,99,162,190,99,162,190,99,28,-63,28,63,FALSE,FALSE
768,42,148,178,88,148,178,88,148,178,88,30,-60,30,60,FALSE,FALSE
768,43,124,168,71,124,168,71,124,168,71,44,-53,44,53,FALSE,FALSE
768,44,105,144,61,105,144,61,105,144,61,39,-44,39,44,FALSE,FALSE
768,45,98,125,57,98,125,57,98,125,57,27,-41,27,41,FALSE,FALSE
768,46,94,114,54,94,114,54,94,114,54,20,-40,20,40,FALSE,FALSE
768,47,81,97,50,81,97,50,81,97,50,16,-31,16,31,FALSE,FALSE
768,48,66,88,42,66,88,42,66,88,42,22,-24,22,24,FALSE,FALSE
768,49,53,80,39,53,80,39,53,80,39,27,-14,27,14,FALSE,FALSE
768,50,48,70,29,48,70,29,48,70,29,22,-19,22,19,FALSE,FALSE
768,51,37,62,26,37,62,26,37,62,26,25,-11,25,11,FALSE,FALSE
768,52,38,54,20,38,54,20,38,54,20,16,-18,16,18,FALSE,FALSE
768,53,35,51,19,35,51,19,35,51,19,16,-16,16,16,FALSE,FALSE
768,54,28,50,14,28,50,14,28,50,14,22,-14,22,14,FALSE,FALSE
768,55,22,44,12,22,44,12,22,44,12,22,-10,22,10,FALSE,FALSE
768,56,20,38,12,20,38,12,20,38,12,18,-8,18,8,FALSE,FALSE
768,57,19,39,11,19,39,11,19,39,11,20,-8,20,8,FALSE,FALSE
768,58,19,34,11,19,34,11,19,34,11,15,-8,15,8,FALSE,FALSE
768,59,17,32,10,17,32,10,17,32,10,15,-7,15,7,FALSE,FALSE
768,60,13,26,7,13,26,7,13,26,7,13,-6,13,6,FALSE,FALSE
769,0,158,158,158,158,158,158,158,158,158,0,0,0,0,TRUE,TRUE
769,1,204,238,223,204,238,223,204,238,223,34,19,34,19,FALSE,FALSE
769,2,298,322,314,298,322,314,298,322,314,24,16,24,16,FALSE,FALSE
769,3,417,443,445,417,443,445,417,443,445,26,28,26,28,FALSE,FALSE
769,4,565,597,605,565,597,605,565,597,605,32,40,32,40,FALSE,FALSE
769,5,726,801,810,726,801,810,726,801,810,75,84,75,84,FALSE,FALSE
769,6,967,1057,1080,967,1057,1080,967,1057,1080,90,113,90,113,FALSE,FALSE
769,7,1276,1376,1463,1276,1376,1463,1276,1376,1463,100,187,100,187,FALSE,FALSE
769,8,1654,1792,1868,1654,1792,1868,1654,1792,1868,138,214,138,214,FALSE,FALSE
769,9,2100,2184,2318,2100,2184,2318,2100,2184,2318,84,218,84,218,FALSE,FALSE
769,10,2534,2549,2760,2534,2549,2760,2534,2549,2760,15,226,15,226,FALSE,FALSE
769,11,2983,2914,3187,2983,2914,3187,2983,2914,3187,-69,204,69,204,FALSE,FALSE
769,12,3321,3258,3542,3321,3258,3542,3321,3258,3542,-63,221,63,221,FALSE,FALSE
769,13,3583,3497,3752,3583,3497,3752,3583,3497,3752,-86,169,86,169,FALSE,FALSE
769,14,3752,3676,3845,3752,3676,3845,3752,3676,3845,-76,93,76,93,FALSE,FALSE
769,15,3820,3732,3834,3820,3732,3834,3820,3732,3834,-88,14,88,14,FALSE,FALSE
769,16,3799,3714,3747,3799,3714,3747,3799,3714,3747,-85,-52,85,52,FALSE,FALSE
769,17,3666,3526,3558,3666,3526,3558,3666,3526,3558,-140,-108,140,108,FALSE,FALSE
769,18,3540,3361,3355,3540,3361,3355,3540,3361,3355,-179,-185,179,185,FALSE,FALSE
769,19,3303,3225,3143,3303,3225,3143,3303,3225,3143,-78,-160,78,160,FALSE,FALSE
769,20,3119,2994,2970,3119,2994,2970,3119,2994,2970,-125,-149,125,149,FALSE,FALSE
769,21,2899,2759,2715,2899,2759,2715,2899,2759,2715,-140,-184,140,184,FALSE,FALSE
769,22,2626,2537,2509,2626,2537,2509,2626,2537,2509,-89,-117,89,117,FALSE,FALSE
769,23,2426,2334,2271,2426,2334,2271,2426,2334,2271,-92,-155,92,155,FALSE,FALSE
769,24,2219,2124,2102,2219,2124,2102,2219,2124,2102,-95,-117,95,117,FALSE,FALSE
769,25,2002,1932,1909,2002,1932,1909,2002,1932,1909,-70,-93,70,93,FALSE,FALSE
769,26,1813,1772,1716,1813,1772,1716,1813,1772,1716,-41,-97,41,97,FALSE,FALSE
769,27,1650,1609,1575,1650,1609,1575,1650,1609,1575,-41,-75,41,75,FALSE,FALSE
769,28,1478,1444,1414,1478,1444,1414,1478,1444,1414,-34,-64,34,64,FALSE,FALSE
769,29,1346,1310,1268,1346,1310,1268,1346,1310,1268,-36,-78,36,78,FALSE,FALSE
769,30,1195,1173,1151,1195,1173,1151,1195,1173,1151,-22,-44,22,44,FALSE,FALSE
769,31,1073,1051,1040,1073,1051,1040,1073,1051,1040,-22,-33,22,33,FALSE,FALSE
769,32,956,923,927,956,923,927,956,923,927,-33,-29,33,29,FALSE,FALSE
769,33,866,842,839,866,842,839,866,842,839,-24,-27,24,27,FALSE,FALSE
769,34,781,748,737,781,748,737,781,748,737,-33,-44,33,44,FALSE,FALSE
769,35,698,672,670,698,672,670,698,672,670,-26,-28,26,28,FALSE,FALSE
769,36,614,604,598,614,604,598,614,604,598,-10,-16,10,16,FALSE,FALSE
769,37,537,539,526,537,539,526,537,539,526,2,-11,2,11,FALSE,FALSE
769,38,481,472,466,481,472,466,481,472,466,-9,-15,9,15,FALSE,FALSE
769,39,432,414,402,432,414,402,432,414,402,-18,-30,18,30,FALSE,FALSE
769,40,378,364,368,378,364,368,378,364,368,-14,-10,14,10,FALSE,FALSE
769,41,332,323,319,332,323,319,332,323,319,-9,-13,9,13,FALSE,FALSE
769,42,309,294,283,309,294,283,309,294,283,-15,-26,15,26,FALSE,FALSE
769,43,273,266,254,273,266,254,273,266,254,-7,-19,7,19,FALSE,FALSE
769,44,243,225,231,243,225,231,243,225,231,-18,-12,18,12,FALSE,FALSE
769,45,214,203,203,214,203,203,214,203,203,-11,-11,11,11,FALSE,FALSE
769,46,192,179,182,192,179,182,192,179,182,-13,-10,13,10,FALSE,FALSE
769,47,173,165,157,173,165,157,173,165,157,-8,-16,8,16,FALSE,FALSE
769,48,149,146,132,149,146,132,149,146,132,-3,-17,3,17,FALSE,FALSE
769,49,135,123,123,135,123,123,135,123,123,-12,-12,12,12,FALSE,FALSE
769,50,120,109,109,120,109,109,120,109,109,-11,-11,11,11,FALSE,FALSE
769,51,106,97,98,106,97,98,106,97,98,-9,-8,9,8,FALSE,FALSE
769,52,95,84,85,95,84,85,95,84,85,-11,-10,11,10,FALSE,FALSE
769,53,79,77,74,79,77,74,79,77,74,-2,-5,2,5,FALSE,FALSE
769,54,68,69,61,68,69,61,68,69,61,1,-7,1,7,FALSE,FALSE
769,55,63,60,56,63,60,56,63,60,56,-3,-7,3,7,FALSE,FALSE
769,56,57,52,52,57,52,52,57,52,52,-5,-5,5,5,FALSE,FALSE
769,57,53,44,47,53,44,47,53,44,47,-9,-6,9,6,FALSE,FALSE
769,58,51,40,38,51,40,38,51,40,38,-11,-13,11,13,FALSE,FALSE
769,59,49,37,35,49,37,35,49,37,35,-12,-14,12,14,FALSE,FALSE
769,60,42,35,33,42,35,33,42,35,33,-7,-9,7,9,FALSE,FALSE
770,0,82,82,82,82,82,82,82,82,82,0,0,0,0,TRUE,TRUE
770,1,116,124,125,116,124,125,116,124,125,8,9,8,9,FALSE,FALSE
770,2,184,185,174,184,185,174,184,185,174,1,-10,1,10,FALSE,FALSE
770,3,268,272,263,268,272,263,268,272,263,4,-5,4,5,FALSE,FALSE
770,4,395,430,379,395,430,379,395,430,379,35,-16,35,16,FALSE,FALSE
770,5,584,606,542,584,606,542,584,606,542,22,-42,22,42,FALSE,FALSE
770,6,843,816,754,843,816,754,843,816,754,-27,-89,27,89,FALSE,FALSE
770,7,1133,1092,994,1133,1092,994,1133,1092,994,-41,-139,41,139,FALSE,FALSE
770,8,1496,1337,1282,1496,1337,1282,1496,1337,1282,-159,-214,159,214,FALSE,FALSE
770,9,1761,1581,1601,1761,1581,1601,1761,1581,1601,-180,-160,180,160,FALSE,FALSE
770,10,1992,1803,1900,1992,1803,1900,1992,1803,1900,-189,-92,189,92,FALSE,FALSE
770,11,2213,1968,2100,2213,1968,2100,2213,1968,2100,-245,-113,245,113,FALSE,FALSE
770,12,2277,2027,2206,2277,2027,2206,2277,2027,2206,-250,-71,250,71,FALSE,FALSE
770,13,2244,2009,2218,2244,2009,2218,2244,2009,2218,-235,-26,235,26,FALSE,FALSE
770,14,2093,1912,2118,2093,1912,2118,2093,1912,2118,-181,25,181,25,FALSE,FALSE
770,15,1868,1816,1915,1868,1816,1915,1868,1816,1915,-52,47,52,47,FALSE,FALSE
770,16,1723,1703,1731,1723,1703,1731,1723,1703,1731,-20,8,20,8,FALSE,FALSE
770,17,1487,1531,1547,1487,1531,1547,1487,1531,1547,44,60,44,60,FALSE,FALSE
770,18,1266,1367,1380,1266,1367,1380,1266,1367,1380,101,114,101,114,FALSE,FALSE
770,19,1078,1199,1224,1078,1199,1224,1078,1199,1224,121,146,121,146,FALSE,FALSE
770,20,942,1055,1044,942,1055,1044,942,1055,1044,113,102,113,102,FALSE,FALSE
770,21,813,906,910,813,906,910,813,906,910,93,97,93,97,FALSE,FALSE
770,22,695,805,784,695,805,784,695,805,784,110,89,110,89,FALSE,FALSE
770,23,596,674,666,596,674,666,596,674,666,78,70,78,70,FALSE,FALSE
770,24,501,588,558,501,588,558,501,588,558,87,57,87,57,FALSE,FALSE
770,25,440,485,475,440,485,475,440,485,475,45,35,45,35,FALSE,FALSE
770,26,375,425,408,375,425,408,375,425,408,50,33,50,33,FALSE,FALSE
770,27,324,363,344,324,363,344,324,363,344,39,20,39,20,FALSE,FALSE
770,28,286,322,282,286,322,282,286,322,282,36,-4,36,4,FALSE,FALSE
770,29,236,273,242,236,273,242,236,273,242,37,6,37,6,FALSE,FALSE
770,30,198,227,189,198,227,189,198,227,189,29,-9,29,9,FALSE,FALSE
770,31,169,184,152,169,184,152,169,184,152,15,-17,15,17,FALSE,FALSE
770,32,143,164,125,143,164,125,143,164,125,21,-18,21,18,FALSE,FALSE
770,33,125,136,106,125,136,106,125,136,106,11,-19,11,19,FALSE,FALSE
770,34,111,111,85,111,111,85,111,111,85,0,-26,0,26,TRUE,FALSE
770,35,89,91,69,89,91,69,89,91,69,2,-20,2,20,FALSE,FALSE
770,36,71,83,59,71,83,59,71,83,59,12,-12,12,12,FALSE,FALSE
770,37,58,73,52,58,73,52,58,73,52,15,-6,15,6,FALSE,FALSE
770,38,44,64,46,44,64,46,44,64,46,20,2,20,2,FALSE,FALSE
770,39,37,57,37,37,57,37,37,57,37,20,0,20,0,FALSE,TRUE
770,40,33,50,28,33,50,28,33,50,28,17,-5,17,5,FALSE,FALSE
770,41,26,44,22,26,44,22,26,44,22,18,-4,18,4,FALSE,FALSE
770,42,19,38,21,19,38,21,19,38,21,19,2,19,2,FALSE,FALSE
770,43,15,29,18,15,29,18,15,29,18,14,3,14,3,FALSE,FALSE
770,44,14,22,16,14,22,16,14,22,16,8,2,8,2,FALSE,FALSE
770,45,13,21,13,13,21,13,13,21,13,8,0,8,0,FALSE,TRUE
770,46,11,14,10,11,14,10,11,14,10,3,-1,3,1,FALSE,FALSE
770,47,10,11,9,10,11,9,10,11,9,1,-1,1,1,FALSE,FALSE
770,48,9,9,6,9,9,6,9,9,6,0,-3,0,3,TRUE,FALSE
770,49,6,9,3,6,9,3,6,9,3,3,-3,3,3,FALSE,FALSE
770,50,5,8,3,5,8,3,5,8,3,3,-2,3,2,FALSE,FALSE
770,51,5,8,2,5,8,2,5,8,2,3,-3,3,3,FALSE,FALSE
770,52,5,8,1,5,8,1,5,8,1,3,-4,3,4,FALSE,FALSE
770,53,5,7,1,5,7,1,5,7,1,2,-4,2,4,FALSE,FALSE
770,54,4,6,1,4,6,1,4,6,1,2,-3,2,3,FALSE,FALSE
770,55,2,6,1,2,6,1,2,6,1,4,-1,4,1,FALSE,FALSE
770,56,2,4,1,2,4,1,2,4,1,2,-1,2,1,FALSE,FALSE
770,57,2,3,1,2,3,1,2,3,1,1,-1,1,1,FALSE,FALSE
770,58,2,3,1,2,3,1,2,3,1,1,-1,1,1,FALSE,FALSE
770,59,2,3,1,2,3,1,2,3,1,1,-1,1,1,FALSE,FALSE
770,60,2,2,0,2,2,0,2,2,0,0,-2,0,2,TRUE,FALSE
771,0,58,58,58,58,58,58,58,58,58,0,0,0,0,TRUE,TRUE
771,1,69,59,64,69,59,64,69,59,64,-10,-5,10,5,FALSE,FALSE
771,2,81,67,72,81,67,72,81,67,72,-14,-9,14,9,FALSE,FALSE
771,3,94,71,77,94,71,77,94,71,77,-23,-17,23,17,FALSE,FALSE
771,4,99,80,80,99,80,80,99,80,80,-19,-19,19,19,FALSE,FALSE
771,5,112,84,87,112,84,87,112,84,87,-28,-25,28,25,FALSE,FALSE
771,6,119,102,88,119,102,88,119,102,88,-17,-31,17,31,FALSE,FALSE
771,7,130,122,92,130,122,92,130,122,92,-8,-38,8,38,FALSE,FALSE
771,8,143,144,96,143,144,96,143,144,96,1,-47,1,47,FALSE,FALSE
771,9,153,149,107,153,149,107,153,149,107,-4,-46,4,46,FALSE,FALSE
771,10,177,176,113,177,176,113,177,176,113,-1,-64,1,64,FALSE,FALSE
771,11,181,209,136,181,209,136,181,209,136,28,-45,28,45,FALSE,FALSE
771,12,199,232,148,199,232,148,199,232,148,33,-51,33,51,FALSE,FALSE
771,13,210,253,165,210,253,165,210,253,165,43,-45,43,45,FALSE,FALSE
771,14,214,278,175,214,278,175,214,278,175,64,-39,64,39,FALSE,FALSE
771,15,254,292,185,254,292,185,254,292,185,38,-69,38,69,FALSE,FALSE
771,16,283,312,201,283,312,201,283,312,201,29,-82,29,82,FALSE,FALSE
771,17,306,344,207,306,344,207,306,344,207,38,-99,38,99,FALSE,FALSE
771,18,324,377,228,324,377,228,324,377,228,53,-96,53,96,FALSE,FALSE
771,19,341,432,248,341,432,248,341,432,248,91,-93,91,93,FALSE,FALSE
771,20,375,480,274,375,480,274,375,480,274,105,-101,105,101,FALSE,FALSE
771,21,410,529,274,410,529,274,410,529,274,119,-136,119,136,FALSE,FALSE
771,22,443,573,283,443,573,283,443,573,283,130,-160,130,160,FALSE,FALSE
771,23,473,615,311,473,615,311,473,615,311,142,-162,142,162,FALSE,FALSE
771,24,517,650,340,517,650,340,517,650,340,133,-177,133,177,FALSE,FALSE
771,25,527,699,365,527,699,365,527,699,365,172,-162,172,162,FALSE,FALSE
771,26,559,759,370,559,759,370,559,759,370,200,-189,200,189,FALSE,FALSE
771,27,583,810,398,583,810,398,583,810,398,227,-185,227,185,FALSE,FALSE
771,28,613,860,419,613,860,419,613,860,419,247,-194,247,194,FALSE,FALSE
771,29,649,926,455,649,926,455,649,926,455,277,-194,277,194,FALSE,FALSE
771,30,684,964,488,684,964,488,684,964,488,280,-196,280,196,FALSE,FALSE
771,31,733,1013,531,733,1013,531,733,1013,531,280,-202,280,202,FALSE,FALSE
771,32,784,1106,566,784,1106,566,784,1106,566,322,-218,322,218,FALSE,FALSE
771,33,836,1170,602,836,1170,602,836,1170,602,334,-234,334,234,FALSE,FALSE
771,34,869,1226,624,869,1226,624,869,1226,624,357,-245,357,245,FALSE,FALSE
771,35,901,1258,672,901,1258,672,901,1258,672,357,-229,357,229,FALSE,FALSE
771,36,905,1273,699,905,1273,699,905,1273,699,368,-206,368,206,FALSE,FALSE
771,37,943,1289,733,943,1289,733,943,1289,733,346,-210,346,210,FALSE,FALSE
771,38,1009,1307,753,1009,1307,753,1009,1307,753,298,-256,298,256,FALSE,FALSE
771,39,1032,1310,789,1032,1310,789,1032,1310,789,278,-243,278,243,FALSE,FALSE
771,40,1049,1307,831,1049,1307,831,1049,1307,831,258,-218,258,218,FALSE,FALSE
771,41,1067,1298,889,1067,1298,889,1067,1298,889,231,-178,231,178,FALSE,FALSE
771,42,1095,1309,938,1095,1309,938,1095,1309,938,214,-157,214,157,FALSE,FALSE
771,43,1113,1293,978,1113,1293,978,1113,1293,978,180,-135,180,135,FALSE,FALSE
771,44,1101,1283,990,1101,1283,990,1101,1283,990,182,-111,182,111,FALSE,FALSE
771,45,1111,1254,1030,1111,1254,1030,1111,1254,1030,143,-81,143,81,FALSE,FALSE
771,46,1111,1217,1053,1111,1217,1053,1111,1217,1053,106,-58,106,58,FALSE,FALSE
771,47,1102,1178,1085,1102,1178,1085,1102,1178,1085,76,-17,76,17,FALSE,FALSE
771,48,1108,1142,1091,1108,1142,1091,1108,1142,1091,34,-17,34,17,FALSE,FALSE
771,49,1114,1119,1097,1114,1119,1097,1114,1119,1097,5,-17,5,17,FALSE,FALSE
771,50,1108,1084,1114,1108,1084,1114,1108,1084,1114,-24,6,24,6,FALSE,FALSE
771,51,1083,1046,1116,1083,1046,1116,1083,1046,1116,-37,33,37,33,FALSE,FALSE
771,52,1071,1016,1112,1071,1016,1112,1071,1016,1112,-55,41,55,41,FALSE,FALSE
771,53,1036,984,1137,1036,984,1137,1036,984,1137,-52,101,52,101,FALSE,FALSE
771,54,1019,964,1113,1019,964,1113,1019,964,1113,-55,94,55,94,FALSE,FALSE
771,55,1002,934,1105,1002,934,1105,1002,934,1105,-68,103,68,103,FALSE,FALSE
771,56,968,904,1131,968,904,1131,968,904,1131,-64,163,64,163,FALSE,FALSE
771,57,947,886,1092,947,886,1092,947,886,1092,-61,145,61,145,FALSE,FALSE
771,58,922,840,1094,922,840,1094,922,840,1094,-82,172,82,172,FALSE,FALSE
771,59,894,799,1072,894,799,1072,894,799,1072,-95,178,95,178,FALSE,FALSE
771,60,856,752,1063,856,752,1063,856,752,1063,-104,207,104,207,FALSE,FALSE
772,0,85,85,85,85,85,85,85,85,85,0,0,0,0,TRUE,TRUE
772,1,129,119,150,129,119,150,129,119,150,-10,21,10,21,FALSE,FALSE
772,2,199,184,225,199,184,225,199,184,225,-15,26,15,26,FALSE,FALSE
772,3,291,248,351,291,248,351,291,248,351,-43,60,43,60,FALSE,FALSE
772,4,416,374,467,416,374,467,416,374,467,-42,51,42,51,FALSE,FALSE
772,5,582,529,667,582,529,667,582,529,667,-53,85,53,85,FALSE,FALSE
772,6,812,743,926,812,743,926,812,743,926,-69,114,69,114,FALSE,FALSE
772,7,1125,1002,1230,1125,1002,1230,1125,1002,1230,-123,105,123,105,FALSE,FALSE
772,8,1467,1343,1558,1467,1343,1558,1467,1343,1558,-124,91,124,91,FALSE,FALSE
772,9,1865,1691,1914,1865,1691,1914,1865,1691,1914,-174,49,174,49,FALSE,FALSE
772,10,2245,2012,2202,2245,2012,2202,2245,2012,2202,-233,-43,233,43,FALSE,FALSE
772,11,2543,2344,2448,2543,2344,2448,2543,2344,2448,-199,-95,199,95,FALSE,FALSE
772,12,2777,2601,2653,2777,2601,2653,2777,2601,2653,-176,-124,176,124,FALSE,FALSE
772,13,2855,2700,2770,2855,2700,2770,2855,2700,2770,-155,-85,155,85,FALSE,FALSE
772,14,2786,2745,2709,2786,2745,2709,2786,2745,2709,-41,-77,41,77,FALSE,FALSE
772,15,2721,2648,2609,2721,2648,2609,2721,2648,2609,-73,-112,73,112,FALSE,FALSE
772,16,2556,2494,2499,2556,2494,2499,2556,2494,2499,-62,-57,62,57,FALSE,FALSE
772,17,2343,2335,2322,2343,2335,2322,2343,2335,2322,-8,-21,8,21,FALSE,FALSE
772,18,2115,2144,2132,2115,2144,2132,2115,2144,2132,29,17,29,17,FALSE,FALSE
772,19,1906,1946,1931,1906,1946,1931,1906,1946,1931,40,25,40,25,FALSE,FALSE
772,20,1698,1698,1728,1698,1698,1728,1698,1698,1728,0,30,0,30,TRUE,FALSE
772,21,1500,1539,1545,1500,1539,1545,1500,1539,1545,39,45,39,45,FALSE,FALSE
772,22,1341,1369,1356,1341,1369,1356,1341,1369,1356,28,15,28,15,FALSE,FALSE
772,23,1158,1217,1194,1158,1217,1194,1158,1217,1194,59,36,59,36,FALSE,FALSE
772,24,1019,1050,1050,1019,1050,1050,1019,1050,1050,31,31,31,31,FALSE,FALSE
772,25,876,909,909,876,909,909,876,909,909,33,33,33,33,FALSE,FALSE
772,26,770,792,791,770,792,791,770,792,791,22,21,22,21,FALSE,FALSE
772,27,682,685,668,682,685,668,682,685,668,3,-14,3,14,FALSE,FALSE
772,28,596,583,584,596,583,584,596,583,584,-13,-12,13,12,FALSE,FALSE
772,29,527,499,520,527,499,520,527,499,520,-28,-7,28,7,FALSE,FALSE
772,30,464,444,450,464,444,450,464,444,450,-20,-14,20,14,FALSE,FALSE
772,31,405,368,375,405,368,375,405,368,375,-37,-30,37,30,FALSE,FALSE
772,32,352,308,329,352,308,329,352,308,329,-44,-23,44,23,FALSE,FALSE
772,33,308,262,280,308,262,280,308,262,280,-46,-28,46,28,FALSE,FALSE
772,34,259,216,248,259,216,248,259,216,248,-43,-11,43,11,FALSE,FALSE
772,35,225,194,222,225,194,222,225,194,222,-31,-3,31,3,FALSE,FALSE
772,36,195,171,190,195,171,190,195,171,190,-24,-5,24,5,FALSE,FALSE
772,37,167,147,164,167,147,164,167,147,164,-20,-3,20,3,FALSE,FALSE
772,38,144,132,136,144,132,136,144,132,136,-12,-8,12,8,FALSE,FALSE
772,39,128,113,111,128,113,111,128,113,111,-15,-17,15,17,FALSE,FALSE
772,40,106,93,86,106,93,86,106,93,86,-13,-20,13,20,FALSE,FALSE
772,41,89,74,78,89,74,78,89,74,78,-15,-11,15,11,FALSE,FALSE
772,42,81,64,70,81,64,70,81,64,70,-17,-11,17,11,FALSE,FALSE
772,43,72,59,64,72,59,64,72,59,64,-13,-8,13,8,FALSE,FALSE
772,44,60,48,58,60,48,58,60,48,58,-12,-2,12,2,FALSE,FALSE
772,45,52,42,48,52,42,48,52,42,48,-10,-4,10,4,FALSE,FALSE
772,46,43,34,41,43,34,41,43,34,41,-9,-2,9,2,FALSE,FALSE
772,47,38,32,40,38,32,40,38,32,40,-6,2,6,2,FALSE,FALSE
772,48,33,27,36,33,27,36,33,27,36,-6,3,6,3,FALSE,FALSE
772,49,30,22,31,30,22,31,30,22,31,-8,1,8,1,FALSE,FALSE
772,50,29,19,27,29,19,27,29,19,27,-10,-2,10,2,FALSE,FALSE
772,51,27,19,26,27,19,26,27,19,26,-8,-1,8,1,FALSE,FALSE
772,52,25,17,21,25,17,21,25,17,21,-8,-4,8,4,FALSE,FALSE
772,53,20,12,16,20,12,16,20,12,16,-8,-4,8,4,FALSE,FALSE
772,54,17,10,11,17,10,11,17,10,11,-7,-6,7,6,FALSE,FALSE
772,55,15,8,9,15,8,9,15,8,9,-7,-6,7,6,FALSE,FALSE
772,56,12,6,7,12,6,7,12,6,7,-6,-5,6,5,FALSE,FALSE
772,57,8,6,7,8,6,7,8,6,7,-2,-1,2,1,FALSE,FALSE
772,58,8,4,6,8,4,6,8,4,6,-4,-2,4,2,FALSE,FALSE
772,59,8,3,5,8,3,5,8,3,5,-5,-3,5,3,FALSE,FALSE
772,60,7,2,5,7,2,5,7,2,5,-5,-2,5,2,FALSE,FALSE
773,0,133,133,133,133,133,133,133,133,133,0,0,0,0,TRUE,TRUE
773,1,195,195,223,195,195,223,195,195,223,0,28,0,28,TRUE,FALSE
773,2,300,319,369,300,319,369,300,319,369,19,69,19,69,FALSE,FALSE
773,3,468,519,590,468,519,590,468,519,590,51,122,51,122,FALSE,FALSE
773,4,699,752,873,699,752,873,699,752,873,53,174,53,174,FALSE,FALSE
773,5,1056,1116,1263,1056,1116,1263,1056,1116,1263,60,207,60,207,FALSE,FALSE
773,6,1514,1475,1771,1514,1475,1771,1514,1475,1771,-39,257,39,257,FALSE,FALSE
773,7,2032,1900,2243,2032,1900,2243,2032,1900,2243,-132,211,132,211,FALSE,FALSE
773,8,2471,2227,2652,2471,2227,2652,2471,2227,2652,-244,181,244,181,FALSE,FALSE
773,9,2842,2502,2924,2842,2502,2924,2842,2502,2924,-340,82,340,82,FALSE,FALSE
773,10,3011,2617,2976,3011,2617,2976,3011,2617,2976,-394,-35,394,35,FALSE,FALSE
773,11,2958,2622,2850,2958,2622,2850,2958,2622,2850,-336,-108,336,108,FALSE,FALSE
773,12,2778,2480,2668,2778,2480,2668,2778,2480,2668,-298,-110,298,110,FALSE,FALSE
773,13,2530,2284,2435,2530,2284,2435,2530,2284,2435,-246,-95,246,95,FALSE,FALSE
773,14,2262,2088,2203,2262,2088,2203,2262,2088,2203,-174,-59,174,59,FALSE,FALSE
773,15,2006,1836,1900,2006,1836,1900,2006,1836,1900,-170,-106,170,106,FALSE,FALSE
773,16,1727,1622,1607,1727,1622,1607,1727,1622,1607,-105,-120,105,120,FALSE,FALSE
773,17,1489,1428,1370,1489,1428,1370,1489,1428,1370,-61,-119,61,119,FALSE,FALSE
773,18,1280,1237,1153,1280,1237,1153,1280,1237,1153,-43,-127,43,127,FALSE,FALSE
773,19,1099,1043,977,1099,1043,977,1099,1043,977,-56,-122,56,122,FALSE,FALSE
773,20,919,906,812,919,906,812,919,906,812,-13,-107,13,107,FALSE,FALSE
773,21,780,762,683,780,762,683,780,762,683,-18,-97,18,97,FALSE,FALSE
773,22,663,642,586,663,642,586,663,642,586,-21,-77,21,77,FALSE,FALSE
773,23,555,546,487,555,546,487,555,546,487,-9,-68,9,68,FALSE,FALSE
773,24,469,469,409,469,469,409,469,469,409,0,-60,0,60,TRUE,FALSE
773,25,380,389,344,380,389,344,380,389,344,9,-36,9,36,FALSE,FALSE
773,26,318,325,293,318,325,293,318,325,293,7,-25,7,25,FALSE,FALSE
773,27,258,263,236,258,263,236,258,263,236,5,-22,5,22,FALSE,FALSE
773,28,220,226,199,220,226,199,220,226,199,6,-21,6,21,FALSE,FALSE
773,29,189,192,158,189,192,158,189,192,158,3,-31,3,31,FALSE,FALSE
773,30,168,157,133,168,157,133,168,157,133,-11,-35,11,35,FALSE,FALSE
773,31,150,126,114,150,126,114,150,126,114,-24,-36,24,36,FALSE,FALSE
773,32,124,106,91,124,106,91,124,106,91,-18,-33,18,33,FALSE,FALSE
773,33,106,86,69,106,86,69,106,86,69,-20,-37,20,37,FALSE,FALSE
773,34,85,71,51,85,71,51,85,71,51,-14,-34,14,34,FALSE,FALSE
773,35,71,63,42,71,63,42,71,63,42,-8,-29,8,29,FALSE,FALSE
773,36,62,50,38,62,50,38,62,50,38,-12,-24,12,24,FALSE,FALSE
773,37,57,39,37,57,39,37,57,39,37,-18,-20,18,20,FALSE,FALSE
773,38,47,36,33,47,36,33,47,36,33,-11,-14,11,14,FALSE,FALSE
773,39,39,29,29,39,29,29,39,29,29,-10,-10,10,10,FALSE,FALSE
773,40,30,21,26,30,21,26,30,21,26,-9,-4,9,4,FALSE,FALSE
773,41,28,20,20,28,20,20,28,20,20,-8,-8,8,8,FALSE,FALSE
773,42,21,18,16,21,18,16,21,18,16,-3,-5,3,5,FALSE,FALSE
773,43,22,18,12,22,18,12,22,18,12,-4,-10,4,10,FALSE,FALSE
773,44,20,12,9,20,12,9,20,12,9,-8,-11,8,11,FALSE,FALSE
773,45,17,9,7,17,9,7,17,9,7,-8,-10,8,10,FALSE,FALSE
773,46,10,8,7,10,8,7,10,8,7,-2,-3,2,3,FALSE,FALSE
773,47,8,8,6,8,8,6,8,8,6,0,-2,0,2,TRUE,FALSE
773,48,6,8,5,6,8,5,6,8,5,2,-1,2,1,FALSE,FALSE
773,49,3,6,4,3,6,4,3,6,4,3,1,3,1,FALSE,FALSE
773,50,3,6,4,3,6,4,3,6,4,3,1,3,1,FALSE,FALSE
773,51,1,4,3,1,4,3,1,4,3,3,2,3,2,FALSE,FALSE
773,52,1,3,2,1,3,2,1,3,2,2,1,2,1,FALSE,FALSE
773,53,1,3,2,1,3,2,1,3,2,2,1,2,1,FALSE,FALSE
773,54,2,4,2,2,4,2,2,4,2,2,0,2,0,FALSE,TRUE
773,55,2,3,2,2,3,2,2,3,2,1,0,1,0,FALSE,TRUE
773,56,1,2,2,1,2,2,1,2,2,1,1,1,1,FALSE,FALSE
773,57,1,2,1,1,2,1,1,2,1,1,0,1,0,FALSE,TRUE
773,58,1,1,1,1,1,1,1,1,1,0,0,0,0,TRUE,TRUE
773,59,1,1,1,1,1,1,1,1,1,0,0,0,0,TRUE,TRUE
773,60,1,1,1,1,1,1,1,1,1,0,0,0,0,TRUE,TRUE
774,0,76,76,76,76,76,76,76,76,76,0,0,0,0,TRUE,TRUE
774,1,153,136,140,153,136,140,153,136,140,-17,-13,17,13,FALSE,FALSE
774,2,275,232,231,275,232,231,275,232,231,-43,-44,43,44,FALSE,FALSE
774,3,518,378,375,518,378,375,518,378,375,-140,-143,140,143,FALSE,FALSE
774,4,905,627,603,905,627,603,905,627,603,-278,-302,278,302,FALSE,FALSE
774,5,1467,1062,982,1467,1062,982,1467,1062,982,-405,-485,405,485,FALSE,FALSE
774,6,2239,1618,1546,2239,1618,1546,2239,1618,1546,-621,-693,621,693,FALSE,FALSE
774,7,3106,2384,2360,3106,2384,2360,3106,2384,2360,-722,-746,722,746,FALSE,FALSE
774,8,3871,3133,3243,3871,3133,3243,3871,3133,3243,-738,-628,738,628,FALSE,FALSE
774,9,4318,3774,3859,4318,3774,3859,4318,3774,3859,-544,-459,544,459,FALSE,FALSE
774,10,4418,4167,4295,4418,4167,4295,4418,4167,4295,-251,-123,251,123,FALSE,FALSE
774,11,4097,4184,4268,4097,4184,4268,4097,4184,4268,87,171,87,171,FALSE,FALSE
774,12,3580,3963,3934,3580,3963,3934,3580,3963,3934,383,354,383,354,FALSE,FALSE
774,13,3081,3599,3470,3081,3599,3470,3081,3599,3470,518,389,518,389,FALSE,FALSE
774,14,2605,3184,2994,2605,3184,2994,2605,3184,2994,579,389,579,389,FALSE,FALSE
774,15,2123,2704,2545,2123,2704,2545,2123,2704,2545,581,422,581,422,FALSE,FALSE
774,16,1780,2292,2144,1780,2292,2144,1780,2292,2144,512,364,512,364,FALSE,FALSE
774,17,1435,1912,1791,1435,1912,1791,1435,1912,1791,477,356,477,356,FALSE,FALSE
774,18,1160,1578,1479,1160,1578,1479,1160,1578,1479,418,319,418,319,FALSE,FALSE
774,19,954,1324,1213,954,1324,1213,954,1324,1213,370,259,370,259,FALSE,FALSE
774,20,801,1089,979,801,1089,979,801,1089,979,288,178,288,178,FALSE,FALSE
774,21,640,901,775,640,901,775,640,901,775,261,135,261,135,FALSE,FALSE
774,22,530,746,629,530,746,629,530,746,629,216,99,216,99,FALSE,FALSE
774,23,417,619,505,417,619,505,417,619,505,202,88,202,88,FALSE,FALSE
774,24,336,493,409,336,493,409,336,493,409,157,73,157,73,FALSE,FALSE
774,25,279,388,320,279,388,320,279,388,320,109,41,109,41,FALSE,FALSE
774,26,228,321,255,228,321,255,228,321,255,93,27,93,27,FALSE,FALSE
774,27,188,273,199,188,273,199,188,273,199,85,11,85,11,FALSE,FALSE
774,28,158,221,166,158,221,166,158,221,166,63,8,63,8,FALSE,FALSE
774,29,124,180,131,124,180,131,124,180,131,56,7,56,7,FALSE,FALSE
774,30,104,146,108,104,146,108,104,146,108,42,4,42,4,FALSE,FALSE
774,31,87,114,87,87,114,87,87,114,87,27,0,27,0,FALSE,TRUE
774,32,71,86,71,71,86,71,71,86,71,15,0,15,0,FALSE,TRUE
774,33,60,77,55,60,77,55,60,77,55,17,-5,17,5,FALSE,FALSE
774,34,48,61,37,48,61,37,48,61,37,13,-11,13,11,FALSE,FALSE
774,35,37,47,25,37,47,25,37,47,25,10,-12,10,12,FALSE,FALSE
774,36,30,39,22,30,39,22,30,39,22,9,-8,9,8,FALSE,FALSE
774,37,21,32,19,21,32,19,21,32,19,11,-2,11,2,FALSE,FALSE
774,38,16,29,18,16,29,18,16,29,18,13,2,13,2,FALSE,FALSE
774,39,11,25,16,11,25,16,11,25,16,14,5,14,5,FALSE,FALSE
774,40,9,20,13,9,20,13,9,20,13,11,4,11,4,FALSE,FALSE
774,41,8,18,14,8,18,14,8,18,14,10,6,10,6,FALSE,FALSE
774,42,8,14,12,8,14,12,8,14,12,6,4,6,4,FALSE,FALSE
774,43,5,13,9,5,13,9,5,13,9,8,4,8,4,FALSE,FALSE
774,44,5,10,7,5,10,7,5,10,7,5,2,5,2,FALSE,FALSE
774,45,3,9,6,3,9,6,3,9,6,6,3,6,3,FALSE,FALSE
774,46,2,7,3,2,7,3,2,7,3,5,1,5,1,FALSE,FALSE
774,47,2,7,3,2,7,3,2,7,3,5,1,5,1,FALSE,FALSE
774,48,1,6,2,1,6,2,1,6,2,5,1,5,1,FALSE,FALSE
774,49,1,6,2,1,6,2,1,6,2,5,1,5,1,FALSE,FALSE
774,50,1,5,2,1,5,2,1,5,2,4,1,4,1,FALSE,FALSE
774,51,0,4,0,0,4,0,0,4,0,4,0,4,0,FALSE,TRUE
774,52,0,3,0,0,3,0,0,3,0,3,0,3,0,FALSE,TRUE
774,53,0,1,0,0,1,0,0,1,0,1,0,1,0,FALSE,TRUE
774,54,0,1,0,0,1,0,0,1,0,1,0,1,0,FALSE,TRUE
774,55,0,1,0,0,1,0,0,1,0,1,0,1,0,FALSE,TRUE
774,56,0,1,0,0,1,0,0,1,0,1,0,1,0,FALSE,TRUE
774,57,0,0,0,0,0,0,0,0,0,0,0,0,0,TRUE,TRUE
774,58,0,0,0,0,0,0,0,0,0,0,0,0,0,TRUE,TRUE
774,59,0,0,0,0,0,0,0,0,0,0,0,0,0,TRUE,TRUE
774,60,0,0,0,0,0,0,0,0,0,0,0,0,0,TRUE,TRUE
775,0,74,74,74,74,74,74,74,74,74,0,0,0,0,TRUE,TRUE
775,1,102,91,99,102,91,99,102,91,99,-11,-3,11,3,FALSE,FALSE
775,2,147,130,151,147,130,151,147,130,151,-17,4,17,4,FALSE,FALSE
775,3,211,171,221,211,171,221,211,171,221,-40,10,40,10,FALSE,FALSE
775,4,298,244,309,298,244,309,298,244,309,-54,11,54,11,FALSE,FALSE
775,5,397,330,436,397,330,436,397,330,436,-67,39,67,39,FALSE,FALSE
775,6,537,473,569,537,473,569,537,473,569,-64,32,64,32,FALSE,FALSE
775,7,750,627,784,750,627,784,750,627,784,-123,34,123,34,FALSE,FALSE
775,8,974,822,1000,974,822,1000,974,822,1000,-152,26,152,26,FALSE,FALSE
775,9,1241,1041,1245,1241,1041,1245,1241,1041,1245,-200,4,200,4,FALSE,FALSE
775,10,1532,1311,1520,1532,1311,1520,1532,1311,1520,-221,-12,221,12,FALSE,FALSE
775,11,1805,1597,1743,1805,1597,1743,1805,1597,1743,-208,-62,208,62,FALSE,FALSE
775,12,1990,1833,1959,1990,1833,1959,1990,1833,1959,-157,-31,157,31,FALSE,FALSE
775,13,2138,2014,2177,2138,2014,2177,2138,2014,2177,-124,39,124,39,FALSE,FALSE
775,14,2204,2171,2312,2204,2171,2312,2204,2171,2312,-33,108,33,108,FALSE,FALSE
775,15,2229,2249,2340,2229,2249,2340,2229,2249,2340,20,111,20,111,FALSE,FALSE
775,16,2182,2240,2300,2182,2240,2300,2182,2240,2300,58,118,58,118,FALSE,FALSE
775,17,2096,2244,2219,2096,2244,2219,2096,2244,2219,148,123,148,123,FALSE,FALSE
775,18,2021,2161,2098,2021,2161,2098,2021,2161,2098,140,77,140,77,FALSE,FALSE
775,19,1913,2057,1969,1913,2057,1969,1913,2057,1969,144,56,144,56,FALSE,FALSE
775,20,1787,1893,1823,1787,1893,1823,1787,1893,1823,106,36,106,36,FALSE,FALSE
775,21,1636,1784,1666,1636,1784,1666,1636,1784,1666,148,30,148,30,FALSE,FALSE
775,22,1510,1627,1497,1510,1627,1497,1510,1627,1497,117,-13,117,13,FALSE,FALSE
775,23,1380,1466,1338,1380,1466,1338,1380,1466,1338,86,-42,86,42,FALSE,FALSE
775,24,1233,1326,1203,1233,1326,1203,1233,1326,1203,93,-30,93,30,FALSE,FALSE
775,25,1125,1210,1065,1125,1210,1065,1125,1210,1065,85,-60,85,60,FALSE,FALSE
775,26,1011,1087,945,1011,1087,945,1011,1087,945,76,-66,76,66,FALSE,FALSE
775,27,899,975,842,899,975,842,899,975,842,76,-57,76,57,FALSE,FALSE
775,28,814,882,745,814,882,745,814,882,745,68,-69,68,69,FALSE,FALSE
775,29,719,773,656,719,773,656,719,773,656,54,-63,54,63,FALSE,FALSE
775,30,627,694,596,627,694,596,627,694,596,67,-31,67,31,FALSE,FALSE
775,31,561,623,529,561,623,529,561,623,529,62,-32,62,32,FALSE,FALSE
775,32,481,566,478,481,566,478,481,566,478,85,-3,85,3,FALSE,FALSE
775,33,412,521,438,412,521,438,412,521,438,109,26,109,26,FALSE,FALSE
775,34,359,475,384,359,475,384,359,475,384,116,25,116,25,FALSE,FALSE
775,35,321,432,333,321,432,333,321,432,333,111,12,111,12,FALSE,FALSE
775,36,287,388,298,287,388,298,287,388,298,101,11,101,11,FALSE,FALSE
775,37,252,343,254,252,343,254,252,343,254,91,2,91,2,FALSE,FALSE
775,38,227,311,221,227,311,221,227,311,221,84,-6,84,6,FALSE,FALSE
775,39,204,269,202,204,269,202,204,269,202,65,-2,65,2,FALSE,FALSE
775,40,174,243,178,174,243,178,174,243,178,69,4,69,4,FALSE,FALSE
775,41,155,228,157,155,228,157,155,228,157,73,2,73,2,FALSE,FALSE
775,42,140,207,141,140,207,141,140,207,141,67,1,67,1,FALSE,FALSE
775,43,122,183,132,122,183,132,122,183,132,61,10,61,10,FALSE,FALSE
775,44,109,159,117,109,159,117,109,159,117,50,8,50,8,FALSE,FALSE
775,45,92,148,101,92,148,101,92,148,101,56,9,56,9,FALSE,FALSE
775,46,83,135,89,83,135,89,83,135,89,52,6,52,6,FALSE,FALSE
775,47,75,125,79,75,125,79,75,125,79,50,4,50,4,FALSE,FALSE
775,48,64,113,63,64,113,63,64,113,63,49,-1,49,1,FALSE,FALSE
775,49,57,104,53,57,104,53,57,104,53,47,-4,47,4,FALSE,FALSE
775,50,55,88,48,55,88,48,55,88,48,33,-7,33,7,FALSE,FALSE
775,51,49,76,44,49,76,44,49,76,44,27,-5,27,5,FALSE,FALSE
775,52,38,70,36,38,70,36,38,70,36,32,-2,32,2,FALSE,FALSE
775,53,35,60,30,35,60,30,35,60,30,25,-5,25,5,FALSE,FALSE
775,54,34,56,26,34,56,26,34,56,26,22,-8,22,8,FALSE,FALSE
775,55,30,51,22,30,51,22,30,51,22,21,-8,21,8,FALSE,FALSE
775,56,23,46,19,23,46,19,23,46,19,23,-4,23,4,FALSE,FALSE
775,57,19,43,16,19,43,16,19,43,16,24,-3,24,3,FALSE,FALSE
775,58,18,41,15,18,41,15,18,41,15,23,-3,23,3,FALSE,FALSE
775,59,16,37,13,16,37,13,16,37,13,21,-3,21,3,FALSE,FALSE
775,60,15,31,13,15,31,13,15,31,13,16,-2,16,2,FALSE,FALSE
776,0,93,93,93,93,93,93,93,93,93,0,0,0,0,TRUE,TRUE
776,1,94,118,91,94,118,91,94,118,91,24,-3,24,3,FALSE,FALSE
776,2,98,115,90,98,115,90,98,115,90,17,-8,17,8,FALSE,FALSE
776,3,106,133,97,106,133,97,106,133,97,27,-9,27,9,FALSE,FALSE
776,4,118,161,104,118,161,104,118,161,104,43,-14,43,14,FALSE,FALSE
776,5,139,179,109,139,179,109,139,179,109,40,-30,40,30,FALSE,FALSE
776,6,161,201,127,161,201,127,161,201,127,40,-34,40,34,FALSE,FALSE
776,7,170,219,155,170,219,155,170,219,155,49,-15,49,15,FALSE,FALSE
776,8,195,237,173,195,237,173,195,237,173,42,-22,42,22,FALSE,FALSE
776,9,208,271,196,208,271,196,208,271,196,63,-12,63,12,FALSE,FALSE
776,10,221,283,205,221,283,205,221,283,205,62,-16,62,16,FALSE,FALSE
776,11,241,323,214,241,323,214,241,323,214,82,-27,82,27,FALSE,FALSE
776,12,256,337,244,256,337,244,256,337,244,81,-12,81,12,FALSE,FALSE
776,13,269,356,250,269,356,250,269,356,250,87,-19,87,19,FALSE,FALSE
776,14,312,364,276,312,364,276,312,364,276,52,-36,52,36,FALSE,FALSE
776,15,339,393,306,339,393,306,339,393,306,54,-33,54,33,FALSE,FALSE
776,16,368,404,337,368,404,337,368,404,337,36,-31,36,31,FALSE,FALSE
776,17,407,434,360,407,434,360,407,434,360,27,-47,27,47,FALSE,FALSE
776,18,425,466,375,425,466,375,425,466,375,41,-50,41,50,FALSE,FALSE
776,19,417,461,402,417,461,402,417,461,402,44,-15,44,15,FALSE,FALSE
776,20,425,470,415,425,470,415,425,470,415,45,-10,45,10,FALSE,FALSE
776,21,445,470,423,445,470,423,445,470,423,25,-22,25,22,FALSE,FALSE
776,22,455,480,428,455,480,428,455,480,428,25,-27,25,27,FALSE,FALSE
776,23,436,482,414,436,482,414,436,482,414,46,-22,46,22,FALSE,FALSE
776,24,449,474,431,449,474,431,449,474,431,25,-18,25,18,FALSE,FALSE
776,25,441,480,433,441,480,433,441,480,433,39,-8,39,8,FALSE,FALSE
776,26,434,451,422,434,451,422,434,451,422,17,-12,17,12,FALSE,FALSE
776,27,421,441,411,421,441,411,421,441,411,20,-10,20,10,FALSE,FALSE
776,28,422,440,412,422,440,412,422,440,412,18,-10,18,10,FALSE,FALSE
776,29,390,442,410,390,442,410,390,442,410,52,20,52,20,FALSE,FALSE
776,30,368,389,392,368,389,392,368,389,392,21,24,21,24,FALSE,FALSE
776,31,367,357,367,367,357,367,367,357,367,-10,0,10,0,FALSE,TRUE
776,32,344,356,344,344,356,344,344,356,344,12,0,12,0,FALSE,TRUE
776,33,321,327,321,321,327,321,321,327,321,6,0,6,0,FALSE,TRUE
776,34,305,309,308,305,309,308,305,309,308,4,3,4,3,FALSE,FALSE
776,35,272,268,298,272,268,298,272,268,298,-4,26,4,26,FALSE,FALSE
776,36,256,251,276,256,251,276,256,251,276,-5,20,5,20,FALSE,FALSE
776,37,232,221,268,232,221,268,232,221,268,-11,36,11,36,FALSE,FALSE
776,38,217,200,248,217,200,248,217,200,248,-17,31,17,31,FALSE,FALSE
776,39,209,170,237,209,170,237,209,170,237,-39,28,39,28,FALSE,FALSE
776,40,189,153,222,189,153,222,189,153,222,-36,33,36,33,FALSE,FALSE
776,41,181,143,217,181,143,217,181,143,217,-38,36,38,36,FALSE,FALSE
776,42,158,138,195,158,138,195,158,138,195,-20,37,20,37,FALSE,FALSE
776,43,151,124,179,151,124,179,151,124,179,-27,28,27,28,FALSE,FALSE
776,44,139,119,162,139,119,162,139,119,162,-20,23,20,23,FALSE,FALSE
776,45,139,108,155,139,108,155,139,108,155,-31,16,31,16,FALSE,FALSE
776,46,126,92,152,126,92,152,126,92,152,-34,26,34,26,FALSE,FALSE
776,47,112,89,125,112,89,125,112,89,125,-23,13,23,13,FALSE,FALSE
776,48,93,80,113,93,80,113,93,80,113,-13,20,13,20,FALSE,FALSE
776,49,90,82,109,90,82,109,90,82,109,-8,19,8,19,FALSE,FALSE
776,50,79,80,96,79,80,96,79,80,96,1,17,1,17,FALSE,FALSE
776,51,70,87,87,70,87,87,70,87,87,17,17,17,17,FALSE,FALSE
776,52,67,83,77,67,83,77,67,83,77,16,10,16,10,FALSE,FALSE
776,53,58,73,71,58,73,71,58,73,71,15,13,15,13,FALSE,FALSE
776,54,51,57,67,51,57,67,51,57,67,6,16,6,16,FALSE,FALSE
776,55,45,51,59,45,51,59,45,51,59,6,14,6,14,FALSE,FALSE
776,56,40,46,54,40,46,54,40,46,54,6,14,6,14,FALSE,FALSE
776,57,35,41,53,35,41,53,35,41,53,6,18,6,18,FALSE,FALSE
776,58,35,44,51,35,44,51,35,44,51,9,16,9,16,FALSE,FALSE
776,59,30,40,51,30,40,51,30,40,51,10,21,10,21,FALSE,FALSE
776,60,31,31,46,31,31,46,31,31,46,0,15,0,15,TRUE,FALSE
777,0,66,66,66,66,66,66,66,66,66,0,0,0,0,TRUE,TRUE
777,1,73,64,63,73,64,63,73,64,63,-9,-10,9,10,FALSE,FALSE
777,2,86,67,67,86,67,67,86,67,67,-19,-19,19,19,FALSE,FALSE
777,3,92,71,76,92,71,76,92,71,76,-21,-16,21,16,FALSE,FALSE
777,4,104,69,79,104,69,79,104,69,79,-35,-25,35,25,FALSE,FALSE
777,5,108,77,83,108,77,83,108,77,83,-31,-25,31,25,FALSE,FALSE
777,6,119,86,85,119,86,85,119,86,85,-33,-34,33,34,FALSE,FALSE
777,7,123,98,94,123,98,94,123,98,94,-25,-29,25,29,FALSE,FALSE
777,8,134,96,106,134,96,106,134,96,106,-38,-28,38,28,FALSE,FALSE
777,9,134,101,119,134,101,119,134,101,119,-33,-15,33,15,FALSE,FALSE
777,10,136,109,120,136,109,120,136,109,120,-27,-16,27,16,FALSE,FALSE
777,11,134,109,120,134,109,120,134,109,120,-25,-14,25,14,FALSE,FALSE
777,12,141,115,118,141,115,118,141,115,118,-26,-23,26,23,FALSE,FALSE
777,13,143,119,129,143,119,129,143,119,129,-24,-14,24,14,FALSE,FALSE
777,14,137,132,141,137,132,141,137,132,141,-5,4,5,4,FALSE,FALSE
777,15,147,135,141,147,135,141,147,135,141,-12,-6,12,6,FALSE,FALSE
777,16,162,129,151,162,129,151,162,129,151,-33,-11,33,11,FALSE,FALSE
777,17,170,132,149,170,132,149,170,132,149,-38,-21,38,21,FALSE,FALSE
777,18,174,124,154,174,124,154,174,124,154,-50,-20,50,20,FALSE,FALSE
777,19,167,120,156,167,120,156,167,120,156,-47,-11,47,11,FALSE,FALSE
777,20,181,125,155,181,125,155,181,125,155,-56,-26,56,26,FALSE,FALSE
777,21,183,133,162,183,133,162,183,133,162,-50,-21,50,21,FALSE,FALSE
777,22,198,127,172,198,127,172,198,127,172,-71,-26,71,26,FALSE,FALSE
777,23,206,133,172,206,133,172,206,133,172,-73,-34,73,34,FALSE,FALSE
777,24,204,134,173,204,134,173,204,134,173,-70,-31,70,31,FALSE,FALSE
777,25,214,134,184,214,134,184,214,134,184,-80,-30,80,30,FALSE,FALSE
777,26,214,132,188,214,132,188,214,132,188,-82,-26,82,26,FALSE,FALSE
777,27,210,142,206,210,142,206,210,142,206,-68,-4,68,4,FALSE,FALSE
777,28,219,145,204,219,145,204,219,145,204,-74,-15,74,15,FALSE,FALSE
777,29,232,149,207,232,149,207,232,149,207,-83,-25,83,25,FALSE,FALSE
777,30,246,150,203,246,150,203,246,150,203,-96,-43,96,43,FALSE,FALSE
777,31,244,159,215,244,159,215,244,159,215,-85,-29,85,29,FALSE,FALSE
777,32,242,153,224,242,153,224,242,153,224,-89,-18,89,18,FALSE,FALSE
777,33,239,157,219,239,157,219,239,157,219,-82,-20,82,20,FALSE,FALSE
777,34,257,163,232,257,163,232,257,163,232,-94,-25,94,25,FALSE,FALSE
777,35,255,164,226,255,164,226,255,164,226,-91,-29,91,29,FALSE,FALSE
777,36,266,155,242,266,155,242,266,155,242,-111,-24,111,24,FALSE,FALSE
777,37,260,163,266,260,163,266,260,163,266,-97,6,97,6,FALSE,FALSE
777,38,260,161,262,260,161,262,260,161,262,-99,2,99,2,FALSE,FALSE
777,39,263,156,266,263,156,266,263,156,266,-107,3,107,3,FALSE,FALSE
777,40,272,144,265,272,144,265,272,144,265,-128,-7,128,7,FALSE,FALSE
777,41,278,146,272,278,146,272,278,146,272,-132,-6,132,6,FALSE,FALSE
777,42,279,147,268,279,147,268,279,147,268,-132,-11,132,11,FALSE,FALSE
777,43,295,155,262,295,155,262,295,155,262,-140,-33,140,33,FALSE,FALSE
777,44,302,163,263,302,163,263,302,163,263,-139,-39,139,39,FALSE,FALSE
777,45,300,163,276,300,163,276,300,163,276,-137,-24,137,24,FALSE,FALSE
777,46,313,160,281,313,160,281,313,160,281,-153,-32,153,32,FALSE,FALSE
777,47,325,161,296,325,161,296,325,161,296,-164,-29,164,29,FALSE,FALSE
777,48,329,161,289,329,161,289,329,161,289,-168,-40,168,40,FALSE,FALSE
777,49,332,156,303,332,156,303,332,156,303,-176,-29,176,29,FALSE,FALSE
777,50,350,154,299,350,154,299,350,154,299,-196,-51,196,51,FALSE,FALSE
777,51,335,155,298,335,155,298,335,155,298,-180,-37,180,37,FALSE,FALSE
777,52,329,166,307,329,166,307,329,166,307,-163,-22,163,22,FALSE,FALSE
777,53,344,157,306,344,157,306,344,157,306,-187,-38,187,38,FALSE,FALSE
777,54,348,150,297,348,150,297,348,150,297,-198,-51,198,51,FALSE,FALSE
777,55,339,162,292,339,162,292,339,162,292,-177,-47,177,47,FALSE,FALSE
777,56,330,160,287,330,160,287,330,160,287,-170,-43,170,43,FALSE,FALSE
777,57,337,155,283,337,155,283,337,155,283,-182,-54,182,54,FALSE,FALSE
777,58,337,165,286,337,165,286,337,165,286,-172,-51,172,51,FALSE,FALSE
777,59,323,167,293,323,167,293,323,167,293,-156,-30,156,30,FALSE,FALSE
777,60,327,163,294,327,163,294,327,163,294,-164,-33,164,33,FALSE,FALSE
778,0,93,93,93,93,93,93,93,93,93,0,0,0,0,TRUE,TRUE
778,1,110,108,104,110,108,104,110,108,104,-2,-6,2,6,FALSE,FALSE
778,2,141,130,118,141,130,118,141,130,118,-11,-23,11,23,FALSE,FALSE
778,3,166,165,140,166,165,140,166,165,140,-1,-26,1,26,FALSE,FALSE
778,4,196,199,167,196,199,167,196,199,167,3,-29,3,29,FALSE,FALSE
778,5,233,240,196,233,240,196,233,240,196,7,-37,7,37,FALSE,FALSE
778,6,275,295,237,275,295,237,275,295,237,20,-38,20,38,FALSE,FALSE
778,7,323,359,262,323,359,262,323,359,262,36,-61,36,61,FALSE,FALSE
778,8,383,423,302,383,423,302,383,423,302,40,-81,40,81,FALSE,FALSE
778,9,444,485,361,444,485,361,444,485,361,41,-83,41,83,FALSE,FALSE
778,10,510,585,464,510,585,464,510,585,464,75,-46,75,46,FALSE,FALSE
778,11,583,700,540,583,700,540,583,700,540,117,-43,117,43,FALSE,FALSE
778,12,684,819,635,684,819,635,684,819,635,135,-49,135,49,FALSE,FALSE
778,13,812,966,753,812,966,753,812,966,753,154,-59,154,59,FALSE,FALSE
778,14,977,1118,873,977,1118,873,977,1118,873,141,-104,141,104,FALSE,FALSE
778,15,1105,1289,986,1105,1289,986,1105,1289,986,184,-119,184,119,FALSE,FALSE
778,16,1237,1456,1119,1237,1456,1119,1237,1456,1119,219,-118,219,118,FALSE,FALSE
778,17,1382,1635,1266,1382,1635,1266,1382,1635,1266,253,-116,253,116,FALSE,FALSE
778,18,1553,1846,1412,1553,1846,1412,1553,1846,1412,293,-141,293,141,FALSE,FALSE
778,19,1723,1987,1551,1723,1987,1551,1723,1987,1551,264,-172,264,172,FALSE,FALSE
778,20,1872,2182,1747,1872,2182,1747,1872,2182,1747,310,-125,310,125,FALSE,FALSE
778,21,2032,2354,1921,2032,2354,1921,2032,2354,1921,322,-111,322,111,FALSE,FALSE
778,22,2160,2453,2081,2160,2453,2081,2160,2453,2081,293,-79,293,79,FALSE,FALSE
778,23,2271,2591,2251,2271,2591,2251,2271,2591,2251,320,-20,320,20,FALSE,FALSE
778,24,2365,2687,2383,2365,2687,2383,2365,2687,2383,322,18,322,18,FALSE,FALSE
778,25,2473,2758,2487,2473,2758,2487,2473,2758,2487,285,14,285,14,FALSE,FALSE
778,26,2521,2762,2562,2521,2762,2562,2521,2762,2562,241,41,241,41,FALSE,FALSE
778,27,2523,2739,2630,2523,2739,2630,2523,2739,2630,216,107,216,107,FALSE,FALSE
778,28,2540,2693,2629,2540,2693,2629,2540,2693,2629,153,89,153,89,FALSE,FALSE
778,29,2510,2590,2577,2510,2590,2577,2510,2590,2577,80,67,80,67,FALSE,FALSE
778,30,2473,2544,2535,2473,2544,2535,2473,2544,2535,71,62,71,62,FALSE,FALSE
778,31,2425,2455,2481,2425,2455,2481,2425,2455,2481,30,56,30,56,FALSE,FALSE
778,32,2333,2338,2404,2333,2338,2404,2333,2338,2404,5,71,5,71,FALSE,FALSE
778,33,2272,2224,2304,2272,2224,2304,2272,2224,2304,-48,32,48,32,FALSE,FALSE
778,34,2190,2133,2230,2190,2133,2230,2190,2133,2230,-57,40,57,40,FALSE,FALSE
778,35,2101,2025,2120,2101,2025,2120,2101,2025,2120,-76,19,76,19,FALSE,FALSE
778,36,1996,1890,2024,1996,1890,2024,1996,1890,2024,-106,28,106,28,FALSE,FALSE
778,37,1881,1784,1933,1881,1784,1933,1881,1784,1933,-97,52,97,52,FALSE,FALSE
778,38,1783,1664,1848,1783,1664,1848,1783,1664,1848,-119,65,119,65,FALSE,FALSE
778,39,1677,1552,1747,1677,1552,1747,1677,1552,1747,-125,70,125,70,FALSE,FALSE
778,40,1568,1450,1616,1568,1450,1616,1568,1450,1616,-118,48,118,48,FALSE,FALSE
778,41,1482,1346,1553,1482,1346,1553,1482,1346,1553,-136,71,136,71,FALSE,FALSE
778,42,1382,1256,1431,1382,1256,1431,1382,1256,1431,-126,49,126,49,FALSE,FALSE
778,43,1285,1153,1338,1285,1153,1338,1285,1153,1338,-132,53,132,53,FALSE,FALSE
778,44,1196,1077,1249,1196,1077,1249,1196,1077,1249,-119,53,119,53,FALSE,FALSE
778,45,1098,988,1146,1098,988,1146,1098,988,1146,-110,48,110,48,FALSE,FALSE
778,46,1027,912,1078,1027,912,1078,1027,912,1078,-115,51,115,51,FALSE,FALSE
778,47,951,853,1012,951,853,1012,951,853,1012,-98,61,98,61,FALSE,FALSE
778,48,861,780,937,861,780,937,861,780,937,-81,76,81,76,FALSE,FALSE
778,49,797,735,867,797,735,867,797,735,867,-62,70,62,70,FALSE,FALSE
778,50,734,676,797,734,676,797,734,676,797,-58,63,58,63,FALSE,FALSE
778,51,692,608,722,692,608,722,692,608,722,-84,30,84,30,FALSE,FALSE
778,52,645,555,672,645,555,672,645,555,672,-90,27,90,27,FALSE,FALSE
778,53,596,502,629,596,502,629,596,502,629,-94,33,94,33,FALSE,FALSE
778,54,561,460,581,561,460,581,561,460,581,-101,20,101,20,FALSE,FALSE
778,55,515,419,540,515,419,540,515,419,540,-96,25,96,25,FALSE,FALSE
778,56,468,380,505,468,380,505,468,380,505,-88,37,88,37,FALSE,FALSE
778,57,427,352,466,427,352,466,427,352,466,-75,39,75,39,FALSE,FALSE
778,58,396,307,429,396,307,429,396,307,429,-89,33,89,33,FALSE,FALSE
778,59,369,281,389,369,281,389,369,281,389,-88,20,88,20,FALSE,FALSE
778,60,349,261,364,349,261,364,349,261,364,-88,15,88,15,FALSE,FALSE
779,0,83,83,83,83,83,83,83,83,83,0,0,0,0,TRUE,TRUE
779,1,110,100,108,110,100,108,110,100,108,-10,-2,10,2,FALSE,FALSE
779,2,142,114,138,142,114,138,142,114,138,-28,-4,28,4,FALSE,FALSE
779,3,182,137,181,182,137,181,182,137,181,-45,-1,45,1,FALSE,FALSE
779,4,241,177,244,241,177,244,241,177,244,-64,3,64,3,FALSE,FALSE
779,5,325,240,315,325,240,315,325,240,315,-85,-10,85,10,FALSE,FALSE
779,6,413,303,374,413,303,374,413,303,374,-110,-39,110,39,FALSE,FALSE
779,7,547,400,481,547,400,481,547,400,481,-147,-66,147,66,FALSE,FALSE
779,8,706,529,593,706,529,593,706,529,593,-177,-113,177,113,FALSE,FALSE
779,9,848,656,749,848,656,749,848,656,749,-192,-99,192,99,FALSE,FALSE
779,10,1029,819,922,1029,819,922,1029,819,922,-210,-107,210,107,FALSE,FALSE
779,11,1239,994,1138,1239,994,1138,1239,994,1138,-245,-101,245,101,FALSE,FALSE
779,12,1415,1174,1353,1415,1174,1353,1415,1174,1353,-241,-62,241,62,FALSE,FALSE
779,13,1585,1318,1542,1585,1318,1542,1585,1318,1542,-267,-43,267,43,FALSE,FALSE
779,14,1740,1480,1647,1740,1480,1647,1740,1480,1647,-260,-93,260,93,FALSE,FALSE
779,15,1857,1632,1744,1857,1632,1744,1857,1632,1744,-225,-113,225,113,FALSE,FALSE
779,16,1928,1751,1823,1928,1751,1823,1928,1751,1823,-177,-105,177,105,FALSE,FALSE
779,17,1903,1849,1867,1903,1849,1867,1903,1849,1867,-54,-36,54,36,FALSE,FALSE
779,18,1810,1924,1867,1810,1924,1867,1810,1924,1867,114,57,114,57,FALSE,FALSE
779,19,1724,1925,1817,1724,1925,1817,1724,1925,1817,201,93,201,93,FALSE,FALSE
779,20,1658,1820,1702,1658,1820,1702,1658,1820,1702,162,44,162,44,FALSE,FALSE
779,21,1528,1702,1561,1528,1702,1561,1528,1702,1561,174,33,174,33,FALSE,FALSE
779,22,1385,1596,1401,1385,1596,1401,1385,1596,1401,211,16,211,16,FALSE,FALSE
779,23,1225,1440,1264,1225,1440,1264,1225,1440,1264,215,39,215,39,FALSE,FALSE
779,24,1071,1278,1106,1071,1278,1106,1071,1278,1106,207,35,207,35,FALSE,FALSE
779,25,927,1139,979,927,1139,979,927,1139,979,212,52,212,52,FALSE,FALSE
779,26,807,1018,862,807,1018,862,807,1018,862,211,55,211,55,FALSE,FALSE
779,27,704,907,741,704,907,741,704,907,741,203,37,203,37,FALSE,FALSE
779,28,596,781,653,596,781,653,596,781,653,185,57,185,57,FALSE,FALSE
779,29,538,677,553,538,677,553,538,677,553,139,15,139,15,FALSE,FALSE
779,30,442,584,468,442,584,468,442,584,468,142,26,142,26,FALSE,FALSE
779,31,366,500,416,366,500,416,366,500,416,134,50,134,50,FALSE,FALSE
779,32,309,431,351,309,431,351,309,431,351,122,42,122,42,FALSE,FALSE
779,33,257,376,304,257,376,304,257,376,304,119,47,119,47,FALSE,FALSE
779,34,207,307,264,207,307,264,207,307,264,100,57,100,57,FALSE,FALSE
779,35,182,265,227,182,265,227,182,265,227,83,45,83,45,FALSE,FALSE
779,36,151,239,203,151,239,203,151,239,203,88,52,88,52,FALSE,FALSE
779,37,136,193,166,136,193,166,136,193,166,57,30,57,30,FALSE,FALSE
779,38,123,171,132,123,171,132,123,171,132,48,9,48,9,FALSE,FALSE
779,39,104,143,120,104,143,120,104,143,120,39,16,39,16,FALSE,FALSE
779,40,86,123,104,86,123,104,86,123,104,37,18,37,18,FALSE,FALSE
779,41,74,104,93,74,104,93,74,104,93,30,19,30,19,FALSE,FALSE
779,42,69,85,85,69,85,85,69,85,85,16,16,16,16,FALSE,FALSE
779,43,57,68,64,57,68,64,57,68,64,11,7,11,7,FALSE,FALSE
779,44,46,57,53,46,57,53,46,57,53,11,7,11,7,FALSE,FALSE
779,45,37,47,45,37,47,45,37,47,45,10,8,10,8,FALSE,FALSE
779,46,29,36,41,29,36,41,29,36,41,7,12,7,12,FALSE,FALSE
779,47,26,29,36,26,29,36,26,29,36,3,10,3,10,FALSE,FALSE
779,48,23,26,30,23,26,30,23,26,30,3,7,3,7,FALSE,FALSE
779,49,17,24,23,17,24,23,17,24,23,7,6,7,6,FALSE,FALSE
779,50,17,21,18,17,21,18,17,21,18,4,1,4,1,FALSE,FALSE
779,51,13,16,16,13,16,16,13,16,16,3,3,3,3,FALSE,FALSE
779,52,9,7,13,9,7,13,9,7,13,-2,4,2,4,FALSE,FALSE
779,53,8,6,13,8,6,13,8,6,13,-2,5,2,5,FALSE,FALSE
779,54,7,5,8,7,5,8,7,5,8,-2,1,2,1,FALSE,FALSE
779,55,6,2,9,6,2,9,6,2,9,-4,3,4,3,FALSE,FALSE
779,56,3,2,9,3,2,9,3,2,9,-1,6,1,6,FALSE,FALSE
779,57,3,2,7,3,2,7,3,2,7,-1,4,1,4,FALSE,FALSE
779,58,3,2,7,3,2,7,3,2,7,-1,4,1,4,FALSE,FALSE
779,59,3,2,6,3,2,6,3,2,6,-1,3,1,3,FALSE,FALSE
779,60,2,2,5,2,2,5,2,2,5,0,3,0,3,TRUE,FALSE
780,0,153,153,153,153,153,153,153,153,153,0,0,0,0,TRUE,TRUE
780,1,208,212,195,208,212,195,208,212,195,4,-13,4,13,FALSE,FALSE
780,2,272,288,231,272,288,231,272,288,231,16,-41,16,41,FALSE,FALSE
780,3,327,355,291,327,355,291,327,355,291,28,-36,28,36,FALSE,FALSE
780,4,416,447,373,416,447,373,416,447,373,31,-43,31,43,FALSE,FALSE
780,5,539,558,487,539,558,487,539,558,487,19,-52,19,52,FALSE,FALSE
780,6,627,697,610,627,697,610,627,697,610,70,-17,70,17,FALSE,FALSE
780,7,771,883,727,771,883,727,771,883,727,112,-44,112,44,FALSE,FALSE
780,8,943,1065,876,943,1065,876,943,1065,876,122,-67,122,67,FALSE,FALSE
780,9,1128,1242,1061,1128,1242,1061,1128,1242,1061,114,-67,114,67,FALSE,FALSE
780,10,1318,1431,1256,1318,1431,1256,1318,1431,1256,113,-62,113,62,FALSE,FALSE
780,11,1484,1625,1485,1484,1625,1485,1484,1625,1485,141,1,141,1,FALSE,FALSE
780,12,1644,1807,1689,1644,1807,1689,1644,1807,1689,163,45,163,45,FALSE,FALSE
780,13,1843,1915,1899,1843,1915,1899,1843,1915,1899,72,56,72,56,FALSE,FALSE
780,14,1965,1998,2091,1965,1998,2091,1965,1998,2091,33,126,33,126,FALSE,FALSE
780,15,2096,2106,2224,2096,2106,2224,2096,2106,2224,10,128,10,128,FALSE,FALSE
780,16,2160,2162,2274,2160,2162,2274,2160,2162,2274,2,114,2,114,FALSE,FALSE
780,17,2183,2208,2305,2183,2208,2305,2183,2208,2305,25,122,25,122,FALSE,FALSE
780,18,2147,2169,2244,2147,2169,2244,2147,2169,2244,22,97,22,97,FALSE,FALSE
780,19,2072,2070,2236,2072,2070,2236,2072,2070,2236,-2,164,2,164,FALSE,FALSE
780,20,2014,1934,2135,2014,1934,2135,2014,1934,2135,-80,121,80,121,FALSE,FALSE
780,21,1957,1811,2049,1957,1811,2049,1957,1811,2049,-146,92,146,92,FALSE,FALSE
780,22,1815,1693,1905,1815,1693,1905,1815,1693,1905,-122,90,122,90,FALSE,FALSE
780,23,1664,1577,1767,1664,1577,1767,1664,1577,1767,-87,103,87,103,FALSE,FALSE
780,24,1508,1440,1599,1508,1440,1599,1508,1440,1599,-68,91,68,91,FALSE,FALSE
780,25,1394,1307,1445,1394,1307,1445,1394,1307,1445,-87,51,87,51,FALSE,FALSE
780,26,1264,1152,1293,1264,1152,1293,1264,1152,1293,-112,29,112,29,FALSE,FALSE
780,27,1139,1003,1124,1139,1003,1124,1139,1003,1124,-136,-15,136,15,FALSE,FALSE
780,28,1026,892,987,1026,892,987,1026,892,987,-134,-39,134,39,FALSE,FALSE
780,29,903,780,867,903,780,867,903,780,867,-123,-36,123,36,FALSE,FALSE
780,30,780,698,768,780,698,768,780,698,768,-82,-12,82,12,FALSE,FALSE
780,31,683,610,690,683,610,690,683,610,690,-73,7,73,7,FALSE,FALSE
780,32,597,538,590,597,538,590,597,538,590,-59,-7,59,7,FALSE,FALSE
780,33,523,486,511,523,486,511,523,486,511,-37,-12,37,12,FALSE,FALSE
780,34,455,445,460,455,445,460,455,445,460,-10,5,10,5,FALSE,FALSE
780,35,395,384,383,395,384,383,395,384,383,-11,-12,11,12,FALSE,FALSE
780,36,354,336,341,354,336,341,354,336,341,-18,-13,18,13,FALSE,FALSE
780,37,318,304,282,318,304,282,318,304,282,-14,-36,14,36,FALSE,FALSE
780,38,266,252,238,266,252,238,266,252,238,-14,-28,14,28,FALSE,FALSE
780,39,217,220,198,217,220,198,217,220,198,3,-19,3,19,FALSE,FALSE
780,40,187,195,172,187,195,172,187,195,172,8,-15,8,15,FALSE,FALSE
780,41,160,171,144,160,171,144,160,171,144,11,-16,11,16,FALSE,FALSE
780,42,151,143,126,151,143,126,151,143,126,-8,-25,8,25,FALSE,FALSE
780,43,136,130,107,136,130,107,136,130,107,-6,-29,6,29,FALSE,FALSE
780,44,120,103,97,120,103,97,120,103,97,-17,-23,17,23,FALSE,FALSE
780,45,105,90,90,105,90,90,105,90,90,-15,-15,15,15,FALSE,FALSE
780,46,81,80,79,81,80,79,81,80,79,-1,-2,1,2,FALSE,FALSE
780,47,69,72,65,69,72,65,69,72,65,3,-4,3,4,FALSE,FALSE
780,48,63,64,52,63,64,52,63,64,52,1,-11,1,11,FALSE,FALSE
780,49,57,55,47,57,55,47,57,55,47,-2,-10,2,10,FALSE,FALSE
780,50,56,56,43,56,56,43,56,56,43,0,-13,0,13,TRUE,FALSE
780,51,46,51,38,46,51,38,46,51,38,5,-8,5,8,FALSE,FALSE
780,52,43,43,36,43,43,36,43,43,36,0,-7,0,7,TRUE,FALSE
780,53,39,41,32,39,41,32,39,41,32,2,-7,2,7,FALSE,FALSE
780,54,35,34,27,35,34,27,35,34,27,-1,-8,1,8,FALSE,FALSE
780,55,28,29,23,28,29,23,28,29,23,1,-5,1,5,FALSE,FALSE
780,56,24,23,12,24,23,12,24,23,12,-1,-12,1,12,FALSE,FALSE
780,57,25,19,9,25,19,9,25,19,9,-6,-16,6,16,FALSE,FALSE
780,58,21,16,9,21,16,9,21,16,9,-5,-12,5,12,FALSE,FALSE
780,59,19,13,8,19,13,8,19,13,8,-6,-11,6,11,FALSE,FALSE
780,60,18,14,8,18,14,8,18,14,8,-4,-10,4,10,FALSE,FALSE
781,0,77,77,77,77,77,77,77,77,77,0,0,0,0,TRUE,TRUE
781,1,111,125,131,111,125,131,111,125,131,14,20,14,20,FALSE,FALSE
781,2,181,207,196,181,207,196,181,207,196,26,15,26,15,FALSE,FALSE
781,3,262,305,310,262,305,310,262,305,310,43,48,43,48,FALSE,FALSE
781,4,411,459,460,411,459,460,411,459,460,48,49,48,49,FALSE,FALSE
781,5,590,714,709,590,714,709,590,714,709,124,119,124,119,FALSE,FALSE
781,6,860,1030,1027,860,1030,1027,860,1030,1027,170,167,170,167,FALSE,FALSE
781,7,1223,1472,1467,1223,1472,1467,1223,1472,1467,249,244,249,244,FALSE,FALSE
781,8,1666,1970,1992,1666,1970,1992,1666,1970,1992,304,326,304,326,FALSE,FALSE
781,9,2130,2452,2455,2130,2452,2455,2130,2452,2455,322,325,322,325,FALSE,FALSE
781,10,2621,2892,2854,2621,2892,2854,2621,2892,2854,271,233,271,233,FALSE,FALSE
781,11,2930,3132,3200,2930,3132,3200,2930,3132,3200,202,270,202,270,FALSE,FALSE
781,12,3196,3207,3260,3196,3207,3260,3196,3207,3260,11,64,11,64,FALSE,FALSE
781,13,3198,3103,3130,3198,3103,3130,3198,3103,3130,-95,-68,95,68,FALSE,FALSE
781,14,3003,2925,2876,3003,2925,2876,3003,2925,2876,-78,-127,78,127,FALSE,FALSE
781,15,2743,2702,2629,2743,2702,2629,2743,2702,2629,-41,-114,41,114,FALSE,FALSE
781,16,2453,2386,2370,2453,2386,2370,2453,2386,2370,-67,-83,67,83,FALSE,FALSE
781,17,2195,2091,2060,2195,2091,2060,2195,2091,2060,-104,-135,104,135,FALSE,FALSE
781,18,1893,1838,1740,1893,1838,1740,1893,1838,1740,-55,-153,55,153,FALSE,FALSE
781,19,1609,1592,1496,1609,1592,1496,1609,1592,1496,-17,-113,17,113,FALSE,FALSE
781,20,1394,1348,1272,1394,1348,1272,1394,1348,1272,-46,-122,46,122,FALSE,FALSE
781,21,1210,1143,1061,1210,1143,1061,1210,1143,1061,-67,-149,67,149,FALSE,FALSE
781,22,1021,964,884,1021,964,884,1021,964,884,-57,-137,57,137,FALSE,FALSE
781,23,847,815,744,847,815,744,847,815,744,-32,-103,32,103,FALSE,FALSE
781,24,714,673,603,714,673,603,714,673,603,-41,-111,41,111,FALSE,FALSE
781,25,588,562,517,588,562,517,588,562,517,-26,-71,26,71,FALSE,FALSE
781,26,485,480,433,485,480,433,485,480,433,-5,-52,5,52,FALSE,FALSE
781,27,414,394,379,414,394,379,414,394,379,-20,-35,20,35,FALSE,FALSE
781,28,347,333,323,347,333,323,347,333,323,-14,-24,14,24,FALSE,FALSE
781,29,290,276,291,290,276,291,290,276,291,-14,1,14,1,FALSE,FALSE
781,30,242,211,241,242,211,241,242,211,241,-31,-1,31,1,FALSE,FALSE
781,31,202,170,203,202,170,203,202,170,203,-32,1,32,1,FALSE,FALSE
781,32,159,144,169,159,144,169,159,144,169,-15,10,15,10,FALSE,FALSE
781,33,130,120,148,130,120,148,130,120,148,-10,18,10,18,FALSE,FALSE
781,34,107,105,125,107,105,125,107,105,125,-2,18,2,18,FALSE,FALSE
781,35,89,83,97,89,83,97,89,83,97,-6,8,6,8,FALSE,FALSE
781,36,78,70,87,78,70,87,78,70,87,-8,9,8,9,FALSE,FALSE
781,37,63,62,77,63,62,77,63,62,77,-1,14,1,14,FALSE,FALSE
781,38,51,50,64,51,50,64,51,50,64,-1,13,1,13,FALSE,FALSE
781,39,40,45,48,40,45,48,40,45,48,5,8,5,8,FALSE,FALSE
781,40,36,41,44,36,41,44,36,41,44,5,8,5,8,FALSE,FALSE
781,41,28,33,41,28,33,41,28,33,41,5,13,5,13,FALSE,FALSE
781,42,27,27,34,27,27,34,27,27,34,0,7,0,7,TRUE,FALSE
781,43,22,23,24,22,23,24,22,23,24,1,2,1,2,FALSE,FALSE
781,44,20,18,18,20,18,18,20,18,18,-2,-2,2,2,FALSE,FALSE
781,45,16,13,15,16,13,15,16,13,15,-3,-1,3,1,FALSE,FALSE
781,46,13,11,14,13,11,14,13,11,14,-2,1,2,1,FALSE,FALSE
781,47,10,10,11,10,10,11,10,10,11,0,1,0,1,TRUE,FALSE
781,48,8,11,10,8,11,10,8,11,10,3,2,3,2,FALSE,FALSE
781,49,5,10,9,5,10,9,5,10,9,5,4,5,4,FALSE,FALSE
781,50,4,9,6,4,9,6,4,9,6,5,2,5,2,FALSE,FALSE
781,51,4,8,7,4,8,7,4,8,7,4,3,4,3,FALSE,FALSE
781,52,3,5,6,3,5,6,3,5,6,2,3,2,3,FALSE,FALSE
781,53,3,5,5,3,5,5,3,5,5,2,2,2,2,FALSE,FALSE
781,54,1,5,3,1,5,3,1,5,3,4,2,4,2,FALSE,FALSE
781,55,1,5,3,1,5,3,1,5,3,4,2,4,2,FALSE,FALSE
781,56,1,5,3,1,5,3,1,5,3,4,2,4,2,FALSE,FALSE
781,57,0,4,3,0,4,3,0,4,3,4,3,4,3,FALSE,FALSE
781,58,0,4,3,0,4,3,0,4,3,4,3,4,3,FALSE,FALSE
781,59,0,3,2,0,3,2,0,3,2,3,2,3,2,FALSE,FALSE
781,60,0,3,1,0,3,1,0,3,1,3,1,3,1,FALSE,FALSE
782,0,132,132,132,132,132,132,132,132,132,0,0,0,0,TRUE,TRUE
782,1,153,141,170,153,141,170,153,141,170,-12,17,12,17,FALSE,FALSE
782,2,191,163,195,191,163,195,191,163,195,-28,4,28,4,FALSE,FALSE
782,3,219,183,208,219,183,208,219,183,208,-36,-11,36,11,FALSE,FALSE
782,4,257,226,241,257,226,241,257,226,241,-31,-16,31,16,FALSE,FALSE
782,5,303,275,263,303,275,263,303,275,263,-28,-40,28,40,FALSE,FALSE
782,6,340,314,297,340,314,297,340,314,297,-26,-43,26,43,FALSE,FALSE
782,7,401,359,334,401,359,334,401,359,334,-42,-67,42,67,FALSE,FALSE
782,8,457,405,379,457,405,379,457,405,379,-52,-78,52,78,FALSE,FALSE
782,9,544,430,441,544,430,441,544,430,441,-114,-103,114,103,FALSE,FALSE
782,10,627,512,511,627,512,511,627,512,511,-115,-116,115,116,FALSE,FALSE
782,11,675,542,563,675,542,563,675,542,563,-133,-112,133,112,FALSE,FALSE
782,12,761,606,627,761,606,627,761,606,627,-155,-134,155,134,FALSE,FALSE
782,13,815,685,706,815,685,706,815,685,706,-130,-109,130,109,FALSE,FALSE
782,14,884,735,760,884,735,760,884,735,760,-149,-124,149,124,FALSE,FALSE
782,15,976,772,893,976,772,893,976,772,893,-204,-83,204,83,FALSE,FALSE
782,16,1027,809,1001,1027,809,1001,1027,809,1001,-218,-26,218,26,FALSE,FALSE
782,17,1098,888,1118,1098,888,1118,1098,888,1118,-210,20,210,20,FALSE,FALSE
782,18,1133,937,1210,1133,937,1210,1133,937,1210,-196,77,196,77,FALSE,FALSE
782,19,1165,1003,1268,1165,1003,1268,1165,1003,1268,-162,103,162,103,FALSE,FALSE
782,20,1226,1060,1329,1226,1060,1329,1226,1060,1329,-166,103,166,103,FALSE,FALSE
782,21,1276,1090,1316,1276,1090,1316,1276,1090,1316,-186,40,186,40,FALSE,FALSE
782,22,1257,1113,1269,1257,1113,1269,1257,1113,1269,-144,12,144,12,FALSE,FALSE
782,23,1247,1154,1346,1247,1154,1346,1247,1154,1346,-93,99,93,99,FALSE,FALSE
782,24,1242,1188,1344,1242,1188,1344,1242,1188,1344,-54,102,54,102,FALSE,FALSE
782,25,1234,1143,1329,1234,1143,1329,1234,1143,1329,-91,95,91,95,FALSE,FALSE
782,26,1171,1103,1293,1171,1103,1293,1171,1103,1293,-68,122,68,122,FALSE,FALSE
782,27,1151,1086,1260,1151,1086,1260,1151,1086,1260,-65,109,65,109,FALSE,FALSE
782,28,1106,1061,1173,1106,1061,1173,1106,1061,1173,-45,67,45,67,FALSE,FALSE
782,29,1024,975,1115,1024,975,1115,1024,975,1115,-49,91,49,91,FALSE,FALSE
782,30,1009,970,1051,1009,970,1051,1009,970,1051,-39,42,39,42,FALSE,FALSE
782,31,928,934,969,928,934,969,928,934,969,6,41,6,41,FALSE,FALSE
782,32,874,833,912,874,833,912,874,833,912,-41,38,41,38,FALSE,FALSE
782,33,802,785,832,802,785,832,802,785,832,-17,30,17,30,FALSE,FALSE
782,34,743,737,759,743,737,759,743,737,759,-6,16,6,16,FALSE,FALSE
782,35,685,705,704,685,705,704,685,705,704,20,19,20,19,FALSE,FALSE
782,36,624,670,669,624,670,669,624,670,669,46,45,46,45,FALSE,FALSE
782,37,578,602,629,578,602,629,578,602,629,24,51,24,51,FALSE,FALSE
782,38,531,535,560,531,535,560,531,535,560,4,29,4,29,FALSE,FALSE
782,39,471,478,513,471,478,513,471,478,513,7,42,7,42,FALSE,FALSE
782,40,441,447,480,441,447,480,441,447,480,6,39,6,39,FALSE,FALSE
782,41,406,409,444,406,409,444,406,409,444,3,38,3,38,FALSE,FALSE
782,42,373,376,399,373,376,399,373,376,399,3,26,3,26,FALSE,FALSE
782,43,323,332,353,323,332,353,323,332,353,9,30,9,30,FALSE,FALSE
782,44,292,305,305,292,305,305,292,305,305,13,13,13,13,FALSE,FALSE
782,45,267,285,274,267,285,274,267,285,274,18,7,18,7,FALSE,FALSE
782,46,235,259,250,235,259,250,235,259,250,24,15,24,15,FALSE,FALSE
782,47,209,241,242,209,241,242,209,241,242,32,33,32,33,FALSE,FALSE
782,48,187,206,198,187,206,198,187,206,198,19,11,19,11,FALSE,FALSE
782,49,168,188,176,168,188,176,168,188,176,20,8,20,8,FALSE,FALSE
782,50,161,170,143,161,170,143,161,170,143,9,-18,9,18,FALSE,FALSE
782,51,151,156,127,151,156,127,151,156,127,5,-24,5,24,FALSE,FALSE
782,52,141,146,109,141,146,109,141,146,109,5,-32,5,32,FALSE,FALSE
782,53,124,126,102,124,126,102,124,126,102,2,-22,2,22,FALSE,FALSE
782,54,106,118,86,106,118,86,106,118,86,12,-20,12,20,FALSE,FALSE
782,55,90,107,75,90,107,75,90,107,75,17,-15,17,15,FALSE,FALSE
782,56,87,104,68,87,104,68,87,104,68,17,-19,17,19,FALSE,FALSE
782,57,79,96,61,79,96,61,79,96,61,17,-18,17,18,FALSE,FALSE
782,58,65,92,54,65,92,54,65,92,54,27,-11,27,11,FALSE,FALSE
782,59,62,82,45,62,82,45,62,82,45,20,-17,20,17,FALSE,FALSE
782,60,59,71,36,59,71,36,59,71,36,12,-23,12,23,FALSE,FALSE
783,0,146,146,146,146,146,146,146,146,146,0,0,0,0,TRUE,TRUE
783,1,154,161,154,154,161,154,154,161,154,7,0,7,0,FALSE,TRUE
783,2,158,174,160,158,174,160,158,174,160,16,2,16,2,FALSE,FALSE
783,3,174,184,163,174,184,163,174,184,163,10,-11,10,11,FALSE,FALSE
783,4,178,202,159,178,202,159,178,202,159,24,-19,24,19,FALSE,FALSE
783,5,177,211,160,177,211,160,177,211,160,34,-17,34,17,FALSE,FALSE
783,6,191,230,173,191,230,173,191,230,173,39,-18,39,18,FALSE,FALSE
783,7,207,241,181,207,241,181,207,241,181,34,-26,34,26,FALSE,FALSE
783,8,227,272,193,227,272,193,227,272,193,45,-34,45,34,FALSE,FALSE
783,9,240,289,200,240,289,200,240,289,200,49,-40,49,40,FALSE,FALSE
783,10,252,294,205,252,294,205,252,294,205,42,-47,42,47,FALSE,FALSE
783,11,259,313,223,259,313,223,259,313,223,54,-36,54,36,FALSE,FALSE
783,12,273,332,229,273,332,229,273,332,229,59,-44,59,44,FALSE,FALSE
783,13,285,349,245,285,349,245,285,349,245,64,-40,64,40,FALSE,FALSE
783,14,295,360,247,295,360,247,295,360,247,65,-48,65,48,FALSE,FALSE
783,15,306,386,278,306,386,278,306,386,278,80,-28,80,28,FALSE,FALSE
783,16,313,404,290,313,404,290,313,404,290,91,-23,91,23,FALSE,FALSE
783,17,326,410,297,326,410,297,326,410,297,84,-29,84,29,FALSE,FALSE
783,18,347,440,303,347,440,303,347,440,303,93,-44,93,44,FALSE,FALSE
783,19,371,449,315,371,449,315,371,449,315,78,-56,78,56,FALSE,FALSE
783,20,383,449,332,383,449,332,383,449,332,66,-51,66,51,FALSE,FALSE
783,21,390,478,351,390,478,351,390,478,351,88,-39,88,39,FALSE,FALSE
783,22,399,501,375,399,501,375,399,501,375,102,-24,102,24,FALSE,FALSE
783,23,428,516,391,428,516,391,428,516,391,88,-37,88,37,FALSE,FALSE
783,24,433,538,404,433,538,404,433,538,404,105,-29,105,29,FALSE,FALSE
783,25,448,549,412,448,549,412,448,549,412,101,-36,101,36,FALSE,FALSE
783,26,461,577,435,461,577,435,461,577,435,116,-26,116,26,FALSE,FALSE
783,27,489,580,456,489,580,456,489,580,456,91,-33,91,33,FALSE,FALSE
783,28,490,592,469,490,592,469,490,592,469,102,-21,102,21,FALSE,FALSE
783,29,509,589,478,509,589,478,509,589,478,80,-31,80,31,FALSE,FALSE
783,30,534,628,501,534,628,501,534,628,501,94,-33,94,33,FALSE,FALSE
783,31,550,651,524,550,651,524,550,651,524,101,-26,101,26,FALSE,FALSE
783,32,564,661,555,564,661,555,564,661,555,97,-9,97,9,FALSE,FALSE
783,33,588,682,561,588,682,561,588,682,561,94,-27,94,27,FALSE,FALSE
783,34,613,692,568,613,692,568,613,692,568,79,-45,79,45,FALSE,FALSE
783,35,640,710,612,640,710,612,640,710,612,70,-28,70,28,FALSE,FALSE
783,36,647,709,637,647,709,637,647,709,637,62,-10,62,10,FALSE,FALSE
783,37,677,720,658,677,720,658,677,720,658,43,-19,43,19,FALSE,FALSE
783,38,691,730,661,691,730,661,691,730,661,39,-30,39,30,FALSE,FALSE
783,39,719,749,681,719,749,681,719,749,681,30,-38,30,38,FALSE,FALSE
783,40,740,766,696,740,766,696,740,766,696,26,-44,26,44,FALSE,FALSE
783,41,757,784,724,757,784,724,757,784,724,27,-33,27,33,FALSE,FALSE
783,42,762,819,731,762,819,731,762,819,731,57,-31,57,31,FALSE,FALSE
783,43,774,817,737,774,817,737,774,817,737,43,-37,43,37,FALSE,FALSE
783,44,804,815,768,804,815,768,804,815,768,11,-36,11,36,FALSE,FALSE
783,45,826,817,789,826,817,789,826,817,789,-9,-37,9,37,FALSE,FALSE
783,46,858,815,787,858,815,787,858,815,787,-43,-71,43,71,FALSE,FALSE
783,47,849,855,815,849,855,815,849,855,815,6,-34,6,34,FALSE,FALSE
783,48,851,854,845,851,854,845,851,854,845,3,-6,3,6,FALSE,FALSE
783,49,875,858,870,875,858,870,875,858,870,-17,-5,17,5,FALSE,FALSE
783,50,877,843,886,877,843,886,877,843,886,-34,9,34,9,FALSE,FALSE
783,51,867,829,920,867,829,920,867,829,920,-38,53,38,53,FALSE,FALSE
783,52,881,823,954,881,823,954,881,823,954,-58,73,58,73,FALSE,FALSE
783,53,878,813,970,878,813,970,878,813,970,-65,92,65,92,FALSE,FALSE
783,54,869,829,963,869,829,963,869,829,963,-40,94,40,94,FALSE,FALSE
783,55,842,835,959,842,835,959,842,835,959,-7,117,7,117,FALSE,FALSE
783,56,845,831,942,845,831,942,845,831,942,-14,97,14,97,FALSE,FALSE
783,57,851,816,926,851,816,926,851,816,926,-35,75,35,75,FALSE,FALSE
783,58,842,803,930,842,803,930,842,803,930,-39,88,39,88,FALSE,FALSE
783,59,842,795,915,842,795,915,842,795,915,-47,73,47,73,FALSE,FALSE
783,60,828,771,921,828,771,921,828,771,921,-57,93,57,93,FALSE,FALSE
784,0,80,80,80,80,80,80,80,80,80,0,0,0,0,TRUE,TRUE
784,1,134,127,139,134,127,139,134,127,139,-7,5,7,5,FALSE,FALSE
784,2,222,191,219,222,191,219,222,191,219,-31,-3,31,3,FALSE,FALSE
784,3,349,304,329,349,304,329,349,304,329,-45,-20,45,20,FALSE,FALSE
784,4,575,484,530,575,484,530,575,484,530,-91,-45,91,45,FALSE,FALSE
784,5,864,730,844,864,730,844,864,730,844,-134,-20,134,20,FALSE,FALSE
784,6,1279,1087,1262,1279,1087,1262,1279,1087,1262,-192,-17,192,17,FALSE,FALSE
784,7,1823,1569,1812,1823,1569,1812,1823,1569,1812,-254,-11,254,11,FALSE,FALSE
784,8,2402,2108,2452,2402,2108,2452,2402,2108,2452,-294,50,294,50,FALSE,FALSE
784,9,2985,2744,3034,2985,2744,3034,2985,2744,3034,-241,49,241,49,FALSE,FALSE
784,10,3485,3214,3544,3485,3214,3544,3485,3214,3544,-271,59,271,59,FALSE,FALSE
784,11,3813,3544,3809,3813,3544,3809,3813,3544,3809,-269,-4,269,4,FALSE,FALSE
784,12,3820,3714,3861,3820,3714,3861,3820,3714,3861,-106,41,106,41,FALSE,FALSE
784,13,3688,3720,3677,3688,3720,3677,3688,3720,3677,32,-11,32,11,FALSE,FALSE
784,14,3378,3478,3391,3378,3478,3391,3378,3478,3391,100,13,100,13,FALSE,FALSE
784,15,3039,3174,2994,3039,3174,2994,3039,3174,2994,135,-45,135,45,FALSE,FALSE
784,16,2618,2809,2647,2618,2809,2647,2618,2809,2647,191,29,191,29,FALSE,FALSE
784,17,2270,2457,2328,2270,2457,2328,2270,2457,2328,187,58,187,58,FALSE,FALSE
784,18,1947,2109,2014,1947,2109,2014,1947,2109,2014,162,67,162,67,FALSE,FALSE
784,19,1660,1814,1691,1660,1814,1691,1660,1814,1691,154,31,154,31,FALSE,FALSE
784,20,1431,1530,1410,1431,1530,1410,1431,1530,1410,99,-21,99,21,FALSE,FALSE
784,21,1212,1295,1225,1212,1295,1225,1212,1295,1225,83,13,83,13,FALSE,FALSE
784,22,1012,1082,1046,1012,1082,1046,1012,1082,1046,70,34,70,34,FALSE,FALSE
784,23,850,924,906,850,924,906,850,924,906,74,56,74,56,FALSE,FALSE
784,24,688,764,749,688,764,749,688,764,749,76,61,76,61,FALSE,FALSE
784,25,563,650,649,563,650,649,563,650,649,87,86,87,86,FALSE,FALSE
784,26,470,531,519,470,531,519,470,531,519,61,49,61,49,FALSE,FALSE
784,27,379,445,441,379,445,441,379,445,441,66,62,66,62,FALSE,FALSE
784,28,307,376,341,307,376,341,307,376,341,69,34,69,34,FALSE,FALSE
784,29,245,313,285,245,313,285,245,313,285,68,40,68,40,FALSE,FALSE
784,30,207,258,233,207,258,233,207,258,233,51,26,51,26,FALSE,FALSE
784,31,168,218,190,168,218,190,168,218,190,50,22,50,22,FALSE,FALSE
784,32,130,188,160,130,188,160,130,188,160,58,30,58,30,FALSE,FALSE
784,33,111,151,132,111,151,132,111,151,132,40,21,40,21,FALSE,FALSE
784,34,104,137,106,104,137,106,104,137,106,33,2,33,2,FALSE,FALSE
784,35,88,114,82,88,114,82,88,114,82,26,-6,26,6,FALSE,FALSE
784,36,72,102,66,72,102,66,72,102,66,30,-6,30,6,FALSE,FALSE
784,37,65,89,57,65,89,57,65,89,57,24,-8,24,8,FALSE,FALSE
784,38,54,71,49,54,71,49,54,71,49,17,-5,17,5,FALSE,FALSE
784,39,47,57,40,47,57,40,47,57,40,10,-7,10,7,FALSE,FALSE
784,40,42,46,36,42,46,36,42,46,36,4,-6,4,6,FALSE,FALSE
784,41,35,33,31,35,33,31,35,33,31,-2,-4,2,4,FALSE,FALSE
784,42,26,30,23,26,30,23,26,30,23,4,-3,4,3,FALSE,FALSE
784,43,19,18,21,19,18,21,19,18,21,-1,2,1,2,FALSE,FALSE
784,44,21,17,18,21,17,18,21,17,18,-4,-3,4,3,FALSE,FALSE
784,45,15,14,13,15,14,13,15,14,13,-1,-2,1,2,FALSE,FALSE
784,46,12,12,13,12,12,13,12,12,13,0,1,0,1,TRUE,FALSE
784,47,10,12,13,10,12,13,10,12,13,2,3,2,3,FALSE,FALSE
784,48,6,8,11,6,8,11,6,8,11,2,5,2,5,FALSE,FALSE
784,49,5,9,11,5,9,11,5,9,11,4,6,4,6,FALSE,FALSE
784,50,3,8,10,3,8,10,3,8,10,5,7,5,7,FALSE,FALSE
784,51,3,6,7,3,6,7,3,6,7,3,4,3,4,FALSE,FALSE
784,52,3,5,7,3,5,7,3,5,7,2,4,2,4,FALSE,FALSE
784,53,1,5,5,1,5,5,1,5,5,4,4,4,4,FALSE,FALSE
784,54,0,4,3,0,4,3,0,4,3,4,3,4,3,FALSE,FALSE
784,55,0,4,2,0,4,2,0,4,2,4,2,4,2,FALSE,FALSE
784,56,0,3,2,0,3,2,0,3,2,3,2,3,2,FALSE,FALSE
784,57,0,3,1,0,3,1,0,3,1,3,1,3,1,FALSE,FALSE
784,58,0,3,0,0,3,0,0,3,0,3,0,3,0,FALSE,TRUE
784,59,0,2,0,0,2,0,0,2,0,2,0,2,0,FALSE,TRUE
784,60,0,2,0,0,2,0,0,2,0,2,0,2,0,FALSE,TRUE
785,0,122,122,122,122,122,122,122,122,122,0,0,0,0,TRUE,TRUE
785,1,178,168,149,178,168,149,178,168,149,-10,-29,10,29,FALSE,FALSE
785,2,235,227,204,235,227,204,235,227,204,-8,-31,8,31,FALSE,FALSE
785,3,307,267,263,307,267,263,307,267,263,-40,-44,40,44,FALSE,FALSE
785,4,405,358,379,405,358,379,405,358,379,-47,-26,47,26,FALSE,FALSE
785,5,532,474,486,532,474,486,532,474,486,-58,-46,58,46,FALSE,FALSE
785,6,674,616,618,674,616,618,674,616,618,-58,-56,58,56,FALSE,FALSE
785,7,844,809,809,844,809,809,844,809,809,-35,-35,35,35,FALSE,FALSE
785,8,1058,958,1002,1058,958,1002,1058,958,1002,-100,-56,100,56,FALSE,FALSE
785,9,1278,1147,1218,1278,1147,1218,1278,1147,1218,-131,-60,131,60,FALSE,FALSE
785,10,1444,1338,1348,1444,1338,1348,1444,1338,1348,-106,-96,106,96,FALSE,FALSE
785,11,1572,1471,1515,1572,1471,1515,1572,1471,1515,-101,-57,101,57,FALSE,FALSE
785,12,1621,1566,1615,1621,1566,1615,1621,1566,1615,-55,-6,55,6,FALSE,FALSE
785,13,1621,1683,1676,1621,1683,1676,1621,1683,1676,62,55,62,55,FALSE,FALSE
785,14,1644,1699,1634,1644,1699,1634,1644,1699,1634,55,-10,55,10,FALSE,FALSE
785,15,1614,1678,1632,1614,1678,1632,1614,1678,1632,64,18,64,18,FALSE,FALSE
785,16,1502,1611,1553,1502,1611,1553,1502,1611,1553,109,51,109,51,FALSE,FALSE
785,17,1403,1480,1419,1403,1480,1419,1403,1480,1419,77,16,77,16,FALSE,FALSE
785,18,1274,1338,1274,1274,1338,1274,1274,1338,1274,64,0,64,0,FALSE,TRUE
785,19,1143,1177,1117,1143,1177,1117,1143,1177,1117,34,-26,34,26,FALSE,FALSE
785,20,1006,1046,1000,1006,1046,1000,1006,1046,1000,40,-6,40,6,FALSE,FALSE
785,21,897,895,852,897,895,852,897,895,852,-2,-45,2,45,FALSE,FALSE
785,22,781,781,731,781,781,731,781,781,731,0,-50,0,50,TRUE,FALSE
785,23,669,661,619,669,661,619,669,661,619,-8,-50,8,50,FALSE,FALSE
785,24,591,579,525,591,579,525,591,579,525,-12,-66,12,66,FALSE,FALSE
785,25,512,496,451,512,496,451,512,496,451,-16,-61,16,61,FALSE,FALSE
785,26,434,424,380,434,424,380,434,424,380,-10,-54,10,54,FALSE,FALSE
785,27,358,359,317,358,359,317,358,359,317,1,-41,1,41,FALSE,FALSE
785,28,298,312,273,298,312,273,298,312,273,14,-25,14,25,FALSE,FALSE
785,29,248,250,226,248,250,226,248,250,226,2,-22,2,22,FALSE,FALSE
785,30,193,224,189,193,224,189,193,224,189,31,-4,31,4,FALSE,FALSE
785,31,168,187,148,168,187,148,168,187,148,19,-20,19,20,FALSE,FALSE
785,32,136,158,120,136,158,120,136,158,120,22,-16,22,16,FALSE,FALSE
785,33,115,135,101,115,135,101,115,135,101,20,-14,20,14,FALSE,FALSE
785,34,95,116,86,95,116,86,95,116,86,21,-9,21,9,FALSE,FALSE
785,35,76,105,72,76,105,72,76,105,72,29,-4,29,4,FALSE,FALSE
785,36,68,86,62,68,86,62,68,86,62,18,-6,18,6,FALSE,FALSE
785,37,51,70,58,51,70,58,51,70,58,19,7,19,7,FALSE,FALSE
785,38,45,62,54,45,62,54,45,62,54,17,9,17,9,FALSE,FALSE
785,39,33,52,52,33,52,52,33,52,52,19,19,19,19,FALSE,FALSE
785,40,27,45,44,27,45,44,27,45,44,18,17,18,17,FALSE,FALSE
785,41,26,31,39,26,31,39,26,31,39,5,13,5,13,FALSE,FALSE
785,42,27,25,31,27,25,31,27,25,31,-2,4,2,4,FALSE,FALSE
785,43,25,20,26,25,20,26,25,20,26,-5,1,5,1,FALSE,FALSE
785,44,23,16,19,23,16,19,23,16,19,-7,-4,7,4,FALSE,FALSE
785,45,19,14,14,19,14,14,19,14,14,-5,-5,5,5,FALSE,FALSE
785,46,13,13,13,13,13,13,13,13,13,0,0,0,0,TRUE,TRUE
785,47,9,12,8,9,12,8,9,12,8,3,-1,3,1,FALSE,FALSE
785,48,7,10,6,7,10,6,7,10,6,3,-1,3,1,FALSE,FALSE
785,49,5,11,5,5,11,5,5,11,5,6,0,6,0,FALSE,TRUE
785,50,4,8,5,4,8,5,4,8,5,4,1,4,1,FALSE,FALSE
785,51,1,4,4,1,4,4,1,4,4,3,3,3,3,FALSE,FALSE
785,52,1,5,3,1,5,3,1,5,3,4,2,4,2,FALSE,FALSE
785,53,1,5,1,1,5,1,1,5,1,4,0,4,0,FALSE,TRUE
785,54,1,5,1,1,5,1,1,5,1,4,0,4,0,FALSE,TRUE
785,55,1,5,1,1,5,1,1,5,1,4,0,4,0,FALSE,TRUE
785,56,1,4,1,1,4,1,1,4,1,3,0,3,0,FALSE,TRUE
785,57,1,4,2,1,4,2,1,4,2,3,1,3,1,FALSE,FALSE
785,58,1,3,1,1,3,1,1,3,1,2,0,2,0,FALSE,TRUE
785,59,1,2,0,1,2,0,1,2,0,1,-1,1,1,FALSE,FALSE
785,60,1,2,0,1,2,0,1,2,0,1,-1,1,1,FALSE,FALSE
786,0,136,136,136,136,136,136,136,136,136,0,0,0,0,TRUE,TRUE
786,1,166,154,170,166,154,170,166,154,170,-12,4,12,4,FALSE,FALSE
786,2,210,194,206,210,194,206,210,194,206,-16,-4,16,4,FALSE,FALSE
786,3,260,239,276,260,239,276,260,239,276,-21,16,21,16,FALSE,FALSE
786,4,311,318,358,311,318,358,311,318,358,7,47,7,47,FALSE,FALSE
786,5,389,404,453,389,404,453,389,404,453,15,64,15,64,FALSE,FALSE
786,6,482,504,556,482,504,556,482,504,556,22,74,22,74,FALSE,FALSE
786,7,598,626,681,598,626,681,598,626,681,28,83,28,83,FALSE,FALSE
786,8,729,794,859,729,794,859,729,794,859,65,130,65,130,FALSE,FALSE
786,9,909,946,1060,909,946,1060,909,946,1060,37,151,37,151,FALSE,FALSE
786,10,1101,1122,1307,1101,1122,1307,1101,1122,1307,21,206,21,206,FALSE,FALSE
786,11,1334,1324,1564,1334,1324,1564,1334,1324,1564,-10,230,10,230,FALSE,FALSE
786,12,1584,1574,1840,1584,1574,1840,1584,1574,1840,-10,256,10,256,FALSE,FALSE
786,13,1817,1839,2100,1817,1839,2100,1817,1839,2100,22,283,22,283,FALSE,FALSE
786,14,2069,2111,2307,2069,2111,2307,2069,2111,2307,42,238,42,238,FALSE,FALSE
786,15,2317,2381,2540,2317,2381,2540,2317,2381,2540,64,223,64,223,FALSE,FALSE
786,16,2602,2588,2785,2602,2588,2785,2602,2588,2785,-14,183,14,183,FALSE,FALSE
786,17,2861,2792,3002,2861,2792,3002,2861,2792,3002,-69,141,69,141,FALSE,FALSE
786,18,3043,2948,3153,3043,2948,3153,3043,2948,3153,-95,110,95,110,FALSE,FALSE
786,19,3161,3085,3247,3161,3085,3247,3161,3085,3247,-76,86,76,86,FALSE,FALSE
786,20,3229,3181,3274,3229,3181,3274,3229,3181,3274,-48,45,48,45,FALSE,FALSE
786,21,3262,3231,3266,3262,3231,3266,3262,3231,3266,-31,4,31,4,FALSE,FALSE
786,22,3243,3205,3254,3243,3205,3254,3243,3205,3254,-38,11,38,11,FALSE,FALSE
786,23,3203,3206,3193,3203,3206,3193,3203,3206,3193,3,-10,3,10,FALSE,FALSE
786,24,3162,3139,3078,3162,3139,3078,3162,3139,3078,-23,-84,23,84,FALSE,FALSE
786,25,3065,3059,2970,3065,3059,2970,3065,3059,2970,-6,-95,6,95,FALSE,FALSE
786,26,2966,2943,2864,2966,2943,2864,2966,2943,2864,-23,-102,23,102,FALSE,FALSE
786,27,2828,2808,2725,2828,2808,2725,2828,2808,2725,-20,-103,20,103,FALSE,FALSE
786,28,2694,2667,2561,2694,2667,2561,2694,2667,2561,-27,-133,27,133,FALSE,FALSE
786,29,2532,2556,2411,2532,2556,2411,2532,2556,2411,24,-121,24,121,FALSE,FALSE
786,30,2386,2435,2266,2386,2435,2266,2386,2435,2266,49,-120,49,120,FALSE,FALSE
786,31,2254,2296,2150,2254,2296,2150,2254,2296,2150,42,-104,42,104,FALSE,FALSE
786,32,2088,2154,2026,2088,2154,2026,2088,2154,2026,66,-62,66,62,FALSE,FALSE
786,33,1940,1996,1863,1940,1996,1863,1940,1996,1863,56,-77,56,77,FALSE,FALSE
786,34,1812,1858,1693,1812,1858,1693,1812,1858,1693,46,-119,46,119,FALSE,FALSE
786,35,1687,1731,1562,1687,1731,1562,1687,1731,1562,44,-125,44,125,FALSE,FALSE
786,36,1544,1593,1455,1544,1593,1455,1544,1593,1455,49,-89,49,89,FALSE,FALSE
786,37,1420,1480,1322,1420,1480,1322,1420,1480,1322,60,-98,60,98,FALSE,FALSE
786,38,1301,1356,1195,1301,1356,1195,1301,1356,1195,55,-106,55,106,FALSE,FALSE
786,39,1201,1236,1078,1201,1236,1078,1201,1236,1078,35,-123,35,123,FALSE,FALSE
786,40,1108,1131,992,1108,1131,992,1108,1131,992,23,-116,23,116,FALSE,FALSE
786,41,1006,1044,909,1006,1044,909,1006,1044,909,38,-97,38,97,FALSE,FALSE
786,42,924,953,842,924,953,842,924,953,842,29,-82,29,82,FALSE,FALSE
786,43,840,879,782,840,879,782,840,879,782,39,-58,39,58,FALSE,FALSE
786,44,777,816,719,777,816,719,777,816,719,39,-58,39,58,FALSE,FALSE
786,45,712,761,670,712,761,670,712,761,670,49,-42,49,42,FALSE,FALSE
786,46,639,700,620,639,700,620,639,700,620,61,-19,61,19,FALSE,FALSE
786,47,583,653,566,583,653,566,583,653,566,70,-17,70,17,FALSE,FALSE
786,48,537,608,503,537,608,503,537,608,503,71,-34,71,34,FALSE,FALSE
786,49,494,561,457,494,561,457,494,561,457,67,-37,67,37,FALSE,FALSE
786,50,453,511,422,453,511,422,453,511,422,58,-31,58,31,FALSE,FALSE
786,51,414,475,376,414,475,376,414,475,376,61,-38,61,38,FALSE,FALSE
786,52,369,430,348,369,430,348,369,430,348,61,-21,61,21,FALSE,FALSE
786,53,334,404,316,334,404,316,334,404,316,70,-18,70,18,FALSE,FALSE
786,54,310,363,286,310,363,286,310,363,286,53,-24,53,24,FALSE,FALSE
786,55,272,334,260,272,334,260,272,334,260,62,-12,62,12,FALSE,FALSE
786,56,242,304,246,242,304,246,242,304,246,62,4,62,4,FALSE,FALSE
786,57,217,271,221,217,271,221,217,271,221,54,4,54,4,FALSE,FALSE
786,58,195,256,199,195,256,199,195,256,199,61,4,61,4,FALSE,FALSE
786,59,179,240,178,179,240,178,179,240,178,61,-1,61,1,FALSE,FALSE
786,60,160,210,154,160,210,154,160,210,154,50,-6,50,6,FALSE,FALSE
787,0,139,139,139,139,139,139,139,139,139,0,0,0,0,TRUE,TRUE
787,1,231,231,223,231,231,223,231,231,223,0,-8,0,8,TRUE,FALSE
787,2,349,338,360,349,338,360,349,338,360,-11,11,11,11,FALSE,FALSE
787,3,539,512,550,539,512,550,539,512,550,-27,11,27,11,FALSE,FALSE
787,4,811,763,811,811,763,811,811,763,811,-48,0,48,0,FALSE,TRUE
787,5,1152,1059,1204,1152,1059,1204,1152,1059,1204,-93,52,93,52,FALSE,FALSE
787,6,1530,1433,1608,1530,1433,1608,1530,1433,1608,-97,78,97,78,FALSE,FALSE
787,7,2001,1845,2059,2001,1845,2059,2001,1845,2059,-156,58,156,58,FALSE,FALSE
787,8,2393,2203,2479,2393,2203,2479,2393,2203,2479,-190,86,190,86,FALSE,FALSE
787,9,2660,2504,2768,2660,2504,2768,2660,2504,2768,-156,108,156,108,FALSE,FALSE
787,10,2773,2691,2840,2773,2691,2840,2773,2691,2840,-82,67,82,67,FALSE,FALSE
787,11,2748,2674,2796,2748,2674,2796,2748,2674,2796,-74,48,74,48,FALSE,FALSE
787,12,2580,2562,2576,2580,2562,2576,2580,2562,2576,-18,-4,18,4,FALSE,FALSE
787,13,2328,2377,2336,2328,2377,2336,2328,2377,2336,49,8,49,8,FALSE,FALSE
787,14,2079,2155,2077,2079,2155,2077,2079,2155,2077,76,-2,76,2,FALSE,FALSE
787,15,1812,1873,1796,1812,1873,1796,1812,1873,1796,61,-16,61,16,FALSE,FALSE
787,16,1512,1627,1513,1512,1627,1513,1512,1627,1513,115,1,115,1,FALSE,FALSE
787,17,1262,1403,1276,1262,1403,1276,1262,1403,1276,141,14,141,14,FALSE,FALSE
787,18,1041,1159,1060,1041,1159,1060,1041,1159,1060,118,19,118,19,FALSE,FALSE
787,19,852,957,880,852,957,880,852,957,880,105,28,105,28,FALSE,FALSE
787,20,691,805,719,691,805,719,691,805,719,114,28,114,28,FALSE,FALSE
787,21,565,681,584,565,681,584,565,681,584,116,19,116,19,FALSE,FALSE
787,22,471,561,469,471,561,469,471,561,469,90,-2,90,2,FALSE,FALSE
787,23,383,456,389,383,456,389,383,456,389,73,6,73,6,FALSE,FALSE
787,24,319,381,314,319,381,314,319,381,314,62,-5,62,5,FALSE,FALSE
787,25,256,322,257,256,322,257,256,322,257,66,1,66,1,FALSE,FALSE
787,26,197,263,212,197,263,212,197,263,212,66,15,66,15,FALSE,FALSE
787,27,165,224,169,165,224,169,165,224,169,59,4,59,4,FALSE,FALSE
787,28,149,187,135,149,187,135,149,187,135,38,-14,38,14,FALSE,FALSE
787,29,120,148,111,120,148,111,120,148,111,28,-9,28,9,FALSE,FALSE
787,30,97,130,88,97,130,88,97,130,88,33,-9,33,9,FALSE,FALSE
787,31,81,108,72,81,108,72,81,108,72,27,-9,27,9,FALSE,FALSE
787,32,69,85,62,69,85,62,69,85,62,16,-7,16,7,FALSE,FALSE
787,33,58,67,50,58,67,50,58,67,50,9,-8,9,8,FALSE,FALSE
787,34,45,60,39,45,60,39,45,60,39,15,-6,15,6,FALSE,FALSE
787,35,33,51,30,33,51,30,33,51,30,18,-3,18,3,FALSE,FALSE
787,36,27,39,29,27,39,29,27,39,29,12,2,12,2,FALSE,FALSE
787,37,20,28,22,20,28,22,20,28,22,8,2,8,2,FALSE,FALSE
787,38,18,27,16,18,27,16,18,27,16,9,-2,9,2,FALSE,FALSE
787,39,15,20,15,15,20,15,15,20,15,5,0,5,0,FALSE,TRUE
787,40,10,15,10,10,15,10,10,15,10,5,0,5,0,FALSE,TRUE
787,41,9,9,6,9,9,6,9,9,6,0,-3,0,3,TRUE,FALSE
787,42,8,9,5,8,9,5,8,9,5,1,-3,1,3,FALSE,FALSE
787,43,8,9,6,8,9,6,8,9,6,1,-2,1,2,FALSE,FALSE
787,44,8,6,5,8,6,5,8,6,5,-2,-3,2,3,FALSE,FALSE
787,45,9,4,4,9,4,4,9,4,4,-5,-5,5,5,FALSE,FALSE
787,46,7,4,2,7,4,2,7,4,2,-3,-5,3,5,FALSE,FALSE
787,47,7,4,2,7,4,2,7,4,2,-3,-5,3,5,FALSE,FALSE
787,48,6,2,1,6,2,1,6,2,1,-4,-5,4,5,FALSE,FALSE
787,49,5,2,1,5,2,1,5,2,1,-3,-4,3,4,FALSE,FALSE
787,50,6,1,1,6,1,1,6,1,1,-5,-5,5,5,FALSE,FALSE
787,51,4,2,1,4,2,1,4,2,1,-2,-3,2,3,FALSE,FALSE
787,52,4,1,1,4,1,1,4,1,1,-3,-3,3,3,FALSE,FALSE
787,53,4,1,1,4,1,1,4,1,1,-3,-3,3,3,FALSE,FALSE
787,54,3,1,1,3,1,1,3,1,1,-2,-2,2,2,FALSE,FALSE
787,55,2,1,1,2,1,1,2,1,1,-1,-1,1,1,FALSE,FALSE
787,56,2,1,1,2,1,1,2,1,1,-1,-1,1,1,FALSE,FALSE
787,57,2,1,1,2,1,1,2,1,1,-1,-1,1,1,FALSE,FALSE
787,58,1,1,1,1,1,1,1,1,1,0,0,0,0,TRUE,TRUE
787,59,1,0,1,1,0,1,1,0,1,-1,0,1,0,FALSE,TRUE
787,60,1,0,1,1,0,1,1,0,1,-1,0,1,0,FALSE,TRUE
788,0,119,119,119,119,119,119,119,119,119,0,0,0,0,TRUE,TRUE
788,1,164,164,169,164,164,169,164,164,169,0,5,0,5,TRUE,FALSE
788,2,229,210,223,229,210,223,229,210,223,-19,-6,19,6,FALSE,FALSE
788,3,291,276,286,291,276,286,291,276,286,-15,-5,15,5,FALSE,FALSE
788,4,378,401,364,378,401,364,378,401,364,23,-14,23,14,FALSE,FALSE
788,5,458,539,482,458,539,482,458,539,482,81,24,81,24,FALSE,FALSE
788,6,578,681,640,578,681,640,578,681,640,103,62,103,62,FALSE,FALSE
788,7,727,884,808,727,884,808,727,884,808,157,81,157,81,FALSE,FALSE
788,8,921,1092,1003,921,1092,1003,921,1092,1003,171,82,171,82,FALSE,FALSE
788,9,1122,1323,1212,1122,1323,1212,1122,1323,1212,201,90,201,90,FALSE,FALSE
788,10,1325,1535,1471,1325,1535,1471,1325,1535,1471,210,146,210,146,FALSE,FALSE
788,11,1527,1761,1665,1527,1761,1665,1527,1761,1665,234,138,234,138,FALSE,FALSE
788,12,1744,1953,1857,1744,1953,1857,1744,1953,1857,209,113,209,113,FALSE,FALSE
788,13,1926,2120,2028,1926,2120,2028,1926,2120,2028,194,102,194,102,FALSE,FALSE
788,14,2033,2217,2113,2033,2217,2113,2033,2217,2113,184,80,184,80,FALSE,FALSE
788,15,2140,2230,2163,2140,2230,2163,2140,2230,2163,90,23,90,23,FALSE,FALSE
788,16,2192,2261,2185,2192,2261,2185,2192,2261,2185,69,-7,69,7,FALSE,FALSE
788,17,2147,2228,2114,2147,2228,2114,2147,2228,2114,81,-33,81,33,FALSE,FALSE
788,18,2043,2143,2026,2043,2143,2026,2043,2143,2026,100,-17,100,17,FALSE,FALSE
788,19,1956,1981,1893,1956,1981,1893,1956,1981,1893,25,-63,25,63,FALSE,FALSE
788,20,1840,1797,1750,1840,1797,1750,1840,1797,1750,-43,-90,43,90,FALSE,FALSE
788,21,1693,1625,1594,1693,1625,1594,1693,1625,1594,-68,-99,68,99,FALSE,FALSE
788,22,1568,1486,1444,1568,1486,1444,1568,1486,1444,-82,-124,82,124,FALSE,FALSE
788,23,1413,1341,1316,1413,1341,1316,1413,1341,1316,-72,-97,72,97,FALSE,FALSE
788,24,1271,1211,1182,1271,1211,1182,1271,1211,1182,-60,-89,60,89,FALSE,FALSE
788,25,1117,1076,1072,1117,1076,1072,1117,1076,1072,-41,-45,41,45,FALSE,FALSE
788,26,1002,940,949,1002,940,949,1002,940,949,-62,-53,62,53,FALSE,FALSE
788,27,918,842,855,918,842,855,918,842,855,-76,-63,76,63,FALSE,FALSE
788,28,812,731,766,812,731,766,812,731,766,-81,-46,81,46,FALSE,FALSE
788,29,714,635,688,714,635,688,714,635,688,-79,-26,79,26,FALSE,FALSE
788,30,615,557,597,615,557,597,615,557,597,-58,-18,58,18,FALSE,FALSE
788,31,532,492,527,532,492,527,532,492,527,-40,-5,40,5,FALSE,FALSE
788,32,461,444,460,461,444,460,461,444,460,-17,-1,17,1,FALSE,FALSE
788,33,412,379,393,412,379,393,412,379,393,-33,-19,33,19,FALSE,FALSE
788,34,358,327,354,358,327,354,358,327,354,-31,-4,31,4,FALSE,FALSE
788,35,298,278,289,298,278,289,298,278,289,-20,-9,20,9,FALSE,FALSE
788,36,243,250,251,243,250,251,243,250,251,7,8,7,8,FALSE,FALSE
788,37,230,216,219,230,216,219,230,216,219,-14,-11,14,11,FALSE,FALSE
788,38,199,195,196,199,195,196,199,195,196,-4,-3,4,3,FALSE,FALSE
788,39,176,165,164,176,165,164,176,165,164,-11,-12,11,12,FALSE,FALSE
788,40,154,149,135,154,149,135,154,149,135,-5,-19,5,19,FALSE,FALSE
788,41,136,137,122,136,137,122,136,137,122,1,-14,1,14,FALSE,FALSE
788,42,115,115,115,115,115,115,115,115,115,0,0,0,0,TRUE,TRUE
788,43,100,104,106,100,104,106,100,104,106,4,6,4,6,FALSE,FALSE
788,44,87,91,95,87,91,95,87,91,95,4,8,4,8,FALSE,FALSE
788,45,77,76,81,77,76,81,77,76,81,-1,4,1,4,FALSE,FALSE
788,46,65,68,73,65,68,73,65,68,73,3,8,3,8,FALSE,FALSE
788,47,60,60,64,60,60,64,60,60,64,0,4,0,4,TRUE,FALSE
788,48,50,50,49,50,50,49,50,50,49,0,-1,0,1,TRUE,FALSE
788,49,44,44,40,44,44,40,44,44,40,0,-4,0,4,TRUE,FALSE
788,50,41,37,34,41,37,34,41,37,34,-4,-7,4,7,FALSE,FALSE
788,51,37,33,27,37,33,27,37,33,27,-4,-10,4,10,FALSE,FALSE
788,52,33,31,26,33,31,26,33,31,26,-2,-7,2,7,FALSE,FALSE
788,53,30,30,23,30,30,23,30,30,23,0,-7,0,7,TRUE,FALSE
788,54,21,24,21,21,24,21,21,24,21,3,0,3,0,FALSE,TRUE
788,55,19,21,19,19,21,19,19,21,19,2,0,2,0,FALSE,TRUE
788,56,18,18,17,18,18,17,18,18,17,0,-1,0,1,TRUE,FALSE
788,57,15,16,14,15,16,14,15,16,14,1,-1,1,1,FALSE,FALSE
788,58,14,11,15,14,11,15,14,11,15,-3,1,3,1,FALSE,FALSE
788,59,13,10,13,13,10,13,13,10,13,-3,0,3,0,FALSE,TRUE
788,60,11,9,11,11,9,11,11,9,11,-2,0,2,0,FALSE,TRUE
789,0,96,96,96,96,96,96,96,96,96,0,0,0,0,TRUE,TRUE
789,1,162,143,146,162,143,146,162,143,146,-19,-16,19,16,FALSE,FALSE
789,2,243,236,213,243,236,213,243,236,213,-7,-30,7,30,FALSE,FALSE
789,3,375,370,334,375,370,334,375,370,334,-5,-41,5,41,FALSE,FALSE
789,4,563,571,486,563,571,486,563,571,486,8,-77,8,77,FALSE,FALSE
789,5,833,842,683,833,842,683,833,842,683,9,-150,9,150,FALSE,FALSE
789,6,1158,1177,964,1158,1177,964,1158,1177,964,19,-194,19,194,FALSE,FALSE
789,7,1563,1552,1387,1563,1552,1387,1563,1552,1387,-11,-176,11,176,FALSE,FALSE
789,8,1942,1945,1813,1942,1945,1813,1942,1945,1813,3,-129,3,129,FALSE,FALSE
789,9,2246,2249,2189,2246,2249,2189,2246,2249,2189,3,-57,3,57,FALSE,FALSE
789,10,2431,2402,2476,2431,2402,2476,2431,2402,2476,-29,45,29,45,FALSE,FALSE
789,11,2431,2426,2574,2431,2426,2574,2431,2426,2574,-5,143,5,143,FALSE,FALSE
789,12,2349,2359,2524,2349,2359,2524,2349,2359,2524,10,175,10,175,FALSE,FALSE
789,13,2215,2209,2398,2215,2209,2398,2215,2209,2398,-6,183,6,183,FALSE,FALSE
789,14,2017,2025,2184,2017,2025,2184,2017,2025,2184,8,167,8,167,FALSE,FALSE
789,15,1807,1806,1986,1807,1806,1986,1807,1806,1986,-1,179,1,179,FALSE,FALSE
789,16,1578,1607,1770,1578,1607,1770,1578,1607,1770,29,192,29,192,FALSE,FALSE
789,17,1402,1437,1516,1402,1437,1516,1402,1437,1516,35,114,35,114,FALSE,FALSE
789,18,1206,1262,1322,1206,1262,1322,1206,1262,1322,56,116,56,116,FALSE,FALSE
789,19,1053,1047,1112,1053,1047,1112,1053,1047,1112,-6,59,6,59,FALSE,FALSE
789,20,918,907,930,918,907,930,918,907,930,-11,12,11,12,FALSE,FALSE
789,21,780,782,790,780,782,790,780,782,790,2,10,2,10,FALSE,FALSE
789,22,674,690,665,674,690,665,674,690,665,16,-9,16,9,FALSE,FALSE
789,23,581,594,579,581,594,579,581,594,579,13,-2,13,2,FALSE,FALSE
789,24,491,512,505,491,512,505,491,512,505,21,14,21,14,FALSE,FALSE
789,25,421,434,430,421,434,430,421,434,430,13,9,13,9,FALSE,FALSE
789,26,353,377,360,353,377,360,353,377,360,24,7,24,7,FALSE,FALSE
789,27,299,312,319,299,312,319,299,312,319,13,20,13,20,FALSE,FALSE
789,28,247,269,269,247,269,269,247,269,269,22,22,22,22,FALSE,FALSE
789,29,211,231,236,211,231,236,211,231,236,20,25,20,25,FALSE,FALSE
789,30,174,195,196,174,195,196,174,195,196,21,22,21,22,FALSE,FALSE
789,31,150,164,170,150,164,170,150,164,170,14,20,14,20,FALSE,FALSE
789,32,133,146,151,133,146,151,133,146,151,13,18,13,18,FALSE,FALSE
789,33,117,129,119,117,129,119,117,129,119,12,2,12,2,FALSE,FALSE
789,34,102,115,99,102,115,99,102,115,99,13,-3,13,3,FALSE,FALSE
789,35,84,98,82,84,98,82,84,98,82,14,-2,14,2,FALSE,FALSE
789,36,79,83,69,79,83,69,79,83,69,4,-10,4,10,FALSE,FALSE
789,37,59,78,52,59,78,52,59,78,52,19,-7,19,7,FALSE,FALSE
789,38,55,67,42,55,67,42,55,67,42,12,-13,12,13,FALSE,FALSE
789,39,47,56,29,47,56,29,47,56,29,9,-18,9,18,FALSE,FALSE
789,40,43,52,26,43,52,26,43,52,26,9,-17,9,17,FALSE,FALSE
789,41,39,46,25,39,46,25,39,46,25,7,-14,7,14,FALSE,FALSE
789,42,30,42,24,30,42,24,30,42,24,12,-6,12,6,FALSE,FALSE
789,43,25,34,21,25,34,21,25,34,21,9,-4,9,4,FALSE,FALSE
789,44,21,27,17,21,27,17,21,27,17,6,-4,6,4,FALSE,FALSE
789,45,18,24,15,18,24,15,18,24,15,6,-3,6,3,FALSE,FALSE
789,46,18,18,13,18,18,13,18,18,13,0,-5,0,5,TRUE,FALSE
789,47,17,16,12,17,16,12,17,16,12,-1,-5,1,5,FALSE,FALSE
789,48,15,13,10,15,13,10,15,13,10,-2,-5,2,5,FALSE,FALSE
789,49,15,10,7,15,10,7,15,10,7,-5,-8,5,8,FALSE,FALSE
789,50,12,9,4,12,9,4,12,9,4,-3,-8,3,8,FALSE,FALSE
789,51,10,8,3,10,8,3,10,8,3,-2,-7,2,7,FALSE,FALSE
789,52,9,7,3,9,7,3,9,7,3,-2,-6,2,6,FALSE,FALSE
789,53,6,7,1,6,7,1,6,7,1,1,-5,1,5,FALSE,FALSE
789,54,5,6,1,5,6,1,5,6,1,1,-4,1,4,FALSE,FALSE
789,55,3,5,0,3,5,0,3,5,0,2,-3,2,3,FALSE,FALSE
789,56,3,3,0,3,3,0,3,3,0,0,-3,0,3,TRUE,FALSE
789,57,2,3,0,2,3,0,2,3,0,1,-2,1,2,FALSE,FALSE
789,58,1,3,0,1,3,0,1,3,0,2,-1,2,1,FALSE,FALSE
789,59,1,2,0,1,2,0,1,2,0,1,-1,1,1,FALSE,FALSE
789,60,1,2,0,1,2,0,1,2,0,1,-1,1,1,FALSE,FALSE
790,0,99,99,99,99,99,99,99,99,99,0,0,0,0,TRUE,TRUE
790,1,103,119,125,103,119,125,103,119,125,16,22,16,22,FALSE,FALSE
790,2,127,139,140,127,139,140,127,139,140,12,13,12,13,FALSE,FALSE
790,3,161,165,157,161,165,157,161,165,157,4,-4,4,4,FALSE,FALSE
790,4,183,202,174,183,202,174,183,202,174,19,-9,19,9,FALSE,FALSE
790,5,206,236,198,206,236,198,206,236,198,30,-8,30,8,FALSE,FALSE
790,6,239,266,219,239,266,219,239,266,219,27,-20,27,20,FALSE,FALSE
790,7,270,303,249,270,303,249,270,303,249,33,-21,33,21,FALSE,FALSE
790,8,302,334,262,302,334,262,302,334,262,32,-40,32,40,FALSE,FALSE
790,9,340,382,296,340,382,296,340,382,296,42,-44,42,44,FALSE,FALSE
790,10,383,449,331,383,449,331,383,449,331,66,-52,66,52,FALSE,FALSE
790,11,435,500,363,435,500,363,435,500,363,65,-72,65,72,FALSE,FALSE
790,12,475,583,403,475,583,403,475,583,403,108,-72,108,72,FALSE,FALSE
790,13,540,656,451,540,656,451,540,656,451,116,-89,116,89,FALSE,FALSE
790,14,588,723,511,588,723,511,588,723,511,135,-77,135,77,FALSE,FALSE
790,15,644,779,567,644,779,567,644,779,567,135,-77,135,77,FALSE,FALSE
790,16,701,863,641,701,863,641,701,863,641,162,-60,162,60,FALSE,FALSE
790,17,784,946,669,784,946,669,784,946,669,162,-115,162,115,FALSE,FALSE
790,18,844,1007,729,844,1007,729,844,1007,729,163,-115,163,115,FALSE,FALSE
790,19,918,1068,818,918,1068,818,918,1068,818,150,-100,150,100,FALSE,FALSE
790,20,973,1146,890,973,1146,890,973,1146,890,173,-83,173,83,FALSE,FALSE
790,21,1042,1228,993,1042,1228,993,1042,1228,993,186,-49,186,49,FALSE,FALSE
790,22,1088,1296,1077,1088,1296,1077,1088,1296,1077,208,-11,208,11,FALSE,FALSE
790,23,1111,1346,1129,1111,1346,1129,1111,1346,1129,235,18,235,18,FALSE,FALSE
790,24,1163,1343,1195,1163,1343,1195,1163,1343,1195,180,32,180,32,FALSE,FALSE
790,25,1205,1324,1233,1205,1324,1233,1205,1324,1233,119,28,119,28,FALSE,FALSE
790,26,1254,1343,1247,1254,1343,1247,1254,1343,1247,89,-7,89,7,FALSE,FALSE
790,27,1284,1305,1271,1284,1305,1271,1284,1305,1271,21,-13,21,13,FALSE,FALSE
790,28,1311,1290,1318,1311,1290,1318,1311,1290,1318,-21,7,21,7,FALSE,FALSE
790,29,1295,1276,1333,1295,1276,1333,1295,1276,1333,-19,38,19,38,FALSE,FALSE
790,30,1276,1243,1326,1276,1243,1326,1276,1243,1326,-33,50,33,50,FALSE,FALSE
790,31,1241,1197,1336,1241,1197,1336,1241,1197,1336,-44,95,44,95,FALSE,FALSE
790,32,1262,1164,1316,1262,1164,1316,1262,1164,1316,-98,54,98,54,FALSE,FALSE
790,33,1235,1127,1273,1235,1127,1273,1235,1127,1273,-108,38,108,38,FALSE,FALSE
790,34,1210,1092,1257,1210,1092,1257,1210,1092,1257,-118,47,118,47,FALSE,FALSE
790,35,1159,1031,1233,1159,1031,1233,1159,1031,1233,-128,74,128,74,FALSE,FALSE
790,36,1112,963,1202,1112,963,1202,1112,963,1202,-149,90,149,90,FALSE,FALSE
790,37,1081,891,1158,1081,891,1158,1081,891,1158,-190,77,190,77,FALSE,FALSE
790,38,1026,853,1152,1026,853,1152,1026,853,1152,-173,126,173,126,FALSE,FALSE
790,39,974,828,1100,974,828,1100,974,828,1100,-146,126,146,126,FALSE,FALSE
790,40,913,776,1030,913,776,1030,913,776,1030,-137,117,137,117,FALSE,FALSE
790,41,871,733,968,871,733,968,871,733,968,-138,97,138,97,FALSE,FALSE
790,42,827,704,929,827,704,929,827,704,929,-123,102,123,102,FALSE,FALSE
790,43,761,627,869,761,627,869,761,627,869,-134,108,134,108,FALSE,FALSE
790,44,720,607,824,720,607,824,720,607,824,-113,104,113,104,FALSE,FALSE
790,45,678,557,765,678,557,765,678,557,765,-121,87,121,87,FALSE,FALSE
790,46,631,515,705,631,515,705,631,515,705,-116,74,116,74,FALSE,FALSE
790,47,589,482,646,589,482,646,589,482,646,-107,57,107,57,FALSE,FALSE
790,48,559,442,573,559,442,573,559,442,573,-117,14,117,14,FALSE,FALSE
790,49,516,423,529,516,423,529,516,423,529,-93,13,93,13,FALSE,FALSE
790,50,481,387,485,481,387,485,481,387,485,-94,4,94,4,FALSE,FALSE
790,51,444,353,449,444,353,449,444,353,449,-91,5,91,5,FALSE,FALSE
790,52,389,330,400,389,330,400,389,330,400,-59,11,59,11,FALSE,FALSE
790,53,362,299,347,362,299,347,362,299,347,-63,-15,63,15,FALSE,FALSE
790,54,321,272,316,321,272,316,321,272,316,-49,-5,49,5,FALSE,FALSE
790,55,300,253,298,300,253,298,300,253,298,-47,-2,47,2,FALSE,FALSE
790,56,271,231,273,271,231,273,271,231,273,-40,2,40,2,FALSE,FALSE
790,57,253,213,247,253,213,247,253,213,247,-40,-6,40,6,FALSE,FALSE
790,58,228,193,222,228,193,222,228,193,222,-35,-6,35,6,FALSE,FALSE
790,59,209,165,206,209,165,206,209,165,206,-44,-3,44,3,FALSE,FALSE
790,60,195,147,186,195,147,186,195,147,186,-48,-9,48,9,FALSE,FALSE
791,0,87,87,87,87,87,87,87,87,87,0,0,0,0,TRUE,TRUE
791,1,94,107,104,94,107,104,94,107,104,13,10,13,10,FALSE,FALSE
791,2,121,134,116,121,134,116,121,134,116,13,-5,13,5,FALSE,FALSE
791,3,135,152,136,135,152,136,135,152,136,17,1,17,1,FALSE,FALSE
791,4,165,166,167,165,166,167,165,166,167,1,2,1,2,FALSE,FALSE
791,5,191,189,205,191,189,205,191,189,205,-2,14,2,14,FALSE,FALSE
791,6,236,217,256,236,217,256,236,217,256,-19,20,19,20,FALSE,FALSE
791,7,280,257,308,280,257,308,280,257,308,-23,28,23,28,FALSE,FALSE
791,8,341,303,370,341,303,370,341,303,370,-38,29,38,29,FALSE,FALSE
791,9,404,361,455,404,361,455,404,361,455,-43,51,43,51,FALSE,FALSE
791,10,489,431,518,489,431,518,489,431,518,-58,29,58,29,FALSE,FALSE
791,11,578,482,580,578,482,580,578,482,580,-96,2,96,2,FALSE,FALSE
791,12,669,577,669,669,577,669,669,577,669,-92,0,92,0,FALSE,TRUE
791,13,788,687,751,788,687,751,788,687,751,-101,-37,101,37,FALSE,FALSE
791,14,892,811,851,892,811,851,892,811,851,-81,-41,81,41,FALSE,FALSE
791,15,1024,960,945,1024,960,945,1024,960,945,-64,-79,64,79,FALSE,FALSE
791,16,1202,1106,1058,1202,1106,1058,1202,1106,1058,-96,-144,96,144,FALSE,FALSE
791,17,1367,1208,1195,1367,1208,1195,1367,1208,1195,-159,-172,159,172,FALSE,FALSE
791,18,1498,1307,1283,1498,1307,1283,1498,1307,1283,-191,-215,191,215,FALSE,FALSE
791,19,1613,1394,1401,1613,1394,1401,1613,1394,1401,-219,-212,219,212,FALSE,FALSE
791,20,1713,1498,1528,1713,1498,1528,1713,1498,1528,-215,-185,215,185,FALSE,FALSE
791,21,1756,1627,1613,1756,1627,1613,1756,1627,1613,-129,-143,129,143,FALSE,FALSE
791,22,1804,1678,1685,1804,1678,1685,1804,1678,1685,-126,-119,126,119,FALSE,FALSE
791,23,1865,1720,1771,1865,1720,1771,1865,1720,1771,-145,-94,145,94,FALSE,FALSE
791,24,1895,1778,1837,1895,1778,1837,1895,1778,1837,-117,-58,117,58,FALSE,FALSE
791,25,1894,1760,1861,1894,1760,1861,1894,1760,1861,-134,-33,134,33,FALSE,FALSE
791,26,1897,1739,1836,1897,1739,1836,1897,1739,1836,-158,-61,158,61,FALSE,FALSE
791,27,1865,1714,1818,1865,1714,1818,1865,1714,1818,-151,-47,151,47,FALSE,FALSE
791,28,1850,1666,1808,1850,1666,1808,1850,1666,1808,-184,-42,184,42,FALSE,FALSE
791,29,1797,1630,1761,1797,1630,1761,1797,1630,1761,-167,-36,167,36,FALSE,FALSE
791,30,1723,1537,1739,1723,1537,1739,1723,1537,1739,-186,16,186,16,FALSE,FALSE
791,31,1655,1487,1666,1655,1487,1666,1655,1487,1666,-168,11,168,11,FALSE,FALSE
791,32,1573,1433,1598,1573,1433,1598,1573,1433,1598,-140,25,140,25,FALSE,FALSE
791,33,1485,1361,1525,1485,1361,1525,1485,1361,1525,-124,40,124,40,FALSE,FALSE
791,34,1418,1258,1435,1418,1258,1435,1418,1258,1435,-160,17,160,17,FALSE,FALSE
791,35,1342,1181,1362,1342,1181,1362,1342,1181,1362,-161,20,161,20,FALSE,FALSE
791,36,1274,1109,1270,1274,1109,1270,1274,1109,1270,-165,-4,165,4,FALSE,FALSE
791,37,1188,1029,1200,1188,1029,1200,1188,1029,1200,-159,12,159,12,FALSE,FALSE
791,38,1105,969,1133,1105,969,1133,1105,969,1133,-136,28,136,28,FALSE,FALSE
791,39,1009,875,1071,1009,875,1071,1009,875,1071,-134,62,134,62,FALSE,FALSE
791,40,914,805,989,914,805,989,914,805,989,-109,75,109,75,FALSE,FALSE
791,41,846,748,890,846,748,890,846,748,890,-98,44,98,44,FALSE,FALSE
791,42,772,703,820,772,703,820,772,703,820,-69,48,69,48,FALSE,FALSE
791,43,710,647,783,710,647,783,710,647,783,-63,73,63,73,FALSE,FALSE
791,44,651,601,721,651,601,721,651,601,721,-50,70,50,70,FALSE,FALSE
791,45,597,547,675,597,547,675,597,547,675,-50,78,50,78,FALSE,FALSE
791,46,556,494,624,556,494,624,556,494,624,-62,68,62,68,FALSE,FALSE
791,47,514,460,566,514,460,566,514,460,566,-54,52,54,52,FALSE,FALSE
791,48,487,412,523,487,412,523,487,412,523,-75,36,75,36,FALSE,FALSE
791,49,458,375,485,458,375,485,458,375,485,-83,27,83,27,FALSE,FALSE
791,50,418,345,443,418,345,443,418,345,443,-73,25,73,25,FALSE,FALSE
791,51,391,314,412,391,314,412,391,314,412,-77,21,77,21,FALSE,FALSE
791,52,358,290,369,358,290,369,358,290,369,-68,11,68,11,FALSE,FALSE
791,53,320,263,343,320,263,343,320,263,343,-57,23,57,23,FALSE,FALSE
791,54,295,233,321,295,233,321,295,233,321,-62,26,62,26,FALSE,FALSE
791,55,275,211,288,275,211,288,275,211,288,-64,13,64,13,FALSE,FALSE
791,56,252,186,267,252,186,267,252,186,267,-66,15,66,15,FALSE,FALSE
791,57,236,171,240,236,171,240,236,171,240,-65,4,65,4,FALSE,FALSE
791,58,213,154,218,213,154,218,213,154,218,-59,5,59,5,FALSE,FALSE
791,59,202,144,199,202,144,199,202,144,199,-58,-3,58,3,FALSE,FALSE
791,60,187,128,177,187,128,177,187,128,177,-59,-10,59,10,FALSE,FALSE
792,0,74,74,74,74,74,74,74,74,74,0,0,0,0,TRUE,TRUE
792,1,103,99,116,103,99,116,103,99,116,-4,13,4,13,FALSE,FALSE
792,2,130,121,159,130,121,159,130,121,159,-9,29,9,29,FALSE,FALSE
792,3,183,151,212,183,151,212,183,151,212,-32,29,32,29,FALSE,FALSE
792,4,244,188,283,244,188,283,244,188,283,-56,39,56,39,FALSE,FALSE
792,5,297,248,354,297,248,354,297,248,354,-49,57,49,57,FALSE,FALSE
792,6,366,304,445,366,304,445,366,304,445,-62,79,62,79,FALSE,FALSE
792,7,451,371,575,451,371,575,451,371,575,-80,124,80,124,FALSE,FALSE
792,8,532,459,732,532,459,732,532,459,732,-73,200,73,200,FALSE,FALSE
792,9,695,583,939,695,583,939,695,583,939,-112,244,112,244,FALSE,FALSE
792,10,842,741,1126,842,741,1126,842,741,1126,-101,284,101,284,FALSE,FALSE
792,11,998,907,1339,998,907,1339,998,907,1339,-91,341,91,341,FALSE,FALSE
792,12,1199,1091,1552,1199,1091,1552,1199,1091,1552,-108,353,108,353,FALSE,FALSE
792,13,1408,1273,1794,1408,1273,1794,1408,1273,1794,-135,386,135,386,FALSE,FALSE
792,14,1665,1474,1966,1665,1474,1966,1665,1474,1966,-191,301,191,301,FALSE,FALSE
792,15,1825,1671,2193,1825,1671,2193,1825,1671,2193,-154,368,154,368,FALSE,FALSE
792,16,1981,1867,2308,1981,1867,2308,1981,1867,2308,-114,327,114,327,FALSE,FALSE
792,17,2106,1978,2353,2106,1978,2353,2106,1978,2353,-128,247,128,247,FALSE,FALSE
792,18,2214,2125,2369,2214,2125,2369,2214,2125,2369,-89,155,89,155,FALSE,FALSE
792,19,2230,2211,2335,2230,2211,2335,2230,2211,2335,-19,105,19,105,FALSE,FALSE
792,20,2244,2248,2281,2244,2248,2281,2244,2248,2281,4,37,4,37,FALSE,FALSE
792,21,2168,2227,2123,2168,2227,2123,2168,2227,2123,59,-45,59,45,FALSE,FALSE
792,22,2078,2215,1954,2078,2215,1954,2078,2215,1954,137,-124,137,124,FALSE,FALSE
792,23,1921,2081,1822,1921,2081,1822,1921,2081,1822,160,-99,160,99,FALSE,FALSE
792,24,1777,1938,1646,1777,1938,1646,1777,1938,1646,161,-131,161,131,FALSE,FALSE
792,25,1662,1803,1475,1662,1803,1475,1662,1803,1475,141,-187,141,187,FALSE,FALSE
792,26,1522,1673,1345,1522,1673,1345,1522,1673,1345,151,-177,151,177,FALSE,FALSE
792,27,1385,1508,1184,1385,1508,1184,1385,1508,1184,123,-201,123,201,FALSE,FALSE
792,28,1270,1348,1071,1270,1348,1071,1270,1348,1071,78,-199,78,199,FALSE,FALSE
792,29,1136,1212,927,1136,1212,927,1136,1212,927,76,-209,76,209,FALSE,FALSE
792,30,1012,1083,799,1012,1083,799,1012,1083,799,71,-213,71,213,FALSE,FALSE
792,31,862,966,694,862,966,694,862,966,694,104,-168,104,168,FALSE,FALSE
792,32,748,873,595,748,873,595,748,873,595,125,-153,125,153,FALSE,FALSE
792,33,655,784,517,655,784,517,655,784,517,129,-138,129,138,FALSE,FALSE
792,34,583,697,450,583,697,450,583,697,450,114,-133,114,133,FALSE,FALSE
792,35,521,610,388,521,610,388,521,610,388,89,-133,89,133,FALSE,FALSE
792,36,482,519,344,482,519,344,482,519,344,37,-138,37,138,FALSE,FALSE
792,37,431,454,298,431,454,298,431,454,298,23,-133,23,133,FALSE,FALSE
792,38,373,387,263,373,387,263,373,387,263,14,-110,14,110,FALSE,FALSE
792,39,315,339,225,315,339,225,315,339,225,24,-90,24,90,FALSE,FALSE
792,40,276,285,201,276,285,201,276,285,201,9,-75,9,75,FALSE,FALSE
792,41,236,237,169,236,237,169,236,237,169,1,-67,1,67,FALSE,FALSE
792,42,210,199,147,210,199,147,210,199,147,-11,-63,11,63,FALSE,FALSE
792,43,180,180,130,180,180,130,180,180,130,0,-50,0,50,TRUE,FALSE
792,44,160,150,111,160,150,111,160,150,111,-10,-49,10,49,FALSE,FALSE
792,45,128,135,90,128,135,90,128,135,90,7,-38,7,38,FALSE,FALSE
792,46,110,120,76,110,120,76,110,120,76,10,-34,10,34,FALSE,FALSE
792,47,95,103,66,95,103,66,95,103,66,8,-29,8,29,FALSE,FALSE
792,48,85,101,57,85,101,57,85,101,57,16,-28,16,28,FALSE,FALSE
792,49,73,87,50,73,87,50,73,87,50,14,-23,14,23,FALSE,FALSE
792,50,69,78,42,69,78,42,69,78,42,9,-27,9,27,FALSE,FALSE
792,51,68,68,35,68,68,35,68,68,35,0,-33,0,33,TRUE,FALSE
792,52,56,54,28,56,54,28,56,54,28,-2,-28,2,28,FALSE,FALSE
792,53,48,47,23,48,47,23,48,47,23,-1,-25,1,25,FALSE,FALSE
792,54,42,37,24,42,37,24,42,37,24,-5,-18,5,18,FALSE,FALSE
792,55,39,36,22,39,36,22,39,36,22,-3,-17,3,17,FALSE,FALSE
792,56,38,26,16,38,26,16,38,26,16,-12,-22,12,22,FALSE,FALSE
792,57,33,26,16,33,26,16,33,26,16,-7,-17,7,17,FALSE,FALSE
792,58,25,25,14,25,25,14,25,25,14,0,-11,0,11,TRUE,FALSE
792,59,23,21,12,23,21,12,23,21,12,-2,-11,2,11,FALSE,FALSE
792,60,18,20,9,18,20,9,18,20,9,2,-9,2,9,FALSE,FALSE
793,0,119,119,119,119,119,119,119,119,119,0,0,0,0,TRUE,TRUE
793,1,184,183,183,184,183,183,184,183,183,-1,-1,1,1,FALSE,FALSE
793,2,279,302,281,279,302,281,279,302,281,23,2,23,2,FALSE,FALSE
793,3,464,440,430,464,440,430,464,440,430,-24,-34,24,34,FALSE,FALSE
793,4,701,662,641,701,662,641,701,662,641,-39,-60,39,60,FALSE,FALSE
793,5,1038,991,967,1038,991,967,1038,991,967,-47,-71,47,71,FALSE,FALSE
793,6,1422,1402,1368,1422,1402,1368,1422,1402,1368,-20,-54,20,54,FALSE,FALSE
793,7,1853,1789,1842,1853,1789,1842,1853,1789,1842,-64,-11,64,11,FALSE,FALSE
793,8,2315,2186,2272,2315,2186,2272,2315,2186,2272,-129,-43,129,43,FALSE,FALSE
793,9,2612,2461,2623,2612,2461,2623,2612,2461,2623,-151,11,151,11,FALSE,FALSE
793,10,2820,2631,2773,2820,2631,2773,2820,2631,2773,-189,-47,189,47,FALSE,FALSE
793,11,2850,2616,2780,2850,2616,2780,2850,2616,2780,-234,-70,234,70,FALSE,FALSE
793,12,2688,2491,2601,2688,2491,2601,2688,2491,2601,-197,-87,197,87,FALSE,FALSE
793,13,2396,2300,2424,2396,2300,2424,2396,2300,2424,-96,28,96,28,FALSE,FALSE
793,14,2097,2023,2137,2097,2023,2137,2097,2023,2137,-74,40,74,40,FALSE,FALSE
793,15,1850,1788,1864,1850,1788,1864,1850,1788,1864,-62,14,62,14,FALSE,FALSE
793,16,1613,1546,1599,1613,1546,1599,1613,1546,1599,-67,-14,67,14,FALSE,FALSE
793,17,1369,1358,1383,1369,1358,1383,1369,1358,1383,-11,14,11,14,FALSE,FALSE
793,18,1194,1167,1170,1194,1167,1170,1194,1167,1170,-27,-24,27,24,FALSE,FALSE
793,19,1019,999,984,1019,999,984,1019,999,984,-20,-35,20,35,FALSE,FALSE
793,20,862,835,841,862,835,841,862,835,841,-27,-21,27,21,FALSE,FALSE
793,21,709,700,708,709,700,708,709,700,708,-9,-1,9,1,FALSE,FALSE
793,22,606,574,585,606,574,585,606,574,585,-32,-21,32,21,FALSE,FALSE
793,23,512,487,493,512,487,493,512,487,493,-25,-19,25,19,FALSE,FALSE
793,24,420,404,413,420,404,413,420,404,413,-16,-7,16,7,FALSE,FALSE
793,25,341,345,348,341,345,348,341,345,348,4,7,4,7,FALSE,FALSE
793,26,292,287,297,292,287,297,292,287,297,-5,5,5,5,FALSE,FALSE
793,27,240,236,247,240,236,247,240,236,247,-4,7,4,7,FALSE,FALSE
793,28,197,186,209,197,186,209,197,186,209,-11,12,11,12,FALSE,FALSE
793,29,158,150,171,158,150,171,158,150,171,-8,13,8,13,FALSE,FALSE
793,30,141,127,147,141,127,147,141,127,147,-14,6,14,6,FALSE,FALSE
793,31,115,108,117,115,108,117,115,108,117,-7,2,7,2,FALSE,FALSE
793,32,92,84,101,92,84,101,92,84,101,-8,9,8,9,FALSE,FALSE
793,33,70,75,83,70,75,83,70,75,83,5,13,5,13,FALSE,FALSE
793,34,62,64,71,62,64,71,62,64,71,2,9,2,9,FALSE,FALSE
793,35,54,57,57,54,57,57,54,57,57,3,3,3,3,FALSE,FALSE
793,36,48,49,45,48,49,45,48,49,45,1,-3,1,3,FALSE,FALSE
793,37,40,44,34,40,44,34,40,44,34,4,-6,4,6,FALSE,FALSE
793,38,33,40,28,33,40,28,33,40,28,7,-5,7,5,FALSE,FALSE
793,39,30,39,22,30,39,22,30,39,22,9,-8,9,8,FALSE,FALSE
793,40,23,33,15,23,33,15,23,33,15,10,-8,10,8,FALSE,FALSE
793,41,15,26,14,15,26,14,15,26,14,11,-1,11,1,FALSE,FALSE
793,42,14,22,11,14,22,11,14,22,11,8,-3,8,3,FALSE,FALSE
793,43,15,20,9,15,20,9,15,20,9,5,-6,5,6,FALSE,FALSE
793,44,11,14,7,11,14,7,11,14,7,3,-4,3,4,FALSE,FALSE
793,45,8,9,6,8,9,6,8,9,6,1,-2,1,2,FALSE,FALSE
793,46,7,5,6,7,5,6,7,5,6,-2,-1,2,1,FALSE,FALSE
793,47,7,4,5,7,4,5,7,4,5,-3,-2,3,2,FALSE,FALSE
793,48,4,4,5,4,4,5,4,4,5,0,1,0,1,TRUE,FALSE
793,49,4,4,5,4,4,5,4,4,5,0,1,0,1,TRUE,FALSE
793,50,2,3,5,2,3,5,2,3,5,1,3,1,3,FALSE,FALSE
793,51,1,3,4,1,3,4,1,3,4,2,3,2,3,FALSE,FALSE
793,52,0,3,3,0,3,3,0,3,3,3,3,3,3,FALSE,FALSE
793,53,0,3,3,0,3,3,0,3,3,3,3,3,3,FALSE,FALSE
793,54,0,2,3,0,2,3,0,2,3,2,3,2,3,FALSE,FALSE
793,55,0,2,3,0,2,3,0,2,3,2,3,2,3,FALSE,FALSE
793,56,0,1,3,0,1,3,0,1,3,1,3,1,3,FALSE,FALSE
793,57,0,1,2,0,1,2,0,1,2,1,2,1,2,FALSE,FALSE
793,58,0,1,1,0,1,1,0,1,1,1,1,1,1,FALSE,FALSE
793,59,0,0,0,0,0,0,0,0,0,0,0,0,0,TRUE,TRUE
793,60,0,0,0,0,0,0,0,0,0,0,0,0,0,TRUE,TRUE
794,0,55,55,55,55,55,55,55,55,55,0,0,0,0,TRUE,TRUE
794,1,64,69,55,64,69,55,64,69,55,5,-9,5,9,FALSE,FALSE
794,2,55,71,68,55,71,68,55,71,68,16,13,16,13,FALSE,FALSE
794,3,63,85,71,63,85,71,63,85,71,22,8,22,8,FALSE,FALSE
794,4,63,103,67,63,103,67,63,103,67,40,4,40,4,FALSE,FALSE
794,5,65,107,72,65,107,72,65,107,72,42,7,42,7,FALSE,FALSE
794,6,72,117,79,72,117,79,72,117,79,45,7,45,7,FALSE,FALSE
794,7,85,133,91,85,133,91,85,133,91,48,6,48,6,FALSE,FALSE
794,8,90,141,107,90,141,107,90,141,107,51,17,51,17,FALSE,FALSE
794,9,103,163,115,103,163,115,103,163,115,60,12,60,12,FALSE,FALSE
794,10,111,182,112,111,182,112,111,182,112,71,1,71,1,FALSE,FALSE
794,11,117,201,116,117,201,116,117,201,116,84,-1,84,1,FALSE,FALSE
794,12,120,224,114,120,224,114,120,224,114,104,-6,104,6,FALSE,FALSE
794,13,134,240,114,134,240,114,134,240,114,106,-20,106,20,FALSE,FALSE
794,14,146,246,123,146,246,123,146,246,123,100,-23,100,23,FALSE,FALSE
794,15,158,272,128,158,272,128,158,272,128,114,-30,114,30,FALSE,FALSE
794,16,172,292,138,172,292,138,172,292,138,120,-34,120,34,FALSE,FALSE
794,17,178,336,149,178,336,149,178,336,149,158,-29,158,29,FALSE,FALSE
794,18,185,332,165,185,332,165,185,332,165,147,-20,147,20,FALSE,FALSE
794,19,205,349,173,205,349,173,205,349,173,144,-32,144,32,FALSE,FALSE
794,20,220,373,185,220,373,185,220,373,185,153,-35,153,35,FALSE,FALSE
794,21,249,395,186,249,395,186,249,395,186,146,-63,146,63,FALSE,FALSE
794,22,273,411,199,273,411,199,273,411,199,138,-74,138,74,FALSE,FALSE
794,23,304,439,215,304,439,215,304,439,215,135,-89,135,89,FALSE,FALSE
794,24,320,432,232,320,432,232,320,432,232,112,-88,112,88,FALSE,FALSE
794,25,325,442,247,325,442,247,325,442,247,117,-78,117,78,FALSE,FALSE
794,26,341,453,253,341,453,253,341,453,253,112,-88,112,88,FALSE,FALSE
794,27,346,479,253,346,479,253,346,479,253,133,-93,133,93,FALSE,FALSE
794,28,365,494,250,365,494,250,365,494,250,129,-115,129,115,FALSE,FALSE
794,29,357,489,241,357,489,241,357,489,241,132,-116,132,116,FALSE,FALSE
794,30,377,492,244,377,492,244,377,492,244,115,-133,115,133,FALSE,FALSE
794,31,386,491,241,386,491,241,386,491,241,105,-145,105,145,FALSE,FALSE
794,32,388,509,256,388,509,256,388,509,256,121,-132,121,132,FALSE,FALSE
794,33,397,528,284,397,528,284,397,528,284,131,-113,131,113,FALSE,FALSE
794,34,388,509,286,388,509,286,388,509,286,121,-102,121,102,FALSE,FALSE
794,35,385,492,303,385,492,303,385,492,303,107,-82,107,82,FALSE,FALSE
794,36,377,485,302,377,485,302,377,485,302,108,-75,108,75,FALSE,FALSE
794,37,376,469,308,376,469,308,376,469,308,93,-68,93,68,FALSE,FALSE
794,38,379,450,314,379,450,314,379,450,314,71,-65,71,65,FALSE,FALSE
794,39,364,437,323,364,437,323,364,437,323,73,-41,73,41,FALSE,FALSE
794,40,346,422,326,346,422,326,346,422,326,76,-20,76,20,FALSE,FALSE
794,41,343,405,333,343,405,333,343,405,333,62,-10,62,10,FALSE,FALSE
794,42,351,384,310,351,384,310,351,384,310,33,-41,33,41,FALSE,FALSE
794,43,337,352,310,337,352,310,337,352,310,15,-27,15,27,FALSE,FALSE
794,44,327,312,292,327,312,292,327,312,292,-15,-35,15,35,FALSE,FALSE
794,45,314,303,284,314,303,284,314,303,284,-11,-30,11,30,FALSE,FALSE
794,46,306,286,287,306,286,287,306,286,287,-20,-19,20,19,FALSE,FALSE
794,47,311,260,298,311,260,298,311,260,298,-51,-13,51,13,FALSE,FALSE
794,48,293,258,306,293,258,306,293,258,306,-35,13,35,13,FALSE,FALSE
794,49,292,252,292,292,252,292,292,252,292,-40,0,40,0,FALSE,TRUE
794,50,274,213,280,274,213,280,274,213,280,-61,6,61,6,FALSE,FALSE
794,51,284,199,270,284,199,270,284,199,270,-85,-14,85,14,FALSE,FALSE
794,52,244,189,264,244,189,264,244,189,264,-55,20,55,20,FALSE,FALSE
794,53,229,166,255,229,166,255,229,166,255,-63,26,63,26,FALSE,FALSE
794,54,242,155,254,242,155,254,242,155,254,-87,12,87,12,FALSE,FALSE
794,55,240,137,254,240,137,254,240,137,254,-103,14,103,14,FALSE,FALSE
794,56,229,121,239,229,121,239,229,121,239,-108,10,108,10,FALSE,FALSE
794,57,218,113,218,218,113,218,218,113,218,-105,0,105,0,FALSE,TRUE
794,58,215,97,229,215,97,229,215,97,229,-118,14,118,14,FALSE,FALSE
794,59,193,85,217,193,85,217,193,85,217,-108,24,108,24,FALSE,FALSE
794,60,183,69,205,183,69,205,183,69,205,-114,22,114,22,FALSE,FALSE
795,0,115,115,115,115,115,115,115,115,115,0,0,0,0,TRUE,TRUE
795,1,173,174,170,173,174,170,173,174,170,1,-3,1,3,FALSE,FALSE
795,2,246,228,263,246,228,263,246,228,263,-18,17,18,17,FALSE,FALSE
795,3,391,301,386,391,301,386,391,301,386,-90,-5,90,5,FALSE,FALSE
795,4,558,448,540,558,448,540,558,448,540,-110,-18,110,18,FALSE,FALSE
795,5,785,629,723,785,629,723,785,629,723,-156,-62,156,62,FALSE,FALSE
795,6,1064,827,944,1064,827,944,1064,827,944,-237,-120,237,120,FALSE,FALSE
795,7,1334,1072,1242,1334,1072,1242,1334,1072,1242,-262,-92,262,92,FALSE,FALSE
795,8,1593,1322,1522,1593,1322,1522,1593,1322,1522,-271,-71,271,71,FALSE,FALSE
795,9,1815,1531,1724,1815,1531,1724,1815,1531,1724,-284,-91,284,91,FALSE,FALSE
795,10,1900,1727,1893,1900,1727,1893,1900,1727,1893,-173,-7,173,7,FALSE,FALSE
795,11,1959,1830,2013,1959,1830,2013,1959,1830,2013,-129,54,129,54,FALSE,FALSE
795,12,1925,1915,2026,1925,1915,2026,1925,1915,2026,-10,101,10,101,FALSE,FALSE
795,13,1799,1912,1929,1799,1912,1929,1799,1912,1929,113,130,113,130,FALSE,FALSE
795,14,1637,1835,1775,1637,1835,1775,1637,1835,1775,198,138,198,138,FALSE,FALSE
795,15,1493,1689,1562,1493,1689,1562,1493,1689,1562,196,69,196,69,FALSE,FALSE
795,16,1306,1537,1355,1306,1537,1355,1306,1537,1355,231,49,231,49,FALSE,FALSE
795,17,1143,1380,1164,1143,1380,1164,1143,1380,1164,237,21,237,21,FALSE,FALSE
795,18,1017,1214,976,1017,1214,976,1017,1214,976,197,-41,197,41,FALSE,FALSE
795,19,847,1043,840,847,1043,840,847,1043,840,196,-7,196,7,FALSE,FALSE
795,20,716,914,717,716,914,717,716,914,717,198,1,198,1,FALSE,FALSE
795,21,605,765,596,605,765,596,605,765,596,160,-9,160,9,FALSE,FALSE
795,22,522,637,517,522,637,517,522,637,517,115,-5,115,5,FALSE,FALSE
795,23,436,522,443,436,522,443,436,522,443,86,7,86,7,FALSE,FALSE
795,24,359,439,366,359,439,366,359,439,366,80,7,80,7,FALSE,FALSE
795,25,296,360,295,296,360,295,296,360,295,64,-1,64,1,FALSE,FALSE
795,26,247,292,242,247,292,242,247,292,242,45,-5,45,5,FALSE,FALSE
795,27,199,241,219,199,241,219,199,241,219,42,20,42,20,FALSE,FALSE
795,28,157,193,168,157,193,168,157,193,168,36,11,36,11,FALSE,FALSE
795,29,129,154,126,129,154,126,129,154,126,25,-3,25,3,FALSE,FALSE
795,30,109,130,109,109,130,109,109,130,109,21,0,21,0,FALSE,TRUE
795,31,94,105,89,94,105,89,94,105,89,11,-5,11,5,FALSE,FALSE
795,32,78,91,73,78,91,73,78,91,73,13,-5,13,5,FALSE,FALSE
795,33,68,75,57,68,75,57,68,75,57,7,-11,7,11,FALSE,FALSE
795,34,57,56,46,57,56,46,57,56,46,-1,-11,1,11,FALSE,FALSE
795,35,45,46,39,45,46,39,45,46,39,1,-6,1,6,FALSE,FALSE
795,36,33,39,34,33,39,34,33,39,34,6,1,6,1,FALSE,FALSE
795,37,29,30,33,29,30,33,29,30,33,1,4,1,4,FALSE,FALSE
795,38,26,25,26,26,25,26,26,25,26,-1,0,1,0,FALSE,TRUE
795,39,27,18,25,27,18,25,27,18,25,-9,-2,9,2,FALSE,FALSE
795,40,21,17,19,21,17,19,21,17,19,-4,-2,4,2,FALSE,FALSE
795,41,16,16,16,16,16,16,16,16,16,0,0,0,0,TRUE,TRUE
795,42,14,12,14,14,12,14,14,12,14,-2,0,2,0,FALSE,TRUE
795,43,13,11,12,13,11,12,13,11,12,-2,-1,2,1,FALSE,FALSE
795,44,11,7,6,11,7,6,11,7,6,-4,-5,4,5,FALSE,FALSE
795,45,11,3,4,11,3,4,11,3,4,-8,-7,8,7,FALSE,FALSE
795,46,8,2,4,8,2,4,8,2,4,-6,-4,6,4,FALSE,FALSE
795,47,7,2,3,7,2,3,7,2,3,-5,-4,5,4,FALSE,FALSE
795,48,5,1,1,5,1,1,5,1,1,-4,-4,4,4,FALSE,FALSE
795,49,2,1,1,2,1,1,2,1,1,-1,-1,1,1,FALSE,FALSE
795,50,2,1,1,2,1,1,2,1,1,-1,-1,1,1,FALSE,FALSE
795,51,1,1,1,1,1,1,1,1,1,0,0,0,0,TRUE,TRUE
795,52,1,1,1,1,1,1,1,1,1,0,0,0,0,TRUE,TRUE
795,53,1,1,1,1,1,1,1,1,1,0,0,0,0,TRUE,TRUE
795,54,1,0,1,1,0,1,1,0,1,-1,0,1,0,FALSE,TRUE
795,55,1,0,1,1,0,1,1,0,1,-1,0,1,0,FALSE,TRUE
795,56,1,0,0,1,0,0,1,0,0,-1,-1,1,1,FALSE,FALSE
795,57,1,0,0,1,0,0,1,0,0,-1,-1,1,1,FALSE,FALSE
795,58,1,0,0,1,0,0,1,0,0,-1,-1,1,1,FALSE,FALSE
795,59,0,0,0,0,0,0,0,0,0,0,0,0,0,TRUE,TRUE
795,60,0,0,0,0,0,0,0,0,0,0,0,0,0,TRUE,TRUE
796,0,73,73,73,73,73,73,73,73,73,0,0,0,0,TRUE,TRUE
796,1,80,95,90,80,95,90,80,95,90,15,10,15,10,FALSE,FALSE
796,2,103,114,112,103,114,112,103,114,112,11,9,11,9,FALSE,FALSE
796,3,124,132,133,124,132,133,124,132,133,8,9,8,9,FALSE,FALSE
796,4,141,156,166,141,156,166,141,156,166,15,25,15,25,FALSE,FALSE
796,5,159,191,184,159,191,184,159,191,184,32,25,32,25,FALSE,FALSE
796,6,201,216,222,201,216,222,201,216,222,15,21,15,21,FALSE,FALSE
796,7,246,265,258,246,265,258,246,265,258,19,12,19,12,FALSE,FALSE
796,8,287,300,316,287,300,316,287,300,316,13,29,13,29,FALSE,FALSE
796,9,345,358,396,345,358,396,345,358,396,13,51,13,51,FALSE,FALSE
796,10,413,413,454,413,413,454,413,413,454,0,41,0,41,TRUE,FALSE
796,11,470,491,529,470,491,529,470,491,529,21,59,21,59,FALSE,FALSE
796,12,549,573,618,549,573,618,549,573,618,24,69,24,69,FALSE,FALSE
796,13,629,652,751,629,652,751,629,652,751,23,122,23,122,FALSE,FALSE
796,14,716,767,825,716,767,825,716,767,825,51,109,51,109,FALSE,FALSE
796,15,823,896,961,823,896,961,823,896,961,73,138,73,138,FALSE,FALSE
796,16,959,1027,1079,959,1027,1079,959,1027,1079,68,120,68,120,FALSE,FALSE
796,17,1077,1177,1217,1077,1177,1217,1077,1177,1217,100,140,100,140,FALSE,FALSE
796,18,1225,1278,1377,1225,1278,1377,1225,1278,1377,53,152,53,152,FALSE,FALSE
796,19,1395,1416,1506,1395,1416,1506,1395,1416,1506,21,111,21,111,FALSE,FALSE
796,20,1495,1572,1657,1495,1572,1657,1495,1572,1657,77,162,77,162,FALSE,FALSE
796,21,1610,1695,1811,1610,1695,1811,1610,1695,1811,85,201,85,201,FALSE,FALSE
796,22,1708,1796,1908,1708,1796,1908,1708,1796,1908,88,200,88,200,FALSE,FALSE
796,23,1784,1877,2030,1784,1877,2030,1784,1877,2030,93,246,93,246,FALSE,FALSE
796,24,1850,1958,2075,1850,1958,2075,1850,1958,2075,108,225,108,225,FALSE,FALSE
796,25,1877,2055,2084,1877,2055,2084,1877,2055,2084,178,207,178,207,FALSE,FALSE
796,26,1902,2102,2148,1902,2102,2148,1902,2102,2148,200,246,200,246,FALSE,FALSE
796,27,1965,2101,2164,1965,2101,2164,1965,2101,2164,136,199,136,199,FALSE,FALSE
796,28,1960,2125,2155,1960,2125,2155,1960,2125,2155,165,195,165,195,FALSE,FALSE
796,29,1986,2105,2141,1986,2105,2141,1986,2105,2141,119,155,119,155,FALSE,FALSE
796,30,1987,2073,2099,1987,2073,2099,1987,2073,2099,86,112,86,112,FALSE,FALSE
796,31,1976,2013,2058,1976,2013,2058,1976,2013,2058,37,82,37,82,FALSE,FALSE
796,32,1953,1972,1969,1953,1972,1969,1953,1972,1969,19,16,19,16,FALSE,FALSE
796,33,1878,1900,1911,1878,1900,1911,1878,1900,1911,22,33,22,33,FALSE,FALSE
796,34,1829,1838,1835,1829,1838,1835,1829,1838,1835,9,6,9,6,FALSE,FALSE
796,35,1767,1747,1745,1767,1747,1745,1767,1747,1745,-20,-22,20,22,FALSE,FALSE
796,36,1669,1660,1675,1669,1660,1675,1669,1660,1675,-9,6,9,6,FALSE,FALSE
796,37,1583,1585,1613,1583,1585,1613,1583,1585,1613,2,30,2,30,FALSE,FALSE
796,38,1488,1480,1539,1488,1480,1539,1488,1480,1539,-8,51,8,51,FALSE,FALSE
796,39,1388,1413,1444,1388,1413,1444,1388,1413,1444,25,56,25,56,FALSE,FALSE
796,40,1293,1320,1355,1293,1320,1355,1293,1320,1355,27,62,27,62,FALSE,FALSE
796,41,1209,1234,1272,1209,1234,1272,1209,1234,1272,25,63,25,63,FALSE,FALSE
796,42,1127,1150,1188,1127,1150,1188,1127,1150,1188,23,61,23,61,FALSE,FALSE
796,43,1049,1084,1116,1049,1084,1116,1049,1084,1116,35,67,35,67,FALSE,FALSE
796,44,982,1029,1053,982,1029,1053,982,1029,1053,47,71,47,71,FALSE,FALSE
796,45,920,960,978,920,960,978,920,960,978,40,58,40,58,FALSE,FALSE
796,46,841,890,940,841,890,940,841,890,940,49,99,49,99,FALSE,FALSE
796,47,792,823,876,792,823,876,792,823,876,31,84,31,84,FALSE,FALSE
796,48,755,768,823,755,768,823,755,768,823,13,68,13,68,FALSE,FALSE
796,49,694,706,758,694,706,758,694,706,758,12,64,12,64,FALSE,FALSE
796,50,644,655,694,644,655,694,644,655,694,11,50,11,50,FALSE,FALSE
796,51,582,605,629,582,605,629,582,605,629,23,47,23,47,FALSE,FALSE
796,52,564,568,572,564,568,572,564,568,572,4,8,4,8,FALSE,FALSE
796,53,536,530,540,536,530,540,536,530,540,-6,4,6,4,FALSE,FALSE
796,54,485,502,507,485,502,507,485,502,507,17,22,17,22,FALSE,FALSE
796,55,455,467,477,455,467,477,455,467,477,12,22,12,22,FALSE,FALSE
796,56,431,432,456,431,432,456,431,432,456,1,25,1,25,FALSE,FALSE
796,57,405,401,432,405,401,432,405,401,432,-4,27,4,27,FALSE,FALSE
796,58,371,375,383,371,375,383,371,375,383,4,12,4,12,FALSE,FALSE
796,59,340,344,346,340,344,346,340,344,346,4,6,4,6,FALSE,FALSE
796,60,304,312,320,304,312,320,304,312,320,8,16,8,16,FALSE,FALSE
797,0,96,96,96,96,96,96,96,96,96,0,0,0,0,TRUE,TRUE
797,1,140,135,134,140,135,134,140,135,134,-5,-6,5,6,FALSE,FALSE
797,2,190,181,181,190,181,181,190,181,181,-9,-9,9,9,FALSE,FALSE
797,3,276,271,269,276,271,269,276,271,269,-5,-7,5,7,FALSE,FALSE
797,4,377,389,401,377,389,401,377,389,401,12,24,12,24,FALSE,FALSE
797,5,523,506,567,523,506,567,523,506,567,-17,44,17,44,FALSE,FALSE
797,6,731,687,822,731,687,822,731,687,822,-44,91,44,91,FALSE,FALSE
797,7,982,895,1119,982,895,1119,982,895,1119,-87,137,87,137,FALSE,FALSE
797,8,1276,1199,1467,1276,1199,1467,1276,1199,1467,-77,191,77,191,FALSE,FALSE
797,9,1621,1555,1832,1621,1555,1832,1621,1555,1832,-66,211,66,211,FALSE,FALSE
797,10,1973,1907,2285,1973,1907,2285,1973,1907,2285,-66,312,66,312,FALSE,FALSE
797,11,2372,2278,2670,2372,2278,2670,2372,2278,2670,-94,298,94,298,FALSE,FALSE
797,12,2696,2567,2990,2696,2567,2990,2696,2567,2990,-129,294,129,294,FALSE,FALSE
797,13,2933,2834,3216,2933,2834,3216,2933,2834,3216,-99,283,99,283,FALSE,FALSE
797,14,3114,3031,3279,3114,3031,3279,3114,3031,3279,-83,165,83,165,FALSE,FALSE
797,15,3177,3135,3229,3177,3135,3229,3177,3135,3229,-42,52,42,52,FALSE,FALSE
797,16,3155,3169,3136,3155,3169,3136,3155,3169,3136,14,-19,14,19,FALSE,FALSE
797,17,3068,3049,2960,3068,3049,2960,3068,3049,2960,-19,-108,19,108,FALSE,FALSE
797,18,2845,2902,2714,2845,2902,2714,2845,2902,2714,57,-131,57,131,FALSE,FALSE
797,19,2633,2664,2476,2633,2664,2476,2633,2664,2476,31,-157,31,157,FALSE,FALSE
797,20,2428,2407,2270,2428,2407,2270,2428,2407,2270,-21,-158,21,158,FALSE,FALSE
797,21,2193,2209,2016,2193,2209,2016,2193,2209,2016,16,-177,16,177,FALSE,FALSE
797,22,1982,1979,1791,1982,1979,1791,1982,1979,1791,-3,-191,3,191,FALSE,FALSE
797,23,1794,1750,1569,1794,1750,1569,1794,1750,1569,-44,-225,44,225,FALSE,FALSE
797,24,1572,1528,1398,1572,1528,1398,1572,1528,1398,-44,-174,44,174,FALSE,FALSE
797,25,1374,1365,1208,1374,1365,1208,1374,1365,1208,-9,-166,9,166,FALSE,FALSE
797,26,1212,1212,1051,1212,1212,1051,1212,1212,1051,0,-161,0,161,TRUE,FALSE
797,27,1041,1074,920,1041,1074,920,1041,1074,920,33,-121,33,121,FALSE,FALSE
797,28,895,935,787,895,935,787,895,935,787,40,-108,40,108,FALSE,FALSE
797,29,787,834,683,787,834,683,787,834,683,47,-104,47,104,FALSE,FALSE
797,30,678,742,591,678,742,591,678,742,591,64,-87,64,87,FALSE,FALSE
797,31,578,640,503,578,640,503,578,640,503,62,-75,62,75,FALSE,FALSE
797,32,506,561,430,506,561,430,506,561,430,55,-76,55,76,FALSE,FALSE
797,33,440,475,364,440,475,364,440,475,364,35,-76,35,76,FALSE,FALSE
797,34,367,402,313,367,402,313,367,402,313,35,-54,35,54,FALSE,FALSE
797,35,313,342,274,313,342,274,313,342,274,29,-39,29,39,FALSE,FALSE
797,36,269,295,233,269,295,233,269,295,233,26,-36,26,36,FALSE,FALSE
797,37,216,258,199,216,258,199,216,258,199,42,-17,42,17,FALSE,FALSE
797,38,187,226,162,187,226,162,187,226,162,39,-25,39,25,FALSE,FALSE
797,39,164,186,141,164,186,141,164,186,141,22,-23,22,23,FALSE,FALSE
797,40,136,147,117,136,147,117,136,147,117,11,-19,11,19,FALSE,FALSE
797,41,117,131,95,117,131,95,117,131,95,14,-22,14,22,FALSE,FALSE
797,42,105,115,85,105,115,85,105,115,85,10,-20,10,20,FALSE,FALSE
797,43,90,99,77,90,99,77,90,99,77,9,-13,9,13,FALSE,FALSE
797,44,77,80,64,77,80,64,77,80,64,3,-13,3,13,FALSE,FALSE
797,45,65,71,60,65,71,60,65,71,60,6,-5,6,5,FALSE,FALSE
797,46,58,64,52,58,64,52,58,64,52,6,-6,6,6,FALSE,FALSE
797,47,50,56,43,50,56,43,50,56,43,6,-7,6,7,FALSE,FALSE
797,48,44,51,37,44,51,37,44,51,37,7,-7,7,7,FALSE,FALSE
797,49,34,40,28,34,40,28,34,40,28,6,-6,6,6,FALSE,FALSE
797,50,26,35,24,26,35,24,26,35,24,9,-2,9,2,FALSE,FALSE
797,51,23,33,18,23,33,18,23,33,18,10,-5,10,5,FALSE,FALSE
797,52,21,30,16,21,30,16,21,30,16,9,-5,9,5,FALSE,FALSE
797,53,16,29,12,16,29,12,16,29,12,13,-4,13,4,FALSE,FALSE
797,54,14,25,11,14,25,11,14,25,11,11,-3,11,3,FALSE,FALSE
797,55,14,23,10,14,23,10,14,23,10,9,-4,9,4,FALSE,FALSE
797,56,10,19,10,10,19,10,10,19,10,9,0,9,0,FALSE,TRUE
797,57,7,16,8,7,16,8,7,16,8,9,1,9,1,FALSE,FALSE
797,58,5,13,7,5,13,7,5,13,7,8,2,8,2,FALSE,FALSE
797,59,4,10,6,4,10,6,4,10,6,6,2,6,2,FALSE,FALSE
797,60,4,10,5,4,10,5,4,10,5,6,1,6,1,FALSE,FALSE
798,0,75,75,75,75,75,75,75,75,75,0,0,0,0,TRUE,TRUE
798,1,100,106,105,100,106,105,100,106,105,6,5,6,5,FALSE,FALSE
798,2,131,148,141,131,148,141,131,148,141,17,10,17,10,FALSE,FALSE
798,3,173,192,187,173,192,187,173,192,187,19,14,19,14,FALSE,FALSE
798,4,227,245,248,227,245,248,227,245,248,18,21,18,21,FALSE,FALSE
798,5,313,329,328,313,329,328,313,329,328,16,15,16,15,FALSE,FALSE
798,6,413,427,435,413,427,435,413,427,435,14,22,14,22,FALSE,FALSE
798,7,524,584,565,524,584,565,524,584,565,60,41,60,41,FALSE,FALSE
798,8,675,773,767,675,773,767,675,773,767,98,92,98,92,FALSE,FALSE
798,9,857,986,1002,857,986,1002,857,986,1002,129,145,129,145,FALSE,FALSE
798,10,1090,1219,1291,1090,1219,1291,1090,1219,1291,129,201,129,201,FALSE,FALSE
798,11,1424,1484,1597,1424,1484,1597,1424,1484,1597,60,173,60,173,FALSE,FALSE
798,12,1804,1814,1992,1804,1814,1992,1804,1814,1992,10,188,10,188,FALSE,FALSE
798,13,2150,2154,2382,2150,2154,2382,2150,2154,2382,4,232,4,232,FALSE,FALSE
798,14,2512,2494,2749,2512,2494,2749,2512,2494,2749,-18,237,18,237,FALSE,FALSE
798,15,2856,2754,3089,2856,2754,3089,2856,2754,3089,-102,233,102,233,FALSE,FALSE
798,16,3106,2983,3281,3106,2983,3281,3106,2983,3281,-123,175,123,175,FALSE,FALSE
798,17,3254,3106,3375,3254,3106,3375,3254,3106,3375,-148,121,148,121,FALSE,FALSE
798,18,3359,3193,3410,3359,3193,3410,3359,3193,3410,-166,51,166,51,FALSE,FALSE
798,19,3371,3258,3418,3371,3258,3418,3371,3258,3418,-113,47,113,47,FALSE,FALSE
798,20,3330,3278,3320,3330,3278,3320,3330,3278,3320,-52,-10,52,10,FALSE,FALSE
798,21,3228,3212,3185,3228,3212,3185,3228,3212,3185,-16,-43,16,43,FALSE,FALSE
798,22,3108,3088,2984,3108,3088,2984,3108,3088,2984,-20,-124,20,124,FALSE,FALSE
798,23,2937,2917,2809,2937,2917,2809,2937,2917,2809,-20,-128,20,128,FALSE,FALSE
798,24,2705,2693,2626,2705,2693,2626,2705,2693,2626,-12,-79,12,79,FALSE,FALSE
798,25,2516,2504,2420,2516,2504,2420,2516,2504,2420,-12,-96,12,96,FALSE,FALSE
798,26,2318,2338,2212,2318,2338,2212,2318,2338,2212,20,-106,20,106,FALSE,FALSE
798,27,2124,2122,2019,2124,2122,2019,2124,2122,2019,-2,-105,2,105,FALSE,FALSE
798,28,1939,1983,1826,1939,1983,1826,1939,1983,1826,44,-113,44,113,FALSE,FALSE
798,29,1730,1842,1636,1730,1842,1636,1730,1842,1636,112,-94,112,94,FALSE,FALSE
798,30,1566,1686,1477,1566,1686,1477,1566,1686,1477,120,-89,120,89,FALSE,FALSE
798,31,1420,1532,1326,1420,1532,1326,1420,1532,1326,112,-94,112,94,FALSE,FALSE
798,32,1309,1376,1171,1309,1376,1171,1309,1376,1171,67,-138,67,138,FALSE,FALSE
798,33,1185,1246,1070,1185,1246,1070,1185,1246,1070,61,-115,61,115,FALSE,FALSE
798,34,1055,1113,962,1055,1113,962,1055,1113,962,58,-93,58,93,FALSE,FALSE
798,35,951,1029,869,951,1029,869,951,1029,869,78,-82,78,82,FALSE,FALSE
798,36,864,943,777,864,943,777,864,943,777,79,-87,79,87,FALSE,FALSE
798,37,777,839,698,777,839,698,777,839,698,62,-79,62,79,FALSE,FALSE
798,38,696,739,633,696,739,633,696,739,633,43,-63,43,63,FALSE,FALSE
798,39,638,670,566,638,670,566,638,670,566,32,-72,32,72,FALSE,FALSE
798,40,574,598,497,574,598,497,574,598,497,24,-77,24,77,FALSE,FALSE
798,41,521,537,456,521,537,456,521,537,456,16,-65,16,65,FALSE,FALSE
798,42,461,476,412,461,476,412,461,476,412,15,-49,15,49,FALSE,FALSE
798,43,405,422,370,405,422,370,405,422,370,17,-35,17,35,FALSE,FALSE
798,44,361,375,325,361,375,325,361,375,325,14,-36,14,36,FALSE,FALSE
798,45,316,347,287,316,347,287,316,347,287,31,-29,31,29,FALSE,FALSE
798,46,282,303,268,282,303,268,282,303,268,21,-14,21,14,FALSE,FALSE
798,47,254,274,233,254,274,233,254,274,233,20,-21,20,21,FALSE,FALSE
798,48,229,237,216,229,237,216,229,237,216,8,-13,8,13,FALSE,FALSE
798,49,209,207,202,209,207,202,209,207,202,-2,-7,2,7,FALSE,FALSE
798,50,196,182,183,196,182,183,196,182,183,-14,-13,14,13,FALSE,FALSE
798,51,168,166,158,168,166,158,168,166,158,-2,-10,2,10,FALSE,FALSE
798,52,155,151,134,155,151,134,155,151,134,-4,-21,4,21,FALSE,FALSE
798,53,130,141,123,130,141,123,130,141,123,11,-7,11,7,FALSE,FALSE
798,54,119,125,108,119,125,108,119,125,108,6,-11,6,11,FALSE,FALSE
798,55,108,109,93,108,109,93,108,109,93,1,-15,1,15,FALSE,FALSE
798,56,97,100,85,97,100,85,97,100,85,3,-12,3,12,FALSE,FALSE
798,57,86,95,77,86,95,77,86,95,77,9,-9,9,9,FALSE,FALSE
798,58,79,82,66,79,82,66,79,82,66,3,-13,3,13,FALSE,FALSE
798,59,69,73,62,69,73,62,69,73,62,4,-7,4,7,FALSE,FALSE
798,60,56,61,52,56,61,52,56,61,52,5,-4,5,4,FALSE,FALSE
799,0,73,73,73,73,73,73,73,73,73,0,0,0,0,TRUE,TRUE
799,1,79,92,75,79,92,75,79,92,75,13,-4,13,4,FALSE,FALSE
799,2,89,110,78,89,110,78,89,110,78,21,-11,21,11,FALSE,FALSE
799,3,104,121,92,104,121,92,104,121,92,17,-12,17,12,FALSE,FALSE
799,4,114,137,101,114,137,101,114,137,101,23,-13,23,13,FALSE,FALSE
799,5,129,148,103,129,148,103,129,148,103,19,-26,19,26,FALSE,FALSE
799,6,143,167,122,143,167,122,143,167,122,24,-21,24,21,FALSE,FALSE
799,7,151,195,134,151,195,134,151,195,134,44,-17,44,17,FALSE,FALSE
799,8,167,225,147,167,225,147,167,225,147,58,-20,58,20,FALSE,FALSE
799,9,192,257,171,192,257,171,192,257,171,65,-21,65,21,FALSE,FALSE
799,10,217,292,191,217,292,191,217,292,191,75,-26,75,26,FALSE,FALSE
799,11,247,329,206,247,329,206,247,329,206,82,-41,82,41,FALSE,FALSE
799,12,286,363,238,286,363,238,286,363,238,77,-48,77,48,FALSE,FALSE
799,13,315,388,271,315,388,271,315,388,271,73,-44,73,44,FALSE,FALSE
799,14,343,427,310,343,427,310,343,427,310,84,-33,84,33,FALSE,FALSE
799,15,396,471,345,396,471,345,396,471,345,75,-51,75,51,FALSE,FALSE
799,16,449,513,386,449,513,386,449,513,386,64,-63,64,63,FALSE,FALSE
799,17,478,556,425,478,556,425,478,556,425,78,-53,78,53,FALSE,FALSE
799,18,517,588,459,517,588,459,517,588,459,71,-58,71,58,FALSE,FALSE
799,19,573,639,519,573,639,519,573,639,519,66,-54,66,54,FALSE,FALSE
799,20,624,724,556,624,724,556,624,724,556,100,-68,100,68,FALSE,FALSE
799,21,687,761,621,687,761,621,687,761,621,74,-66,74,66,FALSE,FALSE
799,22,746,810,679,746,810,679,746,810,679,64,-67,64,67,FALSE,FALSE
799,23,807,844,709,807,844,709,807,844,709,37,-98,37,98,FALSE,FALSE
799,24,856,867,764,856,867,764,856,867,764,11,-92,11,92,FALSE,FALSE
799,25,904,908,818,904,908,818,904,908,818,4,-86,4,86,FALSE,FALSE
799,26,980,941,867,980,941,867,980,941,867,-39,-113,39,113,FALSE,FALSE
799,27,1011,964,927,1011,964,927,1011,964,927,-47,-84,47,84,FALSE,FALSE
799,28,1052,986,968,1052,986,968,1052,986,968,-66,-84,66,84,FALSE,FALSE
799,29,1092,988,977,1092,988,977,1092,988,977,-104,-115,104,115,FALSE,FALSE
799,30,1129,994,1001,1129,994,1001,1129,994,1001,-135,-128,135,128,FALSE,FALSE
799,31,1148,1025,1038,1148,1025,1038,1148,1025,1038,-123,-110,123,110,FALSE,FALSE
799,32,1168,1028,1043,1168,1028,1043,1168,1028,1043,-140,-125,140,125,FALSE,FALSE
799,33,1189,1050,1072,1189,1050,1072,1189,1050,1072,-139,-117,139,117,FALSE,FALSE
799,34,1171,1067,1108,1171,1067,1108,1171,1067,1108,-104,-63,104,63,FALSE,FALSE
799,35,1192,1070,1104,1192,1070,1104,1192,1070,1104,-122,-88,122,88,FALSE,FALSE
799,36,1159,1043,1118,1159,1043,1118,1159,1043,1118,-116,-41,116,41,FALSE,FALSE
799,37,1157,1053,1113,1157,1053,1113,1157,1053,1113,-104,-44,104,44,FALSE,FALSE
799,38,1131,1034,1105,1131,1034,1105,1131,1034,1105,-97,-26,97,26,FALSE,FALSE
799,39,1110,1005,1092,1110,1005,1092,1110,1005,1092,-105,-18,105,18,FALSE,FALSE
799,40,1088,949,1060,1088,949,1060,1088,949,1060,-139,-28,139,28,FALSE,FALSE
799,41,1047,920,1040,1047,920,1040,1047,920,1040,-127,-7,127,7,FALSE,FALSE
799,42,997,880,1037,997,880,1037,997,880,1037,-117,40,117,40,FALSE,FALSE
799,43,977,862,1016,977,862,1016,977,862,1016,-115,39,115,39,FALSE,FALSE
799,44,926,830,949,926,830,949,926,830,949,-96,23,96,23,FALSE,FALSE
799,45,905,798,905,905,798,905,905,798,905,-107,0,107,0,FALSE,TRUE
799,46,879,784,871,879,784,871,879,784,871,-95,-8,95,8,FALSE,FALSE
799,47,826,723,827,826,723,827,826,723,827,-103,1,103,1,FALSE,FALSE
799,48,784,695,790,784,695,790,784,695,790,-89,6,89,6,FALSE,FALSE
799,49,745,669,760,745,669,760,745,669,760,-76,15,76,15,FALSE,FALSE
799,50,711,633,733,711,633,733,711,633,733,-78,22,78,22,FALSE,FALSE
799,51,677,596,689,677,596,689,677,596,689,-81,12,81,12,FALSE,FALSE
799,52,644,567,652,644,567,652,644,567,652,-77,8,77,8,FALSE,FALSE
799,53,615,537,641,615,537,641,615,537,641,-78,26,78,26,FALSE,FALSE
799,54,561,509,590,561,509,590,561,509,590,-52,29,52,29,FALSE,FALSE
799,55,526,478,571,526,478,571,526,478,571,-48,45,48,45,FALSE,FALSE
799,56,499,447,538,499,447,538,499,447,538,-52,39,52,39,FALSE,FALSE
799,57,467,412,502,467,412,502,467,412,502,-55,35,55,35,FALSE,FALSE
799,58,442,388,467,442,388,467,442,388,467,-54,25,54,25,FALSE,FALSE
799,59,408,355,438,408,355,438,408,355,438,-53,30,53,30,FALSE,FALSE
799,60,372,321,404,372,321,404,372,321,404,-51,32,51,32,FALSE,FALSE
800,0,107,107,107,107,107,107,107,107,107,0,0,0,0,TRUE,TRUE
800,1,104,107,106,104,107,106,104,107,106,3,2,3,2,FALSE,FALSE
800,2,97,110,111,97,110,111,97,110,111,13,14,13,14,FALSE,FALSE
800,3,100,112,112,100,112,112,100,112,112,12,12,12,12,FALSE,FALSE
800,4,109,119,120,109,119,120,109,119,120,10,11,10,11,FALSE,FALSE
800,5,119,121,126,119,121,126,119,121,126,2,7,2,7,FALSE,FALSE
800,6,127,121,122,127,121,122,127,121,122,-6,-5,6,5,FALSE,FALSE
800,7,130,131,132,130,131,132,130,131,132,1,2,1,2,FALSE,FALSE
800,8,143,148,135,143,148,135,143,148,135,5,-8,5,8,FALSE,FALSE
800,9,151,151,141,151,151,141,151,151,141,0,-10,0,10,TRUE,FALSE
800,10,151,167,147,151,167,147,151,167,147,16,-4,16,4,FALSE,FALSE
800,11,152,178,151,152,178,151,152,178,151,26,-1,26,1,FALSE,FALSE
800,12,144,177,164,144,177,164,144,177,164,33,20,33,20,FALSE,FALSE
800,13,156,189,149,156,189,149,156,189,149,33,-7,33,7,FALSE,FALSE
800,14,167,199,162,167,199,162,167,199,162,32,-5,32,5,FALSE,FALSE
800,15,161,207,159,161,207,159,161,207,159,46,-2,46,2,FALSE,FALSE
800,16,157,197,167,157,197,167,157,197,167,40,10,40,10,FALSE,FALSE
800,17,168,188,175,168,188,175,168,188,175,20,7,20,7,FALSE,FALSE
800,18,175,180,182,175,180,182,175,180,182,5,7,5,7,FALSE,FALSE
800,19,178,183,192,178,183,192,178,183,192,5,14,5,14,FALSE,FALSE
800,20,194,189,185,194,189,185,194,189,185,-5,-9,5,9,FALSE,FALSE
800,21,186,190,184,186,190,184,186,190,184,4,-2,4,2,FALSE,FALSE
800,22,206,201,179,206,201,179,206,201,179,-5,-27,5,27,FALSE,FALSE
800,23,207,193,188,207,193,188,207,193,188,-14,-19,14,19,FALSE,FALSE
800,24,214,196,193,214,196,193,214,196,193,-18,-21,18,21,FALSE,FALSE
800,25,238,194,192,238,194,192,238,194,192,-44,-46,44,46,FALSE,FALSE
800,26,237,195,209,237,195,209,237,195,209,-42,-28,42,28,FALSE,FALSE
800,27,238,197,227,238,197,227,238,197,227,-41,-11,41,11,FALSE,FALSE
800,28,229,201,225,229,201,225,229,201,225,-28,-4,28,4,FALSE,FALSE
800,29,233,208,233,233,208,233,233,208,233,-25,0,25,0,FALSE,TRUE
800,30,241,224,240,241,224,240,241,224,240,-17,-1,17,1,FALSE,FALSE
800,31,239,236,240,239,236,240,239,236,240,-3,1,3,1,FALSE,FALSE
800,32,228,241,240,228,241,240,228,241,240,13,12,13,12,FALSE,FALSE
800,33,223,251,245,223,251,245,223,251,245,28,22,28,22,FALSE,FALSE
800,34,224,253,239,224,253,239,224,253,239,29,15,29,15,FALSE,FALSE
800,35,232,262,232,232,262,232,232,262,232,30,0,30,0,FALSE,TRUE
800,36,217,279,211,217,279,211,217,279,211,62,-6,62,6,FALSE,FALSE
800,37,217,265,202,217,265,202,217,265,202,48,-15,48,15,FALSE,FALSE
800,38,212,277,200,212,277,200,212,277,200,65,-12,65,12,FALSE,FALSE
800,39,210,275,199,210,275,199,210,275,199,65,-11,65,11,FALSE,FALSE
800,40,214,283,197,214,283,197,214,283,197,69,-17,69,17,FALSE,FALSE
800,41,223,302,200,223,302,200,223,302,200,79,-23,79,23,FALSE,FALSE
800,42,213,318,194,213,318,194,213,318,194,105,-19,105,19,FALSE,FALSE
800,43,221,322,184,221,322,184,221,322,184,101,-37,101,37,FALSE,FALSE
800,44,224,342,197,224,342,197,224,342,197,118,-27,118,27,FALSE,FALSE
800,45,211,343,186,211,343,186,211,343,186,132,-25,132,25,FALSE,FALSE
800,46,211,358,189,211,358,189,211,358,189,147,-22,147,22,FALSE,FALSE
800,47,208,359,191,208,359,191,208,359,191,151,-17,151,17,FALSE,FALSE
800,48,196,362,168,196,362,168,196,362,168,166,-28,166,28,FALSE,FALSE
800,49,188,360,153,188,360,153,188,360,153,172,-35,172,35,FALSE,FALSE
800,50,176,353,137,176,353,137,176,353,137,177,-39,177,39,FALSE,FALSE
800,51,180,334,133,180,334,133,180,334,133,154,-47,154,47,FALSE,FALSE
800,52,175,338,120,175,338,120,175,338,120,163,-55,163,55,FALSE,FALSE
800,53,164,329,125,164,329,125,164,329,125,165,-39,165,39,FALSE,FALSE
800,54,166,323,114,166,323,114,166,323,114,157,-52,157,52,FALSE,FALSE
800,55,165,321,107,165,321,107,165,321,107,156,-58,156,58,FALSE,FALSE
800,56,159,310,105,159,310,105,159,310,105,151,-54,151,54,FALSE,FALSE
800,57,167,316,102,167,316,102,167,316,102,149,-65,149,65,FALSE,FALSE
800,58,172,314,101,172,314,101,172,314,101,142,-71,142,71,FALSE,FALSE
800,59,161,314,100,161,314,100,161,314,100,153,-61,153,61,FALSE,FALSE
800,60,144,316,103,144,316,103,144,316,103,172,-41,172,41,FALSE,FALSE
801,0,147,147,147,147,147,147,147,147,147,0,0,0,0,TRUE,TRUE
801,1,205,240,221,205,240,221,205,240,221,35,16,35,16,FALSE,FALSE
801,2,318,388,354,318,388,354,318,388,354,70,36,70,36,FALSE,FALSE
801,3,482,573,564,482,573,564,482,573,564,91,82,91,82,FALSE,FALSE
801,4,698,857,853,698,857,853,698,857,853,159,155,159,155,FALSE,FALSE
801,5,1073,1262,1256,1073,1262,1256,1073,1262,1256,189,183,189,183,FALSE,FALSE
801,6,1517,1728,1754,1517,1728,1754,1517,1728,1754,211,237,211,237,FALSE,FALSE
801,7,2017,2303,2371,2017,2303,2371,2017,2303,2371,286,354,286,354,FALSE,FALSE
801,8,2540,2784,2920,2540,2784,2920,2540,2784,2920,244,380,244,380,FALSE,FALSE
801,9,2981,3281,3348,2981,3281,3348,2981,3281,3348,300,367,300,367,FALSE,FALSE
801,10,3266,3480,3570,3266,3480,3570,3266,3480,3570,214,304,214,304,FALSE,FALSE
801,11,3339,3461,3483,3339,3461,3483,3339,3461,3483,122,144,122,144,FALSE,FALSE
801,12,3224,3279,3218,3224,3279,3218,3224,3279,3218,55,-6,55,6,FALSE,FALSE
801,13,3014,2980,2904,3014,2980,2904,3014,2980,2904,-34,-110,34,110,FALSE,FALSE
801,14,2690,2622,2561,2690,2622,2561,2690,2622,2561,-68,-129,68,129,FALSE,FALSE
801,15,2347,2234,2195,2347,2234,2195,2347,2234,2195,-113,-152,113,152,FALSE,FALSE
801,16,2012,1906,1820,2012,1906,1820,2012,1906,1820,-106,-192,106,192,FALSE,FALSE
801,17,1676,1561,1485,1676,1561,1485,1676,1561,1485,-115,-191,115,191,FALSE,FALSE
801,18,1380,1294,1238,1380,1294,1238,1380,1294,1238,-86,-142,86,142,FALSE,FALSE
801,19,1149,1101,991,1149,1101,991,1149,1101,991,-48,-158,48,158,FALSE,FALSE
801,20,905,888,833,905,888,833,905,888,833,-17,-72,17,72,FALSE,FALSE
801,21,756,741,690,756,741,690,756,741,690,-15,-66,15,66,FALSE,FALSE
801,22,605,603,559,605,603,559,605,603,559,-2,-46,2,46,FALSE,FALSE
801,23,491,509,466,491,509,466,491,509,466,18,-25,18,25,FALSE,FALSE
801,24,402,405,378,402,405,378,402,405,378,3,-24,3,24,FALSE,FALSE
801,25,330,328,291,330,328,291,330,328,291,-2,-39,2,39,FALSE,FALSE
801,26,262,258,222,262,258,222,262,258,222,-4,-40,4,40,FALSE,FALSE
801,27,222,206,178,222,206,178,222,206,178,-16,-44,16,44,FALSE,FALSE
801,28,164,173,147,164,173,147,164,173,147,9,-17,9,17,FALSE,FALSE
801,29,134,141,119,134,141,119,134,141,119,7,-15,7,15,FALSE,FALSE
801,30,105,106,101,105,106,101,105,106,101,1,-4,1,4,FALSE,FALSE
801,31,82,88,82,82,88,82,82,88,82,6,0,6,0,FALSE,TRUE
801,32,60,77,65,60,77,65,60,77,65,17,5,17,5,FALSE,FALSE
801,33,42,59,52,42,59,52,42,59,52,17,10,17,10,FALSE,FALSE
801,34,33,45,40,33,45,40,33,45,40,12,7,12,7,FALSE,FALSE
801,35,27,39,29,27,39,29,27,39,29,12,2,12,2,FALSE,FALSE
801,36,21,27,25,21,27,25,21,27,25,6,4,6,4,FALSE,FALSE
801,37,15,17,19,15,17,19,15,17,19,2,4,2,4,FALSE,FALSE
801,38,11,13,13,11,13,13,11,13,13,2,2,2,2,FALSE,FALSE
801,39,5,9,11,5,9,11,5,9,11,4,6,4,6,FALSE,FALSE
801,40,4,9,10,4,9,10,4,9,10,5,6,5,6,FALSE,FALSE
801,41,4,8,10,4,8,10,4,8,10,4,6,4,6,FALSE,FALSE
801,42,4,9,8,4,9,8,4,9,8,5,4,5,4,FALSE,FALSE
801,43,6,8,7,6,8,7,6,8,7,2,1,2,1,FALSE,FALSE
801,44,5,7,4,5,7,4,5,7,4,2,-1,2,1,FALSE,FALSE
801,45,6,5,3,6,5,3,6,5,3,-1,-3,1,3,FALSE,FALSE
801,46,6,5,3,6,5,3,6,5,3,-1,-3,1,3,FALSE,FALSE
801,47,7,3,3,7,3,3,7,3,3,-4,-4,4,4,FALSE,FALSE
801,48,5,2,3,5,2,3,5,2,3,-3,-2,3,2,FALSE,FALSE
801,49,3,1,2,3,1,2,3,1,2,-2,-1,2,1,FALSE,FALSE
801,50,1,1,1,1,1,1,1,1,1,0,0,0,0,TRUE,TRUE
801,51,1,1,1,1,1,1,1,1,1,0,0,0,0,TRUE,TRUE
801,52,0,1,1,0,1,1,0,1,1,1,1,1,1,FALSE,FALSE
801,53,0,1,1,0,1,1,0,1,1,1,1,1,1,FALSE,FALSE
801,54,0,1,1,0,1,1,0,1,1,1,1,1,1,FALSE,FALSE
801,55,0,2,1,0,2,1,0,2,1,2,1,2,1,FALSE,FALSE
801,56,0,1,1,0,1,1,0,1,1,1,1,1,1,FALSE,FALSE
801,57,0,1,1,0,1,1,0,1,1,1,1,1,1,FALSE,FALSE
801,58,0,1,0,0,1,0,0,1,0,1,0,1,0,FALSE,TRUE
801,59,0,1,0,0,1,0,0,1,0,1,0,1,0,FALSE,TRUE
801,60,0,1,0,0,1,0,0,1,0,1,0,1,0,FALSE,TRUE
802,0,89,89,89,89,89,89,89,89,89,0,0,0,0,TRUE,TRUE
802,1,145,126,141,145,126,141,145,126,141,-19,-4,19,4,FALSE,FALSE
802,2,237,181,206,237,181,206,237,181,206,-56,-31,56,31,FALSE,FALSE
802,3,356,272,296,356,272,296,356,272,296,-84,-60,84,60,FALSE,FALSE
802,4,557,396,468,557,396,468,557,396,468,-161,-89,161,89,FALSE,FALSE
802,5,776,561,722,776,561,722,776,561,722,-215,-54,215,54,FALSE,FALSE
802,6,1065,775,1038,1065,775,1038,1065,775,1038,-290,-27,290,27,FALSE,FALSE
802,7,1391,1046,1384,1391,1046,1384,1391,1046,1384,-345,-7,345,7,FALSE,FALSE
802,8,1715,1328,1731,1715,1328,1731,1715,1328,1731,-387,16,387,16,FALSE,FALSE
802,9,1991,1617,1991,1991,1617,1991,1991,1617,1991,-374,0,374,0,FALSE,TRUE
802,10,2114,1858,2195,2114,1858,2195,2114,1858,2195,-256,81,256,81,FALSE,FALSE
802,11,2094,1989,2218,2094,1989,2218,2094,1989,2218,-105,124,105,124,FALSE,FALSE
802,12,2014,2035,2146,2014,2035,2146,2014,2035,2146,21,132,21,132,FALSE,FALSE
802,13,1900,2021,1944,1900,2021,1944,1900,2021,1944,121,44,121,44,FALSE,FALSE
802,14,1713,1910,1756,1713,1910,1756,1713,1910,1756,197,43,197,43,FALSE,FALSE
802,15,1497,1759,1563,1497,1759,1563,1497,1759,1563,262,66,262,66,FALSE,FALSE
802,16,1266,1569,1329,1266,1569,1329,1266,1569,1329,303,63,303,63,FALSE,FALSE
802,17,1107,1374,1142,1107,1374,1142,1107,1374,1142,267,35,267,35,FALSE,FALSE
802,18,926,1176,960,926,1176,960,926,1176,960,250,34,250,34,FALSE,FALSE
802,19,775,1019,781,775,1019,781,775,1019,781,244,6,244,6,FALSE,FALSE
802,20,633,861,640,633,861,640,633,861,640,228,7,228,7,FALSE,FALSE
802,21,535,727,526,535,727,526,535,727,526,192,-9,192,9,FALSE,FALSE
802,22,444,609,424,444,609,424,444,609,424,165,-20,165,20,FALSE,FALSE
802,23,373,519,350,373,519,350,373,519,350,146,-23,146,23,FALSE,FALSE
802,24,293,431,277,293,431,277,293,431,277,138,-16,138,16,FALSE,FALSE
802,25,256,349,229,256,349,229,256,349,229,93,-27,93,27,FALSE,FALSE
802,26,212,291,192,212,291,192,212,291,192,79,-20,79,20,FALSE,FALSE
802,27,171,243,163,171,243,163,171,243,163,72,-8,72,8,FALSE,FALSE
802,28,137,196,135,137,196,135,137,196,135,59,-2,59,2,FALSE,FALSE
802,29,113,171,110,113,171,110,113,171,110,58,-3,58,3,FALSE,FALSE
802,30,94,128,92,94,128,92,94,128,92,34,-2,34,2,FALSE,FALSE
802,31,71,104,73,71,104,73,71,104,73,33,2,33,2,FALSE,FALSE
802,32,64,83,64,64,83,64,64,83,64,19,0,19,0,FALSE,TRUE
802,33,53,70,49,53,70,49,53,70,49,17,-4,17,4,FALSE,FALSE
802,34,43,51,46,43,51,46,43,51,46,8,3,8,3,FALSE,FALSE
802,35,36,46,39,36,46,39,36,46,39,10,3,10,3,FALSE,FALSE
802,36,30,35,29,30,35,29,30,35,29,5,-1,5,1,FALSE,FALSE
802,37,27,28,25,27,28,25,27,28,25,1,-2,1,2,FALSE,FALSE
802,38,22,21,21,22,21,21,22,21,21,-1,-1,1,1,FALSE,FALSE
802,39,19,18,19,19,18,19,19,18,19,-1,0,1,0,FALSE,TRUE
802,40,15,13,16,15,13,16,15,13,16,-2,1,2,1,FALSE,FALSE
802,41,12,10,14,12,10,14,12,10,14,-2,2,2,2,FALSE,FALSE
802,42,10,8,7,10,8,7,10,8,7,-2,-3,2,3,FALSE,FALSE
802,43,11,7,5,11,7,5,11,7,5,-4,-6,4,6,FALSE,FALSE
802,44,9,3,4,9,3,4,9,3,4,-6,-5,6,5,FALSE,FALSE
802,45,8,2,3,8,2,3,8,2,3,-6,-5,6,5,FALSE,FALSE
802,46,8,0,3,8,0,3,8,0,3,-8,-5,8,5,FALSE,FALSE
802,47,7,0,5,7,0,5,7,0,5,-7,-2,7,2,FALSE,FALSE
802,48,4,0,2,4,0,2,4,0,2,-4,-2,4,2,FALSE,FALSE
802,49,5,0,1,5,0,1,5,0,1,-5,-4,5,4,FALSE,FALSE
802,50,4,0,0,4,0,0,4,0,0,-4,-4,4,4,FALSE,FALSE
802,51,3,0,0,3,0,0,3,0,0,-3,-3,3,3,FALSE,FALSE
802,52,3,0,0,3,0,0,3,0,0,-3,-3,3,3,FALSE,FALSE
802,53,2,0,0,2,0,0,2,0,0,-2,-2,2,2,FALSE,FALSE
802,54,1,0,0,1,0,0,1,0,0,-1,-1,1,1,FALSE,FALSE
802,55,0,0,0,0,0,0,0,0,0,0,0,0,0,TRUE,TRUE
802,56,0,0,0,0,0,0,0,0,0,0,0,0,0,TRUE,TRUE
802,57,0,0,0,0,0,0,0,0,0,0,0,0,0,TRUE,TRUE
802,58,0,0,0,0,0,0,0,0,0,0,0,0,0,TRUE,TRUE
802,59,0,0,0,0,0,0,0,0,0,0,0,0,0,TRUE,TRUE
802,60,0,0,0,0,0,0,0,0,0,0,0,0,0,TRUE,TRUE
803,0,136,136,136,136,136,136,136,136,136,0,0,0,0,TRUE,TRUE
803,1,149,146,164,149,146,164,149,146,164,-3,15,3,15,FALSE,FALSE
803,2,176,170,201,176,170,201,176,170,201,-6,25,6,25,FALSE,FALSE
803,3,205,203,235,205,203,235,205,203,235,-2,30,2,30,FALSE,FALSE
803,4,251,221,274,251,221,274,251,221,274,-30,23,30,23,FALSE,FALSE
803,5,307,271,307,307,271,307,307,271,307,-36,0,36,0,FALSE,TRUE
803,6,350,314,362,350,314,362,350,314,362,-36,12,36,12,FALSE,FALSE
803,7,409,354,427,409,354,427,409,354,427,-55,18,55,18,FALSE,FALSE
803,8,468,397,494,468,397,494,468,397,494,-71,26,71,26,FALSE,FALSE
803,9,534,456,558,534,456,558,534,456,558,-78,24,78,24,FALSE,FALSE
803,10,596,517,640,596,517,640,596,517,640,-79,44,79,44,FALSE,FALSE
803,11,662,574,725,662,574,725,662,574,725,-88,63,88,63,FALSE,FALSE
803,12,742,647,788,742,647,788,742,647,788,-95,46,95,46,FALSE,FALSE
803,13,808,729,900,808,729,900,808,729,900,-79,92,79,92,FALSE,FALSE
803,14,905,822,995,905,822,995,905,822,995,-83,90,83,90,FALSE,FALSE
803,15,1017,894,1102,1017,894,1102,1017,894,1102,-123,85,123,85,FALSE,FALSE
803,16,1121,984,1210,1121,984,1210,1121,984,1210,-137,89,137,89,FALSE,FALSE
803,17,1240,1077,1325,1240,1077,1325,1240,1077,1325,-163,85,163,85,FALSE,FALSE
803,18,1355,1153,1417,1355,1153,1417,1355,1153,1417,-202,62,202,62,FALSE,FALSE
803,19,1458,1236,1484,1458,1236,1484,1458,1236,1484,-222,26,222,26,FALSE,FALSE
803,20,1556,1335,1577,1556,1335,1577,1556,1335,1577,-221,21,221,21,FALSE,FALSE
803,21,1649,1422,1680,1649,1422,1680,1649,1422,1680,-227,31,227,31,FALSE,FALSE
803,22,1727,1498,1791,1727,1498,1791,1727,1498,1791,-229,64,229,64,FALSE,FALSE
803,23,1790,1578,1851,1790,1578,1851,1790,1578,1851,-212,61,212,61,FALSE,FALSE
803,24,1832,1621,1877,1832,1621,1877,1832,1621,1877,-211,45,211,45,FALSE,FALSE
803,25,1848,1657,1902,1848,1657,1902,1848,1657,1902,-191,54,191,54,FALSE,FALSE
803,26,1896,1693,1920,1896,1693,1920,1896,1693,1920,-203,24,203,24,FALSE,FALSE
803,27,1884,1694,1885,1884,1694,1885,1884,1694,1885,-190,1,190,1,FALSE,FALSE
803,28,1866,1707,1880,1866,1707,1880,1866,1707,1880,-159,14,159,14,FALSE,FALSE
803,29,1838,1697,1850,1838,1697,1850,1838,1697,1850,-141,12,141,12,FALSE,FALSE
803,30,1822,1682,1811,1822,1682,1811,1822,1682,1811,-140,-11,140,11,FALSE,FALSE
803,31,1788,1676,1759,1788,1676,1759,1788,1676,1759,-112,-29,112,29,FALSE,FALSE
803,32,1715,1671,1708,1715,1671,1708,1715,1671,1708,-44,-7,44,7,FALSE,FALSE
803,33,1661,1621,1632,1661,1621,1632,1661,1621,1632,-40,-29,40,29,FALSE,FALSE
803,34,1612,1563,1562,1612,1563,1562,1612,1563,1562,-49,-50,49,50,FALSE,FALSE
803,35,1553,1526,1492,1553,1526,1492,1553,1526,1492,-27,-61,27,61,FALSE,FALSE
803,36,1463,1507,1421,1463,1507,1421,1463,1507,1421,44,-42,44,42,FALSE,FALSE
803,37,1414,1443,1353,1414,1443,1353,1414,1443,1353,29,-61,29,61,FALSE,FALSE
803,38,1344,1390,1266,1344,1390,1266,1344,1390,1266,46,-78,46,78,FALSE,FALSE
803,39,1275,1317,1206,1275,1317,1206,1275,1317,1206,42,-69,42,69,FALSE,FALSE
803,40,1209,1263,1133,1209,1263,1133,1209,1263,1133,54,-76,54,76,FALSE,FALSE
803,41,1136,1202,1090,1136,1202,1090,1136,1202,1090,66,-46,66,46,FALSE,FALSE
803,42,1067,1125,1017,1067,1125,1017,1067,1125,1017,58,-50,58,50,FALSE,FALSE
803,43,995,1050,957,995,1050,957,995,1050,957,55,-38,55,38,FALSE,FALSE
803,44,928,1003,886,928,1003,886,928,1003,886,75,-42,75,42,FALSE,FALSE
803,45,857,967,826,857,967,826,857,967,826,110,-31,110,31,FALSE,FALSE
803,46,817,896,777,817,896,777,817,896,777,79,-40,79,40,FALSE,FALSE
803,47,766,838,729,766,838,729,766,838,729,72,-37,72,37,FALSE,FALSE
803,48,728,779,685,728,779,685,728,779,685,51,-43,51,43,FALSE,FALSE
803,49,681,739,631,681,739,631,681,739,631,58,-50,58,50,FALSE,FALSE
803,50,647,705,598,647,705,598,647,705,598,58,-49,58,49,FALSE,FALSE
803,51,599,674,543,599,674,543,599,674,543,75,-56,75,56,FALSE,FALSE
803,52,568,644,508,568,644,508,568,644,508,76,-60,76,60,FALSE,FALSE
803,53,521,609,476,521,609,476,521,609,476,88,-45,88,45,FALSE,FALSE
803,54,480,572,432,480,572,432,480,572,432,92,-48,92,48,FALSE,FALSE
803,55,425,541,392,425,541,392,425,541,392,116,-33,116,33,FALSE,FALSE
803,56,397,498,360,397,498,360,397,498,360,101,-37,101,37,FALSE,FALSE
803,57,359,461,343,359,461,343,359,461,343,102,-16,102,16,FALSE,FALSE
803,58,324,437,307,324,437,307,324,437,307,113,-17,113,17,FALSE,FALSE
803,59,303,414,280,303,414,280,303,414,280,111,-23,111,23,FALSE,FALSE
803,60,282,381,257,282,381,257,282,381,257,99,-25,99,25,FALSE,FALSE
804,0,43,43,43,43,43,43,43,43,43,0,0,0,0,TRUE,TRUE
804,1,54,49,51,54,49,51,54,49,51,-5,-3,5,3,FALSE,FALSE
804,2,64,68,57,64,68,57,64,68,57,4,-7,4,7,FALSE,FALSE
804,3,86,92,75,86,92,75,86,92,75,6,-11,6,11,FALSE,FALSE
804,4,105,105,88,105,105,88,105,105,88,0,-17,0,17,TRUE,FALSE
804,5,137,134,109,137,134,109,137,134,109,-3,-28,3,28,FALSE,FALSE
804,6,165,180,159,165,180,159,165,180,159,15,-6,15,6,FALSE,FALSE
804,7,208,207,191,208,207,191,208,207,191,-1,-17,1,17,FALSE,FALSE
804,8,248,251,228,248,251,228,248,251,228,3,-20,3,20,FALSE,FALSE
804,9,319,295,279,319,295,279,319,295,279,-24,-40,24,40,FALSE,FALSE
804,10,406,358,337,406,358,337,406,358,337,-48,-69,48,69,FALSE,FALSE
804,11,498,442,413,498,442,413,498,442,413,-56,-85,56,85,FALSE,FALSE
804,12,617,531,486,617,531,486,617,531,486,-86,-131,86,131,FALSE,FALSE
804,13,749,625,588,749,625,588,749,625,588,-124,-161,124,161,FALSE,FALSE
804,14,877,745,686,877,745,686,877,745,686,-132,-191,132,191,FALSE,FALSE
804,15,1021,892,813,1021,892,813,1021,892,813,-129,-208,129,208,FALSE,FALSE
804,16,1180,1003,923,1180,1003,923,1180,1003,923,-177,-257,177,257,FALSE,FALSE
804,17,1365,1147,1077,1365,1147,1077,1365,1147,1077,-218,-288,218,288,FALSE,FALSE
804,18,1537,1334,1221,1537,1334,1221,1537,1334,1221,-203,-316,203,316,FALSE,FALSE
804,19,1656,1490,1365,1656,1490,1365,1656,1490,1365,-166,-291,166,291,FALSE,FALSE
804,20,1831,1661,1502,1831,1661,1502,1831,1661,1502,-170,-329,170,329,FALSE,FALSE
804,21,1940,1821,1625,1940,1821,1625,1940,1821,1625,-119,-315,119,315,FALSE,FALSE
804,22,2030,1950,1750,2030,1950,1750,2030,1950,1750,-80,-280,80,280,FALSE,FALSE
804,23,2101,2066,1893,2101,2066,1893,2101,2066,1893,-35,-208,35,208,FALSE,FALSE
804,24,2181,2119,1973,2181,2119,1973,2181,2119,1973,-62,-208,62,208,FALSE,FALSE
804,25,2183,2207,2072,2183,2207,2072,2183,2207,2072,24,-111,24,111,FALSE,FALSE
804,26,2210,2211,2125,2210,2211,2125,2210,2211,2125,1,-85,1,85,FALSE,FALSE
804,27,2169,2219,2157,2169,2219,2157,2169,2219,2157,50,-12,50,12,FALSE,FALSE
804,28,2153,2213,2172,2153,2213,2172,2153,2213,2172,60,19,60,19,FALSE,FALSE
804,29,2114,2189,2173,2114,2189,2173,2114,2189,2173,75,59,75,59,FALSE,FALSE
804,30,2032,2131,2124,2032,2131,2124,2032,2131,2124,99,92,99,92,FALSE,FALSE
804,31,1990,2074,2082,1990,2074,2082,1990,2074,2082,84,92,84,92,FALSE,FALSE
804,32,1935,2009,2011,1935,2009,2011,1935,2009,2011,74,76,74,76,FALSE,FALSE
804,33,1826,1925,1942,1826,1925,1942,1826,1925,1942,99,116,99,116,FALSE,FALSE
804,34,1760,1859,1864,1760,1859,1864,1760,1859,1864,99,104,99,104,FALSE,FALSE
804,35,1670,1768,1797,1670,1768,1797,1670,1768,1797,98,127,98,127,FALSE,FALSE
804,36,1599,1704,1707,1599,1704,1707,1599,1704,1707,105,108,105,108,FALSE,FALSE
804,37,1498,1637,1630,1498,1637,1630,1498,1637,1630,139,132,139,132,FALSE,FALSE
804,38,1419,1559,1549,1419,1559,1549,1419,1559,1549,140,130,140,130,FALSE,FALSE
804,39,1333,1444,1458,1333,1444,1458,1333,1444,1458,111,125,111,125,FALSE,FALSE
804,40,1255,1352,1352,1255,1352,1352,1255,1352,1352,97,97,97,97,FALSE,FALSE
804,41,1184,1263,1279,1184,1263,1279,1184,1263,1279,79,95,79,95,FALSE,FALSE
804,42,1107,1205,1223,1107,1205,1223,1107,1205,1223,98,116,98,116,FALSE,FALSE
804,43,1049,1117,1163,1049,1117,1163,1049,1117,1163,68,114,68,114,FALSE,FALSE
804,44,971,1056,1088,971,1056,1088,971,1056,1088,85,117,85,117,FALSE,FALSE
804,45,915,988,1041,915,988,1041,915,988,1041,73,126,73,126,FALSE,FALSE
804,46,859,932,985,859,932,985,859,932,985,73,126,73,126,FALSE,FALSE
804,47,801,863,928,801,863,928,801,863,928,62,127,62,127,FALSE,FALSE
804,48,747,811,861,747,811,861,747,811,861,64,114,64,114,FALSE,FALSE
804,49,698,757,800,698,757,800,698,757,800,59,102,59,102,FALSE,FALSE
804,50,657,703,743,657,703,743,657,703,743,46,86,46,86,FALSE,FALSE
804,51,615,653,694,615,653,694,615,653,694,38,79,38,79,FALSE,FALSE
804,52,576,601,651,576,601,651,576,601,651,25,75,25,75,FALSE,FALSE
804,53,543,560,611,543,560,611,543,560,611,17,68,17,68,FALSE,FALSE
804,54,503,520,588,503,520,588,503,520,588,17,85,17,85,FALSE,FALSE
804,55,464,482,549,464,482,549,464,482,549,18,85,18,85,FALSE,FALSE
804,56,431,440,517,431,440,517,431,440,517,9,86,9,86,FALSE,FALSE
804,57,408,412,488,408,412,488,408,412,488,4,80,4,80,FALSE,FALSE
804,58,377,393,455,377,393,455,377,393,455,16,78,16,78,FALSE,FALSE
804,59,353,371,435,353,371,435,353,371,435,18,82,18,82,FALSE,FALSE
804,60,329,346,399,329,346,399,329,346,399,17,70,17,70,FALSE,FALSE
805,0,50,50,50,50,50,50,50,50,50,0,0,0,0,TRUE,TRUE
805,1,77,57,76,77,57,76,77,57,76,-20,-1,20,1,FALSE,FALSE
805,2,120,70,110,120,70,110,120,70,110,-50,-10,50,10,FALSE,FALSE
805,3,193,88,151,193,88,151,193,88,151,-105,-42,105,42,FALSE,FALSE
805,4,279,114,219,279,114,219,279,114,219,-165,-60,165,60,FALSE,FALSE
805,5,427,137,324,427,137,324,427,137,324,-290,-103,290,103,FALSE,FALSE
805,6,593,168,427,593,168,427,593,168,427,-425,-166,425,166,FALSE,FALSE
805,7,749,197,596,749,197,596,749,197,596,-552,-153,552,153,FALSE,FALSE
805,8,988,243,789,988,243,789,988,243,789,-745,-199,745,199,FALSE,FALSE
805,9,1205,284,985,1205,284,985,1205,284,985,-921,-220,921,220,FALSE,FALSE
805,10,1395,328,1181,1395,328,1181,1395,328,1181,-1067,-214,1067,214,FALSE,FALSE
805,11,1517,407,1346,1517,407,1346,1517,407,1346,-1110,-171,1110,171,FALSE,FALSE
805,12,1539,463,1433,1539,463,1433,1539,463,1433,-1076,-106,1076,106,FALSE,FALSE
805,13,1529,536,1493,1529,536,1493,1529,536,1493,-993,-36,993,36,FALSE,FALSE
805,14,1431,602,1482,1431,602,1482,1431,602,1482,-829,51,829,51,FALSE,FALSE
805,15,1337,671,1428,1337,671,1428,1337,671,1428,-666,91,666,91,FALSE,FALSE
805,16,1213,733,1335,1213,733,1335,1213,733,1335,-480,122,480,122,FALSE,FALSE
805,17,1052,823,1233,1052,823,1233,1052,823,1233,-229,181,229,181,FALSE,FALSE
805,18,918,886,1074,918,886,1074,918,886,1074,-32,156,32,156,FALSE,FALSE
805,19,759,925,945,759,925,945,759,925,945,166,186,166,186,FALSE,FALSE
805,20,613,968,804,613,968,804,613,968,804,355,191,355,191,FALSE,FALSE
805,21,507,944,682,507,944,682,507,944,682,437,175,437,175,FALSE,FALSE
805,22,430,886,581,430,886,581,430,886,581,456,151,456,151,FALSE,FALSE
805,23,369,860,463,369,860,463,369,860,463,491,94,491,94,FALSE,FALSE
805,24,306,813,395,306,813,395,306,813,395,507,89,507,89,FALSE,FALSE
805,25,254,783,322,254,783,322,254,783,322,529,68,529,68,FALSE,FALSE
805,26,201,740,249,201,740,249,201,740,249,539,48,539,48,FALSE,FALSE
805,27,161,663,206,161,663,206,161,663,206,502,45,502,45,FALSE,FALSE
805,28,135,583,168,135,583,168,135,583,168,448,33,448,33,FALSE,FALSE
805,29,107,521,137,107,521,137,107,521,137,414,30,414,30,FALSE,FALSE
805,30,88,471,111,88,471,111,88,471,111,383,23,383,23,FALSE,FALSE
805,31,67,412,94,67,412,94,67,412,94,345,27,345,27,FALSE,FALSE
805,32,58,370,78,58,370,78,58,370,78,312,20,312,20,FALSE,FALSE
805,33,46,320,67,46,320,67,46,320,67,274,21,274,21,FALSE,FALSE
805,34,39,294,56,39,294,56,39,294,56,255,17,255,17,FALSE,FALSE
805,35,31,264,42,31,264,42,31,264,42,233,11,233,11,FALSE,FALSE
805,36,22,227,37,22,227,37,22,227,37,205,15,205,15,FALSE,FALSE
805,37,16,195,28,16,195,28,16,195,28,179,12,179,12,FALSE,FALSE
805,38,18,176,22,18,176,22,18,176,22,158,4,158,4,FALSE,FALSE
805,39,13,144,22,13,144,22,13,144,22,131,9,131,9,FALSE,FALSE
805,40,8,130,18,8,130,18,8,130,18,122,10,122,10,FALSE,FALSE
805,41,7,112,15,7,112,15,7,112,15,105,8,105,8,FALSE,FALSE
805,42,6,95,10,6,95,10,6,95,10,89,4,89,4,FALSE,FALSE
805,43,5,84,11,5,84,11,5,84,11,79,6,79,6,FALSE,FALSE
805,44,5,76,9,5,76,9,5,76,9,71,4,71,4,FALSE,FALSE
805,45,5,60,4,5,60,4,5,60,4,55,-1,55,1,FALSE,FALSE
805,46,3,47,4,3,47,4,3,47,4,44,1,44,1,FALSE,FALSE
805,47,3,35,3,3,35,3,3,35,3,32,0,32,0,FALSE,TRUE
805,48,3,27,2,3,27,2,3,27,2,24,-1,24,1,FALSE,FALSE
805,49,1,28,2,1,28,2,1,28,2,27,1,27,1,FALSE,FALSE
805,50,0,22,2,0,22,2,0,22,2,22,2,22,2,FALSE,FALSE
805,51,0,23,2,0,23,2,0,23,2,23,2,23,2,FALSE,FALSE
805,52,0,23,1,0,23,1,0,23,1,23,1,23,1,FALSE,FALSE
805,53,0,18,2,0,18,2,0,18,2,18,2,18,2,FALSE,FALSE
805,54,0,16,1,0,16,1,0,16,1,16,1,16,1,FALSE,FALSE
805,55,0,16,0,0,16,0,0,16,0,16,0,16,0,FALSE,TRUE
805,56,0,13,0,0,13,0,0,13,0,13,0,13,0,FALSE,TRUE
805,57,0,10,0,0,10,0,0,10,0,10,0,10,0,FALSE,TRUE
805,58,0,9,0,0,9,0,0,9,0,9,0,9,0,FALSE,TRUE
805,59,0,7,0,0,7,0,0,7,0,7,0,7,0,FALSE,TRUE
805,60,0,4,0,0,4,0,0,4,0,4,0,4,0,FALSE,TRUE
806,0,67,67,67,67,67,67,67,67,67,0,0,0,0,TRUE,TRUE
806,1,99,85,73,99,85,73,99,85,73,-14,-26,14,26,FALSE,FALSE
806,2,126,111,93,126,111,93,126,111,93,-15,-33,15,33,FALSE,FALSE
806,3,151,145,110,151,145,110,151,145,110,-6,-41,6,41,FALSE,FALSE
806,4,172,172,145,172,172,145,172,172,145,0,-27,0,27,TRUE,FALSE
806,5,210,215,172,210,215,172,210,215,172,5,-38,5,38,FALSE,FALSE
806,6,262,281,223,262,281,223,262,281,223,19,-39,19,39,FALSE,FALSE
806,7,327,345,281,327,345,281,327,345,281,18,-46,18,46,FALSE,FALSE
806,8,396,411,338,396,411,338,396,411,338,15,-58,15,58,FALSE,FALSE
806,9,471,517,404,471,517,404,471,517,404,46,-67,46,67,FALSE,FALSE
806,10,567,637,474,567,637,474,567,637,474,70,-93,70,93,FALSE,FALSE
806,11,672,758,576,672,758,576,672,758,576,86,-96,86,96,FALSE,FALSE
806,12,779,873,683,779,873,683,779,873,683,94,-96,94,96,FALSE,FALSE
806,13,871,1040,788,871,1040,788,871,1040,788,169,-83,169,83,FALSE,FALSE
806,14,1026,1152,903,1026,1152,903,1026,1152,903,126,-123,126,123,FALSE,FALSE
806,15,1148,1289,1039,1148,1289,1039,1148,1289,1039,141,-109,141,109,FALSE,FALSE
806,16,1262,1429,1216,1262,1429,1216,1262,1429,1216,167,-46,167,46,FALSE,FALSE
806,17,1342,1533,1343,1342,1533,1343,1342,1533,1343,191,1,191,1,FALSE,FALSE
806,18,1454,1605,1443,1454,1605,1443,1454,1605,1443,151,-11,151,11,FALSE,FALSE
806,19,1500,1661,1485,1500,1661,1485,1500,1661,1485,161,-15,161,15,FALSE,FALSE
806,20,1598,1713,1547,1598,1713,1547,1598,1713,1547,115,-51,115,51,FALSE,FALSE
806,21,1599,1695,1532,1599,1695,1532,1599,1695,1532,96,-67,96,67,FALSE,FALSE
806,22,1591,1661,1508,1591,1661,1508,1591,1661,1508,70,-83,70,83,FALSE,FALSE
806,23,1595,1612,1506,1595,1612,1506,1595,1612,1506,17,-89,17,89,FALSE,FALSE
806,24,1525,1544,1474,1525,1544,1474,1525,1544,1474,19,-51,19,51,FALSE,FALSE
806,25,1456,1450,1421,1456,1450,1421,1456,1450,1421,-6,-35,6,35,FALSE,FALSE
806,26,1407,1347,1289,1407,1347,1289,1407,1347,1289,-60,-118,60,118,FALSE,FALSE
806,27,1317,1239,1238,1317,1239,1238,1317,1239,1238,-78,-79,78,79,FALSE,FALSE
806,28,1194,1153,1140,1194,1153,1140,1194,1153,1140,-41,-54,41,54,FALSE,FALSE
806,29,1083,1075,1025,1083,1075,1025,1083,1075,1025,-8,-58,8,58,FALSE,FALSE
806,30,999,993,959,999,993,959,999,993,959,-6,-40,6,40,FALSE,FALSE
806,31,893,905,866,893,905,866,893,905,866,12,-27,12,27,FALSE,FALSE
806,32,787,811,785,787,811,785,787,811,785,24,-2,24,2,FALSE,FALSE
806,33,704,707,699,704,707,699,704,707,699,3,-5,3,5,FALSE,FALSE
806,34,635,628,614,635,628,614,635,628,614,-7,-21,7,21,FALSE,FALSE
806,35,562,559,552,562,559,552,562,559,552,-3,-10,3,10,FALSE,FALSE
806,36,519,471,493,519,471,493,519,471,493,-48,-26,48,26,FALSE,FALSE
806,37,462,425,449,462,425,449,462,425,449,-37,-13,37,13,FALSE,FALSE
806,38,411,374,420,411,374,420,411,374,420,-37,9,37,9,FALSE,FALSE
806,39,363,339,371,363,339,371,363,339,371,-24,8,24,8,FALSE,FALSE
806,40,317,317,331,317,317,331,317,317,331,0,14,0,14,TRUE,FALSE
806,41,280,285,287,280,285,287,280,285,287,5,7,5,7,FALSE,FALSE
806,42,243,242,250,243,242,250,243,242,250,-1,7,1,7,FALSE,FALSE
806,43,223,220,208,223,220,208,223,220,208,-3,-15,3,15,FALSE,FALSE
806,44,205,193,185,205,193,185,205,193,185,-12,-20,12,20,FALSE,FALSE
806,45,181,179,166,181,179,166,181,179,166,-2,-15,2,15,FALSE,FALSE
806,46,158,153,145,158,153,145,158,153,145,-5,-13,5,13,FALSE,FALSE
806,47,141,140,124,141,140,124,141,140,124,-1,-17,1,17,FALSE,FALSE
806,48,123,121,113,123,121,113,123,121,113,-2,-10,2,10,FALSE,FALSE
806,49,112,110,100,112,110,100,112,110,100,-2,-12,2,12,FALSE,FALSE
806,50,89,98,86,89,98,86,89,98,86,9,-3,9,3,FALSE,FALSE
806,51,74,96,71,74,96,71,74,96,71,22,-3,22,3,FALSE,FALSE
806,52,61,76,62,61,76,62,61,76,62,15,1,15,1,FALSE,FALSE
806,53,58,59,58,58,59,58,58,59,58,1,0,1,0,FALSE,TRUE
806,54,52,52,44,52,52,44,52,52,44,0,-8,0,8,TRUE,FALSE
806,55,43,45,39,43,45,39,43,45,39,2,-4,2,4,FALSE,FALSE
806,56,39,37,35,39,37,35,39,37,35,-2,-4,2,4,FALSE,FALSE
806,57,33,33,29,33,33,29,33,33,29,0,-4,0,4,TRUE,FALSE
806,58,29,31,27,29,31,27,29,31,27,2,-2,2,2,FALSE,FALSE
806,59,26,30,24,26,30,24,26,30,24,4,-2,4,2,FALSE,FALSE
806,60,28,27,18,28,27,18,28,27,18,-1,-10,1,10,FALSE,FALSE
807,0,114,114,114,114,114,114,114,114,114,0,0,0,0,TRUE,TRUE
807,1,129,113,124,129,113,124,129,113,124,-16,-5,16,5,FALSE,FALSE
807,2,143,119,140,143,119,140,143,119,140,-24,-3,24,3,FALSE,FALSE
807,3,151,120,159,151,120,159,151,120,159,-31,8,31,8,FALSE,FALSE
807,4,155,139,173,155,139,173,155,139,173,-16,18,16,18,FALSE,FALSE
807,5,175,147,196,175,147,196,175,147,196,-28,21,28,21,FALSE,FALSE
807,6,193,164,211,193,164,211,193,164,211,-29,18,29,18,FALSE,FALSE
807,7,220,196,232,220,196,232,220,196,232,-24,12,24,12,FALSE,FALSE
807,8,234,223,267,234,223,267,234,223,267,-11,33,11,33,FALSE,FALSE
807,9,225,272,271,225,272,271,225,272,271,47,46,47,46,FALSE,FALSE
807,10,233,325,298,233,325,298,233,325,298,92,65,92,65,FALSE,FALSE
807,11,267,355,315,267,355,315,267,355,315,88,48,88,48,FALSE,FALSE
807,12,294,391,329,294,391,329,294,391,329,97,35,97,35,FALSE,FALSE
807,13,328,421,370,328,421,370,328,421,370,93,42,93,42,FALSE,FALSE
807,14,340,462,383,340,462,383,340,462,383,122,43,122,43,FALSE,FALSE
807,15,361,496,391,361,496,391,361,496,391,135,30,135,30,FALSE,FALSE
807,16,380,516,424,380,516,424,380,516,424,136,44,136,44,FALSE,FALSE
807,17,391,560,464,391,560,464,391,560,464,169,73,169,73,FALSE,FALSE
807,18,424,576,453,424,576,453,424,576,453,152,29,152,29,FALSE,FALSE
807,19,434,567,469,434,567,469,434,567,469,133,35,133,35,FALSE,FALSE
807,20,442,602,486,442,602,486,442,602,486,160,44,160,44,FALSE,FALSE
807,21,467,626,515,467,626,515,467,626,515,159,48,159,48,FALSE,FALSE
807,22,503,624,535,503,624,535,503,624,535,121,32,121,32,FALSE,FALSE
807,23,532,649,579,532,649,579,532,649,579,117,47,117,47,FALSE,FALSE
807,24,540,654,566,540,654,566,540,654,566,114,26,114,26,FALSE,FALSE
807,25,554,661,596,554,661,596,554,661,596,107,42,107,42,FALSE,FALSE
807,26,562,688,606,562,688,606,562,688,606,126,44,126,44,FALSE,FALSE
807,27,597,679,618,597,679,618,597,679,618,82,21,82,21,FALSE,FALSE
807,28,608,678,619,608,678,619,608,678,619,70,11,70,11,FALSE,FALSE
807,29,578,662,618,578,662,618,578,662,618,84,40,84,40,FALSE,FALSE
807,30,584,639,620,584,639,620,584,639,620,55,36,55,36,FALSE,FALSE
807,31,574,617,594,574,617,594,574,617,594,43,20,43,20,FALSE,FALSE
807,32,594,623,562,594,623,562,594,623,562,29,-32,29,32,FALSE,FALSE
807,33,573,582,517,573,582,517,573,582,517,9,-56,9,56,FALSE,FALSE
807,34,576,565,491,576,565,491,576,565,491,-11,-85,11,85,FALSE,FALSE
807,35,582,542,461,582,542,461,582,542,461,-40,-121,40,121,FALSE,FALSE
807,36,555,524,422,555,524,422,555,524,422,-31,-133,31,133,FALSE,FALSE
807,37,515,488,421,515,488,421,515,488,421,-27,-94,27,94,FALSE,FALSE
807,38,496,465,397,496,465,397,496,465,397,-31,-99,31,99,FALSE,FALSE
807,39,474,448,380,474,448,380,474,448,380,-26,-94,26,94,FALSE,FALSE
807,40,457,420,361,457,420,361,457,420,361,-37,-96,37,96,FALSE,FALSE
807,41,424,390,342,424,390,342,424,390,342,-34,-82,34,82,FALSE,FALSE
807,42,405,346,334,405,346,334,405,346,334,-59,-71,59,71,FALSE,FALSE
807,43,381,309,325,381,309,325,381,309,325,-72,-56,72,56,FALSE,FALSE
807,44,356,291,290,356,291,290,356,291,290,-65,-66,65,66,FALSE,FALSE
807,45,337,261,287,337,261,287,337,261,287,-76,-50,76,50,FALSE,FALSE
807,46,313,241,264,313,241,264,313,241,264,-72,-49,72,49,FALSE,FALSE
807,47,308,222,253,308,222,253,308,222,253,-86,-55,86,55,FALSE,FALSE
807,48,281,208,243,281,208,243,281,208,243,-73,-38,73,38,FALSE,FALSE
807,49,266,176,234,266,176,234,266,176,234,-90,-32,90,32,FALSE,FALSE
807,50,245,160,237,245,160,237,245,160,237,-85,-8,85,8,FALSE,FALSE
807,51,212,124,219,212,124,219,212,124,219,-88,7,88,7,FALSE,FALSE
807,52,195,116,200,195,116,200,195,116,200,-79,5,79,5,FALSE,FALSE
807,53,188,101,189,188,101,189,188,101,189,-87,1,87,1,FALSE,FALSE
807,54,172,91,181,172,91,181,172,91,181,-81,9,81,9,FALSE,FALSE
807,55,147,81,169,147,81,169,147,81,169,-66,22,66,22,FALSE,FALSE
807,56,135,69,161,135,69,161,135,69,161,-66,26,66,26,FALSE,FALSE
807,57,121,71,140,121,71,140,121,71,140,-50,19,50,19,FALSE,FALSE
807,58,109,66,125,109,66,125,109,66,125,-43,16,43,16,FALSE,FALSE
807,59,99,58,104,99,58,104,99,58,104,-41,5,41,5,FALSE,FALSE
807,60,96,48,92,96,48,92,96,48,92,-48,-4,48,4,FALSE,FALSE
808,0,128,128,128,128,128,128,128,128,128,0,0,0,0,TRUE,TRUE
808,1,142,141,148,142,141,148,142,141,148,-1,6,1,6,FALSE,FALSE
808,2,164,166,163,164,166,163,164,166,163,2,-1,2,1,FALSE,FALSE
808,3,199,194,195,199,194,195,199,194,195,-5,-4,5,4,FALSE,FALSE
808,4,224,235,229,224,235,229,224,235,229,11,5,11,5,FALSE,FALSE
808,5,255,284,269,255,284,269,255,284,269,29,14,29,14,FALSE,FALSE
808,6,297,324,302,297,324,302,297,324,302,27,5,27,5,FALSE,FALSE
808,7,352,376,350,352,376,350,352,376,350,24,-2,24,2,FALSE,FALSE
808,8,420,437,412,420,437,412,420,437,412,17,-8,17,8,FALSE,FALSE
808,9,479,500,452,479,500,452,479,500,452,21,-27,21,27,FALSE,FALSE
808,10,546,586,496,546,586,496,546,586,496,40,-50,40,50,FALSE,FALSE
808,11,617,648,556,617,648,556,617,648,556,31,-61,31,61,FALSE,FALSE
808,12,690,731,609,690,731,609,690,731,609,41,-81,41,81,FALSE,FALSE
808,13,791,845,694,791,845,694,791,845,694,54,-97,54,97,FALSE,FALSE
808,14,885,914,816,885,914,816,885,914,816,29,-69,29,69,FALSE,FALSE
808,15,966,1004,878,966,1004,878,966,1004,878,38,-88,38,88,FALSE,FALSE
808,16,1045,1134,961,1045,1134,961,1045,1134,961,89,-84,89,84,FALSE,FALSE
808,17,1134,1214,1039,1134,1214,1039,1134,1214,1039,80,-95,80,95,FALSE,FALSE
808,18,1193,1289,1108,1193,1289,1108,1193,1289,1108,96,-85,96,85,FALSE,FALSE
808,19,1263,1335,1158,1263,1335,1158,1263,1335,1158,72,-105,72,105,FALSE,FALSE
808,20,1332,1376,1236,1332,1376,1236,1332,1376,1236,44,-96,44,96,FALSE,FALSE
808,21,1376,1462,1256,1376,1462,1256,1376,1462,1256,86,-120,86,120,FALSE,FALSE
808,22,1428,1510,1282,1428,1510,1282,1428,1510,1282,82,-146,82,146,FALSE,FALSE
808,23,1473,1553,1318,1473,1553,1318,1473,1553,1318,80,-155,80,155,FALSE,FALSE
808,24,1477,1568,1379,1477,1568,1379,1477,1568,1379,91,-98,91,98,FALSE,FALSE
808,25,1473,1562,1396,1473,1562,1396,1473,1562,1396,89,-77,89,77,FALSE,FALSE
808,26,1495,1561,1392,1495,1561,1392,1495,1561,1392,66,-103,66,103,FALSE,FALSE
808,27,1469,1533,1368,1469,1533,1368,1469,1533,1368,64,-101,64,101,FALSE,FALSE
808,28,1450,1495,1371,1450,1495,1371,1450,1495,1371,45,-79,45,79,FALSE,FALSE
808,29,1398,1479,1398,1398,1479,1398,1398,1479,1398,81,0,81,0,FALSE,TRUE
808,30,1361,1465,1360,1361,1465,1360,1361,1465,1360,104,-1,104,1,FALSE,FALSE
808,31,1322,1405,1292,1322,1405,1292,1322,1405,1292,83,-30,83,30,FALSE,FALSE
808,32,1273,1328,1264,1273,1328,1264,1273,1328,1264,55,-9,55,9,FALSE,FALSE
808,33,1234,1253,1207,1234,1253,1207,1234,1253,1207,19,-27,19,27,FALSE,FALSE
808,34,1156,1188,1166,1156,1188,1166,1156,1188,1166,32,10,32,10,FALSE,FALSE
808,35,1113,1117,1130,1113,1117,1130,1113,1117,1130,4,17,4,17,FALSE,FALSE
808,36,1058,1069,1086,1058,1069,1086,1058,1069,1086,11,28,11,28,FALSE,FALSE
808,37,999,1007,1029,999,1007,1029,999,1007,1029,8,30,8,30,FALSE,FALSE
808,38,952,950,986,952,950,986,952,950,986,-2,34,2,34,FALSE,FALSE
808,39,901,914,924,901,914,924,901,914,924,13,23,13,23,FALSE,FALSE
808,40,864,857,867,864,857,867,864,857,867,-7,3,7,3,FALSE,FALSE
808,41,805,815,823,805,815,823,805,815,823,10,18,10,18,FALSE,FALSE
808,42,774,762,784,774,762,784,774,762,784,-12,10,12,10,FALSE,FALSE
808,43,708,716,727,708,716,727,708,716,727,8,19,8,19,FALSE,FALSE
808,44,662,668,672,662,668,672,662,668,672,6,10,6,10,FALSE,FALSE
808,45,615,605,615,615,605,615,615,605,615,-10,0,10,0,FALSE,TRUE
808,46,591,559,555,591,559,555,591,559,555,-32,-36,32,36,FALSE,FALSE
808,47,549,511,510,549,511,510,549,511,510,-38,-39,38,39,FALSE,FALSE
808,48,514,464,478,514,464,478,514,464,478,-50,-36,50,36,FALSE,FALSE
808,49,471,426,444,471,426,444,471,426,444,-45,-27,45,27,FALSE,FALSE
808,50,435,399,413,435,399,413,435,399,413,-36,-22,36,22,FALSE,FALSE
808,51,406,366,396,406,366,396,406,366,396,-40,-10,40,10,FALSE,FALSE
808,52,382,347,376,382,347,376,382,347,376,-35,-6,35,6,FALSE,FALSE
808,53,351,308,337,351,308,337,351,308,337,-43,-14,43,14,FALSE,FALSE
808,54,330,293,311,330,293,311,330,293,311,-37,-19,37,19,FALSE,FALSE
808,55,298,266,280,298,266,280,298,266,280,-32,-18,32,18,FALSE,FALSE
808,56,273,250,266,273,250,266,273,250,266,-23,-7,23,7,FALSE,FALSE
808,57,252,238,249,252,238,249,252,238,249,-14,-3,14,3,FALSE,FALSE
808,58,240,211,241,240,211,241,240,211,241,-29,1,29,1,FALSE,FALSE
808,59,216,193,230,216,193,230,216,193,230,-23,14,23,14,FALSE,FALSE
808,60,192,182,213,192,182,213,192,182,213,-10,21,10,21,FALSE,FALSE
809,0,172,172,172,172,172,172,172,172,172,0,0,0,0,TRUE,TRUE
809,1,181,171,178,181,171,178,181,171,178,-10,-3,10,3,FALSE,FALSE
809,2,181,175,188,181,175,188,181,175,188,-6,7,6,7,FALSE,FALSE
809,3,186,175,197,186,175,197,186,175,197,-11,11,11,11,FALSE,FALSE
809,4,200,176,219,200,176,219,200,176,219,-24,19,24,19,FALSE,FALSE
809,5,218,180,211,218,180,211,218,180,211,-38,-7,38,7,FALSE,FALSE
809,6,212,176,215,212,176,215,212,176,215,-36,3,36,3,FALSE,FALSE
809,7,215,177,216,215,177,216,215,177,216,-38,1,38,1,FALSE,FALSE
809,8,220,177,219,220,177,219,220,177,219,-43,-1,43,1,FALSE,FALSE
809,9,230,174,216,230,174,216,230,174,216,-56,-14,56,14,FALSE,FALSE
809,10,230,173,228,230,173,228,230,173,228,-57,-2,57,2,FALSE,FALSE
809,11,250,187,236,250,187,236,250,187,236,-63,-14,63,14,FALSE,FALSE
809,12,256,187,245,256,187,245,256,187,245,-69,-11,69,11,FALSE,FALSE
809,13,269,181,245,269,181,245,269,181,245,-88,-24,88,24,FALSE,FALSE
809,14,285,178,255,285,178,255,285,178,255,-107,-30,107,30,FALSE,FALSE
809,15,284,177,270,284,177,270,284,177,270,-107,-14,107,14,FALSE,FALSE
809,16,293,181,267,293,181,267,293,181,267,-112,-26,112,26,FALSE,FALSE
809,17,298,188,261,298,188,261,298,188,261,-110,-37,110,37,FALSE,FALSE
809,18,291,193,260,291,193,260,291,193,260,-98,-31,98,31,FALSE,FALSE
809,19,286,203,267,286,203,267,286,203,267,-83,-19,83,19,FALSE,FALSE
809,20,286,201,267,286,201,267,286,201,267,-85,-19,85,19,FALSE,FALSE
809,21,303,194,261,303,194,261,303,194,261,-109,-42,109,42,FALSE,FALSE
809,22,313,193,258,313,193,258,313,193,258,-120,-55,120,55,FALSE,FALSE
809,23,315,185,261,315,185,261,315,185,261,-130,-54,130,54,FALSE,FALSE
809,24,310,189,255,310,189,255,310,189,255,-121,-55,121,55,FALSE,FALSE
809,25,310,179,248,310,179,248,310,179,248,-131,-62,131,62,FALSE,FALSE
809,26,308,182,250,308,182,250,308,182,250,-126,-58,126,58,FALSE,FALSE
809,27,307,180,256,307,180,256,307,180,256,-127,-51,127,51,FALSE,FALSE
809,28,314,163,257,314,163,257,314,163,257,-151,-57,151,57,FALSE,FALSE
809,29,316,163,253,316,163,253,316,163,253,-153,-63,153,63,FALSE,FALSE
809,30,331,170,261,331,170,261,331,170,261,-161,-70,161,70,FALSE,FALSE
809,31,343,172,274,343,172,274,343,172,274,-171,-69,171,69,FALSE,FALSE
809,32,338,182,269,338,182,269,338,182,269,-156,-69,156,69,FALSE,FALSE
809,33,350,176,272,350,176,272,350,176,272,-174,-78,174,78,FALSE,FALSE
809,34,350,172,274,350,172,274,350,172,274,-178,-76,178,76,FALSE,FALSE
809,35,363,173,281,363,173,281,363,173,281,-190,-82,190,82,FALSE,FALSE
809,36,388,177,284,388,177,284,388,177,284,-211,-104,211,104,FALSE,FALSE
809,37,399,184,287,399,184,287,399,184,287,-215,-112,215,112,FALSE,FALSE
809,38,402,194,285,402,194,285,402,194,285,-208,-117,208,117,FALSE,FALSE
809,39,403,203,293,403,203,293,403,203,293,-200,-110,200,110,FALSE,FALSE
809,40,407,198,291,407,198,291,407,198,291,-209,-116,209,116,FALSE,FALSE
809,41,429,196,283,429,196,283,429,196,283,-233,-146,233,146,FALSE,FALSE
809,42,443,191,283,443,191,283,443,191,283,-252,-160,252,160,FALSE,FALSE
809,43,442,197,290,442,197,290,442,197,290,-245,-152,245,152,FALSE,FALSE
809,44,443,196,283,443,196,283,443,196,283,-247,-160,247,160,FALSE,FALSE
809,45,452,190,289,452,190,289,452,190,289,-262,-163,262,163,FALSE,FALSE
809,46,465,187,292,465,187,292,465,187,292,-278,-173,278,173,FALSE,FALSE
809,47,462,186,289,462,186,289,462,186,289,-276,-173,276,173,FALSE,FALSE
809,48,464,185,282,464,185,282,464,185,282,-279,-182,279,182,FALSE,FALSE
809,49,475,175,298,475,175,298,475,175,298,-300,-177,300,177,FALSE,FALSE
809,50,481,175,310,481,175,310,481,175,310,-306,-171,306,171,FALSE,FALSE
809,51,471,178,299,471,178,299,471,178,299,-293,-172,293,172,FALSE,FALSE
809,52,475,178,307,475,178,307,475,178,307,-297,-168,297,168,FALSE,FALSE
809,53,471,179,313,471,179,313,471,179,313,-292,-158,292,158,FALSE,FALSE
809,54,478,180,316,478,180,316,478,180,316,-298,-162,298,162,FALSE,FALSE
809,55,484,169,317,484,169,317,484,169,317,-315,-167,315,167,FALSE,FALSE
809,56,491,158,307,491,158,307,491,158,307,-333,-184,333,184,FALSE,FALSE
809,57,485,160,314,485,160,314,485,160,314,-325,-171,325,171,FALSE,FALSE
809,58,485,164,313,485,164,313,485,164,313,-321,-172,321,172,FALSE,FALSE
809,59,482,159,309,482,159,309,482,159,309,-323,-173,323,173,FALSE,FALSE
809,60,487,158,313,487,158,313,487,158,313,-329,-174,329,174,FALSE,FALSE
810,0,106,106,106,106,106,106,106,106,106,0,0,0,0,TRUE,TRUE
810,1,163,142,145,163,142,145,163,142,145,-21,-18,21,18,FALSE,FALSE
810,2,226,169,183,226,169,183,226,169,183,-57,-43,57,43,FALSE,FALSE
810,3,310,215,250,310,215,250,310,215,250,-95,-60,95,60,FALSE,FALSE
810,4,427,259,354,427,259,354,427,259,354,-168,-73,168,73,FALSE,FALSE
810,5,598,333,476,598,333,476,598,333,476,-265,-122,265,122,FALSE,FALSE
810,6,802,447,639,802,447,639,802,447,639,-355,-163,355,163,FALSE,FALSE
810,7,988,597,802,988,597,802,988,597,802,-391,-186,391,186,FALSE,FALSE
810,8,1218,771,1025,1218,771,1025,1218,771,1025,-447,-193,447,193,FALSE,FALSE
810,9,1436,984,1239,1436,984,1239,1436,984,1239,-452,-197,452,197,FALSE,FALSE
810,10,1690,1231,1497,1690,1231,1497,1690,1231,1497,-459,-193,459,193,FALSE,FALSE
810,11,1892,1464,1725,1892,1464,1725,1892,1464,1725,-428,-167,428,167,FALSE,FALSE
810,12,1989,1665,1867,1989,1665,1867,1989,1665,1867,-324,-122,324,122,FALSE,FALSE
810,13,2045,1861,1956,2045,1861,1956,2045,1861,1956,-184,-89,184,89,FALSE,FALSE
810,14,2000,2012,1989,2000,2012,1989,2000,2012,1989,12,-11,12,11,FALSE,FALSE
810,15,1889,2041,1940,1889,2041,1940,1889,2041,1940,152,51,152,51,FALSE,FALSE
810,16,1749,2051,1863,1749,2051,1863,1749,2051,1863,302,114,302,114,FALSE,FALSE
810,17,1581,1941,1705,1581,1941,1705,1581,1941,1705,360,124,360,124,FALSE,FALSE
810,18,1456,1807,1555,1456,1807,1555,1456,1807,1555,351,99,351,99,FALSE,FALSE
810,19,1339,1678,1416,1339,1678,1416,1339,1678,1416,339,77,339,77,FALSE,FALSE
810,20,1173,1459,1285,1173,1459,1285,1173,1459,1285,286,112,286,112,FALSE,FALSE
810,21,1045,1297,1135,1045,1297,1135,1045,1297,1135,252,90,252,90,FALSE,FALSE
810,22,897,1152,950,897,1152,950,897,1152,950,255,53,255,53,FALSE,FALSE
810,23,761,1003,814,761,1003,814,761,1003,814,242,53,242,53,FALSE,FALSE
810,24,648,851,731,648,851,731,648,851,731,203,83,203,83,FALSE,FALSE
810,25,553,763,621,553,763,621,553,763,621,210,68,210,68,FALSE,FALSE
810,26,460,656,526,460,656,526,460,656,526,196,66,196,66,FALSE,FALSE
810,27,406,555,455,406,555,455,406,555,455,149,49,149,49,FALSE,FALSE
810,28,333,468,385,333,468,385,333,468,385,135,52,135,52,FALSE,FALSE
810,29,270,399,311,270,399,311,270,399,311,129,41,129,41,FALSE,FALSE
810,30,240,328,263,240,328,263,240,328,263,88,23,88,23,FALSE,FALSE
810,31,202,273,230,202,273,230,202,273,230,71,28,71,28,FALSE,FALSE
810,32,177,213,199,177,213,199,177,213,199,36,22,36,22,FALSE,FALSE
810,33,142,178,167,142,178,167,142,178,167,36,25,36,25,FALSE,FALSE
810,34,120,140,137,120,140,137,120,140,137,20,17,20,17,FALSE,FALSE
810,35,98,119,128,98,119,128,98,119,128,21,30,21,30,FALSE,FALSE
810,36,80,98,110,80,98,110,80,98,110,18,30,18,30,FALSE,FALSE
810,37,72,84,93,72,84,93,72,84,93,12,21,12,21,FALSE,FALSE
810,38,57,72,80,57,72,80,57,72,80,15,23,15,23,FALSE,FALSE
810,39,47,58,70,47,58,70,47,58,70,11,23,11,23,FALSE,FALSE
810,40,44,50,57,44,50,57,44,50,57,6,13,6,13,FALSE,FALSE
810,41,40,44,50,40,44,50,40,44,50,4,10,4,10,FALSE,FALSE
810,42,35,31,40,35,31,40,35,31,40,-4,5,4,5,FALSE,FALSE
810,43,29,26,35,29,26,35,29,26,35,-3,6,3,6,FALSE,FALSE
810,44,28,19,30,28,19,30,28,19,30,-9,2,9,2,FALSE,FALSE
810,45,25,15,24,25,15,24,25,15,24,-10,-1,10,1,FALSE,FALSE
810,46,21,14,21,21,14,21,21,14,21,-7,0,7,0,FALSE,TRUE
810,47,17,14,16,17,14,16,17,14,16,-3,-1,3,1,FALSE,FALSE
810,48,15,14,14,15,14,14,15,14,14,-1,-1,1,1,FALSE,FALSE
810,49,14,9,12,14,9,12,14,9,12,-5,-2,5,2,FALSE,FALSE
810,50,9,7,5,9,7,5,9,7,5,-2,-4,2,4,FALSE,FALSE
810,51,8,8,4,8,8,4,8,8,4,0,-4,0,4,TRUE,FALSE
810,52,6,5,3,6,5,3,6,5,3,-1,-3,1,3,FALSE,FALSE
810,53,5,5,3,5,5,3,5,5,3,0,-2,0,2,TRUE,FALSE
810,54,3,5,2,3,5,2,3,5,2,2,-1,2,1,FALSE,FALSE
810,55,3,5,1,3,5,1,3,5,1,2,-2,2,2,FALSE,FALSE
810,56,2,5,1,2,5,1,2,5,1,3,-1,3,1,FALSE,FALSE
810,57,1,5,1,1,5,1,1,5,1,4,0,4,0,FALSE,TRUE
810,58,1,5,1,1,5,1,1,5,1,4,0,4,0,FALSE,TRUE
810,59,0,5,1,0,5,1,0,5,1,5,1,5,1,FALSE,FALSE
810,60,0,5,1,0,5,1,0,5,1,5,1,5,1,FALSE,FALSE
811,0,90,90,90,90,90,90,90,90,90,0,0,0,0,TRUE,TRUE
811,1,105,114,103,105,114,103,105,114,103,9,-2,9,2,FALSE,FALSE
811,2,116,140,129,116,140,129,116,140,129,24,13,24,13,FALSE,FALSE
811,3,133,165,157,133,165,157,133,165,157,32,24,32,24,FALSE,FALSE
811,4,154,195,189,154,195,189,154,195,189,41,35,41,35,FALSE,FALSE
811,5,181,232,225,181,232,225,181,232,225,51,44,51,44,FALSE,FALSE
811,6,200,284,262,200,284,262,200,284,262,84,62,84,62,FALSE,FALSE
811,7,226,329,309,226,329,309,226,329,309,103,83,103,83,FALSE,FALSE
811,8,262,388,373,262,388,373,262,388,373,126,111,126,111,FALSE,FALSE
811,9,291,461,446,291,461,446,291,461,446,170,155,170,155,FALSE,FALSE
811,10,326,526,531,326,526,531,326,526,531,200,205,200,205,FALSE,FALSE
811,11,386,630,636,386,630,636,386,630,636,244,250,244,250,FALSE,FALSE
811,12,447,726,750,447,726,750,447,726,750,279,303,279,303,FALSE,FALSE
811,13,531,817,867,531,817,867,531,817,867,286,336,286,336,FALSE,FALSE
811,14,587,929,1003,587,929,1003,587,929,1003,342,416,342,416,FALSE,FALSE
811,15,690,1075,1124,690,1075,1124,690,1075,1124,385,434,385,434,FALSE,FALSE
811,16,805,1229,1271,805,1229,1271,805,1229,1271,424,466,424,466,FALSE,FALSE
811,17,926,1422,1442,926,1422,1442,926,1422,1442,496,516,496,516,FALSE,FALSE
811,18,1052,1586,1621,1052,1586,1621,1052,1586,1621,534,569,534,569,FALSE,FALSE
811,19,1187,1763,1809,1187,1763,1809,1187,1763,1809,576,622,576,622,FALSE,FALSE
811,20,1319,1941,1993,1319,1941,1993,1319,1941,1993,622,674,622,674,FALSE,FALSE
811,21,1479,2071,2161,1479,2071,2161,1479,2071,2161,592,682,592,682,FALSE,FALSE
811,22,1630,2202,2307,1630,2202,2307,1630,2202,2307,572,677,572,677,FALSE,FALSE
811,23,1774,2399,2432,1774,2399,2432,1774,2399,2432,625,658,625,658,FALSE,FALSE
811,24,1985,2560,2542,1985,2560,2542,1985,2560,2542,575,557,575,557,FALSE,FALSE
811,25,2124,2655,2648,2124,2655,2648,2124,2655,2648,531,524,531,524,FALSE,FALSE
811,26,2249,2737,2718,2249,2737,2718,2249,2737,2718,488,469,488,469,FALSE,FALSE
811,27,2364,2823,2777,2364,2823,2777,2364,2823,2777,459,413,459,413,FALSE,FALSE
811,28,2494,2872,2833,2494,2872,2833,2494,2872,2833,378,339,378,339,FALSE,FALSE
811,29,2639,2920,2911,2639,2920,2911,2639,2920,2911,281,272,281,272,FALSE,FALSE
811,30,2745,2928,2912,2745,2928,2912,2745,2928,2912,183,167,183,167,FALSE,FALSE
811,31,2780,2915,2856,2780,2915,2856,2780,2915,2856,135,76,135,76,FALSE,FALSE
811,32,2823,2897,2823,2823,2897,2823,2823,2897,2823,74,0,74,0,FALSE,TRUE
811,33,2840,2847,2754,2840,2847,2754,2840,2847,2754,7,-86,7,86,FALSE,FALSE
811,34,2846,2789,2642,2846,2789,2642,2846,2789,2642,-57,-204,57,204,FALSE,FALSE
811,35,2852,2717,2566,2852,2717,2566,2852,2717,2566,-135,-286,135,286,FALSE,FALSE
811,36,2790,2619,2473,2790,2619,2473,2790,2619,2473,-171,-317,171,317,FALSE,FALSE
811,37,2756,2519,2376,2756,2519,2376,2756,2519,2376,-237,-380,237,380,FALSE,FALSE
811,38,2680,2422,2272,2680,2422,2272,2680,2422,2272,-258,-408,258,408,FALSE,FALSE
811,39,2599,2304,2150,2599,2304,2150,2599,2304,2150,-295,-449,295,449,FALSE,FALSE
811,40,2504,2205,2035,2504,2205,2035,2504,2205,2035,-299,-469,299,469,FALSE,FALSE
811,41,2408,2097,1917,2408,2097,1917,2408,2097,1917,-311,-491,311,491,FALSE,FALSE
811,42,2319,2004,1836,2319,2004,1836,2319,2004,1836,-315,-483,315,483,FALSE,FALSE
811,43,2248,1899,1746,2248,1899,1746,2248,1899,1746,-349,-502,349,502,FALSE,FALSE
811,44,2124,1800,1650,2124,1800,1650,2124,1800,1650,-324,-474,324,474,FALSE,FALSE
811,45,2044,1693,1568,2044,1693,1568,2044,1693,1568,-351,-476,351,476,FALSE,FALSE
811,46,1938,1586,1493,1938,1586,1493,1938,1586,1493,-352,-445,352,445,FALSE,FALSE
811,47,1839,1487,1418,1839,1487,1418,1839,1487,1418,-352,-421,352,421,FALSE,FALSE
811,48,1752,1404,1316,1752,1404,1316,1752,1404,1316,-348,-436,348,436,FALSE,FALSE
811,49,1618,1304,1229,1618,1304,1229,1618,1304,1229,-314,-389,314,389,FALSE,FALSE
811,50,1537,1226,1150,1537,1226,1150,1537,1226,1150,-311,-387,311,387,FALSE,FALSE
811,51,1458,1159,1062,1458,1159,1062,1458,1159,1062,-299,-396,299,396,FALSE,FALSE
811,52,1369,1096,985,1369,1096,985,1369,1096,985,-273,-384,273,384,FALSE,FALSE
811,53,1300,1028,932,1300,1028,932,1300,1028,932,-272,-368,272,368,FALSE,FALSE
811,54,1222,954,870,1222,954,870,1222,954,870,-268,-352,268,352,FALSE,FALSE
811,55,1127,886,820,1127,886,820,1127,886,820,-241,-307,241,307,FALSE,FALSE
811,56,1062,823,771,1062,823,771,1062,823,771,-239,-291,239,291,FALSE,FALSE
811,57,990,761,721,990,761,721,990,761,721,-229,-269,229,269,FALSE,FALSE
811,58,914,714,687,914,714,687,914,714,687,-200,-227,200,227,FALSE,FALSE
811,59,864,674,650,864,674,650,864,674,650,-190,-214,190,214,FALSE,FALSE
811,60,798,622,614,798,622,614,798,622,614,-176,-184,176,184,FALSE,FALSE
812,0,65,65,65,65,65,65,65,65,65,0,0,0,0,TRUE,TRUE
812,1,95,71,74,95,71,74,95,71,74,-24,-21,24,21,FALSE,FALSE
812,2,108,99,97,108,99,97,108,99,97,-9,-11,9,11,FALSE,FALSE
812,3,130,129,98,130,129,98,130,129,98,-1,-32,1,32,FALSE,FALSE
812,4,160,167,126,160,167,126,160,167,126,7,-34,7,34,FALSE,FALSE
812,5,203,185,158,203,185,158,203,185,158,-18,-45,18,45,FALSE,FALSE
812,6,235,224,172,235,224,172,235,224,172,-11,-63,11,63,FALSE,FALSE
812,7,276,280,208,276,280,208,276,280,208,4,-68,4,68,FALSE,FALSE
812,8,347,339,256,347,339,256,347,339,256,-8,-91,8,91,FALSE,FALSE
812,9,408,419,288,408,419,288,408,419,288,11,-120,11,120,FALSE,FALSE
812,10,471,483,343,471,483,343,471,483,343,12,-128,12,128,FALSE,FALSE
812,11,532,562,371,532,562,371,532,562,371,30,-161,30,161,FALSE,FALSE
812,12,606,634,426,606,634,426,606,634,426,28,-180,28,180,FALSE,FALSE
812,13,646,650,520,646,650,520,646,650,520,4,-126,4,126,FALSE,FALSE
812,14,750,696,603,750,696,603,750,696,603,-54,-147,54,147,FALSE,FALSE
812,15,821,742,675,821,742,675,821,742,675,-79,-146,79,146,FALSE,FALSE
812,16,882,815,743,882,815,743,882,815,743,-67,-139,67,139,FALSE,FALSE
812,17,968,881,802,968,881,802,968,881,802,-87,-166,87,166,FALSE,FALSE
812,18,1010,928,824,1010,928,824,1010,928,824,-82,-186,82,186,FALSE,FALSE
812,19,1068,998,899,1068,998,899,1068,998,899,-70,-169,70,169,FALSE,FALSE
812,20,1079,1012,967,1079,1012,967,1079,1012,967,-67,-112,67,112,FALSE,FALSE
812,21,1069,1015,1003,1069,1015,1003,1069,1015,1003,-54,-66,54,66,FALSE,FALSE
812,22,1062,1020,1012,1062,1020,1012,1062,1020,1012,-42,-50,42,50,FALSE,FALSE
812,23,1053,994,1042,1053,994,1042,1053,994,1042,-59,-11,59,11,FALSE,FALSE
812,24,1004,975,1051,1004,975,1051,1004,975,1051,-29,47,29,47,FALSE,FALSE
812,25,958,906,1049,958,906,1049,958,906,1049,-52,91,52,91,FALSE,FALSE
812,26,913,849,1024,913,849,1024,913,849,1024,-64,111,64,111,FALSE,FALSE
812,27,897,766,988,897,766,988,897,766,988,-131,91,131,91,FALSE,FALSE
812,28,817,731,948,817,731,948,817,731,948,-86,131,86,131,FALSE,FALSE
812,29,748,712,908,748,712,908,748,712,908,-36,160,36,160,FALSE,FALSE
812,30,699,646,873,699,646,873,699,646,873,-53,174,53,174,FALSE,FALSE
812,31,659,597,807,659,597,807,659,597,807,-62,148,62,148,FALSE,FALSE
812,32,576,558,730,576,558,730,576,558,730,-18,154,18,154,FALSE,FALSE
812,33,504,502,685,504,502,685,504,502,685,-2,181,2,181,FALSE,FALSE
812,34,458,456,602,458,456,602,458,456,602,-2,144,2,144,FALSE,FALSE
812,35,421,426,545,421,426,545,421,426,545,5,124,5,124,FALSE,FALSE
812,36,352,385,480,352,385,480,352,385,480,33,128,33,128,FALSE,FALSE
812,37,309,335,438,309,335,438,309,335,438,26,129,26,129,FALSE,FALSE
812,38,275,311,391,275,311,391,275,311,391,36,116,36,116,FALSE,FALSE
812,39,244,268,339,244,268,339,244,268,339,24,95,24,95,FALSE,FALSE
812,40,225,228,293,225,228,293,225,228,293,3,68,3,68,FALSE,FALSE
812,41,195,212,256,195,212,256,195,212,256,17,61,17,61,FALSE,FALSE
812,42,172,190,226,172,190,226,172,190,226,18,54,18,54,FALSE,FALSE
812,43,155,173,193,155,173,193,155,173,193,18,38,18,38,FALSE,FALSE
812,44,133,157,169,133,157,169,133,157,169,24,36,24,36,FALSE,FALSE
812,45,118,131,146,118,131,146,118,131,146,13,28,13,28,FALSE,FALSE
812,46,101,121,139,101,121,139,101,121,139,20,38,20,38,FALSE,FALSE
812,47,90,102,116,90,102,116,90,102,116,12,26,12,26,FALSE,FALSE
812,48,76,93,103,76,93,103,76,93,103,17,27,17,27,FALSE,FALSE
812,49,55,75,94,55,75,94,55,75,94,20,39,20,39,FALSE,FALSE
812,50,43,64,81,43,64,81,43,64,81,21,38,21,38,FALSE,FALSE
812,51,40,55,73,40,55,73,40,55,73,15,33,15,33,FALSE,FALSE
812,52,32,49,64,32,49,64,32,49,64,17,32,17,32,FALSE,FALSE
812,53,23,45,60,23,45,60,23,45,60,22,37,22,37,FALSE,FALSE
812,54,22,33,55,22,33,55,22,33,55,11,33,11,33,FALSE,FALSE
812,55,24,29,51,24,29,51,24,29,51,5,27,5,27,FALSE,FALSE
812,56,20,24,39,20,24,39,20,24,39,4,19,4,19,FALSE,FALSE
812,57,17,22,34,17,22,34,17,22,34,5,17,5,17,FALSE,FALSE
812,58,17,21,27,17,21,27,17,21,27,4,10,4,10,FALSE,FALSE
812,59,14,21,20,14,21,20,14,21,20,7,6,7,6,FALSE,FALSE
812,60,15,23,16,15,23,16,15,23,16,8,1,8,1,FALSE,FALSE
813,0,101,101,101,101,101,101,101,101,101,0,0,0,0,TRUE,TRUE
813,1,161,162,166,161,162,166,161,162,166,1,5,1,5,FALSE,FALSE
813,2,258,257,266,258,257,266,258,257,266,-1,8,1,8,FALSE,FALSE
813,3,389,396,409,389,396,409,389,396,409,7,20,7,20,FALSE,FALSE
813,4,557,605,623,557,605,623,557,605,623,48,66,48,66,FALSE,FALSE
813,5,825,872,931,825,872,931,825,872,931,47,106,47,106,FALSE,FALSE
813,6,1183,1222,1277,1183,1222,1277,1183,1222,1277,39,94,39,94,FALSE,FALSE
813,7,1560,1614,1706,1560,1614,1706,1560,1614,1706,54,146,54,146,FALSE,FALSE
813,8,1935,2017,2101,1935,2017,2101,1935,2017,2101,82,166,82,166,FALSE,FALSE
813,9,2250,2312,2393,2250,2312,2393,2250,2312,2393,62,143,62,143,FALSE,FALSE
813,10,2411,2413,2548,2411,2413,2548,2411,2413,2548,2,137,2,137,FALSE,FALSE
813,11,2412,2412,2463,2412,2412,2463,2412,2412,2463,0,51,0,51,TRUE,FALSE
813,12,2283,2290,2250,2283,2290,2250,2283,2290,2250,7,-33,7,33,FALSE,FALSE
813,13,2049,2031,1981,2049,2031,1981,2049,2031,1981,-18,-68,18,68,FALSE,FALSE
813,14,1793,1780,1735,1793,1780,1735,1793,1780,1735,-13,-58,13,58,FALSE,FALSE
813,15,1538,1584,1502,1538,1584,1502,1538,1584,1502,46,-36,46,36,FALSE,FALSE
813,16,1268,1348,1220,1268,1348,1220,1268,1348,1220,80,-48,80,48,FALSE,FALSE
813,17,1051,1144,1026,1051,1144,1026,1051,1144,1026,93,-25,93,25,FALSE,FALSE
813,18,863,944,820,863,944,820,863,944,820,81,-43,81,43,FALSE,FALSE
813,19,706,787,669,706,787,669,706,787,669,81,-37,81,37,FALSE,FALSE
813,20,599,644,550,599,644,550,599,644,550,45,-49,45,49,FALSE,FALSE
813,21,477,522,423,477,522,423,477,522,423,45,-54,45,54,FALSE,FALSE
813,22,396,416,332,396,416,332,396,416,332,20,-64,20,64,FALSE,FALSE
813,23,333,347,268,333,347,268,333,347,268,14,-65,14,65,FALSE,FALSE
813,24,275,277,211,275,277,211,275,277,211,2,-64,2,64,FALSE,FALSE
813,25,212,230,174,212,230,174,212,230,174,18,-38,18,38,FALSE,FALSE
813,26,165,185,132,165,185,132,165,185,132,20,-33,20,33,FALSE,FALSE
813,27,129,142,109,129,142,109,129,142,109,13,-20,13,20,FALSE,FALSE
813,28,105,106,84,105,106,84,105,106,84,1,-21,1,21,FALSE,FALSE
813,29,90,80,65,90,80,65,90,80,65,-10,-25,10,25,FALSE,FALSE
813,30,77,70,52,77,70,52,77,70,52,-7,-25,7,25,FALSE,FALSE
813,31,62,66,40,62,66,40,62,66,40,4,-22,4,22,FALSE,FALSE
813,32,47,54,32,47,54,32,47,54,32,7,-15,7,15,FALSE,FALSE
813,33,38,45,23,38,45,23,38,45,23,7,-15,7,15,FALSE,FALSE
813,34,33,41,18,33,41,18,33,41,18,8,-15,8,15,FALSE,FALSE
813,35,27,38,15,27,38,15,27,38,15,11,-12,11,12,FALSE,FALSE
813,36,21,27,12,21,27,12,21,27,12,6,-9,6,9,FALSE,FALSE
813,37,15,22,12,15,22,12,15,22,12,7,-3,7,3,FALSE,FALSE
813,38,10,15,11,10,15,11,10,15,11,5,1,5,1,FALSE,FALSE
813,39,8,13,10,8,13,10,8,13,10,5,2,5,2,FALSE,FALSE
813,40,7,11,9,7,11,9,7,11,9,4,2,4,2,FALSE,FALSE
813,41,5,7,6,5,7,6,5,7,6,2,1,2,1,FALSE,FALSE
813,42,4,6,5,4,6,5,4,6,5,2,1,2,1,FALSE,FALSE
813,43,1,4,5,1,4,5,1,4,5,3,4,3,4,FALSE,FALSE
813,44,1,3,5,1,3,5,1,3,5,2,4,2,4,FALSE,FALSE
813,45,1,3,5,1,3,5,1,3,5,2,4,2,4,FALSE,FALSE
813,46,0,3,5,0,3,5,0,3,5,3,5,3,5,FALSE,FALSE
813,47,0,3,5,0,3,5,0,3,5,3,5,3,5,FALSE,FALSE
813,48,0,4,4,0,4,4,0,4,4,4,4,4,4,FALSE,FALSE
813,49,0,4,3,0,4,3,0,4,3,4,3,4,3,FALSE,FALSE
813,50,0,3,2,0,3,2,0,3,2,3,2,3,2,FALSE,FALSE
813,51,0,4,2,0,4,2,0,4,2,4,2,4,2,FALSE,FALSE
813,52,0,3,2,0,3,2,0,3,2,3,2,3,2,FALSE,FALSE
813,53,0,2,2,0,2,2,0,2,2,2,2,2,2,FALSE,FALSE
813,54,0,2,2,0,2,2,0,2,2,2,2,2,2,FALSE,FALSE
813,55,0,2,0,0,2,0,0,2,0,2,0,2,0,FALSE,TRUE
813,56,0,0,0,0,0,0,0,0,0,0,0,0,0,TRUE,TRUE
813,57,0,0,0,0,0,0,0,0,0,0,0,0,0,TRUE,TRUE
813,58,0,0,0,0,0,0,0,0,0,0,0,0,0,TRUE,TRUE
813,59,0,0,0,0,0,0,0,0,0,0,0,0,0,TRUE,TRUE
813,60,0,0,0,0,0,0,0,0,0,0,0,0,0,TRUE,TRUE
814,0,156,156,156,156,156,156,156,156,156,0,0,0,0,TRUE,TRUE
814,1,179,198,183,179,198,183,179,198,183,19,4,19,4,FALSE,FALSE
814,2,223,270,219,223,270,219,223,270,219,47,-4,47,4,FALSE,FALSE
814,3,264,348,266,264,348,266,264,348,266,84,2,84,2,FALSE,FALSE
814,4,317,452,326,317,452,326,317,452,326,135,9,135,9,FALSE,FALSE
814,5,390,573,416,390,573,416,390,573,416,183,26,183,26,FALSE,FALSE
814,6,470,722,525,470,722,525,470,722,525,252,55,252,55,FALSE,FALSE
814,7,565,909,661,565,909,661,565,909,661,344,96,344,96,FALSE,FALSE
814,8,680,1104,790,680,1104,790,680,1104,790,424,110,424,110,FALSE,FALSE
814,9,810,1323,957,810,1323,957,810,1323,957,513,147,513,147,FALSE,FALSE
814,10,980,1557,1132,980,1557,1132,980,1557,1132,577,152,577,152,FALSE,FALSE
814,11,1111,1783,1308,1111,1783,1308,1111,1783,1308,672,197,672,197,FALSE,FALSE
814,12,1287,1987,1509,1287,1987,1509,1287,1987,1509,700,222,700,222,FALSE,FALSE
814,13,1491,2236,1732,1491,2236,1732,1491,2236,1732,745,241,745,241,FALSE,FALSE
814,14,1691,2435,1957,1691,2435,1957,1691,2435,1957,744,266,744,266,FALSE,FALSE
814,15,1913,2570,2121,1913,2570,2121,1913,2570,2121,657,208,657,208,FALSE,FALSE
814,16,2093,2671,2290,2093,2671,2290,2093,2671,2290,578,197,578,197,FALSE,FALSE
814,17,2229,2763,2443,2229,2763,2443,2229,2763,2443,534,214,534,214,FALSE,FALSE
814,18,2376,2804,2530,2376,2804,2530,2376,2804,2530,428,154,428,154,FALSE,FALSE
814,19,2461,2801,2610,2461,2801,2610,2461,2801,2610,340,149,340,149,FALSE,FALSE
814,20,2538,2722,2630,2538,2722,2630,2538,2722,2630,184,92,184,92,FALSE,FALSE
814,21,2610,2686,2627,2610,2686,2627,2610,2686,2627,76,17,76,17,FALSE,FALSE
814,22,2626,2596,2633,2626,2596,2633,2626,2596,2633,-30,7,30,7,FALSE,FALSE
814,23,2589,2475,2547,2589,2475,2547,2589,2475,2547,-114,-42,114,42,FALSE,FALSE
814,24,2543,2243,2450,2543,2243,2450,2543,2243,2450,-300,-93,300,93,FALSE,FALSE
814,25,2417,2073,2362,2417,2073,2362,2417,2073,2362,-344,-55,344,55,FALSE,FALSE
814,26,2306,1920,2220,2306,1920,2220,2306,1920,2220,-386,-86,386,86,FALSE,FALSE
814,27,2205,1809,2070,2205,1809,2070,2205,1809,2070,-396,-135,396,135,FALSE,FALSE
814,28,2071,1676,1952,2071,1676,1952,2071,1676,1952,-395,-119,395,119,FALSE,FALSE
814,29,1975,1519,1840,1975,1519,1840,1975,1519,1840,-456,-135,456,135,FALSE,FALSE
814,30,1843,1372,1728,1843,1372,1728,1843,1372,1728,-471,-115,471,115,FALSE,FALSE
814,31,1709,1251,1593,1709,1251,1593,1709,1251,1593,-458,-116,458,116,FALSE,FALSE
814,32,1570,1152,1495,1570,1152,1495,1570,1152,1495,-418,-75,418,75,FALSE,FALSE
814,33,1451,1070,1386,1451,1070,1386,1451,1070,1386,-381,-65,381,65,FALSE,FALSE
814,34,1347,973,1275,1347,973,1275,1347,973,1275,-374,-72,374,72,FALSE,FALSE
814,35,1234,862,1180,1234,862,1180,1234,862,1180,-372,-54,372,54,FALSE,FALSE
814,36,1143,757,1084,1143,757,1084,1143,757,1084,-386,-59,386,59,FALSE,FALSE
814,37,1055,684,989,1055,684,989,1055,684,989,-371,-66,371,66,FALSE,FALSE
814,38,955,602,892,955,602,892,955,602,892,-353,-63,353,63,FALSE,FALSE
814,39,872,539,800,872,539,800,872,539,800,-333,-72,333,72,FALSE,FALSE
814,40,788,492,745,788,492,745,788,492,745,-296,-43,296,43,FALSE,FALSE
814,41,722,440,668,722,440,668,722,440,668,-282,-54,282,54,FALSE,FALSE
814,42,647,400,594,647,400,594,647,400,594,-247,-53,247,53,FALSE,FALSE
814,43,564,357,529,564,357,529,564,357,529,-207,-35,207,35,FALSE,FALSE
814,44,505,322,473,505,322,473,505,322,473,-183,-32,183,32,FALSE,FALSE
814,45,447,299,436,447,299,436,447,299,436,-148,-11,148,11,FALSE,FALSE
814,46,393,273,390,393,273,390,393,273,390,-120,-3,120,3,FALSE,FALSE
814,47,370,245,341,370,245,341,370,245,341,-125,-29,125,29,FALSE,FALSE
814,48,330,216,315,330,216,315,330,216,315,-114,-15,114,15,FALSE,FALSE
814,49,298,194,285,298,194,285,298,194,285,-104,-13,104,13,FALSE,FALSE
814,50,271,171,259,271,171,259,271,171,259,-100,-12,100,12,FALSE,FALSE
814,51,242,157,234,242,157,234,242,157,234,-85,-8,85,8,FALSE,FALSE
814,52,216,138,215,216,138,215,216,138,215,-78,-1,78,1,FALSE,FALSE
814,53,193,126,197,193,126,197,193,126,197,-67,4,67,4,FALSE,FALSE
814,54,176,113,170,176,113,170,176,113,170,-63,-6,63,6,FALSE,FALSE
814,55,162,106,147,162,106,147,162,106,147,-56,-15,56,15,FALSE,FALSE
814,56,146,91,130,146,91,130,146,91,130,-55,-16,55,16,FALSE,FALSE
814,57,128,83,123,128,83,123,128,83,123,-45,-5,45,5,FALSE,FALSE
814,58,110,76,114,110,76,114,110,76,114,-34,4,34,4,FALSE,FALSE
814,59,106,69,96,106,69,96,106,69,96,-37,-10,37,10,FALSE,FALSE
814,60,96,64,90,96,64,90,96,64,90,-32,-6,32,6,FALSE,FALSE
815,0,108,108,108,108,108,108,108,108,108,0,0,0,0,TRUE,TRUE
815,1,125,128,124,125,128,124,125,128,124,3,-1,3,1,FALSE,FALSE
815,2,141,136,139,141,136,139,141,136,139,-5,-2,5,2,FALSE,FALSE
815,3,151,156,157,151,156,157,151,156,157,5,6,5,6,FALSE,FALSE
815,4,172,177,175,172,177,175,172,177,175,5,3,5,3,FALSE,FALSE
815,5,192,213,205,192,213,205,192,213,205,21,13,21,13,FALSE,FALSE
815,6,225,234,234,225,234,234,225,234,234,9,9,9,9,FALSE,FALSE
815,7,240,269,266,240,269,266,240,269,266,29,26,29,26,FALSE,FALSE
815,8,270,280,312,270,280,312,270,280,312,10,42,10,42,FALSE,FALSE
815,9,308,316,338,308,316,338,308,316,338,8,30,8,30,FALSE,FALSE
815,10,335,342,396,335,342,396,335,342,396,7,61,7,61,FALSE,FALSE
815,11,361,365,438,361,365,438,361,365,438,4,77,4,77,FALSE,FALSE
815,12,413,385,500,413,385,500,413,385,500,-28,87,28,87,FALSE,FALSE
815,13,460,427,544,460,427,544,460,427,544,-33,84,33,84,FALSE,FALSE
815,14,516,452,599,516,452,599,516,452,599,-64,83,64,83,FALSE,FALSE
815,15,538,495,676,538,495,676,538,495,676,-43,138,43,138,FALSE,FALSE
815,16,575,532,755,575,532,755,575,532,755,-43,180,43,180,FALSE,FALSE
815,17,634,577,814,634,577,814,634,577,814,-57,180,57,180,FALSE,FALSE
815,18,696,632,894,696,632,894,696,632,894,-64,198,64,198,FALSE,FALSE
815,19,735,692,960,735,692,960,735,692,960,-43,225,43,225,FALSE,FALSE
815,20,802,767,1038,802,767,1038,802,767,1038,-35,236,35,236,FALSE,FALSE
815,21,865,833,1092,865,833,1092,865,833,1092,-32,227,32,227,FALSE,FALSE
815,22,920,907,1148,920,907,1148,920,907,1148,-13,228,13,228,FALSE,FALSE
815,23,987,970,1205,987,970,1205,987,970,1205,-17,218,17,218,FALSE,FALSE
815,24,1021,1051,1288,1021,1051,1288,1021,1051,1288,30,267,30,267,FALSE,FALSE
815,25,1064,1116,1349,1064,1116,1349,1064,1116,1349,52,285,52,285,FALSE,FALSE
815,26,1129,1176,1423,1129,1176,1423,1129,1176,1423,47,294,47,294,FALSE,FALSE
815,27,1167,1205,1465,1167,1205,1465,1167,1205,1465,38,298,38,298,FALSE,FALSE
815,28,1210,1260,1509,1210,1260,1509,1210,1260,1509,50,299,50,299,FALSE,FALSE
815,29,1269,1324,1568,1269,1324,1568,1269,1324,1568,55,299,55,299,FALSE,FALSE
815,30,1301,1362,1609,1301,1362,1609,1301,1362,1609,61,308,61,308,FALSE,FALSE
815,31,1338,1381,1636,1338,1381,1636,1338,1381,1636,43,298,43,298,FALSE,FALSE
815,32,1371,1421,1629,1371,1421,1629,1371,1421,1629,50,258,50,258,FALSE,FALSE
815,33,1417,1465,1601,1417,1465,1601,1417,1465,1601,48,184,48,184,FALSE,FALSE
815,34,1444,1484,1613,1444,1484,1613,1444,1484,1613,40,169,40,169,FALSE,FALSE
815,35,1466,1495,1569,1466,1495,1569,1466,1495,1569,29,103,29,103,FALSE,FALSE
815,36,1476,1497,1571,1476,1497,1571,1476,1497,1571,21,95,21,95,FALSE,FALSE
815,37,1453,1464,1528,1453,1464,1528,1453,1464,1528,11,75,11,75,FALSE,FALSE
815,38,1430,1445,1492,1430,1445,1492,1430,1445,1492,15,62,15,62,FALSE,FALSE
815,39,1400,1426,1467,1400,1426,1467,1400,1426,1467,26,67,26,67,FALSE,FALSE
815,40,1374,1414,1450,1374,1414,1450,1374,1414,1450,40,76,40,76,FALSE,FALSE
815,41,1370,1384,1407,1370,1384,1407,1370,1384,1407,14,37,14,37,FALSE,FALSE
815,42,1350,1335,1382,1350,1335,1382,1350,1335,1382,-15,32,15,32,FALSE,FALSE
815,43,1278,1306,1328,1278,1306,1328,1278,1306,1328,28,50,28,50,FALSE,FALSE
815,44,1248,1271,1270,1248,1271,1270,1248,1271,1270,23,22,23,22,FALSE,FALSE
815,45,1214,1229,1234,1214,1229,1234,1214,1229,1234,15,20,15,20,FALSE,FALSE
815,46,1172,1200,1194,1172,1200,1194,1172,1200,1194,28,22,28,22,FALSE,FALSE
815,47,1146,1171,1139,1146,1171,1139,1146,1171,1139,25,-7,25,7,FALSE,FALSE
815,48,1104,1141,1090,1104,1141,1090,1104,1141,1090,37,-14,37,14,FALSE,FALSE
815,49,1058,1103,1053,1058,1103,1053,1058,1103,1053,45,-5,45,5,FALSE,FALSE
815,50,1000,1057,988,1000,1057,988,1000,1057,988,57,-12,57,12,FALSE,FALSE
815,51,964,1009,956,964,1009,956,964,1009,956,45,-8,45,8,FALSE,FALSE
815,52,938,954,924,938,954,924,938,954,924,16,-14,16,14,FALSE,FALSE
815,53,887,928,864,887,928,864,887,928,864,41,-23,41,23,FALSE,FALSE
815,54,860,892,823,860,892,823,860,892,823,32,-37,32,37,FALSE,FALSE
815,55,829,859,771,829,859,771,829,859,771,30,-58,30,58,FALSE,FALSE
815,56,795,805,722,795,805,722,795,805,722,10,-73,10,73,FALSE,FALSE
815,57,757,751,691,757,751,691,757,751,691,-6,-66,6,66,FALSE,FALSE
815,58,718,703,633,718,703,633,718,703,633,-15,-85,15,85,FALSE,FALSE
815,59,680,674,602,680,674,602,680,674,602,-6,-78,6,78,FALSE,FALSE
815,60,654,650,542,654,650,542,654,650,542,-4,-112,4,112,FALSE,FALSE
816,0,67,67,67,67,67,67,67,67,67,0,0,0,0,TRUE,TRUE
816,1,94,97,93,94,97,93,94,97,93,3,-1,3,1,FALSE,FALSE
816,2,162,143,139,162,143,139,162,143,139,-19,-23,19,23,FALSE,FALSE
816,3,237,242,204,237,242,204,237,242,204,5,-33,5,33,FALSE,FALSE
816,4,346,337,301,346,337,301,346,337,301,-9,-45,9,45,FALSE,FALSE
816,5,506,463,428,506,463,428,506,463,428,-43,-78,43,78,FALSE,FALSE
816,6,704,659,584,704,659,584,704,659,584,-45,-120,45,120,FALSE,FALSE
816,7,991,918,810,991,918,810,991,918,810,-73,-181,73,181,FALSE,FALSE
816,8,1323,1197,1098,1323,1197,1098,1323,1197,1098,-126,-225,126,225,FALSE,FALSE
816,9,1750,1569,1496,1750,1569,1496,1750,1569,1496,-181,-254,181,254,FALSE,FALSE
816,10,2214,2025,1922,2214,2025,1922,2214,2025,1922,-189,-292,189,292,FALSE,FALSE
816,11,2689,2537,2364,2689,2537,2364,2689,2537,2364,-152,-325,152,325,FALSE,FALSE
816,12,3125,2935,2843,3125,2935,2843,3125,2935,2843,-190,-282,190,282,FALSE,FALSE
816,13,3394,3206,3212,3394,3206,3212,3394,3206,3212,-188,-182,188,182,FALSE,FALSE
816,14,3496,3398,3402,3496,3398,3402,3496,3398,3402,-98,-94,98,94,FALSE,FALSE
816,15,3527,3415,3505,3527,3415,3505,3527,3415,3505,-112,-22,112,22,FALSE,FALSE
816,16,3344,3386,3468,3344,3386,3468,3344,3386,3468,42,124,42,124,FALSE,FALSE
816,17,3163,3249,3324,3163,3249,3324,3163,3249,3324,86,161,86,161,FALSE,FALSE
816,18,2953,3054,3104,2953,3054,3104,2953,3054,3104,101,151,101,151,FALSE,FALSE
816,19,2679,2776,2829,2679,2776,2829,2679,2776,2829,97,150,97,150,FALSE,FALSE
816,20,2390,2504,2544,2390,2504,2544,2390,2504,2544,114,154,114,154,FALSE,FALSE
816,21,2120,2228,2240,2120,2228,2240,2120,2228,2240,108,120,108,120,FALSE,FALSE
816,22,1866,1987,1987,1866,1987,1987,1866,1987,1987,121,121,121,121,FALSE,FALSE
816,23,1641,1745,1767,1641,1745,1767,1641,1745,1767,104,126,104,126,FALSE,FALSE
816,24,1410,1524,1539,1410,1524,1539,1410,1524,1539,114,129,114,129,FALSE,FALSE
816,25,1183,1361,1314,1183,1361,1314,1183,1361,1314,178,131,178,131,FALSE,FALSE
816,26,1027,1175,1120,1027,1175,1120,1027,1175,1120,148,93,148,93,FALSE,FALSE
816,27,839,997,974,839,997,974,839,997,974,158,135,158,135,FALSE,FALSE
816,28,720,879,834,720,879,834,720,879,834,159,114,159,114,FALSE,FALSE
816,29,615,748,715,615,748,715,615,748,715,133,100,133,100,FALSE,FALSE
816,30,501,648,622,501,648,622,501,648,622,147,121,147,121,FALSE,FALSE
816,31,414,535,535,414,535,535,414,535,535,121,121,121,121,FALSE,FALSE
816,32,353,450,462,353,450,462,353,450,462,97,109,97,109,FALSE,FALSE
816,33,308,382,378,308,382,378,308,382,378,74,70,74,70,FALSE,FALSE
816,34,267,322,322,267,322,322,267,322,322,55,55,55,55,FALSE,FALSE
816,35,221,265,266,221,265,266,221,265,266,44,45,44,45,FALSE,FALSE
816,36,187,226,224,187,226,224,187,226,224,39,37,39,37,FALSE,FALSE
816,37,172,195,186,172,195,186,172,195,186,23,14,23,14,FALSE,FALSE
816,38,152,167,159,152,167,159,152,167,159,15,7,15,7,FALSE,FALSE
816,39,133,146,141,133,146,141,133,146,141,13,8,13,8,FALSE,FALSE
816,40,109,128,118,109,128,118,109,128,118,19,9,19,9,FALSE,FALSE
816,41,90,112,106,90,112,106,90,112,106,22,16,22,16,FALSE,FALSE
816,42,73,86,96,73,86,96,73,86,96,13,23,13,23,FALSE,FALSE
816,43,68,76,80,68,76,80,68,76,80,8,12,8,12,FALSE,FALSE
816,44,56,66,64,56,66,64,56,66,64,10,8,10,8,FALSE,FALSE
816,45,48,59,50,48,59,50,48,59,50,11,2,11,2,FALSE,FALSE
816,46,37,50,44,37,50,44,37,50,44,13,7,13,7,FALSE,FALSE
816,47,30,42,41,30,42,41,30,42,41,12,11,12,11,FALSE,FALSE
816,48,25,36,33,25,36,33,25,36,33,11,8,11,8,FALSE,FALSE
816,49,21,31,26,21,31,26,21,31,26,10,5,10,5,FALSE,FALSE
816,50,22,25,25,22,25,25,22,25,25,3,3,3,3,FALSE,FALSE
816,51,22,21,19,22,21,19,22,21,19,-1,-3,1,3,FALSE,FALSE
816,52,21,19,18,21,19,18,21,19,18,-2,-3,2,3,FALSE,FALSE
816,53,18,19,16,18,19,16,18,19,16,1,-2,1,2,FALSE,FALSE
816,54,15,17,15,15,17,15,15,17,15,2,0,2,0,FALSE,TRUE
816,55,12,14,11,12,14,11,12,14,11,2,-1,2,1,FALSE,FALSE
816,56,10,11,10,10,11,10,10,11,10,1,0,1,0,FALSE,TRUE
816,57,9,7,8,9,7,8,9,7,8,-2,-1,2,1,FALSE,FALSE
816,58,8,7,6,8,7,6,8,7,6,-1,-2,1,2,FALSE,FALSE
816,59,8,5,6,8,5,6,8,5,6,-3,-2,3,2,FALSE,FALSE
816,60,8,4,3,8,4,3,8,4,3,-4,-5,4,5,FALSE,FALSE
817,0,48,48,48,48,48,48,48,48,48,0,0,0,0,TRUE,TRUE
817,1,63,55,60,63,55,60,63,55,60,-8,-3,8,3,FALSE,FALSE
817,2,71,72,69,71,72,69,71,72,69,1,-2,1,2,FALSE,FALSE
817,3,93,78,93,93,78,93,93,78,93,-15,0,15,0,FALSE,TRUE
817,4,102,98,104,102,98,104,102,98,104,-4,2,4,2,FALSE,FALSE
817,5,117,113,112,117,113,112,117,113,112,-4,-5,4,5,FALSE,FALSE
817,6,146,132,134,146,132,134,146,132,134,-14,-12,14,12,FALSE,FALSE
817,7,163,146,144,163,146,144,163,146,144,-17,-19,17,19,FALSE,FALSE
817,8,180,183,164,180,183,164,180,183,164,3,-16,3,16,FALSE,FALSE
817,9,217,203,193,217,203,193,217,203,193,-14,-24,14,24,FALSE,FALSE
817,10,271,242,233,271,242,233,271,242,233,-29,-38,29,38,FALSE,FALSE
817,11,334,262,281,334,262,281,334,262,281,-72,-53,72,53,FALSE,FALSE
817,12,394,301,317,394,301,317,394,301,317,-93,-77,93,77,FALSE,FALSE
817,13,456,356,366,456,356,366,456,356,366,-100,-90,100,90,FALSE,FALSE
817,14,512,396,418,512,396,418,512,396,418,-116,-94,116,94,FALSE,FALSE
817,15,570,450,474,570,450,474,570,450,474,-120,-96,120,96,FALSE,FALSE
817,16,641,503,529,641,503,529,641,503,529,-138,-112,138,112,FALSE,FALSE
817,17,729,565,559,729,565,559,729,565,559,-164,-170,164,170,FALSE,FALSE
817,18,778,592,621,778,592,621,778,592,621,-186,-157,186,157,FALSE,FALSE
817,19,836,633,677,836,633,677,836,633,677,-203,-159,203,159,FALSE,FALSE
817,20,882,692,731,882,692,731,882,692,731,-190,-151,190,151,FALSE,FALSE
817,21,911,741,778,911,741,778,911,741,778,-170,-133,170,133,FALSE,FALSE
817,22,972,817,820,972,817,820,972,817,820,-155,-152,155,152,FALSE,FALSE
817,23,1004,882,884,1004,882,884,1004,882,884,-122,-120,122,120,FALSE,FALSE
817,24,1028,937,950,1028,937,950,1028,937,950,-91,-78,91,78,FALSE,FALSE
817,25,1050,965,987,1050,965,987,1050,965,987,-85,-63,85,63,FALSE,FALSE
817,26,1068,995,1004,1068,995,1004,1068,995,1004,-73,-64,73,64,FALSE,FALSE
817,27,1069,1003,1017,1069,1003,1017,1069,1003,1017,-66,-52,66,52,FALSE,FALSE
817,28,1046,1027,1010,1046,1027,1010,1046,1027,1010,-19,-36,19,36,FALSE,FALSE
817,29,998,995,983,998,995,983,998,995,983,-3,-15,3,15,FALSE,FALSE
817,30,968,951,948,968,951,948,968,951,948,-17,-20,17,20,FALSE,FALSE
817,31,948,941,916,948,941,916,948,941,916,-7,-32,7,32,FALSE,FALSE
817,32,906,911,886,906,911,886,906,911,886,5,-20,5,20,FALSE,FALSE
817,33,874,889,837,874,889,837,874,889,837,15,-37,15,37,FALSE,FALSE
817,34,814,821,799,814,821,799,814,821,799,7,-15,7,15,FALSE,FALSE
817,35,752,787,795,752,787,795,752,787,795,35,43,35,43,FALSE,FALSE
817,36,683,773,741,683,773,741,683,773,741,90,58,90,58,FALSE,FALSE
817,37,615,689,694,615,689,694,615,689,694,74,79,74,79,FALSE,FALSE
817,38,541,658,627,541,658,627,541,658,627,117,86,117,86,FALSE,FALSE
817,39,506,602,586,506,602,586,506,602,586,96,80,96,80,FALSE,FALSE
817,40,474,538,552,474,538,552,474,538,552,64,78,64,78,FALSE,FALSE
817,41,438,478,512,438,478,512,438,478,512,40,74,40,74,FALSE,FALSE
817,42,398,451,462,398,451,462,398,451,462,53,64,53,64,FALSE,FALSE
817,43,357,418,428,357,418,428,357,418,428,61,71,61,71,FALSE,FALSE
817,44,317,384,381,317,384,381,317,384,381,67,64,67,64,FALSE,FALSE
817,45,289,356,333,289,356,333,289,356,333,67,44,67,44,FALSE,FALSE
817,46,253,314,314,253,314,314,253,314,314,61,61,61,61,FALSE,FALSE
817,47,239,287,292,239,287,292,239,287,292,48,53,48,53,FALSE,FALSE
817,48,222,260,265,222,260,265,222,260,265,38,43,38,43,FALSE,FALSE
817,49,198,238,238,198,238,238,198,238,238,40,40,40,40,FALSE,FALSE
817,50,163,216,213,163,216,213,163,216,213,53,50,53,50,FALSE,FALSE
817,51,152,182,205,152,182,205,152,182,205,30,53,30,53,FALSE,FALSE
817,52,126,159,186,126,159,186,126,159,186,33,60,33,60,FALSE,FALSE
817,53,107,139,168,107,139,168,107,139,168,32,61,32,61,FALSE,FALSE
817,54,90,134,146,90,134,146,90,134,146,44,56,44,56,FALSE,FALSE
817,55,86,123,129,86,123,129,86,123,129,37,43,37,43,FALSE,FALSE
817,56,77,107,106,77,107,106,77,107,106,30,29,30,29,FALSE,FALSE
817,57,68,101,102,68,101,102,68,101,102,33,34,33,34,FALSE,FALSE
817,58,57,103,96,57,103,96,57,103,96,46,39,46,39,FALSE,FALSE
817,59,54,93,89,54,93,89,54,93,89,39,35,39,35,FALSE,FALSE
817,60,45,89,78,45,89,78,45,89,78,44,33,44,33,FALSE,FALSE
818,0,119,119,119,119,119,119,119,119,119,0,0,0,0,TRUE,TRUE
818,1,180,118,177,180,118,177,180,118,177,-62,-3,62,3,FALSE,FALSE
818,2,302,121,318,302,121,318,302,121,318,-181,16,181,16,FALSE,FALSE
818,3,481,120,529,481,120,529,481,120,529,-361,48,361,48,FALSE,FALSE
818,4,735,130,811,735,130,811,735,130,811,-605,76,605,76,FALSE,FALSE
818,5,1119,131,1198,1119,131,1198,1119,131,1198,-988,79,988,79,FALSE,FALSE
818,6,1572,137,1763,1572,137,1763,1572,137,1763,-1435,191,1435,191,FALSE,FALSE
818,7,2109,144,2404,2109,144,2404,2109,144,2404,-1965,295,1965,295,FALSE,FALSE
818,8,2660,146,2955,2660,146,2955,2660,146,2955,-2514,295,2514,295,FALSE,FALSE
818,9,3016,141,3262,3016,141,3262,3016,141,3262,-2875,246,2875,246,FALSE,FALSE
818,10,3238,146,3326,3238,146,3326,3238,146,3326,-3092,88,3092,88,FALSE,FALSE
818,11,3138,156,3152,3138,156,3152,3138,156,3152,-2982,14,2982,14,FALSE,FALSE
818,12,2860,164,2864,2860,164,2864,2860,164,2864,-2696,4,2696,4,FALSE,FALSE
818,13,2508,169,2484,2508,169,2484,2508,169,2484,-2339,-24,2339,24,FALSE,FALSE
818,14,2158,165,2116,2158,165,2116,2158,165,2116,-1993,-42,1993,42,FALSE,FALSE
818,15,1781,172,1765,1781,172,1765,1781,172,1765,-1609,-16,1609,16,FALSE,FALSE
818,16,1504,185,1437,1504,185,1437,1504,185,1437,-1319,-67,1319,67,FALSE,FALSE
818,17,1222,191,1180,1222,191,1180,1222,191,1180,-1031,-42,1031,42,FALSE,FALSE
818,18,997,180,968,997,180,968,997,180,968,-817,-29,817,29,FALSE,FALSE
818,19,797,181,774,797,181,774,797,181,774,-616,-23,616,23,FALSE,FALSE
818,20,665,191,634,665,191,634,665,191,634,-474,-31,474,31,FALSE,FALSE
818,21,551,197,513,551,197,513,551,197,513,-354,-38,354,38,FALSE,FALSE
818,22,437,199,408,437,199,408,437,199,408,-238,-29,238,29,FALSE,FALSE
818,23,351,196,317,351,196,317,351,196,317,-155,-34,155,34,FALSE,FALSE
818,24,273,203,266,273,203,266,273,203,266,-70,-7,70,7,FALSE,FALSE
818,25,216,200,212,216,200,212,216,200,212,-16,-4,16,4,FALSE,FALSE
818,26,166,193,162,166,193,162,166,193,162,27,-4,27,4,FALSE,FALSE
818,27,134,196,124,134,196,124,134,196,124,62,-10,62,10,FALSE,FALSE
818,28,120,196,101,120,196,101,120,196,101,76,-19,76,19,FALSE,FALSE
818,29,97,189,76,97,189,76,97,189,76,92,-21,92,21,FALSE,FALSE
818,30,77,205,59,77,205,59,77,205,59,128,-18,128,18,FALSE,FALSE
818,31,62,204,40,62,204,40,62,204,40,142,-22,142,22,FALSE,FALSE
818,32,49,208,25,49,208,25,49,208,25,159,-24,159,24,FALSE,FALSE
818,33,39,195,16,39,195,16,39,195,16,156,-23,156,23,FALSE,FALSE
818,34,29,200,15,29,200,15,29,200,15,171,-14,171,14,FALSE,FALSE
818,35,24,194,12,24,194,12,24,194,12,170,-12,170,12,FALSE,FALSE
818,36,13,188,9,13,188,9,13,188,9,175,-4,175,4,FALSE,FALSE
818,37,10,191,6,10,191,6,10,191,6,181,-4,181,4,FALSE,FALSE
818,38,9,193,6,9,193,6,9,193,6,184,-3,184,3,FALSE,FALSE
818,39,5,182,6,5,182,6,5,182,6,177,1,177,1,FALSE,FALSE
818,40,4,190,5,4,190,5,4,190,5,186,1,186,1,FALSE,FALSE
818,41,3,189,4,3,189,4,3,189,4,186,1,186,1,FALSE,FALSE
818,42,3,193,4,3,193,4,3,193,4,190,1,190,1,FALSE,FALSE
818,43,2,188,4,2,188,4,2,188,4,186,2,186,2,FALSE,FALSE
818,44,2,187,4,2,187,4,2,187,4,185,2,185,2,FALSE,FALSE
818,45,2,188,4,2,188,4,2,188,4,186,2,186,2,FALSE,FALSE
818,46,1,184,3,1,184,3,1,184,3,183,2,183,2,FALSE,FALSE
818,47,1,192,4,1,192,4,1,192,4,191,3,191,3,FALSE,FALSE
818,48,0,188,3,0,188,3,0,188,3,188,3,188,3,FALSE,FALSE
818,49,0,196,4,0,196,4,0,196,4,196,4,196,4,FALSE,FALSE
818,50,0,203,1,0,203,1,0,203,1,203,1,203,1,FALSE,FALSE
818,51,0,206,0,0,206,0,0,206,0,206,0,206,0,FALSE,TRUE
818,52,0,203,0,0,203,0,0,203,0,203,0,203,0,FALSE,TRUE
818,53,0,203,0,0,203,0,0,203,0,203,0,203,0,FALSE,TRUE
818,54,0,196,0,0,196,0,0,196,0,196,0,196,0,FALSE,TRUE
818,55,0,192,0,0,192,0,0,192,0,192,0,192,0,FALSE,TRUE
818,56,0,193,0,0,193,0,0,193,0,193,0,193,0,FALSE,TRUE
818,57,0,199,0,0,199,0,0,199,0,199,0,199,0,FALSE,TRUE
818,58,0,191,0,0,191,0,0,191,0,191,0,191,0,FALSE,TRUE
818,59,0,199,0,0,199,0,0,199,0,199,0,199,0,FALSE,TRUE
818,60,0,201,0,0,201,0,0,201,0,201,0,201,0,FALSE,TRUE
819,0,60,60,60,60,60,60,60,60,60,0,0,0,0,TRUE,TRUE
819,1,88,99,86,88,99,86,88,99,86,11,-2,11,2,FALSE,FALSE
819,2,139,140,136,139,140,136,139,140,136,1,-3,1,3,FALSE,FALSE
819,3,199,193,200,199,193,200,199,193,200,-6,1,6,1,FALSE,FALSE
819,4,316,280,314,316,280,314,316,280,314,-36,-2,36,2,FALSE,FALSE
819,5,491,407,445,491,407,445,491,407,445,-84,-46,84,46,FALSE,FALSE
819,6,733,566,610,733,566,610,733,566,610,-167,-123,167,123,FALSE,FALSE
819,7,1040,800,875,1040,800,875,1040,800,875,-240,-165,240,165,FALSE,FALSE
819,8,1411,1085,1213,1411,1085,1213,1411,1085,1213,-326,-198,326,198,FALSE,FALSE
819,9,1857,1436,1648,1857,1436,1648,1857,1436,1648,-421,-209,421,209,FALSE,FALSE
819,10,2350,1826,2141,2350,1826,2141,2350,1826,2141,-524,-209,524,209,FALSE,FALSE
819,11,2824,2244,2627,2824,2244,2627,2824,2244,2627,-580,-197,580,197,FALSE,FALSE
819,12,3204,2597,3074,3204,2597,3074,3204,2597,3074,-607,-130,607,130,FALSE,FALSE
819,13,3448,2872,3378,3448,2872,3378,3448,2872,3378,-576,-70,576,70,FALSE,FALSE
819,14,3532,3102,3516,3532,3102,3516,3532,3102,3516,-430,-16,430,16,FALSE,FALSE
819,15,3467,3204,3472,3467,3204,3472,3467,3204,3472,-263,5,263,5,FALSE,FALSE
819,16,3261,3146,3370,3261,3146,3370,3261,3146,3370,-115,109,115,109,FALSE,FALSE
819,17,3044,3045,3100,3044,3045,3100,3044,3045,3100,1,56,1,56,FALSE,FALSE
819,18,2776,2845,2839,2776,2845,2839,2776,2845,2839,69,63,69,63,FALSE,FALSE
819,19,2519,2644,2565,2519,2644,2565,2519,2644,2565,125,46,125,46,FALSE,FALSE
819,20,2214,2400,2301,2214,2400,2301,2214,2400,2301,186,87,186,87,FALSE,FALSE
819,21,1992,2200,2014,1992,2200,2014,1992,2200,2014,208,22,208,22,FALSE,FALSE
819,22,1722,1964,1760,1722,1964,1760,1722,1964,1760,242,38,242,38,FALSE,FALSE
819,23,1540,1748,1563,1540,1748,1563,1540,1748,1563,208,23,208,23,FALSE,FALSE
819,24,1360,1530,1380,1360,1530,1380,1360,1530,1380,170,20,170,20,FALSE,FALSE
819,25,1181,1337,1215,1181,1337,1215,1181,1337,1215,156,34,156,34,FALSE,FALSE
819,26,1046,1184,1072,1046,1184,1072,1046,1184,1072,138,26,138,26,FALSE,FALSE
819,27,904,1022,961,904,1022,961,904,1022,961,118,57,118,57,FALSE,FALSE
819,28,812,883,842,812,883,842,812,883,842,71,30,71,30,FALSE,FALSE
819,29,700,771,748,700,771,748,700,771,748,71,48,71,48,FALSE,FALSE
819,30,612,671,645,612,671,645,612,671,645,59,33,59,33,FALSE,FALSE
819,31,550,612,554,550,612,554,550,612,554,62,4,62,4,FALSE,FALSE
819,32,480,545,473,480,545,473,480,545,473,65,-7,65,7,FALSE,FALSE
819,33,411,473,411,411,473,411,411,473,411,62,0,62,0,FALSE,TRUE
819,34,365,406,349,365,406,349,365,406,349,41,-16,41,16,FALSE,FALSE
819,35,315,362,320,315,362,320,315,362,320,47,5,47,5,FALSE,FALSE
819,36,271,318,275,271,318,275,271,318,275,47,4,47,4,FALSE,FALSE
819,37,240,289,253,240,289,253,240,289,253,49,13,49,13,FALSE,FALSE
819,38,218,257,222,218,257,222,218,257,222,39,4,39,4,FALSE,FALSE
819,39,190,227,191,190,227,191,190,227,191,37,1,37,1,FALSE,FALSE
819,40,171,203,163,171,203,163,171,203,163,32,-8,32,8,FALSE,FALSE
819,41,146,176,139,146,176,139,146,176,139,30,-7,30,7,FALSE,FALSE
819,42,121,152,121,121,152,121,121,152,121,31,0,31,0,FALSE,TRUE
819,43,96,127,105,96,127,105,96,127,105,31,9,31,9,FALSE,FALSE
819,44,76,109,93,76,109,93,76,109,93,33,17,33,17,FALSE,FALSE
819,45,62,94,81,62,94,81,62,94,81,32,19,32,19,FALSE,FALSE
819,46,52,80,70,52,80,70,52,80,70,28,18,28,18,FALSE,FALSE
819,47,45,62,62,45,62,62,45,62,62,17,17,17,17,FALSE,FALSE
819,48,42,52,51,42,52,51,42,52,51,10,9,10,9,FALSE,FALSE
819,49,35,49,42,35,49,42,35,49,42,14,7,14,7,FALSE,FALSE
819,50,31,41,34,31,41,34,31,41,34,10,3,10,3,FALSE,FALSE
819,51,29,33,27,29,33,27,29,33,27,4,-2,4,2,FALSE,FALSE
819,52,25,29,26,25,29,26,25,29,26,4,1,4,1,FALSE,FALSE
819,53,23,26,21,23,26,21,23,26,21,3,-2,3,2,FALSE,FALSE
819,54,21,22,20,21,22,20,21,22,20,1,-1,1,1,FALSE,FALSE
819,55,14,13,20,14,13,20,14,13,20,-1,6,1,6,FALSE,FALSE
819,56,12,14,18,12,14,18,12,14,18,2,6,2,6,FALSE,FALSE
819,57,10,11,16,10,11,16,10,11,16,1,6,1,6,FALSE,FALSE
819,58,10,9,14,10,9,14,10,9,14,-1,4,1,4,FALSE,FALSE
819,59,9,8,12,9,8,12,9,8,12,-1,3,1,3,FALSE,FALSE
819,60,7,8,9,7,8,9,7,8,9,1,2,1,2,FALSE,FALSE
820,0,138,138,138,138,138,138,138,138,138,0,0,0,0,TRUE,TRUE
820,1,150,161,151,150,161,151,150,161,151,11,1,11,1,FALSE,FALSE
820,2,167,175,178,167,175,178,167,175,178,8,11,8,11,FALSE,FALSE
820,3,164,199,199,164,199,199,164,199,199,35,35,35,35,FALSE,FALSE
820,4,184,213,216,184,213,216,184,213,216,29,32,29,32,FALSE,FALSE
820,5,196,229,215,196,229,215,196,229,215,33,19,33,19,FALSE,FALSE
820,6,222,245,247,222,245,247,222,245,247,23,25,23,25,FALSE,FALSE
820,7,238,271,265,238,271,265,238,271,265,33,27,33,27,FALSE,FALSE
820,8,257,309,279,257,309,279,257,309,279,52,22,52,22,FALSE,FALSE
820,9,275,339,291,275,339,291,275,339,291,64,16,64,16,FALSE,FALSE
820,10,283,369,300,283,369,300,283,369,300,86,17,86,17,FALSE,FALSE
820,11,311,412,304,311,412,304,311,412,304,101,-7,101,7,FALSE,FALSE
820,12,350,460,312,350,460,312,350,460,312,110,-38,110,38,FALSE,FALSE
820,13,362,481,325,362,481,325,362,481,325,119,-37,119,37,FALSE,FALSE
820,14,360,502,318,360,502,318,360,502,318,142,-42,142,42,FALSE,FALSE
820,15,377,525,342,377,525,342,377,525,342,148,-35,148,35,FALSE,FALSE
820,16,395,558,345,395,558,345,395,558,345,163,-50,163,50,FALSE,FALSE
820,17,392,599,352,392,599,352,392,599,352,207,-40,207,40,FALSE,FALSE
820,18,393,591,360,393,591,360,393,591,360,198,-33,198,33,FALSE,FALSE
820,19,422,606,367,422,606,367,422,606,367,184,-55,184,55,FALSE,FALSE
820,20,415,599,377,415,599,377,415,599,377,184,-38,184,38,FALSE,FALSE
820,21,429,607,393,429,607,393,429,607,393,178,-36,178,36,FALSE,FALSE
820,22,432,614,388,432,614,388,432,614,388,182,-44,182,44,FALSE,FALSE
820,23,450,585,387,450,585,387,450,585,387,135,-63,135,63,FALSE,FALSE
820,24,444,607,409,444,607,409,444,607,409,163,-35,163,35,FALSE,FALSE
820,25,436,599,406,436,599,406,436,599,406,163,-30,163,30,FALSE,FALSE
820,26,452,576,401,452,576,401,452,576,401,124,-51,124,51,FALSE,FALSE
820,27,442,540,407,442,540,407,442,540,407,98,-35,98,35,FALSE,FALSE
820,28,445,517,395,445,517,395,445,517,395,72,-50,72,50,FALSE,FALSE
820,29,446,514,363,446,514,363,446,514,363,68,-83,68,83,FALSE,FALSE
820,30,417,479,348,417,479,348,417,479,348,62,-69,62,69,FALSE,FALSE
820,31,401,454,335,401,454,335,401,454,335,53,-66,53,66,FALSE,FALSE
820,32,388,450,342,388,450,342,388,450,342,62,-46,62,46,FALSE,FALSE
820,33,355,435,317,355,435,317,355,435,317,80,-38,80,38,FALSE,FALSE
820,34,337,424,301,337,424,301,337,424,301,87,-36,87,36,FALSE,FALSE
820,35,333,404,273,333,404,273,333,404,273,71,-60,71,60,FALSE,FALSE
820,36,306,393,272,306,393,272,306,393,272,87,-34,87,34,FALSE,FALSE
820,37,297,355,260,297,355,260,297,355,260,58,-37,58,37,FALSE,FALSE
820,38,304,333,231,304,333,231,304,333,231,29,-73,29,73,FALSE,FALSE
820,39,280,293,227,280,293,227,280,293,227,13,-53,13,53,FALSE,FALSE
820,40,254,268,226,254,268,226,254,268,226,14,-28,14,28,FALSE,FALSE
820,41,233,245,216,233,245,216,233,245,216,12,-17,12,17,FALSE,FALSE
820,42,220,218,214,220,218,214,220,218,214,-2,-6,2,6,FALSE,FALSE
820,43,209,206,211,209,206,211,209,206,211,-3,2,3,2,FALSE,FALSE
820,44,203,181,210,203,181,210,203,181,210,-22,7,22,7,FALSE,FALSE
820,45,180,173,192,180,173,192,180,173,192,-7,12,7,12,FALSE,FALSE
820,46,161,155,180,161,155,180,161,155,180,-6,19,6,19,FALSE,FALSE
820,47,156,136,167,156,136,167,156,136,167,-20,11,20,11,FALSE,FALSE
820,48,148,114,162,148,114,162,148,114,162,-34,14,34,14,FALSE,FALSE
820,49,123,101,163,123,101,163,123,101,163,-22,40,22,40,FALSE,FALSE
820,50,110,94,146,110,94,146,110,94,146,-16,36,16,36,FALSE,FALSE
820,51,96,87,144,96,87,144,96,87,144,-9,48,9,48,FALSE,FALSE
820,52,82,78,145,82,78,145,82,78,145,-4,63,4,63,FALSE,FALSE
820,53,74,79,130,74,79,130,74,79,130,5,56,5,56,FALSE,FALSE
820,54,70,71,129,70,71,129,70,71,129,1,59,1,59,FALSE,FALSE
820,55,71,67,128,71,67,128,71,67,128,-4,57,4,57,FALSE,FALSE
820,56,76,63,112,76,63,112,76,63,112,-13,36,13,36,FALSE,FALSE
820,57,75,55,109,75,55,109,75,55,109,-20,34,20,34,FALSE,FALSE
820,58,69,51,100,69,51,100,69,51,100,-18,31,18,31,FALSE,FALSE
820,59,61,44,98,61,44,98,61,44,98,-17,37,17,37,FALSE,FALSE
820,60,55,42,95,55,42,95,55,42,95,-13,40,13,40,FALSE,FALSE
821,0,64,64,64,64,64,64,64,64,64,0,0,0,0,TRUE,TRUE
821,1,73,68,81,73,68,81,73,68,81,-5,8,5,8,FALSE,FALSE
821,2,70,77,75,70,77,75,70,77,75,7,5,7,5,FALSE,FALSE
821,3,81,85,89,81,85,89,81,85,89,4,8,4,8,FALSE,FALSE
821,4,79,86,105,79,86,105,79,86,105,7,26,7,26,FALSE,FALSE
821,5,87,100,123,87,100,123,87,100,123,13,36,13,36,FALSE,FALSE
821,6,97,117,131,97,117,131,97,117,131,20,34,20,34,FALSE,FALSE
821,7,118,141,145,118,141,145,118,141,145,23,27,23,27,FALSE,FALSE
821,8,141,167,170,141,167,170,141,167,170,26,29,26,29,FALSE,FALSE
821,9,154,187,165,154,187,165,154,187,165,33,11,33,11,FALSE,FALSE
821,10,181,232,186,181,232,186,181,232,186,51,5,51,5,FALSE,FALSE
821,11,214,254,217,214,254,217,214,254,217,40,3,40,3,FALSE,FALSE
821,12,235,284,248,235,284,248,235,284,248,49,13,49,13,FALSE,FALSE
821,13,270,324,291,270,324,291,270,324,291,54,21,54,21,FALSE,FALSE
821,14,292,342,327,292,342,327,292,342,327,50,35,50,35,FALSE,FALSE
821,15,334,392,353,334,392,353,334,392,353,58,19,58,19,FALSE,FALSE
821,16,374,433,388,374,433,388,374,433,388,59,14,59,14,FALSE,FALSE
821,17,394,479,430,394,479,430,394,479,430,85,36,85,36,FALSE,FALSE
821,18,430,518,469,430,518,469,430,518,469,88,39,88,39,FALSE,FALSE
821,19,482,579,512,482,579,512,482,579,512,97,30,97,30,FALSE,FALSE
821,20,486,653,559,486,653,559,486,653,559,167,73,167,73,FALSE,FALSE
821,21,553,667,588,553,667,588,553,667,588,114,35,114,35,FALSE,FALSE
821,22,585,737,659,585,737,659,585,737,659,152,74,152,74,FALSE,FALSE
821,23,590,775,680,590,775,680,590,775,680,185,90,185,90,FALSE,FALSE
821,24,625,791,710,625,791,710,625,791,710,166,85,166,85,FALSE,FALSE
821,25,650,798,729,650,798,729,650,798,729,148,79,148,79,FALSE,FALSE
821,26,672,832,744,672,832,744,672,832,744,160,72,160,72,FALSE,FALSE
821,27,680,820,729,680,820,729,680,820,729,140,49,140,49,FALSE,FALSE
821,28,677,806,725,677,806,725,677,806,725,129,48,129,48,FALSE,FALSE
821,29,695,763,705,695,763,705,695,763,705,68,10,68,10,FALSE,FALSE
821,30,663,752,683,663,752,683,663,752,683,89,20,89,20,FALSE,FALSE
821,31,653,721,665,653,721,665,653,721,665,68,12,68,12,FALSE,FALSE
821,32,633,680,645,633,680,645,633,680,645,47,12,47,12,FALSE,FALSE
821,33,635,647,605,635,647,605,635,647,605,12,-30,12,30,FALSE,FALSE
821,34,608,597,593,608,597,593,608,597,593,-11,-15,11,15,FALSE,FALSE
821,35,549,563,530,549,563,530,549,563,530,14,-19,14,19,FALSE,FALSE
821,36,533,502,516,533,502,516,533,502,516,-31,-17,31,17,FALSE,FALSE
821,37,536,464,475,536,464,475,536,464,475,-72,-61,72,61,FALSE,FALSE
821,38,515,426,450,515,426,450,515,426,450,-89,-65,89,65,FALSE,FALSE
821,39,496,382,421,496,382,421,496,382,421,-114,-75,114,75,FALSE,FALSE
821,40,440,333,397,440,333,397,440,333,397,-107,-43,107,43,FALSE,FALSE
821,41,405,324,366,405,324,366,405,324,366,-81,-39,81,39,FALSE,FALSE
821,42,397,279,342,397,279,342,397,279,342,-118,-55,118,55,FALSE,FALSE
821,43,366,258,323,366,258,323,366,258,323,-108,-43,108,43,FALSE,FALSE
821,44,342,248,301,342,248,301,342,248,301,-94,-41,94,41,FALSE,FALSE
821,45,314,216,282,314,216,282,314,216,282,-98,-32,98,32,FALSE,FALSE
821,46,268,182,277,268,182,277,268,182,277,-86,9,86,9,FALSE,FALSE
821,47,251,158,274,251,158,274,251,158,274,-93,23,93,23,FALSE,FALSE
821,48,234,147,230,234,147,230,234,147,230,-87,-4,87,4,FALSE,FALSE
821,49,226,134,212,226,134,212,226,134,212,-92,-14,92,14,FALSE,FALSE
821,50,204,133,193,204,133,193,204,133,193,-71,-11,71,11,FALSE,FALSE
821,51,184,112,178,184,112,178,184,112,178,-72,-6,72,6,FALSE,FALSE
821,52,178,103,158,178,103,158,178,103,158,-75,-20,75,20,FALSE,FALSE
821,53,161,104,146,161,104,146,161,104,146,-57,-15,57,15,FALSE,FALSE
821,54,150,86,123,150,86,123,150,86,123,-64,-27,64,27,FALSE,FALSE
821,55,136,81,120,136,81,120,136,81,120,-55,-16,55,16,FALSE,FALSE
821,56,121,69,97,121,69,97,121,69,97,-52,-24,52,24,FALSE,FALSE
821,57,98,63,87,98,63,87,98,63,87,-35,-11,35,11,FALSE,FALSE
821,58,83,61,76,83,61,76,83,61,76,-22,-7,22,7,FALSE,FALSE
821,59,76,53,79,76,53,79,76,53,79,-23,3,23,3,FALSE,FALSE
821,60,64,43,67,64,43,67,64,43,67,-21,3,21,3,FALSE,FALSE
822,0,179,179,179,179,179,179,179,179,179,0,0,0,0,TRUE,TRUE
822,1,262,326,278,262,326,278,262,326,278,64,16,64,16,FALSE,FALSE
822,2,397,492,459,397,492,459,397,492,459,95,62,95,62,FALSE,FALSE
822,3,608,740,717,608,740,717,608,740,717,132,109,132,109,FALSE,FALSE
822,4,887,1097,1073,887,1097,1073,887,1097,1073,210,186,210,186,FALSE,FALSE
822,5,1343,1609,1620,1343,1609,1620,1343,1609,1620,266,277,266,277,FALSE,FALSE
822,6,1944,2211,2212,1944,2211,2212,1944,2211,2212,267,268,267,268,FALSE,FALSE
822,7,2546,2961,2921,2546,2961,2921,2546,2961,2921,415,375,415,375,FALSE,FALSE
822,8,3257,3553,3626,3257,3553,3626,3257,3553,3626,296,369,296,369,FALSE,FALSE
822,9,3801,4009,4085,3801,4009,4085,3801,4009,4085,208,284,208,284,FALSE,FALSE
822,10,4185,4214,4322,4185,4214,4322,4185,4214,4322,29,137,29,137,FALSE,FALSE
822,11,4273,4217,4355,4273,4217,4355,4273,4217,4355,-56,82,56,82,FALSE,FALSE
822,12,4167,4049,4132,4167,4049,4132,4167,4049,4132,-118,-35,118,35,FALSE,FALSE
822,13,3852,3765,3756,3852,3765,3756,3852,3765,3756,-87,-96,87,96,FALSE,FALSE
822,14,3505,3428,3334,3505,3428,3334,3505,3428,3334,-77,-171,77,171,FALSE,FALSE
822,15,3071,3070,2939,3071,3070,2939,3071,3070,2939,-1,-132,1,132,FALSE,FALSE
822,16,2657,2690,2564,2657,2690,2564,2657,2690,2564,33,-93,33,93,FALSE,FALSE
822,17,2260,2385,2168,2260,2385,2168,2260,2385,2168,125,-92,125,92,FALSE,FALSE
822,18,1970,2041,1850,1970,2041,1850,1970,2041,1850,71,-120,71,120,FALSE,FALSE
822,19,1687,1734,1588,1687,1734,1588,1687,1734,1588,47,-99,47,99,FALSE,FALSE
822,20,1425,1478,1328,1425,1478,1328,1425,1478,1328,53,-97,53,97,FALSE,FALSE
822,21,1203,1253,1160,1203,1253,1160,1203,1253,1160,50,-43,50,43,FALSE,FALSE
822,22,1021,1058,972,1021,1058,972,1021,1058,972,37,-49,37,49,FALSE,FALSE
822,23,860,888,842,860,888,842,860,888,842,28,-18,28,18,FALSE,FALSE
822,24,726,752,726,726,752,726,726,752,726,26,0,26,0,FALSE,TRUE
822,25,609,643,615,609,643,615,609,643,615,34,6,34,6,FALSE,FALSE
822,26,499,553,512,499,553,512,499,553,512,54,13,54,13,FALSE,FALSE
822,27,413,471,430,413,471,430,413,471,430,58,17,58,17,FALSE,FALSE
822,28,350,404,354,350,404,354,350,404,354,54,4,54,4,FALSE,FALSE
822,29,294,329,299,294,329,299,294,329,299,35,5,35,5,FALSE,FALSE
822,30,247,271,244,247,271,244,247,271,244,24,-3,24,3,FALSE,FALSE
822,31,209,221,210,209,221,210,209,221,210,12,1,12,1,FALSE,FALSE
822,32,180,193,168,180,193,168,180,193,168,13,-12,13,12,FALSE,FALSE
822,33,153,164,146,153,164,146,153,164,146,11,-7,11,7,FALSE,FALSE
822,34,129,143,121,129,143,121,129,143,121,14,-8,14,8,FALSE,FALSE
822,35,108,117,104,108,117,104,108,117,104,9,-4,9,4,FALSE,FALSE
822,36,85,98,88,85,98,88,85,98,88,13,3,13,3,FALSE,FALSE
822,37,71,81,73,71,81,73,71,81,73,10,2,10,2,FALSE,FALSE
822,38,58,68,62,58,68,62,58,68,62,10,4,10,4,FALSE,FALSE
822,39,49,55,54,49,55,54,49,55,54,6,5,6,5,FALSE,FALSE
822,40,39,48,43,39,48,43,39,48,43,9,4,9,4,FALSE,FALSE
822,41,29,37,32,29,37,32,29,37,32,8,3,8,3,FALSE,FALSE
822,42,24,28,27,24,28,27,24,28,27,4,3,4,3,FALSE,FALSE
822,43,21,24,19,21,24,19,21,24,19,3,-2,3,2,FALSE,FALSE
822,44,17,20,16,17,20,16,17,20,16,3,-1,3,1,FALSE,FALSE
822,45,12,15,14,12,15,14,12,15,14,3,2,3,2,FALSE,FALSE
822,46,9,13,12,9,13,12,9,13,12,4,3,4,3,FALSE,FALSE
822,47,9,10,10,9,10,10,9,10,10,1,1,1,1,FALSE,FALSE
822,48,7,7,7,7,7,7,7,7,7,0,0,0,0,TRUE,TRUE
822,49,6,6,6,6,6,6,6,6,6,0,0,0,0,TRUE,TRUE
822,50,5,5,4,5,5,4,5,5,4,0,-1,0,1,TRUE,FALSE
822,51,4,4,4,4,4,4,4,4,4,0,0,0,0,TRUE,TRUE
822,52,4,3,4,4,3,4,4,3,4,-1,0,1,0,FALSE,TRUE
822,53,3,3,4,3,3,4,3,3,4,0,1,0,1,TRUE,FALSE
822,54,2,2,4,2,2,4,2,2,4,0,2,0,2,TRUE,FALSE
822,55,1,2,5,1,2,5,1,2,5,1,4,1,4,FALSE,FALSE
822,56,0,2,3,0,2,3,0,2,3,2,3,2,3,FALSE,FALSE
822,57,0,1,1,0,1,1,0,1,1,1,1,1,1,FALSE,FALSE
822,58,0,1,1,0,1,1,0,1,1,1,1,1,1,FALSE,FALSE
822,59,0,1,1,0,1,1,0,1,1,1,1,1,1,FALSE,FALSE
822,60,0,0,0,0,0,0,0,0,0,0,0,0,0,TRUE,TRUE
823,0,64,64,64,64,64,64,64,64,64,0,0,0,0,TRUE,TRUE
823,1,87,86,99,87,86,99,87,86,99,-1,12,1,12,FALSE,FALSE
823,2,135,112,141,135,112,141,135,112,141,-23,6,23,6,FALSE,FALSE
823,3,193,154,180,193,154,180,193,154,180,-39,-13,39,13,FALSE,FALSE
823,4,269,214,246,269,214,246,269,214,246,-55,-23,55,23,FALSE,FALSE
823,5,339,302,372,339,302,372,339,302,372,-37,33,37,33,FALSE,FALSE
823,6,458,417,506,458,417,506,458,417,506,-41,48,41,48,FALSE,FALSE
823,7,589,546,678,589,546,678,589,546,678,-43,89,43,89,FALSE,FALSE
823,8,794,708,845,794,708,845,794,708,845,-86,51,86,51,FALSE,FALSE
823,9,997,904,1058,997,904,1058,997,904,1058,-93,61,93,61,FALSE,FALSE
823,10,1281,1155,1277,1281,1155,1277,1281,1155,1277,-126,-4,126,4,FALSE,FALSE
823,11,1575,1438,1541,1575,1438,1541,1575,1438,1541,-137,-34,137,34,FALSE,FALSE
823,12,1817,1687,1804,1817,1687,1804,1817,1687,1804,-130,-13,130,13,FALSE,FALSE
823,13,2014,1936,2012,2014,1936,2012,2014,1936,2012,-78,-2,78,2,FALSE,FALSE
823,14,2176,2121,2204,2176,2121,2204,2176,2121,2204,-55,28,55,28,FALSE,FALSE
823,15,2273,2290,2289,2273,2290,2289,2273,2290,2289,17,16,17,16,FALSE,FALSE
823,16,2304,2347,2295,2304,2347,2295,2304,2347,2295,43,-9,43,9,FALSE,FALSE
823,17,2293,2360,2276,2293,2360,2276,2293,2360,2276,67,-17,67,17,FALSE,FALSE
823,18,2220,2277,2173,2220,2277,2173,2220,2277,2173,57,-47,57,47,FALSE,FALSE
823,19,2143,2198,2083,2143,2198,2083,2143,2198,2083,55,-60,55,60,FALSE,FALSE
823,20,2003,2084,1941,2003,2084,1941,2003,2084,1941,81,-62,81,62,FALSE,FALSE
823,21,1883,1936,1804,1883,1936,1804,1883,1936,1804,53,-79,53,79,FALSE,FALSE
823,22,1730,1814,1654,1730,1814,1654,1730,1814,1654,84,-76,84,76,FALSE,FALSE
823,23,1604,1696,1517,1604,1696,1517,1604,1696,1517,92,-87,92,87,FALSE,FALSE
823,24,1463,1556,1399,1463,1556,1399,1463,1556,1399,93,-64,93,64,FALSE,FALSE
823,25,1320,1430,1295,1320,1430,1295,1320,1430,1295,110,-25,110,25,FALSE,FALSE
823,26,1195,1305,1185,1195,1305,1185,1195,1305,1185,110,-10,110,10,FALSE,FALSE
823,27,1099,1188,1089,1099,1188,1089,1099,1188,1089,89,-10,89,10,FALSE,FALSE
823,28,977,1073,975,977,1073,975,977,1073,975,96,-2,96,2,FALSE,FALSE
823,29,886,984,885,886,984,885,886,984,885,98,-1,98,1,FALSE,FALSE
823,30,788,890,800,788,890,800,788,890,800,102,12,102,12,FALSE,FALSE
823,31,726,805,708,726,805,708,726,805,708,79,-18,79,18,FALSE,FALSE
823,32,650,713,632,650,713,632,650,713,632,63,-18,63,18,FALSE,FALSE
823,33,579,646,578,579,646,578,579,646,578,67,-1,67,1,FALSE,FALSE
823,34,526,572,525,526,572,525,526,572,525,46,-1,46,1,FALSE,FALSE
823,35,477,514,465,477,514,465,477,514,465,37,-12,37,12,FALSE,FALSE
823,36,433,447,419,433,447,419,433,447,419,14,-14,14,14,FALSE,FALSE
823,37,393,389,379,393,389,379,393,389,379,-4,-14,4,14,FALSE,FALSE
823,38,349,351,346,349,351,346,349,351,346,2,-3,2,3,FALSE,FALSE
823,39,318,311,315,318,311,315,318,311,315,-7,-3,7,3,FALSE,FALSE
823,40,285,274,276,285,274,276,285,274,276,-11,-9,11,9,FALSE,FALSE
823,41,255,249,243,255,249,243,255,249,243,-6,-12,6,12,FALSE,FALSE
823,42,230,232,229,230,232,229,230,232,229,2,-1,2,1,FALSE,FALSE
823,43,208,202,204,208,202,204,208,202,204,-6,-4,6,4,FALSE,FALSE
823,44,195,177,186,195,177,186,195,177,186,-18,-9,18,9,FALSE,FALSE
823,45,170,159,165,170,159,165,170,159,165,-11,-5,11,5,FALSE,FALSE
823,46,148,136,148,148,136,148,148,136,148,-12,0,12,0,FALSE,TRUE
823,47,134,127,139,134,127,139,134,127,139,-7,5,7,5,FALSE,FALSE
823,48,124,113,125,124,113,125,124,113,125,-11,1,11,1,FALSE,FALSE
823,49,115,97,114,115,97,114,115,97,114,-18,-1,18,1,FALSE,FALSE
823,50,99,85,96,99,85,96,99,85,96,-14,-3,14,3,FALSE,FALSE
823,51,83,78,86,83,78,86,83,78,86,-5,3,5,3,FALSE,FALSE
823,52,77,70,75,77,70,75,77,70,75,-7,-2,7,2,FALSE,FALSE
823,53,70,64,69,70,64,69,70,64,69,-6,-1,6,1,FALSE,FALSE
823,54,66,58,59,66,58,59,66,58,59,-8,-7,8,7,FALSE,FALSE
823,55,55,52,55,55,52,55,55,52,55,-3,0,3,0,FALSE,TRUE
823,56,51,43,52,51,43,52,51,43,52,-8,1,8,1,FALSE,FALSE
823,57,44,39,48,44,39,48,44,39,48,-5,4,5,4,FALSE,FALSE
823,58,42,30,43,42,30,43,42,30,43,-12,1,12,1,FALSE,FALSE
823,59,36,27,39,36,27,39,36,27,39,-9,3,9,3,FALSE,FALSE
823,60,33,23,34,33,23,34,33,23,34,-10,1,10,1,FALSE,FALSE
824,0,103,103,103,103,103,103,103,103,103,0,0,0,0,TRUE,TRUE
824,1,168,169,174,168,169,174,168,169,174,1,6,1,6,FALSE,FALSE
824,2,277,263,285,277,263,285,277,263,285,-14,8,14,8,FALSE,FALSE
824,3,437,433,467,437,433,467,437,433,467,-4,30,4,30,FALSE,FALSE
824,4,646,704,711,646,704,711,646,704,711,58,65,58,65,FALSE,FALSE
824,5,951,1041,1093,951,1041,1093,951,1041,1093,90,142,90,142,FALSE,FALSE
824,6,1352,1457,1595,1352,1457,1595,1352,1457,1595,105,243,105,243,FALSE,FALSE
824,7,1798,1900,2096,1798,1900,2096,1798,1900,2096,102,298,102,298,FALSE,FALSE
824,8,2225,2314,2535,2225,2314,2535,2225,2314,2535,89,310,89,310,FALSE,FALSE
824,9,2527,2593,2788,2527,2593,2788,2527,2593,2788,66,261,66,261,FALSE,FALSE
824,10,2643,2688,2792,2643,2688,2792,2643,2688,2792,45,149,45,149,FALSE,FALSE
824,11,2595,2614,2698,2595,2614,2698,2595,2614,2698,19,103,19,103,FALSE,FALSE
824,12,2392,2442,2486,2392,2442,2486,2392,2442,2486,50,94,50,94,FALSE,FALSE
824,13,2159,2206,2215,2159,2206,2215,2159,2206,2215,47,56,47,56,FALSE,FALSE
824,14,1893,1951,1890,1893,1951,1890,1893,1951,1890,58,-3,58,3,FALSE,FALSE
824,15,1635,1693,1563,1635,1693,1563,1635,1693,1563,58,-72,58,72,FALSE,FALSE
824,16,1407,1457,1288,1407,1457,1288,1407,1457,1288,50,-119,50,119,FALSE,FALSE
824,17,1179,1186,1076,1179,1186,1076,1179,1186,1076,7,-103,7,103,FALSE,FALSE
824,18,965,993,886,965,993,886,965,993,886,28,-79,28,79,FALSE,FALSE
824,19,814,850,732,814,850,732,814,850,732,36,-82,36,82,FALSE,FALSE
824,20,677,726,596,677,726,596,677,726,596,49,-81,49,81,FALSE,FALSE
824,21,548,566,481,548,566,481,548,566,481,18,-67,18,67,FALSE,FALSE
824,22,450,481,404,450,481,404,450,481,404,31,-46,31,46,FALSE,FALSE
824,23,376,374,322,376,374,322,376,374,322,-2,-54,2,54,FALSE,FALSE
824,24,302,288,266,302,288,266,302,288,266,-14,-36,14,36,FALSE,FALSE
824,25,235,228,214,235,228,214,235,228,214,-7,-21,7,21,FALSE,FALSE
824,26,178,193,178,178,193,178,178,193,178,15,0,15,0,FALSE,TRUE
824,27,154,163,146,154,163,146,154,163,146,9,-8,9,8,FALSE,FALSE
824,28,130,132,121,130,132,121,130,132,121,2,-9,2,9,FALSE,FALSE
824,29,103,108,99,103,108,99,103,108,99,5,-4,5,4,FALSE,FALSE
824,30,83,85,79,83,85,79,83,85,79,2,-4,2,4,FALSE,FALSE
824,31,63,67,60,63,67,60,63,67,60,4,-3,4,3,FALSE,FALSE
824,32,51,62,39,51,62,39,51,62,39,11,-12,11,12,FALSE,FALSE
824,33,44,50,30,44,50,30,44,50,30,6,-14,6,14,FALSE,FALSE
824,34,34,41,26,34,41,26,34,41,26,7,-8,7,8,FALSE,FALSE
824,35,31,26,23,31,26,23,31,26,23,-5,-8,5,8,FALSE,FALSE
824,36,26,17,15,26,17,15,26,17,15,-9,-11,9,11,FALSE,FALSE
824,37,23,15,10,23,15,10,23,15,10,-8,-13,8,13,FALSE,FALSE
824,38,20,14,6,20,14,6,20,14,6,-6,-14,6,14,FALSE,FALSE
824,39,16,11,5,16,11,5,16,11,5,-5,-11,5,11,FALSE,FALSE
824,40,14,10,5,14,10,5,14,10,5,-4,-9,4,9,FALSE,FALSE
824,41,12,8,6,12,8,6,12,8,6,-4,-6,4,6,FALSE,FALSE
824,42,9,6,6,9,6,6,9,6,6,-3,-3,3,3,FALSE,FALSE
824,43,5,5,5,5,5,5,5,5,5,0,0,0,0,TRUE,TRUE
824,44,4,5,3,4,5,3,4,5,3,1,-1,1,1,FALSE,FALSE
824,45,4,5,2,4,5,2,4,5,2,1,-2,1,2,FALSE,FALSE
824,46,3,5,2,3,5,2,3,5,2,2,-1,2,1,FALSE,FALSE
824,47,2,3,1,2,3,1,2,3,1,1,-1,1,1,FALSE,FALSE
824,48,2,2,1,2,2,1,2,2,1,0,-1,0,1,TRUE,FALSE
824,49,2,2,1,2,2,1,2,2,1,0,-1,0,1,TRUE,FALSE
824,50,1,2,1,1,2,1,1,2,1,1,0,1,0,FALSE,TRUE
824,51,0,1,1,0,1,1,0,1,1,1,1,1,1,FALSE,FALSE
824,52,0,1,0,0,1,0,0,1,0,1,0,1,0,FALSE,TRUE
824,53,0,0,0,0,0,0,0,0,0,0,0,0,0,TRUE,TRUE
824,54,0,0,0,0,0,0,0,0,0,0,0,0,0,TRUE,TRUE
824,55,0,0,0,0,0,0,0,0,0,0,0,0,0,TRUE,TRUE
824,56,0,0,0,0,0,0,0,0,0,0,0,0,0,TRUE,TRUE
824,57,0,0,0,0,0,0,0,0,0,0,0,0,0,TRUE,TRUE
824,58,0,0,0,0,0,0,0,0,0,0,0,0,0,TRUE,TRUE
824,59,0,0,0,0,0,0,0,0,0,0,0,0,0,TRUE,TRUE
824,60,0,0,0,0,0,0,0,0,0,0,0,0,0,TRUE,TRUE
825,0,57,57,57,57,57,57,57,57,57,0,0,0,0,TRUE,TRUE
825,1,85,85,78,85,85,78,85,85,78,0,-7,0,7,TRUE,FALSE
825,2,133,143,136,133,143,136,133,143,136,10,3,10,3,FALSE,FALSE
825,3,184,207,208,184,207,208,184,207,208,23,24,23,24,FALSE,FALSE
825,4,289,318,321,289,318,321,289,318,321,29,32,29,32,FALSE,FALSE
825,5,459,489,489,459,489,489,459,489,489,30,30,30,30,FALSE,FALSE
825,6,689,714,711,689,714,711,689,714,711,25,22,25,22,FALSE,FALSE
825,7,1013,1015,1029,1013,1015,1029,1013,1015,1029,2,16,2,16,FALSE,FALSE
825,8,1401,1445,1461,1401,1445,1461,1401,1445,1461,44,60,44,60,FALSE,FALSE
825,9,1847,1857,1956,1847,1857,1956,1847,1857,1956,10,109,10,109,FALSE,FALSE
825,10,2312,2350,2463,2312,2350,2463,2312,2350,2463,38,151,38,151,FALSE,FALSE
825,11,2769,2733,2856,2769,2733,2856,2769,2733,2856,-36,87,36,87,FALSE,FALSE
825,12,3143,3013,3168,3143,3013,3168,3143,3013,3168,-130,25,130,25,FALSE,FALSE
825,13,3320,3167,3353,3320,3167,3353,3320,3167,3353,-153,33,153,33,FALSE,FALSE
825,14,3365,3156,3312,3365,3156,3312,3365,3156,3312,-209,-53,209,53,FALSE,FALSE
825,15,3205,3072,3181,3205,3072,3181,3205,3072,3181,-133,-24,133,24,FALSE,FALSE
825,16,3042,2869,2991,3042,2869,2991,3042,2869,2991,-173,-51,173,51,FALSE,FALSE
825,17,2820,2651,2735,2820,2651,2735,2820,2651,2735,-169,-85,169,85,FALSE,FALSE
825,18,2579,2408,2477,2579,2408,2477,2579,2408,2477,-171,-102,171,102,FALSE,FALSE
825,19,2313,2191,2180,2313,2191,2180,2313,2191,2180,-122,-133,122,133,FALSE,FALSE
825,20,2068,1959,1941,2068,1959,1941,2068,1959,1941,-109,-127,109,127,FALSE,FALSE
825,21,1817,1709,1702,1817,1709,1702,1817,1709,1702,-108,-115,108,115,FALSE,FALSE
825,22,1575,1496,1477,1575,1496,1477,1575,1496,1477,-79,-98,79,98,FALSE,FALSE
825,23,1374,1293,1280,1374,1293,1280,1374,1293,1280,-81,-94,81,94,FALSE,FALSE
825,24,1209,1124,1134,1209,1124,1134,1209,1124,1134,-85,-75,85,75,FALSE,FALSE
825,25,1050,982,961,1050,982,961,1050,982,961,-68,-89,68,89,FALSE,FALSE
825,26,897,850,847,897,850,847,897,850,847,-47,-50,47,50,FALSE,FALSE
825,27,771,758,744,771,758,744,771,758,744,-13,-27,13,27,FALSE,FALSE
825,28,657,662,656,657,662,656,657,662,656,5,-1,5,1,FALSE,FALSE
825,29,547,581,571,547,581,571,547,581,571,34,24,34,24,FALSE,FALSE
825,30,469,494,497,469,494,497,469,494,497,25,28,25,28,FALSE,FALSE
825,31,416,439,449,416,439,449,416,439,449,23,33,23,33,FALSE,FALSE
825,32,373,375,384,373,375,384,373,375,384,2,11,2,11,FALSE,FALSE
825,33,325,324,327,325,324,327,325,324,327,-1,2,1,2,FALSE,FALSE
825,34,287,284,285,287,284,285,287,284,285,-3,-2,3,2,FALSE,FALSE
825,35,242,242,241,242,242,241,242,242,241,0,-1,0,1,TRUE,FALSE
825,36,208,211,207,208,211,207,208,211,207,3,-1,3,1,FALSE,FALSE
825,37,181,184,168,181,184,168,181,184,168,3,-13,3,13,FALSE,FALSE
825,38,155,156,146,155,156,146,155,156,146,1,-9,1,9,FALSE,FALSE
825,39,136,129,126,136,129,126,136,129,126,-7,-10,7,10,FALSE,FALSE
825,40,124,107,110,124,107,110,124,107,110,-17,-14,17,14,FALSE,FALSE
825,41,109,95,93,109,95,93,109,95,93,-14,-16,14,16,FALSE,FALSE
825,42,84,83,80,84,83,80,84,83,80,-1,-4,1,4,FALSE,FALSE
825,43,73,72,71,73,72,71,73,72,71,-1,-2,1,2,FALSE,FALSE
825,44,66,66,62,66,66,62,66,66,62,0,-4,0,4,TRUE,FALSE
825,45,59,55,51,59,55,51,59,55,51,-4,-8,4,8,FALSE,FALSE
825,46,52,45,45,52,45,45,52,45,45,-7,-7,7,7,FALSE,FALSE
825,47,47,36,35,47,36,35,47,36,35,-11,-12,11,12,FALSE,FALSE
825,48,43,29,31,43,29,31,43,29,31,-14,-12,14,12,FALSE,FALSE
825,49,33,26,25,33,26,25,33,26,25,-7,-8,7,8,FALSE,FALSE
825,50,28,25,20,28,25,20,28,25,20,-3,-8,3,8,FALSE,FALSE
825,51,21,22,19,21,22,19,21,22,19,1,-2,1,2,FALSE,FALSE
825,52,15,20,15,15,20,15,15,20,15,5,0,5,0,FALSE,TRUE
825,53,13,18,13,13,18,13,13,18,13,5,0,5,0,FALSE,TRUE
825,54,10,18,12,10,18,12,10,18,12,8,2,8,2,FALSE,FALSE
825,55,9,14,10,9,14,10,9,14,10,5,1,5,1,FALSE,FALSE
825,56,7,13,8,7,13,8,7,13,8,6,1,6,1,FALSE,FALSE
825,57,6,9,8,6,9,8,6,9,8,3,2,3,2,FALSE,FALSE
825,58,6,10,8,6,10,8,6,10,8,4,2,4,2,FALSE,FALSE
825,59,6,10,8,6,10,8,6,10,8,4,2,4,2,FALSE,FALSE
825,60,5,6,7,5,6,7,5,6,7,1,2,1,2,FALSE,FALSE
826,0,137,137,137,137,137,137,137,137,137,0,0,0,0,TRUE,TRUE
826,1,163,161,164,163,161,164,163,161,164,-2,1,2,1,FALSE,FALSE
826,2,190,177,204,190,177,204,190,177,204,-13,14,13,14,FALSE,FALSE
826,3,229,200,243,229,200,243,229,200,243,-29,14,29,14,FALSE,FALSE
826,4,275,253,288,275,253,288,275,253,288,-22,13,22,13,FALSE,FALSE
826,5,333,291,330,333,291,330,333,291,330,-42,-3,42,3,FALSE,FALSE
826,6,394,352,405,394,352,405,394,352,405,-42,11,42,11,FALSE,FALSE
826,7,457,417,478,457,417,478,457,417,478,-40,21,40,21,FALSE,FALSE
826,8,526,491,533,526,491,533,526,491,533,-35,7,35,7,FALSE,FALSE
826,9,609,569,632,609,569,632,609,569,632,-40,23,40,23,FALSE,FALSE
826,10,675,654,747,675,654,747,675,654,747,-21,72,21,72,FALSE,FALSE
826,11,753,721,832,753,721,832,753,721,832,-32,79,32,79,FALSE,FALSE
826,12,876,824,912,876,824,912,876,824,912,-52,36,52,36,FALSE,FALSE
826,13,966,928,997,966,928,997,966,928,997,-38,31,38,31,FALSE,FALSE
826,14,1035,1005,1061,1035,1005,1061,1035,1005,1061,-30,26,30,26,FALSE,FALSE
826,15,1127,1057,1113,1127,1057,1113,1127,1057,1113,-70,-14,70,14,FALSE,FALSE
826,16,1223,1132,1191,1223,1132,1191,1223,1132,1191,-91,-32,91,32,FALSE,FALSE
826,17,1274,1176,1245,1274,1176,1245,1274,1176,1245,-98,-29,98,29,FALSE,FALSE
826,18,1333,1245,1277,1333,1245,1277,1333,1245,1277,-88,-56,88,56,FALSE,FALSE
826,19,1332,1320,1335,1332,1320,1335,1332,1320,1335,-12,3,12,3,FALSE,FALSE
826,20,1326,1381,1351,1326,1381,1351,1326,1381,1351,55,25,55,25,FALSE,FALSE
826,21,1272,1371,1333,1272,1371,1333,1272,1371,1333,99,61,99,61,FALSE,FALSE
826,22,1226,1346,1313,1226,1346,1313,1226,1346,1313,120,87,120,87,FALSE,FALSE
826,23,1198,1302,1271,1198,1302,1271,1198,1302,1271,104,73,104,73,FALSE,FALSE
826,24,1122,1242,1217,1122,1242,1217,1122,1242,1217,120,95,120,95,FALSE,FALSE
826,25,1044,1180,1189,1044,1180,1189,1044,1180,1189,136,145,136,145,FALSE,FALSE
826,26,953,1088,1140,953,1088,1140,953,1088,1140,135,187,135,187,FALSE,FALSE
826,27,897,1026,1041,897,1026,1041,897,1026,1041,129,144,129,144,FALSE,FALSE
826,28,841,976,975,841,976,975,841,976,975,135,134,135,134,FALSE,FALSE
826,29,791,864,884,791,864,884,791,864,884,73,93,73,93,FALSE,FALSE
826,30,717,787,831,717,787,831,717,787,831,70,114,70,114,FALSE,FALSE
826,31,698,733,741,698,733,741,698,733,741,35,43,35,43,FALSE,FALSE
826,32,637,675,663,637,675,663,637,675,663,38,26,38,26,FALSE,FALSE
826,33,556,590,598,556,590,598,556,590,598,34,42,34,42,FALSE,FALSE
826,34,491,515,553,491,515,553,491,515,553,24,62,24,62,FALSE,FALSE
826,35,441,458,512,441,458,512,441,458,512,17,71,17,71,FALSE,FALSE
826,36,390,411,452,390,411,452,390,411,452,21,62,21,62,FALSE,FALSE
826,37,343,334,406,343,334,406,343,334,406,-9,63,9,63,FALSE,FALSE
826,38,314,291,358,314,291,358,314,291,358,-23,44,23,44,FALSE,FALSE
826,39,296,255,305,296,255,305,296,255,305,-41,9,41,9,FALSE,FALSE
826,40,244,217,271,244,217,271,244,217,271,-27,27,27,27,FALSE,FALSE
826,41,219,198,248,219,198,248,219,198,248,-21,29,21,29,FALSE,FALSE
826,42,191,176,214,191,176,214,191,176,214,-15,23,15,23,FALSE,FALSE
826,43,169,147,187,169,147,187,169,147,187,-22,18,22,18,FALSE,FALSE
826,44,149,135,175,149,135,175,149,135,175,-14,26,14,26,FALSE,FALSE
826,45,135,121,144,135,121,144,135,121,144,-14,9,14,9,FALSE,FALSE
826,46,108,113,119,108,113,119,108,113,119,5,11,5,11,FALSE,FALSE
826,47,93,102,97,93,102,97,93,102,97,9,4,9,4,FALSE,FALSE
826,48,83,90,79,83,90,79,83,90,79,7,-4,7,4,FALSE,FALSE
826,49,76,75,64,76,75,64,76,75,64,-1,-12,1,12,FALSE,FALSE
826,50,74,60,50,74,60,50,74,60,50,-14,-24,14,24,FALSE,FALSE
826,51,65,46,43,65,46,43,65,46,43,-19,-22,19,22,FALSE,FALSE
826,52,54,41,33,54,41,33,54,41,33,-13,-21,13,21,FALSE,FALSE
826,53,46,35,30,46,35,30,46,35,30,-11,-16,11,16,FALSE,FALSE
826,54,46,34,29,46,34,29,46,34,29,-12,-17,12,17,FALSE,FALSE
826,55,44,34,21,44,34,21,44,34,21,-10,-23,10,23,FALSE,FALSE
826,56,33,30,17,33,30,17,33,30,17,-3,-16,3,16,FALSE,FALSE
826,57,30,26,14,30,26,14,30,26,14,-4,-16,4,16,FALSE,FALSE
826,58,27,25,15,27,25,15,27,25,15,-2,-12,2,12,FALSE,FALSE
826,59,22,21,12,22,21,12,22,21,12,-1,-10,1,10,FALSE,FALSE
826,60,19,14,10,19,14,10,19,14,10,-5,-9,5,9,FALSE,FALSE
827,0,142,142,142,142,142,142,142,142,142,0,0,0,0,TRUE,TRUE
827,1,183,184,173,183,184,173,183,184,173,1,-10,1,10,FALSE,FALSE
827,2,225,232,227,225,232,227,225,232,227,7,2,7,2,FALSE,FALSE
827,3,283,300,302,283,300,302,283,300,302,17,19,17,19,FALSE,FALSE
827,4,367,372,380,367,372,380,367,372,380,5,13,5,13,FALSE,FALSE
827,5,475,494,474,475,494,474,475,494,474,19,-1,19,1,FALSE,FALSE
827,6,604,633,622,604,633,622,604,633,622,29,18,29,18,FALSE,FALSE
827,7,757,801,782,757,801,782,757,801,782,44,25,44,25,FALSE,FALSE
827,8,925,981,935,925,981,935,925,981,935,56,10,56,10,FALSE,FALSE
827,9,1133,1187,1124,1133,1187,1124,1133,1187,1124,54,-9,54,9,FALSE,FALSE
827,10,1337,1402,1325,1337,1402,1325,1337,1402,1325,65,-12,65,12,FALSE,FALSE
827,11,1592,1619,1569,1592,1619,1569,1592,1619,1569,27,-23,27,23,FALSE,FALSE
827,12,1807,1867,1798,1807,1867,1798,1807,1867,1798,60,-9,60,9,FALSE,FALSE
827,13,2075,2086,2054,2075,2086,2054,2075,2086,2054,11,-21,11,21,FALSE,FALSE
827,14,2307,2286,2276,2307,2286,2276,2307,2286,2276,-21,-31,21,31,FALSE,FALSE
827,15,2511,2478,2488,2511,2478,2488,2511,2478,2488,-33,-23,33,23,FALSE,FALSE
827,16,2720,2615,2620,2720,2615,2620,2720,2615,2620,-105,-100,105,100,FALSE,FALSE
827,17,2818,2699,2742,2818,2699,2742,2818,2699,2742,-119,-76,119,76,FALSE,FALSE
827,18,2873,2766,2835,2873,2766,2835,2873,2766,2835,-107,-38,107,38,FALSE,FALSE
827,19,2858,2763,2821,2858,2763,2821,2858,2763,2821,-95,-37,95,37,FALSE,FALSE
827,20,2804,2723,2786,2804,2723,2786,2804,2723,2786,-81,-18,81,18,FALSE,FALSE
827,21,2695,2702,2709,2695,2702,2709,2695,2702,2709,7,14,7,14,FALSE,FALSE
827,22,2610,2615,2566,2610,2615,2566,2610,2615,2566,5,-44,5,44,FALSE,FALSE
827,23,2464,2493,2447,2464,2493,2447,2464,2493,2447,29,-17,29,17,FALSE,FALSE
827,24,2346,2358,2317,2346,2358,2317,2346,2358,2317,12,-29,12,29,FALSE,FALSE
827,25,2232,2193,2188,2232,2193,2188,2232,2193,2188,-39,-44,39,44,FALSE,FALSE
827,26,2081,2027,2066,2081,2027,2066,2081,2027,2066,-54,-15,54,15,FALSE,FALSE
827,27,1924,1868,1930,1924,1868,1930,1924,1868,1930,-56,6,56,6,FALSE,FALSE
827,28,1816,1704,1788,1816,1704,1788,1816,1704,1788,-112,-28,112,28,FALSE,FALSE
827,29,1663,1553,1653,1663,1553,1653,1663,1553,1653,-110,-10,110,10,FALSE,FALSE
827,30,1543,1412,1538,1543,1412,1538,1543,1412,1538,-131,-5,131,5,FALSE,FALSE
827,31,1415,1282,1419,1415,1282,1419,1415,1282,1419,-133,4,133,4,FALSE,FALSE
827,32,1271,1158,1292,1271,1158,1292,1271,1158,1292,-113,21,113,21,FALSE,FALSE
827,33,1165,1043,1204,1165,1043,1204,1165,1043,1204,-122,39,122,39,FALSE,FALSE
827,34,1064,955,1124,1064,955,1124,1064,955,1124,-109,60,109,60,FALSE,FALSE
827,35,979,869,1023,979,869,1023,979,869,1023,-110,44,110,44,FALSE,FALSE
827,36,870,782,950,870,782,950,870,782,950,-88,80,88,80,FALSE,FALSE
827,37,804,708,857,804,708,857,804,708,857,-96,53,96,53,FALSE,FALSE
827,38,730,637,779,730,637,779,730,637,779,-93,49,93,49,FALSE,FALSE
827,39,640,589,686,640,589,686,640,589,686,-51,46,51,46,FALSE,FALSE
827,40,593,520,626,593,520,626,593,520,626,-73,33,73,33,FALSE,FALSE
827,41,541,474,570,541,474,570,541,474,570,-67,29,67,29,FALSE,FALSE
827,42,492,432,525,492,432,525,492,432,525,-60,33,60,33,FALSE,FALSE
827,43,449,394,485,449,394,485,449,394,485,-55,36,55,36,FALSE,FALSE
827,44,400,365,434,400,365,434,400,365,434,-35,34,35,34,FALSE,FALSE
827,45,351,331,388,351,331,388,351,331,388,-20,37,20,37,FALSE,FALSE
827,46,318,306,346,318,306,346,318,306,346,-12,28,12,28,FALSE,FALSE
827,47,278,287,315,278,287,315,278,287,315,9,37,9,37,FALSE,FALSE
827,48,253,256,290,253,256,290,253,256,290,3,37,3,37,FALSE,FALSE
827,49,227,228,262,227,228,262,227,228,262,1,35,1,35,FALSE,FALSE
827,50,202,217,226,202,217,226,202,217,226,15,24,15,24,FALSE,FALSE
827,51,179,204,207,179,204,207,179,204,207,25,28,25,28,FALSE,FALSE
827,52,160,189,184,160,189,184,160,189,184,29,24,29,24,FALSE,FALSE
827,53,144,176,161,144,176,161,144,176,161,32,17,32,17,FALSE,FALSE
827,54,123,160,144,123,160,144,123,160,144,37,21,37,21,FALSE,FALSE
827,55,112,150,128,112,150,128,112,150,128,38,16,38,16,FALSE,FALSE
827,56,100,136,121,100,136,121,100,136,121,36,21,36,21,FALSE,FALSE
827,57,96,127,106,96,127,106,96,127,106,31,10,31,10,FALSE,FALSE
827,58,79,114,97,79,114,97,79,114,97,35,18,35,18,FALSE,FALSE
827,59,67,103,88,67,103,88,67,103,88,36,21,36,21,FALSE,FALSE
827,60,63,90,83,63,90,83,63,90,83,27,20,27,20,FALSE,FALSE
828,0,95,95,95,95,95,95,95,95,95,0,0,0,0,TRUE,TRUE
828,1,112,108,114,112,108,114,112,108,114,-4,2,4,2,FALSE,FALSE
828,2,132,117,143,132,117,143,132,117,143,-15,11,15,11,FALSE,FALSE
828,3,133,140,150,133,140,150,133,140,150,7,17,7,17,FALSE,FALSE
828,4,160,158,172,160,158,172,160,158,172,-2,12,2,12,FALSE,FALSE
828,5,193,201,209,193,201,209,193,201,209,8,16,8,16,FALSE,FALSE
828,6,232,245,239,232,245,239,232,245,239,13,7,13,7,FALSE,FALSE
828,7,280,278,271,280,278,271,280,278,271,-2,-9,2,9,FALSE,FALSE
828,8,331,316,296,331,316,296,331,316,296,-15,-35,15,35,FALSE,FALSE
828,9,369,363,319,369,363,319,369,363,319,-6,-50,6,50,FALSE,FALSE
828,10,414,421,365,414,421,365,414,421,365,7,-49,7,49,FALSE,FALSE
828,11,447,452,389,447,452,389,447,452,389,5,-58,5,58,FALSE,FALSE
828,12,479,515,444,479,515,444,479,515,444,36,-35,36,35,FALSE,FALSE
828,13,522,544,488,522,544,488,522,544,488,22,-34,22,34,FALSE,FALSE
828,14,555,613,516,555,613,516,555,613,516,58,-39,58,39,FALSE,FALSE
828,15,598,668,550,598,668,550,598,668,550,70,-48,70,48,FALSE,FALSE
828,16,629,743,583,629,743,583,629,743,583,114,-46,114,46,FALSE,FALSE
828,17,649,780,597,649,780,597,649,780,597,131,-52,131,52,FALSE,FALSE
828,18,663,772,624,663,772,624,663,772,624,109,-39,109,39,FALSE,FALSE
828,19,674,771,642,674,771,642,674,771,642,97,-32,97,32,FALSE,FALSE
828,20,684,779,657,684,779,657,684,779,657,95,-27,95,27,FALSE,FALSE
828,21,660,764,650,660,764,650,660,764,650,104,-10,104,10,FALSE,FALSE
828,22,636,745,646,636,745,646,636,745,646,109,10,109,10,FALSE,FALSE
828,23,606,720,617,606,720,617,606,720,617,114,11,114,11,FALSE,FALSE
828,24,566,687,584,566,687,584,566,687,584,121,18,121,18,FALSE,FALSE
828,25,527,635,573,527,635,573,527,635,573,108,46,108,46,FALSE,FALSE
828,26,508,604,536,508,604,536,508,604,536,96,28,96,28,FALSE,FALSE
828,27,475,563,513,475,563,513,475,563,513,88,38,88,38,FALSE,FALSE
828,28,441,511,489,441,511,489,441,511,489,70,48,70,48,FALSE,FALSE
828,29,429,467,447,429,467,447,429,467,447,38,18,38,18,FALSE,FALSE
828,30,393,431,409,393,431,409,393,431,409,38,16,38,16,FALSE,FALSE
828,31,360,391,388,360,391,388,360,391,388,31,28,31,28,FALSE,FALSE
828,32,332,359,341,332,359,341,332,359,341,27,9,27,9,FALSE,FALSE
828,33,312,312,322,312,312,322,312,312,322,0,10,0,10,TRUE,FALSE
828,34,286,291,296,286,291,296,286,291,296,5,10,5,10,FALSE,FALSE
828,35,251,261,275,251,261,275,251,261,275,10,24,10,24,FALSE,FALSE
828,36,231,236,223,231,236,223,231,236,223,5,-8,5,8,FALSE,FALSE
828,37,209,202,191,209,202,191,209,202,191,-7,-18,7,18,FALSE,FALSE
828,38,180,168,179,180,168,179,180,168,179,-12,-1,12,1,FALSE,FALSE
828,39,165,143,156,165,143,156,165,143,156,-22,-9,22,9,FALSE,FALSE
828,40,140,128,137,140,128,137,140,128,137,-12,-3,12,3,FALSE,FALSE
828,41,120,109,126,120,109,126,120,109,126,-11,6,11,6,FALSE,FALSE
828,42,103,105,121,103,105,121,103,105,121,2,18,2,18,FALSE,FALSE
828,43,96,86,110,96,86,110,96,86,110,-10,14,10,14,FALSE,FALSE
828,44,97,72,99,97,72,99,97,72,99,-25,2,25,2,FALSE,FALSE
828,45,95,54,97,95,54,97,95,54,97,-41,2,41,2,FALSE,FALSE
828,46,80,49,83,80,49,83,80,49,83,-31,3,31,3,FALSE,FALSE
828,47,74,41,81,74,41,81,74,41,81,-33,7,33,7,FALSE,FALSE
828,48,67,37,74,67,37,74,67,37,74,-30,7,30,7,FALSE,FALSE
828,49,57,29,64,57,29,64,57,29,64,-28,7,28,7,FALSE,FALSE
828,50,58,25,57,58,25,57,58,25,57,-33,-1,33,1,FALSE,FALSE
828,51,52,21,47,52,21,47,52,21,47,-31,-5,31,5,FALSE,FALSE
828,52,48,15,44,48,15,44,48,15,44,-33,-4,33,4,FALSE,FALSE
828,53,43,16,31,43,16,31,43,16,31,-27,-12,27,12,FALSE,FALSE
828,54,39,15,28,39,15,28,39,15,28,-24,-11,24,11,FALSE,FALSE
828,55,30,19,23,30,19,23,30,19,23,-11,-7,11,7,FALSE,FALSE
828,56,27,14,24,27,14,24,27,14,24,-13,-3,13,3,FALSE,FALSE
828,57,24,13,22,24,13,22,24,13,22,-11,-2,11,2,FALSE,FALSE
828,58,23,10,19,23,10,19,23,10,19,-13,-4,13,4,FALSE,FALSE
828,59,18,11,15,18,11,15,18,11,15,-7,-3,7,3,FALSE,FALSE
828,60,17,7,13,17,7,13,17,7,13,-10,-4,10,4,FALSE,FALSE
829,0,179,179,179,179,179,179,179,179,179,0,0,0,0,TRUE,TRUE
829,1,312,334,329,312,334,329,312,334,329,22,17,22,17,FALSE,FALSE
829,2,533,568,581,533,568,581,533,568,581,35,48,35,48,FALSE,FALSE
829,3,932,986,969,932,986,969,932,986,969,54,37,54,37,FALSE,FALSE
829,4,1500,1593,1619,1500,1593,1619,1500,1593,1619,93,119,93,119,FALSE,FALSE
829,5,2289,2368,2462,2289,2368,2462,2289,2368,2462,79,173,79,173,FALSE,FALSE
829,6,3103,3192,3378,3103,3192,3378,3103,3192,3378,89,275,89,275,FALSE,FALSE
829,7,3771,3803,4031,3771,3803,4031,3771,3803,4031,32,260,32,260,FALSE,FALSE
829,8,4160,4106,4295,4160,4106,4295,4160,4106,4295,-54,135,54,135,FALSE,FALSE
829,9,4167,4040,4144,4167,4040,4144,4167,4040,4144,-127,-23,127,23,FALSE,FALSE
829,10,3801,3766,3718,3801,3766,3718,3801,3766,3718,-35,-83,35,83,FALSE,FALSE
829,11,3396,3287,3233,3396,3287,3233,3396,3287,3233,-109,-163,109,163,FALSE,FALSE
829,12,2928,2855,2673,2928,2855,2673,2928,2855,2673,-73,-255,73,255,FALSE,FALSE
829,13,2455,2378,2251,2455,2378,2251,2455,2378,2251,-77,-204,77,204,FALSE,FALSE
829,14,2019,1928,1818,2019,1928,1818,2019,1928,1818,-91,-201,91,201,FALSE,FALSE
829,15,1617,1544,1476,1617,1544,1476,1617,1544,1476,-73,-141,73,141,FALSE,FALSE
829,16,1306,1276,1200,1306,1276,1200,1306,1276,1200,-30,-106,30,106,FALSE,FALSE
829,17,1035,1045,970,1035,1045,970,1035,1045,970,10,-65,10,65,FALSE,FALSE
829,18,831,845,772,831,845,772,831,845,772,14,-59,14,59,FALSE,FALSE
829,19,640,679,605,640,679,605,640,679,605,39,-35,39,35,FALSE,FALSE
829,20,510,552,472,510,552,472,510,552,472,42,-38,42,38,FALSE,FALSE
829,21,405,451,385,405,451,385,405,451,385,46,-20,46,20,FALSE,FALSE
829,22,335,383,310,335,383,310,335,383,310,48,-25,48,25,FALSE,FALSE
829,23,268,316,247,268,316,247,268,316,247,48,-21,48,21,FALSE,FALSE
829,24,219,248,197,219,248,197,219,248,197,29,-22,29,22,FALSE,FALSE
829,25,169,210,153,169,210,153,169,210,153,41,-16,41,16,FALSE,FALSE
829,26,135,164,132,135,164,132,135,164,132,29,-3,29,3,FALSE,FALSE
829,27,108,138,107,108,138,107,108,138,107,30,-1,30,1,FALSE,FALSE
829,28,91,110,81,91,110,81,91,110,81,19,-10,19,10,FALSE,FALSE
829,29,70,89,66,70,89,66,70,89,66,19,-4,19,4,FALSE,FALSE
829,30,54,68,57,54,68,57,54,68,57,14,3,14,3,FALSE,FALSE
829,31,36,53,48,36,53,48,36,53,48,17,12,17,12,FALSE,FALSE
829,32,31,39,40,31,39,40,31,39,40,8,9,8,9,FALSE,FALSE
829,33,25,29,38,25,29,38,25,29,38,4,13,4,13,FALSE,FALSE
829,34,19,24,27,19,24,27,19,24,27,5,8,5,8,FALSE,FALSE
829,35,15,21,23,15,21,23,15,21,23,6,8,6,8,FALSE,FALSE
829,36,12,17,16,12,17,16,12,17,16,5,4,5,4,FALSE,FALSE
829,37,9,9,14,9,9,14,9,9,14,0,5,0,5,TRUE,FALSE
829,38,5,5,11,5,5,11,5,5,11,0,6,0,6,TRUE,FALSE
829,39,4,2,10,4,2,10,4,2,10,-2,6,2,6,FALSE,FALSE
829,40,3,2,7,3,2,7,3,2,7,-1,4,1,4,FALSE,FALSE
829,41,3,3,3,3,3,3,3,3,3,0,0,0,0,TRUE,TRUE
829,42,1,2,3,1,2,3,1,2,3,1,2,1,2,FALSE,FALSE
829,43,1,0,2,1,0,2,1,0,2,-1,1,1,1,FALSE,FALSE
829,44,0,0,2,0,0,2,0,0,2,0,2,0,2,TRUE,FALSE
829,45,0,0,1,0,0,1,0,0,1,0,1,0,1,TRUE,FALSE
829,46,0,0,1,0,0,1,0,0,1,0,1,0,1,TRUE,FALSE
829,47,0,0,1,0,0,1,0,0,1,0,1,0,1,TRUE,FALSE
829,48,0,0,1,0,0,1,0,0,1,0,1,0,1,TRUE,FALSE
829,49,0,0,0,0,0,0,0,0,0,0,0,0,0,TRUE,TRUE
829,50,0,0,0,0,0,0,0,0,0,0,0,0,0,TRUE,TRUE
829,51,0,0,0,0,0,0,0,0,0,0,0,0,0,TRUE,TRUE
829,52,0,0,0,0,0,0,0,0,0,0,0,0,0,TRUE,TRUE
829,53,0,0,0,0,0,0,0,0,0,0,0,0,0,TRUE,TRUE
829,54,0,0,0,0,0,0,0,0,0,0,0,0,0,TRUE,TRUE
829,55,0,0,0,0,0,0,0,0,0,0,0,0,0,TRUE,TRUE
829,56,0,0,0,0,0,0,0,0,0,0,0,0,0,TRUE,TRUE
829,57,0,0,0,0,0,0,0,0,0,0,0,0,0,TRUE,TRUE
829,58,0,0,0,0,0,0,0,0,0,0,0,0,0,TRUE,TRUE
829,59,0,0,0,0,0,0,0,0,0,0,0,0,0,TRUE,TRUE
829,60,0,0,0,0,0,0,0,0,0,0,0,0,0,TRUE,TRUE
830,0,81,81,81,81,81,81,81,81,81,0,0,0,0,TRUE,TRUE
830,1,92,85,90,92,85,90,92,85,90,-7,-2,7,2,FALSE,FALSE
830,2,111,106,101,111,106,101,111,106,101,-5,-10,5,10,FALSE,FALSE
830,3,132,133,108,132,133,108,132,133,108,1,-24,1,24,FALSE,FALSE
830,4,149,143,117,149,143,117,149,143,117,-6,-32,6,32,FALSE,FALSE
830,5,160,163,136,160,163,136,160,163,136,3,-24,3,24,FALSE,FALSE
830,6,176,188,153,176,188,153,176,188,153,12,-23,12,23,FALSE,FALSE
830,7,194,211,170,194,211,170,194,211,170,17,-24,17,24,FALSE,FALSE
830,8,219,240,192,219,240,192,219,240,192,21,-27,21,27,FALSE,FALSE
830,9,265,277,224,265,277,224,265,277,224,12,-41,12,41,FALSE,FALSE
830,10,294,319,236,294,319,236,294,319,236,25,-58,25,58,FALSE,FALSE
830,11,333,364,274,333,364,274,333,364,274,31,-59,31,59,FALSE,FALSE
830,12,397,419,318,397,419,318,397,419,318,22,-79,22,79,FALSE,FALSE
830,13,441,481,351,441,481,351,441,481,351,40,-90,40,90,FALSE,FALSE
830,14,478,548,402,478,548,402,478,548,402,70,-76,70,76,FALSE,FALSE
830,15,520,619,451,520,619,451,520,619,451,99,-69,99,69,FALSE,FALSE
830,16,568,683,514,568,683,514,568,683,514,115,-54,115,54,FALSE,FALSE
830,17,623,759,561,623,759,561,623,759,561,136,-62,136,62,FALSE,FALSE
830,18,671,832,626,671,832,626,671,832,626,161,-45,161,45,FALSE,FALSE
830,19,738,910,667,738,910,667,738,910,667,172,-71,172,71,FALSE,FALSE
830,20,836,970,752,836,970,752,836,970,752,134,-84,134,84,FALSE,FALSE
830,21,912,1042,817,912,1042,817,912,1042,817,130,-95,130,95,FALSE,FALSE
830,22,1009,1134,889,1009,1134,889,1009,1134,889,125,-120,125,120,FALSE,FALSE
830,23,1110,1213,950,1110,1213,950,1110,1213,950,103,-160,103,160,FALSE,FALSE
830,24,1188,1295,1044,1188,1295,1044,1188,1295,1044,107,-144,107,144,FALSE,FALSE
830,25,1292,1398,1146,1292,1398,1146,1292,1398,1146,106,-146,106,146,FALSE,FALSE
830,26,1373,1492,1197,1373,1492,1197,1373,1492,1197,119,-176,119,176,FALSE,FALSE
830,27,1446,1554,1245,1446,1554,1245,1446,1554,1245,108,-201,108,201,FALSE,FALSE
830,28,1519,1611,1309,1519,1611,1309,1519,1611,1309,92,-210,92,210,FALSE,FALSE
830,29,1569,1684,1378,1569,1684,1378,1569,1684,1378,115,-191,115,191,FALSE,FALSE
830,30,1618,1735,1443,1618,1735,1443,1618,1735,1443,117,-175,117,175,FALSE,FALSE
830,31,1646,1787,1532,1646,1787,1532,1646,1787,1532,141,-114,141,114,FALSE,FALSE
830,32,1686,1826,1595,1686,1826,1595,1686,1826,1595,140,-91,140,91,FALSE,FALSE
830,33,1727,1857,1645,1727,1857,1645,1727,1857,1645,130,-82,130,82,FALSE,FALSE
830,34,1727,1863,1679,1727,1863,1679,1727,1863,1679,136,-48,136,48,FALSE,FALSE
830,35,1741,1873,1744,1741,1873,1744,1741,1873,1744,132,3,132,3,FALSE,FALSE
830,36,1741,1852,1764,1741,1852,1764,1741,1852,1764,111,23,111,23,FALSE,FALSE
830,37,1749,1870,1762,1749,1870,1762,1749,1870,1762,121,13,121,13,FALSE,FALSE
830,38,1740,1864,1753,1740,1864,1753,1740,1864,1753,124,13,124,13,FALSE,FALSE
830,39,1731,1847,1726,1731,1847,1726,1731,1847,1726,116,-5,116,5,FALSE,FALSE
830,40,1695,1798,1728,1695,1798,1728,1695,1798,1728,103,33,103,33,FALSE,FALSE
830,41,1688,1770,1722,1688,1770,1722,1688,1770,1722,82,34,82,34,FALSE,FALSE
830,42,1627,1720,1703,1627,1720,1703,1627,1720,1703,93,76,93,76,FALSE,FALSE
830,43,1598,1689,1660,1598,1689,1660,1598,1689,1660,91,62,91,62,FALSE,FALSE
830,44,1540,1643,1646,1540,1643,1646,1540,1643,1646,103,106,103,106,FALSE,FALSE
830,45,1492,1595,1621,1492,1595,1621,1492,1595,1621,103,129,103,129,FALSE,FALSE
830,46,1448,1533,1590,1448,1533,1590,1448,1533,1590,85,142,85,142,FALSE,FALSE
830,47,1372,1477,1560,1372,1477,1560,1372,1477,1560,105,188,105,188,FALSE,FALSE
830,48,1298,1392,1499,1298,1392,1499,1298,1392,1499,94,201,94,201,FALSE,FALSE
830,49,1232,1352,1431,1232,1352,1431,1232,1352,1431,120,199,120,199,FALSE,FALSE
830,50,1203,1289,1374,1203,1289,1374,1203,1289,1374,86,171,86,171,FALSE,FALSE
830,51,1175,1236,1313,1175,1236,1313,1175,1236,1313,61,138,61,138,FALSE,FALSE
830,52,1127,1174,1266,1127,1174,1266,1127,1174,1266,47,139,47,139,FALSE,FALSE
830,53,1089,1133,1202,1089,1133,1202,1089,1133,1202,44,113,44,113,FALSE,FALSE
830,54,1035,1093,1155,1035,1093,1155,1035,1093,1155,58,120,58,120,FALSE,FALSE
830,55,970,1032,1096,970,1032,1096,970,1032,1096,62,126,62,126,FALSE,FALSE
830,56,923,985,1056,923,985,1056,923,985,1056,62,133,62,133,FALSE,FALSE
830,57,871,949,991,871,949,991,871,949,991,78,120,78,120,FALSE,FALSE
830,58,827,901,948,827,901,948,827,901,948,74,121,74,121,FALSE,FALSE
830,59,770,860,902,770,860,902,770,860,902,90,132,90,132,FALSE,FALSE
830,60,733,792,853,733,792,853,733,792,853,59,120,59,120,FALSE,FALSE
831,0,187,187,187,187,187,187,187,187,187,0,0,0,0,TRUE,TRUE
831,1,197,201,204,197,201,204,197,201,204,4,7,4,7,FALSE,FALSE
831,2,202,202,222,202,202,222,202,202,222,0,20,0,20,TRUE,FALSE
831,3,224,223,239,224,223,239,224,223,239,-1,15,1,15,FALSE,FALSE
831,4,230,236,263,230,236,263,230,236,263,6,33,6,33,FALSE,FALSE
831,5,232,244,285,232,244,285,232,244,285,12,53,12,53,FALSE,FALSE
831,6,239,243,301,239,243,301,239,243,301,4,62,4,62,FALSE,FALSE
831,7,248,260,315,248,260,315,248,260,315,12,67,12,67,FALSE,FALSE
831,8,260,271,350,260,271,350,260,271,350,11,90,11,90,FALSE,FALSE
831,9,288,292,369,288,292,369,288,292,369,4,81,4,81,FALSE,FALSE
831,10,297,304,381,297,304,381,297,304,381,7,84,7,84,FALSE,FALSE
831,11,311,315,413,311,315,413,311,315,413,4,102,4,102,FALSE,FALSE
831,12,322,317,447,322,317,447,322,317,447,-5,125,5,125,FALSE,FALSE
831,13,340,341,468,340,341,468,340,341,468,1,128,1,128,FALSE,FALSE
831,14,357,372,506,357,372,506,357,372,506,15,149,15,149,FALSE,FALSE
831,15,360,383,526,360,383,526,360,383,526,23,166,23,166,FALSE,FALSE
831,16,376,397,548,376,397,548,376,397,548,21,172,21,172,FALSE,FALSE
831,17,388,436,579,388,436,579,388,436,579,48,191,48,191,FALSE,FALSE
831,18,409,461,600,409,461,600,409,461,600,52,191,52,191,FALSE,FALSE
831,19,436,489,613,436,489,613,436,489,613,53,177,53,177,FALSE,FALSE
831,20,449,506,637,449,506,637,449,506,637,57,188,57,188,FALSE,FALSE
831,21,466,531,686,466,531,686,466,531,686,65,220,65,220,FALSE,FALSE
831,22,489,556,731,489,556,731,489,556,731,67,242,67,242,FALSE,FALSE
831,23,495,568,752,495,568,752,495,568,752,73,257,73,257,FALSE,FALSE
831,24,506,582,786,506,582,786,506,582,786,76,280,76,280,FALSE,FALSE
831,25,512,618,806,512,618,806,512,618,806,106,294,106,294,FALSE,FALSE
831,26,552,644,819,552,644,819,552,644,819,92,267,92,267,FALSE,FALSE
831,27,564,645,819,564,645,819,564,645,819,81,255,81,255,FALSE,FALSE
831,28,580,682,856,580,682,856,580,682,856,102,276,102,276,FALSE,FALSE
831,29,598,708,848,598,708,848,598,708,848,110,250,110,250,FALSE,FALSE
831,30,604,754,866,604,754,866,604,754,866,150,262,150,262,FALSE,FALSE
831,31,620,769,887,620,769,887,620,769,887,149,267,149,267,FALSE,FALSE
831,32,656,789,912,656,789,912,656,789,912,133,256,133,256,FALSE,FALSE
831,33,663,802,958,663,802,958,663,802,958,139,295,139,295,FALSE,FALSE
831,34,686,820,958,686,820,958,686,820,958,134,272,134,272,FALSE,FALSE
831,35,680,837,982,680,837,982,680,837,982,157,302,157,302,FALSE,FALSE
831,36,701,841,1008,701,841,1008,701,841,1008,140,307,140,307,FALSE,FALSE
831,37,718,872,999,718,872,999,718,872,999,154,281,154,281,FALSE,FALSE
831,38,734,899,1004,734,899,1004,734,899,1004,165,270,165,270,FALSE,FALSE
831,39,726,929,1008,726,929,1008,726,929,1008,203,282,203,282,FALSE,FALSE
831,40,743,945,1009,743,945,1009,743,945,1009,202,266,202,266,FALSE,FALSE
831,41,753,939,1002,753,939,1002,753,939,1002,186,249,186,249,FALSE,FALSE
831,42,758,953,1030,758,953,1030,758,953,1030,195,272,195,272,FALSE,FALSE
831,43,764,958,1028,764,958,1028,764,958,1028,194,264,194,264,FALSE,FALSE
831,44,758,974,1017,758,974,1017,758,974,1017,216,259,216,259,FALSE,FALSE
831,45,791,972,1014,791,972,1014,791,972,1014,181,223,181,223,FALSE,FALSE
831,46,805,952,995,805,952,995,805,952,995,147,190,147,190,FALSE,FALSE
831,47,830,940,995,830,940,995,830,940,995,110,165,110,165,FALSE,FALSE
831,48,820,937,975,820,937,975,820,937,975,117,155,117,155,FALSE,FALSE
831,49,801,923,984,801,923,984,801,923,984,122,183,122,183,FALSE,FALSE
831,50,814,920,942,814,920,942,814,920,942,106,128,106,128,FALSE,FALSE
831,51,829,906,928,829,906,928,829,906,928,77,99,77,99,FALSE,FALSE
831,52,851,883,912,851,883,912,851,883,912,32,61,32,61,FALSE,FALSE
831,53,857,883,883,857,883,883,857,883,883,26,26,26,26,FALSE,FALSE
831,54,863,881,878,863,881,878,863,881,878,18,15,18,15,FALSE,FALSE
831,55,870,866,850,870,866,850,870,866,850,-4,-20,4,20,FALSE,FALSE
831,56,859,842,830,859,842,830,859,842,830,-17,-29,17,29,FALSE,FALSE
831,57,850,814,808,850,814,808,850,814,808,-36,-42,36,42,FALSE,FALSE
831,58,819,792,788,819,792,788,819,792,788,-27,-31,27,31,FALSE,FALSE
831,59,814,783,752,814,783,752,814,783,752,-31,-62,31,62,FALSE,FALSE
831,60,808,765,731,808,765,731,808,765,731,-43,-77,43,77,FALSE,FALSE
832,0,109,109,109,109,109,109,109,109,109,0,0,0,0,TRUE,TRUE
832,1,160,157,151,160,157,151,160,157,151,-3,-9,3,9,FALSE,FALSE
832,2,246,213,238,246,213,238,246,213,238,-33,-8,33,8,FALSE,FALSE
832,3,367,294,364,367,294,364,367,294,364,-73,-3,73,3,FALSE,FALSE
832,4,512,419,511,512,419,511,512,419,511,-93,-1,93,1,FALSE,FALSE
832,5,730,605,738,730,605,738,730,605,738,-125,8,125,8,FALSE,FALSE
832,6,1027,830,1040,1027,830,1040,1027,830,1040,-197,13,197,13,FALSE,FALSE
832,7,1401,1148,1393,1401,1148,1393,1401,1148,1393,-253,-8,253,8,FALSE,FALSE
832,8,1816,1572,1834,1816,1572,1834,1816,1572,1834,-244,18,244,18,FALSE,FALSE
832,9,2331,2052,2321,2331,2052,2321,2331,2052,2321,-279,-10,279,10,FALSE,FALSE
832,10,2821,2545,2774,2821,2545,2774,2821,2545,2774,-276,-47,276,47,FALSE,FALSE
832,11,3220,2963,3124,3220,2963,3124,3220,2963,3124,-257,-96,257,96,FALSE,FALSE
832,12,3492,3303,3439,3492,3303,3439,3492,3303,3439,-189,-53,189,53,FALSE,FALSE
832,13,3682,3541,3624,3682,3541,3624,3682,3541,3624,-141,-58,141,58,FALSE,FALSE
832,14,3689,3659,3689,3689,3659,3689,3689,3659,3689,-30,0,30,0,FALSE,TRUE
832,15,3609,3599,3622,3609,3599,3622,3609,3599,3622,-10,13,10,13,FALSE,FALSE
832,16,3424,3488,3425,3424,3488,3425,3424,3488,3425,64,1,64,1,FALSE,FALSE
832,17,3171,3296,3153,3171,3296,3153,3171,3296,3153,125,-18,125,18,FALSE,FALSE
832,18,2887,3052,2898,2887,3052,2898,2887,3052,2898,165,11,165,11,FALSE,FALSE
832,19,2660,2816,2692,2660,2816,2692,2660,2816,2692,156,32,156,32,FALSE,FALSE
832,20,2406,2544,2436,2406,2544,2436,2406,2544,2436,138,30,138,30,FALSE,FALSE
832,21,2143,2328,2182,2143,2328,2182,2143,2328,2182,185,39,185,39,FALSE,FALSE
832,22,1879,2064,1947,1879,2064,1947,1879,2064,1947,185,68,185,68,FALSE,FALSE
832,23,1668,1814,1754,1668,1814,1754,1668,1814,1754,146,86,146,86,FALSE,FALSE
832,24,1491,1576,1558,1491,1576,1558,1491,1576,1558,85,67,85,67,FALSE,FALSE
832,25,1315,1423,1356,1315,1423,1356,1315,1423,1356,108,41,108,41,FALSE,FALSE
832,26,1154,1282,1207,1154,1282,1207,1154,1282,1207,128,53,128,53,FALSE,FALSE
832,27,1025,1107,1078,1025,1107,1078,1025,1107,1078,82,53,82,53,FALSE,FALSE
832,28,922,964,951,922,964,951,922,964,951,42,29,42,29,FALSE,FALSE
832,29,808,866,849,808,866,849,808,866,849,58,41,58,41,FALSE,FALSE
832,30,700,759,737,700,759,737,700,759,737,59,37,59,37,FALSE,FALSE
832,31,599,661,636,599,661,636,599,661,636,62,37,62,37,FALSE,FALSE
832,32,514,587,574,514,587,574,514,587,574,73,60,73,60,FALSE,FALSE
832,33,455,528,500,455,528,500,455,528,500,73,45,73,45,FALSE,FALSE
832,34,402,474,446,402,474,446,402,474,446,72,44,72,44,FALSE,FALSE
832,35,368,430,387,368,430,387,368,430,387,62,19,62,19,FALSE,FALSE
832,36,317,369,333,317,369,333,317,369,333,52,16,52,16,FALSE,FALSE
832,37,265,331,287,265,331,287,265,331,287,66,22,66,22,FALSE,FALSE
832,38,229,278,264,229,278,264,229,278,264,49,35,49,35,FALSE,FALSE
832,39,193,242,223,193,242,223,193,242,223,49,30,49,30,FALSE,FALSE
832,40,179,204,192,179,204,192,179,204,192,25,13,25,13,FALSE,FALSE
832,41,156,181,173,156,181,173,156,181,173,25,17,25,17,FALSE,FALSE
832,42,134,160,154,134,160,154,134,160,154,26,20,26,20,FALSE,FALSE
832,43,113,140,133,113,140,133,113,140,133,27,20,27,20,FALSE,FALSE
832,44,98,122,116,98,122,116,98,122,116,24,18,24,18,FALSE,FALSE
832,45,86,106,105,86,106,105,86,106,105,20,19,20,19,FALSE,FALSE
832,46,73,89,92,73,89,92,73,89,92,16,19,16,19,FALSE,FALSE
832,47,57,77,83,57,77,83,57,77,83,20,26,20,26,FALSE,FALSE
832,48,48,66,79,48,66,79,48,66,79,18,31,18,31,FALSE,FALSE
832,49,37,57,61,37,57,61,37,57,61,20,24,20,24,FALSE,FALSE
832,50,35,47,59,35,47,59,35,47,59,12,24,12,24,FALSE,FALSE
832,51,32,40,48,32,40,48,32,40,48,8,16,8,16,FALSE,FALSE
832,52,26,36,41,26,36,41,26,36,41,10,15,10,15,FALSE,FALSE
832,53,21,28,40,21,28,40,21,28,40,7,19,7,19,FALSE,FALSE
832,54,18,24,34,18,24,34,18,24,34,6,16,6,16,FALSE,FALSE
832,55,18,21,28,18,21,28,18,21,28,3,10,3,10,FALSE,FALSE
832,56,16,18,26,16,18,26,16,18,26,2,10,2,10,FALSE,FALSE
832,57,15,14,22,15,14,22,15,14,22,-1,7,1,7,FALSE,FALSE
832,58,11,12,21,11,12,21,11,12,21,1,10,1,10,FALSE,FALSE
832,59,9,10,21,9,10,21,9,10,21,1,12,1,12,FALSE,FALSE
832,60,8,10,20,8,10,20,8,10,20,2,12,2,12,FALSE,FALSE
833,0,64,64,64,64,64,64,64,64,64,0,0,0,0,TRUE,TRUE
833,1,73,74,72,73,74,72,73,74,72,1,-1,1,1,FALSE,FALSE
833,2,97,94,74,97,94,74,97,94,74,-3,-23,3,23,FALSE,FALSE
833,3,113,114,83,113,114,83,113,114,83,1,-30,1,30,FALSE,FALSE
833,4,125,138,100,125,138,100,125,138,100,13,-25,13,25,FALSE,FALSE
833,5,146,164,136,146,164,136,146,164,136,18,-10,18,10,FALSE,FALSE
833,6,166,200,152,166,200,152,166,200,152,34,-14,34,14,FALSE,FALSE
833,7,193,228,175,193,228,175,193,228,175,35,-18,35,18,FALSE,FALSE
833,8,221,265,192,221,265,192,221,265,192,44,-29,44,29,FALSE,FALSE
833,9,234,314,227,234,314,227,234,314,227,80,-7,80,7,FALSE,FALSE
833,10,265,361,242,265,361,242,265,361,242,96,-23,96,23,FALSE,FALSE
833,11,319,409,267,319,409,267,319,409,267,90,-52,90,52,FALSE,FALSE
833,12,374,465,280,374,465,280,374,465,280,91,-94,91,94,FALSE,FALSE
833,13,411,539,313,411,539,313,411,539,313,128,-98,128,98,FALSE,FALSE
833,14,466,590,366,466,590,366,466,590,366,124,-100,124,100,FALSE,FALSE
833,15,486,652,402,486,652,402,486,652,402,166,-84,166,84,FALSE,FALSE
833,16,550,707,473,550,707,473,550,707,473,157,-77,157,77,FALSE,FALSE
833,17,570,736,536,570,736,536,570,736,536,166,-34,166,34,FALSE,FALSE
833,18,612,781,587,612,781,587,612,781,587,169,-25,169,25,FALSE,FALSE
833,19,671,838,653,671,838,653,671,838,653,167,-18,167,18,FALSE,FALSE
833,20,766,884,706,766,884,706,766,884,706,118,-60,118,60,FALSE,FALSE
833,21,791,943,735,791,943,735,791,943,735,152,-56,152,56,FALSE,FALSE
833,22,836,950,756,836,950,756,836,950,756,114,-80,114,80,FALSE,FALSE
833,23,879,948,791,879,948,791,879,948,791,69,-88,69,88,FALSE,FALSE
833,24,880,927,806,880,927,806,880,927,806,47,-74,47,74,FALSE,FALSE
833,25,878,868,829,878,868,829,878,868,829,-10,-49,10,49,FALSE,FALSE
833,26,890,822,857,890,822,857,890,822,857,-68,-33,68,33,FALSE,FALSE
833,27,867,795,845,867,795,845,867,795,845,-72,-22,72,22,FALSE,FALSE
833,28,863,748,793,863,748,793,863,748,793,-115,-70,115,70,FALSE,FALSE
833,29,823,682,765,823,682,765,823,682,765,-141,-58,141,58,FALSE,FALSE
833,30,776,609,737,776,609,737,776,609,737,-167,-39,167,39,FALSE,FALSE
833,31,720,553,705,720,553,705,720,553,705,-167,-15,167,15,FALSE,FALSE
833,32,656,494,684,656,494,684,656,494,684,-162,28,162,28,FALSE,FALSE
833,33,627,431,672,627,431,672,627,431,672,-196,45,196,45,FALSE,FALSE
833,34,586,393,635,586,393,635,586,393,635,-193,49,193,49,FALSE,FALSE
833,35,547,352,602,547,352,602,547,352,602,-195,55,195,55,FALSE,FALSE
833,36,478,322,544,478,322,544,478,322,544,-156,66,156,66,FALSE,FALSE
833,37,432,298,517,432,298,517,432,298,517,-134,85,134,85,FALSE,FALSE
833,38,401,249,466,401,249,466,401,249,466,-152,65,152,65,FALSE,FALSE
833,39,369,214,426,369,214,426,369,214,426,-155,57,155,57,FALSE,FALSE
833,40,347,177,389,347,177,389,347,177,389,-170,42,170,42,FALSE,FALSE
833,41,315,162,347,315,162,347,315,162,347,-153,32,153,32,FALSE,FALSE
833,42,303,143,320,303,143,320,303,143,320,-160,17,160,17,FALSE,FALSE
833,43,260,123,270,260,123,270,260,123,270,-137,10,137,10,FALSE,FALSE
833,44,246,101,241,246,101,241,246,101,241,-145,-5,145,5,FALSE,FALSE
833,45,219,82,209,219,82,209,219,82,209,-137,-10,137,10,FALSE,FALSE
833,46,201,67,194,201,67,194,201,67,194,-134,-7,134,7,FALSE,FALSE
833,47,179,63,173,179,63,173,179,63,173,-116,-6,116,6,FALSE,FALSE
833,48,159,54,152,159,54,152,159,54,152,-105,-7,105,7,FALSE,FALSE
833,49,132,43,138,132,43,138,132,43,138,-89,6,89,6,FALSE,FALSE
833,50,113,38,121,113,38,121,113,38,121,-75,8,75,8,FALSE,FALSE
833,51,100,34,105,100,34,105,100,34,105,-66,5,66,5,FALSE,FALSE
833,52,88,32,102,88,32,102,88,32,102,-56,14,56,14,FALSE,FALSE
833,53,78,29,82,78,29,82,78,29,82,-49,4,49,4,FALSE,FALSE
833,54,70,25,67,70,25,67,70,25,67,-45,-3,45,3,FALSE,FALSE
833,55,53,21,63,53,21,63,53,21,63,-32,10,32,10,FALSE,FALSE
833,56,42,24,55,42,24,55,42,24,55,-18,13,18,13,FALSE,FALSE
833,57,34,24,51,34,24,51,34,24,51,-10,17,10,17,FALSE,FALSE
833,58,30,25,46,30,25,46,30,25,46,-5,16,5,16,FALSE,FALSE
833,59,27,20,42,27,20,42,27,20,42,-7,15,7,15,FALSE,FALSE
833,60,23,18,43,23,18,43,23,18,43,-5,20,5,20,FALSE,FALSE
834,0,57,57,57,57,57,57,57,57,57,0,0,0,0,TRUE,TRUE
834,1,95,58,100,95,58,100,95,58,100,-37,5,37,5,FALSE,FALSE
834,2,154,57,141,154,57,141,154,57,141,-97,-13,97,13,FALSE,FALSE
834,3,236,58,209,236,58,209,236,58,209,-178,-27,178,27,FALSE,FALSE
834,4,360,60,339,360,60,339,360,60,339,-300,-21,300,21,FALSE,FALSE
834,5,562,57,519,562,57,519,562,57,519,-505,-43,505,43,FALSE,FALSE
834,6,776,63,774,776,63,774,776,63,774,-713,-2,713,2,FALSE,FALSE
834,7,1104,63,1089,1104,63,1089,1104,63,1089,-1041,-15,1041,15,FALSE,FALSE
834,8,1489,58,1451,1489,58,1451,1489,58,1451,-1431,-38,1431,38,FALSE,FALSE
834,9,1864,61,1788,1864,61,1788,1864,61,1788,-1803,-76,1803,76,FALSE,FALSE
834,10,2207,61,2158,2207,61,2158,2207,61,2158,-2146,-49,2146,49,FALSE,FALSE
834,11,2440,67,2439,2440,67,2439,2440,67,2439,-2373,-1,2373,1,FALSE,FALSE
834,12,2509,65,2536,2509,65,2536,2509,65,2536,-2444,27,2444,27,FALSE,FALSE
834,13,2439,70,2496,2439,70,2496,2439,70,2496,-2369,57,2369,57,FALSE,FALSE
834,14,2276,75,2338,2276,75,2338,2276,75,2338,-2201,62,2201,62,FALSE,FALSE
834,15,2062,71,2122,2062,71,2122,2062,71,2122,-1991,60,1991,60,FALSE,FALSE
834,16,1849,70,1858,1849,70,1858,1849,70,1858,-1779,9,1779,9,FALSE,FALSE
834,17,1570,72,1564,1570,72,1564,1570,72,1564,-1498,-6,1498,6,FALSE,FALSE
834,18,1328,71,1309,1328,71,1309,1328,71,1309,-1257,-19,1257,19,FALSE,FALSE
834,19,1107,75,1075,1107,75,1075,1107,75,1075,-1032,-32,1032,32,FALSE,FALSE
834,20,927,72,901,927,72,901,927,72,901,-855,-26,855,26,FALSE,FALSE
834,21,750,69,749,750,69,749,750,69,749,-681,-1,681,1,FALSE,FALSE
834,22,634,79,599,634,79,599,634,79,599,-555,-35,555,35,FALSE,FALSE
834,23,524,84,487,524,84,487,524,84,487,-440,-37,440,37,FALSE,FALSE
834,24,443,96,393,443,96,393,443,96,393,-347,-50,347,50,FALSE,FALSE
834,25,382,97,313,382,97,313,382,97,313,-285,-69,285,69,FALSE,FALSE
834,26,314,101,254,314,101,254,314,101,254,-213,-60,213,60,FALSE,FALSE
834,27,271,112,202,271,112,202,271,112,202,-159,-69,159,69,FALSE,FALSE
834,28,223,110,157,223,110,157,223,110,157,-113,-66,113,66,FALSE,FALSE
834,29,159,110,125,159,110,125,159,110,125,-49,-34,49,34,FALSE,FALSE
834,30,125,117,105,125,117,105,125,117,105,-8,-20,8,20,FALSE,FALSE
834,31,104,128,86,104,128,86,104,128,86,24,-18,24,18,FALSE,FALSE
834,32,77,118,64,77,118,64,77,118,64,41,-13,41,13,FALSE,FALSE
834,33,65,125,52,65,125,52,65,125,52,60,-13,60,13,FALSE,FALSE
834,34,53,129,42,53,129,42,53,129,42,76,-11,76,11,FALSE,FALSE
834,35,41,137,35,41,137,35,41,137,35,96,-6,96,6,FALSE,FALSE
834,36,33,149,28,33,149,28,33,149,28,116,-5,116,5,FALSE,FALSE
834,37,30,160,25,30,160,25,30,160,25,130,-5,130,5,FALSE,FALSE
834,38,24,155,22,24,155,22,24,155,22,131,-2,131,2,FALSE,FALSE
834,39,21,162,19,21,162,19,21,162,19,141,-2,141,2,FALSE,FALSE
834,40,18,182,14,18,182,14,18,182,14,164,-4,164,4,FALSE,FALSE
834,41,14,192,12,14,192,12,14,192,12,178,-2,178,2,FALSE,FALSE
834,42,14,195,12,14,195,12,14,195,12,181,-2,181,2,FALSE,FALSE
834,43,11,206,11,11,206,11,11,206,11,195,0,195,0,FALSE,TRUE
834,44,8,217,6,8,217,6,8,217,6,209,-2,209,2,FALSE,FALSE
834,45,6,227,6,6,227,6,6,227,6,221,0,221,0,FALSE,TRUE
834,46,6,239,4,6,239,4,6,239,4,233,-2,233,2,FALSE,FALSE
834,47,4,248,3,4,248,3,4,248,3,244,-1,244,1,FALSE,FALSE
834,48,4,278,3,4,278,3,4,278,3,274,-1,274,1,FALSE,FALSE
834,49,5,281,3,5,281,3,5,281,3,276,-2,276,2,FALSE,FALSE
834,50,4,276,2,4,276,2,4,276,2,272,-2,272,2,FALSE,FALSE
834,51,4,283,3,4,283,3,4,283,3,279,-1,279,1,FALSE,FALSE
834,52,2,279,2,2,279,2,2,279,2,277,0,277,0,FALSE,TRUE
834,53,2,269,2,2,269,2,2,269,2,267,0,267,0,FALSE,TRUE
834,54,2,273,2,2,273,2,2,273,2,271,0,271,0,FALSE,TRUE
834,55,0,291,2,0,291,2,0,291,2,291,2,291,2,FALSE,FALSE
834,56,0,307,1,0,307,1,0,307,1,307,1,307,1,FALSE,FALSE
834,57,0,307,0,0,307,0,0,307,0,307,0,307,0,FALSE,TRUE
834,58,0,302,0,0,302,0,0,302,0,302,0,302,0,FALSE,TRUE
834,59,0,282,0,0,282,0,0,282,0,282,0,282,0,FALSE,TRUE
834,60,0,297,0,0,297,0,0,297,0,297,0,297,0,FALSE,TRUE
835,0,146,146,146,146,146,146,146,146,146,0,0,0,0,TRUE,TRUE
835,1,216,217,208,216,217,208,216,217,208,1,-8,1,8,FALSE,FALSE
835,2,317,319,272,317,319,272,317,319,272,2,-45,2,45,FALSE,FALSE
835,3,452,464,365,452,464,365,452,464,365,12,-87,12,87,FALSE,FALSE
835,4,610,650,515,610,650,515,610,650,515,40,-95,40,95,FALSE,FALSE
835,5,809,899,709,809,899,709,809,899,709,90,-100,90,100,FALSE,FALSE
835,6,1058,1226,968,1058,1226,968,1058,1226,968,168,-90,168,90,FALSE,FALSE
835,7,1375,1571,1304,1375,1571,1304,1375,1571,1304,196,-71,196,71,FALSE,FALSE
835,8,1738,1985,1630,1738,1985,1630,1738,1985,1630,247,-108,247,108,FALSE,FALSE
835,9,2087,2378,1986,2087,2378,1986,2087,2378,1986,291,-101,291,101,FALSE,FALSE
835,10,2458,2719,2337,2458,2719,2337,2458,2719,2337,261,-121,261,121,FALSE,FALSE
835,11,2760,2970,2612,2760,2970,2612,2760,2970,2612,210,-148,210,148,FALSE,FALSE
835,12,2979,3076,2819,2979,3076,2819,2979,3076,2819,97,-160,97,160,FALSE,FALSE
835,13,3030,3125,2911,3030,3125,2911,3030,3125,2911,95,-119,95,119,FALSE,FALSE
835,14,3043,3055,3021,3043,3055,3021,3043,3055,3021,12,-22,12,22,FALSE,FALSE
835,15,3005,2894,2972,3005,2894,2972,3005,2894,2972,-111,-33,111,33,FALSE,FALSE
835,16,2863,2727,2830,2863,2727,2830,2863,2727,2830,-136,-33,136,33,FALSE,FALSE
835,17,2625,2484,2697,2625,2484,2697,2625,2484,2697,-141,72,141,72,FALSE,FALSE
835,18,2401,2258,2484,2401,2258,2484,2401,2258,2484,-143,83,143,83,FALSE,FALSE
835,19,2171,2019,2260,2171,2019,2260,2171,2019,2260,-152,89,152,89,FALSE,FALSE
835,20,1916,1783,2026,1916,1783,2026,1916,1783,2026,-133,110,133,110,FALSE,FALSE
835,21,1736,1578,1818,1736,1578,1818,1736,1578,1818,-158,82,158,82,FALSE,FALSE
835,22,1548,1405,1631,1548,1405,1631,1548,1405,1631,-143,83,143,83,FALSE,FALSE
835,23,1387,1236,1445,1387,1236,1445,1387,1236,1445,-151,58,151,58,FALSE,FALSE
835,24,1226,1087,1275,1226,1087,1275,1226,1087,1275,-139,49,139,49,FALSE,FALSE
835,25,1075,964,1120,1075,964,1120,1075,964,1120,-111,45,111,45,FALSE,FALSE
835,26,933,832,988,933,832,988,933,832,988,-101,55,101,55,FALSE,FALSE
835,27,830,716,854,830,716,854,830,716,854,-114,24,114,24,FALSE,FALSE
835,28,706,619,736,706,619,736,706,619,736,-87,30,87,30,FALSE,FALSE
835,29,591,559,621,591,559,621,591,559,621,-32,30,32,30,FALSE,FALSE
835,30,510,493,534,510,493,534,510,493,534,-17,24,17,24,FALSE,FALSE
835,31,441,429,462,441,429,462,441,429,462,-12,21,12,21,FALSE,FALSE
835,32,388,372,397,388,372,397,388,372,397,-16,9,16,9,FALSE,FALSE
835,33,332,320,343,332,320,343,332,320,343,-12,11,12,11,FALSE,FALSE
835,34,282,268,293,282,268,293,282,268,293,-14,11,14,11,FALSE,FALSE
835,35,246,239,243,246,239,243,246,239,243,-7,-3,7,3,FALSE,FALSE
835,36,215,206,205,215,206,205,215,206,205,-9,-10,9,10,FALSE,FALSE
835,37,179,177,181,179,177,181,179,177,181,-2,2,2,2,FALSE,FALSE
835,38,160,153,161,160,153,161,160,153,161,-7,1,7,1,FALSE,FALSE
835,39,135,128,141,135,128,141,135,128,141,-7,6,7,6,FALSE,FALSE
835,40,111,112,112,111,112,112,111,112,112,1,1,1,1,FALSE,FALSE
835,41,98,109,100,98,109,100,98,109,100,11,2,11,2,FALSE,FALSE
835,42,83,94,89,83,94,89,83,94,89,11,6,11,6,FALSE,FALSE
835,43,77,80,81,77,80,81,77,80,81,3,4,3,4,FALSE,FALSE
835,44,69,62,60,69,62,60,69,62,60,-7,-9,7,9,FALSE,FALSE
835,45,58,51,49,58,51,49,58,51,49,-7,-9,7,9,FALSE,FALSE
835,46,47,46,36,47,46,36,47,46,36,-1,-11,1,11,FALSE,FALSE
835,47,41,38,27,41,38,27,41,38,27,-3,-14,3,14,FALSE,FALSE
835,48,37,33,25,37,33,25,37,33,25,-4,-12,4,12,FALSE,FALSE
835,49,33,24,22,33,24,22,33,24,22,-9,-11,9,11,FALSE,FALSE
835,50,31,23,20,31,23,20,31,23,20,-8,-11,8,11,FALSE,FALSE
835,51,23,20,16,23,20,16,23,20,16,-3,-7,3,7,FALSE,FALSE
835,52,20,17,14,20,17,14,20,17,14,-3,-6,3,6,FALSE,FALSE
835,53,17,13,12,17,13,12,17,13,12,-4,-5,4,5,FALSE,FALSE
835,54,18,11,12,18,11,12,18,11,12,-7,-6,7,6,FALSE,FALSE
835,55,13,6,9,13,6,9,13,6,9,-7,-4,7,4,FALSE,FALSE
835,56,11,6,7,11,6,7,11,6,7,-5,-4,5,4,FALSE,FALSE
835,57,10,5,6,10,5,6,10,5,6,-5,-4,5,4,FALSE,FALSE
835,58,8,5,5,8,5,5,8,5,5,-3,-3,3,3,FALSE,FALSE
835,59,7,5,4,7,5,4,7,5,4,-2,-3,2,3,FALSE,FALSE
835,60,3,5,3,3,5,3,3,5,3,2,0,2,0,FALSE,TRUE
836,0,161,161,161,161,161,161,161,161,161,0,0,0,0,TRUE,TRUE
836,1,192,181,192,192,181,192,192,181,192,-11,0,11,0,FALSE,TRUE
836,2,237,201,213,237,201,213,237,201,213,-36,-24,36,24,FALSE,FALSE
836,3,282,230,255,282,230,255,282,230,255,-52,-27,52,27,FALSE,FALSE
836,4,324,269,287,324,269,287,324,269,287,-55,-37,55,37,FALSE,FALSE
836,5,365,306,300,365,306,300,365,306,300,-59,-65,59,65,FALSE,FALSE
836,6,405,344,330,405,344,330,405,344,330,-61,-75,61,75,FALSE,FALSE
836,7,469,394,374,469,394,374,469,394,374,-75,-95,75,95,FALSE,FALSE
836,8,527,458,417,527,458,417,527,458,417,-69,-110,69,110,FALSE,FALSE
836,9,579,520,458,579,520,458,579,520,458,-59,-121,59,121,FALSE,FALSE
836,10,641,592,502,641,592,502,641,592,502,-49,-139,49,139,FALSE,FALSE
836,11,704,665,570,704,665,570,704,665,570,-39,-134,39,134,FALSE,FALSE
836,12,780,729,631,780,729,631,780,729,631,-51,-149,51,149,FALSE,FALSE
836,13,847,805,668,847,805,668,847,805,668,-42,-179,42,179,FALSE,FALSE
836,14,911,865,724,911,865,724,911,865,724,-46,-187,46,187,FALSE,FALSE
836,15,987,966,780,987,966,780,987,966,780,-21,-207,21,207,FALSE,FALSE
836,16,1071,1057,846,1071,1057,846,1071,1057,846,-14,-225,14,225,FALSE,FALSE
836,17,1156,1129,912,1156,1129,912,1156,1129,912,-27,-244,27,244,FALSE,FALSE
836,18,1229,1220,965,1229,1220,965,1229,1220,965,-9,-264,9,264,FALSE,FALSE
836,19,1326,1316,1034,1326,1316,1034,1326,1316,1034,-10,-292,10,292,FALSE,FALSE
836,20,1384,1397,1107,1384,1397,1107,1384,1397,1107,13,-277,13,277,FALSE,FALSE
836,21,1421,1491,1131,1421,1491,1131,1421,1491,1131,70,-290,70,290,FALSE,FALSE
836,22,1443,1556,1170,1443,1556,1170,1443,1556,1170,113,-273,113,273,FALSE,FALSE
836,23,1458,1605,1218,1458,1605,1218,1458,1605,1218,147,-240,147,240,FALSE,FALSE
836,24,1496,1626,1276,1496,1626,1276,1496,1626,1276,130,-220,130,220,FALSE,FALSE
836,25,1537,1664,1330,1537,1664,1330,1537,1664,1330,127,-207,127,207,FALSE,FALSE
836,26,1547,1682,1370,1547,1682,1370,1547,1682,1370,135,-177,135,177,FALSE,FALSE
836,27,1551,1679,1423,1551,1679,1423,1551,1679,1423,128,-128,128,128,FALSE,FALSE
836,28,1537,1706,1442,1537,1706,1442,1537,1706,1442,169,-95,169,95,FALSE,FALSE
836,29,1561,1685,1484,1561,1685,1484,1561,1685,1484,124,-77,124,77,FALSE,FALSE
836,30,1546,1687,1500,1546,1687,1500,1546,1687,1500,141,-46,141,46,FALSE,FALSE
836,31,1491,1647,1484,1491,1647,1484,1491,1647,1484,156,-7,156,7,FALSE,FALSE
836,32,1498,1630,1495,1498,1630,1495,1498,1630,1495,132,-3,132,3,FALSE,FALSE
836,33,1474,1623,1478,1474,1623,1478,1474,1623,1478,149,4,149,4,FALSE,FALSE
836,34,1420,1598,1426,1420,1598,1426,1420,1598,1426,178,6,178,6,FALSE,FALSE
836,35,1394,1554,1358,1394,1554,1358,1394,1554,1358,160,-36,160,36,FALSE,FALSE
836,36,1357,1492,1302,1357,1492,1302,1357,1492,1302,135,-55,135,55,FALSE,FALSE
836,37,1299,1462,1254,1299,1462,1254,1299,1462,1254,163,-45,163,45,FALSE,FALSE
836,38,1249,1426,1217,1249,1426,1217,1249,1426,1217,177,-32,177,32,FALSE,FALSE
836,39,1197,1353,1164,1197,1353,1164,1197,1353,1164,156,-33,156,33,FALSE,FALSE
836,40,1135,1282,1111,1135,1282,1111,1135,1282,1111,147,-24,147,24,FALSE,FALSE
836,41,1088,1191,1055,1088,1191,1055,1088,1191,1055,103,-33,103,33,FALSE,FALSE
836,42,1043,1126,1016,1043,1126,1016,1043,1126,1016,83,-27,83,27,FALSE,FALSE
836,43,985,1066,976,985,1066,976,985,1066,976,81,-9,81,9,FALSE,FALSE
836,44,925,1001,926,925,1001,926,925,1001,926,76,1,76,1,FALSE,FALSE
836,45,874,932,889,874,932,889,874,932,889,58,15,58,15,FALSE,FALSE
836,46,829,878,846,829,878,846,829,878,846,49,17,49,17,FALSE,FALSE
836,47,772,817,808,772,817,808,772,817,808,45,36,45,36,FALSE,FALSE
836,48,715,780,769,715,780,769,715,780,769,65,54,65,54,FALSE,FALSE
836,49,673,735,749,673,735,749,673,735,749,62,76,62,76,FALSE,FALSE
836,50,626,677,718,626,677,718,626,677,718,51,92,51,92,FALSE,FALSE
836,51,576,653,654,576,653,654,576,653,654,77,78,77,78,FALSE,FALSE
836,52,538,611,620,538,611,620,538,611,620,73,82,73,82,FALSE,FALSE
836,53,497,570,570,497,570,570,497,570,570,73,73,73,73,FALSE,FALSE
836,54,466,528,548,466,528,548,466,528,548,62,82,62,82,FALSE,FALSE
836,55,437,493,509,437,493,509,437,493,509,56,72,56,72,FALSE,FALSE
836,56,416,455,469,416,455,469,416,455,469,39,53,39,53,FALSE,FALSE
836,57,396,421,437,396,421,437,396,421,437,25,41,25,41,FALSE,FALSE
836,58,369,398,409,369,398,409,369,398,409,29,40,29,40,FALSE,FALSE
836,59,339,359,382,339,359,382,339,359,382,20,43,20,43,FALSE,FALSE
836,60,323,321,345,323,321,345,323,321,345,-2,22,2,22,FALSE,FALSE
837,0,127,127,127,127,127,127,127,127,127,0,0,0,0,TRUE,TRUE
837,1,184,185,200,184,185,200,184,185,200,1,16,1,16,FALSE,FALSE
837,2,281,264,327,281,264,327,281,264,327,-17,46,17,46,FALSE,FALSE
837,3,410,395,482,410,395,482,410,395,482,-15,72,15,72,FALSE,FALSE
837,4,612,552,709,612,552,709,612,552,709,-60,97,60,97,FALSE,FALSE
837,5,877,801,1020,877,801,1020,877,801,1020,-76,143,76,143,FALSE,FALSE
837,6,1163,1111,1353,1163,1111,1353,1163,1111,1353,-52,190,52,190,FALSE,FALSE
837,7,1616,1527,1781,1616,1527,1781,1616,1527,1781,-89,165,89,165,FALSE,FALSE
837,8,2078,1933,2257,2078,1933,2257,2078,1933,2257,-145,179,145,179,FALSE,FALSE
837,9,2442,2312,2706,2442,2312,2706,2442,2312,2706,-130,264,130,264,FALSE,FALSE
837,10,2788,2631,3033,2788,2631,3033,2788,2631,3033,-157,245,157,245,FALSE,FALSE
837,11,2951,2874,3172,2951,2874,3172,2951,2874,3172,-77,221,77,221,FALSE,FALSE
837,12,2953,3005,3122,2953,3005,3122,2953,3005,3122,52,169,52,169,FALSE,FALSE
837,13,2827,2972,2984,2827,2972,2984,2827,2972,2984,145,157,145,157,FALSE,FALSE
837,14,2646,2783,2742,2646,2783,2742,2646,2783,2742,137,96,137,96,FALSE,FALSE
837,15,2430,2521,2457,2430,2521,2457,2430,2521,2457,91,27,91,27,FALSE,FALSE
837,16,2211,2250,2163,2211,2250,2163,2211,2250,2163,39,-48,39,48,FALSE,FALSE
837,17,1931,1988,1907,1931,1988,1907,1931,1988,1907,57,-24,57,24,FALSE,FALSE
837,18,1670,1727,1607,1670,1727,1607,1670,1727,1607,57,-63,57,63,FALSE,FALSE
837,19,1398,1494,1355,1398,1494,1355,1398,1494,1355,96,-43,96,43,FALSE,FALSE
837,20,1240,1248,1123,1240,1248,1123,1240,1248,1123,8,-117,8,117,FALSE,FALSE
837,21,1062,1037,931,1062,1037,931,1062,1037,931,-25,-131,25,131,FALSE,FALSE
837,22,900,886,771,900,886,771,900,886,771,-14,-129,14,129,FALSE,FALSE
837,23,756,731,630,756,731,630,756,731,630,-25,-126,25,126,FALSE,FALSE
837,24,644,600,517,644,600,517,644,600,517,-44,-127,44,127,FALSE,FALSE
837,25,515,489,437,515,489,437,515,489,437,-26,-78,26,78,FALSE,FALSE
837,26,438,411,351,438,411,351,438,411,351,-27,-87,27,87,FALSE,FALSE
837,27,358,339,294,358,339,294,358,339,294,-19,-64,19,64,FALSE,FALSE
837,28,309,286,234,309,286,234,309,286,234,-23,-75,23,75,FALSE,FALSE
837,29,250,242,181,250,242,181,250,242,181,-8,-69,8,69,FALSE,FALSE
837,30,209,211,161,209,211,161,209,211,161,2,-48,2,48,FALSE,FALSE
837,31,179,181,134,179,181,134,179,181,134,2,-45,2,45,FALSE,FALSE
837,32,147,145,111,147,145,111,147,145,111,-2,-36,2,36,FALSE,FALSE
837,33,118,120,95,118,120,95,118,120,95,2,-23,2,23,FALSE,FALSE
837,34,100,95,71,100,95,71,100,95,71,-5,-29,5,29,FALSE,FALSE
837,35,85,80,61,85,80,61,85,80,61,-5,-24,5,24,FALSE,FALSE
837,36,67,65,46,67,65,46,67,65,46,-2,-21,2,21,FALSE,FALSE
837,37,52,52,42,52,52,42,52,52,42,0,-10,0,10,TRUE,FALSE
837,38,46,47,39,46,47,39,46,47,39,1,-7,1,7,FALSE,FALSE
837,39,39,32,31,39,32,31,39,32,31,-7,-8,7,8,FALSE,FALSE
837,40,34,24,23,34,24,23,34,24,23,-10,-11,10,11,FALSE,FALSE
837,41,28,19,16,28,19,16,28,19,16,-9,-12,9,12,FALSE,FALSE
837,42,21,17,14,21,17,14,21,17,14,-4,-7,4,7,FALSE,FALSE
837,43,16,10,13,16,10,13,16,10,13,-6,-3,6,3,FALSE,FALSE
837,44,15,10,10,15,10,10,15,10,10,-5,-5,5,5,FALSE,FALSE
837,45,10,8,8,10,8,8,10,8,8,-2,-2,2,2,FALSE,FALSE
837,46,8,6,5,8,6,5,8,6,5,-2,-3,2,3,FALSE,FALSE
837,47,8,5,5,8,5,5,8,5,5,-3,-3,3,3,FALSE,FALSE
837,48,6,5,3,6,5,3,6,5,3,-1,-3,1,3,FALSE,FALSE
837,49,5,4,2,5,4,2,5,4,2,-1,-3,1,3,FALSE,FALSE
837,50,2,2,1,2,2,1,2,2,1,0,-1,0,1,TRUE,FALSE
837,51,1,0,1,1,0,1,1,0,1,-1,0,1,0,FALSE,TRUE
837,52,1,0,0,1,0,0,1,0,0,-1,-1,1,1,FALSE,FALSE
837,53,1,0,0,1,0,0,1,0,0,-1,-1,1,1,FALSE,FALSE
837,54,0,0,0,0,0,0,0,0,0,0,0,0,0,TRUE,TRUE
837,55,0,0,0,0,0,0,0,0,0,0,0,0,0,TRUE,TRUE
837,56,0,0,0,0,0,0,0,0,0,0,0,0,0,TRUE,TRUE
837,57,0,0,0,0,0,0,0,0,0,0,0,0,0,TRUE,TRUE
837,58,0,0,0,0,0,0,0,0,0,0,0,0,0,TRUE,TRUE
837,59,0,0,0,0,0,0,0,0,0,0,0,0,0,TRUE,TRUE
837,60,0,0,0,0,0,0,0,0,0,0,0,0,0,TRUE,TRUE
838,0,163,163,163,163,163,163,163,163,163,0,0,0,0,TRUE,TRUE
838,1,160,171,188,160,171,188,160,171,188,11,28,11,28,FALSE,FALSE
838,2,167,169,194,167,169,194,167,169,194,2,27,2,27,FALSE,FALSE
838,3,169,173,191,169,173,191,169,173,191,4,22,4,22,FALSE,FALSE
838,4,179,174,186,179,174,186,179,174,186,-5,7,5,7,FALSE,FALSE
838,5,177,177,190,177,177,190,177,177,190,0,13,0,13,TRUE,FALSE
838,6,173,175,193,173,175,193,173,175,193,2,20,2,20,FALSE,FALSE
838,7,170,181,195,170,181,195,170,181,195,11,25,11,25,FALSE,FALSE
838,8,169,192,191,169,192,191,169,192,191,23,22,23,22,FALSE,FALSE
838,9,180,192,201,180,192,201,180,192,201,12,21,12,21,FALSE,FALSE
838,10,183,197,206,183,197,206,183,197,206,14,23,14,23,FALSE,FALSE
838,11,188,190,208,188,190,208,188,190,208,2,20,2,20,FALSE,FALSE
838,12,195,173,210,195,173,210,195,173,210,-22,15,22,15,FALSE,FALSE
838,13,200,174,206,200,174,206,200,174,206,-26,6,26,6,FALSE,FALSE
838,14,204,167,202,204,167,202,204,167,202,-37,-2,37,2,FALSE,FALSE
838,15,224,166,202,224,166,202,224,166,202,-58,-22,58,22,FALSE,FALSE
838,16,228,157,202,228,157,202,228,157,202,-71,-26,71,26,FALSE,FALSE
838,17,238,153,204,238,153,204,238,153,204,-85,-34,85,34,FALSE,FALSE
838,18,243,154,206,243,154,206,243,154,206,-89,-37,89,37,FALSE,FALSE
838,19,248,154,213,248,154,213,248,154,213,-94,-35,94,35,FALSE,FALSE
838,20,241,143,216,241,143,216,241,143,216,-98,-25,98,25,FALSE,FALSE
838,21,234,131,217,234,131,217,234,131,217,-103,-17,103,17,FALSE,FALSE
838,22,231,121,229,231,121,229,231,121,229,-110,-2,110,2,FALSE,FALSE
838,23,245,119,231,245,119,231,245,119,231,-126,-14,126,14,FALSE,FALSE
838,24,241,120,235,241,120,235,241,120,235,-121,-6,121,6,FALSE,FALSE
838,25,252,129,233,252,129,233,252,129,233,-123,-19,123,19,FALSE,FALSE
838,26,253,126,229,253,126,229,253,126,229,-127,-24,127,24,FALSE,FALSE
838,27,263,111,239,263,111,239,263,111,239,-152,-24,152,24,FALSE,FALSE
838,28,273,104,245,273,104,245,273,104,245,-169,-28,169,28,FALSE,FALSE
838,29,274,105,244,274,105,244,274,105,244,-169,-30,169,30,FALSE,FALSE
838,30,281,108,247,281,108,247,281,108,247,-173,-34,173,34,FALSE,FALSE
838,31,293,112,240,293,112,240,293,112,240,-181,-53,181,53,FALSE,FALSE
838,32,298,105,244,298,105,244,298,105,244,-193,-54,193,54,FALSE,FALSE
838,33,313,113,236,313,113,236,313,113,236,-200,-77,200,77,FALSE,FALSE
838,34,313,96,244,313,96,244,313,96,244,-217,-69,217,69,FALSE,FALSE
838,35,317,96,245,317,96,245,317,96,245,-221,-72,221,72,FALSE,FALSE
838,36,321,102,244,321,102,244,321,102,244,-219,-77,219,77,FALSE,FALSE
838,37,327,100,248,327,100,248,327,100,248,-227,-79,227,79,FALSE,FALSE
838,38,322,102,255,322,102,255,322,102,255,-220,-67,220,67,FALSE,FALSE
838,39,331,99,259,331,99,259,331,99,259,-232,-72,232,72,FALSE,FALSE
838,40,335,94,262,335,94,262,335,94,262,-241,-73,241,73,FALSE,FALSE
838,41,345,97,265,345,97,265,345,97,265,-248,-80,248,80,FALSE,FALSE
838,42,348,98,255,348,98,255,348,98,255,-250,-93,250,93,FALSE,FALSE
838,43,344,106,251,344,106,251,344,106,251,-238,-93,238,93,FALSE,FALSE
838,44,344,115,245,344,115,245,344,115,245,-229,-99,229,99,FALSE,FALSE
838,45,341,114,248,341,114,248,341,114,248,-227,-93,227,93,FALSE,FALSE
838,46,331,112,252,331,112,252,331,112,252,-219,-79,219,79,FALSE,FALSE
838,47,338,106,244,338,106,244,338,106,244,-232,-94,232,94,FALSE,FALSE
838,48,330,98,241,330,98,241,330,98,241,-232,-89,232,89,FALSE,FALSE
838,49,341,101,240,341,101,240,341,101,240,-240,-101,240,101,FALSE,FALSE
838,50,339,92,238,339,92,238,339,92,238,-247,-101,247,101,FALSE,FALSE
838,51,326,95,238,326,95,238,326,95,238,-231,-88,231,88,FALSE,FALSE
838,52,326,94,229,326,94,229,326,94,229,-232,-97,232,97,FALSE,FALSE
838,53,329,98,234,329,98,234,329,98,234,-231,-95,231,95,FALSE,FALSE
838,54,331,86,227,331,86,227,331,86,227,-245,-104,245,104,FALSE,FALSE
838,55,318,76,231,318,76,231,318,76,231,-242,-87,242,87,FALSE,FALSE
838,56,309,73,230,309,73,230,309,73,230,-236,-79,236,79,FALSE,FALSE
838,57,291,72,233,291,72,233,291,72,233,-219,-58,219,58,FALSE,FALSE
838,58,278,72,236,278,72,236,278,72,236,-206,-42,206,42,FALSE,FALSE
838,59,285,64,238,285,64,238,285,64,238,-221,-47,221,47,FALSE,FALSE
838,60,273,64,238,273,64,238,273,64,238,-209,-35,209,35,FALSE,FALSE
839,0,77,77,77,77,77,77,77,77,77,0,0,0,0,TRUE,TRUE
839,1,99,101,109,99,101,109,99,101,109,2,10,2,10,FALSE,FALSE
839,2,143,136,145,143,136,145,143,136,145,-7,2,7,2,FALSE,FALSE
839,3,184,186,183,184,186,183,184,186,183,2,-1,2,1,FALSE,FALSE
839,4,247,229,251,247,229,251,247,229,251,-18,4,18,4,FALSE,FALSE
839,5,324,297,342,324,297,342,324,297,342,-27,18,27,18,FALSE,FALSE
839,6,448,383,445,448,383,445,448,383,445,-65,-3,65,3,FALSE,FALSE
839,7,603,504,534,603,504,534,603,504,534,-99,-69,99,69,FALSE,FALSE
839,8,777,648,672,777,648,672,777,648,672,-129,-105,129,105,FALSE,FALSE
839,9,984,790,860,984,790,860,984,790,860,-194,-124,194,124,FALSE,FALSE
839,10,1261,1034,1046,1261,1034,1046,1261,1034,1046,-227,-215,227,215,FALSE,FALSE
839,11,1556,1266,1315,1556,1266,1315,1556,1266,1315,-290,-241,290,241,FALSE,FALSE
839,12,1888,1548,1617,1888,1548,1617,1888,1548,1617,-340,-271,340,271,FALSE,FALSE
839,13,2240,1890,1956,2240,1890,1956,2240,1890,1956,-350,-284,350,284,FALSE,FALSE
839,14,2638,2261,2314,2638,2261,2314,2638,2261,2314,-377,-324,377,324,FALSE,FALSE
839,15,2970,2593,2671,2970,2593,2671,2970,2593,2671,-377,-299,377,299,FALSE,FALSE
839,16,3321,2947,3019,3321,2947,3019,3321,2947,3019,-374,-302,374,302,FALSE,FALSE
839,17,3607,3319,3317,3607,3319,3317,3607,3319,3317,-288,-290,288,290,FALSE,FALSE
839,18,3797,3593,3560,3797,3593,3560,3797,3593,3560,-204,-237,204,237,FALSE,FALSE
839,19,3958,3806,3761,3958,3806,3761,3958,3806,3761,-152,-197,152,197,FALSE,FALSE
839,20,4038,3972,3884,4038,3972,3884,4038,3972,3884,-66,-154,66,154,FALSE,FALSE
839,21,4053,4049,3915,4053,4049,3915,4053,4049,3915,-4,-138,4,138,FALSE,FALSE
839,22,3977,4055,3893,3977,4055,3893,3977,4055,3893,78,-84,78,84,FALSE,FALSE
839,23,3890,3985,3849,3890,3985,3849,3890,3985,3849,95,-41,95,41,FALSE,FALSE
839,24,3779,3886,3702,3779,3886,3702,3779,3886,3702,107,-77,107,77,FALSE,FALSE
839,25,3604,3812,3561,3604,3812,3561,3604,3812,3561,208,-43,208,43,FALSE,FALSE
839,26,3443,3674,3370,3443,3674,3370,3443,3674,3370,231,-73,231,73,FALSE,FALSE
839,27,3221,3484,3208,3221,3484,3208,3221,3484,3208,263,-13,263,13,FALSE,FALSE
839,28,3011,3292,2994,3011,3292,2994,3011,3292,2994,281,-17,281,17,FALSE,FALSE
839,29,2812,3127,2808,2812,3127,2808,2812,3127,2808,315,-4,315,4,FALSE,FALSE
839,30,2626,2926,2631,2626,2926,2631,2626,2926,2631,300,5,300,5,FALSE,FALSE
839,31,2434,2751,2470,2434,2751,2470,2434,2751,2470,317,36,317,36,FALSE,FALSE
839,32,2280,2566,2291,2280,2566,2291,2280,2566,2291,286,11,286,11,FALSE,FALSE
839,33,2117,2377,2139,2117,2377,2139,2117,2377,2139,260,22,260,22,FALSE,FALSE
839,34,1943,2186,2002,1943,2186,2002,1943,2186,2002,243,59,243,59,FALSE,FALSE
839,35,1785,2038,1871,1785,2038,1871,1785,2038,1871,253,86,253,86,FALSE,FALSE
839,36,1660,1867,1703,1660,1867,1703,1660,1867,1703,207,43,207,43,FALSE,FALSE
839,37,1534,1742,1556,1534,1742,1556,1534,1742,1556,208,22,208,22,FALSE,FALSE
839,38,1422,1621,1431,1422,1621,1431,1422,1621,1431,199,9,199,9,FALSE,FALSE
839,39,1307,1481,1329,1307,1481,1329,1307,1481,1329,174,22,174,22,FALSE,FALSE
839,40,1194,1359,1219,1194,1359,1219,1194,1359,1219,165,25,165,25,FALSE,FALSE
839,41,1096,1259,1120,1096,1259,1120,1096,1259,1120,163,24,163,24,FALSE,FALSE
839,42,998,1152,1032,998,1152,1032,998,1152,1032,154,34,154,34,FALSE,FALSE
839,43,906,1047,967,906,1047,967,906,1047,967,141,61,141,61,FALSE,FALSE
839,44,849,941,894,849,941,894,849,941,894,92,45,92,45,FALSE,FALSE
839,45,780,870,822,780,870,822,780,870,822,90,42,90,42,FALSE,FALSE
839,46,710,797,739,710,797,739,710,797,739,87,29,87,29,FALSE,FALSE
839,47,641,720,668,641,720,668,641,720,668,79,27,79,27,FALSE,FALSE
839,48,586,662,621,586,662,621,586,662,621,76,35,76,35,FALSE,FALSE
839,49,525,606,578,525,606,578,525,606,578,81,53,81,53,FALSE,FALSE
839,50,473,557,528,473,557,528,473,557,528,84,55,84,55,FALSE,FALSE
839,51,432,501,491,432,501,491,432,501,491,69,59,69,59,FALSE,FALSE
839,52,401,447,434,401,447,434,401,447,434,46,33,46,33,FALSE,FALSE
839,53,373,411,399,373,411,399,373,411,399,38,26,38,26,FALSE,FALSE
839,54,331,379,362,331,379,362,331,379,362,48,31,48,31,FALSE,FALSE
839,55,299,337,338,299,337,338,299,337,338,38,39,38,39,FALSE,FALSE
839,56,273,303,311,273,303,311,273,303,311,30,38,30,38,FALSE,FALSE
839,57,246,278,277,246,278,277,246,278,277,32,31,32,31,FALSE,FALSE
839,58,226,263,249,226,263,249,226,263,249,37,23,37,23,FALSE,FALSE
839,59,210,245,225,210,245,225,210,245,225,35,15,35,15,FALSE,FALSE
839,60,187,230,209,187,230,209,187,230,209,43,22,43,22,FALSE,FALSE
840,0,43,43,43,43,43,43,43,43,43,0,0,0,0,TRUE,TRUE
840,1,68,63,69,68,63,69,68,63,69,-5,1,5,1,FALSE,FALSE
840,2,120,97,94,120,97,94,120,97,94,-23,-26,23,26,FALSE,FALSE
840,3,183,163,141,183,163,141,183,163,141,-20,-42,20,42,FALSE,FALSE
840,4,275,251,228,275,251,228,275,251,228,-24,-47,24,47,FALSE,FALSE
840,5,447,376,351,447,376,351,447,376,351,-71,-96,71,96,FALSE,FALSE
840,6,679,560,562,679,560,562,679,560,562,-119,-117,119,117,FALSE,FALSE
840,7,1003,798,825,1003,798,825,1003,798,825,-205,-178,205,178,FALSE,FALSE
840,8,1413,1063,1162,1413,1063,1162,1413,1063,1162,-350,-251,350,251,FALSE,FALSE
840,9,1801,1379,1577,1801,1379,1577,1801,1379,1577,-422,-224,422,224,FALSE,FALSE
840,10,2167,1697,1984,2167,1697,1984,2167,1697,1984,-470,-183,470,183,FALSE,FALSE
840,11,2372,1934,2258,2372,1934,2258,2372,1934,2258,-438,-114,438,114,FALSE,FALSE
840,12,2407,2110,2416,2407,2110,2416,2407,2110,2416,-297,9,297,9,FALSE,FALSE
840,13,2299,2191,2430,2299,2191,2430,2299,2191,2430,-108,131,108,131,FALSE,FALSE
840,14,2115,2178,2322,2115,2178,2322,2115,2178,2322,63,207,63,207,FALSE,FALSE
840,15,1865,2057,2094,1865,2057,2094,1865,2057,2094,192,229,192,229,FALSE,FALSE
840,16,1647,1915,1891,1647,1915,1891,1647,1915,1891,268,244,268,244,FALSE,FALSE
840,17,1453,1726,1652,1453,1726,1652,1453,1726,1652,273,199,273,199,FALSE,FALSE
840,18,1258,1521,1386,1258,1521,1386,1258,1521,1386,263,128,263,128,FALSE,FALSE
840,19,1084,1320,1169,1084,1320,1169,1084,1320,1169,236,85,236,85,FALSE,FALSE
840,20,914,1185,995,914,1185,995,914,1185,995,271,81,271,81,FALSE,FALSE
840,21,757,1016,831,757,1016,831,757,1016,831,259,74,259,74,FALSE,FALSE
840,22,627,885,701,627,885,701,627,885,701,258,74,258,74,FALSE,FALSE
840,23,505,733,579,505,733,579,505,733,579,228,74,228,74,FALSE,FALSE
840,24,425,632,480,425,632,480,425,632,480,207,55,207,55,FALSE,FALSE
840,25,347,532,390,347,532,390,347,532,390,185,43,185,43,FALSE,FALSE
840,26,287,452,314,287,452,314,287,452,314,165,27,165,27,FALSE,FALSE
840,27,234,374,262,234,374,262,234,374,262,140,28,140,28,FALSE,FALSE
840,28,190,319,218,190,319,218,190,319,218,129,28,129,28,FALSE,FALSE
840,29,150,266,183,150,266,183,150,266,183,116,33,116,33,FALSE,FALSE
840,30,126,230,147,126,230,147,126,230,147,104,21,104,21,FALSE,FALSE
840,31,97,194,119,97,194,119,97,194,119,97,22,97,22,FALSE,FALSE
840,32,81,163,99,81,163,99,81,163,99,82,18,82,18,FALSE,FALSE
840,33,66,133,92,66,133,92,66,133,92,67,26,67,26,FALSE,FALSE
840,34,55,115,74,55,115,74,55,115,74,60,19,60,19,FALSE,FALSE
840,35,45,95,55,45,95,55,45,95,55,50,10,50,10,FALSE,FALSE
840,36,36,85,47,36,85,47,36,85,47,49,11,49,11,FALSE,FALSE
840,37,35,81,41,35,81,41,35,81,41,46,6,46,6,FALSE,FALSE
840,38,25,68,34,25,68,34,25,68,34,43,9,43,9,FALSE,FALSE
840,39,19,53,27,19,53,27,19,53,27,34,8,34,8,FALSE,FALSE
840,40,15,45,23,15,45,23,15,45,23,30,8,30,8,FALSE,FALSE
840,41,13,38,19,13,38,19,13,38,19,25,6,25,6,FALSE,FALSE
840,42,11,37,18,11,37,18,11,37,18,26,7,26,7,FALSE,FALSE
840,43,8,30,15,8,30,15,8,30,15,22,7,22,7,FALSE,FALSE
840,44,6,23,9,6,23,9,6,23,9,17,3,17,3,FALSE,FALSE
840,45,4,18,6,4,18,6,4,18,6,14,2,14,2,FALSE,FALSE
840,46,4,16,4,4,16,4,4,16,4,12,0,12,0,FALSE,TRUE
840,47,4,12,3,4,12,3,4,12,3,8,-1,8,1,FALSE,FALSE
840,48,5,9,2,5,9,2,5,9,2,4,-3,4,3,FALSE,FALSE
840,49,4,7,2,4,7,2,4,7,2,3,-2,3,2,FALSE,FALSE
840,50,4,5,2,4,5,2,4,5,2,1,-2,1,2,FALSE,FALSE
840,51,4,2,1,4,2,1,4,2,1,-2,-3,2,3,FALSE,FALSE
840,52,4,2,1,4,2,1,4,2,1,-2,-3,2,3,FALSE,FALSE
840,53,2,2,1,2,2,1,2,2,1,0,-1,0,1,TRUE,FALSE
840,54,1,1,1,1,1,1,1,1,1,0,0,0,0,TRUE,TRUE
840,55,1,1,1,1,1,1,1,1,1,0,0,0,0,TRUE,TRUE
840,56,0,1,0,0,1,0,0,1,0,1,0,1,0,FALSE,TRUE
840,57,0,0,0,0,0,0,0,0,0,0,0,0,0,TRUE,TRUE
840,58,0,0,0,0,0,0,0,0,0,0,0,0,0,TRUE,TRUE
840,59,0,0,0,0,0,0,0,0,0,0,0,0,0,TRUE,TRUE
840,60,0,0,0,0,0,0,0,0,0,0,0,0,0,TRUE,TRUE
841,0,114,114,114,114,114,114,114,114,114,0,0,0,0,TRUE,TRUE
841,1,135,158,152,135,158,152,135,158,152,23,17,23,17,FALSE,FALSE
841,2,173,203,197,173,203,197,173,203,197,30,24,30,24,FALSE,FALSE
841,3,199,274,258,199,274,258,199,274,258,75,59,75,59,FALSE,FALSE
841,4,265,346,338,265,346,338,265,346,338,81,73,81,73,FALSE,FALSE
841,5,342,412,417,342,412,417,342,412,417,70,75,70,75,FALSE,FALSE
841,6,440,523,517,440,523,517,440,523,517,83,77,83,77,FALSE,FALSE
841,7,535,645,629,535,645,629,535,645,629,110,94,110,94,FALSE,FALSE
841,8,666,806,766,666,806,766,666,806,766,140,100,140,100,FALSE,FALSE
841,9,827,957,936,827,957,936,827,957,936,130,109,130,109,FALSE,FALSE
841,10,996,1130,1120,996,1130,1120,996,1130,1120,134,124,134,124,FALSE,FALSE
841,11,1228,1352,1298,1228,1352,1298,1228,1352,1298,124,70,124,70,FALSE,FALSE
841,12,1472,1567,1492,1472,1567,1492,1472,1567,1492,95,20,95,20,FALSE,FALSE
841,13,1687,1736,1692,1687,1736,1692,1687,1736,1692,49,5,49,5,FALSE,FALSE
841,14,1889,1907,1872,1889,1907,1872,1889,1907,1872,18,-17,18,17,FALSE,FALSE
841,15,2087,2001,2038,2087,2001,2038,2087,2001,2038,-86,-49,86,49,FALSE,FALSE
841,16,2192,2104,2176,2192,2104,2176,2192,2104,2176,-88,-16,88,16,FALSE,FALSE
841,17,2250,2162,2277,2250,2162,2277,2250,2162,2277,-88,27,88,27,FALSE,FALSE
841,18,2307,2182,2301,2307,2182,2301,2307,2182,2301,-125,-6,125,6,FALSE,FALSE
841,19,2298,2132,2283,2298,2132,2283,2298,2132,2283,-166,-15,166,15,FALSE,FALSE
841,20,2265,2099,2227,2265,2099,2227,2265,2099,2227,-166,-38,166,38,FALSE,FALSE
841,21,2245,2034,2182,2245,2034,2182,2245,2034,2182,-211,-63,211,63,FALSE,FALSE
841,22,2143,1955,2066,2143,1955,2066,2143,1955,2066,-188,-77,188,77,FALSE,FALSE
841,23,2041,1844,1916,2041,1844,1916,2041,1844,1916,-197,-125,197,125,FALSE,FALSE
841,24,1948,1733,1792,1948,1733,1792,1948,1733,1792,-215,-156,215,156,FALSE,FALSE
841,25,1808,1627,1683,1808,1627,1683,1808,1627,1683,-181,-125,181,125,FALSE,FALSE
841,26,1685,1505,1554,1685,1505,1554,1685,1505,1554,-180,-131,180,131,FALSE,FALSE
841,27,1558,1404,1453,1558,1404,1453,1558,1404,1453,-154,-105,154,105,FALSE,FALSE
841,28,1445,1296,1348,1445,1296,1348,1445,1296,1348,-149,-97,149,97,FALSE,FALSE
841,29,1345,1199,1235,1345,1199,1235,1345,1199,1235,-146,-110,146,110,FALSE,FALSE
841,30,1246,1094,1144,1246,1094,1144,1246,1094,1144,-152,-102,152,102,FALSE,FALSE
841,31,1159,984,1056,1159,984,1056,1159,984,1056,-175,-103,175,103,FALSE,FALSE
841,32,1058,895,950,1058,895,950,1058,895,950,-163,-108,163,108,FALSE,FALSE
841,33,968,803,873,968,803,873,968,803,873,-165,-95,165,95,FALSE,FALSE
841,34,880,740,784,880,740,784,880,740,784,-140,-96,140,96,FALSE,FALSE
841,35,788,668,708,788,668,708,788,668,708,-120,-80,120,80,FALSE,FALSE
841,36,707,612,647,707,612,647,707,612,647,-95,-60,95,60,FALSE,FALSE
841,37,638,554,578,638,554,578,638,554,578,-84,-60,84,60,FALSE,FALSE
841,38,570,507,519,570,507,519,570,507,519,-63,-51,63,51,FALSE,FALSE
841,39,515,449,463,515,449,463,515,449,463,-66,-52,66,52,FALSE,FALSE
841,40,470,403,429,470,403,429,470,403,429,-67,-41,67,41,FALSE,FALSE
841,41,432,379,392,432,379,392,432,379,392,-53,-40,53,40,FALSE,FALSE
841,42,389,341,356,389,341,356,389,341,356,-48,-33,48,33,FALSE,FALSE
841,43,361,305,320,361,305,320,361,305,320,-56,-41,56,41,FALSE,FALSE
841,44,323,282,291,323,282,291,323,282,291,-41,-32,41,32,FALSE,FALSE
841,45,283,265,263,283,265,263,283,265,263,-18,-20,18,20,FALSE,FALSE
841,46,253,233,231,253,233,231,253,233,231,-20,-22,20,22,FALSE,FALSE
841,47,222,211,213,222,211,213,222,211,213,-11,-9,11,9,FALSE,FALSE
841,48,193,195,188,193,195,188,193,195,188,2,-5,2,5,FALSE,FALSE
841,49,175,177,178,175,177,178,175,177,178,2,3,2,3,FALSE,FALSE
841,50,160,159,164,160,159,164,160,159,164,-1,4,1,4,FALSE,FALSE
841,51,133,145,143,133,145,143,133,145,143,12,10,12,10,FALSE,FALSE
841,52,120,128,126,120,128,126,120,128,126,8,6,8,6,FALSE,FALSE
841,53,111,117,113,111,117,113,111,117,113,6,2,6,2,FALSE,FALSE
841,54,101,105,100,101,105,100,101,105,100,4,-1,4,1,FALSE,FALSE
841,55,89,94,91,89,94,91,89,94,91,5,2,5,2,FALSE,FALSE
841,56,76,91,80,76,91,80,76,91,80,15,4,15,4,FALSE,FALSE
841,57,64,79,75,64,79,75,64,79,75,15,11,15,11,FALSE,FALSE
841,58,57,73,68,57,73,68,57,73,68,16,11,16,11,FALSE,FALSE
841,59,54,67,57,54,67,57,54,67,57,13,3,13,3,FALSE,FALSE
841,60,50,58,54,50,58,54,50,58,54,8,4,8,4,FALSE,FALSE
842,0,73,73,73,73,73,73,73,73,73,0,0,0,0,TRUE,TRUE
842,1,95,112,90,95,112,90,95,112,90,17,-5,17,5,FALSE,FALSE
842,2,129,155,132,129,155,132,129,155,132,26,3,26,3,FALSE,FALSE
842,3,185,217,173,185,217,173,185,217,173,32,-12,32,12,FALSE,FALSE
842,4,246,308,241,246,308,241,246,308,241,62,-5,62,5,FALSE,FALSE
842,5,316,428,334,316,428,334,316,428,334,112,18,112,18,FALSE,FALSE
842,6,432,592,453,432,592,453,432,592,453,160,21,160,21,FALSE,FALSE
842,7,593,815,590,593,815,590,593,815,590,222,-3,222,3,FALSE,FALSE
842,8,807,1057,771,807,1057,771,807,1057,771,250,-36,250,36,FALSE,FALSE
842,9,1073,1394,994,1073,1394,994,1073,1394,994,321,-79,321,79,FALSE,FALSE
842,10,1402,1728,1284,1402,1728,1284,1402,1728,1284,326,-118,326,118,FALSE,FALSE
842,11,1769,2077,1607,1769,2077,1607,1769,2077,1607,308,-162,308,162,FALSE,FALSE
842,12,2181,2452,1970,2181,2452,1970,2181,2452,1970,271,-211,271,211,FALSE,FALSE
842,13,2478,2761,2320,2478,2761,2320,2478,2761,2320,283,-158,283,158,FALSE,FALSE
842,14,2776,3037,2690,2776,3037,2690,2776,3037,2690,261,-86,261,86,FALSE,FALSE
842,15,3035,3151,2907,3035,3151,2907,3035,3151,2907,116,-128,116,128,FALSE,FALSE
842,16,3165,3191,3072,3165,3191,3072,3165,3191,3072,26,-93,26,93,FALSE,FALSE
842,17,3209,3144,3154,3209,3144,3154,3209,3144,3154,-65,-55,65,55,FALSE,FALSE
842,18,3142,3030,3132,3142,3030,3132,3142,3030,3132,-112,-10,112,10,FALSE,FALSE
842,19,3019,2881,3040,3019,2881,3040,3019,2881,3040,-138,21,138,21,FALSE,FALSE
842,20,2870,2685,2871,2870,2685,2871,2870,2685,2871,-185,1,185,1,FALSE,FALSE
842,21,2667,2487,2685,2667,2487,2685,2667,2487,2685,-180,18,180,18,FALSE,FALSE
842,22,2461,2263,2501,2461,2263,2501,2461,2263,2501,-198,40,198,40,FALSE,FALSE
842,23,2249,2022,2285,2249,2022,2285,2249,2022,2285,-227,36,227,36,FALSE,FALSE
842,24,1989,1821,2074,1989,1821,2074,1989,1821,2074,-168,85,168,85,FALSE,FALSE
842,25,1802,1609,1858,1802,1609,1858,1802,1609,1858,-193,56,193,56,FALSE,FALSE
842,26,1644,1414,1664,1644,1414,1664,1644,1414,1664,-230,20,230,20,FALSE,FALSE
842,27,1432,1256,1488,1432,1256,1488,1432,1256,1488,-176,56,176,56,FALSE,FALSE
842,28,1240,1112,1334,1240,1112,1334,1240,1112,1334,-128,94,128,94,FALSE,FALSE
842,29,1106,999,1209,1106,999,1209,1106,999,1209,-107,103,107,103,FALSE,FALSE
842,30,996,883,1066,996,883,1066,996,883,1066,-113,70,113,70,FALSE,FALSE
842,31,877,765,924,877,765,924,877,765,924,-112,47,112,47,FALSE,FALSE
842,32,776,687,816,776,687,816,776,687,816,-89,40,89,40,FALSE,FALSE
842,33,695,596,717,695,596,717,695,596,717,-99,22,99,22,FALSE,FALSE
842,34,604,535,637,604,535,637,604,535,637,-69,33,69,33,FALSE,FALSE
842,35,532,460,565,532,460,565,532,460,565,-72,33,72,33,FALSE,FALSE
842,36,453,412,490,453,412,490,453,412,490,-41,37,41,37,FALSE,FALSE
842,37,398,357,422,398,357,422,398,357,422,-41,24,41,24,FALSE,FALSE
842,38,351,320,383,351,320,383,351,320,383,-31,32,31,32,FALSE,FALSE
842,39,294,283,333,294,283,333,294,283,333,-11,39,11,39,FALSE,FALSE
842,40,260,255,282,260,255,282,260,255,282,-5,22,5,22,FALSE,FALSE
842,41,228,219,239,228,219,239,228,219,239,-9,11,9,11,FALSE,FALSE
842,42,193,194,209,193,194,209,193,194,209,1,16,1,16,FALSE,FALSE
842,43,169,176,189,169,176,189,169,176,189,7,20,7,20,FALSE,FALSE
842,44,152,157,168,152,157,168,152,157,168,5,16,5,16,FALSE,FALSE
842,45,138,130,143,138,130,143,138,130,143,-8,5,8,5,FALSE,FALSE
842,46,114,114,126,114,114,126,114,114,126,0,12,0,12,TRUE,FALSE
842,47,93,96,115,93,96,115,93,96,115,3,22,3,22,FALSE,FALSE
842,48,84,81,102,84,81,102,84,81,102,-3,18,3,18,FALSE,FALSE
842,49,75,69,94,75,69,94,75,69,94,-6,19,6,19,FALSE,FALSE
842,50,61,64,88,61,64,88,61,64,88,3,27,3,27,FALSE,FALSE
842,51,56,59,74,56,59,74,56,59,74,3,18,3,18,FALSE,FALSE
842,52,50,53,66,50,53,66,50,53,66,3,16,3,16,FALSE,FALSE
842,53,44,47,59,44,47,59,44,47,59,3,15,3,15,FALSE,FALSE
842,54,38,36,52,38,36,52,38,36,52,-2,14,2,14,FALSE,FALSE
842,55,32,31,42,32,31,42,32,31,42,-1,10,1,10,FALSE,FALSE
842,56,25,28,39,25,28,39,25,28,39,3,14,3,14,FALSE,FALSE
842,57,20,21,36,20,21,36,20,21,36,1,16,1,16,FALSE,FALSE
842,58,16,20,28,16,20,28,16,20,28,4,12,4,12,FALSE,FALSE
842,59,12,19,24,12,19,24,12,19,24,7,12,7,12,FALSE,FALSE
842,60,10,20,17,10,20,17,10,20,17,10,7,10,7,FALSE,FALSE
843,0,47,47,47,47,47,47,47,47,47,0,0,0,0,TRUE,TRUE
843,1,53,53,54,53,53,54,53,53,54,0,1,0,1,TRUE,FALSE
843,2,56,64,60,56,64,60,56,64,60,8,4,8,4,FALSE,FALSE
843,3,75,80,73,75,80,73,75,80,73,5,-2,5,2,FALSE,FALSE
843,4,81,83,71,81,83,71,81,83,71,2,-10,2,10,FALSE,FALSE
843,5,86,89,85,86,89,85,86,89,85,3,-1,3,1,FALSE,FALSE
843,6,96,106,96,96,106,96,96,106,96,10,0,10,0,FALSE,TRUE
843,7,113,123,106,113,123,106,113,123,106,10,-7,10,7,FALSE,FALSE
843,8,130,155,116,130,155,116,130,155,116,25,-14,25,14,FALSE,FALSE
843,9,148,174,136,148,174,136,148,174,136,26,-12,26,12,FALSE,FALSE
843,10,163,210,155,163,210,155,163,210,155,47,-8,47,8,FALSE,FALSE
843,11,182,241,184,182,241,184,182,241,184,59,2,59,2,FALSE,FALSE
843,12,209,279,207,209,279,207,209,279,207,70,-2,70,2,FALSE,FALSE
843,13,226,313,216,226,313,216,226,313,216,87,-10,87,10,FALSE,FALSE
843,14,249,356,238,249,356,238,249,356,238,107,-11,107,11,FALSE,FALSE
843,15,270,415,277,270,415,277,270,415,277,145,7,145,7,FALSE,FALSE
843,16,300,459,319,300,459,319,300,459,319,159,19,159,19,FALSE,FALSE
843,17,364,508,342,364,508,342,364,508,342,144,-22,144,22,FALSE,FALSE
843,18,435,554,360,435,554,360,435,554,360,119,-75,119,75,FALSE,FALSE
843,19,490,615,425,490,615,425,490,615,425,125,-65,125,65,FALSE,FALSE
843,20,527,677,473,527,677,473,527,677,473,150,-54,150,54,FALSE,FALSE
843,21,571,746,535,571,746,535,571,746,535,175,-36,175,36,FALSE,FALSE
843,22,617,792,600,617,792,600,617,792,600,175,-17,175,17,FALSE,FALSE
843,23,651,851,656,651,851,656,651,851,656,200,5,200,5,FALSE,FALSE
843,24,710,897,710,710,897,710,710,897,710,187,0,187,0,FALSE,TRUE
843,25,735,945,756,735,945,756,735,945,756,210,21,210,21,FALSE,FALSE
843,26,790,994,804,790,994,804,790,994,804,204,14,204,14,FALSE,FALSE
843,27,838,1050,846,838,1050,846,838,1050,846,212,8,212,8,FALSE,FALSE
843,28,890,1080,887,890,1080,887,890,1080,887,190,-3,190,3,FALSE,FALSE
843,29,944,1098,933,944,1098,933,944,1098,933,154,-11,154,11,FALSE,FALSE
843,30,965,1129,975,965,1129,975,965,1129,975,164,10,164,10,FALSE,FALSE
843,31,1012,1156,1016,1012,1156,1016,1012,1156,1016,144,4,144,4,FALSE,FALSE
843,32,1039,1164,1039,1039,1164,1039,1039,1164,1039,125,0,125,0,FALSE,TRUE
843,33,1059,1178,1069,1059,1178,1069,1059,1178,1069,119,10,119,10,FALSE,FALSE
843,34,1080,1191,1088,1080,1191,1088,1080,1191,1088,111,8,111,8,FALSE,FALSE
843,35,1076,1163,1078,1076,1163,1078,1076,1163,1078,87,2,87,2,FALSE,FALSE
843,36,1064,1144,1113,1064,1144,1113,1064,1144,1113,80,49,80,49,FALSE,FALSE
843,37,1075,1134,1122,1075,1134,1122,1075,1134,1122,59,47,59,47,FALSE,FALSE
843,38,1100,1108,1124,1100,1108,1124,1100,1108,1124,8,24,8,24,FALSE,FALSE
843,39,1089,1066,1127,1089,1066,1127,1089,1066,1127,-23,38,23,38,FALSE,FALSE
843,40,1095,1014,1129,1095,1014,1129,1095,1014,1129,-81,34,81,34,FALSE,FALSE
843,41,1086,965,1109,1086,965,1109,1086,965,1109,-121,23,121,23,FALSE,FALSE
843,42,1084,932,1076,1084,932,1076,1084,932,1076,-152,-8,152,8,FALSE,FALSE
843,43,1099,912,1055,1099,912,1055,1099,912,1055,-187,-44,187,44,FALSE,FALSE
843,44,1056,859,1041,1056,859,1041,1056,859,1041,-197,-15,197,15,FALSE,FALSE
843,45,1023,821,1006,1023,821,1006,1023,821,1006,-202,-17,202,17,FALSE,FALSE
843,46,960,773,977,960,773,977,960,773,977,-187,17,187,17,FALSE,FALSE
843,47,937,746,914,937,746,914,937,746,914,-191,-23,191,23,FALSE,FALSE
843,48,889,690,869,889,690,869,889,690,869,-199,-20,199,20,FALSE,FALSE
843,49,854,633,837,854,633,837,854,633,837,-221,-17,221,17,FALSE,FALSE
843,50,827,597,787,827,597,787,827,597,787,-230,-40,230,40,FALSE,FALSE
843,51,784,563,728,784,563,728,784,563,728,-221,-56,221,56,FALSE,FALSE
843,52,742,536,704,742,536,704,742,536,704,-206,-38,206,38,FALSE,FALSE
843,53,704,501,675,704,501,675,704,501,675,-203,-29,203,29,FALSE,FALSE
843,54,650,461,637,650,461,637,650,461,637,-189,-13,189,13,FALSE,FALSE
843,55,615,435,591,615,435,591,615,435,591,-180,-24,180,24,FALSE,FALSE
843,56,585,395,557,585,395,557,585,395,557,-190,-28,190,28,FALSE,FALSE
843,57,539,359,535,539,359,535,539,359,535,-180,-4,180,4,FALSE,FALSE
843,58,498,340,509,498,340,509,498,340,509,-158,11,158,11,FALSE,FALSE
843,59,473,314,505,473,314,505,473,314,505,-159,32,159,32,FALSE,FALSE
843,60,438,301,463,438,301,463,438,301,463,-137,25,137,25,FALSE,FALSE
844,0,96,96,96,96,96,96,96,96,96,0,0,0,0,TRUE,TRUE
844,1,147,149,154,147,149,154,147,149,154,2,7,2,7,FALSE,FALSE
844,2,212,224,228,212,224,228,212,224,228,12,16,12,16,FALSE,FALSE
844,3,340,316,357,340,316,357,340,316,357,-24,17,24,17,FALSE,FALSE
844,4,507,507,528,507,507,528,507,507,528,0,21,0,21,TRUE,FALSE
844,5,769,728,750,769,728,750,769,728,750,-41,-19,41,19,FALSE,FALSE
844,6,1073,1027,1055,1073,1027,1055,1073,1027,1055,-46,-18,46,18,FALSE,FALSE
844,7,1471,1397,1455,1471,1397,1455,1471,1397,1455,-74,-16,74,16,FALSE,FALSE
844,8,1966,1852,1912,1966,1852,1912,1966,1852,1912,-114,-54,114,54,FALSE,FALSE
844,9,2470,2347,2386,2470,2347,2386,2470,2347,2386,-123,-84,123,84,FALSE,FALSE
844,10,2977,2825,2879,2977,2825,2879,2977,2825,2879,-152,-98,152,98,FALSE,FALSE
844,11,3425,3202,3260,3425,3202,3260,3425,3202,3260,-223,-165,223,165,FALSE,FALSE
844,12,3681,3423,3562,3681,3423,3562,3681,3423,3562,-258,-119,258,119,FALSE,FALSE
844,13,3731,3493,3660,3731,3493,3660,3731,3493,3660,-238,-71,238,71,FALSE,FALSE
844,14,3659,3488,3629,3659,3488,3629,3659,3488,3629,-171,-30,171,30,FALSE,FALSE
844,15,3470,3322,3498,3470,3322,3498,3470,3322,3498,-148,28,148,28,FALSE,FALSE
844,16,3210,3156,3228,3210,3156,3228,3210,3156,3228,-54,18,54,18,FALSE,FALSE
844,17,2956,2936,2953,2956,2936,2953,2956,2936,2953,-20,-3,20,3,FALSE,FALSE
844,18,2648,2681,2693,2648,2681,2693,2648,2681,2693,33,45,33,45,FALSE,FALSE
844,19,2347,2418,2378,2347,2418,2378,2347,2418,2378,71,31,71,31,FALSE,FALSE
844,20,2077,2156,2075,2077,2156,2075,2077,2156,2075,79,-2,79,2,FALSE,FALSE
844,21,1803,1890,1816,1803,1890,1816,1803,1890,1816,87,13,87,13,FALSE,FALSE
844,22,1602,1667,1590,1602,1667,1590,1602,1667,1590,65,-12,65,12,FALSE,FALSE
844,23,1429,1475,1384,1429,1475,1384,1429,1475,1384,46,-45,46,45,FALSE,FALSE
844,24,1241,1308,1205,1241,1308,1205,1241,1308,1205,67,-36,67,36,FALSE,FALSE
844,25,1104,1149,1080,1104,1149,1080,1104,1149,1080,45,-24,45,24,FALSE,FALSE
844,26,975,1016,944,975,1016,944,975,1016,944,41,-31,41,31,FALSE,FALSE
844,27,819,870,828,819,870,828,819,870,828,51,9,51,9,FALSE,FALSE
844,28,709,771,727,709,771,727,709,771,727,62,18,62,18,FALSE,FALSE
844,29,600,666,626,600,666,626,600,666,626,66,26,66,26,FALSE,FALSE
844,30,522,590,528,522,590,528,522,590,528,68,6,68,6,FALSE,FALSE
844,31,444,520,468,444,520,468,444,520,468,76,24,76,24,FALSE,FALSE
844,32,400,442,407,400,442,407,400,442,407,42,7,42,7,FALSE,FALSE
844,33,341,388,346,341,388,346,341,388,346,47,5,47,5,FALSE,FALSE
844,34,292,343,291,292,343,291,292,343,291,51,-1,51,1,FALSE,FALSE
844,35,248,296,248,248,296,248,248,296,248,48,0,48,0,FALSE,TRUE
844,36,224,254,219,224,254,219,224,254,219,30,-5,30,5,FALSE,FALSE
844,37,201,225,190,201,225,190,201,225,190,24,-11,24,11,FALSE,FALSE
844,38,173,198,157,173,198,157,173,198,157,25,-16,25,16,FALSE,FALSE
844,39,147,173,135,147,173,135,147,173,135,26,-12,26,12,FALSE,FALSE
844,40,119,152,115,119,152,115,119,152,115,33,-4,33,4,FALSE,FALSE
844,41,108,130,102,108,130,102,108,130,102,22,-6,22,6,FALSE,FALSE
844,42,89,111,86,89,111,86,89,111,86,22,-3,22,3,FALSE,FALSE
844,43,80,98,69,80,98,69,80,98,69,18,-11,18,11,FALSE,FALSE
844,44,68,86,66,68,86,66,68,86,66,18,-2,18,2,FALSE,FALSE
844,45,58,75,63,58,75,63,58,75,63,17,5,17,5,FALSE,FALSE
844,46,53,64,50,53,64,50,53,64,50,11,-3,11,3,FALSE,FALSE
844,47,42,59,45,42,59,45,42,59,45,17,3,17,3,FALSE,FALSE
844,48,37,51,38,37,51,38,37,51,38,14,1,14,1,FALSE,FALSE
844,49,32,50,33,32,50,33,32,50,33,18,1,18,1,FALSE,FALSE
844,50,30,47,31,30,47,31,30,47,31,17,1,17,1,FALSE,FALSE
844,51,24,41,29,24,41,29,24,41,29,17,5,17,5,FALSE,FALSE
844,52,22,35,23,22,35,23,22,35,23,13,1,13,1,FALSE,FALSE
844,53,18,29,22,18,29,22,18,29,22,11,4,11,4,FALSE,FALSE
844,54,16,27,19,16,27,19,16,27,19,11,3,11,3,FALSE,FALSE
844,55,13,23,17,13,23,17,13,23,17,10,4,10,4,FALSE,FALSE
844,56,13,19,14,13,19,14,13,19,14,6,1,6,1,FALSE,FALSE
844,57,11,13,13,11,13,13,11,13,13,2,2,2,2,FALSE,FALSE
844,58,9,11,9,9,11,9,9,11,9,2,0,2,0,FALSE,TRUE
844,59,9,11,9,9,11,9,9,11,9,2,0,2,0,FALSE,TRUE
844,60,8,9,8,8,9,8,8,9,8,1,0,1,0,FALSE,TRUE
845,0,100,100,100,100,100,100,100,100,100,0,0,0,0,TRUE,TRUE
845,1,112,118,102,112,118,102,112,118,102,6,-10,6,10,FALSE,FALSE
845,2,125,129,107,125,129,107,125,129,107,4,-18,4,18,FALSE,FALSE
845,3,133,142,120,133,142,120,133,142,120,9,-13,9,13,FALSE,FALSE
845,4,150,151,133,150,151,133,150,151,133,1,-17,1,17,FALSE,FALSE
845,5,152,170,144,152,170,144,152,170,144,18,-8,18,8,FALSE,FALSE
845,6,168,189,149,168,189,149,168,189,149,21,-19,21,19,FALSE,FALSE
845,7,188,207,167,188,207,167,188,207,167,19,-21,19,21,FALSE,FALSE
845,8,203,210,194,203,210,194,203,210,194,7,-9,7,9,FALSE,FALSE
845,9,224,222,204,224,222,204,224,222,204,-2,-20,2,20,FALSE,FALSE
845,10,239,233,238,239,233,238,239,233,238,-6,-1,6,1,FALSE,FALSE
845,11,261,264,251,261,264,251,261,264,251,3,-10,3,10,FALSE,FALSE
845,12,278,289,279,278,289,279,278,289,279,11,1,11,1,FALSE,FALSE
845,13,302,305,300,302,305,300,302,305,300,3,-2,3,2,FALSE,FALSE
845,14,336,334,329,336,334,329,336,334,329,-2,-7,2,7,FALSE,FALSE
845,15,374,369,378,374,369,378,374,369,378,-5,4,5,4,FALSE,FALSE
845,16,385,386,420,385,386,420,385,386,420,1,35,1,35,FALSE,FALSE
845,17,408,411,434,408,411,434,408,411,434,3,26,3,26,FALSE,FALSE
845,18,407,427,486,407,427,486,407,427,486,20,79,20,79,FALSE,FALSE
845,19,421,423,500,421,423,500,421,423,500,2,79,2,79,FALSE,FALSE
845,20,455,424,536,455,424,536,455,424,536,-31,81,31,81,FALSE,FALSE
845,21,504,416,550,504,416,550,504,416,550,-88,46,88,46,FALSE,FALSE
845,22,535,427,572,535,427,572,535,427,572,-108,37,108,37,FALSE,FALSE
845,23,549,401,562,549,401,562,549,401,562,-148,13,148,13,FALSE,FALSE
845,24,587,415,560,587,415,560,587,415,560,-172,-27,172,27,FALSE,FALSE
845,25,606,413,572,606,413,572,606,413,572,-193,-34,193,34,FALSE,FALSE
845,26,631,419,544,631,419,544,631,419,544,-212,-87,212,87,FALSE,FALSE
845,27,614,416,563,614,416,563,614,416,563,-198,-51,198,51,FALSE,FALSE
845,28,589,414,548,589,414,548,589,414,548,-175,-41,175,41,FALSE,FALSE
845,29,580,407,540,580,407,540,580,407,540,-173,-40,173,40,FALSE,FALSE
845,30,549,392,536,549,392,536,549,392,536,-157,-13,157,13,FALSE,FALSE
845,31,536,414,530,536,414,530,536,414,530,-122,-6,122,6,FALSE,FALSE
845,32,538,420,514,538,420,514,538,420,514,-118,-24,118,24,FALSE,FALSE
845,33,547,406,493,547,406,493,547,406,493,-141,-54,141,54,FALSE,FALSE
845,34,518,389,479,518,389,479,518,389,479,-129,-39,129,39,FALSE,FALSE
845,35,517,387,458,517,387,458,517,387,458,-130,-59,130,59,FALSE,FALSE
845,36,488,375,435,488,375,435,488,375,435,-113,-53,113,53,FALSE,FALSE
845,37,473,361,439,473,361,439,473,361,439,-112,-34,112,34,FALSE,FALSE
845,38,444,356,400,444,356,400,444,356,400,-88,-44,88,44,FALSE,FALSE
845,39,442,353,386,442,353,386,442,353,386,-89,-56,89,56,FALSE,FALSE
845,40,404,346,381,404,346,381,404,346,381,-58,-23,58,23,FALSE,FALSE
845,41,374,321,359,374,321,359,374,321,359,-53,-15,53,15,FALSE,FALSE
845,42,363,293,328,363,293,328,363,293,328,-70,-35,70,35,FALSE,FALSE
845,43,328,277,318,328,277,318,328,277,318,-51,-10,51,10,FALSE,FALSE
845,44,316,256,299,316,256,299,316,256,299,-60,-17,60,17,FALSE,FALSE
845,45,300,242,270,300,242,270,300,242,270,-58,-30,58,30,FALSE,FALSE
845,46,276,227,252,276,227,252,276,227,252,-49,-24,49,24,FALSE,FALSE
845,47,246,211,247,246,211,247,246,211,247,-35,1,35,1,FALSE,FALSE
845,48,232,205,231,232,205,231,232,205,231,-27,-1,27,1,FALSE,FALSE
845,49,227,196,211,227,196,211,227,196,211,-31,-16,31,16,FALSE,FALSE
845,50,204,186,203,204,186,203,204,186,203,-18,-1,18,1,FALSE,FALSE
845,51,183,175,182,183,175,182,183,175,182,-8,-1,8,1,FALSE,FALSE
845,52,166,145,175,166,145,175,166,145,175,-21,9,21,9,FALSE,FALSE
845,53,155,124,166,155,124,166,155,124,166,-31,11,31,11,FALSE,FALSE
845,54,149,116,146,149,116,146,149,116,146,-33,-3,33,3,FALSE,FALSE
845,55,139,109,123,139,109,123,139,109,123,-30,-16,30,16,FALSE,FALSE
845,56,128,94,111,128,94,111,128,94,111,-34,-17,34,17,FALSE,FALSE
845,57,115,90,97,115,90,97,115,90,97,-25,-18,25,18,FALSE,FALSE
845,58,113,86,87,113,86,87,113,86,87,-27,-26,27,26,FALSE,FALSE
845,59,103,82,83,103,82,83,103,82,83,-21,-20,21,20,FALSE,FALSE
845,60,92,68,71,92,68,71,92,68,71,-24,-21,24,21,FALSE,FALSE
846,0,164,164,164,164,164,164,164,164,164,0,0,0,0,TRUE,TRUE
846,1,238,252,251,238,252,251,238,252,251,14,13,14,13,FALSE,FALSE
846,2,341,397,340,341,397,340,341,397,340,56,-1,56,1,FALSE,FALSE
846,3,498,607,501,498,607,501,498,607,501,109,3,109,3,FALSE,FALSE
846,4,752,870,727,752,870,727,752,870,727,118,-25,118,25,FALSE,FALSE
846,5,1048,1184,1007,1048,1184,1007,1048,1184,1007,136,-41,136,41,FALSE,FALSE
846,6,1462,1612,1362,1462,1612,1362,1462,1612,1362,150,-100,150,100,FALSE,FALSE
846,7,1908,2076,1781,1908,2076,1781,1908,2076,1781,168,-127,168,127,FALSE,FALSE
846,8,2380,2631,2303,2380,2631,2303,2380,2631,2303,251,-77,251,77,FALSE,FALSE
846,9,2827,3044,2740,2827,3044,2740,2827,3044,2740,217,-87,217,87,FALSE,FALSE
846,10,3149,3330,3110,3149,3330,3110,3149,3330,3110,181,-39,181,39,FALSE,FALSE
846,11,3264,3408,3355,3264,3408,3355,3264,3408,3355,144,91,144,91,FALSE,FALSE
846,12,3283,3359,3428,3283,3359,3428,3283,3359,3428,76,145,76,145,FALSE,FALSE
846,13,3150,3190,3274,3150,3190,3274,3150,3190,3274,40,124,40,124,FALSE,FALSE
846,14,2948,2921,3022,2948,2921,3022,2948,2921,3022,-27,74,27,74,FALSE,FALSE
846,15,2659,2598,2682,2659,2598,2682,2659,2598,2682,-61,23,61,23,FALSE,FALSE
846,16,2315,2266,2373,2315,2266,2373,2315,2266,2373,-49,58,49,58,FALSE,FALSE
846,17,1993,1989,2042,1993,1989,2042,1993,1989,2042,-4,49,4,49,FALSE,FALSE
846,18,1725,1729,1753,1725,1729,1753,1725,1729,1753,4,28,4,28,FALSE,FALSE
846,19,1511,1493,1478,1511,1493,1478,1511,1493,1478,-18,-33,18,33,FALSE,FALSE
846,20,1257,1283,1246,1257,1283,1246,1257,1283,1246,26,-11,26,11,FALSE,FALSE
846,21,1062,1079,1010,1062,1079,1010,1062,1079,1010,17,-52,17,52,FALSE,FALSE
846,22,880,932,835,880,932,835,880,932,835,52,-45,52,45,FALSE,FALSE
846,23,742,775,696,742,775,696,742,775,696,33,-46,33,46,FALSE,FALSE
846,24,621,629,584,621,629,584,621,629,584,8,-37,8,37,FALSE,FALSE
846,25,541,532,486,541,532,486,541,532,486,-9,-55,9,55,FALSE,FALSE
846,26,448,428,406,448,428,406,448,428,406,-20,-42,20,42,FALSE,FALSE
846,27,376,354,327,376,354,327,376,354,327,-22,-49,22,49,FALSE,FALSE
846,28,298,296,267,298,296,267,298,296,267,-2,-31,2,31,FALSE,FALSE
846,29,237,254,221,237,254,221,237,254,221,17,-16,17,16,FALSE,FALSE
846,30,194,202,190,194,202,190,194,202,190,8,-4,8,4,FALSE,FALSE
846,31,147,173,152,147,173,152,147,173,152,26,5,26,5,FALSE,FALSE
846,32,122,153,127,122,153,127,122,153,127,31,5,31,5,FALSE,FALSE
846,33,102,134,109,102,134,109,102,134,109,32,7,32,7,FALSE,FALSE
846,34,79,105,93,79,105,93,79,105,93,26,14,26,14,FALSE,FALSE
846,35,69,90,70,69,90,70,69,90,70,21,1,21,1,FALSE,FALSE
846,36,55,74,57,55,74,57,55,74,57,19,2,19,2,FALSE,FALSE
846,37,43,61,47,43,61,47,43,61,47,18,4,18,4,FALSE,FALSE
846,38,38,47,40,38,47,40,38,47,40,9,2,9,2,FALSE,FALSE
846,39,32,43,26,32,43,26,32,43,26,11,-6,11,6,FALSE,FALSE
846,40,22,31,22,22,31,22,22,31,22,9,0,9,0,FALSE,TRUE
846,41,18,24,19,18,24,19,18,24,19,6,1,6,1,FALSE,FALSE
846,42,15,20,14,15,20,14,15,20,14,5,-1,5,1,FALSE,FALSE
846,43,14,20,11,14,20,11,14,20,11,6,-3,6,3,FALSE,FALSE
846,44,13,14,10,13,14,10,13,14,10,1,-3,1,3,FALSE,FALSE
846,45,13,12,10,13,12,10,13,12,10,-1,-3,1,3,FALSE,FALSE
846,46,9,9,6,9,9,6,9,9,6,0,-3,0,3,TRUE,FALSE
846,47,7,10,5,7,10,5,7,10,5,3,-2,3,2,FALSE,FALSE
846,48,6,6,4,6,6,4,6,6,4,0,-2,0,2,TRUE,FALSE
846,49,3,3,3,3,3,3,3,3,3,0,0,0,0,TRUE,TRUE
846,50,3,1,2,3,1,2,3,1,2,-2,-1,2,1,FALSE,FALSE
846,51,3,1,2,3,1,2,3,1,2,-2,-1,2,1,FALSE,FALSE
846,52,3,0,2,3,0,2,3,0,2,-3,-1,3,1,FALSE,FALSE
846,53,2,0,2,2,0,2,2,0,2,-2,0,2,0,FALSE,TRUE
846,54,2,0,1,2,0,1,2,0,1,-2,-1,2,1,FALSE,FALSE
846,55,2,0,1,2,0,1,2,0,1,-2,-1,2,1,FALSE,FALSE
846,56,2,0,1,2,0,1,2,0,1,-2,-1,2,1,FALSE,FALSE
846,57,2,0,1,2,0,1,2,0,1,-2,-1,2,1,FALSE,FALSE
846,58,1,0,1,1,0,1,1,0,1,-1,0,1,0,FALSE,TRUE
846,59,1,0,0,1,0,0,1,0,0,-1,-1,1,1,FALSE,FALSE
846,60,1,0,0,1,0,0,1,0,0,-1,-1,1,1,FALSE,FALSE
847,0,148,148,148,148,148,148,148,148,148,0,0,0,0,TRUE,TRUE
847,1,262,253,269,262,253,269,262,253,269,-9,7,9,7,FALSE,FALSE
847,2,465,439,459,465,439,459,465,439,459,-26,-6,26,6,FALSE,FALSE
847,3,825,746,773,825,746,773,825,746,773,-79,-52,79,52,FALSE,FALSE
847,4,1311,1246,1288,1311,1246,1288,1311,1246,1288,-65,-23,65,23,FALSE,FALSE
847,5,1980,1929,2039,1980,1929,2039,1980,1929,2039,-51,59,51,59,FALSE,FALSE
847,6,2748,2754,2881,2748,2754,2881,2748,2754,2881,6,133,6,133,FALSE,FALSE
847,7,3398,3410,3625,3398,3410,3625,3398,3410,3625,12,227,12,227,FALSE,FALSE
847,8,3843,3775,4069,3843,3775,4069,3843,3775,4069,-68,226,68,226,FALSE,FALSE
847,9,3883,3829,4069,3883,3829,4069,3883,3829,4069,-54,186,54,186,FALSE,FALSE
847,10,3685,3635,3734,3685,3635,3734,3685,3635,3734,-50,49,50,49,FALSE,FALSE
847,11,3202,3286,3275,3202,3286,3275,3202,3286,3275,84,73,84,73,FALSE,FALSE
847,12,2714,2835,2757,2714,2835,2757,2714,2835,2757,121,43,121,43,FALSE,FALSE
847,13,2224,2427,2272,2224,2427,2272,2224,2427,2272,203,48,203,48,FALSE,FALSE
847,14,1797,2047,1863,1797,2047,1863,1797,2047,1863,250,66,250,66,FALSE,FALSE
847,15,1475,1672,1492,1475,1672,1492,1475,1672,1492,197,17,197,17,FALSE,FALSE
847,16,1204,1341,1203,1204,1341,1203,1204,1341,1203,137,-1,137,1,FALSE,FALSE
847,17,946,1107,933,946,1107,933,946,1107,933,161,-13,161,13,FALSE,FALSE
847,18,760,897,741,760,897,741,760,897,741,137,-19,137,19,FALSE,FALSE
847,19,614,720,567,614,720,567,614,720,567,106,-47,106,47,FALSE,FALSE
847,20,473,576,434,473,576,434,473,576,434,103,-39,103,39,FALSE,FALSE
847,21,364,473,344,364,473,344,364,473,344,109,-20,109,20,FALSE,FALSE
847,22,292,379,281,292,379,281,292,379,281,87,-11,87,11,FALSE,FALSE
847,23,232,299,214,232,299,214,232,299,214,67,-18,67,18,FALSE,FALSE
847,24,183,241,168,183,241,168,183,241,168,58,-15,58,15,FALSE,FALSE
847,25,140,200,128,140,200,128,140,200,128,60,-12,60,12,FALSE,FALSE
847,26,106,155,107,106,155,107,106,155,107,49,1,49,1,FALSE,FALSE
847,27,91,129,78,91,129,78,91,129,78,38,-13,38,13,FALSE,FALSE
847,28,69,98,61,69,98,61,69,98,61,29,-8,29,8,FALSE,FALSE
847,29,53,86,51,53,86,51,53,86,51,33,-2,33,2,FALSE,FALSE
847,30,39,71,44,39,71,44,39,71,44,32,5,32,5,FALSE,FALSE
847,31,35,59,41,35,59,41,35,59,41,24,6,24,6,FALSE,FALSE
847,32,25,51,27,25,51,27,25,51,27,26,2,26,2,FALSE,FALSE
847,33,20,42,25,20,42,25,20,42,25,22,5,22,5,FALSE,FALSE
847,34,16,33,17,16,33,17,16,33,17,17,1,17,1,FALSE,FALSE
847,35,13,24,11,13,24,11,13,24,11,11,-2,11,2,FALSE,FALSE
847,36,10,20,9,10,20,9,10,20,9,10,-1,10,1,FALSE,FALSE
847,37,7,16,7,7,16,7,7,16,7,9,0,9,0,FALSE,TRUE
847,38,6,11,4,6,11,4,6,11,4,5,-2,5,2,FALSE,FALSE
847,39,4,7,3,4,7,3,4,7,3,3,-1,3,1,FALSE,FALSE
847,40,3,6,1,3,6,1,3,6,1,3,-2,3,2,FALSE,FALSE
847,41,3,5,1,3,5,1,3,5,1,2,-2,2,2,FALSE,FALSE
847,42,3,4,1,3,4,1,3,4,1,1,-2,1,2,FALSE,FALSE
847,43,3,3,1,3,3,1,3,3,1,0,-2,0,2,TRUE,FALSE
847,44,3,2,2,3,2,2,3,2,2,-1,-1,1,1,FALSE,FALSE
847,45,2,1,2,2,1,2,2,1,2,-1,0,1,0,FALSE,TRUE
847,46,2,1,1,2,1,1,2,1,1,-1,-1,1,1,FALSE,FALSE
847,47,2,1,1,2,1,1,2,1,1,-1,-1,1,1,FALSE,FALSE
847,48,2,1,1,2,1,1,2,1,1,-1,-1,1,1,FALSE,FALSE
847,49,2,1,1,2,1,1,2,1,1,-1,-1,1,1,FALSE,FALSE
847,50,1,0,1,1,0,1,1,0,1,-1,0,1,0,FALSE,TRUE
847,51,1,0,0,1,0,0,1,0,0,-1,-1,1,1,FALSE,FALSE
847,52,1,0,0,1,0,0,1,0,0,-1,-1,1,1,FALSE,FALSE
847,53,1,0,0,1,0,0,1,0,0,-1,-1,1,1,FALSE,FALSE
847,54,1,0,0,1,0,0,1,0,0,-1,-1,1,1,FALSE,FALSE
847,55,0,0,0,0,0,0,0,0,0,0,0,0,0,TRUE,TRUE
847,56,0,0,0,0,0,0,0,0,0,0,0,0,0,TRUE,TRUE
847,57,0,0,0,0,0,0,0,0,0,0,0,0,0,TRUE,TRUE
847,58,0,0,0,0,0,0,0,0,0,0,0,0,0,TRUE,TRUE
847,59,0,0,0,0,0,0,0,0,0,0,0,0,0,TRUE,TRUE
847,60,0,0,0,0,0,0,0,0,0,0,0,0,0,TRUE,TRUE
848,0,111,111,111,111,111,111,111,111,111,0,0,0,0,TRUE,TRUE
848,1,115,124,134,115,124,134,115,124,134,9,19,9,19,FALSE,FALSE
848,2,119,126,134,119,126,134,119,126,134,7,15,7,15,FALSE,FALSE
848,3,123,137,148,123,137,148,123,137,148,14,25,14,25,FALSE,FALSE
848,4,124,146,171,124,146,171,124,146,171,22,47,22,47,FALSE,FALSE
848,5,124,165,192,124,165,192,124,165,192,41,68,41,68,FALSE,FALSE
848,6,131,170,202,131,170,202,131,170,202,39,71,39,71,FALSE,FALSE
848,7,131,174,220,131,174,220,131,174,220,43,89,43,89,FALSE,FALSE
848,8,139,181,219,139,181,219,139,181,219,42,80,42,80,FALSE,FALSE
848,9,159,192,246,159,192,246,159,192,246,33,87,33,87,FALSE,FALSE
848,10,167,224,246,167,224,246,167,224,246,57,79,57,79,FALSE,FALSE
848,11,180,223,256,180,223,256,180,223,256,43,76,43,76,FALSE,FALSE
848,12,190,248,259,190,248,259,190,248,259,58,69,58,69,FALSE,FALSE
848,13,196,245,261,196,245,261,196,245,261,49,65,49,65,FALSE,FALSE
848,14,194,263,278,194,263,278,194,263,278,69,84,69,84,FALSE,FALSE
848,15,204,272,298,204,272,298,204,272,298,68,94,68,94,FALSE,FALSE
848,16,216,288,322,216,288,322,216,288,322,72,106,72,106,FALSE,FALSE
848,17,224,288,339,224,288,339,224,288,339,64,115,64,115,FALSE,FALSE
848,18,232,275,344,232,275,344,232,275,344,43,112,43,112,FALSE,FALSE
848,19,241,294,352,241,294,352,241,294,352,53,111,53,111,FALSE,FALSE
848,20,246,307,361,246,307,361,246,307,361,61,115,61,115,FALSE,FALSE
848,21,268,319,377,268,319,377,268,319,377,51,109,51,109,FALSE,FALSE
848,22,286,321,393,286,321,393,286,321,393,35,107,35,107,FALSE,FALSE
848,23,301,332,393,301,332,393,301,332,393,31,92,31,92,FALSE,FALSE
848,24,293,319,394,293,319,394,293,319,394,26,101,26,101,FALSE,FALSE
848,25,306,324,398,306,324,398,306,324,398,18,92,18,92,FALSE,FALSE
848,26,324,329,438,324,329,438,324,329,438,5,114,5,114,FALSE,FALSE
848,27,323,319,454,323,319,454,323,319,454,-4,131,4,131,FALSE,FALSE
848,28,325,346,446,325,346,446,325,346,446,21,121,21,121,FALSE,FALSE
848,29,332,346,453,332,346,453,332,346,453,14,121,14,121,FALSE,FALSE
848,30,344,352,444,344,352,444,344,352,444,8,100,8,100,FALSE,FALSE
848,31,337,372,432,337,372,432,337,372,432,35,95,35,95,FALSE,FALSE
848,32,340,374,436,340,374,436,340,374,436,34,96,34,96,FALSE,FALSE
848,33,359,361,424,359,361,424,359,361,424,2,65,2,65,FALSE,FALSE
848,34,350,367,419,350,367,419,350,367,419,17,69,17,69,FALSE,FALSE
848,35,350,356,415,350,356,415,350,356,415,6,65,6,65,FALSE,FALSE
848,36,354,352,421,354,352,421,354,352,421,-2,67,2,67,FALSE,FALSE
848,37,355,345,421,355,345,421,355,345,421,-10,66,10,66,FALSE,FALSE
848,38,352,341,410,352,341,410,352,341,410,-11,58,11,58,FALSE,FALSE
848,39,348,356,413,348,356,413,348,356,413,8,65,8,65,FALSE,FALSE
848,40,347,365,402,347,365,402,347,365,402,18,55,18,55,FALSE,FALSE
848,41,329,373,392,329,373,392,329,373,392,44,63,44,63,FALSE,FALSE
848,42,335,380,379,335,380,379,335,380,379,45,44,45,44,FALSE,FALSE
848,43,345,372,360,345,372,360,345,372,360,27,15,27,15,FALSE,FALSE
848,44,354,340,331,354,340,331,354,340,331,-14,-23,14,23,FALSE,FALSE
848,45,362,328,313,362,328,313,362,328,313,-34,-49,34,49,FALSE,FALSE
848,46,359,315,312,359,315,312,359,315,312,-44,-47,44,47,FALSE,FALSE
848,47,352,287,301,352,287,301,352,287,301,-65,-51,65,51,FALSE,FALSE
848,48,348,272,272,348,272,272,348,272,272,-76,-76,76,76,FALSE,FALSE
848,49,346,264,269,346,264,269,346,264,269,-82,-77,82,77,FALSE,FALSE
848,50,334,253,245,334,253,245,334,253,245,-81,-89,81,89,FALSE,FALSE
848,51,309,246,216,309,246,216,309,246,216,-63,-93,63,93,FALSE,FALSE
848,52,289,234,212,289,234,212,289,234,212,-55,-77,55,77,FALSE,FALSE
848,53,270,225,202,270,225,202,270,225,202,-45,-68,45,68,FALSE,FALSE
848,54,241,217,206,241,217,206,241,217,206,-24,-35,24,35,FALSE,FALSE
848,55,230,213,194,230,213,194,230,213,194,-17,-36,17,36,FALSE,FALSE
848,56,226,207,191,226,207,191,226,207,191,-19,-35,19,35,FALSE,FALSE
848,57,212,200,180,212,200,180,212,200,180,-12,-32,12,32,FALSE,FALSE
848,58,200,191,178,200,191,178,200,191,178,-9,-22,9,22,FALSE,FALSE
848,59,181,174,168,181,174,168,181,174,168,-7,-13,7,13,FALSE,FALSE
848,60,173,179,158,173,179,158,173,179,158,6,-15,6,15,FALSE,FALSE
849,0,155,155,155,155,155,155,155,155,155,0,0,0,0,TRUE,TRUE
849,1,181,197,166,181,197,166,181,197,166,16,-15,16,15,FALSE,FALSE
849,2,209,232,201,209,232,201,209,232,201,23,-8,23,8,FALSE,FALSE
849,3,260,268,238,260,268,238,260,268,238,8,-22,8,22,FALSE,FALSE
849,4,337,300,274,337,300,274,337,300,274,-37,-63,37,63,FALSE,FALSE
849,5,388,346,302,388,346,302,388,346,302,-42,-86,42,86,FALSE,FALSE
849,6,478,408,347,478,408,347,478,408,347,-70,-131,70,131,FALSE,FALSE
849,7,561,451,405,561,451,405,561,451,405,-110,-156,110,156,FALSE,FALSE
849,8,630,537,458,630,537,458,630,537,458,-93,-172,93,172,FALSE,FALSE
849,9,725,605,534,725,605,534,725,605,534,-120,-191,120,191,FALSE,FALSE
849,10,852,709,607,852,709,607,852,709,607,-143,-245,143,245,FALSE,FALSE
849,11,941,795,686,941,795,686,941,795,686,-146,-255,146,255,FALSE,FALSE
849,12,1055,854,764,1055,854,764,1055,854,764,-201,-291,201,291,FALSE,FALSE
849,13,1196,924,846,1196,924,846,1196,924,846,-272,-350,272,350,FALSE,FALSE
849,14,1307,1028,956,1307,1028,956,1307,1028,956,-279,-351,279,351,FALSE,FALSE
849,15,1367,1124,1078,1367,1124,1078,1367,1124,1078,-243,-289,243,289,FALSE,FALSE
849,16,1424,1199,1185,1424,1199,1185,1424,1199,1185,-225,-239,225,239,FALSE,FALSE
849,17,1502,1294,1250,1502,1294,1250,1502,1294,1250,-208,-252,208,252,FALSE,FALSE
849,18,1534,1418,1307,1534,1418,1307,1534,1418,1307,-116,-227,116,227,FALSE,FALSE
849,19,1566,1458,1392,1566,1458,1392,1566,1458,1392,-108,-174,108,174,FALSE,FALSE
849,20,1561,1496,1402,1561,1496,1402,1561,1496,1402,-65,-159,65,159,FALSE,FALSE
849,21,1537,1498,1426,1537,1498,1426,1537,1498,1426,-39,-111,39,111,FALSE,FALSE
849,22,1519,1479,1424,1519,1479,1424,1519,1479,1424,-40,-95,40,95,FALSE,FALSE
849,23,1463,1453,1445,1463,1453,1445,1463,1453,1445,-10,-18,10,18,FALSE,FALSE
849,24,1404,1376,1424,1404,1376,1424,1404,1376,1424,-28,20,28,20,FALSE,FALSE
849,25,1306,1313,1419,1306,1313,1419,1306,1313,1419,7,113,7,113,FALSE,FALSE
849,26,1191,1253,1360,1191,1253,1360,1191,1253,1360,62,169,62,169,FALSE,FALSE
849,27,1118,1236,1320,1118,1236,1320,1118,1236,1320,118,202,118,202,FALSE,FALSE
849,28,1059,1171,1240,1059,1171,1240,1059,1171,1240,112,181,112,181,FALSE,FALSE
849,29,961,1088,1169,961,1088,1169,961,1088,1169,127,208,127,208,FALSE,FALSE
849,30,896,1016,1098,896,1016,1098,896,1016,1098,120,202,120,202,FALSE,FALSE
849,31,809,932,1004,809,932,1004,809,932,1004,123,195,123,195,FALSE,FALSE
849,32,714,880,906,714,880,906,714,880,906,166,192,166,192,FALSE,FALSE
849,33,617,808,850,617,808,850,617,808,850,191,233,191,233,FALSE,FALSE
849,34,539,733,762,539,733,762,539,733,762,194,223,194,223,FALSE,FALSE
849,35,487,690,682,487,690,682,487,690,682,203,195,203,195,FALSE,FALSE
849,36,420,630,635,420,630,635,420,630,635,210,215,210,215,FALSE,FALSE
849,37,390,552,548,390,552,548,390,552,548,162,158,162,158,FALSE,FALSE
849,38,369,492,477,369,492,477,369,492,477,123,108,123,108,FALSE,FALSE
849,39,316,416,442,316,416,442,316,416,442,100,126,100,126,FALSE,FALSE
849,40,281,371,391,281,371,391,281,371,391,90,110,90,110,FALSE,FALSE
849,41,250,331,325,250,331,325,250,331,325,81,75,81,75,FALSE,FALSE
849,42,220,301,284,220,301,284,220,301,284,81,64,81,64,FALSE,FALSE
849,43,196,272,247,196,272,247,196,272,247,76,51,76,51,FALSE,FALSE
849,44,168,237,212,168,237,212,168,237,212,69,44,69,44,FALSE,FALSE
849,45,142,218,202,142,218,202,142,218,202,76,60,76,60,FALSE,FALSE
849,46,120,196,180,120,196,180,120,196,180,76,60,76,60,FALSE,FALSE
849,47,95,175,160,95,175,160,95,175,160,80,65,80,65,FALSE,FALSE
849,48,83,160,141,83,160,141,83,160,141,77,58,77,58,FALSE,FALSE
849,49,77,139,134,77,139,134,77,139,134,62,57,62,57,FALSE,FALSE
849,50,70,122,123,70,122,123,70,122,123,52,53,52,53,FALSE,FALSE
849,51,64,116,105,64,116,105,64,116,105,52,41,52,41,FALSE,FALSE
849,52,54,101,94,54,101,94,54,101,94,47,40,47,40,FALSE,FALSE
849,53,51,90,80,51,90,80,51,90,80,39,29,39,29,FALSE,FALSE
849,54,47,78,63,47,78,63,47,78,63,31,16,31,16,FALSE,FALSE
849,55,43,71,54,43,71,54,43,71,54,28,11,28,11,FALSE,FALSE
849,56,36,63,44,36,63,44,36,63,44,27,8,27,8,FALSE,FALSE
849,57,32,63,39,32,63,39,32,63,39,31,7,31,7,FALSE,FALSE
849,58,27,51,30,27,51,30,27,51,30,24,3,24,3,FALSE,FALSE
849,59,24,45,27,24,45,27,24,45,27,21,3,21,3,FALSE,FALSE
849,60,23,44,20,23,44,20,23,44,20,21,-3,21,3,FALSE,FALSE
850,0,145,145,145,145,145,145,145,145,145,0,0,0,0,TRUE,TRUE
850,1,216,222,217,216,222,217,216,222,217,6,1,6,1,FALSE,FALSE
850,2,325,320,313,325,320,313,325,320,313,-5,-12,5,12,FALSE,FALSE
850,3,431,435,431,431,435,431,431,435,431,4,0,4,0,FALSE,TRUE
850,4,597,589,592,597,589,592,597,589,592,-8,-5,8,5,FALSE,FALSE
850,5,806,735,783,806,735,783,806,735,783,-71,-23,71,23,FALSE,FALSE
850,6,1013,936,1029,1013,936,1029,1013,936,1029,-77,16,77,16,FALSE,FALSE
850,7,1227,1131,1316,1227,1131,1316,1227,1131,1316,-96,89,96,89,FALSE,FALSE
850,8,1495,1395,1657,1495,1395,1657,1495,1395,1657,-100,162,100,162,FALSE,FALSE
850,9,1745,1644,1976,1745,1644,1976,1745,1644,1976,-101,231,101,231,FALSE,FALSE
850,10,1980,1845,2229,1980,1845,2229,1980,1845,2229,-135,249,135,249,FALSE,FALSE
850,11,2109,2042,2409,2109,2042,2409,2109,2042,2409,-67,300,67,300,FALSE,FALSE
850,12,2185,2189,2441,2185,2189,2441,2185,2189,2441,4,256,4,256,FALSE,FALSE
850,13,2229,2183,2410,2229,2183,2410,2229,2183,2410,-46,181,46,181,FALSE,FALSE
850,14,2142,2141,2318,2142,2141,2318,2142,2141,2318,-1,176,1,176,FALSE,FALSE
850,15,1989,2044,2160,1989,2044,2160,1989,2044,2160,55,171,55,171,FALSE,FALSE
850,16,1867,1888,1951,1867,1888,1951,1867,1888,1951,21,84,21,84,FALSE,FALSE
850,17,1685,1765,1718,1685,1765,1718,1685,1765,1718,80,33,80,33,FALSE,FALSE
850,18,1521,1583,1540,1521,1583,1540,1521,1583,1540,62,19,62,19,FALSE,FALSE
850,19,1363,1422,1301,1363,1422,1301,1363,1422,1301,59,-62,59,62,FALSE,FALSE
850,20,1189,1258,1116,1189,1258,1116,1189,1258,1116,69,-73,69,73,FALSE,FALSE
850,21,1037,1085,977,1037,1085,977,1037,1085,977,48,-60,48,60,FALSE,FALSE
850,22,863,974,802,863,974,802,863,974,802,111,-61,111,61,FALSE,FALSE
850,23,746,849,668,746,849,668,746,849,668,103,-78,103,78,FALSE,FALSE
850,24,613,699,558,613,699,558,613,699,558,86,-55,86,55,FALSE,FALSE
850,25,508,580,449,508,580,449,508,580,449,72,-59,72,59,FALSE,FALSE
850,26,423,512,366,423,512,366,423,512,366,89,-57,89,57,FALSE,FALSE
850,27,385,424,316,385,424,316,385,424,316,39,-69,39,69,FALSE,FALSE
850,28,308,364,268,308,364,268,308,364,268,56,-40,56,40,FALSE,FALSE
850,29,249,301,211,249,301,211,249,301,211,52,-38,52,38,FALSE,FALSE
850,30,208,251,180,208,251,180,208,251,180,43,-28,43,28,FALSE,FALSE
850,31,171,217,146,171,217,146,171,217,146,46,-25,46,25,FALSE,FALSE
850,32,131,170,120,131,170,120,131,170,120,39,-11,39,11,FALSE,FALSE
850,33,106,142,93,106,142,93,106,142,93,36,-13,36,13,FALSE,FALSE
850,34,88,120,80,88,120,80,88,120,80,32,-8,32,8,FALSE,FALSE
850,35,69,94,65,69,94,65,69,94,65,25,-4,25,4,FALSE,FALSE
850,36,55,87,57,55,87,57,55,87,57,32,2,32,2,FALSE,FALSE
850,37,39,65,50,39,65,50,39,65,50,26,11,26,11,FALSE,FALSE
850,38,35,54,39,35,54,39,35,54,39,19,4,19,4,FALSE,FALSE
850,39,31,49,31,31,49,31,31,49,31,18,0,18,0,FALSE,TRUE
850,40,27,45,30,27,45,30,27,45,30,18,3,18,3,FALSE,FALSE
850,41,24,36,22,24,36,22,24,36,22,12,-2,12,2,FALSE,FALSE
850,42,21,32,23,21,32,23,21,32,23,11,2,11,2,FALSE,FALSE
850,43,21,29,20,21,29,20,21,29,20,8,-1,8,1,FALSE,FALSE
850,44,20,25,12,20,25,12,20,25,12,5,-8,5,8,FALSE,FALSE
850,45,16,19,12,16,19,12,16,19,12,3,-4,3,4,FALSE,FALSE
850,46,16,19,13,16,19,13,16,19,13,3,-3,3,3,FALSE,FALSE
850,47,10,14,12,10,14,12,10,14,12,4,2,4,2,FALSE,FALSE
850,48,8,13,12,8,13,12,8,13,12,5,4,5,4,FALSE,FALSE
850,49,8,7,8,8,7,8,8,7,8,-1,0,1,0,FALSE,TRUE
850,50,6,5,8,6,5,8,6,5,8,-1,2,1,2,FALSE,FALSE
850,51,5,3,7,5,3,7,5,3,7,-2,2,2,2,FALSE,FALSE
850,52,4,5,6,4,5,6,4,5,6,1,2,1,2,FALSE,FALSE
850,53,2,5,7,2,5,7,2,5,7,3,5,3,5,FALSE,FALSE
850,54,2,6,4,2,6,4,2,6,4,4,2,4,2,FALSE,FALSE
850,55,1,5,4,1,5,4,1,5,4,4,3,4,3,FALSE,FALSE
850,56,1,3,2,1,3,2,1,3,2,2,1,2,1,FALSE,FALSE
850,57,1,3,1,1,3,1,1,3,1,2,0,2,0,FALSE,TRUE
850,58,1,3,1,1,3,1,1,3,1,2,0,2,0,FALSE,TRUE
850,59,1,2,1,1,2,1,1,2,1,1,0,1,0,FALSE,TRUE
850,60,2,2,0,2,2,0,2,2,0,0,-2,0,2,TRUE,FALSE
851,0,102,102,102,102,102,102,102,102,102,0,0,0,0,TRUE,TRUE
851,1,144,137,152,144,137,152,144,137,152,-7,8,7,8,FALSE,FALSE
851,2,189,184,211,189,184,211,189,184,211,-5,22,5,22,FALSE,FALSE
851,3,274,249,278,274,249,278,274,249,278,-25,4,25,4,FALSE,FALSE
851,4,369,335,354,369,335,354,369,335,354,-34,-15,34,15,FALSE,FALSE
851,5,475,445,459,475,445,459,475,445,459,-30,-16,30,16,FALSE,FALSE
851,6,639,596,593,639,596,593,639,596,593,-43,-46,43,46,FALSE,FALSE
851,7,814,756,765,814,756,765,814,756,765,-58,-49,58,49,FALSE,FALSE
851,8,985,969,963,985,969,963,985,969,963,-16,-22,16,22,FALSE,FALSE
851,9,1248,1159,1214,1248,1159,1214,1248,1159,1214,-89,-34,89,34,FALSE,FALSE
851,10,1520,1389,1419,1520,1389,1419,1520,1389,1419,-131,-101,131,101,FALSE,FALSE
851,11,1748,1677,1645,1748,1677,1645,1748,1677,1645,-71,-103,71,103,FALSE,FALSE
851,12,1963,1858,1855,1963,1858,1855,1963,1858,1855,-105,-108,105,108,FALSE,FALSE
851,13,2130,2001,2029,2130,2001,2029,2130,2001,2029,-129,-101,129,101,FALSE,FALSE
851,14,2288,2166,2185,2288,2166,2185,2288,2166,2185,-122,-103,122,103,FALSE,FALSE
851,15,2340,2257,2249,2340,2257,2249,2340,2257,2249,-83,-91,83,91,FALSE,FALSE
851,16,2366,2279,2302,2366,2279,2302,2366,2279,2302,-87,-64,87,64,FALSE,FALSE
851,17,2319,2280,2267,2319,2280,2267,2319,2280,2267,-39,-52,39,52,FALSE,FALSE
851,18,2263,2248,2235,2263,2248,2235,2263,2248,2235,-15,-28,15,28,FALSE,FALSE
851,19,2167,2187,2144,2167,2187,2144,2167,2187,2144,20,-23,20,23,FALSE,FALSE
851,20,2027,2112,2047,2027,2112,2047,2027,2112,2047,85,20,85,20,FALSE,FALSE
851,21,1886,1996,1903,1886,1996,1903,1886,1996,1903,110,17,110,17,FALSE,FALSE
851,22,1739,1891,1779,1739,1891,1779,1739,1891,1779,152,40,152,40,FALSE,FALSE
851,23,1569,1731,1637,1569,1731,1637,1569,1731,1637,162,68,162,68,FALSE,FALSE
851,24,1436,1551,1444,1436,1551,1444,1436,1551,1444,115,8,115,8,FALSE,FALSE
851,25,1291,1445,1316,1291,1445,1316,1291,1445,1316,154,25,154,25,FALSE,FALSE
851,26,1197,1335,1213,1197,1335,1213,1197,1335,1213,138,16,138,16,FALSE,FALSE
851,27,1079,1210,1102,1079,1210,1102,1079,1210,1102,131,23,131,23,FALSE,FALSE
851,28,989,1089,997,989,1089,997,989,1089,997,100,8,100,8,FALSE,FALSE
851,29,914,973,901,914,973,901,914,973,901,59,-13,59,13,FALSE,FALSE
851,30,818,865,811,818,865,811,818,865,811,47,-7,47,7,FALSE,FALSE
851,31,746,767,730,746,767,730,746,767,730,21,-16,21,16,FALSE,FALSE
851,32,666,677,648,666,677,648,666,677,648,11,-18,11,18,FALSE,FALSE
851,33,603,589,570,603,589,570,603,589,570,-14,-33,14,33,FALSE,FALSE
851,34,541,521,514,541,521,514,541,521,514,-20,-27,20,27,FALSE,FALSE
851,35,467,460,456,467,460,456,467,460,456,-7,-11,7,11,FALSE,FALSE
851,36,412,411,413,412,411,413,412,411,413,-1,1,1,1,FALSE,FALSE
851,37,369,357,375,369,357,375,369,357,375,-12,6,12,6,FALSE,FALSE
851,38,320,306,338,320,306,338,320,306,338,-14,18,14,18,FALSE,FALSE
851,39,280,268,302,280,268,302,280,268,302,-12,22,12,22,FALSE,FALSE
851,40,253,242,279,253,242,279,253,242,279,-11,26,11,26,FALSE,FALSE
851,41,227,214,246,227,214,246,227,214,246,-13,19,13,19,FALSE,FALSE
851,42,201,191,218,201,191,218,201,191,218,-10,17,10,17,FALSE,FALSE
851,43,183,175,198,183,175,198,183,175,198,-8,15,8,15,FALSE,FALSE
851,44,168,153,178,168,153,178,168,153,178,-15,10,15,10,FALSE,FALSE
851,45,152,139,157,152,139,157,152,139,157,-13,5,13,5,FALSE,FALSE
851,46,128,114,138,128,114,138,128,114,138,-14,10,14,10,FALSE,FALSE
851,47,108,105,121,108,105,121,108,105,121,-3,13,3,13,FALSE,FALSE
851,48,98,94,114,98,94,114,98,94,114,-4,16,4,16,FALSE,FALSE
851,49,85,88,101,85,88,101,85,88,101,3,16,3,16,FALSE,FALSE
851,50,78,82,92,78,82,92,78,82,92,4,14,4,14,FALSE,FALSE
851,51,66,73,82,66,73,82,66,73,82,7,16,7,16,FALSE,FALSE
851,52,60,68,74,60,68,74,60,68,74,8,14,8,14,FALSE,FALSE
851,53,54,59,65,54,59,65,54,59,65,5,11,5,11,FALSE,FALSE
851,54,51,51,57,51,51,57,51,51,57,0,6,0,6,TRUE,FALSE
851,55,45,43,50,45,43,50,45,43,50,-2,5,2,5,FALSE,FALSE
851,56,37,37,46,37,37,46,37,37,46,0,9,0,9,TRUE,FALSE
851,57,31,35,41,31,35,41,31,35,41,4,10,4,10,FALSE,FALSE
851,58,31,28,32,31,28,32,31,28,32,-3,1,3,1,FALSE,FALSE
851,59,31,22,28,31,22,28,31,22,28,-9,-3,9,3,FALSE,FALSE
851,60,28,18,23,28,18,23,28,18,23,-10,-5,10,5,FALSE,FALSE
852,0,123,123,123,123,123,123,123,123,123,0,0,0,0,TRUE,TRUE
852,1,151,167,162,151,167,162,151,167,162,16,11,16,11,FALSE,FALSE
852,2,191,206,212,191,206,212,191,206,212,15,21,15,21,FALSE,FALSE
852,3,236,273,267,236,273,267,236,273,267,37,31,37,31,FALSE,FALSE
852,4,308,358,322,308,358,322,308,358,322,50,14,50,14,FALSE,FALSE
852,5,391,469,406,391,469,406,391,469,406,78,15,78,15,FALSE,FALSE
852,6,482,619,548,482,619,548,482,619,548,137,66,137,66,FALSE,FALSE
852,7,598,756,721,598,756,721,598,756,721,158,123,158,123,FALSE,FALSE
852,8,720,933,884,720,933,884,720,933,884,213,164,213,164,FALSE,FALSE
852,9,849,1121,1039,849,1121,1039,849,1121,1039,272,190,272,190,FALSE,FALSE
852,10,1018,1330,1220,1018,1330,1220,1018,1330,1220,312,202,312,202,FALSE,FALSE
852,11,1174,1480,1424,1174,1480,1424,1174,1480,1424,306,250,306,250,FALSE,FALSE
852,12,1347,1637,1562,1347,1637,1562,1347,1637,1562,290,215,290,215,FALSE,FALSE
852,13,1499,1716,1698,1499,1716,1698,1499,1716,1698,217,199,217,199,FALSE,FALSE
852,14,1595,1760,1785,1595,1760,1785,1595,1760,1785,165,190,165,190,FALSE,FALSE
852,15,1692,1794,1829,1692,1794,1829,1692,1794,1829,102,137,102,137,FALSE,FALSE
852,16,1727,1763,1813,1727,1763,1813,1727,1763,1813,36,86,36,86,FALSE,FALSE
852,17,1764,1713,1756,1764,1713,1756,1764,1713,1756,-51,-8,51,8,FALSE,FALSE
852,18,1735,1639,1707,1735,1639,1707,1735,1639,1707,-96,-28,96,28,FALSE,FALSE
852,19,1666,1501,1585,1666,1501,1585,1666,1501,1585,-165,-81,165,81,FALSE,FALSE
852,20,1597,1399,1477,1597,1399,1477,1597,1399,1477,-198,-120,198,120,FALSE,FALSE
852,21,1480,1288,1384,1480,1288,1384,1480,1288,1384,-192,-96,192,96,FALSE,FALSE
852,22,1338,1198,1278,1338,1198,1278,1338,1198,1278,-140,-60,140,60,FALSE,FALSE
852,23,1221,1092,1138,1221,1092,1138,1221,1092,1138,-129,-83,129,83,FALSE,FALSE
852,24,1116,979,1019,1116,979,1019,1116,979,1019,-137,-97,137,97,FALSE,FALSE
852,25,1029,880,914,1029,880,914,1029,880,914,-149,-115,149,115,FALSE,FALSE
852,26,946,771,812,946,771,812,946,771,812,-175,-134,175,134,FALSE,FALSE
852,27,852,696,700,852,696,700,852,696,700,-156,-152,156,152,FALSE,FALSE
852,28,759,607,591,759,607,591,759,607,591,-152,-168,152,168,FALSE,FALSE
852,29,655,532,527,655,532,527,655,532,527,-123,-128,123,128,FALSE,FALSE
852,30,559,465,463,559,465,463,559,465,463,-94,-96,94,96,FALSE,FALSE
852,31,485,399,404,485,399,404,485,399,404,-86,-81,86,81,FALSE,FALSE
852,32,435,338,356,435,338,356,435,338,356,-97,-79,97,79,FALSE,FALSE
852,33,383,302,316,383,302,316,383,302,316,-81,-67,81,67,FALSE,FALSE
852,34,338,261,274,338,261,274,338,261,274,-77,-64,77,64,FALSE,FALSE
852,35,302,217,234,302,217,234,302,217,234,-85,-68,85,68,FALSE,FALSE
852,36,272,187,203,272,187,203,272,187,203,-85,-69,85,69,FALSE,FALSE
852,37,239,156,176,239,156,176,239,156,176,-83,-63,83,63,FALSE,FALSE
852,38,200,139,163,200,139,163,200,139,163,-61,-37,61,37,FALSE,FALSE
852,39,170,119,138,170,119,138,170,119,138,-51,-32,51,32,FALSE,FALSE
852,40,152,104,120,152,104,120,152,104,120,-48,-32,48,32,FALSE,FALSE
852,41,134,96,101,134,96,101,134,96,101,-38,-33,38,33,FALSE,FALSE
852,42,121,83,89,121,83,89,121,83,89,-38,-32,38,32,FALSE,FALSE
852,43,113,69,77,113,69,77,113,69,77,-44,-36,44,36,FALSE,FALSE
852,44,95,54,68,95,54,68,95,54,68,-41,-27,41,27,FALSE,FALSE
852,45,82,45,59,82,45,59,82,45,59,-37,-23,37,23,FALSE,FALSE
852,46,66,41,46,66,41,46,66,41,46,-25,-20,25,20,FALSE,FALSE
852,47,62,34,39,62,34,39,62,34,39,-28,-23,28,23,FALSE,FALSE
852,48,54,30,36,54,30,36,54,30,36,-24,-18,24,18,FALSE,FALSE
852,49,49,27,32,49,27,32,49,27,32,-22,-17,22,17,FALSE,FALSE
852,50,42,22,29,42,22,29,42,22,29,-20,-13,20,13,FALSE,FALSE
852,51,37,20,24,37,20,24,37,20,24,-17,-13,17,13,FALSE,FALSE
852,52,31,18,24,31,18,24,31,18,24,-13,-7,13,7,FALSE,FALSE
852,53,26,17,22,26,17,22,26,17,22,-9,-4,9,4,FALSE,FALSE
852,54,22,15,19,22,15,19,22,15,19,-7,-3,7,3,FALSE,FALSE
852,55,19,11,13,19,11,13,19,11,13,-8,-6,8,6,FALSE,FALSE
852,56,11,10,12,11,10,12,11,10,12,-1,1,1,1,FALSE,FALSE
852,57,9,10,9,9,10,9,9,10,9,1,0,1,0,FALSE,TRUE
852,58,9,8,10,9,8,10,9,8,10,-1,1,1,1,FALSE,FALSE
852,59,8,7,8,8,7,8,8,7,8,-1,0,1,0,FALSE,TRUE
852,60,9,4,7,9,4,7,9,4,7,-5,-2,5,2,FALSE,FALSE
853,0,41,41,41,41,41,41,41,41,41,0,0,0,0,TRUE,TRUE
853,1,75,60,67,75,60,67,75,60,67,-15,-8,15,8,FALSE,FALSE
853,2,121,89,100,121,89,100,121,89,100,-32,-21,32,21,FALSE,FALSE
853,3,204,119,166,204,119,166,204,119,166,-85,-38,85,38,FALSE,FALSE
853,4,319,185,261,319,185,261,319,185,261,-134,-58,134,58,FALSE,FALSE
853,5,495,275,407,495,275,407,495,275,407,-220,-88,220,88,FALSE,FALSE
853,6,747,378,614,747,378,614,747,378,614,-369,-133,369,133,FALSE,FALSE
853,7,1086,537,900,1086,537,900,1086,537,900,-549,-186,549,186,FALSE,FALSE
853,8,1524,722,1281,1524,722,1281,1524,722,1281,-802,-243,802,243,FALSE,FALSE
853,9,1965,970,1739,1965,970,1739,1965,970,1739,-995,-226,995,226,FALSE,FALSE
853,10,2346,1255,2164,2346,1255,2164,2346,1255,2164,-1091,-182,1091,182,FALSE,FALSE
853,11,2581,1517,2449,2581,1517,2449,2581,1517,2449,-1064,-132,1064,132,FALSE,FALSE
853,12,2647,1809,2594,2647,1809,2594,2647,1809,2594,-838,-53,838,53,FALSE,FALSE
853,13,2658,2033,2576,2658,2033,2576,2658,2033,2576,-625,-82,625,82,FALSE,FALSE
853,14,2467,2168,2533,2467,2168,2533,2467,2168,2533,-299,66,299,66,FALSE,FALSE
853,15,2241,2215,2349,2241,2215,2349,2241,2215,2349,-26,108,26,108,FALSE,FALSE
853,16,1932,2210,2123,1932,2210,2123,1932,2210,2123,278,191,278,191,FALSE,FALSE
853,17,1677,2073,1881,1677,2073,1881,1677,2073,1881,396,204,396,204,FALSE,FALSE
853,18,1459,1946,1633,1459,1946,1633,1459,1946,1633,487,174,487,174,FALSE,FALSE
853,19,1268,1784,1414,1268,1784,1414,1268,1784,1414,516,146,516,146,FALSE,FALSE
853,20,1095,1560,1238,1095,1560,1238,1095,1560,1238,465,143,465,143,FALSE,FALSE
853,21,957,1395,1069,957,1395,1069,957,1395,1069,438,112,438,112,FALSE,FALSE
853,22,823,1219,926,823,1219,926,823,1219,926,396,103,396,103,FALSE,FALSE
853,23,706,1081,800,706,1081,800,706,1081,800,375,94,375,94,FALSE,FALSE
853,24,611,913,697,611,913,697,611,913,697,302,86,302,86,FALSE,FALSE
853,25,509,775,602,509,775,602,509,775,602,266,93,266,93,FALSE,FALSE
853,26,436,678,502,436,678,502,436,678,502,242,66,242,66,FALSE,FALSE
853,27,368,576,419,368,576,419,368,576,419,208,51,208,51,FALSE,FALSE
853,28,295,504,353,295,504,353,295,504,353,209,58,209,58,FALSE,FALSE
853,29,240,420,291,240,420,291,240,420,291,180,51,180,51,FALSE,FALSE
853,30,190,359,243,190,359,243,190,359,243,169,53,169,53,FALSE,FALSE
853,31,168,303,207,168,303,207,168,303,207,135,39,135,39,FALSE,FALSE
853,32,146,254,184,146,254,184,146,254,184,108,38,108,38,FALSE,FALSE
853,33,129,224,159,129,224,159,129,224,159,95,30,95,30,FALSE,FALSE
853,34,108,185,141,108,185,141,108,185,141,77,33,77,33,FALSE,FALSE
853,35,86,163,114,86,163,114,86,163,114,77,28,77,28,FALSE,FALSE
853,36,70,138,94,70,138,94,70,138,94,68,24,68,24,FALSE,FALSE
853,37,52,117,83,52,117,83,52,117,83,65,31,65,31,FALSE,FALSE
853,38,44,97,65,44,97,65,44,97,65,53,21,53,21,FALSE,FALSE
853,39,34,84,55,34,84,55,34,84,55,50,21,50,21,FALSE,FALSE
853,40,30,77,46,30,77,46,30,77,46,47,16,47,16,FALSE,FALSE
853,41,22,67,38,22,67,38,22,67,38,45,16,45,16,FALSE,FALSE
853,42,18,57,36,18,57,36,18,57,36,39,18,39,18,FALSE,FALSE
853,43,13,46,34,13,46,34,13,46,34,33,21,33,21,FALSE,FALSE
853,44,11,42,25,11,42,25,11,42,25,31,14,31,14,FALSE,FALSE
853,45,11,32,19,11,32,19,11,32,19,21,8,21,8,FALSE,FALSE
853,46,8,26,18,8,26,18,8,26,18,18,10,18,10,FALSE,FALSE
853,47,8,21,16,8,21,16,8,21,16,13,8,13,8,FALSE,FALSE
853,48,5,16,9,5,16,9,5,16,9,11,4,11,4,FALSE,FALSE
853,49,4,15,8,4,15,8,4,15,8,11,4,11,4,FALSE,FALSE
853,50,3,11,6,3,11,6,3,11,6,8,3,8,3,FALSE,FALSE
853,51,2,8,3,2,8,3,2,8,3,6,1,6,1,FALSE,FALSE
853,52,1,8,2,1,8,2,1,8,2,7,1,7,1,FALSE,FALSE
853,53,1,8,2,1,8,2,1,8,2,7,1,7,1,FALSE,FALSE
853,54,1,6,2,1,6,2,1,6,2,5,1,5,1,FALSE,FALSE
853,55,1,6,1,1,6,1,1,6,1,5,0,5,0,FALSE,TRUE
853,56,0,4,1,0,4,1,0,4,1,4,1,4,1,FALSE,FALSE
853,57,0,3,1,0,3,1,0,3,1,3,1,3,1,FALSE,FALSE
853,58,0,3,1,0,3,1,0,3,1,3,1,3,1,FALSE,FALSE
853,59,0,3,1,0,3,1,0,3,1,3,1,3,1,FALSE,FALSE
853,60,0,4,1,0,4,1,0,4,1,4,1,4,1,FALSE,FALSE
854,0,140,140,140,140,140,140,140,140,140,0,0,0,0,TRUE,TRUE
854,1,168,162,171,168,162,171,168,162,171,-6,3,6,3,FALSE,FALSE
854,2,205,193,216,205,193,216,205,193,216,-12,11,12,11,FALSE,FALSE
854,3,252,210,269,252,210,269,252,210,269,-42,17,42,17,FALSE,FALSE
854,4,324,259,318,324,259,318,324,259,318,-65,-6,65,6,FALSE,FALSE
854,5,399,310,378,399,310,378,399,310,378,-89,-21,89,21,FALSE,FALSE
854,6,477,390,452,477,390,452,477,390,452,-87,-25,87,25,FALSE,FALSE
854,7,598,446,525,598,446,525,598,446,525,-152,-73,152,73,FALSE,FALSE
854,8,728,537,613,728,537,613,728,537,613,-191,-115,191,115,FALSE,FALSE
854,9,885,618,719,885,618,719,885,618,719,-267,-166,267,166,FALSE,FALSE
854,10,1046,702,880,1046,702,880,1046,702,880,-344,-166,344,166,FALSE,FALSE
854,11,1181,801,1087,1181,801,1087,1181,801,1087,-380,-94,380,94,FALSE,FALSE
854,12,1320,930,1298,1320,930,1298,1320,930,1298,-390,-22,390,22,FALSE,FALSE
854,13,1476,1046,1491,1476,1046,1491,1476,1046,1491,-430,15,430,15,FALSE,FALSE
854,14,1655,1221,1642,1655,1221,1642,1655,1221,1642,-434,-13,434,13,FALSE,FALSE
854,15,1817,1376,1775,1817,1376,1775,1817,1376,1775,-441,-42,441,42,FALSE,FALSE
854,16,1974,1501,1916,1974,1501,1916,1974,1501,1916,-473,-58,473,58,FALSE,FALSE
854,17,2106,1624,2021,2106,1624,2021,2106,1624,2021,-482,-85,482,85,FALSE,FALSE
854,18,2227,1744,2120,2227,1744,2120,2227,1744,2120,-483,-107,483,107,FALSE,FALSE
854,19,2305,1867,2186,2305,1867,2186,2305,1867,2186,-438,-119,438,119,FALSE,FALSE
854,20,2345,1953,2240,2345,1953,2240,2345,1953,2240,-392,-105,392,105,FALSE,FALSE
854,21,2303,1985,2206,2303,1985,2206,2303,1985,2206,-318,-97,318,97,FALSE,FALSE
854,22,2261,1954,2163,2261,1954,2163,2261,1954,2163,-307,-98,307,98,FALSE,FALSE
854,23,2188,1948,2095,2188,1948,2095,2188,1948,2095,-240,-93,240,93,FALSE,FALSE
854,24,2083,1926,2012,2083,1926,2012,2083,1926,2012,-157,-71,157,71,FALSE,FALSE
854,25,1958,1879,1930,1958,1879,1930,1958,1879,1930,-79,-28,79,28,FALSE,FALSE
854,26,1849,1837,1825,1849,1837,1825,1849,1837,1825,-12,-24,12,24,FALSE,FALSE
854,27,1720,1770,1699,1720,1770,1699,1720,1770,1699,50,-21,50,21,FALSE,FALSE
854,28,1584,1699,1590,1584,1699,1590,1584,1699,1590,115,6,115,6,FALSE,FALSE
854,29,1429,1539,1437,1429,1539,1437,1429,1539,1437,110,8,110,8,FALSE,FALSE
854,30,1313,1446,1350,1313,1446,1350,1313,1446,1350,133,37,133,37,FALSE,FALSE
854,31,1204,1340,1230,1204,1340,1230,1204,1340,1230,136,26,136,26,FALSE,FALSE
854,32,1083,1248,1118,1083,1248,1118,1083,1248,1118,165,35,165,35,FALSE,FALSE
854,33,972,1167,994,972,1167,994,972,1167,994,195,22,195,22,FALSE,FALSE
854,34,866,1083,888,866,1083,888,866,1083,888,217,22,217,22,FALSE,FALSE
854,35,772,986,816,772,986,816,772,986,816,214,44,214,44,FALSE,FALSE
854,36,690,902,731,690,902,731,690,902,731,212,41,212,41,FALSE,FALSE
854,37,607,841,637,607,841,637,607,841,637,234,30,234,30,FALSE,FALSE
854,38,560,756,564,560,756,564,560,756,564,196,4,196,4,FALSE,FALSE
854,39,496,694,513,496,694,513,496,694,513,198,17,198,17,FALSE,FALSE
854,40,440,624,461,440,624,461,440,624,461,184,21,184,21,FALSE,FALSE
854,41,386,557,401,386,557,401,386,557,401,171,15,171,15,FALSE,FALSE
854,42,341,506,348,341,506,348,341,506,348,165,7,165,7,FALSE,FALSE
854,43,309,448,320,309,448,320,309,448,320,139,11,139,11,FALSE,FALSE
854,44,276,414,298,276,414,298,276,414,298,138,22,138,22,FALSE,FALSE
854,45,232,364,265,232,364,265,232,364,265,132,33,132,33,FALSE,FALSE
854,46,206,328,238,206,328,238,206,328,238,122,32,122,32,FALSE,FALSE
854,47,189,290,197,189,290,197,189,290,197,101,8,101,8,FALSE,FALSE
854,48,177,257,176,177,257,176,177,257,176,80,-1,80,1,FALSE,FALSE
854,49,156,233,151,156,233,151,156,233,151,77,-5,77,5,FALSE,FALSE
854,50,139,205,130,139,205,130,139,205,130,66,-9,66,9,FALSE,FALSE
854,51,122,182,114,122,182,114,122,182,114,60,-8,60,8,FALSE,FALSE
854,52,105,165,95,105,165,95,105,165,95,60,-10,60,10,FALSE,FALSE
854,53,91,148,78,91,148,78,91,148,78,57,-13,57,13,FALSE,FALSE
854,54,73,145,64,73,145,64,73,145,64,72,-9,72,9,FALSE,FALSE
854,55,61,131,48,61,131,48,61,131,48,70,-13,70,13,FALSE,FALSE
854,56,52,117,43,52,117,43,52,117,43,65,-9,65,9,FALSE,FALSE
854,57,44,99,40,44,99,40,44,99,40,55,-4,55,4,FALSE,FALSE
854,58,38,88,36,38,88,36,38,88,36,50,-2,50,2,FALSE,FALSE
854,59,28,80,31,28,80,31,28,80,31,52,3,52,3,FALSE,FALSE
854,60,25,72,32,25,72,32,25,72,32,47,7,47,7,FALSE,FALSE
855,0,70,70,70,70,70,70,70,70,70,0,0,0,0,TRUE,TRUE
855,1,81,72,70,81,72,70,81,72,70,-9,-11,9,11,FALSE,FALSE
855,2,98,65,72,98,65,72,98,65,72,-33,-26,33,26,FALSE,FALSE
855,3,117,72,75,117,72,75,117,72,75,-45,-42,45,42,FALSE,FALSE
855,4,116,76,77,116,76,77,116,76,77,-40,-39,40,39,FALSE,FALSE
855,5,120,76,77,120,76,77,120,76,77,-44,-43,44,43,FALSE,FALSE
855,6,136,80,77,136,80,77,136,80,77,-56,-59,56,59,FALSE,FALSE
855,7,134,79,79,134,79,79,134,79,79,-55,-55,55,55,FALSE,FALSE
855,8,133,79,81,133,79,81,133,79,81,-54,-52,54,52,FALSE,FALSE
855,9,132,75,79,132,75,79,132,75,79,-57,-53,57,53,FALSE,FALSE
855,10,133,80,83,133,80,83,133,80,83,-53,-50,53,50,FALSE,FALSE
855,11,141,93,84,141,93,84,141,93,84,-48,-57,48,57,FALSE,FALSE
855,12,146,88,95,146,88,95,146,88,95,-58,-51,58,51,FALSE,FALSE
855,13,145,88,102,145,88,102,145,88,102,-57,-43,57,43,FALSE,FALSE
855,14,146,95,95,146,95,95,146,95,95,-51,-51,51,51,FALSE,FALSE
855,15,147,99,98,147,99,98,147,99,98,-48,-49,48,49,FALSE,FALSE
855,16,140,100,101,140,100,101,140,100,101,-40,-39,40,39,FALSE,FALSE
855,17,153,106,106,153,106,106,153,106,106,-47,-47,47,47,FALSE,FALSE
855,18,158,111,121,158,111,121,158,111,121,-47,-37,47,37,FALSE,FALSE
855,19,154,116,148,154,116,148,154,116,148,-38,-6,38,6,FALSE,FALSE
855,20,154,126,128,154,126,128,154,126,128,-28,-26,28,26,FALSE,FALSE
855,21,170,128,145,170,128,145,170,128,145,-42,-25,42,25,FALSE,FALSE
855,22,174,127,153,174,127,153,174,127,153,-47,-21,47,21,FALSE,FALSE
855,23,176,135,166,176,135,166,176,135,166,-41,-10,41,10,FALSE,FALSE
855,24,174,133,174,174,133,174,174,133,174,-41,0,41,0,FALSE,TRUE
855,25,181,130,164,181,130,164,181,130,164,-51,-17,51,17,FALSE,FALSE
855,26,189,139,167,189,139,167,189,139,167,-50,-22,50,22,FALSE,FALSE
855,27,184,155,176,184,155,176,184,155,176,-29,-8,29,8,FALSE,FALSE
855,28,193,164,195,193,164,195,193,164,195,-29,2,29,2,FALSE,FALSE
855,29,201,173,204,201,173,204,201,173,204,-28,3,28,3,FALSE,FALSE
855,30,206,168,212,206,168,212,206,168,212,-38,6,38,6,FALSE,FALSE
855,31,205,175,220,205,175,220,205,175,220,-30,15,30,15,FALSE,FALSE
855,32,209,168,227,209,168,227,209,168,227,-41,18,41,18,FALSE,FALSE
855,33,214,172,228,214,172,228,214,172,228,-42,14,42,14,FALSE,FALSE
855,34,205,169,246,205,169,246,205,169,246,-36,41,36,41,FALSE,FALSE
855,35,212,170,246,212,170,246,212,170,246,-42,34,42,34,FALSE,FALSE
855,36,227,168,240,227,168,240,227,168,240,-59,13,59,13,FALSE,FALSE
855,37,221,178,254,221,178,254,221,178,254,-43,33,43,33,FALSE,FALSE
855,38,226,167,251,226,167,251,226,167,251,-59,25,59,25,FALSE,FALSE
855,39,230,176,244,230,176,244,230,176,244,-54,14,54,14,FALSE,FALSE
855,40,238,172,248,238,172,248,238,172,248,-66,10,66,10,FALSE,FALSE
855,41,240,167,232,240,167,232,240,167,232,-73,-8,73,8,FALSE,FALSE
855,42,241,168,238,241,168,238,241,168,238,-73,-3,73,3,FALSE,FALSE
855,43,234,168,252,234,168,252,234,168,252,-66,18,66,18,FALSE,FALSE
855,44,223,171,240,223,171,240,223,171,240,-52,17,52,17,FALSE,FALSE
855,45,224,166,239,224,166,239,224,166,239,-58,15,58,15,FALSE,FALSE
855,46,219,164,238,219,164,238,219,164,238,-55,19,55,19,FALSE,FALSE
855,47,229,170,226,229,170,226,229,170,226,-59,-3,59,3,FALSE,FALSE
855,48,225,179,238,225,179,238,225,179,238,-46,13,46,13,FALSE,FALSE
855,49,227,179,229,227,179,229,227,179,229,-48,2,48,2,FALSE,FALSE
855,50,234,182,239,234,182,239,234,182,239,-52,5,52,5,FALSE,FALSE
855,51,235,194,232,235,194,232,235,194,232,-41,-3,41,3,FALSE,FALSE
855,52,238,195,229,238,195,229,238,195,229,-43,-9,43,9,FALSE,FALSE
855,53,227,195,218,227,195,218,227,195,218,-32,-9,32,9,FALSE,FALSE
855,54,215,205,220,215,205,220,215,205,220,-10,5,10,5,FALSE,FALSE
855,55,205,206,225,205,206,225,205,206,225,1,20,1,20,FALSE,FALSE
855,56,194,208,217,194,208,217,194,208,217,14,23,14,23,FALSE,FALSE
855,57,180,201,215,180,201,215,180,201,215,21,35,21,35,FALSE,FALSE
855,58,173,206,213,173,206,213,173,206,213,33,40,33,40,FALSE,FALSE
855,59,171,210,216,171,210,216,171,210,216,39,45,39,45,FALSE,FALSE
855,60,156,213,199,156,213,199,156,213,199,57,43,57,43,FALSE,FALSE
856,0,105,105,105,105,105,105,105,105,105,0,0,0,0,TRUE,TRUE
856,1,124,113,110,124,113,110,124,113,110,-11,-14,11,14,FALSE,FALSE
856,2,125,120,121,125,120,121,125,120,121,-5,-4,5,4,FALSE,FALSE
856,3,133,139,133,133,139,133,133,139,133,6,0,6,0,FALSE,TRUE
856,4,148,147,152,148,147,152,148,147,152,-1,4,1,4,FALSE,FALSE
856,5,170,160,158,170,160,158,170,160,158,-10,-12,10,12,FALSE,FALSE
856,6,181,176,171,181,176,171,181,176,171,-5,-10,5,10,FALSE,FALSE
856,7,214,173,180,214,173,180,214,173,180,-41,-34,41,34,FALSE,FALSE
856,8,216,185,206,216,185,206,216,185,206,-31,-10,31,10,FALSE,FALSE
856,9,249,194,218,249,194,218,249,194,218,-55,-31,55,31,FALSE,FALSE
856,10,272,210,215,272,210,215,272,210,215,-62,-57,62,57,FALSE,FALSE
856,11,279,233,233,279,233,233,279,233,233,-46,-46,46,46,FALSE,FALSE
856,12,302,250,246,302,250,246,302,250,246,-52,-56,52,56,FALSE,FALSE
856,13,336,256,266,336,256,266,336,256,266,-80,-70,80,70,FALSE,FALSE
856,14,341,283,258,341,283,258,341,283,258,-58,-83,58,83,FALSE,FALSE
856,15,360,301,266,360,301,266,360,301,266,-59,-94,59,94,FALSE,FALSE
856,16,372,316,265,372,316,265,372,316,265,-56,-107,56,107,FALSE,FALSE
856,17,382,326,267,382,326,267,382,326,267,-56,-115,56,115,FALSE,FALSE
856,18,394,346,274,394,346,274,394,346,274,-48,-120,48,120,FALSE,FALSE
856,19,379,377,287,379,377,287,379,377,287,-2,-92,2,92,FALSE,FALSE
856,20,396,385,282,396,385,282,396,385,282,-11,-114,11,114,FALSE,FALSE
856,21,404,416,281,404,416,281,404,416,281,12,-123,12,123,FALSE,FALSE
856,22,450,436,280,450,436,280,450,436,280,-14,-170,14,170,FALSE,FALSE
856,23,479,453,303,479,453,303,479,453,303,-26,-176,26,176,FALSE,FALSE
856,24,487,487,311,487,487,311,487,487,311,0,-176,0,176,TRUE,FALSE
856,25,480,485,328,480,485,328,480,485,328,5,-152,5,152,FALSE,FALSE
856,26,487,497,343,487,497,343,487,497,343,10,-144,10,144,FALSE,FALSE
856,27,471,501,334,471,501,334,471,501,334,30,-137,30,137,FALSE,FALSE
856,28,466,504,326,466,504,326,466,504,326,38,-140,38,140,FALSE,FALSE
856,29,487,524,328,487,524,328,487,524,328,37,-159,37,159,FALSE,FALSE
856,30,483,510,313,483,510,313,483,510,313,27,-170,27,170,FALSE,FALSE
856,31,483,510,308,483,510,308,483,510,308,27,-175,27,175,FALSE,FALSE
856,32,468,487,297,468,487,297,468,487,297,19,-171,19,171,FALSE,FALSE
856,33,459,484,314,459,484,314,459,484,314,25,-145,25,145,FALSE,FALSE
856,34,458,481,323,458,481,323,458,481,323,23,-135,23,135,FALSE,FALSE
856,35,447,473,321,447,473,321,447,473,321,26,-126,26,126,FALSE,FALSE
856,36,424,459,318,424,459,318,424,459,318,35,-106,35,106,FALSE,FALSE
856,37,419,450,337,419,450,337,419,450,337,31,-82,31,82,FALSE,FALSE
856,38,422,465,338,422,465,338,422,465,338,43,-84,43,84,FALSE,FALSE
856,39,396,463,336,396,463,336,396,463,336,67,-60,67,60,FALSE,FALSE
856,40,376,460,335,376,460,335,376,460,335,84,-41,84,41,FALSE,FALSE
856,41,352,458,322,352,458,322,352,458,322,106,-30,106,30,FALSE,FALSE
856,42,338,429,324,338,429,324,338,429,324,91,-14,91,14,FALSE,FALSE
856,43,316,415,318,316,415,318,316,415,318,99,2,99,2,FALSE,FALSE
856,44,299,410,321,299,410,321,299,410,321,111,22,111,22,FALSE,FALSE
856,45,284,405,313,284,405,313,284,405,313,121,29,121,29,FALSE,FALSE
856,46,263,405,296,263,405,296,263,405,296,142,33,142,33,FALSE,FALSE
856,47,262,385,275,262,385,275,262,385,275,123,13,123,13,FALSE,FALSE
856,48,239,369,289,239,369,289,239,369,289,130,50,130,50,FALSE,FALSE
856,49,220,362,304,220,362,304,220,362,304,142,84,142,84,FALSE,FALSE
856,50,194,369,303,194,369,303,194,369,303,175,109,175,109,FALSE,FALSE
856,51,182,348,295,182,348,295,182,348,295,166,113,166,113,FALSE,FALSE
856,52,185,356,279,185,356,279,185,356,279,171,94,171,94,FALSE,FALSE
856,53,186,354,276,186,354,276,186,354,276,168,90,168,90,FALSE,FALSE
856,54,170,345,274,170,345,274,170,345,274,175,104,175,104,FALSE,FALSE
856,55,168,318,256,168,318,256,168,318,256,150,88,150,88,FALSE,FALSE
856,56,151,297,248,151,297,248,151,297,248,146,97,146,97,FALSE,FALSE
856,57,135,290,231,135,290,231,135,290,231,155,96,155,96,FALSE,FALSE
856,58,126,266,211,126,266,211,126,266,211,140,85,140,85,FALSE,FALSE
856,59,133,257,211,133,257,211,133,257,211,124,78,124,78,FALSE,FALSE
856,60,121,252,210,121,252,210,121,252,210,131,89,131,89,FALSE,FALSE
857,0,161,161,161,161,161,161,161,161,161,0,0,0,0,TRUE,TRUE
857,1,268,169,308,268,169,308,268,169,308,-99,40,99,40,FALSE,FALSE
857,2,498,190,538,498,190,538,498,190,538,-308,40,308,40,FALSE,FALSE
857,3,842,208,923,842,208,923,842,208,923,-634,81,634,81,FALSE,FALSE
857,4,1386,210,1523,1386,210,1523,1386,210,1523,-1176,137,1176,137,FALSE,FALSE
857,5,2079,212,2304,2079,212,2304,2079,212,2304,-1867,225,1867,225,FALSE,FALSE
857,6,2806,219,3118,2806,219,3118,2806,219,3118,-2587,312,2587,312,FALSE,FALSE
857,7,3415,238,3618,3415,238,3618,3415,238,3618,-3177,203,3177,203,FALSE,FALSE
857,8,3680,242,3772,3680,242,3772,3680,242,3772,-3438,92,3438,92,FALSE,FALSE
857,9,3509,274,3494,3509,274,3494,3509,274,3494,-3235,-15,3235,15,FALSE,FALSE
857,10,3123,295,3102,3123,295,3102,3123,295,3102,-2828,-21,2828,21,FALSE,FALSE
857,11,2679,324,2569,2679,324,2569,2679,324,2569,-2355,-110,2355,110,FALSE,FALSE
857,12,2205,359,2103,2205,359,2103,2205,359,2103,-1846,-102,1846,102,FALSE,FALSE
857,13,1791,371,1665,1791,371,1665,1791,371,1665,-1420,-126,1420,126,FALSE,FALSE
857,14,1465,392,1342,1465,392,1342,1465,392,1342,-1073,-123,1073,123,FALSE,FALSE
857,15,1171,394,1093,1171,394,1093,1171,394,1093,-777,-78,777,78,FALSE,FALSE
857,16,913,412,854,913,412,854,913,412,854,-501,-59,501,59,FALSE,FALSE
857,17,703,409,674,703,409,674,703,409,674,-294,-29,294,29,FALSE,FALSE
857,18,546,426,551,546,426,551,546,426,551,-120,5,120,5,FALSE,FALSE
857,19,399,421,425,399,421,425,399,421,425,22,26,22,26,FALSE,FALSE
857,20,315,438,330,315,438,330,315,438,330,123,15,123,15,FALSE,FALSE
857,21,231,486,256,231,486,256,231,486,256,255,25,255,25,FALSE,FALSE
857,22,178,500,208,178,500,208,178,500,208,322,30,322,30,FALSE,FALSE
857,23,144,502,172,144,502,172,144,502,172,358,28,358,28,FALSE,FALSE
857,24,107,504,118,107,504,118,107,504,118,397,11,397,11,FALSE,FALSE
857,25,85,490,83,85,490,83,85,490,83,405,-2,405,2,FALSE,FALSE
857,26,69,512,63,69,512,63,69,512,63,443,-6,443,6,FALSE,FALSE
857,27,51,523,49,51,523,49,51,523,49,472,-2,472,2,FALSE,FALSE
857,28,34,493,42,34,493,42,34,493,42,459,8,459,8,FALSE,FALSE
857,29,28,497,31,28,497,31,28,497,31,469,3,469,3,FALSE,FALSE
857,30,22,508,25,22,508,25,22,508,25,486,3,486,3,FALSE,FALSE
857,31,21,484,20,21,484,20,21,484,20,463,-1,463,1,FALSE,FALSE
857,32,16,488,12,16,488,12,16,488,12,472,-4,472,4,FALSE,FALSE
857,33,13,490,10,13,490,10,13,490,10,477,-3,477,3,FALSE,FALSE
857,34,14,507,10,14,507,10,14,507,10,493,-4,493,4,FALSE,FALSE
857,35,8,499,8,8,499,8,8,499,8,491,0,491,0,FALSE,TRUE
857,36,7,493,7,7,493,7,7,493,7,486,0,486,0,FALSE,TRUE
857,37,4,463,5,4,463,5,4,463,5,459,1,459,1,FALSE,FALSE
857,38,3,467,3,3,467,3,3,467,3,464,0,464,0,FALSE,TRUE
857,39,1,454,2,1,454,2,1,454,2,453,1,453,1,FALSE,FALSE
857,40,1,436,2,1,436,2,1,436,2,435,1,435,1,FALSE,FALSE
857,41,1,417,2,1,417,2,1,417,2,416,1,416,1,FALSE,FALSE
857,42,1,391,2,1,391,2,1,391,2,390,1,390,1,FALSE,FALSE
857,43,0,387,1,0,387,1,0,387,1,387,1,387,1,FALSE,FALSE
857,44,0,387,1,0,387,1,0,387,1,387,1,387,1,FALSE,FALSE
857,45,0,373,1,0,373,1,0,373,1,373,1,373,1,FALSE,FALSE
857,46,0,355,0,0,355,0,0,355,0,355,0,355,0,FALSE,TRUE
857,47,0,360,0,0,360,0,0,360,0,360,0,360,0,FALSE,TRUE
857,48,0,361,0,0,361,0,0,361,0,361,0,361,0,FALSE,TRUE
857,49,0,353,0,0,353,0,0,353,0,353,0,353,0,FALSE,TRUE
857,50,0,346,0,0,346,0,0,346,0,346,0,346,0,FALSE,TRUE
857,51,0,333,0,0,333,0,0,333,0,333,0,333,0,FALSE,TRUE
857,52,0,308,0,0,308,0,0,308,0,308,0,308,0,FALSE,TRUE
857,53,0,290,0,0,290,0,0,290,0,290,0,290,0,FALSE,TRUE
857,54,0,281,0,0,281,0,0,281,0,281,0,281,0,FALSE,TRUE
857,55,0,262,0,0,262,0,0,262,0,262,0,262,0,FALSE,TRUE
857,56,0,263,0,0,263,0,0,263,0,263,0,263,0,FALSE,TRUE
857,57,0,249,0,0,249,0,0,249,0,249,0,249,0,FALSE,TRUE
857,58,0,238,0,0,238,0,0,238,0,238,0,238,0,FALSE,TRUE
857,59,0,230,0,0,230,0,0,230,0,230,0,230,0,FALSE,TRUE
857,60,0,225,0,0,225,0,0,225,0,225,0,225,0,FALSE,TRUE
858,0,157,157,157,157,157,157,157,157,157,0,0,0,0,TRUE,TRUE
858,1,248,256,258,248,256,258,248,256,258,8,10,8,10,FALSE,FALSE
858,2,375,381,427,375,381,427,375,381,427,6,52,6,52,FALSE,FALSE
858,3,578,583,639,578,583,639,578,583,639,5,61,5,61,FALSE,FALSE
858,4,831,916,964,831,916,964,831,916,964,85,133,85,133,FALSE,FALSE
858,5,1202,1264,1426,1202,1264,1426,1202,1264,1426,62,224,62,224,FALSE,FALSE
858,6,1669,1755,2047,1669,1755,2047,1669,1755,2047,86,378,86,378,FALSE,FALSE
858,7,2225,2285,2625,2225,2285,2625,2225,2285,2625,60,400,60,400,FALSE,FALSE
858,8,2773,2809,3204,2773,2809,3204,2773,2809,3204,36,431,36,431,FALSE,FALSE
858,9,3267,3260,3547,3267,3260,3547,3267,3260,3547,-7,280,7,280,FALSE,FALSE
858,10,3545,3591,3748,3545,3591,3748,3545,3591,3748,46,203,46,203,FALSE,FALSE
858,11,3694,3704,3719,3694,3704,3719,3694,3704,3719,10,25,10,25,FALSE,FALSE
858,12,3557,3552,3538,3557,3552,3538,3557,3552,3538,-5,-19,5,19,FALSE,FALSE
858,13,3362,3323,3312,3362,3323,3312,3362,3323,3312,-39,-50,39,50,FALSE,FALSE
858,14,3077,3066,2940,3077,3066,2940,3077,3066,2940,-11,-137,11,137,FALSE,FALSE
858,15,2774,2721,2593,2774,2721,2593,2774,2721,2593,-53,-181,53,181,FALSE,FALSE
858,16,2467,2428,2277,2467,2428,2277,2467,2428,2277,-39,-190,39,190,FALSE,FALSE
858,17,2181,2137,1950,2181,2137,1950,2181,2137,1950,-44,-231,44,231,FALSE,FALSE
858,18,1881,1860,1671,1881,1860,1671,1881,1860,1671,-21,-210,21,210,FALSE,FALSE
858,19,1588,1606,1433,1588,1606,1433,1588,1606,1433,18,-155,18,155,FALSE,FALSE
858,20,1301,1366,1211,1301,1366,1211,1301,1366,1211,65,-90,65,90,FALSE,FALSE
858,21,1119,1157,1011,1119,1157,1011,1119,1157,1011,38,-108,38,108,FALSE,FALSE
858,22,968,967,873,968,967,873,968,967,873,-1,-95,1,95,FALSE,FALSE
858,23,799,814,732,799,814,732,799,814,732,15,-67,15,67,FALSE,FALSE
858,24,675,682,597,675,682,597,675,682,597,7,-78,7,78,FALSE,FALSE
858,25,572,578,500,572,578,500,572,578,500,6,-72,6,72,FALSE,FALSE
858,26,476,488,404,476,488,404,476,488,404,12,-72,12,72,FALSE,FALSE
858,27,393,405,340,393,405,340,393,405,340,12,-53,12,53,FALSE,FALSE
858,28,318,341,270,318,341,270,318,341,270,23,-48,23,48,FALSE,FALSE
858,29,260,277,234,260,277,234,260,277,234,17,-26,17,26,FALSE,FALSE
858,30,215,234,189,215,234,189,215,234,189,19,-26,19,26,FALSE,FALSE
858,31,179,192,154,179,192,154,179,192,154,13,-25,13,25,FALSE,FALSE
858,32,152,167,128,152,167,128,152,167,128,15,-24,15,24,FALSE,FALSE
858,33,130,140,106,130,140,106,130,140,106,10,-24,10,24,FALSE,FALSE
858,34,106,128,88,106,128,88,106,128,88,22,-18,22,18,FALSE,FALSE
858,35,89,111,72,89,111,72,89,111,72,22,-17,22,17,FALSE,FALSE
858,36,71,88,63,71,88,63,71,88,63,17,-8,17,8,FALSE,FALSE
858,37,55,76,56,55,76,56,55,76,56,21,1,21,1,FALSE,FALSE
858,38,41,64,45,41,64,45,41,64,45,23,4,23,4,FALSE,FALSE
858,39,38,56,34,38,56,34,38,56,34,18,-4,18,4,FALSE,FALSE
858,40,33,44,29,33,44,29,33,44,29,11,-4,11,4,FALSE,FALSE
858,41,29,40,30,29,40,30,29,40,30,11,1,11,1,FALSE,FALSE
858,42,26,33,27,26,33,27,26,33,27,7,1,7,1,FALSE,FALSE
858,43,23,25,24,23,25,24,23,25,24,2,1,2,1,FALSE,FALSE
858,44,22,21,24,22,21,24,22,21,24,-1,2,1,2,FALSE,FALSE
858,45,20,19,21,20,19,21,20,19,21,-1,1,1,1,FALSE,FALSE
858,46,19,13,20,19,13,20,19,13,20,-6,1,6,1,FALSE,FALSE
858,47,17,12,18,17,12,18,17,12,18,-5,1,5,1,FALSE,FALSE
858,48,14,10,14,14,10,14,14,10,14,-4,0,4,0,FALSE,TRUE
858,49,11,10,14,11,10,14,11,10,14,-1,3,1,3,FALSE,FALSE
858,50,9,7,12,9,7,12,9,7,12,-2,3,2,3,FALSE,FALSE
858,51,9,4,10,9,4,10,9,4,10,-5,1,5,1,FALSE,FALSE
858,52,7,4,9,7,4,9,7,4,9,-3,2,3,2,FALSE,FALSE
858,53,5,4,6,5,4,6,5,4,6,-1,1,1,1,FALSE,FALSE
858,54,4,3,6,4,3,6,4,3,6,-1,2,1,2,FALSE,FALSE
858,55,4,2,6,4,2,6,4,2,6,-2,2,2,2,FALSE,FALSE
858,56,4,2,4,4,2,4,4,2,4,-2,0,2,0,FALSE,TRUE
858,57,2,2,4,2,2,4,2,2,4,0,2,0,2,TRUE,FALSE
858,58,2,2,4,2,2,4,2,2,4,0,2,0,2,TRUE,FALSE
858,59,1,1,3,1,1,3,1,1,3,0,2,0,2,TRUE,FALSE
858,60,1,1,2,1,1,2,1,1,2,0,1,0,1,TRUE,FALSE
859,0,121,121,121,121,121,121,121,121,121,0,0,0,0,TRUE,TRUE
859,1,200,214,239,200,214,239,200,214,239,14,39,14,39,FALSE,FALSE
859,2,355,377,450,355,377,450,355,377,450,22,95,22,95,FALSE,FALSE
859,3,638,662,765,638,662,765,638,662,765,24,127,24,127,FALSE,FALSE
859,4,1078,1128,1282,1078,1128,1282,1078,1128,1282,50,204,50,204,FALSE,FALSE
859,5,1656,1769,1993,1656,1769,1993,1656,1769,1993,113,337,113,337,FALSE,FALSE
859,6,2457,2461,2777,2457,2461,2777,2457,2461,2777,4,320,4,320,FALSE,FALSE
859,7,3127,3046,3341,3127,3046,3341,3127,3046,3341,-81,214,81,214,FALSE,FALSE
859,8,3478,3368,3490,3478,3368,3490,3478,3368,3490,-110,12,110,12,FALSE,FALSE
859,9,3551,3351,3383,3551,3351,3383,3551,3351,3383,-200,-168,200,168,FALSE,FALSE
859,10,3269,3044,3033,3269,3044,3033,3269,3044,3033,-225,-236,225,236,FALSE,FALSE
859,11,2810,2662,2583,2810,2662,2583,2810,2662,2583,-148,-227,148,227,FALSE,FALSE
859,12,2331,2206,2150,2331,2206,2150,2331,2206,2150,-125,-181,125,181,FALSE,FALSE
859,13,1893,1849,1749,1893,1849,1749,1893,1849,1749,-44,-144,44,144,FALSE,FALSE
859,14,1519,1501,1389,1519,1501,1389,1519,1501,1389,-18,-130,18,130,FALSE,FALSE
859,15,1186,1194,1102,1186,1194,1102,1186,1194,1102,8,-84,8,84,FALSE,FALSE
859,16,940,975,879,940,975,879,940,975,879,35,-61,35,61,FALSE,FALSE
859,17,740,763,690,740,763,690,740,763,690,23,-50,23,50,FALSE,FALSE
859,18,584,630,558,584,630,558,584,630,558,46,-26,46,26,FALSE,FALSE
859,19,456,500,436,456,500,436,456,500,436,44,-20,44,20,FALSE,FALSE
859,20,358,393,364,358,393,364,358,393,364,35,6,35,6,FALSE,FALSE
859,21,283,323,291,283,323,291,283,323,291,40,8,40,8,FALSE,FALSE
859,22,218,260,224,218,260,224,218,260,224,42,6,42,6,FALSE,FALSE
859,23,177,189,185,177,189,185,177,189,185,12,8,12,8,FALSE,FALSE
859,24,125,150,147,125,150,147,125,150,147,25,22,25,22,FALSE,FALSE
859,25,93,126,106,93,126,106,93,126,106,33,13,33,13,FALSE,FALSE
859,26,70,106,83,70,106,83,70,106,83,36,13,36,13,FALSE,FALSE
859,27,52,92,65,52,92,65,52,92,65,40,13,40,13,FALSE,FALSE
859,28,38,75,51,38,75,51,38,75,51,37,13,37,13,FALSE,FALSE
859,29,32,57,39,32,57,39,32,57,39,25,7,25,7,FALSE,FALSE
859,30,27,49,33,27,49,33,27,49,33,22,6,22,6,FALSE,FALSE
859,31,18,34,29,18,34,29,18,34,29,16,11,16,11,FALSE,FALSE
859,32,12,29,23,12,29,23,12,29,23,17,11,17,11,FALSE,FALSE
859,33,11,23,18,11,23,18,11,23,18,12,7,12,7,FALSE,FALSE
859,34,8,21,15,8,21,15,8,21,15,13,7,13,7,FALSE,FALSE
859,35,6,15,12,6,15,12,6,15,12,9,6,9,6,FALSE,FALSE
859,36,4,13,9,4,13,9,4,13,9,9,5,9,5,FALSE,FALSE
859,37,4,11,5,4,11,5,4,11,5,7,1,7,1,FALSE,FALSE
859,38,1,9,5,1,9,5,1,9,5,8,4,8,4,FALSE,FALSE
859,39,1,6,5,1,6,5,1,6,5,5,4,5,4,FALSE,FALSE
859,40,1,7,5,1,7,5,1,7,5,6,4,6,4,FALSE,FALSE
859,41,1,7,4,1,7,4,1,7,4,6,3,6,3,FALSE,FALSE
859,42,1,5,2,1,5,2,1,5,2,4,1,4,1,FALSE,FALSE
859,43,1,4,2,1,4,2,1,4,2,3,1,3,1,FALSE,FALSE
859,44,1,3,2,1,3,2,1,3,2,2,1,2,1,FALSE,FALSE
859,45,0,1,2,0,1,2,0,1,2,1,2,1,2,FALSE,FALSE
859,46,0,1,2,0,1,2,0,1,2,1,2,1,2,FALSE,FALSE
859,47,0,1,2,0,1,2,0,1,2,1,2,1,2,FALSE,FALSE
859,48,0,1,2,0,1,2,0,1,2,1,2,1,2,FALSE,FALSE
859,49,0,0,2,0,0,2,0,0,2,0,2,0,2,TRUE,FALSE
859,50,0,0,2,0,0,2,0,0,2,0,2,0,2,TRUE,FALSE
859,51,0,0,2,0,0,2,0,0,2,0,2,0,2,TRUE,FALSE
859,52,0,0,1,0,0,1,0,0,1,0,1,0,1,TRUE,FALSE
859,53,0,0,1,0,0,1,0,0,1,0,1,0,1,TRUE,FALSE
859,54,0,0,1,0,0,1,0,0,1,0,1,0,1,TRUE,FALSE
859,55,0,0,1,0,0,1,0,0,1,0,1,0,1,TRUE,FALSE
859,56,0,0,0,0,0,0,0,0,0,0,0,0,0,TRUE,TRUE
859,57,0,0,0,0,0,0,0,0,0,0,0,0,0,TRUE,TRUE
859,58,0,0,0,0,0,0,0,0,0,0,0,0,0,TRUE,TRUE
859,59,0,0,0,0,0,0,0,0,0,0,0,0,0,TRUE,TRUE
859,60,0,0,0,0,0,0,0,0,0,0,0,0,0,TRUE,TRUE
860,0,155,155,155,155,155,155,155,155,155,0,0,0,0,TRUE,TRUE
860,1,198,213,200,198,213,200,198,213,200,15,2,15,2,FALSE,FALSE
860,2,250,265,258,250,265,258,250,265,258,15,8,15,8,FALSE,FALSE
860,3,336,324,332,336,324,332,336,324,332,-12,-4,12,4,FALSE,FALSE
860,4,425,404,436,425,404,436,425,404,436,-21,11,21,11,FALSE,FALSE
860,5,532,489,547,532,489,547,532,489,547,-43,15,43,15,FALSE,FALSE
860,6,651,620,695,651,620,695,651,620,695,-31,44,31,44,FALSE,FALSE
860,7,846,779,867,846,779,867,846,779,867,-67,21,67,21,FALSE,FALSE
860,8,1116,948,1072,1116,948,1072,1116,948,1072,-168,-44,168,44,FALSE,FALSE
860,9,1391,1140,1310,1391,1140,1310,1391,1140,1310,-251,-81,251,81,FALSE,FALSE
860,10,1736,1411,1567,1736,1411,1567,1736,1411,1567,-325,-169,325,169,FALSE,FALSE
860,11,2096,1712,1878,2096,1712,1878,2096,1712,1878,-384,-218,384,218,FALSE,FALSE
860,12,2364,2009,2221,2364,2009,2221,2364,2009,2221,-355,-143,355,143,FALSE,FALSE
860,13,2630,2328,2538,2630,2328,2538,2630,2328,2538,-302,-92,302,92,FALSE,FALSE
860,14,2856,2582,2793,2856,2582,2793,2856,2582,2793,-274,-63,274,63,FALSE,FALSE
860,15,3071,2859,2989,3071,2859,2989,3071,2859,2989,-212,-82,212,82,FALSE,FALSE
860,16,3234,3090,3138,3234,3090,3138,3234,3090,3138,-144,-96,144,96,FALSE,FALSE
860,17,3356,3257,3299,3356,3257,3299,3356,3257,3299,-99,-57,99,57,FALSE,FALSE
860,18,3389,3325,3372,3389,3325,3372,3389,3325,3372,-64,-17,64,17,FALSE,FALSE
860,19,3339,3297,3330,3339,3297,3330,3339,3297,3330,-42,-9,42,9,FALSE,FALSE
860,20,3226,3215,3242,3226,3215,3242,3226,3215,3242,-11,16,11,16,FALSE,FALSE
860,21,3069,3110,3069,3069,3110,3069,3069,3110,3069,41,0,41,0,FALSE,TRUE
860,22,2875,2981,2945,2875,2981,2945,2875,2981,2945,106,70,106,70,FALSE,FALSE
860,23,2701,2784,2797,2701,2784,2797,2701,2784,2797,83,96,83,96,FALSE,FALSE
860,24,2446,2620,2601,2446,2620,2601,2446,2620,2601,174,155,174,155,FALSE,FALSE
860,25,2263,2414,2425,2263,2414,2425,2263,2414,2425,151,162,151,162,FALSE,FALSE
860,26,2081,2214,2241,2081,2214,2241,2081,2214,2241,133,160,133,160,FALSE,FALSE
860,27,1901,2084,2084,1901,2084,2084,1901,2084,2084,183,183,183,183,FALSE,FALSE
860,28,1720,1908,1904,1720,1908,1904,1720,1908,1904,188,184,188,184,FALSE,FALSE
860,29,1552,1734,1746,1552,1734,1746,1552,1734,1746,182,194,182,194,FALSE,FALSE
860,30,1385,1566,1594,1385,1566,1594,1385,1566,1594,181,209,181,209,FALSE,FALSE
860,31,1212,1399,1393,1212,1399,1393,1212,1399,1393,187,181,187,181,FALSE,FALSE
860,32,1085,1266,1225,1085,1266,1225,1085,1266,1225,181,140,181,140,FALSE,FALSE
860,33,952,1120,1085,952,1120,1085,952,1120,1085,168,133,168,133,FALSE,FALSE
860,34,846,1015,972,846,1015,972,846,1015,972,169,126,169,126,FALSE,FALSE
860,35,763,908,876,763,908,876,763,908,876,145,113,145,113,FALSE,FALSE
860,36,674,789,792,674,789,792,674,789,792,115,118,115,118,FALSE,FALSE
860,37,610,698,710,610,698,710,610,698,710,88,100,88,100,FALSE,FALSE
860,38,528,630,626,528,630,626,528,630,626,102,98,102,98,FALSE,FALSE
860,39,471,552,559,471,552,559,471,552,559,81,88,81,88,FALSE,FALSE
860,40,435,494,515,435,494,515,435,494,515,59,80,59,80,FALSE,FALSE
860,41,388,429,452,388,429,452,388,429,452,41,64,41,64,FALSE,FALSE
860,42,333,381,403,333,381,403,333,381,403,48,70,48,70,FALSE,FALSE
860,43,300,340,357,300,340,357,300,340,357,40,57,40,57,FALSE,FALSE
860,44,265,293,314,265,293,314,265,293,314,28,49,28,49,FALSE,FALSE
860,45,238,263,284,238,263,284,238,263,284,25,46,25,46,FALSE,FALSE
860,46,211,241,246,211,241,246,211,241,246,30,35,30,35,FALSE,FALSE
860,47,188,214,220,188,214,220,188,214,220,26,32,26,32,FALSE,FALSE
860,48,170,190,196,170,190,196,170,190,196,20,26,20,26,FALSE,FALSE
860,49,146,178,173,146,178,173,146,178,173,32,27,32,27,FALSE,FALSE
860,50,127,161,150,127,161,150,127,161,150,34,23,34,23,FALSE,FALSE
860,51,115,142,134,115,142,134,115,142,134,27,19,27,19,FALSE,FALSE
860,52,108,126,117,108,126,117,108,126,117,18,9,18,9,FALSE,FALSE
860,53,93,115,98,93,115,98,93,115,98,22,5,22,5,FALSE,FALSE
860,54,85,100,82,85,100,82,85,100,82,15,-3,15,3,FALSE,FALSE
860,55,73,86,71,73,86,71,73,86,71,13,-2,13,2,FALSE,FALSE
860,56,66,77,62,66,77,62,66,77,62,11,-4,11,4,FALSE,FALSE
860,57,59,75,55,59,75,55,59,75,55,16,-4,16,4,FALSE,FALSE
860,58,55,65,51,55,65,51,55,65,51,10,-4,10,4,FALSE,FALSE
860,59,54,65,45,54,65,45,54,65,45,11,-9,11,9,FALSE,FALSE
860,60,46,60,39,46,60,39,46,60,39,14,-7,14,7,FALSE,FALSE
861,0,119,119,119,119,119,119,119,119,119,0,0,0,0,TRUE,TRUE
861,1,122,123,120,122,123,120,122,123,120,1,-2,1,2,FALSE,FALSE
861,2,130,127,132,130,127,132,130,127,132,-3,2,3,2,FALSE,FALSE
861,3,133,138,142,133,138,142,133,138,142,5,9,5,9,FALSE,FALSE
861,4,141,139,156,141,139,156,141,139,156,-2,15,2,15,FALSE,FALSE
861,5,146,145,172,146,145,172,146,145,172,-1,26,1,26,FALSE,FALSE
861,6,164,144,175,164,144,175,164,144,175,-20,11,20,11,FALSE,FALSE
861,7,182,138,178,182,138,178,182,138,178,-44,-4,44,4,FALSE,FALSE
861,8,195,152,191,195,152,191,195,152,191,-43,-4,43,4,FALSE,FALSE
861,9,210,154,212,210,154,212,210,154,212,-56,2,56,2,FALSE,FALSE
861,10,217,161,221,217,161,221,217,161,221,-56,4,56,4,FALSE,FALSE
861,11,223,164,225,223,164,225,223,164,225,-59,2,59,2,FALSE,FALSE
861,12,235,169,220,235,169,220,235,169,220,-66,-15,66,15,FALSE,FALSE
861,13,256,176,248,256,176,248,256,176,248,-80,-8,80,8,FALSE,FALSE
861,14,267,182,257,267,182,257,267,182,257,-85,-10,85,10,FALSE,FALSE
861,15,286,185,278,286,185,278,286,185,278,-101,-8,101,8,FALSE,FALSE
861,16,307,198,292,307,198,292,307,198,292,-109,-15,109,15,FALSE,FALSE
861,17,310,197,320,310,197,320,310,197,320,-113,10,113,10,FALSE,FALSE
861,18,309,198,327,309,198,327,309,198,327,-111,18,111,18,FALSE,FALSE
861,19,325,191,334,325,191,334,325,191,334,-134,9,134,9,FALSE,FALSE
861,20,323,201,354,323,201,354,323,201,354,-122,31,122,31,FALSE,FALSE
861,21,330,208,371,330,208,371,330,208,371,-122,41,122,41,FALSE,FALSE
861,22,337,222,373,337,222,373,337,222,373,-115,36,115,36,FALSE,FALSE
861,23,347,225,385,347,225,385,347,225,385,-122,38,122,38,FALSE,FALSE
861,24,344,232,387,344,232,387,344,232,387,-112,43,112,43,FALSE,FALSE
861,25,338,247,393,338,247,393,338,247,393,-91,55,91,55,FALSE,FALSE
861,26,352,240,425,352,240,425,352,240,425,-112,73,112,73,FALSE,FALSE
861,27,355,234,435,355,234,435,355,234,435,-121,80,121,80,FALSE,FALSE
861,28,366,247,440,366,247,440,366,247,440,-119,74,119,74,FALSE,FALSE
861,29,367,251,440,367,251,440,367,251,440,-116,73,116,73,FALSE,FALSE
861,30,377,243,449,377,243,449,377,243,449,-134,72,134,72,FALSE,FALSE
861,31,386,243,474,386,243,474,386,243,474,-143,88,143,88,FALSE,FALSE
861,32,375,253,448,375,253,448,375,253,448,-122,73,122,73,FALSE,FALSE
861,33,360,260,461,360,260,461,360,260,461,-100,101,100,101,FALSE,FALSE
861,34,380,267,463,380,267,463,380,267,463,-113,83,113,83,FALSE,FALSE
861,35,386,268,484,386,268,484,386,268,484,-118,98,118,98,FALSE,FALSE
861,36,387,263,486,387,263,486,387,263,486,-124,99,124,99,FALSE,FALSE
861,37,391,269,482,391,269,482,391,269,482,-122,91,122,91,FALSE,FALSE
861,38,395,262,504,395,262,504,395,262,504,-133,109,133,109,FALSE,FALSE
861,39,364,257,496,364,257,496,364,257,496,-107,132,107,132,FALSE,FALSE
861,40,359,253,491,359,253,491,359,253,491,-106,132,106,132,FALSE,FALSE
861,41,358,253,486,358,253,486,358,253,486,-105,128,105,128,FALSE,FALSE
861,42,371,252,477,371,252,477,371,252,477,-119,106,119,106,FALSE,FALSE
861,43,374,258,482,374,258,482,374,258,482,-116,108,116,108,FALSE,FALSE
861,44,369,263,481,369,263,481,369,263,481,-106,112,106,112,FALSE,FALSE
861,45,368,249,456,368,249,456,368,249,456,-119,88,119,88,FALSE,FALSE
861,46,352,251,463,352,251,463,352,251,463,-101,111,101,111,FALSE,FALSE
861,47,352,253,458,352,253,458,352,253,458,-99,106,99,106,FALSE,FALSE
861,48,333,250,453,333,250,453,333,250,453,-83,120,83,120,FALSE,FALSE
861,49,337,244,431,337,244,431,337,244,431,-93,94,93,94,FALSE,FALSE
861,50,322,256,419,322,256,419,322,256,419,-66,97,66,97,FALSE,FALSE
861,51,305,252,414,305,252,414,305,252,414,-53,109,53,109,FALSE,FALSE
861,52,306,250,406,306,250,406,306,250,406,-56,100,56,100,FALSE,FALSE
861,53,287,241,402,287,241,402,287,241,402,-46,115,46,115,FALSE,FALSE
861,54,289,239,384,289,239,384,289,239,384,-50,95,50,95,FALSE,FALSE
861,55,276,238,373,276,238,373,276,238,373,-38,97,38,97,FALSE,FALSE
861,56,255,237,356,255,237,356,255,237,356,-18,101,18,101,FALSE,FALSE
861,57,235,242,340,235,242,340,235,242,340,7,105,7,105,FALSE,FALSE
861,58,225,241,314,225,241,314,225,241,314,16,89,16,89,FALSE,FALSE
861,59,219,244,295,219,244,295,219,244,295,25,76,25,76,FALSE,FALSE
861,60,221,260,270,221,260,270,221,260,270,39,49,39,49,FALSE,FALSE
862,0,136,136,136,136,136,136,136,136,136,0,0,0,0,TRUE,TRUE
862,1,190,173,194,190,173,194,190,173,194,-17,4,17,4,FALSE,FALSE
862,2,286,249,285,286,249,285,286,249,285,-37,-1,37,1,FALSE,FALSE
862,3,420,339,411,420,339,411,420,339,411,-81,-9,81,9,FALSE,FALSE
862,4,585,467,604,585,467,604,585,467,604,-118,19,118,19,FALSE,FALSE
862,5,819,618,840,819,618,840,819,618,840,-201,21,201,21,FALSE,FALSE
862,6,1105,873,1179,1105,873,1179,1105,873,1179,-232,74,232,74,FALSE,FALSE
862,7,1509,1174,1588,1509,1174,1588,1509,1174,1588,-335,79,335,79,FALSE,FALSE
862,8,1925,1533,2011,1925,1533,2011,1925,1533,2011,-392,86,392,86,FALSE,FALSE
862,9,2321,1922,2476,2321,1922,2476,2321,1922,2476,-399,155,399,155,FALSE,FALSE
862,10,2727,2343,2852,2727,2343,2852,2727,2343,2852,-384,125,384,125,FALSE,FALSE
862,11,3011,2656,3191,3011,2656,3191,3011,2656,3191,-355,180,355,180,FALSE,FALSE
862,12,3189,2924,3297,3189,2924,3297,3189,2924,3297,-265,108,265,108,FALSE,FALSE
862,13,3225,3068,3279,3225,3068,3279,3225,3068,3279,-157,54,157,54,FALSE,FALSE
862,14,3178,3120,3220,3178,3120,3220,3178,3120,3220,-58,42,58,42,FALSE,FALSE
862,15,3015,3090,3098,3015,3090,3098,3015,3090,3098,75,83,75,83,FALSE,FALSE
862,16,2809,2975,2890,2809,2975,2890,2809,2975,2890,166,81,166,81,FALSE,FALSE
862,17,2603,2831,2666,2603,2831,2666,2603,2831,2666,228,63,228,63,FALSE,FALSE
862,18,2336,2612,2444,2336,2612,2444,2336,2612,2444,276,108,276,108,FALSE,FALSE
862,19,2145,2388,2180,2145,2388,2180,2145,2388,2180,243,35,243,35,FALSE,FALSE
862,20,1945,2171,1946,1945,2171,1946,1945,2171,1946,226,1,226,1,FALSE,FALSE
862,21,1745,1946,1742,1745,1946,1742,1745,1946,1742,201,-3,201,3,FALSE,FALSE
862,22,1561,1745,1515,1561,1745,1515,1561,1745,1515,184,-46,184,46,FALSE,FALSE
862,23,1397,1564,1328,1397,1564,1328,1397,1564,1328,167,-69,167,69,FALSE,FALSE
862,24,1263,1409,1174,1263,1409,1174,1263,1409,1174,146,-89,146,89,FALSE,FALSE
862,25,1112,1248,1035,1112,1248,1035,1112,1248,1035,136,-77,136,77,FALSE,FALSE
862,26,983,1103,920,983,1103,920,983,1103,920,120,-63,120,63,FALSE,FALSE
862,27,871,968,824,871,968,824,871,968,824,97,-47,97,47,FALSE,FALSE
862,28,776,851,696,776,851,696,776,851,696,75,-80,75,80,FALSE,FALSE
862,29,679,723,613,679,723,613,679,723,613,44,-66,44,66,FALSE,FALSE
862,30,616,648,557,616,648,557,616,648,557,32,-59,32,59,FALSE,FALSE
862,31,557,564,503,557,564,503,557,564,503,7,-54,7,54,FALSE,FALSE
862,32,488,500,445,488,500,445,488,500,445,12,-43,12,43,FALSE,FALSE
862,33,444,446,402,444,446,402,444,446,402,2,-42,2,42,FALSE,FALSE
862,34,396,391,353,396,391,353,396,391,353,-5,-43,5,43,FALSE,FALSE
862,35,338,350,300,338,350,300,338,350,300,12,-38,12,38,FALSE,FALSE
862,36,296,314,264,296,314,264,296,314,264,18,-32,18,32,FALSE,FALSE
862,37,266,281,227,266,281,227,266,281,227,15,-39,15,39,FALSE,FALSE
862,38,238,245,188,238,245,188,238,245,188,7,-50,7,50,FALSE,FALSE
862,39,210,216,163,210,216,163,210,216,163,6,-47,6,47,FALSE,FALSE
862,40,190,190,144,190,190,144,190,190,144,0,-46,0,46,TRUE,FALSE
862,41,161,171,126,161,171,126,161,171,126,10,-35,10,35,FALSE,FALSE
862,42,143,157,116,143,157,116,143,157,116,14,-27,14,27,FALSE,FALSE
862,43,122,139,101,122,139,101,122,139,101,17,-21,17,21,FALSE,FALSE
862,44,111,124,91,111,124,91,111,124,91,13,-20,13,20,FALSE,FALSE
862,45,105,106,76,105,106,76,105,106,76,1,-29,1,29,FALSE,FALSE
862,46,98,91,64,98,91,64,98,91,64,-7,-34,7,34,FALSE,FALSE
862,47,84,82,51,84,82,51,84,82,51,-2,-33,2,33,FALSE,FALSE
862,48,73,66,46,73,66,46,73,66,46,-7,-27,7,27,FALSE,FALSE
862,49,65,60,40,65,60,40,65,60,40,-5,-25,5,25,FALSE,FALSE
862,50,56,51,34,56,51,34,56,51,34,-5,-22,5,22,FALSE,FALSE
862,51,48,46,31,48,46,31,48,46,31,-2,-17,2,17,FALSE,FALSE
862,52,41,40,29,41,40,29,41,40,29,-1,-12,1,12,FALSE,FALSE
862,53,37,35,27,37,35,27,37,35,27,-2,-10,2,10,FALSE,FALSE
862,54,32,36,26,32,36,26,32,36,26,4,-6,4,6,FALSE,FALSE
862,55,31,32,22,31,32,22,31,32,22,1,-9,1,9,FALSE,FALSE
862,56,27,27,22,27,27,22,27,27,22,0,-5,0,5,TRUE,FALSE
862,57,23,27,19,23,27,19,23,27,19,4,-4,4,4,FALSE,FALSE
862,58,17,23,18,17,23,18,17,23,18,6,1,6,1,FALSE,FALSE
862,59,13,20,17,13,20,17,13,20,17,7,4,7,4,FALSE,FALSE
862,60,10,18,16,10,18,16,10,18,16,8,6,8,6,FALSE,FALSE
863,0,59,59,59,59,59,59,59,59,59,0,0,0,0,TRUE,TRUE
863,1,61,62,59,61,62,59,61,62,59,1,-2,1,2,FALSE,FALSE
863,2,64,67,64,64,67,64,64,67,64,3,0,3,0,FALSE,TRUE
863,3,67,67,67,67,67,67,67,67,67,0,0,0,0,TRUE,TRUE
863,4,68,64,74,68,64,74,68,64,74,-4,6,4,6,FALSE,FALSE
863,5,73,68,79,73,68,79,73,68,79,-5,6,5,6,FALSE,FALSE
863,6,79,83,79,79,83,79,79,83,79,4,0,4,0,FALSE,TRUE
863,7,88,106,79,88,106,79,88,106,79,18,-9,18,9,FALSE,FALSE
863,8,89,116,83,89,116,83,89,116,83,27,-6,27,6,FALSE,FALSE
863,9,97,116,78,97,116,78,97,116,78,19,-19,19,19,FALSE,FALSE
863,10,111,122,88,111,122,88,111,122,88,11,-23,11,23,FALSE,FALSE
863,11,114,119,94,114,119,94,114,119,94,5,-20,5,20,FALSE,FALSE
863,12,115,139,101,115,139,101,115,139,101,24,-14,24,14,FALSE,FALSE
863,13,119,164,103,119,164,103,119,164,103,45,-16,45,16,FALSE,FALSE
863,14,126,182,111,126,182,111,126,182,111,56,-15,56,15,FALSE,FALSE
863,15,129,183,124,129,183,124,129,183,124,54,-5,54,5,FALSE,FALSE
863,16,128,203,132,128,203,132,128,203,132,75,4,75,4,FALSE,FALSE
863,17,140,227,127,140,227,127,140,227,127,87,-13,87,13,FALSE,FALSE
863,18,147,261,128,147,261,128,147,261,128,114,-19,114,19,FALSE,FALSE
863,19,146,282,131,146,282,131,146,282,131,136,-15,136,15,FALSE,FALSE
863,20,148,308,135,148,308,135,148,308,135,160,-13,160,13,FALSE,FALSE
863,21,161,351,146,161,351,146,161,351,146,190,-15,190,15,FALSE,FALSE
863,22,177,381,161,177,381,161,177,381,161,204,-16,204,16,FALSE,FALSE
863,23,187,398,194,187,398,194,187,398,194,211,7,211,7,FALSE,FALSE
863,24,201,437,206,201,437,206,201,437,206,236,5,236,5,FALSE,FALSE
863,25,213,462,207,213,462,207,213,462,207,249,-6,249,6,FALSE,FALSE
863,26,234,492,215,234,492,215,234,492,215,258,-19,258,19,FALSE,FALSE
863,27,236,524,216,236,524,216,236,524,216,288,-20,288,20,FALSE,FALSE
863,28,249,531,205,249,531,205,249,531,205,282,-44,282,44,FALSE,FALSE
863,29,255,557,215,255,557,215,255,557,215,302,-40,302,40,FALSE,FALSE
863,30,264,572,227,264,572,227,264,572,227,308,-37,308,37,FALSE,FALSE
863,31,267,612,233,267,612,233,267,612,233,345,-34,345,34,FALSE,FALSE
863,32,277,622,242,277,622,242,277,622,242,345,-35,345,35,FALSE,FALSE
863,33,286,634,243,286,634,243,286,634,243,348,-43,348,43,FALSE,FALSE
863,34,315,649,242,315,649,242,315,649,242,334,-73,334,73,FALSE,FALSE
863,35,327,643,248,327,643,248,327,643,248,316,-79,316,79,FALSE,FALSE
863,36,357,663,266,357,663,266,357,663,266,306,-91,306,91,FALSE,FALSE
863,37,376,693,286,376,693,286,376,693,286,317,-90,317,90,FALSE,FALSE
863,38,387,708,290,387,708,290,387,708,290,321,-97,321,97,FALSE,FALSE
863,39,407,703,304,407,703,304,407,703,304,296,-103,296,103,FALSE,FALSE
863,40,427,703,307,427,703,307,427,703,307,276,-120,276,120,FALSE,FALSE
863,41,426,718,319,426,718,319,426,718,319,292,-107,292,107,FALSE,FALSE
863,42,427,724,322,427,724,322,427,724,322,297,-105,297,105,FALSE,FALSE
863,43,436,712,313,436,712,313,436,712,313,276,-123,276,123,FALSE,FALSE
863,44,449,689,337,449,689,337,449,689,337,240,-112,240,112,FALSE,FALSE
863,45,448,676,345,448,676,345,448,676,345,228,-103,228,103,FALSE,FALSE
863,46,469,665,365,469,665,365,469,665,365,196,-104,196,104,FALSE,FALSE
863,47,485,652,389,485,652,389,485,652,389,167,-96,167,96,FALSE,FALSE
863,48,513,636,390,513,636,390,513,636,390,123,-123,123,123,FALSE,FALSE
863,49,530,615,404,530,615,404,530,615,404,85,-126,85,126,FALSE,FALSE
863,50,518,602,395,518,602,395,518,602,395,84,-123,84,123,FALSE,FALSE
863,51,515,582,396,515,582,396,515,582,396,67,-119,67,119,FALSE,FALSE
863,52,526,568,382,526,568,382,526,568,382,42,-144,42,144,FALSE,FALSE
863,53,500,549,393,500,549,393,500,549,393,49,-107,49,107,FALSE,FALSE
863,54,480,525,402,480,525,402,480,525,402,45,-78,45,78,FALSE,FALSE
863,55,472,513,386,472,513,386,472,513,386,41,-86,41,86,FALSE,FALSE
863,56,463,477,393,463,477,393,463,477,393,14,-70,14,70,FALSE,FALSE
863,57,442,479,383,442,479,383,442,479,383,37,-59,37,59,FALSE,FALSE
863,58,441,448,365,441,448,365,441,448,365,7,-76,7,76,FALSE,FALSE
863,59,443,419,360,443,419,360,443,419,360,-24,-83,24,83,FALSE,FALSE
863,60,425,379,357,425,379,357,425,379,357,-46,-68,46,68,FALSE,FALSE
864,0,111,111,111,111,111,111,111,111,111,0,0,0,0,TRUE,TRUE
864,1,119,119,129,119,119,129,119,119,129,0,10,0,10,TRUE,FALSE
864,2,142,134,153,142,134,153,142,134,153,-8,11,8,11,FALSE,FALSE
864,3,155,143,185,155,143,185,155,143,185,-12,30,12,30,FALSE,FALSE
864,4,178,153,205,178,153,205,178,153,205,-25,27,25,27,FALSE,FALSE
864,5,200,164,227,200,164,227,200,164,227,-36,27,36,27,FALSE,FALSE
864,6,224,184,237,224,184,237,224,184,237,-40,13,40,13,FALSE,FALSE
864,7,255,209,274,255,209,274,255,209,274,-46,19,46,19,FALSE,FALSE
864,8,286,235,289,286,235,289,286,235,289,-51,3,51,3,FALSE,FALSE
864,9,328,255,330,328,255,330,328,255,330,-73,2,73,2,FALSE,FALSE
864,10,370,297,382,370,297,382,370,297,382,-73,12,73,12,FALSE,FALSE
864,11,405,331,419,405,331,419,405,331,419,-74,14,74,14,FALSE,FALSE
864,12,455,378,443,455,378,443,455,378,443,-77,-12,77,12,FALSE,FALSE
864,13,499,419,493,499,419,493,499,419,493,-80,-6,80,6,FALSE,FALSE
864,14,553,455,562,553,455,562,553,455,562,-98,9,98,9,FALSE,FALSE
864,15,625,495,627,625,495,627,625,495,627,-130,2,130,2,FALSE,FALSE
864,16,673,538,692,673,538,692,673,538,692,-135,19,135,19,FALSE,FALSE
864,17,751,591,769,751,591,769,751,591,769,-160,18,160,18,FALSE,FALSE
864,18,823,659,836,823,659,836,823,659,836,-164,13,164,13,FALSE,FALSE
864,19,885,723,912,885,723,912,885,723,912,-162,27,162,27,FALSE,FALSE
864,20,951,785,990,951,785,990,951,785,990,-166,39,166,39,FALSE,FALSE
864,21,1034,839,1062,1034,839,1062,1034,839,1062,-195,28,195,28,FALSE,FALSE
864,22,1114,908,1128,1114,908,1128,1114,908,1128,-206,14,206,14,FALSE,FALSE
864,23,1186,962,1208,1186,962,1208,1186,962,1208,-224,22,224,22,FALSE,FALSE
864,24,1264,1043,1233,1264,1043,1233,1264,1043,1233,-221,-31,221,31,FALSE,FALSE
864,25,1326,1089,1273,1326,1089,1273,1326,1089,1273,-237,-53,237,53,FALSE,FALSE
864,26,1376,1144,1314,1376,1144,1314,1376,1144,1314,-232,-62,232,62,FALSE,FALSE
864,27,1407,1172,1362,1407,1172,1362,1407,1172,1362,-235,-45,235,45,FALSE,FALSE
864,28,1455,1220,1381,1455,1220,1381,1455,1220,1381,-235,-74,235,74,FALSE,FALSE
864,29,1491,1250,1413,1491,1250,1413,1491,1250,1413,-241,-78,241,78,FALSE,FALSE
864,30,1538,1335,1421,1538,1335,1421,1538,1335,1421,-203,-117,203,117,FALSE,FALSE
864,31,1529,1365,1433,1529,1365,1433,1529,1365,1433,-164,-96,164,96,FALSE,FALSE
864,32,1560,1385,1410,1560,1385,1410,1560,1385,1410,-175,-150,175,150,FALSE,FALSE
864,33,1590,1376,1390,1590,1376,1390,1590,1376,1390,-214,-200,214,200,FALSE,FALSE
864,34,1546,1393,1389,1546,1393,1389,1546,1393,1389,-153,-157,153,157,FALSE,FALSE
864,35,1529,1391,1405,1529,1391,1405,1529,1391,1405,-138,-124,138,124,FALSE,FALSE
864,36,1508,1386,1378,1508,1386,1378,1508,1386,1378,-122,-130,122,130,FALSE,FALSE
864,37,1498,1362,1375,1498,1362,1375,1498,1362,1375,-136,-123,136,123,FALSE,FALSE
864,38,1442,1336,1350,1442,1336,1350,1442,1336,1350,-106,-92,106,92,FALSE,FALSE
864,39,1405,1339,1321,1405,1339,1321,1405,1339,1321,-66,-84,66,84,FALSE,FALSE
864,40,1336,1307,1273,1336,1307,1273,1336,1307,1273,-29,-63,29,63,FALSE,FALSE
864,41,1281,1283,1236,1281,1283,1236,1281,1283,1236,2,-45,2,45,FALSE,FALSE
864,42,1225,1235,1211,1225,1235,1211,1225,1235,1211,10,-14,10,14,FALSE,FALSE
864,43,1176,1208,1169,1176,1208,1169,1176,1208,1169,32,-7,32,7,FALSE,FALSE
864,44,1149,1168,1117,1149,1168,1117,1149,1168,1117,19,-32,19,32,FALSE,FALSE
864,45,1107,1111,1064,1107,1111,1064,1107,1111,1064,4,-43,4,43,FALSE,FALSE
864,46,1048,1068,1014,1048,1068,1014,1048,1068,1014,20,-34,20,34,FALSE,FALSE
864,47,994,1026,937,994,1026,937,994,1026,937,32,-57,32,57,FALSE,FALSE
864,48,933,980,886,933,980,886,933,980,886,47,-47,47,47,FALSE,FALSE
864,49,883,937,850,883,937,850,883,937,850,54,-33,54,33,FALSE,FALSE
864,50,836,877,816,836,877,816,836,877,816,41,-20,41,20,FALSE,FALSE
864,51,792,833,747,792,833,747,792,833,747,41,-45,41,45,FALSE,FALSE
864,52,758,801,705,758,801,705,758,801,705,43,-53,43,53,FALSE,FALSE
864,53,713,759,673,713,759,673,713,759,673,46,-40,46,40,FALSE,FALSE
864,54,662,712,639,662,712,639,662,712,639,50,-23,50,23,FALSE,FALSE
864,55,628,680,595,628,680,595,628,680,595,52,-33,52,33,FALSE,FALSE
864,56,594,658,559,594,658,559,594,658,559,64,-35,64,35,FALSE,FALSE
864,57,555,631,524,555,631,524,555,631,524,76,-31,76,31,FALSE,FALSE
864,58,516,604,501,516,604,501,516,604,501,88,-15,88,15,FALSE,FALSE
864,59,482,563,476,482,563,476,482,563,476,81,-6,81,6,FALSE,FALSE
864,60,448,538,448,448,538,448,448,538,448,90,0,90,0,FALSE,TRUE
865,0,78,78,78,78,78,78,78,78,78,0,0,0,0,TRUE,TRUE
865,1,122,112,127,122,112,127,122,112,127,-10,5,10,5,FALSE,FALSE
865,2,168,155,221,168,155,221,168,155,221,-13,53,13,53,FALSE,FALSE
865,3,245,235,352,245,235,352,245,235,352,-10,107,10,107,FALSE,FALSE
865,4,370,340,528,370,340,528,370,340,528,-30,158,30,158,FALSE,FALSE
865,5,577,493,789,577,493,789,577,493,789,-84,212,84,212,FALSE,FALSE
865,6,903,767,1123,903,767,1123,903,767,1123,-136,220,136,220,FALSE,FALSE
865,7,1276,1121,1522,1276,1121,1522,1276,1121,1522,-155,246,155,246,FALSE,FALSE
865,8,1806,1567,2023,1806,1567,2023,1806,1567,2023,-239,217,239,217,FALSE,FALSE
865,9,2354,2090,2581,2354,2090,2581,2354,2090,2581,-264,227,264,227,FALSE,FALSE
865,10,2909,2610,3065,2909,2610,3065,2909,2610,3065,-299,156,299,156,FALSE,FALSE
865,11,3393,3148,3467,3393,3148,3467,3393,3148,3467,-245,74,245,74,FALSE,FALSE
865,12,3668,3402,3630,3668,3402,3630,3668,3402,3630,-266,-38,266,38,FALSE,FALSE
865,13,3749,3562,3687,3749,3562,3687,3749,3562,3687,-187,-62,187,62,FALSE,FALSE
865,14,3654,3563,3530,3654,3563,3530,3654,3563,3530,-91,-124,91,124,FALSE,FALSE
865,15,3417,3435,3298,3417,3435,3298,3417,3435,3298,18,-119,18,119,FALSE,FALSE
865,16,3155,3250,3041,3155,3250,3041,3155,3250,3041,95,-114,95,114,FALSE,FALSE
865,17,2839,2961,2766,2839,2961,2766,2839,2961,2766,122,-73,122,73,FALSE,FALSE
865,18,2499,2643,2462,2499,2643,2462,2499,2643,2462,144,-37,144,37,FALSE,FALSE
865,19,2236,2383,2173,2236,2383,2173,2236,2383,2173,147,-63,147,63,FALSE,FALSE
865,20,1951,2100,1906,1951,2100,1906,1951,2100,1906,149,-45,149,45,FALSE,FALSE
865,21,1696,1829,1633,1696,1829,1633,1696,1829,1633,133,-63,133,63,FALSE,FALSE
865,22,1461,1613,1412,1461,1613,1412,1461,1613,1412,152,-49,152,49,FALSE,FALSE
865,23,1274,1412,1218,1274,1412,1218,1274,1412,1218,138,-56,138,56,FALSE,FALSE
865,24,1095,1201,1066,1095,1201,1066,1095,1201,1066,106,-29,106,29,FALSE,FALSE
865,25,957,1050,924,957,1050,924,957,1050,924,93,-33,93,33,FALSE,FALSE
865,26,800,892,804,800,892,804,800,892,804,92,4,92,4,FALSE,FALSE
865,27,687,758,663,687,758,663,687,758,663,71,-24,71,24,FALSE,FALSE
865,28,572,652,556,572,652,556,572,652,556,80,-16,80,16,FALSE,FALSE
865,29,502,573,467,502,573,467,502,573,467,71,-35,71,35,FALSE,FALSE
865,30,420,491,403,420,491,403,420,491,403,71,-17,71,17,FALSE,FALSE
865,31,352,415,339,352,415,339,352,415,339,63,-13,63,13,FALSE,FALSE
865,32,291,341,292,291,341,292,291,341,292,50,1,50,1,FALSE,FALSE
865,33,245,297,262,245,297,262,245,297,262,52,17,52,17,FALSE,FALSE
865,34,198,253,226,198,253,226,198,253,226,55,28,55,28,FALSE,FALSE
865,35,161,221,196,161,221,196,161,221,196,60,35,60,35,FALSE,FALSE
865,36,142,200,170,142,200,170,142,200,170,58,28,58,28,FALSE,FALSE
865,37,121,181,147,121,181,147,121,181,147,60,26,60,26,FALSE,FALSE
865,38,93,151,124,93,151,124,93,151,124,58,31,58,31,FALSE,FALSE
865,39,84,138,111,84,138,111,84,138,111,54,27,54,27,FALSE,FALSE
865,40,73,112,95,73,112,95,73,112,95,39,22,39,22,FALSE,FALSE
865,41,65,97,80,65,97,80,65,97,80,32,15,32,15,FALSE,FALSE
865,42,59,82,78,59,82,78,59,82,78,23,19,23,19,FALSE,FALSE
865,43,52,72,66,52,72,66,52,72,66,20,14,20,14,FALSE,FALSE
865,44,51,64,60,51,64,60,51,64,60,13,9,13,9,FALSE,FALSE
865,45,44,55,53,44,55,53,44,55,53,11,9,11,9,FALSE,FALSE
865,46,41,47,41,41,47,41,41,47,41,6,0,6,0,FALSE,TRUE
865,47,34,39,34,34,39,34,34,39,34,5,0,5,0,FALSE,TRUE
865,48,27,29,27,27,29,27,27,29,27,2,0,2,0,FALSE,TRUE
865,49,26,26,25,26,26,25,26,26,25,0,-1,0,1,TRUE,FALSE
865,50,20,23,22,20,23,22,20,23,22,3,2,3,2,FALSE,FALSE
865,51,17,18,16,17,18,16,17,18,16,1,-1,1,1,FALSE,FALSE
865,52,16,16,15,16,16,15,16,16,15,0,-1,0,1,TRUE,FALSE
865,53,15,13,13,15,13,13,15,13,13,-2,-2,2,2,FALSE,FALSE
865,54,15,9,9,15,9,9,15,9,9,-6,-6,6,6,FALSE,FALSE
865,55,12,5,8,12,5,8,12,5,8,-7,-4,7,4,FALSE,FALSE
865,56,12,3,7,12,3,7,12,3,7,-9,-5,9,5,FALSE,FALSE
865,57,12,3,7,12,3,7,12,3,7,-9,-5,9,5,FALSE,FALSE
865,58,9,3,7,9,3,7,9,3,7,-6,-2,6,2,FALSE,FALSE
865,59,8,2,6,8,2,6,8,2,6,-6,-2,6,2,FALSE,FALSE
865,60,5,1,6,5,1,6,5,1,6,-4,1,4,1,FALSE,FALSE
866,0,93,93,93,93,93,93,93,93,93,0,0,0,0,TRUE,TRUE
866,1,135,133,130,135,133,130,135,133,130,-2,-5,2,5,FALSE,FALSE
866,2,192,209,201,192,209,201,192,209,201,17,9,17,9,FALSE,FALSE
866,3,282,308,286,282,308,286,282,308,286,26,4,26,4,FALSE,FALSE
866,4,423,446,409,423,446,409,423,446,409,23,-14,23,14,FALSE,FALSE
866,5,608,581,589,608,581,589,608,581,589,-27,-19,27,19,FALSE,FALSE
866,6,858,832,821,858,832,821,858,832,821,-26,-37,26,37,FALSE,FALSE
866,7,1211,1123,1119,1211,1123,1119,1211,1123,1119,-88,-92,88,92,FALSE,FALSE
866,8,1622,1468,1510,1622,1468,1510,1622,1468,1510,-154,-112,154,112,FALSE,FALSE
866,9,2047,1876,1929,2047,1876,1929,2047,1876,1929,-171,-118,171,118,FALSE,FALSE
866,10,2450,2332,2361,2450,2332,2361,2450,2332,2361,-118,-89,118,89,FALSE,FALSE
866,11,2802,2766,2813,2802,2766,2813,2802,2766,2813,-36,11,36,11,FALSE,FALSE
866,12,3071,3134,3150,3071,3134,3150,3071,3134,3150,63,79,63,79,FALSE,FALSE
866,13,3242,3363,3341,3242,3363,3341,3242,3363,3341,121,99,121,99,FALSE,FALSE
866,14,3323,3446,3370,3323,3446,3370,3323,3446,3370,123,47,123,47,FALSE,FALSE
866,15,3278,3374,3343,3278,3374,3343,3278,3374,3343,96,65,96,65,FALSE,FALSE
866,16,3153,3250,3249,3153,3250,3249,3153,3250,3249,97,96,97,96,FALSE,FALSE
866,17,2968,3047,3057,2968,3047,3057,2968,3047,3057,79,89,79,89,FALSE,FALSE
866,18,2746,2823,2851,2746,2823,2851,2746,2823,2851,77,105,77,105,FALSE,FALSE
866,19,2527,2560,2575,2527,2560,2575,2527,2560,2575,33,48,33,48,FALSE,FALSE
866,20,2239,2289,2299,2239,2289,2299,2239,2289,2299,50,60,50,60,FALSE,FALSE
866,21,1970,2041,2059,1970,2041,2059,1970,2041,2059,71,89,71,89,FALSE,FALSE
866,22,1770,1840,1819,1770,1840,1819,1770,1840,1819,70,49,70,49,FALSE,FALSE
866,23,1578,1645,1603,1578,1645,1603,1578,1645,1603,67,25,67,25,FALSE,FALSE
866,24,1419,1453,1409,1419,1453,1409,1419,1453,1409,34,-10,34,10,FALSE,FALSE
866,25,1239,1254,1265,1239,1254,1265,1239,1254,1265,15,26,15,26,FALSE,FALSE
866,26,1082,1102,1110,1082,1102,1110,1082,1102,1110,20,28,20,28,FALSE,FALSE
866,27,941,972,980,941,972,980,941,972,980,31,39,31,39,FALSE,FALSE
866,28,833,849,855,833,849,855,833,849,855,16,22,16,22,FALSE,FALSE
866,29,723,744,748,723,744,748,723,744,748,21,25,21,25,FALSE,FALSE
866,30,626,670,677,626,670,677,626,670,677,44,51,44,51,FALSE,FALSE
866,31,552,591,603,552,591,603,552,591,603,39,51,39,51,FALSE,FALSE
866,32,485,507,520,485,507,520,485,507,520,22,35,22,35,FALSE,FALSE
866,33,405,436,447,405,436,447,405,436,447,31,42,31,42,FALSE,FALSE
866,34,363,370,400,363,370,400,363,370,400,7,37,7,37,FALSE,FALSE
866,35,314,333,346,314,333,346,314,333,346,19,32,19,32,FALSE,FALSE
866,36,267,287,300,267,287,300,267,287,300,20,33,20,33,FALSE,FALSE
866,37,226,248,256,226,248,256,226,248,256,22,30,22,30,FALSE,FALSE
866,38,202,211,227,202,211,227,202,211,227,9,25,9,25,FALSE,FALSE
866,39,171,176,198,171,176,198,171,176,198,5,27,5,27,FALSE,FALSE
866,40,143,155,174,143,155,174,143,155,174,12,31,12,31,FALSE,FALSE
866,41,132,139,143,132,139,143,132,139,143,7,11,7,11,FALSE,FALSE
866,42,116,119,122,116,119,122,116,119,122,3,6,3,6,FALSE,FALSE
866,43,107,104,115,107,104,115,107,104,115,-3,8,3,8,FALSE,FALSE
866,44,92,95,89,92,95,89,92,95,89,3,-3,3,3,FALSE,FALSE
866,45,78,78,76,78,78,76,78,78,76,0,-2,0,2,TRUE,FALSE
866,46,67,64,67,67,64,67,67,64,67,-3,0,3,0,FALSE,TRUE
866,47,57,56,58,57,56,58,57,56,58,-1,1,1,1,FALSE,FALSE
866,48,49,48,53,49,48,53,49,48,53,-1,4,1,4,FALSE,FALSE
866,49,45,42,42,45,42,42,45,42,42,-3,-3,3,3,FALSE,FALSE
866,50,41,36,35,41,36,35,41,36,35,-5,-6,5,6,FALSE,FALSE
866,51,32,32,30,32,32,30,32,32,30,0,-2,0,2,TRUE,FALSE
866,52,28,30,28,28,30,28,28,30,28,2,0,2,0,FALSE,TRUE
866,53,27,26,26,27,26,26,27,26,26,-1,-1,1,1,FALSE,FALSE
866,54,20,21,21,20,21,21,20,21,21,1,1,1,1,FALSE,FALSE
866,55,17,19,19,17,19,19,17,19,19,2,2,2,2,FALSE,FALSE
866,56,16,16,17,16,16,17,16,16,17,0,1,0,1,TRUE,FALSE
866,57,15,15,12,15,15,12,15,15,12,0,-3,0,3,TRUE,FALSE
866,58,13,12,10,13,12,10,13,12,10,-1,-3,1,3,FALSE,FALSE
866,59,12,12,7,12,12,7,12,12,7,0,-5,0,5,TRUE,FALSE
866,60,12,12,6,12,12,6,12,12,6,0,-6,0,6,TRUE,FALSE
867,0,133,133,133,133,133,133,133,133,133,0,0,0,0,TRUE,TRUE
867,1,152,138,142,152,138,142,152,138,142,-14,-10,14,10,FALSE,FALSE
867,2,164,142,148,164,142,148,164,142,148,-22,-16,22,16,FALSE,FALSE
867,3,182,171,156,182,171,156,182,171,156,-11,-26,11,26,FALSE,FALSE
867,4,190,186,155,190,186,155,190,186,155,-4,-35,4,35,FALSE,FALSE
867,5,210,199,182,210,199,182,210,199,182,-11,-28,11,28,FALSE,FALSE
867,6,231,209,193,231,209,193,231,209,193,-22,-38,22,38,FALSE,FALSE
867,7,247,218,201,247,218,201,247,218,201,-29,-46,29,46,FALSE,FALSE
867,8,263,237,231,263,237,231,263,237,231,-26,-32,26,32,FALSE,FALSE
867,9,301,252,252,301,252,252,301,252,252,-49,-49,49,49,FALSE,FALSE
867,10,306,246,269,306,246,269,306,246,269,-60,-37,60,37,FALSE,FALSE
867,11,296,259,296,296,259,296,296,259,296,-37,0,37,0,FALSE,TRUE
867,12,315,276,336,315,276,336,315,276,336,-39,21,39,21,FALSE,FALSE
867,13,323,287,381,323,287,381,323,287,381,-36,58,36,58,FALSE,FALSE
867,14,359,312,399,359,312,399,359,312,399,-47,40,47,40,FALSE,FALSE
867,15,379,329,415,379,329,415,379,329,415,-50,36,50,36,FALSE,FALSE
867,16,410,332,424,410,332,424,410,332,424,-78,14,78,14,FALSE,FALSE
867,17,409,341,453,409,341,453,409,341,453,-68,44,68,44,FALSE,FALSE
867,18,449,345,452,449,345,452,449,345,452,-104,3,104,3,FALSE,FALSE
867,19,470,361,460,470,361,460,470,361,460,-109,-10,109,10,FALSE,FALSE
867,20,495,384,486,495,384,486,495,384,486,-111,-9,111,9,FALSE,FALSE
867,21,508,392,494,508,392,494,508,392,494,-116,-14,116,14,FALSE,FALSE
867,22,526,403,506,526,403,506,526,403,506,-123,-20,123,20,FALSE,FALSE
867,23,508,405,513,508,405,513,508,405,513,-103,5,103,5,FALSE,FALSE
867,24,528,440,503,528,440,503,528,440,503,-88,-25,88,25,FALSE,FALSE
867,25,542,441,525,542,441,525,542,441,525,-101,-17,101,17,FALSE,FALSE
867,26,522,435,512,522,435,512,522,435,512,-87,-10,87,10,FALSE,FALSE
867,27,525,449,503,525,449,503,525,449,503,-76,-22,76,22,FALSE,FALSE
867,28,524,442,512,524,442,512,524,442,512,-82,-12,82,12,FALSE,FALSE
867,29,499,441,511,499,441,511,499,441,511,-58,12,58,12,FALSE,FALSE
867,30,485,431,505,485,431,505,485,431,505,-54,20,54,20,FALSE,FALSE
867,31,470,423,467,470,423,467,470,423,467,-47,-3,47,3,FALSE,FALSE
867,32,474,426,441,474,426,441,474,426,441,-48,-33,48,33,FALSE,FALSE
867,33,452,419,424,452,419,424,452,419,424,-33,-28,33,28,FALSE,FALSE
867,34,428,398,389,428,398,389,428,398,389,-30,-39,30,39,FALSE,FALSE
867,35,423,413,366,423,413,366,423,413,366,-10,-57,10,57,FALSE,FALSE
867,36,399,407,362,399,407,362,399,407,362,8,-37,8,37,FALSE,FALSE
867,37,371,415,363,371,415,363,371,415,363,44,-8,44,8,FALSE,FALSE
867,38,347,412,334,347,412,334,347,412,334,65,-13,65,13,FALSE,FALSE
867,39,320,391,308,320,391,308,320,391,308,71,-12,71,12,FALSE,FALSE
867,40,312,362,289,312,362,289,312,362,289,50,-23,50,23,FALSE,FALSE
867,41,296,355,277,296,355,277,296,355,277,59,-19,59,19,FALSE,FALSE
867,42,283,337,259,283,337,259,283,337,259,54,-24,54,24,FALSE,FALSE
867,43,262,324,239,262,324,239,262,324,239,62,-23,62,23,FALSE,FALSE
867,44,267,313,231,267,313,231,267,313,231,46,-36,46,36,FALSE,FALSE
867,45,258,283,213,258,283,213,258,283,213,25,-45,25,45,FALSE,FALSE
867,46,235,265,201,235,265,201,235,265,201,30,-34,30,34,FALSE,FALSE
867,47,235,255,191,235,255,191,235,255,191,20,-44,20,44,FALSE,FALSE
867,48,235,231,180,235,231,180,235,231,180,-4,-55,4,55,FALSE,FALSE
867,49,210,230,172,210,230,172,210,230,172,20,-38,20,38,FALSE,FALSE
867,50,190,218,165,190,218,165,190,218,165,28,-25,28,25,FALSE,FALSE
867,51,172,206,162,172,206,162,172,206,162,34,-10,34,10,FALSE,FALSE
867,52,153,187,158,153,187,158,153,187,158,34,5,34,5,FALSE,FALSE
867,53,152,170,130,152,170,130,152,170,130,18,-22,18,22,FALSE,FALSE
867,54,141,163,105,141,163,105,141,163,105,22,-36,22,36,FALSE,FALSE
867,55,122,157,102,122,157,102,122,157,102,35,-20,35,20,FALSE,FALSE
867,56,110,155,91,110,155,91,110,155,91,45,-19,45,19,FALSE,FALSE
867,57,96,148,85,96,148,85,96,148,85,52,-11,52,11,FALSE,FALSE
867,58,86,135,78,86,135,78,86,135,78,49,-8,49,8,FALSE,FALSE
867,59,83,130,65,83,130,65,83,130,65,47,-18,47,18,FALSE,FALSE
867,60,84,121,59,84,121,59,84,121,59,37,-25,37,25,FALSE,FALSE
868,0,72,72,72,72,72,72,72,72,72,0,0,0,0,TRUE,TRUE
868,1,100,96,97,100,96,97,100,96,97,-4,-3,4,3,FALSE,FALSE
868,2,116,121,114,116,121,114,116,121,114,5,-2,5,2,FALSE,FALSE
868,3,131,168,140,131,168,140,131,168,140,37,9,37,9,FALSE,FALSE
868,4,153,204,164,153,204,164,153,204,164,51,11,51,11,FALSE,FALSE
868,5,179,272,203,179,272,203,179,272,203,93,24,93,24,FALSE,FALSE
868,6,205,312,238,205,312,238,205,312,238,107,33,107,33,FALSE,FALSE
868,7,267,363,296,267,363,296,267,363,296,96,29,96,29,FALSE,FALSE
868,8,307,463,371,307,463,371,307,463,371,156,64,156,64,FALSE,FALSE
868,9,372,561,447,372,561,447,372,561,447,189,75,189,75,FALSE,FALSE
868,10,444,659,511,444,659,511,444,659,511,215,67,215,67,FALSE,FALSE
868,11,507,772,603,507,772,603,507,772,603,265,96,265,96,FALSE,FALSE
868,12,624,924,736,624,924,736,624,924,736,300,112,300,112,FALSE,FALSE
868,13,735,1096,829,735,1096,829,735,1096,829,361,94,361,94,FALSE,FALSE
868,14,877,1214,919,877,1214,919,877,1214,919,337,42,337,42,FALSE,FALSE
868,15,1023,1343,1041,1023,1343,1041,1023,1343,1041,320,18,320,18,FALSE,FALSE
868,16,1145,1513,1172,1145,1513,1172,1145,1513,1172,368,27,368,27,FALSE,FALSE
868,17,1294,1620,1311,1294,1620,1311,1294,1620,1311,326,17,326,17,FALSE,FALSE
868,18,1414,1782,1460,1414,1782,1460,1414,1782,1460,368,46,368,46,FALSE,FALSE
868,19,1560,1905,1594,1560,1905,1594,1560,1905,1594,345,34,345,34,FALSE,FALSE
868,20,1716,2006,1743,1716,2006,1743,1716,2006,1743,290,27,290,27,FALSE,FALSE
868,21,1827,1986,1813,1827,1986,1813,1827,1986,1813,159,-14,159,14,FALSE,FALSE
868,22,1864,1998,1840,1864,1998,1840,1864,1998,1840,134,-24,134,24,FALSE,FALSE
868,23,1916,1957,1876,1916,1957,1876,1916,1957,1876,41,-40,41,40,FALSE,FALSE
868,24,1937,1905,1845,1937,1905,1845,1937,1905,1845,-32,-92,32,92,FALSE,FALSE
868,25,1885,1902,1821,1885,1902,1821,1885,1902,1821,17,-64,17,64,FALSE,FALSE
868,26,1850,1855,1820,1850,1855,1820,1850,1855,1820,5,-30,5,30,FALSE,FALSE
868,27,1795,1772,1797,1795,1772,1797,1795,1772,1797,-23,2,23,2,FALSE,FALSE
868,28,1722,1684,1730,1722,1684,1730,1722,1684,1730,-38,8,38,8,FALSE,FALSE
868,29,1620,1570,1657,1620,1570,1657,1620,1570,1657,-50,37,50,37,FALSE,FALSE
868,30,1547,1467,1557,1547,1467,1557,1547,1467,1557,-80,10,80,10,FALSE,FALSE
868,31,1452,1340,1512,1452,1340,1512,1452,1340,1512,-112,60,112,60,FALSE,FALSE
868,32,1353,1188,1401,1353,1188,1401,1353,1188,1401,-165,48,165,48,FALSE,FALSE
868,33,1252,1076,1264,1252,1076,1264,1252,1076,1264,-176,12,176,12,FALSE,FALSE
868,34,1144,970,1180,1144,970,1180,1144,970,1180,-174,36,174,36,FALSE,FALSE
868,35,1011,870,1055,1011,870,1055,1011,870,1055,-141,44,141,44,FALSE,FALSE
868,36,918,787,935,918,787,935,918,787,935,-131,17,131,17,FALSE,FALSE
868,37,863,733,852,863,733,852,863,733,852,-130,-11,130,11,FALSE,FALSE
868,38,781,660,768,781,660,768,781,660,768,-121,-13,121,13,FALSE,FALSE
868,39,708,574,667,708,574,667,708,574,667,-134,-41,134,41,FALSE,FALSE
868,40,639,508,579,639,508,579,639,508,579,-131,-60,131,60,FALSE,FALSE
868,41,593,456,508,593,456,508,593,456,508,-137,-85,137,85,FALSE,FALSE
868,42,542,413,464,542,413,464,542,413,464,-129,-78,129,78,FALSE,FALSE
868,43,490,364,413,490,364,413,490,364,413,-126,-77,126,77,FALSE,FALSE
868,44,446,319,372,446,319,372,446,319,372,-127,-74,127,74,FALSE,FALSE
868,45,398,283,324,398,283,324,398,283,324,-115,-74,115,74,FALSE,FALSE
868,46,356,238,287,356,238,287,356,238,287,-118,-69,118,69,FALSE,FALSE
868,47,316,217,253,316,217,253,316,217,253,-99,-63,99,63,FALSE,FALSE
868,48,278,192,227,278,192,227,278,192,227,-86,-51,86,51,FALSE,FALSE
868,49,246,170,205,246,170,205,246,170,205,-76,-41,76,41,FALSE,FALSE
868,50,202,160,181,202,160,181,202,160,181,-42,-21,42,21,FALSE,FALSE
868,51,185,141,161,185,141,161,185,141,161,-44,-24,44,24,FALSE,FALSE
868,52,159,131,148,159,131,148,159,131,148,-28,-11,28,11,FALSE,FALSE
868,53,144,112,135,144,112,135,144,112,135,-32,-9,32,9,FALSE,FALSE
868,54,122,94,106,122,94,106,122,94,106,-28,-16,28,16,FALSE,FALSE
868,55,106,82,105,106,82,105,106,82,105,-24,-1,24,1,FALSE,FALSE
868,56,91,64,97,91,64,97,91,64,97,-27,6,27,6,FALSE,FALSE
868,57,76,57,89,76,57,89,76,57,89,-19,13,19,13,FALSE,FALSE
868,58,64,51,80,64,51,80,64,51,80,-13,16,13,16,FALSE,FALSE
868,59,52,46,72,52,46,72,52,46,72,-6,20,6,20,FALSE,FALSE
868,60,48,36,71,48,36,71,48,36,71,-12,23,12,23,FALSE,FALSE
869,0,107,107,107,107,107,107,107,107,107,0,0,0,0,TRUE,TRUE
869,1,168,196,180,168,196,180,168,196,180,28,12,28,12,FALSE,FALSE
869,2,262,347,304,262,347,304,262,347,304,85,42,85,42,FALSE,FALSE
869,3,431,562,495,431,562,495,431,562,495,131,64,131,64,FALSE,FALSE
869,4,648,913,770,648,913,770,648,913,770,265,122,265,122,FALSE,FALSE
869,5,1012,1382,1163,1012,1382,1163,1012,1382,1163,370,151,370,151,FALSE,FALSE
869,6,1531,1976,1700,1531,1976,1700,1531,1976,1700,445,169,445,169,FALSE,FALSE
869,7,2196,2642,2378,2196,2642,2378,2196,2642,2378,446,182,446,182,FALSE,FALSE
869,8,2852,3230,3027,2852,3230,3027,2852,3230,3027,378,175,378,175,FALSE,FALSE
869,9,3423,3596,3519,3423,3596,3519,3423,3596,3519,173,96,173,96,FALSE,FALSE
869,10,3733,3732,3781,3733,3732,3781,3733,3732,3781,-1,48,1,48,FALSE,FALSE
869,11,3745,3595,3688,3745,3595,3688,3745,3595,3688,-150,-57,150,57,FALSE,FALSE
869,12,3530,3336,3384,3530,3336,3384,3530,3336,3384,-194,-146,194,146,FALSE,FALSE
869,13,3172,2957,3024,3172,2957,3024,3172,2957,3024,-215,-148,215,148,FALSE,FALSE
869,14,2794,2603,2637,2794,2603,2637,2794,2603,2637,-191,-157,191,157,FALSE,FALSE
869,15,2414,2235,2271,2414,2235,2271,2414,2235,2271,-179,-143,179,143,FALSE,FALSE
869,16,2053,1869,1933,2053,1869,1933,2053,1869,1933,-184,-120,184,120,FALSE,FALSE
869,17,1720,1594,1669,1720,1594,1669,1720,1594,1669,-126,-51,126,51,FALSE,FALSE
869,18,1434,1338,1374,1434,1338,1374,1434,1338,1374,-96,-60,96,60,FALSE,FALSE
869,19,1206,1117,1120,1206,1117,1120,1206,1117,1120,-89,-86,89,86,FALSE,FALSE
869,20,1000,926,914,1000,926,914,1000,926,914,-74,-86,74,86,FALSE,FALSE
869,21,847,750,757,847,750,757,847,750,757,-97,-90,97,90,FALSE,FALSE
869,22,691,624,631,691,624,631,691,624,631,-67,-60,67,60,FALSE,FALSE
869,23,587,517,517,587,517,517,587,517,517,-70,-70,70,70,FALSE,FALSE
869,24,458,426,438,458,426,438,458,426,438,-32,-20,32,20,FALSE,FALSE
869,25,373,357,359,373,357,359,373,357,359,-16,-14,16,14,FALSE,FALSE
869,26,297,291,290,297,291,290,297,291,290,-6,-7,6,7,FALSE,FALSE
869,27,245,231,252,245,231,252,245,231,252,-14,7,14,7,FALSE,FALSE
869,28,198,194,203,198,194,203,198,194,203,-4,5,4,5,FALSE,FALSE
869,29,167,158,165,167,158,165,167,158,165,-9,-2,9,2,FALSE,FALSE
869,30,133,127,136,133,127,136,133,127,136,-6,3,6,3,FALSE,FALSE
869,31,111,113,106,111,113,106,111,113,106,2,-5,2,5,FALSE,FALSE
869,32,88,102,88,88,102,88,88,102,88,14,0,14,0,FALSE,TRUE
869,33,73,90,71,73,90,71,73,90,71,17,-2,17,2,FALSE,FALSE
869,34,63,69,58,63,69,58,63,69,58,6,-5,6,5,FALSE,FALSE
869,35,49,57,50,49,57,50,49,57,50,8,1,8,1,FALSE,FALSE
869,36,36,46,37,36,46,37,36,46,37,10,1,10,1,FALSE,FALSE
869,37,31,41,31,31,41,31,31,41,31,10,0,10,0,FALSE,TRUE
869,38,24,34,25,24,34,25,24,34,25,10,1,10,1,FALSE,FALSE
869,39,19,23,20,19,23,20,19,23,20,4,1,4,1,FALSE,FALSE
869,40,14,22,20,14,22,20,14,22,20,8,6,8,6,FALSE,FALSE
869,41,13,19,16,13,19,16,13,19,16,6,3,6,3,FALSE,FALSE
869,42,10,17,15,10,17,15,10,17,15,7,5,7,5,FALSE,FALSE
869,43,9,12,11,9,12,11,9,12,11,3,2,3,2,FALSE,FALSE
869,44,6,10,9,6,10,9,6,10,9,4,3,4,3,FALSE,FALSE
869,45,4,7,8,4,7,8,4,7,8,3,4,3,4,FALSE,FALSE
869,46,4,6,8,4,6,8,4,6,8,2,4,2,4,FALSE,FALSE
869,47,4,4,9,4,4,9,4,4,9,0,5,0,5,TRUE,FALSE
869,48,4,4,9,4,4,9,4,4,9,0,5,0,5,TRUE,FALSE
869,49,3,2,9,3,2,9,3,2,9,-1,6,1,6,FALSE,FALSE
869,50,3,2,6,3,2,6,3,2,6,-1,3,1,3,FALSE,FALSE
869,51,1,3,6,1,3,6,1,3,6,2,5,2,5,FALSE,FALSE
869,52,1,2,4,1,2,4,1,2,4,1,3,1,3,FALSE,FALSE
869,53,1,1,4,1,1,4,1,1,4,0,3,0,3,TRUE,FALSE
869,54,1,1,4,1,1,4,1,1,4,0,3,0,3,TRUE,FALSE
869,55,1,1,2,1,1,2,1,1,2,0,1,0,1,TRUE,FALSE
869,56,1,1,2,1,1,2,1,1,2,0,1,0,1,TRUE,FALSE
869,57,1,1,2,1,1,2,1,1,2,0,1,0,1,TRUE,FALSE
869,58,0,1,2,0,1,2,0,1,2,1,2,1,2,FALSE,FALSE
869,59,0,1,2,0,1,2,0,1,2,1,2,1,2,FALSE,FALSE
869,60,0,1,1,0,1,1,0,1,1,1,1,1,1,FALSE,FALSE
870,0,98,98,98,98,98,98,98,98,98,0,0,0,0,TRUE,TRUE
870,1,159,131,133,159,131,133,159,131,133,-28,-26,28,26,FALSE,FALSE
870,2,251,198,185,251,198,185,251,198,185,-53,-66,53,66,FALSE,FALSE
870,3,334,288,281,334,288,281,334,288,281,-46,-53,46,53,FALSE,FALSE
870,4,438,434,398,438,434,398,438,434,398,-4,-40,4,40,FALSE,FALSE
870,5,637,599,557,637,599,557,637,599,557,-38,-80,38,80,FALSE,FALSE
870,6,857,847,775,857,847,775,857,847,775,-10,-82,10,82,FALSE,FALSE
870,7,1181,1151,1051,1181,1151,1051,1181,1151,1051,-30,-130,30,130,FALSE,FALSE
870,8,1560,1523,1409,1560,1523,1409,1560,1523,1409,-37,-151,37,151,FALSE,FALSE
870,9,2036,1943,1787,2036,1943,1787,2036,1943,1787,-93,-249,93,249,FALSE,FALSE
870,10,2519,2447,2288,2519,2447,2288,2519,2447,2288,-72,-231,72,231,FALSE,FALSE
870,11,3019,2969,2808,3019,2969,2808,3019,2969,2808,-50,-211,50,211,FALSE,FALSE
870,12,3450,3423,3291,3450,3423,3291,3450,3423,3291,-27,-159,27,159,FALSE,FALSE
870,13,3848,3810,3750,3848,3810,3750,3848,3810,3750,-38,-98,38,98,FALSE,FALSE
870,14,4074,4085,4115,4074,4085,4115,4074,4085,4115,11,41,11,41,FALSE,FALSE
870,15,4185,4232,4261,4185,4232,4261,4185,4232,4261,47,76,47,76,FALSE,FALSE
870,16,4189,4190,4318,4189,4190,4318,4189,4190,4318,1,129,1,129,FALSE,FALSE
870,17,4124,4099,4249,4124,4099,4249,4124,4099,4249,-25,125,25,125,FALSE,FALSE
870,18,3935,3937,4071,3935,3937,4071,3935,3937,4071,2,136,2,136,FALSE,FALSE
870,19,3719,3731,3829,3719,3731,3829,3719,3731,3829,12,110,12,110,FALSE,FALSE
870,20,3473,3541,3622,3473,3541,3622,3473,3541,3622,68,149,68,149,FALSE,FALSE
870,21,3205,3283,3355,3205,3283,3355,3205,3283,3355,78,150,78,150,FALSE,FALSE
870,22,2968,3020,3090,2968,3020,3090,2968,3020,3090,52,122,52,122,FALSE,FALSE
870,23,2724,2754,2831,2724,2754,2831,2724,2754,2831,30,107,30,107,FALSE,FALSE
870,24,2479,2538,2609,2479,2538,2609,2479,2538,2609,59,130,59,130,FALSE,FALSE
870,25,2225,2290,2376,2225,2290,2376,2225,2290,2376,65,151,65,151,FALSE,FALSE
870,26,1994,2059,2160,1994,2059,2160,1994,2059,2160,65,166,65,166,FALSE,FALSE
870,27,1814,1850,1976,1814,1850,1976,1814,1850,1976,36,162,36,162,FALSE,FALSE
870,28,1632,1662,1783,1632,1662,1783,1632,1662,1783,30,151,30,151,FALSE,FALSE
870,29,1463,1516,1610,1463,1516,1610,1463,1516,1610,53,147,53,147,FALSE,FALSE
870,30,1307,1359,1451,1307,1359,1451,1307,1359,1451,52,144,52,144,FALSE,FALSE
870,31,1174,1209,1295,1174,1209,1295,1174,1209,1295,35,121,35,121,FALSE,FALSE
870,32,1068,1090,1154,1068,1090,1154,1068,1090,1154,22,86,22,86,FALSE,FALSE
870,33,931,987,1029,931,987,1029,931,987,1029,56,98,56,98,FALSE,FALSE
870,34,849,880,919,849,880,919,849,880,919,31,70,31,70,FALSE,FALSE
870,35,765,783,828,765,783,828,765,783,828,18,63,18,63,FALSE,FALSE
870,36,697,719,741,697,719,741,697,719,741,22,44,22,44,FALSE,FALSE
870,37,612,630,663,612,630,663,612,630,663,18,51,18,51,FALSE,FALSE
870,38,544,570,601,544,570,601,544,570,601,26,57,26,57,FALSE,FALSE
870,39,482,503,525,482,503,525,482,503,525,21,43,21,43,FALSE,FALSE
870,40,423,441,465,423,441,465,423,441,465,18,42,18,42,FALSE,FALSE
870,41,374,396,418,374,396,418,374,396,418,22,44,22,44,FALSE,FALSE
870,42,329,356,380,329,356,380,329,356,380,27,51,27,51,FALSE,FALSE
870,43,285,318,342,285,318,342,285,318,342,33,57,33,57,FALSE,FALSE
870,44,253,284,302,253,284,302,253,284,302,31,49,31,49,FALSE,FALSE
870,45,228,254,267,228,254,267,228,254,267,26,39,26,39,FALSE,FALSE
870,46,199,220,243,199,220,243,199,220,243,21,44,21,44,FALSE,FALSE
870,47,170,203,216,170,203,216,170,203,216,33,46,33,46,FALSE,FALSE
870,48,149,179,191,149,179,191,149,179,191,30,42,30,42,FALSE,FALSE
870,49,133,165,168,133,165,168,133,165,168,32,35,32,35,FALSE,FALSE
870,50,110,147,150,110,147,150,110,147,150,37,40,37,40,FALSE,FALSE
870,51,100,136,129,100,136,129,100,136,129,36,29,36,29,FALSE,FALSE
870,52,87,115,112,87,115,112,87,115,112,28,25,28,25,FALSE,FALSE
870,53,77,107,95,77,107,95,77,107,95,30,18,30,18,FALSE,FALSE
870,54,64,95,81,64,95,81,64,95,81,31,17,31,17,FALSE,FALSE
870,55,60,82,72,60,82,72,60,82,72,22,12,22,12,FALSE,FALSE
870,56,53,76,69,53,76,69,53,76,69,23,16,23,16,FALSE,FALSE
870,57,46,68,58,46,68,58,46,68,58,22,12,22,12,FALSE,FALSE
870,58,38,65,46,38,65,46,38,65,46,27,8,27,8,FALSE,FALSE
870,59,36,52,42,36,52,42,36,52,42,16,6,16,6,FALSE,FALSE
870,60,34,47,39,34,47,39,34,47,39,13,5,13,5,FALSE,FALSE
871,0,130,130,130,130,130,130,130,130,130,0,0,0,0,TRUE,TRUE
871,1,130,134,134,130,134,134,130,134,134,4,4,4,4,FALSE,FALSE
871,2,142,135,143,142,135,143,142,135,143,-7,1,7,1,FALSE,FALSE
871,3,140,139,158,140,139,158,140,139,158,-1,18,1,18,FALSE,FALSE
871,4,141,135,157,141,135,157,141,135,157,-6,16,6,16,FALSE,FALSE
871,5,141,147,164,141,147,164,141,147,164,6,23,6,23,FALSE,FALSE
871,6,150,169,167,150,169,167,150,169,167,19,17,19,17,FALSE,FALSE
871,7,156,176,182,156,176,182,156,176,182,20,26,20,26,FALSE,FALSE
871,8,169,182,200,169,182,200,169,182,200,13,31,13,31,FALSE,FALSE
871,9,174,194,213,174,194,213,174,194,213,20,39,20,39,FALSE,FALSE
871,10,175,211,213,175,211,213,175,211,213,36,38,36,38,FALSE,FALSE
871,11,173,215,222,173,215,222,173,215,222,42,49,42,49,FALSE,FALSE
871,12,174,233,238,174,233,238,174,233,238,59,64,59,64,FALSE,FALSE
871,13,180,238,251,180,238,251,180,238,251,58,71,58,71,FALSE,FALSE
871,14,197,254,270,197,254,270,197,254,270,57,73,57,73,FALSE,FALSE
871,15,211,254,293,211,254,293,211,254,293,43,82,43,82,FALSE,FALSE
871,16,217,284,312,217,284,312,217,284,312,67,95,67,95,FALSE,FALSE
871,17,231,285,326,231,285,326,231,285,326,54,95,54,95,FALSE,FALSE
871,18,245,279,345,245,279,345,245,279,345,34,100,34,100,FALSE,FALSE
871,19,260,295,367,260,295,367,260,295,367,35,107,35,107,FALSE,FALSE
871,20,267,327,394,267,327,394,267,327,394,60,127,60,127,FALSE,FALSE
871,21,287,340,417,287,340,417,287,340,417,53,130,53,130,FALSE,FALSE
871,22,312,355,437,312,355,437,312,355,437,43,125,43,125,FALSE,FALSE
871,23,325,380,453,325,380,453,325,380,453,55,128,55,128,FALSE,FALSE
871,24,332,373,466,332,373,466,332,373,466,41,134,41,134,FALSE,FALSE
871,25,345,401,461,345,401,461,345,401,461,56,116,56,116,FALSE,FALSE
871,26,353,425,470,353,425,470,353,425,470,72,117,72,117,FALSE,FALSE
871,27,364,467,478,364,467,478,364,467,478,103,114,103,114,FALSE,FALSE
871,28,385,480,499,385,480,499,385,480,499,95,114,95,114,FALSE,FALSE
871,29,402,506,519,402,506,519,402,506,519,104,117,104,117,FALSE,FALSE
871,30,420,516,531,420,516,531,420,516,531,96,111,96,111,FALSE,FALSE
871,31,429,540,551,429,540,551,429,540,551,111,122,111,122,FALSE,FALSE
871,32,446,558,558,446,558,558,446,558,558,112,112,112,112,FALSE,FALSE
871,33,448,586,596,448,586,596,448,586,596,138,148,138,148,FALSE,FALSE
871,34,464,585,599,464,585,599,464,585,599,121,135,121,135,FALSE,FALSE
871,35,488,587,632,488,587,632,488,587,632,99,144,99,144,FALSE,FALSE
871,36,500,588,642,500,588,642,500,588,642,88,142,88,142,FALSE,FALSE
871,37,499,614,671,499,614,671,499,614,671,115,172,115,172,FALSE,FALSE
871,38,507,640,676,507,640,676,507,640,676,133,169,133,169,FALSE,FALSE
871,39,511,643,687,511,643,687,511,643,687,132,176,132,176,FALSE,FALSE
871,40,523,647,711,523,647,711,523,647,711,124,188,124,188,FALSE,FALSE
871,41,546,662,734,546,662,734,546,662,734,116,188,116,188,FALSE,FALSE
871,42,554,680,747,554,680,747,554,680,747,126,193,126,193,FALSE,FALSE
871,43,566,718,776,566,718,776,566,718,776,152,210,152,210,FALSE,FALSE
871,44,573,733,788,573,733,788,573,733,788,160,215,160,215,FALSE,FALSE
871,45,568,748,815,568,748,815,568,748,815,180,247,180,247,FALSE,FALSE
871,46,554,742,853,554,742,853,554,742,853,188,299,188,299,FALSE,FALSE
871,47,568,738,867,568,738,867,568,738,867,170,299,170,299,FALSE,FALSE
871,48,576,736,886,576,736,886,576,736,886,160,310,160,310,FALSE,FALSE
871,49,588,750,897,588,750,897,588,750,897,162,309,162,309,FALSE,FALSE
871,50,602,735,921,602,735,921,602,735,921,133,319,133,319,FALSE,FALSE
871,51,601,704,936,601,704,936,601,704,936,103,335,103,335,FALSE,FALSE
871,52,607,713,947,607,713,947,607,713,947,106,340,106,340,FALSE,FALSE
871,53,621,713,948,621,713,948,621,713,948,92,327,92,327,FALSE,FALSE
871,54,638,705,964,638,705,964,638,705,964,67,326,67,326,FALSE,FALSE
871,55,642,690,968,642,690,968,642,690,968,48,326,48,326,FALSE,FALSE
871,56,638,677,958,638,677,958,638,677,958,39,320,39,320,FALSE,FALSE
871,57,650,677,968,650,677,968,650,677,968,27,318,27,318,FALSE,FALSE
871,58,659,668,991,659,668,991,659,668,991,9,332,9,332,FALSE,FALSE
871,59,679,664,993,679,664,993,679,664,993,-15,314,15,314,FALSE,FALSE
871,60,704,644,990,704,644,990,704,644,990,-60,286,60,286,FALSE,FALSE
872,0,64,64,64,64,64,64,64,64,64,0,0,0,0,TRUE,TRUE
872,1,79,77,69,79,77,69,79,77,69,-2,-10,2,10,FALSE,FALSE
872,2,94,92,77,94,92,77,94,92,77,-2,-17,2,17,FALSE,FALSE
872,3,112,110,93,112,110,93,112,110,93,-2,-19,2,19,FALSE,FALSE
872,4,121,121,102,121,121,102,121,121,102,0,-19,0,19,TRUE,FALSE
872,5,134,142,116,134,142,116,134,142,116,8,-18,8,18,FALSE,FALSE
872,6,163,157,120,163,157,120,163,157,120,-6,-43,6,43,FALSE,FALSE
872,7,171,174,137,171,174,137,171,174,137,3,-34,3,34,FALSE,FALSE
872,8,188,192,159,188,192,159,188,192,159,4,-29,4,29,FALSE,FALSE
872,9,216,206,176,216,206,176,216,206,176,-10,-40,10,40,FALSE,FALSE
872,10,239,257,187,239,257,187,239,257,187,18,-52,18,52,FALSE,FALSE
872,11,266,288,203,266,288,203,266,288,203,22,-63,22,63,FALSE,FALSE
872,12,302,335,248,302,335,248,302,335,248,33,-54,33,54,FALSE,FALSE
872,13,353,363,277,353,363,277,353,363,277,10,-76,10,76,FALSE,FALSE
872,14,411,405,311,411,405,311,411,405,311,-6,-100,6,100,FALSE,FALSE
872,15,455,457,361,455,457,361,455,457,361,2,-94,2,94,FALSE,FALSE
872,16,503,499,407,503,499,407,503,499,407,-4,-96,4,96,FALSE,FALSE
872,17,561,563,453,561,563,453,561,563,453,2,-108,2,108,FALSE,FALSE
872,18,636,618,511,636,618,511,636,618,511,-18,-125,18,125,FALSE,FALSE
872,19,706,666,569,706,666,569,706,666,569,-40,-137,40,137,FALSE,FALSE
872,20,781,713,615,781,713,615,781,713,615,-68,-166,68,166,FALSE,FALSE
872,21,853,777,670,853,777,670,853,777,670,-76,-183,76,183,FALSE,FALSE
872,22,942,839,714,942,839,714,942,839,714,-103,-228,103,228,FALSE,FALSE
872,23,1008,908,747,1008,908,747,1008,908,747,-100,-261,100,261,FALSE,FALSE
872,24,1082,956,815,1082,956,815,1082,956,815,-126,-267,126,267,FALSE,FALSE
872,25,1188,1037,872,1188,1037,872,1188,1037,872,-151,-316,151,316,FALSE,FALSE
872,26,1266,1099,942,1266,1099,942,1266,1099,942,-167,-324,167,324,FALSE,FALSE
872,27,1320,1167,1005,1320,1167,1005,1320,1167,1005,-153,-315,153,315,FALSE,FALSE
872,28,1371,1236,1080,1371,1236,1080,1371,1236,1080,-135,-291,135,291,FALSE,FALSE
872,29,1413,1262,1172,1413,1262,1172,1413,1262,1172,-151,-241,151,241,FALSE,FALSE
872,30,1465,1303,1260,1465,1303,1260,1465,1303,1260,-162,-205,162,205,FALSE,FALSE
872,31,1513,1314,1285,1513,1314,1285,1513,1314,1285,-199,-228,199,228,FALSE,FALSE
872,32,1548,1358,1335,1548,1358,1335,1548,1358,1335,-190,-213,190,213,FALSE,FALSE
872,33,1542,1393,1369,1542,1393,1369,1542,1393,1369,-149,-173,149,173,FALSE,FALSE
872,34,1557,1447,1417,1557,1447,1417,1557,1447,1417,-110,-140,110,140,FALSE,FALSE
872,35,1553,1482,1439,1553,1482,1439,1553,1482,1439,-71,-114,71,114,FALSE,FALSE
872,36,1538,1481,1460,1538,1481,1460,1538,1481,1460,-57,-78,57,78,FALSE,FALSE
872,37,1519,1471,1454,1519,1471,1454,1519,1471,1454,-48,-65,48,65,FALSE,FALSE
872,38,1475,1452,1472,1475,1452,1472,1475,1452,1472,-23,-3,23,3,FALSE,FALSE
872,39,1456,1425,1457,1456,1425,1457,1456,1425,1457,-31,1,31,1,FALSE,FALSE
872,40,1405,1401,1440,1405,1401,1440,1405,1401,1440,-4,35,4,35,FALSE,FALSE
872,41,1364,1381,1397,1364,1381,1397,1364,1381,1397,17,33,17,33,FALSE,FALSE
872,42,1320,1334,1351,1320,1334,1351,1320,1334,1351,14,31,14,31,FALSE,FALSE
872,43,1268,1289,1302,1268,1289,1302,1268,1289,1302,21,34,21,34,FALSE,FALSE
872,44,1186,1258,1258,1186,1258,1258,1186,1258,1258,72,72,72,72,FALSE,FALSE
872,45,1097,1221,1218,1097,1221,1218,1097,1221,1218,124,121,124,121,FALSE,FALSE
872,46,1049,1178,1193,1049,1178,1193,1049,1178,1193,129,144,129,144,FALSE,FALSE
872,47,983,1098,1121,983,1098,1121,983,1098,1121,115,138,115,138,FALSE,FALSE
872,48,947,1073,1072,947,1073,1072,947,1073,1072,126,125,126,125,FALSE,FALSE
872,49,883,1029,1017,883,1029,1017,883,1029,1017,146,134,146,134,FALSE,FALSE
872,50,821,973,961,821,973,961,821,973,961,152,140,152,140,FALSE,FALSE
872,51,768,927,924,768,927,924,768,927,924,159,156,159,156,FALSE,FALSE
872,52,715,865,887,715,865,887,715,865,887,150,172,150,172,FALSE,FALSE
872,53,674,817,848,674,817,848,674,817,848,143,174,143,174,FALSE,FALSE
872,54,627,774,799,627,774,799,627,774,799,147,172,147,172,FALSE,FALSE
872,55,574,733,750,574,733,750,574,733,750,159,176,159,176,FALSE,FALSE
872,56,563,704,691,563,704,691,563,704,691,141,128,141,128,FALSE,FALSE
872,57,524,671,639,524,671,639,524,671,639,147,115,147,115,FALSE,FALSE
872,58,482,631,580,482,631,580,482,631,580,149,98,149,98,FALSE,FALSE
872,59,444,589,560,444,589,560,444,589,560,145,116,145,116,FALSE,FALSE
872,60,413,566,526,413,566,526,413,566,526,153,113,153,113,FALSE,FALSE
873,0,159,159,159,159,159,159,159,159,159,0,0,0,0,TRUE,TRUE
873,1,194,185,221,194,185,221,194,185,221,-9,27,9,27,FALSE,FALSE
873,2,240,242,274,240,242,274,240,242,274,2,34,2,34,FALSE,FALSE
873,3,325,292,326,325,292,326,325,292,326,-33,1,33,1,FALSE,FALSE
873,4,404,342,400,404,342,400,404,342,400,-62,-4,62,4,FALSE,FALSE
873,5,492,421,504,492,421,504,492,421,504,-71,12,71,12,FALSE,FALSE
873,6,605,504,604,605,504,604,605,504,604,-101,-1,101,1,FALSE,FALSE
873,7,751,587,728,751,587,728,751,587,728,-164,-23,164,23,FALSE,FALSE
873,8,855,681,859,855,681,859,855,681,859,-174,4,174,4,FALSE,FALSE
873,9,988,778,1043,988,778,1043,988,778,1043,-210,55,210,55,FALSE,FALSE
873,10,1161,902,1198,1161,902,1198,1161,902,1198,-259,37,259,37,FALSE,FALSE
873,11,1343,1009,1364,1343,1009,1364,1343,1009,1364,-334,21,334,21,FALSE,FALSE
873,12,1519,1151,1560,1519,1151,1560,1519,1151,1560,-368,41,368,41,FALSE,FALSE
873,13,1657,1304,1762,1657,1304,1762,1657,1304,1762,-353,105,353,105,FALSE,FALSE
873,14,1821,1443,1943,1821,1443,1943,1821,1443,1943,-378,122,378,122,FALSE,FALSE
873,15,1979,1545,2082,1979,1545,2082,1979,1545,2082,-434,103,434,103,FALSE,FALSE
873,16,2099,1706,2211,2099,1706,2211,2099,1706,2211,-393,112,393,112,FALSE,FALSE
873,17,2188,1805,2268,2188,1805,2268,2188,1805,2268,-383,80,383,80,FALSE,FALSE
873,18,2264,1919,2342,2264,1919,2342,2264,1919,2342,-345,78,345,78,FALSE,FALSE
873,19,2276,2037,2399,2276,2037,2399,2276,2037,2399,-239,123,239,123,FALSE,FALSE
873,20,2227,2060,2348,2227,2060,2348,2227,2060,2348,-167,121,167,121,FALSE,FALSE
873,21,2182,2082,2328,2182,2082,2328,2182,2082,2328,-100,146,100,146,FALSE,FALSE
873,22,2068,2122,2261,2068,2122,2261,2068,2122,2261,54,193,54,193,FALSE,FALSE
873,23,1993,2106,2158,1993,2106,2158,1993,2106,2158,113,165,113,165,FALSE,FALSE
873,24,1866,2059,2048,1866,2059,2048,1866,2059,2048,193,182,193,182,FALSE,FALSE
873,25,1773,1959,1903,1773,1959,1903,1773,1959,1903,186,130,186,130,FALSE,FALSE
873,26,1689,1895,1738,1689,1895,1738,1689,1895,1738,206,49,206,49,FALSE,FALSE
873,27,1563,1814,1575,1563,1814,1575,1563,1814,1575,251,12,251,12,FALSE,FALSE
873,28,1457,1711,1448,1457,1711,1448,1457,1711,1448,254,-9,254,9,FALSE,FALSE
873,29,1373,1619,1320,1373,1619,1320,1373,1619,1320,246,-53,246,53,FALSE,FALSE
873,30,1242,1518,1196,1242,1518,1196,1242,1518,1196,276,-46,276,46,FALSE,FALSE
873,31,1130,1402,1104,1130,1402,1104,1130,1402,1104,272,-26,272,26,FALSE,FALSE
873,32,1037,1287,989,1037,1287,989,1037,1287,989,250,-48,250,48,FALSE,FALSE
873,33,927,1189,894,927,1189,894,927,1189,894,262,-33,262,33,FALSE,FALSE
873,34,857,1078,814,857,1078,814,857,1078,814,221,-43,221,43,FALSE,FALSE
873,35,777,1002,719,777,1002,719,777,1002,719,225,-58,225,58,FALSE,FALSE
873,36,700,917,660,700,917,660,700,917,660,217,-40,217,40,FALSE,FALSE
873,37,642,856,583,642,856,583,642,856,583,214,-59,214,59,FALSE,FALSE
873,38,579,776,528,579,776,528,579,776,528,197,-51,197,51,FALSE,FALSE
873,39,522,720,478,522,720,478,522,720,478,198,-44,198,44,FALSE,FALSE
873,40,475,644,434,475,644,434,475,644,434,169,-41,169,41,FALSE,FALSE
873,41,432,579,382,432,579,382,432,579,382,147,-50,147,50,FALSE,FALSE
873,42,400,550,343,400,550,343,400,550,343,150,-57,150,57,FALSE,FALSE
873,43,359,481,307,359,481,307,359,481,307,122,-52,122,52,FALSE,FALSE
873,44,308,432,266,308,432,266,308,432,266,124,-42,124,42,FALSE,FALSE
873,45,277,407,238,277,407,238,277,407,238,130,-39,130,39,FALSE,FALSE
873,46,236,353,209,236,353,209,236,353,209,117,-27,117,27,FALSE,FALSE
873,47,215,326,186,215,326,186,215,326,186,111,-29,111,29,FALSE,FALSE
873,48,192,304,164,192,304,164,192,304,164,112,-28,112,28,FALSE,FALSE
873,49,177,272,141,177,272,141,177,272,141,95,-36,95,36,FALSE,FALSE
873,50,145,243,125,145,243,125,145,243,125,98,-20,98,20,FALSE,FALSE
873,51,132,217,114,132,217,114,132,217,114,85,-18,85,18,FALSE,FALSE
873,52,120,200,99,120,200,99,120,200,99,80,-21,80,21,FALSE,FALSE
873,53,99,173,88,99,173,88,99,173,88,74,-11,74,11,FALSE,FALSE
873,54,82,161,79,82,161,79,82,161,79,79,-3,79,3,FALSE,FALSE
873,55,73,147,73,73,147,73,73,147,73,74,0,74,0,FALSE,TRUE
873,56,62,132,67,62,132,67,62,132,67,70,5,70,5,FALSE,FALSE
873,57,53,109,60,53,109,60,53,109,60,56,7,56,7,FALSE,FALSE
873,58,42,105,50,42,105,50,42,105,50,63,8,63,8,FALSE,FALSE
873,59,36,99,44,36,99,44,36,99,44,63,8,63,8,FALSE,FALSE
873,60,31,84,39,31,84,39,31,84,39,53,8,53,8,FALSE,FALSE
874,0,92,92,92,92,92,92,92,92,92,0,0,0,0,TRUE,TRUE
874,1,104,100,95,104,100,95,104,100,95,-4,-9,4,9,FALSE,FALSE
874,2,114,105,94,114,105,94,114,105,94,-9,-20,9,20,FALSE,FALSE
874,3,111,113,93,111,113,93,111,113,93,2,-18,2,18,FALSE,FALSE
874,4,129,110,98,129,110,98,129,110,98,-19,-31,19,31,FALSE,FALSE
874,5,141,124,99,141,124,99,141,124,99,-17,-42,17,42,FALSE,FALSE
874,6,148,149,108,148,149,108,148,149,108,1,-40,1,40,FALSE,FALSE
874,7,156,178,113,156,178,113,156,178,113,22,-43,22,43,FALSE,FALSE
874,8,173,187,118,173,187,118,173,187,118,14,-55,14,55,FALSE,FALSE
874,9,197,194,127,197,194,127,197,194,127,-3,-70,3,70,FALSE,FALSE
874,10,203,216,136,203,216,136,203,216,136,13,-67,13,67,FALSE,FALSE
874,11,213,243,137,213,243,137,213,243,137,30,-76,30,76,FALSE,FALSE
874,12,227,262,151,227,262,151,227,262,151,35,-76,35,76,FALSE,FALSE
874,13,236,272,157,236,272,157,236,272,157,36,-79,36,79,FALSE,FALSE
874,14,266,304,185,266,304,185,266,304,185,38,-81,38,81,FALSE,FALSE
874,15,301,338,202,301,338,202,301,338,202,37,-99,37,99,FALSE,FALSE
874,16,338,372,218,338,372,218,338,372,218,34,-120,34,120,FALSE,FALSE
874,17,360,406,220,360,406,220,360,406,220,46,-140,46,140,FALSE,FALSE
874,18,399,409,218,399,409,218,399,409,218,10,-181,10,181,FALSE,FALSE
874,19,415,429,234,415,429,234,415,429,234,14,-181,14,181,FALSE,FALSE
874,20,435,428,255,435,428,255,435,428,255,-7,-180,7,180,FALSE,FALSE
874,21,446,461,253,446,461,253,446,461,253,15,-193,15,193,FALSE,FALSE
874,22,479,464,260,479,464,260,479,464,260,-15,-219,15,219,FALSE,FALSE
874,23,485,474,273,485,474,273,485,474,273,-11,-212,11,212,FALSE,FALSE
874,24,502,485,267,502,485,267,502,485,267,-17,-235,17,235,FALSE,FALSE
874,25,495,503,252,495,503,252,495,503,252,8,-243,8,243,FALSE,FALSE
874,26,518,514,248,518,514,248,518,514,248,-4,-270,4,270,FALSE,FALSE
874,27,522,538,249,522,538,249,522,538,249,16,-273,16,273,FALSE,FALSE
874,28,535,537,250,535,537,250,535,537,250,2,-285,2,285,FALSE,FALSE
874,29,540,553,254,540,553,254,540,553,254,13,-286,13,286,FALSE,FALSE
874,30,553,578,249,553,578,249,553,578,249,25,-304,25,304,FALSE,FALSE
874,31,566,566,239,566,566,239,566,566,239,0,-327,0,327,TRUE,FALSE
874,32,553,557,262,553,557,262,553,557,262,4,-291,4,291,FALSE,FALSE
874,33,532,577,269,532,577,269,532,577,269,45,-263,45,263,FALSE,FALSE
874,34,537,563,274,537,563,274,537,563,274,26,-263,26,263,FALSE,FALSE
874,35,496,553,267,496,553,267,496,553,267,57,-229,57,229,FALSE,FALSE
874,36,478,520,270,478,520,270,478,520,270,42,-208,42,208,FALSE,FALSE
874,37,480,507,290,480,507,290,480,507,290,27,-190,27,190,FALSE,FALSE
874,38,458,488,288,458,488,288,458,488,288,30,-170,30,170,FALSE,FALSE
874,39,433,462,293,433,462,293,433,462,293,29,-140,29,140,FALSE,FALSE
874,40,434,458,298,434,458,298,434,458,298,24,-136,24,136,FALSE,FALSE
874,41,437,465,313,437,465,313,437,465,313,28,-124,28,124,FALSE,FALSE
874,42,420,446,319,420,446,319,420,446,319,26,-101,26,101,FALSE,FALSE
874,43,401,420,318,401,420,318,401,420,318,19,-83,19,83,FALSE,FALSE
874,44,385,394,309,385,394,309,385,394,309,9,-76,9,76,FALSE,FALSE
874,45,365,375,308,365,375,308,365,375,308,10,-57,10,57,FALSE,FALSE
874,46,345,350,308,345,350,308,345,350,308,5,-37,5,37,FALSE,FALSE
874,47,330,337,325,330,337,325,330,337,325,7,-5,7,5,FALSE,FALSE
874,48,330,326,309,330,326,309,330,326,309,-4,-21,4,21,FALSE,FALSE
874,49,329,290,321,329,290,321,329,290,321,-39,-8,39,8,FALSE,FALSE
874,50,318,277,313,318,277,313,318,277,313,-41,-5,41,5,FALSE,FALSE
874,51,302,257,300,302,257,300,302,257,300,-45,-2,45,2,FALSE,FALSE
874,52,283,225,287,283,225,287,283,225,287,-58,4,58,4,FALSE,FALSE
874,53,264,214,287,264,214,287,264,214,287,-50,23,50,23,FALSE,FALSE
874,54,240,191,300,240,191,300,240,191,300,-49,60,49,60,FALSE,FALSE
874,55,227,185,285,227,185,285,227,185,285,-42,58,42,58,FALSE,FALSE
874,56,218,184,273,218,184,273,218,184,273,-34,55,34,55,FALSE,FALSE
874,57,211,173,272,211,173,272,211,173,272,-38,61,38,61,FALSE,FALSE
874,58,201,157,276,201,157,276,201,157,276,-44,75,44,75,FALSE,FALSE
874,59,181,152,278,181,152,278,181,152,278,-29,97,29,97,FALSE,FALSE
874,60,160,140,277,160,140,277,160,140,277,-20,117,20,117,FALSE,FALSE
875,0,51,51,51,51,51,51,51,51,51,0,0,0,0,TRUE,TRUE
875,1,55,52,61,55,52,61,55,52,61,-3,6,3,6,FALSE,FALSE
875,2,64,60,67,64,60,67,64,60,67,-4,3,4,3,FALSE,FALSE
875,3,74,64,81,74,64,81,74,64,81,-10,7,10,7,FALSE,FALSE
875,4,93,85,94,93,85,94,93,85,94,-8,1,8,1,FALSE,FALSE
875,5,115,94,89,115,94,89,115,94,89,-21,-26,21,26,FALSE,FALSE
875,6,128,113,96,128,113,96,128,113,96,-15,-32,15,32,FALSE,FALSE
875,7,139,129,104,139,129,104,139,129,104,-10,-35,10,35,FALSE,FALSE
875,8,161,167,118,161,167,118,161,167,118,6,-43,6,43,FALSE,FALSE
875,9,168,192,127,168,192,127,168,192,127,24,-41,24,41,FALSE,FALSE
875,10,199,225,151,199,225,151,199,225,151,26,-48,26,48,FALSE,FALSE
875,11,230,277,193,230,277,193,230,277,193,47,-37,47,37,FALSE,FALSE
875,12,273,317,215,273,317,215,273,317,215,44,-58,44,58,FALSE,FALSE
875,13,318,353,255,318,353,255,318,353,255,35,-63,35,63,FALSE,FALSE
875,14,364,398,267,364,398,267,364,398,267,34,-97,34,97,FALSE,FALSE
875,15,416,442,312,416,442,312,416,442,312,26,-104,26,104,FALSE,FALSE
875,16,456,505,352,456,505,352,456,505,352,49,-104,49,104,FALSE,FALSE
875,17,547,543,393,547,543,393,547,543,393,-4,-154,4,154,FALSE,FALSE
875,18,634,607,448,634,607,448,634,607,448,-27,-186,27,186,FALSE,FALSE
875,19,689,674,510,689,674,510,689,674,510,-15,-179,15,179,FALSE,FALSE
875,20,798,741,608,798,741,608,798,741,608,-57,-190,57,190,FALSE,FALSE
875,21,854,797,687,854,797,687,854,797,687,-57,-167,57,167,FALSE,FALSE
875,22,934,849,775,934,849,775,934,849,775,-85,-159,85,159,FALSE,FALSE
875,23,1030,880,864,1030,880,864,1030,880,864,-150,-166,150,166,FALSE,FALSE
875,24,1109,956,915,1109,956,915,1109,956,915,-153,-194,153,194,FALSE,FALSE
875,25,1187,1002,963,1187,1002,963,1187,1002,963,-185,-224,185,224,FALSE,FALSE
875,26,1264,1045,1057,1264,1045,1057,1264,1045,1057,-219,-207,219,207,FALSE,FALSE
875,27,1297,1095,1109,1297,1095,1109,1297,1095,1109,-202,-188,202,188,FALSE,FALSE
875,28,1339,1135,1148,1339,1135,1148,1339,1135,1148,-204,-191,204,191,FALSE,FALSE
875,29,1332,1163,1190,1332,1163,1190,1332,1163,1190,-169,-142,169,142,FALSE,FALSE
875,30,1346,1204,1233,1346,1204,1233,1346,1204,1233,-142,-113,142,113,FALSE,FALSE
875,31,1323,1226,1250,1323,1226,1250,1323,1226,1250,-97,-73,97,73,FALSE,FALSE
875,32,1288,1213,1253,1288,1213,1253,1288,1213,1253,-75,-35,75,35,FALSE,FALSE
875,33,1238,1192,1239,1238,1192,1239,1238,1192,1239,-46,1,46,1,FALSE,FALSE
875,34,1189,1155,1220,1189,1155,1220,1189,1155,1220,-34,31,34,31,FALSE,FALSE
875,35,1130,1115,1215,1130,1115,1215,1130,1115,1215,-15,85,15,85,FALSE,FALSE
875,36,1074,1072,1197,1074,1072,1197,1074,1072,1197,-2,123,2,123,FALSE,FALSE
875,37,1019,1034,1181,1019,1034,1181,1019,1034,1181,15,162,15,162,FALSE,FALSE
875,38,954,990,1129,954,990,1129,954,990,1129,36,175,36,175,FALSE,FALSE
875,39,910,916,1115,910,916,1115,910,916,1115,6,205,6,205,FALSE,FALSE
875,40,853,860,1079,853,860,1079,853,860,1079,7,226,7,226,FALSE,FALSE
875,41,830,798,1038,830,798,1038,830,798,1038,-32,208,32,208,FALSE,FALSE
875,42,786,762,1003,786,762,1003,786,762,1003,-24,217,24,217,FALSE,FALSE
875,43,740,709,927,740,709,927,740,709,927,-31,187,31,187,FALSE,FALSE
875,44,683,685,884,683,685,884,683,685,884,2,201,2,201,FALSE,FALSE
875,45,617,652,850,617,652,850,617,652,850,35,233,35,233,FALSE,FALSE
875,46,569,587,784,569,587,784,569,587,784,18,215,18,215,FALSE,FALSE
875,47,527,548,731,527,548,731,527,548,731,21,204,21,204,FALSE,FALSE
875,48,482,514,657,482,514,657,482,514,657,32,175,32,175,FALSE,FALSE
875,49,460,489,615,460,489,615,460,489,615,29,155,29,155,FALSE,FALSE
875,50,439,460,571,439,460,571,439,460,571,21,132,21,132,FALSE,FALSE
875,51,399,421,530,399,421,530,399,421,530,22,131,22,131,FALSE,FALSE
875,52,361,397,488,361,397,488,361,397,488,36,127,36,127,FALSE,FALSE
875,53,333,354,445,333,354,445,333,354,445,21,112,21,112,FALSE,FALSE
875,54,300,327,419,300,327,419,300,327,419,27,119,27,119,FALSE,FALSE
875,55,273,307,392,273,307,392,273,307,392,34,119,34,119,FALSE,FALSE
875,56,254,287,359,254,287,359,254,287,359,33,105,33,105,FALSE,FALSE
875,57,228,273,321,228,273,321,228,273,321,45,93,45,93,FALSE,FALSE
875,58,212,255,297,212,255,297,212,255,297,43,85,43,85,FALSE,FALSE
875,59,193,241,269,193,241,269,193,241,269,48,76,48,76,FALSE,FALSE
875,60,171,208,246,171,208,246,171,208,246,37,75,37,75,FALSE,FALSE
876,0,172,172,172,172,172,172,172,172,172,0,0,0,0,TRUE,TRUE
876,1,265,253,256,265,253,256,265,253,256,-12,-9,12,9,FALSE,FALSE
876,2,409,371,376,409,371,376,409,371,376,-38,-33,38,33,FALSE,FALSE
876,3,565,530,570,565,530,570,565,530,570,-35,5,35,5,FALSE,FALSE
876,4,787,782,820,787,782,820,787,782,820,-5,33,5,33,FALSE,FALSE
876,5,1113,1112,1153,1113,1112,1153,1113,1112,1153,-1,40,1,40,FALSE,FALSE
876,6,1589,1492,1602,1589,1492,1602,1589,1492,1602,-97,13,97,13,FALSE,FALSE
876,7,2071,2063,2069,2071,2063,2069,2071,2063,2069,-8,-2,8,2,FALSE,FALSE
876,8,2678,2583,2640,2678,2583,2640,2678,2583,2640,-95,-38,95,38,FALSE,FALSE
876,9,3210,3106,3124,3210,3106,3124,3210,3106,3124,-104,-86,104,86,FALSE,FALSE
876,10,3733,3494,3527,3733,3494,3527,3733,3494,3527,-239,-206,239,206,FALSE,FALSE
876,11,4026,3843,3779,4026,3843,3779,4026,3843,3779,-183,-247,183,247,FALSE,FALSE
876,12,4073,4008,3904,4073,4008,3904,4073,4008,3904,-65,-169,65,169,FALSE,FALSE
876,13,3992,3945,3810,3992,3945,3810,3992,3945,3810,-47,-182,47,182,FALSE,FALSE
876,14,3768,3851,3690,3768,3851,3690,3768,3851,3690,83,-78,83,78,FALSE,FALSE
876,15,3533,3567,3457,3533,3567,3457,3533,3567,3457,34,-76,34,76,FALSE,FALSE
876,16,3197,3291,3179,3197,3291,3179,3197,3291,3179,94,-18,94,18,FALSE,FALSE
876,17,2865,2954,2867,2865,2954,2867,2865,2954,2867,89,2,89,2,FALSE,FALSE
876,18,2530,2628,2552,2530,2628,2552,2530,2628,2552,98,22,98,22,FALSE,FALSE
876,19,2203,2278,2249,2203,2278,2249,2203,2278,2249,75,46,75,46,FALSE,FALSE
876,20,1924,2034,1950,1924,2034,1950,1924,2034,1950,110,26,110,26,FALSE,FALSE
876,21,1653,1779,1716,1653,1779,1716,1653,1779,1716,126,63,126,63,FALSE,FALSE
876,22,1436,1554,1466,1436,1554,1466,1436,1554,1466,118,30,118,30,FALSE,FALSE
876,23,1229,1320,1263,1229,1320,1263,1229,1320,1263,91,34,91,34,FALSE,FALSE
876,24,1082,1133,1080,1082,1133,1080,1082,1133,1080,51,-2,51,2,FALSE,FALSE
876,25,947,986,932,947,986,932,947,986,932,39,-15,39,15,FALSE,FALSE
876,26,802,832,805,802,832,805,802,832,805,30,3,30,3,FALSE,FALSE
876,27,687,699,702,687,699,702,687,699,702,12,15,12,15,FALSE,FALSE
876,28,593,597,602,593,597,602,593,597,602,4,9,4,9,FALSE,FALSE
876,29,517,527,516,517,527,516,517,527,516,10,-1,10,1,FALSE,FALSE
876,30,461,458,438,461,458,438,461,458,438,-3,-23,3,23,FALSE,FALSE
876,31,400,403,379,400,403,379,400,403,379,3,-21,3,21,FALSE,FALSE
876,32,343,348,320,343,348,320,343,348,320,5,-23,5,23,FALSE,FALSE
876,33,282,299,278,282,299,278,282,299,278,17,-4,17,4,FALSE,FALSE
876,34,242,250,237,242,250,237,242,250,237,8,-5,8,5,FALSE,FALSE
876,35,198,210,197,198,210,197,198,210,197,12,-1,12,1,FALSE,FALSE
876,36,168,188,174,168,188,174,168,188,174,20,6,20,6,FALSE,FALSE
876,37,140,164,155,140,164,155,140,164,155,24,15,24,15,FALSE,FALSE
876,38,115,146,146,115,146,146,115,146,146,31,31,31,31,FALSE,FALSE
876,39,94,125,120,94,125,120,94,125,120,31,26,31,26,FALSE,FALSE
876,40,80,112,101,80,112,101,80,112,101,32,21,32,21,FALSE,FALSE
876,41,66,97,85,66,97,85,66,97,85,31,19,31,19,FALSE,FALSE
876,42,53,87,70,53,87,70,53,87,70,34,17,34,17,FALSE,FALSE
876,43,46,77,62,46,77,62,46,77,62,31,16,31,16,FALSE,FALSE
876,44,42,66,48,42,66,48,42,66,48,24,6,24,6,FALSE,FALSE
876,45,39,60,42,39,60,42,39,60,42,21,3,21,3,FALSE,FALSE
876,46,35,56,38,35,56,38,35,56,38,21,3,21,3,FALSE,FALSE
876,47,27,46,30,27,46,30,27,46,30,19,3,19,3,FALSE,FALSE
876,48,25,41,25,25,41,25,25,41,25,16,0,16,0,FALSE,TRUE
876,49,20,35,22,20,35,22,20,35,22,15,2,15,2,FALSE,FALSE
876,50,17,31,20,17,31,20,17,31,20,14,3,14,3,FALSE,FALSE
876,51,13,29,17,13,29,17,13,29,17,16,4,16,4,FALSE,FALSE
876,52,13,26,14,13,26,14,13,26,14,13,1,13,1,FALSE,FALSE
876,53,11,23,13,11,23,13,11,23,13,12,2,12,2,FALSE,FALSE
876,54,11,19,8,11,19,8,11,19,8,8,-3,8,3,FALSE,FALSE
876,55,9,18,6,9,18,6,9,18,6,9,-3,9,3,FALSE,FALSE
876,56,7,12,7,7,12,7,7,12,7,5,0,5,0,FALSE,TRUE
876,57,6,10,6,6,10,6,6,10,6,4,0,4,0,FALSE,TRUE
876,58,5,9,5,5,9,5,5,9,5,4,0,4,0,FALSE,TRUE
876,59,4,9,4,4,9,4,4,9,4,5,0,5,0,FALSE,TRUE
876,60,2,8,3,2,8,3,2,8,3,6,1,6,1,FALSE,FALSE
877,0,161,161,161,161,161,161,161,161,161,0,0,0,0,TRUE,TRUE
877,1,266,255,281,266,255,281,266,255,281,-11,15,11,15,FALSE,FALSE
877,2,435,410,512,435,410,512,435,410,512,-25,77,25,77,FALSE,FALSE
877,3,706,644,825,706,644,825,706,644,825,-62,119,62,119,FALSE,FALSE
877,4,1115,958,1236,1115,958,1236,1115,958,1236,-157,121,157,121,FALSE,FALSE
877,5,1725,1378,1813,1725,1378,1813,1725,1378,1813,-347,88,347,88,FALSE,FALSE
877,6,2421,1930,2504,2421,1930,2504,2421,1930,2504,-491,83,491,83,FALSE,FALSE
877,7,2964,2483,3149,2964,2483,3149,2964,2483,3149,-481,185,481,185,FALSE,FALSE
877,8,3377,2891,3447,3377,2891,3447,3377,2891,3447,-486,70,486,70,FALSE,FALSE
877,9,3454,3088,3462,3454,3088,3462,3454,3088,3462,-366,8,366,8,FALSE,FALSE
877,10,3332,3171,3312,3332,3171,3312,3332,3171,3312,-161,-20,161,20,FALSE,FALSE
877,11,2945,3005,2958,2945,3005,2958,2945,3005,2958,60,13,60,13,FALSE,FALSE
877,12,2537,2721,2433,2537,2721,2433,2537,2721,2433,184,-104,184,104,FALSE,FALSE
877,13,2108,2427,1977,2108,2427,1977,2108,2427,1977,319,-131,319,131,FALSE,FALSE
877,14,1725,2085,1612,1725,2085,1612,1725,2085,1612,360,-113,360,113,FALSE,FALSE
877,15,1426,1725,1291,1426,1725,1291,1426,1725,1291,299,-135,299,135,FALSE,FALSE
877,16,1155,1409,1012,1155,1409,1012,1155,1409,1012,254,-143,254,143,FALSE,FALSE
877,17,938,1170,815,938,1170,815,938,1170,815,232,-123,232,123,FALSE,FALSE
877,18,745,962,640,745,962,640,745,962,640,217,-105,217,105,FALSE,FALSE
877,19,619,786,488,619,786,488,619,786,488,167,-131,167,131,FALSE,FALSE
877,20,498,651,392,498,651,392,498,651,392,153,-106,153,106,FALSE,FALSE
877,21,422,527,318,422,527,318,422,527,318,105,-104,105,104,FALSE,FALSE
877,22,335,425,238,335,425,238,335,425,238,90,-97,90,97,FALSE,FALSE
877,23,263,327,192,263,327,192,263,327,192,64,-71,64,71,FALSE,FALSE
877,24,193,257,151,193,257,151,193,257,151,64,-42,64,42,FALSE,FALSE
877,25,150,203,109,150,203,109,150,203,109,53,-41,53,41,FALSE,FALSE
877,26,110,159,79,110,159,79,110,159,79,49,-31,49,31,FALSE,FALSE
877,27,92,139,65,92,139,65,92,139,65,47,-27,47,27,FALSE,FALSE
877,28,70,105,49,70,105,49,70,105,49,35,-21,35,21,FALSE,FALSE
877,29,55,84,36,55,84,36,55,84,36,29,-19,29,19,FALSE,FALSE
877,30,43,69,31,43,69,31,43,69,31,26,-12,26,12,FALSE,FALSE
877,31,28,59,27,28,59,27,28,59,27,31,-1,31,1,FALSE,FALSE
877,32,22,51,23,22,51,23,22,51,23,29,1,29,1,FALSE,FALSE
877,33,17,46,14,17,46,14,17,46,14,29,-3,29,3,FALSE,FALSE
877,34,13,35,14,13,35,14,13,35,14,22,1,22,1,FALSE,FALSE
877,35,8,33,8,8,33,8,8,33,8,25,0,25,0,FALSE,TRUE
877,36,4,24,6,4,24,6,4,24,6,20,2,20,2,FALSE,FALSE
877,37,2,22,3,2,22,3,2,22,3,20,1,20,1,FALSE,FALSE
877,38,2,17,2,2,17,2,2,17,2,15,0,15,0,FALSE,TRUE
877,39,2,11,1,2,11,1,2,11,1,9,-1,9,1,FALSE,FALSE
877,40,2,8,1,2,8,1,2,8,1,6,-1,6,1,FALSE,FALSE
877,41,2,7,0,2,7,0,2,7,0,5,-2,5,2,FALSE,FALSE
877,42,1,7,0,1,7,0,1,7,0,6,-1,6,1,FALSE,FALSE
877,43,0,6,0,0,6,0,0,6,0,6,0,6,0,FALSE,TRUE
877,44,0,6,0,0,6,0,0,6,0,6,0,6,0,FALSE,TRUE
877,45,0,5,0,0,5,0,0,5,0,5,0,5,0,FALSE,TRUE
877,46,0,2,0,0,2,0,0,2,0,2,0,2,0,FALSE,TRUE
877,47,0,2,0,0,2,0,0,2,0,2,0,2,0,FALSE,TRUE
877,48,0,2,0,0,2,0,0,2,0,2,0,2,0,FALSE,TRUE
877,49,0,2,0,0,2,0,0,2,0,2,0,2,0,FALSE,TRUE
877,50,0,2,0,0,2,0,0,2,0,2,0,2,0,FALSE,TRUE
877,51,0,1,0,0,1,0,0,1,0,1,0,1,0,FALSE,TRUE
877,52,0,1,0,0,1,0,0,1,0,1,0,1,0,FALSE,TRUE
877,53,0,0,0,0,0,0,0,0,0,0,0,0,0,TRUE,TRUE
877,54,0,0,0,0,0,0,0,0,0,0,0,0,0,TRUE,TRUE
877,55,0,0,0,0,0,0,0,0,0,0,0,0,0,TRUE,TRUE
877,56,0,0,0,0,0,0,0,0,0,0,0,0,0,TRUE,TRUE
877,57,0,0,0,0,0,0,0,0,0,0,0,0,0,TRUE,TRUE
877,58,0,0,0,0,0,0,0,0,0,0,0,0,0,TRUE,TRUE
877,59,0,0,0,0,0,0,0,0,0,0,0,0,0,TRUE,TRUE
877,60,0,0,0,0,0,0,0,0,0,0,0,0,0,TRUE,TRUE
878,0,103,103,103,103,103,103,103,103,103,0,0,0,0,TRUE,TRUE
878,1,137,150,136,137,150,136,137,150,136,13,-1,13,1,FALSE,FALSE
878,2,182,184,175,182,184,175,182,184,175,2,-7,2,7,FALSE,FALSE
878,3,221,236,218,221,236,218,221,236,218,15,-3,15,3,FALSE,FALSE
878,4,297,306,288,297,306,288,297,306,288,9,-9,9,9,FALSE,FALSE
878,5,387,367,390,387,367,390,387,367,390,-20,3,20,3,FALSE,FALSE
878,6,487,478,513,487,478,513,487,478,513,-9,26,9,26,FALSE,FALSE
878,7,611,600,644,611,600,644,611,600,644,-11,33,11,33,FALSE,FALSE
878,8,746,724,815,746,724,815,746,724,815,-22,69,22,69,FALSE,FALSE
878,9,940,901,1010,940,901,1010,940,901,1010,-39,70,39,70,FALSE,FALSE
878,10,1161,1074,1235,1161,1074,1235,1161,1074,1235,-87,74,87,74,FALSE,FALSE
878,11,1404,1308,1442,1404,1308,1442,1404,1308,1442,-96,38,96,38,FALSE,FALSE
878,12,1670,1542,1715,1670,1542,1715,1670,1542,1715,-128,45,128,45,FALSE,FALSE
878,13,1920,1750,1975,1920,1750,1975,1920,1750,1975,-170,55,170,55,FALSE,FALSE
878,14,2151,1982,2249,2151,1982,2249,2151,1982,2249,-169,98,169,98,FALSE,FALSE
878,15,2374,2194,2489,2374,2194,2489,2374,2194,2489,-180,115,180,115,FALSE,FALSE
878,16,2542,2366,2712,2542,2366,2712,2542,2366,2712,-176,170,176,170,FALSE,FALSE
878,17,2705,2509,2806,2705,2509,2806,2705,2509,2806,-196,101,196,101,FALSE,FALSE
878,18,2775,2607,2869,2775,2607,2869,2775,2607,2869,-168,94,168,94,FALSE,FALSE
878,19,2790,2684,2884,2790,2684,2884,2790,2684,2884,-106,94,106,94,FALSE,FALSE
878,20,2809,2680,2832,2809,2680,2832,2809,2680,2832,-129,23,129,23,FALSE,FALSE
878,21,2771,2676,2762,2771,2676,2762,2771,2676,2762,-95,-9,95,9,FALSE,FALSE
878,22,2683,2632,2663,2683,2632,2663,2683,2632,2663,-51,-20,51,20,FALSE,FALSE
878,23,2546,2583,2567,2546,2583,2567,2546,2583,2567,37,21,37,21,FALSE,FALSE
878,24,2438,2516,2466,2438,2516,2466,2438,2516,2466,78,28,78,28,FALSE,FALSE
878,25,2335,2407,2317,2335,2407,2317,2335,2407,2317,72,-18,72,18,FALSE,FALSE
878,26,2213,2280,2169,2213,2280,2169,2213,2280,2169,67,-44,67,44,FALSE,FALSE
878,27,2084,2168,2036,2084,2168,2036,2084,2168,2036,84,-48,84,48,FALSE,FALSE
878,28,1959,2038,1885,1959,2038,1885,1959,2038,1885,79,-74,79,74,FALSE,FALSE
878,29,1831,1907,1759,1831,1907,1759,1831,1907,1759,76,-72,76,72,FALSE,FALSE
878,30,1712,1771,1613,1712,1771,1613,1712,1771,1613,59,-99,59,99,FALSE,FALSE
878,31,1579,1679,1484,1579,1679,1484,1579,1679,1484,100,-95,100,95,FALSE,FALSE
878,32,1442,1581,1377,1442,1581,1377,1442,1581,1377,139,-65,139,65,FALSE,FALSE
878,33,1366,1474,1253,1366,1474,1253,1366,1474,1253,108,-113,108,113,FALSE,FALSE
878,34,1290,1390,1139,1290,1390,1139,1290,1390,1139,100,-151,100,151,FALSE,FALSE
878,35,1202,1303,1040,1202,1303,1040,1202,1303,1040,101,-162,101,162,FALSE,FALSE
878,36,1107,1201,957,1107,1201,957,1107,1201,957,94,-150,94,150,FALSE,FALSE
878,37,1031,1125,898,1031,1125,898,1031,1125,898,94,-133,94,133,FALSE,FALSE
878,38,938,1058,831,938,1058,831,938,1058,831,120,-107,120,107,FALSE,FALSE
878,39,860,969,785,860,969,785,860,969,785,109,-75,109,75,FALSE,FALSE
878,40,801,885,730,801,885,730,801,885,730,84,-71,84,71,FALSE,FALSE
878,41,745,823,682,745,823,682,745,823,682,78,-63,78,63,FALSE,FALSE
878,42,687,753,635,687,753,635,687,753,635,66,-52,66,52,FALSE,FALSE
878,43,633,686,579,633,686,579,633,686,579,53,-54,53,54,FALSE,FALSE
878,44,589,629,524,589,629,524,589,629,524,40,-65,40,65,FALSE,FALSE
878,45,538,578,474,538,578,474,538,578,474,40,-64,40,64,FALSE,FALSE
878,46,498,549,435,498,549,435,498,549,435,51,-63,51,63,FALSE,FALSE
878,47,455,499,400,455,499,400,455,499,400,44,-55,44,55,FALSE,FALSE
878,48,422,455,364,422,455,364,422,455,364,33,-58,33,58,FALSE,FALSE
878,49,388,416,331,388,416,331,388,416,331,28,-57,28,57,FALSE,FALSE
878,50,358,381,290,358,381,290,358,381,290,23,-68,23,68,FALSE,FALSE
878,51,322,350,262,322,350,262,322,350,262,28,-60,28,60,FALSE,FALSE
878,52,299,332,240,299,332,240,299,332,240,33,-59,33,59,FALSE,FALSE
878,53,281,309,221,281,309,221,281,309,221,28,-60,28,60,FALSE,FALSE
878,54,260,287,202,260,287,202,260,287,202,27,-58,27,58,FALSE,FALSE
878,55,239,258,180,239,258,180,239,258,180,19,-59,19,59,FALSE,FALSE
878,56,212,237,163,212,237,163,212,237,163,25,-49,25,49,FALSE,FALSE
878,57,193,214,155,193,214,155,193,214,155,21,-38,21,38,FALSE,FALSE
878,58,176,197,143,176,197,143,176,197,143,21,-33,21,33,FALSE,FALSE
878,59,156,182,134,156,182,134,156,182,134,26,-22,26,22,FALSE,FALSE
878,60,141,163,126,141,163,126,141,163,126,22,-15,22,15,FALSE,FALSE
879,0,137,137,137,137,137,137,137,137,137,0,0,0,0,TRUE,TRUE
879,1,168,172,168,168,172,168,168,172,168,4,0,4,0,FALSE,TRUE
879,2,210,231,209,210,231,209,210,231,209,21,-1,21,1,FALSE,FALSE
879,3,265,273,265,265,273,265,265,273,265,8,0,8,0,FALSE,TRUE
879,4,318,346,339,318,346,339,318,346,339,28,21,28,21,FALSE,FALSE
879,5,435,419,400,435,419,400,435,419,400,-16,-35,16,35,FALSE,FALSE
879,6,515,481,496,515,481,496,515,481,496,-34,-19,34,19,FALSE,FALSE
879,7,627,596,586,627,596,586,627,596,586,-31,-41,31,41,FALSE,FALSE
879,8,753,706,693,753,706,693,753,706,693,-47,-60,47,60,FALSE,FALSE
879,9,886,839,802,886,839,802,886,839,802,-47,-84,47,84,FALSE,FALSE
879,10,988,976,904,988,976,904,988,976,904,-12,-84,12,84,FALSE,FALSE
879,11,1154,1105,1061,1154,1105,1061,1154,1105,1061,-49,-93,49,93,FALSE,FALSE
879,12,1274,1224,1196,1274,1224,1196,1274,1224,1196,-50,-78,50,78,FALSE,FALSE
879,13,1388,1305,1311,1388,1305,1311,1388,1305,1311,-83,-77,83,77,FALSE,FALSE
879,14,1455,1396,1412,1455,1396,1412,1455,1396,1412,-59,-43,59,43,FALSE,FALSE
879,15,1461,1456,1456,1461,1456,1456,1461,1456,1456,-5,-5,5,5,FALSE,FALSE
879,16,1489,1479,1545,1489,1479,1545,1489,1479,1545,-10,56,10,56,FALSE,FALSE
879,17,1467,1496,1596,1467,1496,1596,1467,1496,1596,29,129,29,129,FALSE,FALSE
879,18,1465,1460,1531,1465,1460,1531,1465,1460,1531,-5,66,5,66,FALSE,FALSE
879,19,1401,1367,1490,1401,1367,1490,1401,1367,1490,-34,89,34,89,FALSE,FALSE
879,20,1319,1283,1381,1319,1283,1381,1319,1283,1381,-36,62,36,62,FALSE,FALSE
879,21,1203,1155,1327,1203,1155,1327,1203,1155,1327,-48,124,48,124,FALSE,FALSE
879,22,1094,1098,1237,1094,1098,1237,1094,1098,1237,4,143,4,143,FALSE,FALSE
879,23,1022,1005,1097,1022,1005,1097,1022,1005,1097,-17,75,17,75,FALSE,FALSE
879,24,916,917,1023,916,917,1023,916,917,1023,1,107,1,107,FALSE,FALSE
879,25,843,815,885,843,815,885,843,815,885,-28,42,28,42,FALSE,FALSE
879,26,749,704,785,749,704,785,749,704,785,-45,36,45,36,FALSE,FALSE
879,27,657,629,699,657,629,699,657,629,699,-28,42,28,42,FALSE,FALSE
879,28,578,554,611,578,554,611,578,554,611,-24,33,24,33,FALSE,FALSE
879,29,503,509,525,503,509,525,503,509,525,6,22,6,22,FALSE,FALSE
879,30,441,460,447,441,460,447,441,460,447,19,6,19,6,FALSE,FALSE
879,31,391,408,386,391,408,386,391,408,386,17,-5,17,5,FALSE,FALSE
879,32,351,340,339,351,340,339,351,340,339,-11,-12,11,12,FALSE,FALSE
879,33,302,289,308,302,289,308,302,289,308,-13,6,13,6,FALSE,FALSE
879,34,246,256,255,246,256,255,246,256,255,10,9,10,9,FALSE,FALSE
879,35,216,237,222,216,237,222,216,237,222,21,6,21,6,FALSE,FALSE
879,36,183,211,184,183,211,184,183,211,184,28,1,28,1,FALSE,FALSE
879,37,159,186,165,159,186,165,159,186,165,27,6,27,6,FALSE,FALSE
879,38,135,160,148,135,160,148,135,160,148,25,13,25,13,FALSE,FALSE
879,39,120,141,115,120,141,115,120,141,115,21,-5,21,5,FALSE,FALSE
879,40,114,118,97,114,118,97,114,118,97,4,-17,4,17,FALSE,FALSE
879,41,96,107,85,96,107,85,96,107,85,11,-11,11,11,FALSE,FALSE
879,42,83,90,77,83,90,77,83,90,77,7,-6,7,6,FALSE,FALSE
879,43,75,80,63,75,80,63,75,80,63,5,-12,5,12,FALSE,FALSE
879,44,69,71,45,69,71,45,69,71,45,2,-24,2,24,FALSE,FALSE
879,45,63,66,38,63,66,38,63,66,38,3,-25,3,25,FALSE,FALSE
879,46,55,63,32,55,63,32,55,63,32,8,-23,8,23,FALSE,FALSE
879,47,46,48,23,46,48,23,46,48,23,2,-23,2,23,FALSE,FALSE
879,48,41,39,19,41,39,19,41,39,19,-2,-22,2,22,FALSE,FALSE
879,49,36,32,19,36,32,19,36,32,19,-4,-17,4,17,FALSE,FALSE
879,50,31,32,23,31,32,23,31,32,23,1,-8,1,8,FALSE,FALSE
879,51,26,25,22,26,25,22,26,25,22,-1,-4,1,4,FALSE,FALSE
879,52,24,21,19,24,21,19,24,21,19,-3,-5,3,5,FALSE,FALSE
879,53,24,18,19,24,18,19,24,18,19,-6,-5,6,5,FALSE,FALSE
879,54,20,14,18,20,14,18,20,14,18,-6,-2,6,2,FALSE,FALSE
879,55,19,11,14,19,11,14,19,11,14,-8,-5,8,5,FALSE,FALSE
879,56,14,14,12,14,14,12,14,14,12,0,-2,0,2,TRUE,FALSE
879,57,10,13,11,10,13,11,10,13,11,3,1,3,1,FALSE,FALSE
879,58,9,12,10,9,12,10,9,12,10,3,1,3,1,FALSE,FALSE
879,59,7,8,7,7,8,7,7,8,7,1,0,1,0,FALSE,TRUE
879,60,5,5,5,5,5,5,5,5,5,0,0,0,0,TRUE,TRUE
880,0,83,83,83,83,83,83,83,83,83,0,0,0,0,TRUE,TRUE
880,1,94,87,105,94,87,105,94,87,105,-7,11,7,11,FALSE,FALSE
880,2,110,110,134,110,110,134,110,110,134,0,24,0,24,TRUE,FALSE
880,3,116,119,166,116,119,166,116,119,166,3,50,3,50,FALSE,FALSE
880,4,126,138,186,126,138,186,126,138,186,12,60,12,60,FALSE,FALSE
880,5,142,165,207,142,165,207,142,165,207,23,65,23,65,FALSE,FALSE
880,6,161,178,237,161,178,237,161,178,237,17,76,17,76,FALSE,FALSE
880,7,174,218,290,174,218,290,174,218,290,44,116,44,116,FALSE,FALSE
880,8,204,239,334,204,239,334,204,239,334,35,130,35,130,FALSE,FALSE
880,9,227,280,367,227,280,367,227,280,367,53,140,53,140,FALSE,FALSE
880,10,272,313,420,272,313,420,272,313,420,41,148,41,148,FALSE,FALSE
880,11,304,338,476,304,338,476,304,338,476,34,172,34,172,FALSE,FALSE
880,12,336,385,553,336,385,553,336,385,553,49,217,49,217,FALSE,FALSE
880,13,369,414,612,369,414,612,369,414,612,45,243,45,243,FALSE,FALSE
880,14,411,496,676,411,496,676,411,496,676,85,265,85,265,FALSE,FALSE
880,15,468,541,742,468,541,742,468,541,742,73,274,73,274,FALSE,FALSE
880,16,530,606,827,530,606,827,530,606,827,76,297,76,297,FALSE,FALSE
880,17,594,663,916,594,663,916,594,663,916,69,322,69,322,FALSE,FALSE
880,18,646,728,964,646,728,964,646,728,964,82,318,82,318,FALSE,FALSE
880,19,727,765,1018,727,765,1018,727,765,1018,38,291,38,291,FALSE,FALSE
880,20,777,845,1084,777,845,1084,777,845,1084,68,307,68,307,FALSE,FALSE
880,21,860,922,1150,860,922,1150,860,922,1150,62,290,62,290,FALSE,FALSE
880,22,914,998,1214,914,998,1214,914,998,1214,84,300,84,300,FALSE,FALSE
880,23,973,1095,1258,973,1095,1258,973,1095,1258,122,285,122,285,FALSE,FALSE
880,24,1038,1122,1280,1038,1122,1280,1038,1122,1280,84,242,84,242,FALSE,FALSE
880,25,1091,1158,1236,1091,1158,1236,1091,1158,1236,67,145,67,145,FALSE,FALSE
880,26,1134,1178,1260,1134,1178,1260,1134,1178,1260,44,126,44,126,FALSE,FALSE
880,27,1143,1184,1267,1143,1184,1267,1143,1184,1267,41,124,41,124,FALSE,FALSE
880,28,1151,1191,1247,1151,1191,1247,1151,1191,1247,40,96,40,96,FALSE,FALSE
880,29,1201,1181,1229,1201,1181,1229,1201,1181,1229,-20,28,20,28,FALSE,FALSE
880,30,1186,1169,1219,1186,1169,1219,1186,1169,1219,-17,33,17,33,FALSE,FALSE
880,31,1181,1136,1167,1181,1136,1167,1181,1136,1167,-45,-14,45,14,FALSE,FALSE
880,32,1176,1130,1143,1176,1130,1143,1176,1130,1143,-46,-33,46,33,FALSE,FALSE
880,33,1151,1093,1072,1151,1093,1072,1151,1093,1072,-58,-79,58,79,FALSE,FALSE
880,34,1137,1054,1027,1137,1054,1027,1137,1054,1027,-83,-110,83,110,FALSE,FALSE
880,35,1136,1009,992,1136,1009,992,1136,1009,992,-127,-144,127,144,FALSE,FALSE
880,36,1109,994,949,1109,994,949,1109,994,949,-115,-160,115,160,FALSE,FALSE
880,37,1058,932,896,1058,932,896,1058,932,896,-126,-162,126,162,FALSE,FALSE
880,38,1017,882,837,1017,882,837,1017,882,837,-135,-180,135,180,FALSE,FALSE
880,39,956,855,776,956,855,776,956,855,776,-101,-180,101,180,FALSE,FALSE
880,40,891,800,725,891,800,725,891,800,725,-91,-166,91,166,FALSE,FALSE
880,41,865,753,680,865,753,680,865,753,680,-112,-185,112,185,FALSE,FALSE
880,42,818,709,626,818,709,626,818,709,626,-109,-192,109,192,FALSE,FALSE
880,43,763,644,562,763,644,562,763,644,562,-119,-201,119,201,FALSE,FALSE
880,44,712,585,525,712,585,525,712,585,525,-127,-187,127,187,FALSE,FALSE
880,45,673,546,487,673,546,487,673,546,487,-127,-186,127,186,FALSE,FALSE
880,46,621,502,453,621,502,453,621,502,453,-119,-168,119,168,FALSE,FALSE
880,47,584,473,426,584,473,426,584,473,426,-111,-158,111,158,FALSE,FALSE
880,48,541,442,398,541,442,398,541,442,398,-99,-143,99,143,FALSE,FALSE
880,49,500,405,360,500,405,360,500,405,360,-95,-140,95,140,FALSE,FALSE
880,50,454,364,341,454,364,341,454,364,341,-90,-113,90,113,FALSE,FALSE
880,51,419,332,316,419,332,316,419,332,316,-87,-103,87,103,FALSE,FALSE
880,52,386,290,290,386,290,290,386,290,290,-96,-96,96,96,FALSE,FALSE
880,53,365,267,267,365,267,267,365,267,267,-98,-98,98,98,FALSE,FALSE
880,54,346,240,263,346,240,263,346,240,263,-106,-83,106,83,FALSE,FALSE
880,55,305,223,239,305,223,239,305,223,239,-82,-66,82,66,FALSE,FALSE
880,56,280,207,218,280,207,218,280,207,218,-73,-62,73,62,FALSE,FALSE
880,57,251,191,202,251,191,202,251,191,202,-60,-49,60,49,FALSE,FALSE
880,58,235,175,177,235,175,177,235,175,177,-60,-58,60,58,FALSE,FALSE
880,59,221,152,165,221,152,165,221,152,165,-69,-56,69,56,FALSE,FALSE
880,60,211,134,152,211,134,152,211,134,152,-77,-59,77,59,FALSE,FALSE
881,0,63,63,63,63,63,63,63,63,63,0,0,0,0,TRUE,TRUE
881,1,81,85,79,81,85,79,81,85,79,4,-2,4,2,FALSE,FALSE
881,2,122,112,111,122,112,111,122,112,111,-10,-11,10,11,FALSE,FALSE
881,3,169,130,143,169,130,143,169,130,143,-39,-26,39,26,FALSE,FALSE
881,4,223,182,196,223,182,196,223,182,196,-41,-27,41,27,FALSE,FALSE
881,5,306,229,252,306,229,252,306,229,252,-77,-54,77,54,FALSE,FALSE
881,6,383,281,352,383,281,352,383,281,352,-102,-31,102,31,FALSE,FALSE
881,7,505,366,445,505,366,445,505,366,445,-139,-60,139,60,FALSE,FALSE
881,8,649,449,585,649,449,585,649,449,585,-200,-64,200,64,FALSE,FALSE
881,9,836,576,736,836,576,736,836,576,736,-260,-100,260,100,FALSE,FALSE
881,10,1058,720,894,1058,720,894,1058,720,894,-338,-164,338,164,FALSE,FALSE
881,11,1322,896,1115,1322,896,1115,1322,896,1115,-426,-207,426,207,FALSE,FALSE
881,12,1645,1084,1344,1645,1084,1344,1645,1084,1344,-561,-301,561,301,FALSE,FALSE
881,13,1904,1303,1557,1904,1303,1557,1904,1303,1557,-601,-347,601,347,FALSE,FALSE
881,14,2166,1520,1798,2166,1520,1798,2166,1520,1798,-646,-368,646,368,FALSE,FALSE
881,15,2413,1754,2079,2413,1754,2079,2413,1754,2079,-659,-334,659,334,FALSE,FALSE
881,16,2601,2001,2284,2601,2001,2284,2601,2001,2284,-600,-317,600,317,FALSE,FALSE
881,17,2789,2220,2492,2789,2220,2492,2789,2220,2492,-569,-297,569,297,FALSE,FALSE
881,18,2910,2395,2581,2910,2395,2581,2910,2395,2581,-515,-329,515,329,FALSE,FALSE
881,19,2947,2590,2682,2947,2590,2682,2947,2590,2682,-357,-265,357,265,FALSE,FALSE
881,20,2942,2674,2748,2942,2674,2748,2942,2674,2748,-268,-194,268,194,FALSE,FALSE
881,21,2865,2743,2804,2865,2743,2804,2865,2743,2804,-122,-61,122,61,FALSE,FALSE
881,22,2734,2724,2759,2734,2724,2759,2734,2724,2759,-10,25,10,25,FALSE,FALSE
881,23,2572,2697,2710,2572,2697,2710,2572,2697,2710,125,138,125,138,FALSE,FALSE
881,24,2438,2601,2615,2438,2601,2615,2438,2601,2615,163,177,163,177,FALSE,FALSE
881,25,2267,2499,2495,2267,2499,2495,2267,2499,2495,232,228,232,228,FALSE,FALSE
881,26,2102,2346,2354,2102,2346,2354,2102,2346,2354,244,252,244,252,FALSE,FALSE
881,27,1935,2218,2209,1935,2218,2209,1935,2218,2209,283,274,283,274,FALSE,FALSE
881,28,1797,2072,2039,1797,2072,2039,1797,2072,2039,275,242,275,242,FALSE,FALSE
881,29,1648,1946,1894,1648,1946,1894,1648,1946,1894,298,246,298,246,FALSE,FALSE
881,30,1508,1803,1768,1508,1803,1768,1508,1803,1768,295,260,295,260,FALSE,FALSE
881,31,1408,1674,1614,1408,1674,1614,1408,1674,1614,266,206,266,206,FALSE,FALSE
881,32,1263,1547,1496,1263,1547,1496,1263,1547,1496,284,233,284,233,FALSE,FALSE
881,33,1155,1421,1348,1155,1421,1348,1155,1421,1348,266,193,266,193,FALSE,FALSE
881,34,1075,1316,1200,1075,1316,1200,1075,1316,1200,241,125,241,125,FALSE,FALSE
881,35,956,1202,1093,956,1202,1093,956,1202,1093,246,137,246,137,FALSE,FALSE
881,36,848,1091,988,848,1091,988,848,1091,988,243,140,243,140,FALSE,FALSE
881,37,761,995,893,761,995,893,761,995,893,234,132,234,132,FALSE,FALSE
881,38,701,902,801,701,902,801,701,902,801,201,100,201,100,FALSE,FALSE
881,39,635,819,732,635,819,732,635,819,732,184,97,184,97,FALSE,FALSE
881,40,569,748,661,569,748,661,569,748,661,179,92,179,92,FALSE,FALSE
881,41,512,688,601,512,688,601,512,688,601,176,89,176,89,FALSE,FALSE
881,42,461,630,542,461,630,542,461,630,542,169,81,169,81,FALSE,FALSE
881,43,415,574,473,415,574,473,415,574,473,159,58,159,58,FALSE,FALSE
881,44,381,496,427,381,496,427,381,496,427,115,46,115,46,FALSE,FALSE
881,45,338,438,385,338,438,385,338,438,385,100,47,100,47,FALSE,FALSE
881,46,298,384,345,298,384,345,298,384,345,86,47,86,47,FALSE,FALSE
881,47,261,357,304,261,357,304,261,357,304,96,43,96,43,FALSE,FALSE
881,48,229,310,270,229,310,270,229,310,270,81,41,81,41,FALSE,FALSE
881,49,212,276,248,212,276,248,212,276,248,64,36,64,36,FALSE,FALSE
881,50,190,252,221,190,252,221,190,252,221,62,31,62,31,FALSE,FALSE
881,51,170,234,203,170,234,203,170,234,203,64,33,64,33,FALSE,FALSE
881,52,153,210,183,153,210,183,153,210,183,57,30,57,30,FALSE,FALSE
881,53,138,181,170,138,181,170,138,181,170,43,32,43,32,FALSE,FALSE
881,54,132,165,158,132,165,158,132,165,158,33,26,33,26,FALSE,FALSE
881,55,122,155,139,122,155,139,122,155,139,33,17,33,17,FALSE,FALSE
881,56,104,145,133,104,145,133,104,145,133,41,29,41,29,FALSE,FALSE
881,57,98,134,121,98,134,121,98,134,121,36,23,36,23,FALSE,FALSE
881,58,88,120,108,88,120,108,88,120,108,32,20,32,20,FALSE,FALSE
881,59,80,113,95,80,113,95,80,113,95,33,15,33,15,FALSE,FALSE
881,60,76,103,87,76,103,87,76,103,87,27,11,27,11,FALSE,FALSE
882,0,101,101,101,101,101,101,101,101,101,0,0,0,0,TRUE,TRUE
882,1,170,140,152,170,140,152,170,140,152,-30,-18,30,18,FALSE,FALSE
882,2,245,196,234,245,196,234,245,196,234,-49,-11,49,11,FALSE,FALSE
882,3,346,252,336,346,252,336,346,252,336,-94,-10,94,10,FALSE,FALSE
882,4,476,346,484,476,346,484,476,346,484,-130,8,130,8,FALSE,FALSE
882,5,668,467,671,668,467,671,668,467,671,-201,3,201,3,FALSE,FALSE
882,6,894,620,950,894,620,950,894,620,950,-274,56,274,56,FALSE,FALSE
882,7,1161,778,1274,1161,778,1274,1161,778,1274,-383,113,383,113,FALSE,FALSE
882,8,1456,991,1631,1456,991,1631,1456,991,1631,-465,175,465,175,FALSE,FALSE
882,9,1697,1258,1911,1697,1258,1911,1697,1258,1911,-439,214,439,214,FALSE,FALSE
882,10,1967,1507,2136,1967,1507,2136,1967,1507,2136,-460,169,460,169,FALSE,FALSE
882,11,2145,1731,2331,2145,1731,2331,2145,1731,2331,-414,186,414,186,FALSE,FALSE
882,12,2210,1867,2361,2210,1867,2361,2210,1867,2361,-343,151,343,151,FALSE,FALSE
882,13,2194,1985,2327,2194,1985,2327,2194,1985,2327,-209,133,209,133,FALSE,FALSE
882,14,2148,2050,2225,2148,2050,2225,2148,2050,2225,-98,77,98,77,FALSE,FALSE
882,15,2027,2046,2089,2027,2046,2089,2027,2046,2089,19,62,19,62,FALSE,FALSE
882,16,1873,1989,1918,1873,1989,1918,1873,1989,1918,116,45,116,45,FALSE,FALSE
882,17,1693,1893,1704,1693,1893,1704,1693,1893,1704,200,11,200,11,FALSE,FALSE
882,18,1526,1721,1526,1526,1721,1526,1526,1721,1526,195,0,195,0,FALSE,TRUE
882,19,1343,1582,1347,1343,1582,1347,1343,1582,1347,239,4,239,4,FALSE,FALSE
882,20,1182,1418,1163,1182,1418,1163,1182,1418,1163,236,-19,236,19,FALSE,FALSE
882,21,1012,1284,999,1012,1284,999,1012,1284,999,272,-13,272,13,FALSE,FALSE
882,22,881,1143,844,881,1143,844,881,1143,844,262,-37,262,37,FALSE,FALSE
882,23,755,1009,725,755,1009,725,755,1009,725,254,-30,254,30,FALSE,FALSE
882,24,651,878,624,651,878,624,651,878,624,227,-27,227,27,FALSE,FALSE
882,25,571,761,530,571,761,530,571,761,530,190,-41,190,41,FALSE,FALSE
882,26,484,656,452,484,656,452,484,656,452,172,-32,172,32,FALSE,FALSE
882,27,401,559,391,401,559,391,401,559,391,158,-10,158,10,FALSE,FALSE
882,28,334,480,341,334,480,341,334,480,341,146,7,146,7,FALSE,FALSE
882,29,271,403,291,271,403,291,271,403,291,132,20,132,20,FALSE,FALSE
882,30,225,345,242,225,345,242,225,345,242,120,17,120,17,FALSE,FALSE
882,31,185,297,201,185,297,201,185,297,201,112,16,112,16,FALSE,FALSE
882,32,150,264,159,150,264,159,150,264,159,114,9,114,9,FALSE,FALSE
882,33,123,215,141,123,215,141,123,215,141,92,18,92,18,FALSE,FALSE
882,34,103,185,118,103,185,118,103,185,118,82,15,82,15,FALSE,FALSE
882,35,86,167,97,86,167,97,86,167,97,81,11,81,11,FALSE,FALSE
882,36,65,147,84,65,147,84,65,147,84,82,19,82,19,FALSE,FALSE
882,37,52,125,71,52,125,71,52,125,71,73,19,73,19,FALSE,FALSE
882,38,43,107,59,43,107,59,43,107,59,64,16,64,16,FALSE,FALSE
882,39,32,88,46,32,88,46,32,88,46,56,14,56,14,FALSE,FALSE
882,40,29,77,44,29,77,44,29,77,44,48,15,48,15,FALSE,FALSE
882,41,27,67,32,27,67,32,27,67,32,40,5,40,5,FALSE,FALSE
882,42,20,56,25,20,56,25,20,56,25,36,5,36,5,FALSE,FALSE
882,43,19,45,19,19,45,19,19,45,19,26,0,26,0,FALSE,TRUE
882,44,15,34,13,15,34,13,15,34,13,19,-2,19,2,FALSE,FALSE
882,45,10,26,12,10,26,12,10,26,12,16,2,16,2,FALSE,FALSE
882,46,8,22,10,8,22,10,8,22,10,14,2,14,2,FALSE,FALSE
882,47,7,18,10,7,18,10,7,18,10,11,3,11,3,FALSE,FALSE
882,48,5,18,9,5,18,9,5,18,9,13,4,13,4,FALSE,FALSE
882,49,3,13,5,3,13,5,3,13,5,10,2,10,2,FALSE,FALSE
882,50,2,10,3,2,10,3,2,10,3,8,1,8,1,FALSE,FALSE
882,51,1,9,3,1,9,3,1,9,3,8,2,8,2,FALSE,FALSE
882,52,1,5,2,1,5,2,1,5,2,4,1,4,1,FALSE,FALSE
882,53,1,4,2,1,4,2,1,4,2,3,1,3,1,FALSE,FALSE
882,54,0,4,2,0,4,2,0,4,2,4,2,4,2,FALSE,FALSE
882,55,0,4,2,0,4,2,0,4,2,4,2,4,2,FALSE,FALSE
882,56,0,3,2,0,3,2,0,3,2,3,2,3,2,FALSE,FALSE
882,57,0,2,2,0,2,2,0,2,2,2,2,2,2,FALSE,FALSE
882,58,0,1,1,0,1,1,0,1,1,1,1,1,1,FALSE,FALSE
882,59,0,0,1,0,0,1,0,0,1,0,1,0,1,TRUE,FALSE
882,60,0,0,1,0,0,1,0,0,1,0,1,0,1,TRUE,FALSE
883,0,144,144,144,144,144,144,144,144,144,0,0,0,0,TRUE,TRUE
883,1,190,191,151,190,191,151,190,191,151,1,-39,1,39,FALSE,FALSE
883,2,227,222,174,227,222,174,227,222,174,-5,-53,5,53,FALSE,FALSE
883,3,273,272,208,273,272,208,273,272,208,-1,-65,1,65,FALSE,FALSE
883,4,349,319,278,349,319,278,349,319,278,-30,-71,30,71,FALSE,FALSE
883,5,437,393,367,437,393,367,437,393,367,-44,-70,44,70,FALSE,FALSE
883,6,540,460,446,540,460,446,540,460,446,-80,-94,80,94,FALSE,FALSE
883,7,619,553,522,619,553,522,619,553,522,-66,-97,66,97,FALSE,FALSE
883,8,722,615,641,722,615,641,722,615,641,-107,-81,107,81,FALSE,FALSE
883,9,855,725,782,855,725,782,855,725,782,-130,-73,130,73,FALSE,FALSE
883,10,961,804,955,961,804,955,961,804,955,-157,-6,157,6,FALSE,FALSE
883,11,1068,888,1081,1068,888,1081,1068,888,1081,-180,13,180,13,FALSE,FALSE
883,12,1191,1010,1204,1191,1010,1204,1191,1010,1204,-181,13,181,13,FALSE,FALSE
883,13,1293,1119,1358,1293,1119,1358,1293,1119,1358,-174,65,174,65,FALSE,FALSE
883,14,1388,1252,1433,1388,1252,1433,1388,1252,1433,-136,45,136,45,FALSE,FALSE
883,15,1473,1372,1541,1473,1372,1541,1473,1372,1541,-101,68,101,68,FALSE,FALSE
883,16,1587,1462,1627,1587,1462,1627,1587,1462,1627,-125,40,125,40,FALSE,FALSE
883,17,1646,1487,1709,1646,1487,1709,1646,1487,1709,-159,63,159,63,FALSE,FALSE
883,18,1662,1520,1731,1662,1520,1731,1662,1520,1731,-142,69,142,69,FALSE,FALSE
883,19,1688,1586,1751,1688,1586,1751,1688,1586,1751,-102,63,102,63,FALSE,FALSE
883,20,1701,1591,1754,1701,1591,1754,1701,1591,1754,-110,53,110,53,FALSE,FALSE
883,21,1626,1580,1691,1626,1580,1691,1626,1580,1691,-46,65,46,65,FALSE,FALSE
883,22,1551,1553,1651,1551,1553,1651,1551,1553,1651,2,100,2,100,FALSE,FALSE
883,23,1504,1545,1588,1504,1545,1588,1504,1545,1588,41,84,41,84,FALSE,FALSE
883,24,1400,1441,1485,1400,1441,1485,1400,1441,1485,41,85,41,85,FALSE,FALSE
883,25,1301,1360,1367,1301,1360,1367,1301,1360,1367,59,66,59,66,FALSE,FALSE
883,26,1228,1281,1270,1228,1281,1270,1228,1281,1270,53,42,53,42,FALSE,FALSE
883,27,1146,1187,1174,1146,1187,1174,1146,1187,1174,41,28,41,28,FALSE,FALSE
883,28,1023,1100,1050,1023,1100,1050,1023,1100,1050,77,27,77,27,FALSE,FALSE
883,29,923,1023,949,923,1023,949,923,1023,949,100,26,100,26,FALSE,FALSE
883,30,843,954,841,843,954,841,843,954,841,111,-2,111,2,FALSE,FALSE
883,31,743,871,742,743,871,742,743,871,742,128,-1,128,1,FALSE,FALSE
883,32,652,775,652,652,775,652,652,775,652,123,0,123,0,FALSE,TRUE
883,33,586,709,573,586,709,573,586,709,573,123,-13,123,13,FALSE,FALSE
883,34,525,631,503,525,631,503,525,631,503,106,-22,106,22,FALSE,FALSE
883,35,450,570,459,450,570,459,450,570,459,120,9,120,9,FALSE,FALSE
883,36,402,507,410,402,507,410,402,507,410,105,8,105,8,FALSE,FALSE
883,37,347,453,370,347,453,370,347,453,370,106,23,106,23,FALSE,FALSE
883,38,289,404,326,289,404,326,289,404,326,115,37,115,37,FALSE,FALSE
883,39,266,379,291,266,379,291,266,379,291,113,25,113,25,FALSE,FALSE
883,40,232,357,258,232,357,258,232,357,258,125,26,125,26,FALSE,FALSE
883,41,201,302,225,201,302,225,201,302,225,101,24,101,24,FALSE,FALSE
883,42,173,277,194,173,277,194,173,277,194,104,21,104,21,FALSE,FALSE
883,43,142,241,172,142,241,172,142,241,172,99,30,99,30,FALSE,FALSE
883,44,118,210,142,118,210,142,118,210,142,92,24,92,24,FALSE,FALSE
883,45,100,178,122,100,178,122,100,178,122,78,22,78,22,FALSE,FALSE
883,46,82,152,111,82,152,111,82,152,111,70,29,70,29,FALSE,FALSE
883,47,74,134,93,74,134,93,74,134,93,60,19,60,19,FALSE,FALSE
883,48,71,123,77,71,123,77,71,123,77,52,6,52,6,FALSE,FALSE
883,49,57,112,68,57,112,68,57,112,68,55,11,55,11,FALSE,FALSE
883,50,45,106,69,45,106,69,45,106,69,61,24,61,24,FALSE,FALSE
883,51,36,93,58,36,93,58,36,93,58,57,22,57,22,FALSE,FALSE
883,52,29,88,50,29,88,50,29,88,50,59,21,59,21,FALSE,FALSE
883,53,23,73,43,23,73,43,23,73,43,50,20,50,20,FALSE,FALSE
883,54,19,62,38,19,62,38,19,62,38,43,19,43,19,FALSE,FALSE
883,55,19,50,32,19,50,32,19,50,32,31,13,31,13,FALSE,FALSE
883,56,15,44,24,15,44,24,15,44,24,29,9,29,9,FALSE,FALSE
883,57,10,37,23,10,37,23,10,37,23,27,13,27,13,FALSE,FALSE
883,58,12,28,21,12,28,21,12,28,21,16,9,16,9,FALSE,FALSE
883,59,11,22,19,11,22,19,11,22,19,11,8,11,8,FALSE,FALSE
883,60,11,16,17,11,16,17,11,16,17,5,6,5,6,FALSE,FALSE
884,0,83,83,83,83,83,83,83,83,83,0,0,0,0,TRUE,TRUE
884,1,94,92,98,94,92,98,94,92,98,-2,4,2,4,FALSE,FALSE
884,2,112,110,117,112,110,117,112,110,117,-2,5,2,5,FALSE,FALSE
884,3,128,134,130,128,134,130,128,134,130,6,2,6,2,FALSE,FALSE
884,4,143,145,148,143,145,148,143,145,148,2,5,2,5,FALSE,FALSE
884,5,164,169,179,164,169,179,164,169,179,5,15,5,15,FALSE,FALSE
884,6,190,193,209,190,193,209,190,193,209,3,19,3,19,FALSE,FALSE
884,7,227,219,249,227,219,249,227,219,249,-8,22,8,22,FALSE,FALSE
884,8,275,248,292,275,248,292,275,248,292,-27,17,27,17,FALSE,FALSE
884,9,303,286,331,303,286,331,303,286,331,-17,28,17,28,FALSE,FALSE
884,10,371,311,383,371,311,383,371,311,383,-60,12,60,12,FALSE,FALSE
884,11,427,358,430,427,358,430,427,358,430,-69,3,69,3,FALSE,FALSE
884,12,493,409,494,493,409,494,493,409,494,-84,1,84,1,FALSE,FALSE
884,13,562,482,570,562,482,570,562,482,570,-80,8,80,8,FALSE,FALSE
884,14,652,541,646,652,541,646,652,541,646,-111,-6,111,6,FALSE,FALSE
884,15,758,622,732,758,622,732,758,622,732,-136,-26,136,26,FALSE,FALSE
884,16,868,724,824,868,724,824,868,724,824,-144,-44,144,44,FALSE,FALSE
884,17,988,833,958,988,833,958,988,833,958,-155,-30,155,30,FALSE,FALSE
884,18,1111,937,1091,1111,937,1091,1111,937,1091,-174,-20,174,20,FALSE,FALSE
884,19,1234,1047,1245,1234,1047,1245,1234,1047,1245,-187,11,187,11,FALSE,FALSE
884,20,1381,1175,1381,1381,1175,1381,1381,1175,1381,-206,0,206,0,FALSE,TRUE
884,21,1513,1288,1514,1513,1288,1514,1513,1288,1514,-225,1,225,1,FALSE,FALSE
884,22,1648,1432,1625,1648,1432,1625,1648,1432,1625,-216,-23,216,23,FALSE,FALSE
884,23,1771,1546,1750,1771,1546,1750,1771,1546,1750,-225,-21,225,21,FALSE,FALSE
884,24,1901,1650,1867,1901,1650,1867,1901,1650,1867,-251,-34,251,34,FALSE,FALSE
884,25,2030,1799,1992,2030,1799,1992,2030,1799,1992,-231,-38,231,38,FALSE,FALSE
884,26,2143,1911,2113,2143,1911,2113,2143,1911,2113,-232,-30,232,30,FALSE,FALSE
884,27,2232,2006,2196,2232,2006,2196,2232,2006,2196,-226,-36,226,36,FALSE,FALSE
884,28,2263,2096,2281,2263,2096,2281,2263,2096,2281,-167,18,167,18,FALSE,FALSE
884,29,2340,2160,2343,2340,2160,2343,2340,2160,2343,-180,3,180,3,FALSE,FALSE
884,30,2370,2204,2388,2370,2204,2388,2370,2204,2388,-166,18,166,18,FALSE,FALSE
884,31,2380,2213,2411,2380,2213,2411,2380,2213,2411,-167,31,167,31,FALSE,FALSE
884,32,2355,2265,2393,2355,2265,2393,2355,2265,2393,-90,38,90,38,FALSE,FALSE
884,33,2311,2244,2375,2311,2244,2375,2311,2244,2375,-67,64,67,64,FALSE,FALSE
884,34,2294,2247,2328,2294,2247,2328,2294,2247,2328,-47,34,47,34,FALSE,FALSE
884,35,2238,2244,2276,2238,2244,2276,2238,2244,2276,6,38,6,38,FALSE,FALSE
884,36,2201,2200,2222,2201,2200,2222,2201,2200,2222,-1,21,1,21,FALSE,FALSE
884,37,2120,2130,2134,2120,2130,2134,2120,2130,2134,10,14,10,14,FALSE,FALSE
884,38,2063,2087,2049,2063,2087,2049,2063,2087,2049,24,-14,24,14,FALSE,FALSE
884,39,1997,2019,1991,1997,2019,1991,1997,2019,1991,22,-6,22,6,FALSE,FALSE
884,40,1945,1983,1936,1945,1983,1936,1945,1983,1936,38,-9,38,9,FALSE,FALSE
884,41,1865,1909,1868,1865,1909,1868,1865,1909,1868,44,3,44,3,FALSE,FALSE
884,42,1789,1853,1764,1789,1853,1764,1789,1853,1764,64,-25,64,25,FALSE,FALSE
884,43,1717,1795,1675,1717,1795,1675,1717,1795,1675,78,-42,78,42,FALSE,FALSE
884,44,1643,1749,1601,1643,1749,1601,1643,1749,1601,106,-42,106,42,FALSE,FALSE
884,45,1579,1700,1532,1579,1700,1532,1579,1700,1532,121,-47,121,47,FALSE,FALSE
884,46,1498,1654,1460,1498,1654,1460,1498,1654,1460,156,-38,156,38,FALSE,FALSE
884,47,1404,1579,1394,1404,1579,1394,1404,1579,1394,175,-10,175,10,FALSE,FALSE
884,48,1329,1492,1330,1329,1492,1330,1329,1492,1330,163,1,163,1,FALSE,FALSE
884,49,1244,1420,1252,1244,1420,1252,1244,1420,1252,176,8,176,8,FALSE,FALSE
884,50,1177,1343,1207,1177,1343,1207,1177,1343,1207,166,30,166,30,FALSE,FALSE
884,51,1102,1263,1140,1102,1263,1140,1102,1263,1140,161,38,161,38,FALSE,FALSE
884,52,1041,1187,1082,1041,1187,1082,1041,1187,1082,146,41,146,41,FALSE,FALSE
884,53,990,1135,1021,990,1135,1021,990,1135,1021,145,31,145,31,FALSE,FALSE
884,54,934,1088,958,934,1088,958,934,1088,958,154,24,154,24,FALSE,FALSE
884,55,892,1021,918,892,1021,918,892,1021,918,129,26,129,26,FALSE,FALSE
884,56,851,945,863,851,945,863,851,945,863,94,12,94,12,FALSE,FALSE
884,57,800,904,807,800,904,807,800,904,807,104,7,104,7,FALSE,FALSE
884,58,744,851,768,744,851,768,744,851,768,107,24,107,24,FALSE,FALSE
884,59,706,812,728,706,812,728,706,812,728,106,22,106,22,FALSE,FALSE
884,60,667,774,681,667,774,681,667,774,681,107,14,107,14,FALSE,FALSE
885,0,124,124,124,124,124,124,124,124,124,0,0,0,0,TRUE,TRUE
885,1,215,211,232,215,211,232,215,211,232,-4,17,4,17,FALSE,FALSE
885,2,373,362,439,373,362,439,373,362,439,-11,66,11,66,FALSE,FALSE
885,3,670,634,755,670,634,755,670,634,755,-36,85,36,85,FALSE,FALSE
885,4,1186,1050,1248,1186,1050,1248,1186,1050,1248,-136,62,136,62,FALSE,FALSE
885,5,1903,1622,2028,1903,1622,2028,1903,1622,2028,-281,125,281,125,FALSE,FALSE
885,6,2727,2336,2956,2727,2336,2956,2727,2336,2956,-391,229,391,229,FALSE,FALSE
885,7,3565,3035,3728,3565,3035,3728,3565,3035,3728,-530,163,530,163,FALSE,FALSE
885,8,3985,3486,4008,3985,3486,4008,3985,3486,4008,-499,23,499,23,FALSE,FALSE
885,9,3861,3627,3859,3861,3627,3859,3861,3627,3859,-234,-2,234,2,FALSE,FALSE
885,10,3449,3461,3360,3449,3461,3360,3449,3461,3360,12,-89,12,89,FALSE,FALSE
885,11,2887,3118,2909,2887,3118,2909,2887,3118,2909,231,22,231,22,FALSE,FALSE
885,12,2277,2738,2383,2277,2738,2383,2277,2738,2383,461,106,461,106,FALSE,FALSE
885,13,1809,2330,1892,1809,2330,1892,1809,2330,1892,521,83,521,83,FALSE,FALSE
885,14,1433,1918,1486,1433,1918,1486,1433,1918,1486,485,53,485,53,FALSE,FALSE
885,15,1138,1563,1146,1138,1563,1146,1138,1563,1146,425,8,425,8,FALSE,FALSE
885,16,893,1260,879,893,1260,879,893,1260,879,367,-14,367,14,FALSE,FALSE
885,17,700,1021,695,700,1021,695,700,1021,695,321,-5,321,5,FALSE,FALSE
885,18,539,840,557,539,840,557,539,840,557,301,18,301,18,FALSE,FALSE
885,19,423,675,439,423,675,439,423,675,439,252,16,252,16,FALSE,FALSE
885,20,312,535,344,312,535,344,312,535,344,223,32,223,32,FALSE,FALSE
885,21,255,416,268,255,416,268,255,416,268,161,13,161,13,FALSE,FALSE
885,22,196,341,206,196,341,206,196,341,206,145,10,145,10,FALSE,FALSE
885,23,159,257,161,159,257,161,159,257,161,98,2,98,2,FALSE,FALSE
885,24,128,204,116,128,204,116,128,204,116,76,-12,76,12,FALSE,FALSE
885,25,105,152,90,105,152,90,105,152,90,47,-15,47,15,FALSE,FALSE
885,26,79,127,73,79,127,73,79,127,73,48,-6,48,6,FALSE,FALSE
885,27,62,100,50,62,100,50,62,100,50,38,-12,38,12,FALSE,FALSE
885,28,44,77,36,44,77,36,44,77,36,33,-8,33,8,FALSE,FALSE
885,29,29,64,31,29,64,31,29,64,31,35,2,35,2,FALSE,FALSE
885,30,19,49,23,19,49,23,19,49,23,30,4,30,4,FALSE,FALSE
885,31,14,38,16,14,38,16,14,38,16,24,2,24,2,FALSE,FALSE
885,32,12,28,13,12,28,13,12,28,13,16,1,16,1,FALSE,FALSE
885,33,10,21,9,10,21,9,10,21,9,11,-1,11,1,FALSE,FALSE
885,34,10,16,7,10,16,7,10,16,7,6,-3,6,3,FALSE,FALSE
885,35,7,12,4,7,12,4,7,12,4,5,-3,5,3,FALSE,FALSE
885,36,6,7,2,6,7,2,6,7,2,1,-4,1,4,FALSE,FALSE
885,37,4,6,1,4,6,1,4,6,1,2,-3,2,3,FALSE,FALSE
885,38,4,5,0,4,5,0,4,5,0,1,-4,1,4,FALSE,FALSE
885,39,3,5,0,3,5,0,3,5,0,2,-3,2,3,FALSE,FALSE
885,40,3,1,0,3,1,0,3,1,0,-2,-3,2,3,FALSE,FALSE
885,41,3,0,0,3,0,0,3,0,0,-3,-3,3,3,FALSE,FALSE
885,42,2,0,0,2,0,0,2,0,0,-2,-2,2,2,FALSE,FALSE
885,43,1,0,0,1,0,0,1,0,0,-1,-1,1,1,FALSE,FALSE
885,44,1,0,0,1,0,0,1,0,0,-1,-1,1,1,FALSE,FALSE
885,45,1,0,0,1,0,0,1,0,0,-1,-1,1,1,FALSE,FALSE
885,46,1,0,0,1,0,0,1,0,0,-1,-1,1,1,FALSE,FALSE
885,47,1,0,0,1,0,0,1,0,0,-1,-1,1,1,FALSE,FALSE
885,48,0,0,0,0,0,0,0,0,0,0,0,0,0,TRUE,TRUE
885,49,0,0,0,0,0,0,0,0,0,0,0,0,0,TRUE,TRUE
885,50,0,0,0,0,0,0,0,0,0,0,0,0,0,TRUE,TRUE
885,51,0,0,0,0,0,0,0,0,0,0,0,0,0,TRUE,TRUE
885,52,0,0,0,0,0,0,0,0,0,0,0,0,0,TRUE,TRUE
885,53,0,0,0,0,0,0,0,0,0,0,0,0,0,TRUE,TRUE
885,54,0,0,0,0,0,0,0,0,0,0,0,0,0,TRUE,TRUE
885,55,0,0,0,0,0,0,0,0,0,0,0,0,0,TRUE,TRUE
885,56,0,0,0,0,0,0,0,0,0,0,0,0,0,TRUE,TRUE
885,57,0,0,0,0,0,0,0,0,0,0,0,0,0,TRUE,TRUE
885,58,0,0,0,0,0,0,0,0,0,0,0,0,0,TRUE,TRUE
885,59,0,0,0,0,0,0,0,0,0,0,0,0,0,TRUE,TRUE
885,60,0,0,0,0,0,0,0,0,0,0,0,0,0,TRUE,TRUE
886,0,145,145,145,145,145,145,145,145,145,0,0,0,0,TRUE,TRUE
886,1,182,199,230,182,199,230,182,199,230,17,48,17,48,FALSE,FALSE
886,2,239,287,313,239,287,313,239,287,313,48,74,48,74,FALSE,FALSE
886,3,334,352,448,334,352,448,334,352,448,18,114,18,114,FALSE,FALSE
886,4,465,501,629,465,501,629,465,501,629,36,164,36,164,FALSE,FALSE
886,5,657,668,880,657,668,880,657,668,880,11,223,11,223,FALSE,FALSE
886,6,878,897,1158,878,897,1158,878,897,1158,19,280,19,280,FALSE,FALSE
886,7,1229,1180,1577,1229,1180,1577,1229,1180,1577,-49,348,49,348,FALSE,FALSE
886,8,1608,1458,1994,1608,1458,1994,1608,1458,1994,-150,386,150,386,FALSE,FALSE
886,9,2020,1822,2410,2020,1822,2410,2020,1822,2410,-198,390,198,390,FALSE,FALSE
886,10,2444,2217,2836,2444,2217,2836,2444,2217,2836,-227,392,227,392,FALSE,FALSE
886,11,2805,2583,3207,2805,2583,3207,2805,2583,3207,-222,402,222,402,FALSE,FALSE
886,12,3104,2931,3386,3104,2931,3386,3104,2931,3386,-173,282,173,282,FALSE,FALSE
886,13,3344,3102,3466,3344,3102,3466,3344,3102,3466,-242,122,242,122,FALSE,FALSE
886,14,3442,3217,3439,3442,3217,3439,3442,3217,3439,-225,-3,225,3,FALSE,FALSE
886,15,3417,3191,3339,3417,3191,3339,3417,3191,3339,-226,-78,226,78,FALSE,FALSE
886,16,3324,3159,3190,3324,3159,3190,3324,3159,3190,-165,-134,165,134,FALSE,FALSE
886,17,3138,3070,2922,3138,3070,2922,3138,3070,2922,-68,-216,68,216,FALSE,FALSE
886,18,2918,2923,2634,2918,2923,2634,2918,2923,2634,5,-284,5,284,FALSE,FALSE
886,19,2666,2725,2400,2666,2725,2400,2666,2725,2400,59,-266,59,266,FALSE,FALSE
886,20,2415,2504,2146,2415,2504,2146,2415,2504,2146,89,-269,89,269,FALSE,FALSE
886,21,2168,2240,1916,2168,2240,1916,2168,2240,1916,72,-252,72,252,FALSE,FALSE
886,22,1929,1950,1683,1929,1950,1683,1929,1950,1683,21,-246,21,246,FALSE,FALSE
886,23,1692,1729,1474,1692,1729,1474,1692,1729,1474,37,-218,37,218,FALSE,FALSE
886,24,1462,1555,1256,1462,1555,1256,1462,1555,1256,93,-206,93,206,FALSE,FALSE
886,25,1252,1386,1082,1252,1386,1082,1252,1386,1082,134,-170,134,170,FALSE,FALSE
886,26,1124,1207,945,1124,1207,945,1124,1207,945,83,-179,83,179,FALSE,FALSE
886,27,985,1069,831,985,1069,831,985,1069,831,84,-154,84,154,FALSE,FALSE
886,28,837,902,693,837,902,693,837,902,693,65,-144,65,144,FALSE,FALSE
886,29,732,787,600,732,787,600,732,787,600,55,-132,55,132,FALSE,FALSE
886,30,631,672,505,631,672,505,631,672,505,41,-126,41,126,FALSE,FALSE
886,31,528,587,425,528,587,425,528,587,425,59,-103,59,103,FALSE,FALSE
886,32,462,504,360,462,504,360,462,504,360,42,-102,42,102,FALSE,FALSE
886,33,389,446,305,389,446,305,389,446,305,57,-84,57,84,FALSE,FALSE
886,34,347,400,264,347,400,264,347,400,264,53,-83,53,83,FALSE,FALSE
886,35,294,345,224,294,345,224,294,345,224,51,-70,51,70,FALSE,FALSE
886,36,242,296,196,242,296,196,242,296,196,54,-46,54,46,FALSE,FALSE
886,37,197,260,173,197,260,173,197,260,173,63,-24,63,24,FALSE,FALSE
886,38,174,210,153,174,210,153,174,210,153,36,-21,36,21,FALSE,FALSE
886,39,139,177,130,139,177,130,139,177,130,38,-9,38,9,FALSE,FALSE
886,40,118,150,117,118,150,117,118,150,117,32,-1,32,1,FALSE,FALSE
886,41,91,130,102,91,130,102,91,130,102,39,11,39,11,FALSE,FALSE
886,42,79,115,84,79,115,84,79,115,84,36,5,36,5,FALSE,FALSE
886,43,66,104,73,66,104,73,66,104,73,38,7,38,7,FALSE,FALSE
886,44,55,96,59,55,96,59,55,96,59,41,4,41,4,FALSE,FALSE
886,45,48,79,51,48,79,51,48,79,51,31,3,31,3,FALSE,FALSE
886,46,41,70,40,41,70,40,41,70,40,29,-1,29,1,FALSE,FALSE
886,47,36,61,38,36,61,38,36,61,38,25,2,25,2,FALSE,FALSE
886,48,23,55,32,23,55,32,23,55,32,32,9,32,9,FALSE,FALSE
886,49,20,50,22,20,50,22,20,50,22,30,2,30,2,FALSE,FALSE
886,50,15,46,20,15,46,20,15,46,20,31,5,31,5,FALSE,FALSE
886,51,12,42,14,12,42,14,12,42,14,30,2,30,2,FALSE,FALSE
886,52,9,40,11,9,40,11,9,40,11,31,2,31,2,FALSE,FALSE
886,53,8,25,10,8,25,10,8,25,10,17,2,17,2,FALSE,FALSE
886,54,8,20,9,8,20,9,8,20,9,12,1,12,1,FALSE,FALSE
886,55,6,16,6,6,16,6,6,16,6,10,0,10,0,FALSE,TRUE
886,56,5,13,5,5,13,5,5,13,5,8,0,8,0,FALSE,TRUE
886,57,2,12,3,2,12,3,2,12,3,10,1,10,1,FALSE,FALSE
886,58,2,10,3,2,10,3,2,10,3,8,1,8,1,FALSE,FALSE
886,59,1,10,3,1,10,3,1,10,3,9,2,9,2,FALSE,FALSE
886,60,1,10,3,1,10,3,1,10,3,9,2,9,2,FALSE,FALSE
887,0,74,74,74,74,74,74,74,74,74,0,0,0,0,TRUE,TRUE
887,1,89,88,82,89,88,82,89,88,82,-1,-7,1,7,FALSE,FALSE
887,2,96,100,93,96,100,93,96,100,93,4,-3,4,3,FALSE,FALSE
887,3,111,126,123,111,126,123,111,126,123,15,12,15,12,FALSE,FALSE
887,4,136,149,135,136,149,135,136,149,135,13,-1,13,1,FALSE,FALSE
887,5,152,173,163,152,173,163,152,173,163,21,11,21,11,FALSE,FALSE
887,6,179,193,196,179,193,196,179,193,196,14,17,14,17,FALSE,FALSE
887,7,204,227,239,204,227,239,204,227,239,23,35,23,35,FALSE,FALSE
887,8,232,253,280,232,253,280,232,253,280,21,48,21,48,FALSE,FALSE
887,9,259,287,324,259,287,324,259,287,324,28,65,28,65,FALSE,FALSE
887,10,310,333,361,310,333,361,310,333,361,23,51,23,51,FALSE,FALSE
887,11,342,381,404,342,381,404,342,381,404,39,62,39,62,FALSE,FALSE
887,12,373,433,488,373,433,488,373,433,488,60,115,60,115,FALSE,FALSE
887,13,405,492,545,405,492,545,405,492,545,87,140,87,140,FALSE,FALSE
887,14,467,567,607,467,567,607,467,567,607,100,140,100,140,FALSE,FALSE
887,15,514,634,686,514,634,686,514,634,686,120,172,120,172,FALSE,FALSE
887,16,589,704,774,589,704,774,589,704,774,115,185,115,185,FALSE,FALSE
887,17,671,813,831,671,813,831,671,813,831,142,160,142,160,FALSE,FALSE
887,18,755,867,919,755,867,919,755,867,919,112,164,112,164,FALSE,FALSE
887,19,814,940,1003,814,940,1003,814,940,1003,126,189,126,189,FALSE,FALSE
887,20,901,1024,1082,901,1024,1082,901,1024,1082,123,181,123,181,FALSE,FALSE
887,21,992,1112,1145,992,1112,1145,992,1112,1145,120,153,120,153,FALSE,FALSE
887,22,1069,1190,1251,1069,1190,1251,1069,1190,1251,121,182,121,182,FALSE,FALSE
887,23,1144,1266,1338,1144,1266,1338,1144,1266,1338,122,194,122,194,FALSE,FALSE
887,24,1207,1341,1401,1207,1341,1401,1207,1341,1401,134,194,134,194,FALSE,FALSE
887,25,1242,1422,1450,1242,1422,1450,1242,1422,1450,180,208,180,208,FALSE,FALSE
887,26,1293,1455,1482,1293,1455,1482,1293,1455,1482,162,189,162,189,FALSE,FALSE
887,27,1351,1488,1537,1351,1488,1537,1351,1488,1537,137,186,137,186,FALSE,FALSE
887,28,1397,1528,1576,1397,1528,1576,1397,1528,1576,131,179,131,179,FALSE,FALSE
887,29,1417,1515,1602,1417,1515,1602,1417,1515,1602,98,185,98,185,FALSE,FALSE
887,30,1437,1530,1608,1437,1530,1608,1437,1530,1608,93,171,93,171,FALSE,FALSE
887,31,1470,1519,1591,1470,1519,1591,1470,1519,1591,49,121,49,121,FALSE,FALSE
887,32,1485,1506,1562,1485,1506,1562,1485,1506,1562,21,77,21,77,FALSE,FALSE
887,33,1497,1473,1513,1497,1473,1513,1497,1473,1513,-24,16,24,16,FALSE,FALSE
887,34,1497,1492,1479,1497,1492,1479,1497,1492,1479,-5,-18,5,18,FALSE,FALSE
887,35,1444,1468,1452,1444,1468,1452,1444,1468,1452,24,8,24,8,FALSE,FALSE
887,36,1430,1429,1413,1430,1429,1413,1430,1429,1413,-1,-17,1,17,FALSE,FALSE
887,37,1408,1398,1345,1408,1398,1345,1408,1398,1345,-10,-63,10,63,FALSE,FALSE
887,38,1360,1341,1293,1360,1341,1293,1360,1341,1293,-19,-67,19,67,FALSE,FALSE
887,39,1321,1309,1256,1321,1309,1256,1321,1309,1256,-12,-65,12,65,FALSE,FALSE
887,40,1260,1258,1198,1260,1258,1198,1260,1258,1198,-2,-62,2,62,FALSE,FALSE
887,41,1232,1202,1154,1232,1202,1154,1232,1202,1154,-30,-78,30,78,FALSE,FALSE
887,42,1198,1144,1114,1198,1144,1114,1198,1144,1114,-54,-84,54,84,FALSE,FALSE
887,43,1137,1106,1022,1137,1106,1022,1137,1106,1022,-31,-115,31,115,FALSE,FALSE
887,44,1106,1074,986,1106,1074,986,1106,1074,986,-32,-120,32,120,FALSE,FALSE
887,45,1053,1014,932,1053,1014,932,1053,1014,932,-39,-121,39,121,FALSE,FALSE
887,46,1000,960,894,1000,960,894,1000,960,894,-40,-106,40,106,FALSE,FALSE
887,47,951,915,835,951,915,835,951,915,835,-36,-116,36,116,FALSE,FALSE
887,48,898,854,791,898,854,791,898,854,791,-44,-107,44,107,FALSE,FALSE
887,49,849,787,738,849,787,738,849,787,738,-62,-111,62,111,FALSE,FALSE
887,50,805,751,694,805,751,694,805,751,694,-54,-111,54,111,FALSE,FALSE
887,51,764,695,664,764,695,664,764,695,664,-69,-100,69,100,FALSE,FALSE
887,52,714,645,631,714,645,631,714,645,631,-69,-83,69,83,FALSE,FALSE
887,53,687,588,584,687,588,584,687,588,584,-99,-103,99,103,FALSE,FALSE
887,54,661,553,550,661,553,550,661,553,550,-108,-111,108,111,FALSE,FALSE
887,55,628,525,521,628,525,521,628,525,521,-103,-107,103,107,FALSE,FALSE
887,56,588,499,495,588,499,495,588,499,495,-89,-93,89,93,FALSE,FALSE
887,57,553,463,461,553,463,461,553,463,461,-90,-92,90,92,FALSE,FALSE
887,58,523,446,439,523,446,439,523,446,439,-77,-84,77,84,FALSE,FALSE
887,59,489,424,416,489,424,416,489,424,416,-65,-73,65,73,FALSE,FALSE
887,60,446,390,384,446,390,384,446,390,384,-56,-62,56,62,FALSE,FALSE
888,0,107,107,107,107,107,107,107,107,107,0,0,0,0,TRUE,TRUE
888,1,158,161,156,158,161,156,158,161,156,3,-2,3,2,FALSE,FALSE
888,2,237,262,236,237,262,236,237,262,236,25,-1,25,1,FALSE,FALSE
888,3,352,402,333,352,402,333,352,402,333,50,-19,50,19,FALSE,FALSE
888,4,525,592,472,525,592,472,525,592,472,67,-53,67,53,FALSE,FALSE
888,5,754,850,661,754,850,661,754,850,661,96,-93,96,93,FALSE,FALSE
888,6,1069,1190,954,1069,1190,954,1069,1190,954,121,-115,121,115,FALSE,FALSE
888,7,1420,1645,1345,1420,1645,1345,1420,1645,1345,225,-75,225,75,FALSE,FALSE
888,8,1876,2151,1816,1876,2151,1816,1876,2151,1816,275,-60,275,60,FALSE,FALSE
888,9,2358,2628,2304,2358,2628,2304,2358,2628,2304,270,-54,270,54,FALSE,FALSE
888,10,2828,3054,2762,2828,3054,2762,2828,3054,2762,226,-66,226,66,FALSE,FALSE
888,11,3180,3371,3159,3180,3371,3159,3180,3371,3159,191,-21,191,21,FALSE,FALSE
888,12,3401,3517,3404,3401,3517,3404,3401,3517,3404,116,3,116,3,FALSE,FALSE
888,13,3490,3508,3522,3490,3508,3522,3490,3508,3522,18,32,18,32,FALSE,FALSE
888,14,3445,3434,3459,3445,3434,3459,3445,3434,3459,-11,14,11,14,FALSE,FALSE
888,15,3365,3277,3331,3365,3277,3331,3365,3277,3331,-88,-34,88,34,FALSE,FALSE
888,16,3160,3087,3125,3160,3087,3125,3160,3087,3125,-73,-35,73,35,FALSE,FALSE
888,17,2909,2792,2888,2909,2792,2888,2909,2792,2888,-117,-21,117,21,FALSE,FALSE
888,18,2634,2502,2620,2634,2502,2620,2634,2502,2620,-132,-14,132,14,FALSE,FALSE
888,19,2374,2230,2370,2374,2230,2370,2374,2230,2370,-144,-4,144,4,FALSE,FALSE
888,20,2135,1982,2130,2135,1982,2130,2135,1982,2130,-153,-5,153,5,FALSE,FALSE
888,21,1900,1748,1905,1900,1748,1905,1900,1748,1905,-152,5,152,5,FALSE,FALSE
888,22,1695,1531,1699,1695,1531,1699,1695,1531,1699,-164,4,164,4,FALSE,FALSE
888,23,1483,1368,1522,1483,1368,1522,1483,1368,1522,-115,39,115,39,FALSE,FALSE
888,24,1323,1218,1353,1323,1218,1353,1323,1218,1353,-105,30,105,30,FALSE,FALSE
888,25,1164,1077,1195,1164,1077,1195,1164,1077,1195,-87,31,87,31,FALSE,FALSE
888,26,1011,944,1073,1011,944,1073,1011,944,1073,-67,62,67,62,FALSE,FALSE
888,27,881,824,939,881,824,939,881,824,939,-57,58,57,58,FALSE,FALSE
888,28,765,732,838,765,732,838,765,732,838,-33,73,33,73,FALSE,FALSE
888,29,675,641,724,675,641,724,675,641,724,-34,49,34,49,FALSE,FALSE
888,30,591,555,643,591,555,643,591,555,643,-36,52,36,52,FALSE,FALSE
888,31,527,475,564,527,475,564,527,475,564,-52,37,52,37,FALSE,FALSE
888,32,461,421,499,461,421,499,461,421,499,-40,38,40,38,FALSE,FALSE
888,33,401,372,436,401,372,436,401,372,436,-29,35,29,35,FALSE,FALSE
888,34,341,327,374,341,327,374,341,327,374,-14,33,14,33,FALSE,FALSE
888,35,306,288,328,306,288,328,306,288,328,-18,22,18,22,FALSE,FALSE
888,36,265,257,276,265,257,276,265,257,276,-8,11,8,11,FALSE,FALSE
888,37,229,220,248,229,220,248,229,220,248,-9,19,9,19,FALSE,FALSE
888,38,186,194,212,186,194,212,186,194,212,8,26,8,26,FALSE,FALSE
888,39,162,175,189,162,175,189,162,175,189,13,27,13,27,FALSE,FALSE
888,40,144,153,160,144,153,160,144,153,160,9,16,9,16,FALSE,FALSE
888,41,130,135,142,130,135,142,130,135,142,5,12,5,12,FALSE,FALSE
888,42,118,122,124,118,122,124,118,122,124,4,6,4,6,FALSE,FALSE
888,43,98,111,113,98,111,113,98,111,113,13,15,13,15,FALSE,FALSE
888,44,84,92,99,84,92,99,84,92,99,8,15,8,15,FALSE,FALSE
888,45,69,79,86,69,79,86,69,79,86,10,17,10,17,FALSE,FALSE
888,46,65,67,76,65,67,76,65,67,76,2,11,2,11,FALSE,FALSE
888,47,60,59,71,60,59,71,60,59,71,-1,11,1,11,FALSE,FALSE
888,48,56,54,65,56,54,65,56,54,65,-2,9,2,9,FALSE,FALSE
888,49,46,52,53,46,52,53,46,52,53,6,7,6,7,FALSE,FALSE
888,50,37,43,50,37,43,50,37,43,50,6,13,6,13,FALSE,FALSE
888,51,34,36,42,34,36,42,34,36,42,2,8,2,8,FALSE,FALSE
888,52,31,30,35,31,30,35,31,30,35,-1,4,1,4,FALSE,FALSE
888,53,30,25,28,30,25,28,30,25,28,-5,-2,5,2,FALSE,FALSE
888,54,19,22,24,19,22,24,19,22,24,3,5,3,5,FALSE,FALSE
888,55,18,19,24,18,19,24,18,19,24,1,6,1,6,FALSE,FALSE
888,56,15,13,21,15,13,21,15,13,21,-2,6,2,6,FALSE,FALSE
888,57,12,12,18,12,12,18,12,12,18,0,6,0,6,TRUE,FALSE
888,58,10,11,15,10,11,15,10,11,15,1,5,1,5,FALSE,FALSE
888,59,9,10,15,9,10,15,9,10,15,1,6,1,6,FALSE,FALSE
888,60,9,8,13,9,8,13,9,8,13,-1,4,1,4,FALSE,FALSE
889,0,133,133,133,133,133,133,133,133,133,0,0,0,0,TRUE,TRUE
889,1,204,195,188,204,195,188,204,195,188,-9,-16,9,16,FALSE,FALSE
889,2,312,277,272,312,277,272,312,277,272,-35,-40,35,40,FALSE,FALSE
889,3,450,397,414,450,397,414,450,397,414,-53,-36,53,36,FALSE,FALSE
889,4,633,603,602,633,603,602,633,603,602,-30,-31,30,31,FALSE,FALSE
889,5,867,827,852,867,827,852,867,827,852,-40,-15,40,15,FALSE,FALSE
889,6,1211,1116,1133,1211,1116,1133,1211,1116,1133,-95,-78,95,78,FALSE,FALSE
889,7,1669,1547,1537,1669,1547,1537,1669,1547,1537,-122,-132,122,132,FALSE,FALSE
889,8,2141,1989,1992,2141,1989,1992,2141,1989,1992,-152,-149,152,149,FALSE,FALSE
889,9,2726,2610,2518,2726,2610,2518,2726,2610,2518,-116,-208,116,208,FALSE,FALSE
889,10,3238,3119,3007,3238,3119,3007,3238,3119,3007,-119,-231,119,231,FALSE,FALSE
889,11,3656,3520,3461,3656,3520,3461,3656,3520,3461,-136,-195,136,195,FALSE,FALSE
889,12,3939,3784,3791,3939,3784,3791,3939,3784,3791,-155,-148,155,148,FALSE,FALSE
889,13,4118,3904,3940,4118,3904,3940,4118,3904,3940,-214,-178,214,178,FALSE,FALSE
889,14,4113,3950,3948,4113,3950,3948,4113,3950,3948,-163,-165,163,165,FALSE,FALSE
889,15,4006,3887,3901,4006,3887,3901,4006,3887,3901,-119,-105,119,105,FALSE,FALSE
889,16,3792,3772,3773,3792,3772,3773,3792,3772,3773,-20,-19,20,19,FALSE,FALSE
889,17,3565,3554,3558,3565,3554,3558,3565,3554,3558,-11,-7,11,7,FALSE,FALSE
889,18,3249,3236,3305,3249,3236,3305,3249,3236,3305,-13,56,13,56,FALSE,FALSE
889,19,2937,2963,2995,2937,2963,2995,2937,2963,2995,26,58,26,58,FALSE,FALSE
889,20,2603,2642,2736,2603,2642,2736,2603,2642,2736,39,133,39,133,FALSE,FALSE
889,21,2372,2377,2481,2372,2377,2481,2372,2377,2481,5,109,5,109,FALSE,FALSE
889,22,2117,2121,2183,2117,2121,2183,2117,2121,2183,4,66,4,66,FALSE,FALSE
889,23,1882,1864,1968,1882,1864,1968,1882,1864,1968,-18,86,18,86,FALSE,FALSE
889,24,1650,1664,1762,1650,1664,1762,1650,1664,1762,14,112,14,112,FALSE,FALSE
889,25,1464,1459,1563,1464,1459,1563,1464,1459,1563,-5,99,5,99,FALSE,FALSE
889,26,1309,1316,1381,1309,1316,1381,1309,1316,1381,7,72,7,72,FALSE,FALSE
889,27,1157,1144,1182,1157,1144,1182,1157,1144,1182,-13,25,13,25,FALSE,FALSE
889,28,981,1006,1050,981,1006,1050,981,1006,1050,25,69,25,69,FALSE,FALSE
889,29,863,891,924,863,891,924,863,891,924,28,61,28,61,FALSE,FALSE
889,30,750,782,810,750,782,810,750,782,810,32,60,32,60,FALSE,FALSE
889,31,658,683,728,658,683,728,658,683,728,25,70,25,70,FALSE,FALSE
889,32,585,594,651,585,594,651,585,594,651,9,66,9,66,FALSE,FALSE
889,33,516,525,569,516,525,569,516,525,569,9,53,9,53,FALSE,FALSE
889,34,435,456,507,435,456,507,435,456,507,21,72,21,72,FALSE,FALSE
889,35,370,400,456,370,400,456,370,400,456,30,86,30,86,FALSE,FALSE
889,36,321,345,398,321,345,398,321,345,398,24,77,24,77,FALSE,FALSE
889,37,280,296,357,280,296,357,280,296,357,16,77,16,77,FALSE,FALSE
889,38,231,265,307,231,265,307,231,265,307,34,76,34,76,FALSE,FALSE
889,39,202,231,270,202,231,270,202,231,270,29,68,29,68,FALSE,FALSE
889,40,175,199,227,175,199,227,175,199,227,24,52,24,52,FALSE,FALSE
889,41,157,173,205,157,173,205,157,173,205,16,48,16,48,FALSE,FALSE
889,42,138,149,194,138,149,194,138,149,194,11,56,11,56,FALSE,FALSE
889,43,121,135,167,121,135,167,121,135,167,14,46,14,46,FALSE,FALSE
889,44,111,120,147,111,120,147,111,120,147,9,36,9,36,FALSE,FALSE
889,45,93,106,131,93,106,131,93,106,131,13,38,13,38,FALSE,FALSE
889,46,79,101,121,79,101,121,79,101,121,22,42,22,42,FALSE,FALSE
889,47,67,88,109,67,88,109,67,88,109,21,42,21,42,FALSE,FALSE
889,48,57,79,95,57,79,95,57,79,95,22,38,22,38,FALSE,FALSE
889,49,50,69,90,50,69,90,50,69,90,19,40,19,40,FALSE,FALSE
889,50,43,60,81,43,60,81,43,60,81,17,38,17,38,FALSE,FALSE
889,51,37,45,74,37,45,74,37,45,74,8,37,8,37,FALSE,FALSE
889,52,31,37,66,31,37,66,31,37,66,6,35,6,35,FALSE,FALSE
889,53,29,35,52,29,35,52,29,35,52,6,23,6,23,FALSE,FALSE
889,54,25,32,47,25,32,47,25,32,47,7,22,7,22,FALSE,FALSE
889,55,21,27,41,21,27,41,21,27,41,6,20,6,20,FALSE,FALSE
889,56,17,27,35,17,27,35,17,27,35,10,18,10,18,FALSE,FALSE
889,57,14,21,29,14,21,29,14,21,29,7,15,7,15,FALSE,FALSE
889,58,10,19,23,10,19,23,10,19,23,9,13,9,13,FALSE,FALSE
889,59,9,17,18,9,17,18,9,17,18,8,9,8,9,FALSE,FALSE
889,60,9,15,16,9,15,16,9,15,16,6,7,6,7,FALSE,FALSE
890,0,59,59,59,59,59,59,59,59,59,0,0,0,0,TRUE,TRUE
890,1,81,91,85,81,91,85,81,91,85,10,4,10,4,FALSE,FALSE
890,2,121,144,117,121,144,117,121,144,117,23,-4,23,4,FALSE,FALSE
890,3,183,223,165,183,223,165,183,223,165,40,-18,40,18,FALSE,FALSE
890,4,266,335,249,266,335,249,266,335,249,69,-17,69,17,FALSE,FALSE
890,5,385,476,388,385,476,388,385,476,388,91,3,91,3,FALSE,FALSE
890,6,540,693,561,540,693,561,540,693,561,153,21,153,21,FALSE,FALSE
890,7,792,969,760,792,969,760,792,969,760,177,-32,177,32,FALSE,FALSE
890,8,1096,1296,1061,1096,1296,1061,1096,1296,1061,200,-35,200,35,FALSE,FALSE
890,9,1458,1724,1400,1458,1724,1400,1458,1724,1400,266,-58,266,58,FALSE,FALSE
890,10,1883,2096,1774,1883,2096,1774,1883,2096,1774,213,-109,213,109,FALSE,FALSE
890,11,2273,2460,2146,2273,2460,2146,2273,2460,2146,187,-127,187,127,FALSE,FALSE
890,12,2589,2760,2440,2589,2760,2440,2589,2760,2440,171,-149,171,149,FALSE,FALSE
890,13,2784,2871,2638,2784,2871,2638,2784,2871,2638,87,-146,87,146,FALSE,FALSE
890,14,2922,2867,2712,2922,2867,2712,2922,2867,2712,-55,-210,55,210,FALSE,FALSE
890,15,2857,2766,2738,2857,2766,2738,2857,2766,2738,-91,-119,91,119,FALSE,FALSE
890,16,2766,2627,2605,2766,2627,2605,2766,2627,2605,-139,-161,139,161,FALSE,FALSE
890,17,2554,2394,2391,2554,2394,2391,2554,2394,2391,-160,-163,160,163,FALSE,FALSE
890,18,2299,2169,2236,2299,2169,2236,2299,2169,2236,-130,-63,130,63,FALSE,FALSE
890,19,2046,1961,2026,2046,1961,2026,2046,1961,2026,-85,-20,85,20,FALSE,FALSE
890,20,1800,1732,1792,1800,1732,1792,1800,1732,1792,-68,-8,68,8,FALSE,FALSE
890,21,1571,1538,1599,1571,1538,1599,1571,1538,1599,-33,28,33,28,FALSE,FALSE
890,22,1350,1347,1376,1350,1347,1376,1350,1347,1376,-3,26,3,26,FALSE,FALSE
890,23,1165,1172,1190,1165,1172,1190,1165,1172,1190,7,25,7,25,FALSE,FALSE
890,24,996,1012,1033,996,1012,1033,996,1012,1033,16,37,16,37,FALSE,FALSE
890,25,853,883,891,853,883,891,853,883,891,30,38,30,38,FALSE,FALSE
890,26,722,742,760,722,742,760,722,742,760,20,38,20,38,FALSE,FALSE
890,27,613,634,659,613,634,659,613,634,659,21,46,21,46,FALSE,FALSE
890,28,511,530,549,511,530,549,511,530,549,19,38,19,38,FALSE,FALSE
890,29,429,443,456,429,443,456,429,443,456,14,27,14,27,FALSE,FALSE
890,30,366,399,386,366,399,386,366,399,386,33,20,33,20,FALSE,FALSE
890,31,326,342,330,326,342,330,326,342,330,16,4,16,4,FALSE,FALSE
890,32,279,288,277,279,288,277,279,288,277,9,-2,9,2,FALSE,FALSE
890,33,235,249,236,235,249,236,235,249,236,14,1,14,1,FALSE,FALSE
890,34,200,215,196,200,215,196,200,215,196,15,-4,15,4,FALSE,FALSE
890,35,169,183,164,169,183,164,169,183,164,14,-5,14,5,FALSE,FALSE
890,36,150,152,134,150,152,134,150,152,134,2,-16,2,16,FALSE,FALSE
890,37,123,120,106,123,120,106,123,120,106,-3,-17,3,17,FALSE,FALSE
890,38,99,105,90,99,105,90,99,105,90,6,-9,6,9,FALSE,FALSE
890,39,81,88,65,81,88,65,81,88,65,7,-16,7,16,FALSE,FALSE
890,40,74,70,48,74,70,48,74,70,48,-4,-26,4,26,FALSE,FALSE
890,41,65,58,45,65,58,45,65,58,45,-7,-20,7,20,FALSE,FALSE
890,42,55,55,37,55,55,37,55,55,37,0,-18,0,18,TRUE,FALSE
890,43,48,48,29,48,48,29,48,48,29,0,-19,0,19,TRUE,FALSE
890,44,35,41,27,35,41,27,35,41,27,6,-8,6,8,FALSE,FALSE
890,45,28,30,26,28,30,26,28,30,26,2,-2,2,2,FALSE,FALSE
890,46,26,29,19,26,29,19,26,29,19,3,-7,3,7,FALSE,FALSE
890,47,22,22,16,22,22,16,22,22,16,0,-6,0,6,TRUE,FALSE
890,48,21,19,15,21,19,15,21,19,15,-2,-6,2,6,FALSE,FALSE
890,49,16,13,14,16,13,14,16,13,14,-3,-2,3,2,FALSE,FALSE
890,50,16,8,11,16,8,11,16,8,11,-8,-5,8,5,FALSE,FALSE
890,51,13,9,7,13,9,7,13,9,7,-4,-6,4,6,FALSE,FALSE
890,52,11,7,6,11,7,6,11,7,6,-4,-5,4,5,FALSE,FALSE
890,53,9,6,5,9,6,5,9,6,5,-3,-4,3,4,FALSE,FALSE
890,54,8,4,4,8,4,4,8,4,4,-4,-4,4,4,FALSE,FALSE
890,55,8,4,3,8,4,3,8,4,3,-4,-5,4,5,FALSE,FALSE
890,56,8,3,3,8,3,3,8,3,3,-5,-5,5,5,FALSE,FALSE
890,57,8,2,2,8,2,2,8,2,2,-6,-6,6,6,FALSE,FALSE
890,58,8,1,2,8,1,2,8,1,2,-7,-6,7,6,FALSE,FALSE
890,59,8,1,2,8,1,2,8,1,2,-7,-6,7,6,FALSE,FALSE
890,60,6,1,2,6,1,2,6,1,2,-5,-4,5,4,FALSE,FALSE
891,0,44,44,44,44,44,44,44,44,44,0,0,0,0,TRUE,TRUE
891,1,59,66,63,59,66,63,59,66,63,7,4,7,4,FALSE,FALSE
891,2,78,103,96,78,103,96,78,103,96,25,18,25,18,FALSE,FALSE
891,3,126,140,129,126,140,129,126,140,129,14,3,14,3,FALSE,FALSE
891,4,191,195,177,191,195,177,191,195,177,4,-14,4,14,FALSE,FALSE
891,5,283,275,254,283,275,254,283,275,254,-8,-29,8,29,FALSE,FALSE
891,6,410,381,343,410,381,343,410,381,343,-29,-67,29,67,FALSE,FALSE
891,7,563,549,456,563,549,456,563,549,456,-14,-107,14,107,FALSE,FALSE
891,8,770,749,645,770,749,645,770,749,645,-21,-125,21,125,FALSE,FALSE
891,9,1038,1010,904,1038,1010,904,1038,1010,904,-28,-134,28,134,FALSE,FALSE
891,10,1331,1297,1195,1331,1297,1195,1331,1297,1195,-34,-136,34,136,FALSE,FALSE
891,11,1664,1560,1510,1664,1560,1510,1664,1560,1510,-104,-154,104,154,FALSE,FALSE
891,12,1971,1852,1806,1971,1852,1806,1971,1852,1806,-119,-165,119,165,FALSE,FALSE
891,13,2223,2038,2099,2223,2038,2099,2223,2038,2099,-185,-124,185,124,FALSE,FALSE
891,14,2354,2223,2285,2354,2223,2285,2354,2223,2285,-131,-69,131,69,FALSE,FALSE
891,15,2421,2287,2470,2421,2287,2470,2421,2287,2470,-134,49,134,49,FALSE,FALSE
891,16,2396,2291,2499,2396,2291,2499,2396,2291,2499,-105,103,105,103,FALSE,FALSE
891,17,2336,2241,2461,2336,2241,2461,2336,2241,2461,-95,125,95,125,FALSE,FALSE
891,18,2205,2144,2341,2205,2144,2341,2205,2144,2341,-61,136,61,136,FALSE,FALSE
891,19,2060,2019,2200,2060,2019,2200,2060,2019,2200,-41,140,41,140,FALSE,FALSE
891,20,1887,1871,1999,1887,1871,1999,1887,1871,1999,-16,112,16,112,FALSE,FALSE
891,21,1670,1682,1851,1670,1682,1851,1670,1682,1851,12,181,12,181,FALSE,FALSE
891,22,1492,1543,1639,1492,1543,1639,1492,1543,1639,51,147,51,147,FALSE,FALSE
891,23,1321,1358,1441,1321,1358,1441,1321,1358,1441,37,120,37,120,FALSE,FALSE
891,24,1160,1220,1294,1160,1220,1294,1160,1220,1294,60,134,60,134,FALSE,FALSE
891,25,1020,1104,1147,1020,1104,1147,1020,1104,1147,84,127,84,127,FALSE,FALSE
891,26,899,980,998,899,980,998,899,980,998,81,99,81,99,FALSE,FALSE
891,27,776,867,898,776,867,898,776,867,898,91,122,91,122,FALSE,FALSE
891,28,692,762,790,692,762,790,692,762,790,70,98,70,98,FALSE,FALSE
891,29,597,674,678,597,674,678,597,674,678,77,81,77,81,FALSE,FALSE
891,30,513,580,586,513,580,586,513,580,586,67,73,67,73,FALSE,FALSE
891,31,465,521,522,465,521,522,465,521,522,56,57,56,57,FALSE,FALSE
891,32,398,453,454,398,453,454,398,453,454,55,56,55,56,FALSE,FALSE
891,33,339,399,402,339,399,402,339,399,402,60,63,60,63,FALSE,FALSE
891,34,291,348,355,291,348,355,291,348,355,57,64,57,64,FALSE,FALSE
891,35,249,308,309,249,308,309,249,308,309,59,60,59,60,FALSE,FALSE
891,36,212,270,262,212,270,262,212,270,262,58,50,58,50,FALSE,FALSE
891,37,182,239,220,182,239,220,182,239,220,57,38,57,38,FALSE,FALSE
891,38,153,208,190,153,208,190,153,208,190,55,37,55,37,FALSE,FALSE
891,39,133,178,164,133,178,164,133,178,164,45,31,45,31,FALSE,FALSE
891,40,118,151,143,118,151,143,118,151,143,33,25,33,25,FALSE,FALSE
891,41,102,135,124,102,135,124,102,135,124,33,22,33,22,FALSE,FALSE
891,42,92,108,107,92,108,107,92,108,107,16,15,16,15,FALSE,FALSE
891,43,84,92,97,84,92,97,84,92,97,8,13,8,13,FALSE,FALSE
891,44,73,81,90,73,81,90,73,81,90,8,17,8,17,FALSE,FALSE
891,45,62,72,77,62,72,77,62,72,77,10,15,10,15,FALSE,FALSE
891,46,49,64,73,49,64,73,49,64,73,15,24,15,24,FALSE,FALSE
891,47,42,58,63,42,58,63,42,58,63,16,21,16,21,FALSE,FALSE
891,48,37,51,58,37,51,58,37,51,58,14,21,14,21,FALSE,FALSE
891,49,30,45,55,30,45,55,30,45,55,15,25,15,25,FALSE,FALSE
891,50,28,36,48,28,36,48,28,36,48,8,20,8,20,FALSE,FALSE
891,51,26,31,45,26,31,45,26,31,45,5,19,5,19,FALSE,FALSE
891,52,26,28,39,26,28,39,26,28,39,2,13,2,13,FALSE,FALSE
891,53,22,26,32,22,26,32,22,26,32,4,10,4,10,FALSE,FALSE
891,54,21,27,25,21,27,25,21,27,25,6,4,6,4,FALSE,FALSE
891,55,14,26,21,14,26,21,14,26,21,12,7,12,7,FALSE,FALSE
891,56,15,25,18,15,25,18,15,25,18,10,3,10,3,FALSE,FALSE
891,57,13,23,16,13,23,16,13,23,16,10,3,10,3,FALSE,FALSE
891,58,11,21,14,11,21,14,11,21,14,10,3,10,3,FALSE,FALSE
891,59,10,16,14,10,16,14,10,16,14,6,4,6,4,FALSE,FALSE
891,60,8,11,12,8,11,12,8,11,12,3,4,3,4,FALSE,FALSE
892,0,98,98,98,98,98,98,98,98,98,0,0,0,0,TRUE,TRUE
892,1,119,120,118,119,120,118,119,120,118,1,-1,1,1,FALSE,FALSE
892,2,136,155,143,136,155,143,136,155,143,19,7,19,7,FALSE,FALSE
892,3,151,196,180,151,196,180,151,196,180,45,29,45,29,FALSE,FALSE
892,4,186,230,197,186,230,197,186,230,197,44,11,44,11,FALSE,FALSE
892,5,230,267,241,230,267,241,230,267,241,37,11,37,11,FALSE,FALSE
892,6,274,305,272,274,305,272,274,305,272,31,-2,31,2,FALSE,FALSE
892,7,333,343,300,333,343,300,333,343,300,10,-33,10,33,FALSE,FALSE
892,8,375,397,351,375,397,351,375,397,351,22,-24,22,24,FALSE,FALSE
892,9,438,486,412,438,486,412,438,486,412,48,-26,48,26,FALSE,FALSE
892,10,488,557,436,488,557,436,488,557,436,69,-52,69,52,FALSE,FALSE
892,11,566,624,479,566,624,479,566,624,479,58,-87,58,87,FALSE,FALSE
892,12,644,673,522,644,673,522,644,673,522,29,-122,29,122,FALSE,FALSE
892,13,716,747,539,716,747,539,716,747,539,31,-177,31,177,FALSE,FALSE
892,14,752,780,577,752,780,577,752,780,577,28,-175,28,175,FALSE,FALSE
892,15,789,842,605,789,842,605,789,842,605,53,-184,53,184,FALSE,FALSE
892,16,828,882,637,828,882,637,828,882,637,54,-191,54,191,FALSE,FALSE
892,17,821,876,663,821,876,663,821,876,663,55,-158,55,158,FALSE,FALSE
892,18,846,880,690,846,880,690,846,880,690,34,-156,34,156,FALSE,FALSE
892,19,829,851,709,829,851,709,829,851,709,22,-120,22,120,FALSE,FALSE
892,20,838,822,720,838,822,720,838,822,720,-16,-118,16,118,FALSE,FALSE
892,21,786,795,739,786,795,739,786,795,739,9,-47,9,47,FALSE,FALSE
892,22,751,763,693,751,763,693,751,763,693,12,-58,12,58,FALSE,FALSE
892,23,653,690,685,653,690,685,653,690,685,37,32,37,32,FALSE,FALSE
892,24,608,653,663,608,653,663,608,653,663,45,55,45,55,FALSE,FALSE
892,25,562,606,644,562,606,644,562,606,644,44,82,44,82,FALSE,FALSE
892,26,509,561,573,509,561,573,509,561,573,52,64,52,64,FALSE,FALSE
892,27,452,514,529,452,514,529,452,514,529,62,77,62,77,FALSE,FALSE
892,28,417,460,495,417,460,495,417,460,495,43,78,43,78,FALSE,FALSE
892,29,389,413,444,389,413,444,389,413,444,24,55,24,55,FALSE,FALSE
892,30,349,351,406,349,351,406,349,351,406,2,57,2,57,FALSE,FALSE
892,31,310,314,352,310,314,352,310,314,352,4,42,4,42,FALSE,FALSE
892,32,281,274,325,281,274,325,281,274,325,-7,44,7,44,FALSE,FALSE
892,33,247,237,282,247,237,282,247,237,282,-10,35,10,35,FALSE,FALSE
892,34,208,209,254,208,209,254,208,209,254,1,46,1,46,FALSE,FALSE
892,35,179,189,211,179,189,211,179,189,211,10,32,10,32,FALSE,FALSE
892,36,157,151,195,157,151,195,157,151,195,-6,38,6,38,FALSE,FALSE
892,37,126,125,178,126,125,178,126,125,178,-1,52,1,52,FALSE,FALSE
892,38,106,108,158,106,108,158,106,108,158,2,52,2,52,FALSE,FALSE
892,39,109,97,144,109,97,144,109,97,144,-12,35,12,35,FALSE,FALSE
892,40,95,80,126,95,80,126,95,80,126,-15,31,15,31,FALSE,FALSE
892,41,84,69,109,84,69,109,84,69,109,-15,25,15,25,FALSE,FALSE
892,42,69,62,91,69,62,91,69,62,91,-7,22,7,22,FALSE,FALSE
892,43,70,54,85,70,54,85,70,54,85,-16,15,16,15,FALSE,FALSE
892,44,64,48,75,64,48,75,64,48,75,-16,11,16,11,FALSE,FALSE
892,45,59,37,58,59,37,58,59,37,58,-22,-1,22,1,FALSE,FALSE
892,46,57,34,48,57,34,48,57,34,48,-23,-9,23,9,FALSE,FALSE
892,47,53,30,43,53,30,43,53,30,43,-23,-10,23,10,FALSE,FALSE
892,48,38,27,43,38,27,43,38,27,43,-11,5,11,5,FALSE,FALSE
892,49,36,22,34,36,22,34,36,22,34,-14,-2,14,2,FALSE,FALSE
892,50,28,17,26,28,17,26,28,17,26,-11,-2,11,2,FALSE,FALSE
892,51,23,17,18,23,17,18,23,17,18,-6,-5,6,5,FALSE,FALSE
892,52,22,13,21,22,13,21,22,13,21,-9,-1,9,1,FALSE,FALSE
892,53,20,14,15,20,14,15,20,14,15,-6,-5,6,5,FALSE,FALSE
892,54,18,12,12,18,12,12,18,12,12,-6,-6,6,6,FALSE,FALSE
892,55,15,7,14,15,7,14,15,7,14,-8,-1,8,1,FALSE,FALSE
892,56,11,5,8,11,5,8,11,5,8,-6,-3,6,3,FALSE,FALSE
892,57,8,5,7,8,5,7,8,5,7,-3,-1,3,1,FALSE,FALSE
892,58,5,5,5,5,5,5,5,5,5,0,0,0,0,TRUE,TRUE
892,59,5,2,7,5,2,7,5,2,7,-3,2,3,2,FALSE,FALSE
892,60,4,2,6,4,2,6,4,2,6,-2,2,2,2,FALSE,FALSE
893,0,97,97,97,97,97,97,97,97,97,0,0,0,0,TRUE,TRUE
893,1,124,124,119,124,124,119,124,124,119,0,-5,0,5,TRUE,FALSE
893,2,152,162,140,152,162,140,152,162,140,10,-12,10,12,FALSE,FALSE
893,3,187,214,162,187,214,162,187,214,162,27,-25,27,25,FALSE,FALSE
893,4,225,275,195,225,275,195,225,275,195,50,-30,50,30,FALSE,FALSE
893,5,259,325,233,259,325,233,259,325,233,66,-26,66,26,FALSE,FALSE
893,6,349,382,267,349,382,267,349,382,267,33,-82,33,82,FALSE,FALSE
893,7,393,458,337,393,458,337,393,458,337,65,-56,65,56,FALSE,FALSE
893,8,456,553,391,456,553,391,456,553,391,97,-65,97,65,FALSE,FALSE
893,9,523,646,474,523,646,474,523,646,474,123,-49,123,49,FALSE,FALSE
893,10,615,723,516,615,723,516,615,723,516,108,-99,108,99,FALSE,FALSE
893,11,695,799,592,695,799,592,695,799,592,104,-103,104,103,FALSE,FALSE
893,12,784,879,721,784,879,721,784,879,721,95,-63,95,63,FALSE,FALSE
893,13,819,971,835,819,971,835,819,971,835,152,16,152,16,FALSE,FALSE
893,14,907,1009,899,907,1009,899,907,1009,899,102,-8,102,8,FALSE,FALSE
893,15,980,1022,993,980,1022,993,980,1022,993,42,13,42,13,FALSE,FALSE
893,16,1037,1049,1047,1037,1049,1047,1037,1049,1047,12,10,12,10,FALSE,FALSE
893,17,1087,1102,1077,1087,1102,1077,1087,1102,1077,15,-10,15,10,FALSE,FALSE
893,18,1123,1108,1114,1123,1108,1114,1123,1108,1114,-15,-9,15,9,FALSE,FALSE
893,19,1134,1061,1139,1134,1061,1139,1134,1061,1139,-73,5,73,5,FALSE,FALSE
893,20,1106,1031,1134,1106,1031,1134,1106,1031,1134,-75,28,75,28,FALSE,FALSE
893,21,1054,1000,1089,1054,1000,1089,1054,1000,1089,-54,35,54,35,FALSE,FALSE
893,22,999,950,1023,999,950,1023,999,950,1023,-49,24,49,24,FALSE,FALSE
893,23,938,885,983,938,885,983,938,885,983,-53,45,53,45,FALSE,FALSE
893,24,898,798,895,898,798,895,898,798,895,-100,-3,100,3,FALSE,FALSE
893,25,823,738,856,823,738,856,823,738,856,-85,33,85,33,FALSE,FALSE
893,26,766,703,788,766,703,788,766,703,788,-63,22,63,22,FALSE,FALSE
893,27,707,643,711,707,643,711,707,643,711,-64,4,64,4,FALSE,FALSE
893,28,639,577,683,639,577,683,639,577,683,-62,44,62,44,FALSE,FALSE
893,29,577,531,610,577,531,610,577,531,610,-46,33,46,33,FALSE,FALSE
893,30,502,499,563,502,499,563,502,499,563,-3,61,3,61,FALSE,FALSE
893,31,454,454,493,454,454,493,454,454,493,0,39,0,39,TRUE,FALSE
893,32,413,407,447,413,407,447,413,407,447,-6,34,6,34,FALSE,FALSE
893,33,377,375,391,377,375,391,377,375,391,-2,14,2,14,FALSE,FALSE
893,34,335,351,365,335,351,365,335,351,365,16,30,16,30,FALSE,FALSE
893,35,289,323,318,289,323,318,289,323,318,34,29,34,29,FALSE,FALSE
893,36,265,284,285,265,284,285,265,284,285,19,20,19,20,FALSE,FALSE
893,37,238,248,263,238,248,263,238,248,263,10,25,10,25,FALSE,FALSE
893,38,222,219,227,222,219,227,222,219,227,-3,5,3,5,FALSE,FALSE
893,39,195,198,213,195,198,213,195,198,213,3,18,3,18,FALSE,FALSE
893,40,174,171,180,174,171,180,174,171,180,-3,6,3,6,FALSE,FALSE
893,41,154,145,180,154,145,180,154,145,180,-9,26,9,26,FALSE,FALSE
893,42,131,123,155,131,123,155,131,123,155,-8,24,8,24,FALSE,FALSE
893,43,103,110,143,103,110,143,103,110,143,7,40,7,40,FALSE,FALSE
893,44,87,103,130,87,103,130,87,103,130,16,43,16,43,FALSE,FALSE
893,45,77,92,115,77,92,115,77,92,115,15,38,15,38,FALSE,FALSE
893,46,70,77,104,70,77,104,70,77,104,7,34,7,34,FALSE,FALSE
893,47,64,69,85,64,69,85,64,69,85,5,21,5,21,FALSE,FALSE
893,48,47,62,72,47,62,72,47,62,72,15,25,15,25,FALSE,FALSE
893,49,46,53,65,46,53,65,46,53,65,7,19,7,19,FALSE,FALSE
893,50,41,46,61,41,46,61,41,46,61,5,20,5,20,FALSE,FALSE
893,51,34,42,56,34,42,56,34,42,56,8,22,8,22,FALSE,FALSE
893,52,31,35,50,31,35,50,31,35,50,4,19,4,19,FALSE,FALSE
893,53,30,34,44,30,34,44,30,34,44,4,14,4,14,FALSE,FALSE
893,54,25,33,34,25,33,34,25,33,34,8,9,8,9,FALSE,FALSE
893,55,24,32,29,24,32,29,24,32,29,8,5,8,5,FALSE,FALSE
893,56,19,29,26,19,29,26,19,29,26,10,7,10,7,FALSE,FALSE
893,57,17,29,23,17,29,23,17,29,23,12,6,12,6,FALSE,FALSE
893,58,15,22,22,15,22,22,15,22,22,7,7,7,7,FALSE,FALSE
893,59,15,22,22,15,22,22,15,22,22,7,7,7,7,FALSE,FALSE
893,60,16,19,18,16,19,18,16,19,18,3,2,3,2,FALSE,FALSE
894,0,170,170,170,170,170,170,170,170,170,0,0,0,0,TRUE,TRUE
894,1,206,197,214,206,197,214,206,197,214,-9,8,9,8,FALSE,FALSE
894,2,250,241,252,250,241,252,250,241,252,-9,2,9,2,FALSE,FALSE
894,3,296,292,301,296,292,301,296,292,301,-4,5,4,5,FALSE,FALSE
894,4,367,333,354,367,333,354,367,333,354,-34,-13,34,13,FALSE,FALSE
894,5,443,381,410,443,381,410,443,381,410,-62,-33,62,33,FALSE,FALSE
894,6,510,442,471,510,442,471,510,442,471,-68,-39,68,39,FALSE,FALSE
894,7,601,521,545,601,521,545,601,521,545,-80,-56,80,56,FALSE,FALSE
894,8,688,628,650,688,628,650,688,628,650,-60,-38,60,38,FALSE,FALSE
894,9,787,736,763,787,736,763,787,736,763,-51,-24,51,24,FALSE,FALSE
894,10,879,873,875,879,873,875,879,873,875,-6,-4,6,4,FALSE,FALSE
894,11,970,979,998,970,979,998,970,979,998,9,28,9,28,FALSE,FALSE
894,12,1077,1121,1101,1077,1121,1101,1077,1121,1101,44,24,44,24,FALSE,FALSE
894,13,1207,1275,1246,1207,1275,1246,1207,1275,1246,68,39,68,39,FALSE,FALSE
894,14,1378,1478,1419,1378,1478,1419,1378,1478,1419,100,41,100,41,FALSE,FALSE
894,15,1526,1614,1605,1526,1614,1605,1526,1614,1605,88,79,88,79,FALSE,FALSE
894,16,1636,1810,1744,1636,1810,1744,1636,1810,1744,174,108,174,108,FALSE,FALSE
894,17,1766,1965,1925,1766,1965,1925,1766,1965,1925,199,159,199,159,FALSE,FALSE
894,18,1902,2137,2071,1902,2137,2071,1902,2137,2071,235,169,235,169,FALSE,FALSE
894,19,2066,2258,2203,2066,2258,2203,2066,2258,2203,192,137,192,137,FALSE,FALSE
894,20,2200,2369,2311,2200,2369,2311,2200,2369,2311,169,111,169,111,FALSE,FALSE
894,21,2335,2410,2380,2335,2410,2380,2335,2410,2380,75,45,75,45,FALSE,FALSE
894,22,2391,2511,2451,2391,2511,2451,2391,2511,2451,120,60,120,60,FALSE,FALSE
894,23,2484,2576,2482,2484,2576,2482,2484,2576,2482,92,-2,92,2,FALSE,FALSE
894,24,2514,2635,2499,2514,2635,2499,2514,2635,2499,121,-15,121,15,FALSE,FALSE
894,25,2551,2631,2518,2551,2631,2518,2551,2631,2518,80,-33,80,33,FALSE,FALSE
894,26,2557,2612,2522,2557,2612,2522,2557,2612,2522,55,-35,55,35,FALSE,FALSE
894,27,2565,2572,2480,2565,2572,2480,2565,2572,2480,7,-85,7,85,FALSE,FALSE
894,28,2502,2502,2458,2502,2502,2458,2502,2502,2458,0,-44,0,44,TRUE,FALSE
894,29,2452,2398,2365,2452,2398,2365,2452,2398,2365,-54,-87,54,87,FALSE,FALSE
894,30,2388,2313,2292,2388,2313,2292,2388,2313,2292,-75,-96,75,96,FALSE,FALSE
894,31,2305,2231,2218,2305,2231,2218,2305,2231,2218,-74,-87,74,87,FALSE,FALSE
894,32,2174,2123,2155,2174,2123,2155,2174,2123,2155,-51,-19,51,19,FALSE,FALSE
894,33,2112,2031,2061,2112,2031,2061,2112,2031,2061,-81,-51,81,51,FALSE,FALSE
894,34,2018,1927,1986,2018,1927,1986,2018,1927,1986,-91,-32,91,32,FALSE,FALSE
894,35,1892,1781,1919,1892,1781,1919,1892,1781,1919,-111,27,111,27,FALSE,FALSE
894,36,1835,1712,1829,1835,1712,1829,1835,1712,1829,-123,-6,123,6,FALSE,FALSE
894,37,1743,1616,1726,1743,1616,1726,1743,1616,1726,-127,-17,127,17,FALSE,FALSE
894,38,1635,1525,1630,1635,1525,1630,1635,1525,1630,-110,-5,110,5,FALSE,FALSE
894,39,1547,1402,1548,1547,1402,1548,1547,1402,1548,-145,1,145,1,FALSE,FALSE
894,40,1453,1300,1469,1453,1300,1469,1453,1300,1469,-153,16,153,16,FALSE,FALSE
894,41,1371,1209,1371,1371,1209,1371,1371,1209,1371,-162,0,162,0,FALSE,TRUE
894,42,1279,1127,1274,1279,1127,1274,1279,1127,1274,-152,-5,152,5,FALSE,FALSE
894,43,1181,1054,1195,1181,1054,1195,1181,1054,1195,-127,14,127,14,FALSE,FALSE
894,44,1095,973,1119,1095,973,1119,1095,973,1119,-122,24,122,24,FALSE,FALSE
894,45,1014,903,1047,1014,903,1047,1014,903,1047,-111,33,111,33,FALSE,FALSE
894,46,961,830,970,961,830,970,961,830,970,-131,9,131,9,FALSE,FALSE
894,47,905,759,914,905,759,914,905,759,914,-146,9,146,9,FALSE,FALSE
894,48,852,698,838,852,698,838,852,698,838,-154,-14,154,14,FALSE,FALSE
894,49,763,643,772,763,643,772,763,643,772,-120,9,120,9,FALSE,FALSE
894,50,689,576,736,689,576,736,689,576,736,-113,47,113,47,FALSE,FALSE
894,51,634,534,693,634,534,693,634,534,693,-100,59,100,59,FALSE,FALSE
894,52,584,490,638,584,490,638,584,490,638,-94,54,94,54,FALSE,FALSE
894,53,548,458,595,548,458,595,548,458,595,-90,47,90,47,FALSE,FALSE
894,54,514,418,551,514,418,551,514,418,551,-96,37,96,37,FALSE,FALSE
894,55,481,383,511,481,383,511,481,383,511,-98,30,98,30,FALSE,FALSE
894,56,453,353,469,453,353,469,453,353,469,-100,16,100,16,FALSE,FALSE
894,57,404,321,443,404,321,443,404,321,443,-83,39,83,39,FALSE,FALSE
894,58,381,295,415,381,295,415,381,295,415,-86,34,86,34,FALSE,FALSE
894,59,342,267,375,342,267,375,342,267,375,-75,33,75,33,FALSE,FALSE
894,60,325,254,352,325,254,352,325,254,352,-71,27,71,27,FALSE,FALSE
895,0,64,64,64,64,64,64,64,64,64,0,0,0,0,TRUE,TRUE
895,1,59,80,65,59,80,65,59,80,65,21,6,21,6,FALSE,FALSE
895,2,68,82,66,68,82,66,68,82,66,14,-2,14,2,FALSE,FALSE
895,3,78,97,69,78,97,69,78,97,69,19,-9,19,9,FALSE,FALSE
895,4,76,105,68,76,105,68,76,105,68,29,-8,29,8,FALSE,FALSE
895,5,78,112,77,78,112,77,78,112,77,34,-1,34,1,FALSE,FALSE
895,6,83,121,82,83,121,82,83,121,82,38,-1,38,1,FALSE,FALSE
895,7,83,144,92,83,144,92,83,144,92,61,9,61,9,FALSE,FALSE
895,8,76,154,103,76,154,103,76,154,103,78,27,78,27,FALSE,FALSE
895,9,82,168,105,82,168,105,82,168,105,86,23,86,23,FALSE,FALSE
895,10,87,197,114,87,197,114,87,197,114,110,27,110,27,FALSE,FALSE
895,11,92,210,124,92,210,124,92,210,124,118,32,118,32,FALSE,FALSE
895,12,100,248,122,100,248,122,100,248,122,148,22,148,22,FALSE,FALSE
895,13,112,268,121,112,268,121,112,268,121,156,9,156,9,FALSE,FALSE
895,14,121,286,134,121,286,134,121,286,134,165,13,165,13,FALSE,FALSE
895,15,132,314,141,132,314,141,132,314,141,182,9,182,9,FALSE,FALSE
895,16,139,336,160,139,336,160,139,336,160,197,21,197,21,FALSE,FALSE
895,17,158,357,166,158,357,166,158,357,166,199,8,199,8,FALSE,FALSE
895,18,173,391,175,173,391,175,173,391,175,218,2,218,2,FALSE,FALSE
895,19,184,415,191,184,415,191,184,415,191,231,7,231,7,FALSE,FALSE
895,20,197,420,207,197,420,207,197,420,207,223,10,223,10,FALSE,FALSE
895,21,210,463,218,210,463,218,210,463,218,253,8,253,8,FALSE,FALSE
895,22,213,496,240,213,496,240,213,496,240,283,27,283,27,FALSE,FALSE
895,23,225,516,266,225,516,266,225,516,266,291,41,291,41,FALSE,FALSE
895,24,238,555,279,238,555,279,238,555,279,317,41,317,41,FALSE,FALSE
895,25,250,581,316,250,581,316,250,581,316,331,66,331,66,FALSE,FALSE
895,26,268,616,338,268,616,338,268,616,338,348,70,348,70,FALSE,FALSE
895,27,277,637,368,277,637,368,277,637,368,360,91,360,91,FALSE,FALSE
895,28,308,671,399,308,671,399,308,671,399,363,91,363,91,FALSE,FALSE
895,29,329,714,433,329,714,433,329,714,433,385,104,385,104,FALSE,FALSE
895,30,366,747,462,366,747,462,366,747,462,381,96,381,96,FALSE,FALSE
895,31,384,797,496,384,797,496,384,797,496,413,112,413,112,FALSE,FALSE
895,32,415,842,518,415,842,518,415,842,518,427,103,427,103,FALSE,FALSE
895,33,430,880,523,430,880,523,430,880,523,450,93,450,93,FALSE,FALSE
895,34,456,926,556,456,926,556,456,926,556,470,100,470,100,FALSE,FALSE
895,35,484,947,589,484,947,589,484,947,589,463,105,463,105,FALSE,FALSE
895,36,515,972,617,515,972,617,515,972,617,457,102,457,102,FALSE,FALSE
895,37,524,997,632,524,997,632,524,997,632,473,108,473,108,FALSE,FALSE
895,38,547,1008,676,547,1008,676,547,1008,676,461,129,461,129,FALSE,FALSE
895,39,576,1033,693,576,1033,693,576,1033,693,457,117,457,117,FALSE,FALSE
895,40,609,1063,733,609,1063,733,609,1063,733,454,124,454,124,FALSE,FALSE
895,41,649,1087,752,649,1087,752,649,1087,752,438,103,438,103,FALSE,FALSE
895,42,674,1102,786,674,1102,786,674,1102,786,428,112,428,112,FALSE,FALSE
895,43,700,1102,835,700,1102,835,700,1102,835,402,135,402,135,FALSE,FALSE
895,44,716,1127,867,716,1127,867,716,1127,867,411,151,411,151,FALSE,FALSE
895,45,711,1130,897,711,1130,897,711,1130,897,419,186,419,186,FALSE,FALSE
895,46,733,1132,915,733,1132,915,733,1132,915,399,182,399,182,FALSE,FALSE
895,47,757,1150,931,757,1150,931,757,1150,931,393,174,393,174,FALSE,FALSE
895,48,778,1164,966,778,1164,966,778,1164,966,386,188,386,188,FALSE,FALSE
895,49,810,1134,965,810,1134,965,810,1134,965,324,155,324,155,FALSE,FALSE
895,50,831,1132,971,831,1132,971,831,1132,971,301,140,301,140,FALSE,FALSE
895,51,847,1155,1010,847,1155,1010,847,1155,1010,308,163,308,163,FALSE,FALSE
895,52,863,1153,1010,863,1153,1010,863,1153,1010,290,147,290,147,FALSE,FALSE
895,53,893,1131,1027,893,1131,1027,893,1131,1027,238,134,238,134,FALSE,FALSE
895,54,907,1127,1037,907,1127,1037,907,1127,1037,220,130,220,130,FALSE,FALSE
895,55,928,1100,1035,928,1100,1035,928,1100,1035,172,107,172,107,FALSE,FALSE
895,56,969,1055,1038,969,1055,1038,969,1055,1038,86,69,86,69,FALSE,FALSE
895,57,984,1041,1039,984,1041,1039,984,1041,1039,57,55,57,55,FALSE,FALSE
895,58,1007,1016,1044,1007,1016,1044,1007,1016,1044,9,37,9,37,FALSE,FALSE
895,59,1041,1001,1045,1041,1001,1045,1041,1001,1045,-40,4,40,4,FALSE,FALSE
895,60,1034,961,1058,1034,961,1058,1034,961,1058,-73,24,73,24,FALSE,FALSE
896,0,63,63,63,63,63,63,63,63,63,0,0,0,0,TRUE,TRUE
896,1,98,107,83,98,107,83,98,107,83,9,-15,9,15,FALSE,FALSE
896,2,152,186,139,152,186,139,152,186,139,34,-13,34,13,FALSE,FALSE
896,3,241,294,201,241,294,201,241,294,201,53,-40,53,40,FALSE,FALSE
896,4,359,452,270,359,452,270,359,452,270,93,-89,93,89,FALSE,FALSE
896,5,516,662,420,516,662,420,516,662,420,146,-96,146,96,FALSE,FALSE
896,6,744,942,626,744,942,626,744,942,626,198,-118,198,118,FALSE,FALSE
896,7,1023,1300,894,1023,1300,894,1023,1300,894,277,-129,277,129,FALSE,FALSE
896,8,1294,1643,1199,1294,1643,1199,1294,1643,1199,349,-95,349,95,FALSE,FALSE
896,9,1584,1934,1491,1584,1934,1491,1584,1934,1491,350,-93,350,93,FALSE,FALSE
896,10,1872,2178,1755,1872,2178,1755,1872,2178,1755,306,-117,306,117,FALSE,FALSE
896,11,2072,2256,1947,2072,2256,1947,2072,2256,1947,184,-125,184,125,FALSE,FALSE
896,12,2153,2239,2039,2153,2239,2039,2153,2239,2039,86,-114,86,114,FALSE,FALSE
896,13,2156,2120,2118,2156,2120,2118,2156,2120,2118,-36,-38,36,38,FALSE,FALSE
896,14,2059,1956,2037,2059,1956,2037,2059,1956,2037,-103,-22,103,22,FALSE,FALSE
896,15,1902,1722,1977,1902,1722,1977,1902,1722,1977,-180,75,180,75,FALSE,FALSE
896,16,1728,1545,1800,1728,1545,1800,1728,1545,1800,-183,72,183,72,FALSE,FALSE
896,17,1561,1360,1614,1561,1360,1614,1561,1360,1614,-201,53,201,53,FALSE,FALSE
896,18,1385,1182,1434,1385,1182,1434,1385,1182,1434,-203,49,203,49,FALSE,FALSE
896,19,1228,1040,1271,1228,1040,1271,1228,1040,1271,-188,43,188,43,FALSE,FALSE
896,20,1072,888,1115,1072,888,1115,1072,888,1115,-184,43,184,43,FALSE,FALSE
896,21,926,744,971,926,744,971,926,744,971,-182,45,182,45,FALSE,FALSE
896,22,816,649,868,816,649,868,816,649,868,-167,52,167,52,FALSE,FALSE
896,23,707,568,742,707,568,742,707,568,742,-139,35,139,35,FALSE,FALSE
896,24,617,487,628,617,487,628,617,487,628,-130,11,130,11,FALSE,FALSE
896,25,533,424,533,533,424,533,533,424,533,-109,0,109,0,FALSE,TRUE
896,26,466,357,471,466,357,471,466,357,471,-109,5,109,5,FALSE,FALSE
896,27,409,313,390,409,313,390,409,313,390,-96,-19,96,19,FALSE,FALSE
896,28,351,267,336,351,267,336,351,267,336,-84,-15,84,15,FALSE,FALSE
896,29,281,235,280,281,235,280,281,235,280,-46,-1,46,1,FALSE,FALSE
896,30,248,207,242,248,207,242,248,207,242,-41,-6,41,6,FALSE,FALSE
896,31,211,179,217,211,179,217,211,179,217,-32,6,32,6,FALSE,FALSE
896,32,184,156,191,184,156,191,184,156,191,-28,7,28,7,FALSE,FALSE
896,33,159,132,167,159,132,167,159,132,167,-27,8,27,8,FALSE,FALSE
896,34,139,111,136,139,111,136,139,111,136,-28,-3,28,3,FALSE,FALSE
896,35,118,91,113,118,91,113,118,91,113,-27,-5,27,5,FALSE,FALSE
896,36,102,76,101,102,76,101,102,76,101,-26,-1,26,1,FALSE,FALSE
896,37,88,66,92,88,66,92,88,66,92,-22,4,22,4,FALSE,FALSE
896,38,77,53,82,77,53,82,77,53,82,-24,5,24,5,FALSE,FALSE
896,39,62,47,69,62,47,69,62,47,69,-15,7,15,7,FALSE,FALSE
896,40,51,39,62,51,39,62,51,39,62,-12,11,12,11,FALSE,FALSE
896,41,43,33,49,43,33,49,43,33,49,-10,6,10,6,FALSE,FALSE
896,42,34,28,45,34,28,45,34,28,45,-6,11,6,11,FALSE,FALSE
896,43,29,24,40,29,24,40,29,24,40,-5,11,5,11,FALSE,FALSE
896,44,28,18,39,28,18,39,28,18,39,-10,11,10,11,FALSE,FALSE
896,45,24,14,31,24,14,31,24,14,31,-10,7,10,7,FALSE,FALSE
896,46,21,14,27,21,14,27,21,14,27,-7,6,7,6,FALSE,FALSE
896,47,17,12,21,17,12,21,17,12,21,-5,4,5,4,FALSE,FALSE
896,48,15,10,21,15,10,21,15,10,21,-5,6,5,6,FALSE,FALSE
896,49,13,7,18,13,7,18,13,7,18,-6,5,6,5,FALSE,FALSE
896,50,12,6,17,12,6,17,12,6,17,-6,5,6,5,FALSE,FALSE
896,51,9,6,16,9,6,16,9,6,16,-3,7,3,7,FALSE,FALSE
896,52,8,5,14,8,5,14,8,5,14,-3,6,3,6,FALSE,FALSE
896,53,7,4,14,7,4,14,7,4,14,-3,7,3,7,FALSE,FALSE
896,54,4,3,11,4,3,11,4,3,11,-1,7,1,7,FALSE,FALSE
896,55,3,3,10,3,3,10,3,3,10,0,7,0,7,TRUE,FALSE
896,56,3,2,9,3,2,9,3,2,9,-1,6,1,6,FALSE,FALSE
896,57,2,0,9,2,0,9,2,0,9,-2,7,2,7,FALSE,FALSE
896,58,2,0,7,2,0,7,2,0,7,-2,5,2,5,FALSE,FALSE
896,59,2,0,6,2,0,6,2,0,6,-2,4,2,4,FALSE,FALSE
896,60,2,0,6,2,0,6,2,0,6,-2,4,2,4,FALSE,FALSE
897,0,63,63,63,63,63,63,63,63,63,0,0,0,0,TRUE,TRUE
897,1,77,73,75,77,73,75,77,73,75,-4,-2,4,2,FALSE,FALSE
897,2,96,90,89,96,90,89,96,90,89,-6,-7,6,7,FALSE,FALSE
897,3,115,106,104,115,106,104,115,106,104,-9,-11,9,11,FALSE,FALSE
897,4,129,127,112,129,127,112,129,127,112,-2,-17,2,17,FALSE,FALSE
897,5,153,142,133,153,142,133,153,142,133,-11,-20,11,20,FALSE,FALSE
897,6,190,168,160,190,168,160,190,168,160,-22,-30,22,30,FALSE,FALSE
897,7,232,194,192,232,194,192,232,194,192,-38,-40,38,40,FALSE,FALSE
897,8,267,232,226,267,232,226,267,232,226,-35,-41,35,41,FALSE,FALSE
897,9,321,277,267,321,277,267,321,277,267,-44,-54,44,54,FALSE,FALSE
897,10,388,342,324,388,342,324,388,342,324,-46,-64,46,64,FALSE,FALSE
897,11,467,412,388,467,412,388,467,412,388,-55,-79,55,79,FALSE,FALSE
897,12,522,502,462,522,502,462,522,502,462,-20,-60,20,60,FALSE,FALSE
897,13,611,560,543,611,560,543,611,560,543,-51,-68,51,68,FALSE,FALSE
897,14,696,656,642,696,656,642,696,656,642,-40,-54,40,54,FALSE,FALSE
897,15,825,780,724,825,780,724,825,780,724,-45,-101,45,101,FALSE,FALSE
897,16,930,878,848,930,878,848,930,878,848,-52,-82,52,82,FALSE,FALSE
897,17,1076,1002,986,1076,1002,986,1076,1002,986,-74,-90,74,90,FALSE,FALSE
897,18,1211,1150,1114,1211,1150,1114,1211,1150,1114,-61,-97,61,97,FALSE,FALSE
897,19,1344,1331,1270,1344,1331,1270,1344,1331,1270,-13,-74,13,74,FALSE,FALSE
897,20,1490,1471,1403,1490,1471,1403,1490,1471,1403,-19,-87,19,87,FALSE,FALSE
897,21,1621,1628,1582,1621,1628,1582,1621,1628,1582,7,-39,7,39,FALSE,FALSE
897,22,1717,1755,1717,1717,1755,1717,1717,1755,1717,38,0,38,0,FALSE,TRUE
897,23,1828,1865,1813,1828,1865,1813,1828,1865,1813,37,-15,37,15,FALSE,FALSE
897,24,1937,1982,1918,1937,1982,1918,1937,1982,1918,45,-19,45,19,FALSE,FALSE
897,25,2020,2038,1989,2020,2038,1989,2020,2038,1989,18,-31,18,31,FALSE,FALSE
897,26,2095,2105,2035,2095,2105,2035,2095,2105,2035,10,-60,10,60,FALSE,FALSE
897,27,2153,2150,2066,2153,2150,2066,2153,2150,2066,-3,-87,3,87,FALSE,FALSE
897,28,2182,2181,2127,2182,2181,2127,2182,2181,2127,-1,-55,1,55,FALSE,FALSE
897,29,2173,2199,2131,2173,2199,2131,2173,2199,2131,26,-42,26,42,FALSE,FALSE
897,30,2162,2167,2113,2162,2167,2113,2162,2167,2113,5,-49,5,49,FALSE,FALSE
897,31,2143,2164,2076,2143,2164,2076,2143,2164,2076,21,-67,21,67,FALSE,FALSE
897,32,2113,2103,2045,2113,2103,2045,2113,2103,2045,-10,-68,10,68,FALSE,FALSE
897,33,2077,2066,1994,2077,2066,1994,2077,2066,1994,-11,-83,11,83,FALSE,FALSE
897,34,2030,2036,1927,2030,2036,1927,2030,2036,1927,6,-103,6,103,FALSE,FALSE
897,35,1943,1987,1866,1943,1987,1866,1943,1987,1866,44,-77,44,77,FALSE,FALSE
897,36,1861,1910,1806,1861,1910,1806,1861,1910,1806,49,-55,49,55,FALSE,FALSE
897,37,1767,1826,1738,1767,1826,1738,1767,1826,1738,59,-29,59,29,FALSE,FALSE
897,38,1674,1735,1687,1674,1735,1687,1674,1735,1687,61,13,61,13,FALSE,FALSE
897,39,1604,1640,1601,1604,1640,1601,1604,1640,1601,36,-3,36,3,FALSE,FALSE
897,40,1544,1564,1551,1544,1564,1551,1544,1564,1551,20,7,20,7,FALSE,FALSE
897,41,1460,1462,1468,1460,1462,1468,1460,1462,1468,2,8,2,8,FALSE,FALSE
897,42,1392,1382,1407,1392,1382,1407,1392,1382,1407,-10,15,10,15,FALSE,FALSE
897,43,1317,1319,1324,1317,1319,1324,1317,1319,1324,2,7,2,7,FALSE,FALSE
897,44,1228,1236,1256,1228,1236,1256,1228,1236,1256,8,28,8,28,FALSE,FALSE
897,45,1173,1171,1193,1173,1171,1193,1173,1171,1193,-2,20,2,20,FALSE,FALSE
897,46,1110,1107,1120,1110,1107,1120,1110,1107,1120,-3,10,3,10,FALSE,FALSE
897,47,1053,1051,1073,1053,1051,1073,1053,1051,1073,-2,20,2,20,FALSE,FALSE
897,48,992,974,1001,992,974,1001,992,974,1001,-18,9,18,9,FALSE,FALSE
897,49,923,921,950,923,921,950,923,921,950,-2,27,2,27,FALSE,FALSE
897,50,858,866,909,858,866,909,858,866,909,8,51,8,51,FALSE,FALSE
897,51,803,817,844,803,817,844,803,817,844,14,41,14,41,FALSE,FALSE
897,52,750,756,802,750,756,802,750,756,802,6,52,6,52,FALSE,FALSE
897,53,705,702,756,705,702,756,705,702,756,-3,51,3,51,FALSE,FALSE
897,54,642,648,720,642,648,720,642,648,720,6,78,6,78,FALSE,FALSE
897,55,608,609,675,608,609,675,608,609,675,1,67,1,67,FALSE,FALSE
897,56,564,548,641,564,548,641,564,548,641,-16,77,16,77,FALSE,FALSE
897,57,527,511,583,527,511,583,527,511,583,-16,56,16,56,FALSE,FALSE
897,58,492,456,547,492,456,547,492,456,547,-36,55,36,55,FALSE,FALSE
897,59,471,428,509,471,428,509,471,428,509,-43,38,43,38,FALSE,FALSE
897,60,450,394,470,450,394,470,450,394,470,-56,20,56,20,FALSE,FALSE
898,0,150,150,150,150,150,150,150,150,150,0,0,0,0,TRUE,TRUE
898,1,184,195,191,184,195,191,184,195,191,11,7,11,7,FALSE,FALSE
898,2,234,239,231,234,239,231,234,239,231,5,-3,5,3,FALSE,FALSE
898,3,293,301,312,293,301,312,293,301,312,8,19,8,19,FALSE,FALSE
898,4,344,372,412,344,372,412,344,372,412,28,68,28,68,FALSE,FALSE
898,5,438,442,523,438,442,523,438,442,523,4,85,4,85,FALSE,FALSE
898,6,545,587,663,545,587,663,545,587,663,42,118,42,118,FALSE,FALSE
898,7,706,729,854,706,729,854,706,729,854,23,148,23,148,FALSE,FALSE
898,8,859,874,1074,859,874,1074,859,874,1074,15,215,15,215,FALSE,FALSE
898,9,1047,1075,1315,1047,1075,1315,1047,1075,1315,28,268,28,268,FALSE,FALSE
898,10,1231,1261,1599,1231,1261,1599,1231,1261,1599,30,368,30,368,FALSE,FALSE
898,11,1447,1458,1840,1447,1458,1840,1447,1458,1840,11,393,11,393,FALSE,FALSE
898,12,1708,1706,2102,1708,1706,2102,1708,1706,2102,-2,394,2,394,FALSE,FALSE
898,13,1995,1943,2404,1995,1943,2404,1995,1943,2404,-52,409,52,409,FALSE,FALSE
898,14,2217,2192,2674,2217,2192,2674,2217,2192,2674,-25,457,25,457,FALSE,FALSE
898,15,2453,2338,2860,2453,2338,2860,2453,2338,2860,-115,407,115,407,FALSE,FALSE
898,16,2666,2496,3001,2666,2496,3001,2666,2496,3001,-170,335,170,335,FALSE,FALSE
898,17,2818,2719,3067,2818,2719,3067,2818,2719,3067,-99,249,99,249,FALSE,FALSE
898,18,2933,2823,3098,2933,2823,3098,2933,2823,3098,-110,165,110,165,FALSE,FALSE
898,19,2986,2829,3064,2986,2829,3064,2986,2829,3064,-157,78,157,78,FALSE,FALSE
898,20,2988,2846,2967,2988,2846,2967,2988,2846,2967,-142,-21,142,21,FALSE,FALSE
898,21,2958,2834,2880,2958,2834,2880,2958,2834,2880,-124,-78,124,78,FALSE,FALSE
898,22,2923,2767,2751,2923,2767,2751,2923,2767,2751,-156,-172,156,172,FALSE,FALSE
898,23,2839,2704,2628,2839,2704,2628,2839,2704,2628,-135,-211,135,211,FALSE,FALSE
898,24,2714,2597,2514,2714,2597,2514,2714,2597,2514,-117,-200,117,200,FALSE,FALSE
898,25,2548,2434,2330,2548,2434,2330,2548,2434,2330,-114,-218,114,218,FALSE,FALSE
898,26,2432,2269,2175,2432,2269,2175,2432,2269,2175,-163,-257,163,257,FALSE,FALSE
898,27,2252,2099,1962,2252,2099,1962,2252,2099,1962,-153,-290,153,290,FALSE,FALSE
898,28,2071,1916,1829,2071,1916,1829,2071,1916,1829,-155,-242,155,242,FALSE,FALSE
898,29,1902,1758,1664,1902,1758,1664,1902,1758,1664,-144,-238,144,238,FALSE,FALSE
898,30,1724,1635,1526,1724,1635,1526,1724,1635,1526,-89,-198,89,198,FALSE,FALSE
898,31,1570,1487,1380,1570,1487,1380,1570,1487,1380,-83,-190,83,190,FALSE,FALSE
898,32,1452,1354,1248,1452,1354,1248,1452,1354,1248,-98,-204,98,204,FALSE,FALSE
898,33,1319,1227,1126,1319,1227,1126,1319,1227,1126,-92,-193,92,193,FALSE,FALSE
898,34,1185,1117,1020,1185,1117,1020,1185,1117,1020,-68,-165,68,165,FALSE,FALSE
898,35,1058,1008,937,1058,1008,937,1058,1008,937,-50,-121,50,121,FALSE,FALSE
898,36,963,880,833,963,880,833,963,880,833,-83,-130,83,130,FALSE,FALSE
898,37,868,792,755,868,792,755,868,792,755,-76,-113,76,113,FALSE,FALSE
898,38,797,710,679,797,710,679,797,710,679,-87,-118,87,118,FALSE,FALSE
898,39,725,637,614,725,637,614,725,637,614,-88,-111,88,111,FALSE,FALSE
898,40,656,564,568,656,564,568,656,564,568,-92,-88,92,88,FALSE,FALSE
898,41,577,511,506,577,511,506,577,511,506,-66,-71,66,71,FALSE,FALSE
898,42,523,475,459,523,475,459,523,475,459,-48,-64,48,64,FALSE,FALSE
898,43,465,429,418,465,429,418,465,429,418,-36,-47,36,47,FALSE,FALSE
898,44,419,380,365,419,380,365,419,380,365,-39,-54,39,54,FALSE,FALSE
898,45,366,336,336,366,336,336,366,336,336,-30,-30,30,30,FALSE,FALSE
898,46,322,309,302,322,309,302,322,309,302,-13,-20,13,20,FALSE,FALSE
898,47,291,280,276,291,280,276,291,280,276,-11,-15,11,15,FALSE,FALSE
898,48,261,250,250,261,250,250,261,250,250,-11,-11,11,11,FALSE,FALSE
898,49,231,235,230,231,235,230,231,235,230,4,-1,4,1,FALSE,FALSE
898,50,210,199,204,210,199,204,210,199,204,-11,-6,11,6,FALSE,FALSE
898,51,183,176,193,183,176,193,183,176,193,-7,10,7,10,FALSE,FALSE
898,52,164,155,170,164,155,170,164,155,170,-9,6,9,6,FALSE,FALSE
898,53,140,144,156,140,144,156,140,144,156,4,16,4,16,FALSE,FALSE
898,54,131,132,133,131,132,133,131,132,133,1,2,1,2,FALSE,FALSE
898,55,115,117,125,115,117,125,115,117,125,2,10,2,10,FALSE,FALSE
898,56,98,105,118,98,105,118,98,105,118,7,20,7,20,FALSE,FALSE
898,57,90,99,107,90,99,107,90,99,107,9,17,9,17,FALSE,FALSE
898,58,81,96,92,81,96,92,81,96,92,15,11,15,11,FALSE,FALSE
898,59,70,96,83,70,96,83,70,96,83,26,13,26,13,FALSE,FALSE
898,60,62,91,71,62,91,71,62,91,71,29,9,29,9,FALSE,FALSE
899,0,115,115,115,115,115,115,115,115,115,0,0,0,0,TRUE,TRUE
899,1,205,185,195,205,185,195,205,185,195,-20,-10,20,10,FALSE,FALSE
899,2,328,297,328,328,297,328,328,297,328,-31,0,31,0,FALSE,TRUE
899,3,478,444,493,478,444,493,478,444,493,-34,15,34,15,FALSE,FALSE
899,4,736,706,718,736,706,718,736,706,718,-30,-18,30,18,FALSE,FALSE
899,5,1047,1086,1045,1047,1086,1045,1047,1086,1045,39,-2,39,2,FALSE,FALSE
899,6,1421,1458,1444,1421,1458,1444,1421,1458,1444,37,23,37,23,FALSE,FALSE
899,7,1838,1885,1856,1838,1885,1856,1838,1885,1856,47,18,47,18,FALSE,FALSE
899,8,2203,2240,2238,2203,2240,2238,2203,2240,2238,37,35,37,35,FALSE,FALSE
899,9,2547,2572,2562,2547,2572,2562,2547,2572,2562,25,15,25,15,FALSE,FALSE
899,10,2702,2752,2747,2702,2752,2747,2702,2752,2747,50,45,50,45,FALSE,FALSE
899,11,2762,2717,2746,2762,2717,2746,2762,2717,2746,-45,-16,45,16,FALSE,FALSE
899,12,2661,2583,2671,2661,2583,2671,2661,2583,2671,-78,10,78,10,FALSE,FALSE
899,13,2423,2361,2443,2423,2361,2443,2423,2361,2443,-62,20,62,20,FALSE,FALSE
899,14,2143,2128,2230,2143,2128,2230,2143,2128,2230,-15,87,15,87,FALSE,FALSE
899,15,1896,1884,1945,1896,1884,1945,1896,1884,1945,-12,49,12,49,FALSE,FALSE
899,16,1644,1612,1674,1644,1612,1674,1644,1612,1674,-32,30,32,30,FALSE,FALSE
899,17,1423,1399,1424,1423,1399,1424,1423,1399,1424,-24,1,24,1,FALSE,FALSE
899,18,1209,1218,1187,1209,1218,1187,1209,1218,1187,9,-22,9,22,FALSE,FALSE
899,19,1005,1056,993,1005,1056,993,1005,1056,993,51,-12,51,12,FALSE,FALSE
899,20,854,912,823,854,912,823,854,912,823,58,-31,58,31,FALSE,FALSE
899,21,723,760,705,723,760,705,723,760,705,37,-18,37,18,FALSE,FALSE
899,22,614,620,603,614,620,603,614,620,603,6,-11,6,11,FALSE,FALSE
899,23,518,529,496,518,529,496,518,529,496,11,-22,11,22,FALSE,FALSE
899,24,428,469,410,428,469,410,428,469,410,41,-18,41,18,FALSE,FALSE
899,25,373,382,353,373,382,353,373,382,353,9,-20,9,20,FALSE,FALSE
899,26,321,325,288,321,325,288,321,325,288,4,-33,4,33,FALSE,FALSE
899,27,261,272,235,261,272,235,261,272,235,11,-26,11,26,FALSE,FALSE
899,28,224,220,189,224,220,189,224,220,189,-4,-35,4,35,FALSE,FALSE
899,29,181,189,162,181,189,162,181,189,162,8,-19,8,19,FALSE,FALSE
899,30,151,157,148,151,157,148,151,157,148,6,-3,6,3,FALSE,FALSE
899,31,122,136,127,122,136,127,122,136,127,14,5,14,5,FALSE,FALSE
899,32,97,110,98,97,110,98,97,110,98,13,1,13,1,FALSE,FALSE
899,33,77,92,79,77,92,79,77,92,79,15,2,15,2,FALSE,FALSE
899,34,63,83,67,63,83,67,63,83,67,20,4,20,4,FALSE,FALSE
899,35,51,68,55,51,68,55,51,68,55,17,4,17,4,FALSE,FALSE
899,36,40,57,47,40,57,47,40,57,47,17,7,17,7,FALSE,FALSE
899,37,33,50,43,33,50,43,33,50,43,17,10,17,10,FALSE,FALSE
899,38,30,42,37,30,42,37,30,42,37,12,7,12,7,FALSE,FALSE
899,39,24,37,30,24,37,30,24,37,30,13,6,13,6,FALSE,FALSE
899,40,24,30,21,24,30,21,24,30,21,6,-3,6,3,FALSE,FALSE
899,41,19,23,19,19,23,19,19,23,19,4,0,4,0,FALSE,TRUE
899,42,15,16,16,15,16,16,15,16,16,1,1,1,1,FALSE,FALSE
899,43,14,13,14,14,13,14,14,13,14,-1,0,1,0,FALSE,TRUE
899,44,11,11,13,11,11,13,11,11,13,0,2,0,2,TRUE,FALSE
899,45,8,8,11,8,8,11,8,8,11,0,3,0,3,TRUE,FALSE
899,46,8,7,9,8,7,9,8,7,9,-1,1,1,1,FALSE,FALSE
899,47,7,5,9,7,5,9,7,5,9,-2,2,2,2,FALSE,FALSE
899,48,7,4,9,7,4,9,7,4,9,-3,2,3,2,FALSE,FALSE
899,49,7,4,6,7,4,6,7,4,6,-3,-1,3,1,FALSE,FALSE
899,50,6,5,5,6,5,5,6,5,5,-1,-1,1,1,FALSE,FALSE
899,51,5,5,5,5,5,5,5,5,5,0,0,0,0,TRUE,TRUE
899,52,4,3,4,4,3,4,4,3,4,-1,0,1,0,FALSE,TRUE
899,53,3,2,4,3,2,4,3,2,4,-1,1,1,1,FALSE,FALSE
899,54,2,2,3,2,2,3,2,2,3,0,1,0,1,TRUE,FALSE
899,55,1,2,3,1,2,3,1,2,3,1,2,1,2,FALSE,FALSE
899,56,0,2,3,0,2,3,0,2,3,2,3,2,3,FALSE,FALSE
899,57,0,2,2,0,2,2,0,2,2,2,2,2,2,FALSE,FALSE
899,58,0,2,2,0,2,2,0,2,2,2,2,2,2,FALSE,FALSE
899,59,0,2,2,0,2,2,0,2,2,2,2,2,2,FALSE,FALSE
899,60,0,2,1,0,2,1,0,2,1,2,1,2,1,FALSE,FALSE
900,0,107,107,107,107,107,107,107,107,107,0,0,0,0,TRUE,TRUE
900,1,126,126,135,126,126,135,126,126,135,0,9,0,9,TRUE,FALSE
900,2,150,146,163,150,146,163,150,146,163,-4,13,4,13,FALSE,FALSE
900,3,181,174,180,181,174,180,181,174,180,-7,-1,7,1,FALSE,FALSE
900,4,213,216,212,213,216,212,213,216,212,3,-1,3,1,FALSE,FALSE
900,5,242,237,257,242,237,257,242,237,257,-5,15,5,15,FALSE,FALSE
900,6,287,278,305,287,278,305,287,278,305,-9,18,9,18,FALSE,FALSE
900,7,324,303,352,324,303,352,324,303,352,-21,28,21,28,FALSE,FALSE
900,8,373,353,404,373,353,404,373,353,404,-20,31,20,31,FALSE,FALSE
900,9,434,407,445,434,407,445,434,407,445,-27,11,27,11,FALSE,FALSE
900,10,505,470,494,505,470,494,505,470,494,-35,-11,35,11,FALSE,FALSE
900,11,586,527,542,586,527,542,586,527,542,-59,-44,59,44,FALSE,FALSE
900,12,654,618,617,654,618,617,654,618,617,-36,-37,36,37,FALSE,FALSE
900,13,726,707,678,726,707,678,726,707,678,-19,-48,19,48,FALSE,FALSE
900,14,815,763,757,815,763,757,815,763,757,-52,-58,52,58,FALSE,FALSE
900,15,870,851,847,870,851,847,870,851,847,-19,-23,19,23,FALSE,FALSE
900,16,979,918,957,979,918,957,979,918,957,-61,-22,61,22,FALSE,FALSE
900,17,1076,1020,1050,1076,1020,1050,1076,1020,1050,-56,-26,56,26,FALSE,FALSE
900,18,1175,1118,1161,1175,1118,1161,1175,1118,1161,-57,-14,57,14,FALSE,FALSE
900,19,1307,1235,1251,1307,1235,1251,1307,1235,1251,-72,-56,72,56,FALSE,FALSE
900,20,1410,1304,1362,1410,1304,1362,1410,1304,1362,-106,-48,106,48,FALSE,FALSE
900,21,1509,1373,1439,1509,1373,1439,1509,1373,1439,-136,-70,136,70,FALSE,FALSE
900,22,1567,1481,1524,1567,1481,1524,1567,1481,1524,-86,-43,86,43,FALSE,FALSE
900,23,1623,1558,1579,1623,1558,1579,1623,1558,1579,-65,-44,65,44,FALSE,FALSE
900,24,1651,1632,1632,1651,1632,1632,1651,1632,1632,-19,-19,19,19,FALSE,FALSE
900,25,1675,1652,1653,1675,1652,1653,1675,1652,1653,-23,-22,23,22,FALSE,FALSE
900,26,1706,1706,1692,1706,1706,1692,1706,1706,1692,0,-14,0,14,TRUE,FALSE
900,27,1734,1734,1707,1734,1734,1707,1734,1734,1707,0,-27,0,27,TRUE,FALSE
900,28,1761,1767,1704,1761,1767,1704,1761,1767,1704,6,-57,6,57,FALSE,FALSE
900,29,1767,1767,1685,1767,1767,1685,1767,1767,1685,0,-82,0,82,TRUE,FALSE
900,30,1751,1762,1664,1751,1762,1664,1751,1762,1664,11,-87,11,87,FALSE,FALSE
900,31,1724,1717,1664,1724,1717,1664,1724,1717,1664,-7,-60,7,60,FALSE,FALSE
900,32,1698,1710,1684,1698,1710,1684,1698,1710,1684,12,-14,12,14,FALSE,FALSE
900,33,1664,1696,1647,1664,1696,1647,1664,1696,1647,32,-17,32,17,FALSE,FALSE
900,34,1614,1640,1623,1614,1640,1623,1614,1640,1623,26,9,26,9,FALSE,FALSE
900,35,1580,1606,1571,1580,1606,1571,1580,1606,1571,26,-9,26,9,FALSE,FALSE
900,36,1545,1552,1527,1545,1552,1527,1545,1552,1527,7,-18,7,18,FALSE,FALSE
900,37,1475,1503,1470,1475,1503,1470,1475,1503,1470,28,-5,28,5,FALSE,FALSE
900,38,1425,1438,1411,1425,1438,1411,1425,1438,1411,13,-14,13,14,FALSE,FALSE
900,39,1362,1373,1368,1362,1373,1368,1362,1373,1368,11,6,11,6,FALSE,FALSE
900,40,1271,1302,1298,1271,1302,1298,1271,1302,1298,31,27,31,27,FALSE,FALSE
900,41,1187,1237,1237,1187,1237,1237,1187,1237,1237,50,50,50,50,FALSE,FALSE
900,42,1120,1172,1160,1120,1172,1160,1120,1172,1160,52,40,52,40,FALSE,FALSE
900,43,1067,1114,1121,1067,1114,1121,1067,1114,1121,47,54,47,54,FALSE,FALSE
900,44,1010,1060,1070,1010,1060,1070,1010,1060,1070,50,60,50,60,FALSE,FALSE
900,45,961,997,1017,961,997,1017,961,997,1017,36,56,36,56,FALSE,FALSE
900,46,911,941,972,911,941,972,911,941,972,30,61,30,61,FALSE,FALSE
900,47,868,892,908,868,892,908,868,892,908,24,40,24,40,FALSE,FALSE
900,48,824,836,868,824,836,868,824,836,868,12,44,12,44,FALSE,FALSE
900,49,760,781,809,760,781,809,760,781,809,21,49,21,49,FALSE,FALSE
900,50,718,709,762,718,709,762,718,709,762,-9,44,9,44,FALSE,FALSE
900,51,675,662,727,675,662,727,675,662,727,-13,52,13,52,FALSE,FALSE
900,52,625,623,684,625,623,684,625,623,684,-2,59,2,59,FALSE,FALSE
900,53,594,566,659,594,566,659,594,566,659,-28,65,28,65,FALSE,FALSE
900,54,554,532,617,554,532,617,554,532,617,-22,63,22,63,FALSE,FALSE
900,55,516,494,574,516,494,574,516,494,574,-22,58,22,58,FALSE,FALSE
900,56,491,460,522,491,460,522,491,460,522,-31,31,31,31,FALSE,FALSE
900,57,464,432,486,464,432,486,464,432,486,-32,22,32,22,FALSE,FALSE
900,58,433,403,465,433,403,465,433,403,465,-30,32,30,32,FALSE,FALSE
900,59,425,371,429,425,371,429,425,371,429,-54,4,54,4,FALSE,FALSE
900,60,391,339,394,391,339,394,391,339,394,-52,3,52,3,FALSE,FALSE
901,0,85,85,85,85,85,85,85,85,85,0,0,0,0,TRUE,TRUE
901,1,141,134,157,141,134,157,141,134,157,-7,16,7,16,FALSE,FALSE
901,2,234,236,253,234,236,253,234,236,253,2,19,2,19,FALSE,FALSE
901,3,388,371,443,388,371,443,388,371,443,-17,55,17,55,FALSE,FALSE
901,4,590,599,712,590,599,712,590,599,712,9,122,9,122,FALSE,FALSE
901,5,889,875,1072,889,875,1072,889,875,1072,-14,183,14,183,FALSE,FALSE
901,6,1263,1267,1467,1263,1267,1467,1263,1267,1467,4,204,4,204,FALSE,FALSE
901,7,1649,1626,1820,1649,1626,1820,1649,1626,1820,-23,171,23,171,FALSE,FALSE
901,8,2018,1936,2043,2018,1936,2043,2018,1936,2043,-82,25,82,25,FALSE,FALSE
901,9,2183,2090,2217,2183,2090,2217,2183,2090,2217,-93,34,93,34,FALSE,FALSE
901,10,2122,2086,2115,2122,2086,2115,2122,2086,2115,-36,-7,36,7,FALSE,FALSE
901,11,1996,1935,1938,1996,1935,1938,1996,1935,1938,-61,-58,61,58,FALSE,FALSE
901,12,1776,1741,1746,1776,1741,1746,1776,1741,1746,-35,-30,35,30,FALSE,FALSE
901,13,1515,1523,1466,1515,1523,1466,1515,1523,1466,8,-49,8,49,FALSE,FALSE
901,14,1301,1305,1230,1301,1305,1230,1301,1305,1230,4,-71,4,71,FALSE,FALSE
901,15,1096,1105,1020,1096,1105,1020,1096,1105,1020,9,-76,9,76,FALSE,FALSE
901,16,886,944,846,886,944,846,886,944,846,58,-40,58,40,FALSE,FALSE
901,17,724,792,664,724,792,664,724,792,664,68,-60,68,60,FALSE,FALSE
901,18,599,670,544,599,670,544,599,670,544,71,-55,71,55,FALSE,FALSE
901,19,499,536,442,499,536,442,499,536,442,37,-57,37,57,FALSE,FALSE
901,20,414,427,342,414,427,342,414,427,342,13,-72,13,72,FALSE,FALSE
901,21,341,361,279,341,361,279,341,361,279,20,-62,20,62,FALSE,FALSE
901,22,270,304,216,270,304,216,270,304,216,34,-54,34,54,FALSE,FALSE
901,23,220,246,169,220,246,169,220,246,169,26,-51,26,51,FALSE,FALSE
901,24,179,190,136,179,190,136,179,190,136,11,-43,11,43,FALSE,FALSE
901,25,146,149,109,146,149,109,146,149,109,3,-37,3,37,FALSE,FALSE
901,26,115,118,83,115,118,83,115,118,83,3,-32,3,32,FALSE,FALSE
901,27,100,102,61,100,102,61,100,102,61,2,-39,2,39,FALSE,FALSE
901,28,80,79,40,80,79,40,80,79,40,-1,-40,1,40,FALSE,FALSE
901,29,66,66,35,66,66,35,66,66,35,0,-31,0,31,TRUE,FALSE
901,30,56,52,30,56,52,30,56,52,30,-4,-26,4,26,FALSE,FALSE
901,31,44,41,23,44,41,23,44,41,23,-3,-21,3,21,FALSE,FALSE
901,32,38,32,19,38,32,19,38,32,19,-6,-19,6,19,FALSE,FALSE
901,33,31,24,18,31,24,18,31,24,18,-7,-13,7,13,FALSE,FALSE
901,34,21,20,13,21,20,13,21,20,13,-1,-8,1,8,FALSE,FALSE
901,35,16,17,11,16,17,11,16,17,11,1,-5,1,5,FALSE,FALSE
901,36,13,14,9,13,14,9,13,14,9,1,-4,1,4,FALSE,FALSE
901,37,12,13,8,12,13,8,12,13,8,1,-4,1,4,FALSE,FALSE
901,38,9,11,5,9,11,5,9,11,5,2,-4,2,4,FALSE,FALSE
901,39,6,7,4,6,7,4,6,7,4,1,-2,1,2,FALSE,FALSE
901,40,3,7,4,3,7,4,3,7,4,4,1,4,1,FALSE,FALSE
901,41,3,8,3,3,8,3,3,8,3,5,0,5,0,FALSE,TRUE
901,42,2,5,2,2,5,2,2,5,2,3,0,3,0,FALSE,TRUE
901,43,2,3,1,2,3,1,2,3,1,1,-1,1,1,FALSE,FALSE
901,44,1,0,1,1,0,1,1,0,1,-1,0,1,0,FALSE,TRUE
901,45,1,0,1,1,0,1,1,0,1,-1,0,1,0,FALSE,TRUE
901,46,1,0,1,1,0,1,1,0,1,-1,0,1,0,FALSE,TRUE
901,47,1,0,1,1,0,1,1,0,1,-1,0,1,0,FALSE,TRUE
901,48,1,0,1,1,0,1,1,0,1,-1,0,1,0,FALSE,TRUE
901,49,1,0,1,1,0,1,1,0,1,-1,0,1,0,FALSE,TRUE
901,50,0,0,1,0,0,1,0,0,1,0,1,0,1,TRUE,FALSE
901,51,0,0,1,0,0,1,0,0,1,0,1,0,1,TRUE,FALSE
901,52,0,0,1,0,0,1,0,0,1,0,1,0,1,TRUE,FALSE
901,53,0,0,1,0,0,1,0,0,1,0,1,0,1,TRUE,FALSE
901,54,0,0,1,0,0,1,0,0,1,0,1,0,1,TRUE,FALSE
901,55,0,0,1,0,0,1,0,0,1,0,1,0,1,TRUE,FALSE
901,56,0,0,0,0,0,0,0,0,0,0,0,0,0,TRUE,TRUE
901,57,0,0,0,0,0,0,0,0,0,0,0,0,0,TRUE,TRUE
901,58,0,0,0,0,0,0,0,0,0,0,0,0,0,TRUE,TRUE
901,59,0,0,0,0,0,0,0,0,0,0,0,0,0,TRUE,TRUE
901,60,0,0,0,0,0,0,0,0,0,0,0,0,0,TRUE,TRUE
902,0,75,75,75,75,75,75,75,75,75,0,0,0,0,TRUE,TRUE
902,1,132,116,136,132,116,136,132,116,136,-16,4,16,4,FALSE,FALSE
902,2,220,189,237,220,189,237,220,189,237,-31,17,31,17,FALSE,FALSE
902,3,353,286,408,353,286,408,353,286,408,-67,55,67,55,FALSE,FALSE
902,4,552,470,665,552,470,665,552,470,665,-82,113,82,113,FALSE,FALSE
902,5,887,754,1042,887,754,1042,887,754,1042,-133,155,133,155,FALSE,FALSE
902,6,1274,1167,1554,1274,1167,1554,1274,1167,1554,-107,280,107,280,FALSE,FALSE
902,7,1709,1696,2146,1709,1696,2146,1709,1696,2146,-13,437,13,437,FALSE,FALSE
902,8,2165,2206,2624,2165,2206,2624,2165,2206,2624,41,459,41,459,FALSE,FALSE
902,9,2569,2556,2872,2569,2556,2872,2569,2556,2872,-13,303,13,303,FALSE,FALSE
902,10,2725,2725,2899,2725,2725,2899,2725,2725,2899,0,174,0,174,TRUE,FALSE
902,11,2698,2722,2730,2698,2722,2730,2698,2722,2730,24,32,24,32,FALSE,FALSE
902,12,2534,2535,2461,2534,2535,2461,2534,2535,2461,1,-73,1,73,FALSE,FALSE
902,13,2286,2252,2103,2286,2252,2103,2286,2252,2103,-34,-183,34,183,FALSE,FALSE
902,14,1966,1923,1789,1966,1923,1789,1966,1923,1789,-43,-177,43,177,FALSE,FALSE
902,15,1637,1644,1475,1637,1644,1475,1637,1644,1475,7,-162,7,162,FALSE,FALSE
902,16,1368,1392,1201,1368,1392,1201,1368,1392,1201,24,-167,24,167,FALSE,FALSE
902,17,1102,1129,998,1102,1129,998,1102,1129,998,27,-104,27,104,FALSE,FALSE
902,18,888,916,825,888,916,825,888,916,825,28,-63,28,63,FALSE,FALSE
902,19,697,740,665,697,740,665,697,740,665,43,-32,43,32,FALSE,FALSE
902,20,568,602,532,568,602,532,568,602,532,34,-36,34,36,FALSE,FALSE
902,21,468,483,416,468,483,416,468,483,416,15,-52,15,52,FALSE,FALSE
902,22,389,396,346,389,396,346,389,396,346,7,-43,7,43,FALSE,FALSE
902,23,324,318,275,324,318,275,324,318,275,-6,-49,6,49,FALSE,FALSE
902,24,263,256,215,263,256,215,263,256,215,-7,-48,7,48,FALSE,FALSE
902,25,206,213,179,206,213,179,206,213,179,7,-27,7,27,FALSE,FALSE
902,26,172,175,142,172,175,142,172,175,142,3,-30,3,30,FALSE,FALSE
902,27,140,132,107,140,132,107,140,132,107,-8,-33,8,33,FALSE,FALSE
902,28,111,109,81,111,109,81,111,109,81,-2,-30,2,30,FALSE,FALSE
902,29,88,87,68,88,87,68,88,87,68,-1,-20,1,20,FALSE,FALSE
902,30,70,73,52,70,73,52,70,73,52,3,-18,3,18,FALSE,FALSE
902,31,54,58,39,54,58,39,54,58,39,4,-15,4,15,FALSE,FALSE
902,32,44,50,31,44,50,31,44,50,31,6,-13,6,13,FALSE,FALSE
902,33,30,39,27,30,39,27,30,39,27,9,-3,9,3,FALSE,FALSE
902,34,22,24,19,22,24,19,22,24,19,2,-3,2,3,FALSE,FALSE
902,35,20,19,15,20,19,15,20,19,15,-1,-5,1,5,FALSE,FALSE
902,36,16,14,12,16,14,12,16,14,12,-2,-4,2,4,FALSE,FALSE
902,37,13,12,11,13,12,11,13,12,11,-1,-2,1,2,FALSE,FALSE
902,38,10,9,9,10,9,9,10,9,9,-1,-1,1,1,FALSE,FALSE
902,39,8,9,7,8,9,7,8,9,7,1,-1,1,1,FALSE,FALSE
902,40,3,9,5,3,9,5,3,9,5,6,2,6,2,FALSE,FALSE
902,41,3,8,5,3,8,5,3,8,5,5,2,5,2,FALSE,FALSE
902,42,2,6,4,2,6,4,2,6,4,4,2,4,2,FALSE,FALSE
902,43,1,5,2,1,5,2,1,5,2,4,1,4,1,FALSE,FALSE
902,44,1,3,1,1,3,1,1,3,1,2,0,2,0,FALSE,TRUE
902,45,0,2,0,0,2,0,0,2,0,2,0,2,0,FALSE,TRUE
902,46,0,1,0,0,1,0,0,1,0,1,0,1,0,FALSE,TRUE
902,47,0,1,0,0,1,0,0,1,0,1,0,1,0,FALSE,TRUE
902,48,0,0,0,0,0,0,0,0,0,0,0,0,0,TRUE,TRUE
902,49,0,0,0,0,0,0,0,0,0,0,0,0,0,TRUE,TRUE
902,50,0,0,0,0,0,0,0,0,0,0,0,0,0,TRUE,TRUE
902,51,0,0,0,0,0,0,0,0,0,0,0,0,0,TRUE,TRUE
902,52,0,0,0,0,0,0,0,0,0,0,0,0,0,TRUE,TRUE
902,53,0,0,0,0,0,0,0,0,0,0,0,0,0,TRUE,TRUE
902,54,0,0,0,0,0,0,0,0,0,0,0,0,0,TRUE,TRUE
902,55,0,0,0,0,0,0,0,0,0,0,0,0,0,TRUE,TRUE
902,56,0,0,0,0,0,0,0,0,0,0,0,0,0,TRUE,TRUE
902,57,0,0,0,0,0,0,0,0,0,0,0,0,0,TRUE,TRUE
902,58,0,0,0,0,0,0,0,0,0,0,0,0,0,TRUE,TRUE
902,59,0,0,0,0,0,0,0,0,0,0,0,0,0,TRUE,TRUE
902,60,0,0,0,0,0,0,0,0,0,0,0,0,0,TRUE,TRUE
903,0,47,47,47,47,47,47,47,47,47,0,0,0,0,TRUE,TRUE
903,1,60,56,53,60,56,53,60,56,53,-4,-7,4,7,FALSE,FALSE
903,2,65,68,61,65,68,61,65,68,61,3,-4,3,4,FALSE,FALSE
903,3,74,77,76,74,77,76,74,77,76,3,2,3,2,FALSE,FALSE
903,4,88,88,89,88,88,89,88,88,89,0,1,0,1,TRUE,FALSE
903,5,102,100,93,102,100,93,102,100,93,-2,-9,2,9,FALSE,FALSE
903,6,122,125,92,122,125,92,122,125,92,3,-30,3,30,FALSE,FALSE
903,7,145,144,110,145,144,110,145,144,110,-1,-35,1,35,FALSE,FALSE
903,8,171,165,126,171,165,126,171,165,126,-6,-45,6,45,FALSE,FALSE
903,9,203,206,153,203,206,153,203,206,153,3,-50,3,50,FALSE,FALSE
903,10,244,254,181,244,254,181,244,254,181,10,-63,10,63,FALSE,FALSE
903,11,266,299,212,266,299,212,266,299,212,33,-54,33,54,FALSE,FALSE
903,12,312,349,252,312,349,252,312,349,252,37,-60,37,60,FALSE,FALSE
903,13,361,415,290,361,415,290,361,415,290,54,-71,54,71,FALSE,FALSE
903,14,404,476,320,404,476,320,404,476,320,72,-84,72,84,FALSE,FALSE
903,15,458,557,353,458,557,353,458,557,353,99,-105,99,105,FALSE,FALSE
903,16,516,655,414,516,655,414,516,655,414,139,-102,139,102,FALSE,FALSE
903,17,577,724,492,577,724,492,577,724,492,147,-85,147,85,FALSE,FALSE
903,18,633,816,555,633,816,555,633,816,555,183,-78,183,78,FALSE,FALSE
903,19,729,925,651,729,925,651,729,925,651,196,-78,196,78,FALSE,FALSE
903,20,806,1037,709,806,1037,709,806,1037,709,231,-97,231,97,FALSE,FALSE
903,21,910,1150,785,910,1150,785,910,1150,785,240,-125,240,125,FALSE,FALSE
903,22,1005,1250,882,1005,1250,882,1005,1250,882,245,-123,245,123,FALSE,FALSE
903,23,1120,1350,940,1120,1350,940,1120,1350,940,230,-180,230,180,FALSE,FALSE
903,24,1225,1431,1038,1225,1431,1038,1225,1431,1038,206,-187,206,187,FALSE,FALSE
903,25,1354,1587,1153,1354,1587,1153,1354,1587,1153,233,-201,233,201,FALSE,FALSE
903,26,1447,1663,1234,1447,1663,1234,1447,1663,1234,216,-213,216,213,FALSE,FALSE
903,27,1494,1739,1322,1494,1739,1322,1494,1739,1322,245,-172,245,172,FALSE,FALSE
903,28,1574,1832,1424,1574,1832,1424,1574,1832,1424,258,-150,258,150,FALSE,FALSE
903,29,1648,1871,1486,1648,1871,1486,1648,1871,1486,223,-162,223,162,FALSE,FALSE
903,30,1688,1910,1583,1688,1910,1583,1688,1910,1583,222,-105,222,105,FALSE,FALSE
903,31,1761,1962,1674,1761,1962,1674,1761,1962,1674,201,-87,201,87,FALSE,FALSE
903,32,1794,1956,1732,1794,1956,1732,1794,1956,1732,162,-62,162,62,FALSE,FALSE
903,33,1801,1948,1774,1801,1948,1774,1801,1948,1774,147,-27,147,27,FALSE,FALSE
903,34,1828,1957,1804,1828,1957,1804,1828,1957,1804,129,-24,129,24,FALSE,FALSE
903,35,1849,1907,1817,1849,1907,1817,1849,1907,1817,58,-32,58,32,FALSE,FALSE
903,36,1837,1871,1818,1837,1871,1818,1837,1871,1818,34,-19,34,19,FALSE,FALSE
903,37,1811,1825,1809,1811,1825,1809,1811,1825,1809,14,-2,14,2,FALSE,FALSE
903,38,1750,1751,1796,1750,1751,1796,1750,1751,1796,1,46,1,46,FALSE,FALSE
903,39,1686,1734,1758,1686,1734,1758,1686,1734,1758,48,72,48,72,FALSE,FALSE
903,40,1633,1669,1736,1633,1669,1736,1633,1669,1736,36,103,36,103,FALSE,FALSE
903,41,1589,1602,1666,1589,1602,1666,1589,1602,1666,13,77,13,77,FALSE,FALSE
903,42,1530,1518,1593,1530,1518,1593,1530,1518,1593,-12,63,12,63,FALSE,FALSE
903,43,1476,1453,1557,1476,1453,1557,1476,1453,1557,-23,81,23,81,FALSE,FALSE
903,44,1422,1390,1469,1422,1390,1469,1422,1390,1469,-32,47,32,47,FALSE,FALSE
903,45,1348,1322,1411,1348,1322,1411,1348,1322,1411,-26,63,26,63,FALSE,FALSE
903,46,1279,1236,1359,1279,1236,1359,1279,1236,1359,-43,80,43,80,FALSE,FALSE
903,47,1219,1159,1313,1219,1159,1313,1219,1159,1313,-60,94,60,94,FALSE,FALSE
903,48,1164,1092,1271,1164,1092,1271,1164,1092,1271,-72,107,72,107,FALSE,FALSE
903,49,1108,1043,1195,1108,1043,1195,1108,1043,1195,-65,87,65,87,FALSE,FALSE
903,50,1020,986,1119,1020,986,1119,1020,986,1119,-34,99,34,99,FALSE,FALSE
903,51,941,931,1060,941,931,1060,941,931,1060,-10,119,10,119,FALSE,FALSE
903,52,890,855,987,890,855,987,890,855,987,-35,97,35,97,FALSE,FALSE
903,53,828,783,932,828,783,932,828,783,932,-45,104,45,104,FALSE,FALSE
903,54,755,721,887,755,721,887,755,721,887,-34,132,34,132,FALSE,FALSE
903,55,700,673,835,700,673,835,700,673,835,-27,135,27,135,FALSE,FALSE
903,56,648,634,794,648,634,794,648,634,794,-14,146,14,146,FALSE,FALSE
903,57,617,584,734,617,584,734,617,584,734,-33,117,33,117,FALSE,FALSE
903,58,570,543,674,570,543,674,570,543,674,-27,104,27,104,FALSE,FALSE
903,59,522,511,636,522,511,636,522,511,636,-11,114,11,114,FALSE,FALSE
903,60,495,472,586,495,472,586,495,472,586,-23,91,23,91,FALSE,FALSE
904,0,59,59,59,59,59,59,59,59,59,0,0,0,0,TRUE,TRUE
904,1,82,80,71,82,80,71,82,80,71,-2,-11,2,11,FALSE,FALSE
904,2,100,103,92,100,103,92,100,103,92,3,-8,3,8,FALSE,FALSE
904,3,123,151,106,123,151,106,123,151,106,28,-17,28,17,FALSE,FALSE
904,4,145,222,148,145,222,148,145,222,148,77,3,77,3,FALSE,FALSE
904,5,185,317,193,185,317,193,185,317,193,132,8,132,8,FALSE,FALSE
904,6,228,416,256,228,416,256,228,416,256,188,28,188,28,FALSE,FALSE
904,7,291,536,306,291,536,306,291,536,306,245,15,245,15,FALSE,FALSE
904,8,367,698,380,367,698,380,367,698,380,331,13,331,13,FALSE,FALSE
904,9,442,853,495,442,853,495,442,853,495,411,53,411,53,FALSE,FALSE
904,10,532,1003,620,532,1003,620,532,1003,620,471,88,471,88,FALSE,FALSE
904,11,639,1218,745,639,1218,745,639,1218,745,579,106,579,106,FALSE,FALSE
904,12,775,1426,885,775,1426,885,775,1426,885,651,110,651,110,FALSE,FALSE
904,13,889,1520,1022,889,1520,1022,889,1520,1022,631,133,631,133,FALSE,FALSE
904,14,964,1650,1161,964,1650,1161,964,1650,1161,686,197,686,197,FALSE,FALSE
904,15,1082,1663,1298,1082,1663,1298,1082,1663,1298,581,216,581,216,FALSE,FALSE
904,16,1196,1598,1368,1196,1598,1368,1196,1598,1368,402,172,402,172,FALSE,FALSE
904,17,1272,1572,1365,1272,1572,1365,1272,1572,1365,300,93,300,93,FALSE,FALSE
904,18,1296,1507,1332,1296,1507,1332,1296,1507,1332,211,36,211,36,FALSE,FALSE
904,19,1286,1379,1342,1286,1379,1342,1286,1379,1342,93,56,93,56,FALSE,FALSE
904,20,1253,1245,1324,1253,1245,1324,1253,1245,1324,-8,71,8,71,FALSE,FALSE
904,21,1193,1078,1230,1193,1078,1230,1193,1078,1230,-115,37,115,37,FALSE,FALSE
904,22,1166,929,1113,1166,929,1113,1166,929,1113,-237,-53,237,53,FALSE,FALSE
904,23,1012,798,978,1012,798,978,1012,798,978,-214,-34,214,34,FALSE,FALSE
904,24,924,703,882,924,703,882,924,703,882,-221,-42,221,42,FALSE,FALSE
904,25,807,592,748,807,592,748,807,592,748,-215,-59,215,59,FALSE,FALSE
904,26,708,505,669,708,505,669,708,505,669,-203,-39,203,39,FALSE,FALSE
904,27,615,430,576,615,430,576,615,430,576,-185,-39,185,39,FALSE,FALSE
904,28,542,348,492,542,348,492,542,348,492,-194,-50,194,50,FALSE,FALSE
904,29,495,306,427,495,306,427,495,306,427,-189,-68,189,68,FALSE,FALSE
904,30,425,263,367,425,263,367,425,263,367,-162,-58,162,58,FALSE,FALSE
904,31,380,213,315,380,213,315,380,213,315,-167,-65,167,65,FALSE,FALSE
904,32,307,173,283,307,173,283,307,173,283,-134,-24,134,24,FALSE,FALSE
904,33,272,147,238,272,147,238,272,147,238,-125,-34,125,34,FALSE,FALSE
904,34,241,113,208,241,113,208,241,113,208,-128,-33,128,33,FALSE,FALSE
904,35,209,101,168,209,101,168,209,101,168,-108,-41,108,41,FALSE,FALSE
904,36,192,72,133,192,72,133,192,72,133,-120,-59,120,59,FALSE,FALSE
904,37,173,53,115,173,53,115,173,53,115,-120,-58,120,58,FALSE,FALSE
904,38,148,50,92,148,50,92,148,50,92,-98,-56,98,56,FALSE,FALSE
904,39,131,45,85,131,45,85,131,45,85,-86,-46,86,46,FALSE,FALSE
904,40,110,40,75,110,40,75,110,40,75,-70,-35,70,35,FALSE,FALSE
904,41,92,31,66,92,31,66,92,31,66,-61,-26,61,26,FALSE,FALSE
904,42,82,28,55,82,28,55,82,28,55,-54,-27,54,27,FALSE,FALSE
904,43,73,18,39,73,18,39,73,18,39,-55,-34,55,34,FALSE,FALSE
904,44,53,12,29,53,12,29,53,12,29,-41,-24,41,24,FALSE,FALSE
904,45,47,11,24,47,11,24,47,11,24,-36,-23,36,23,FALSE,FALSE
904,46,35,9,20,35,9,20,35,9,20,-26,-15,26,15,FALSE,FALSE
904,47,35,8,15,35,8,15,35,8,15,-27,-20,27,20,FALSE,FALSE
904,48,31,8,15,31,8,15,31,8,15,-23,-16,23,16,FALSE,FALSE
904,49,22,7,16,22,7,16,22,7,16,-15,-6,15,6,FALSE,FALSE
904,50,20,5,12,20,5,12,20,5,12,-15,-8,15,8,FALSE,FALSE
904,51,17,4,10,17,4,10,17,4,10,-13,-7,13,7,FALSE,FALSE
904,52,13,3,8,13,3,8,13,3,8,-10,-5,10,5,FALSE,FALSE
904,53,10,3,8,10,3,8,10,3,8,-7,-2,7,2,FALSE,FALSE
904,54,9,2,7,9,2,7,9,2,7,-7,-2,7,2,FALSE,FALSE
904,55,8,1,7,8,1,7,8,1,7,-7,-1,7,1,FALSE,FALSE
904,56,8,1,6,8,1,6,8,1,6,-7,-2,7,2,FALSE,FALSE
904,57,8,0,4,8,0,4,8,0,4,-8,-4,8,4,FALSE,FALSE
904,58,6,0,5,6,0,5,6,0,5,-6,-1,6,1,FALSE,FALSE
904,59,5,0,4,5,0,4,5,0,4,-5,-1,5,1,FALSE,FALSE
904,60,4,0,3,4,0,3,4,0,3,-4,-1,4,1,FALSE,FALSE
905,0,102,102,102,102,102,102,102,102,102,0,0,0,0,TRUE,TRUE
905,1,121,116,111,121,116,111,121,116,111,-5,-10,5,10,FALSE,FALSE
905,2,120,137,132,120,137,132,120,137,132,17,12,17,12,FALSE,FALSE
905,3,148,155,138,148,155,138,148,155,138,7,-10,7,10,FALSE,FALSE
905,4,160,171,168,160,171,168,160,171,168,11,8,11,8,FALSE,FALSE
905,5,183,193,201,183,193,201,183,193,201,10,18,10,18,FALSE,FALSE
905,6,214,231,227,214,231,227,214,231,227,17,13,17,13,FALSE,FALSE
905,7,239,270,246,239,270,246,239,270,246,31,7,31,7,FALSE,FALSE
905,8,265,314,291,265,314,291,265,314,291,49,26,49,26,FALSE,FALSE
905,9,286,337,332,286,337,332,286,337,332,51,46,51,46,FALSE,FALSE
905,10,315,360,369,315,360,369,315,360,369,45,54,45,54,FALSE,FALSE
905,11,351,409,418,351,409,418,351,409,418,58,67,58,67,FALSE,FALSE
905,12,399,462,447,399,462,447,399,462,447,63,48,63,48,FALSE,FALSE
905,13,435,517,495,435,517,495,435,517,495,82,60,82,60,FALSE,FALSE
905,14,503,561,551,503,561,551,503,561,551,58,48,58,48,FALSE,FALSE
905,15,577,608,603,577,608,603,577,608,603,31,26,31,26,FALSE,FALSE
905,16,614,624,659,614,624,659,614,624,659,10,45,10,45,FALSE,FALSE
905,17,676,661,711,676,661,711,676,661,711,-15,35,15,35,FALSE,FALSE
905,18,735,696,761,735,696,761,735,696,761,-39,26,39,26,FALSE,FALSE
905,19,772,736,838,772,736,838,772,736,838,-36,66,36,66,FALSE,FALSE
905,20,825,806,903,825,806,903,825,806,903,-19,78,19,78,FALSE,FALSE
905,21,873,811,948,873,811,948,873,811,948,-62,75,62,75,FALSE,FALSE
905,22,934,861,992,934,861,992,934,861,992,-73,58,73,58,FALSE,FALSE
905,23,987,914,997,987,914,997,987,914,997,-73,10,73,10,FALSE,FALSE
905,24,967,931,1023,967,931,1023,967,931,1023,-36,56,36,56,FALSE,FALSE
905,25,995,947,1047,995,947,1047,995,947,1047,-48,52,48,52,FALSE,FALSE
905,26,988,941,1044,988,941,1044,988,941,1044,-47,56,47,56,FALSE,FALSE
905,27,989,954,1030,989,954,1030,989,954,1030,-35,41,35,41,FALSE,FALSE
905,28,973,933,976,973,933,976,973,933,976,-40,3,40,3,FALSE,FALSE
905,29,971,922,962,971,922,962,971,922,962,-49,-9,49,9,FALSE,FALSE
905,30,920,876,953,920,876,953,920,876,953,-44,33,44,33,FALSE,FALSE
905,31,884,842,941,884,842,941,884,842,941,-42,57,42,57,FALSE,FALSE
905,32,846,830,912,846,830,912,846,830,912,-16,66,16,66,FALSE,FALSE
905,33,812,813,876,812,813,876,812,813,876,1,64,1,64,FALSE,FALSE
905,34,782,788,846,782,788,846,782,788,846,6,64,6,64,FALSE,FALSE
905,35,735,732,784,735,732,784,735,732,784,-3,49,3,49,FALSE,FALSE
905,36,721,684,732,721,684,732,721,684,732,-37,11,37,11,FALSE,FALSE
905,37,693,635,696,693,635,696,693,635,696,-58,3,58,3,FALSE,FALSE
905,38,660,602,654,660,602,654,660,602,654,-58,-6,58,6,FALSE,FALSE
905,39,617,560,616,617,560,616,617,560,616,-57,-1,57,1,FALSE,FALSE
905,40,575,511,582,575,511,582,575,511,582,-64,7,64,7,FALSE,FALSE
905,41,508,463,542,508,463,542,508,463,542,-45,34,45,34,FALSE,FALSE
905,42,471,433,501,471,433,501,471,433,501,-38,30,38,30,FALSE,FALSE
905,43,422,393,460,422,393,460,422,393,460,-29,38,29,38,FALSE,FALSE
905,44,384,359,400,384,359,400,384,359,400,-25,16,25,16,FALSE,FALSE
905,45,353,336,351,353,336,351,353,336,351,-17,-2,17,2,FALSE,FALSE
905,46,322,308,316,322,308,316,322,308,316,-14,-6,14,6,FALSE,FALSE
905,47,310,283,278,310,283,278,310,283,278,-27,-32,27,32,FALSE,FALSE
905,48,289,262,232,289,262,232,289,262,232,-27,-57,27,57,FALSE,FALSE
905,49,269,243,199,269,243,199,269,243,199,-26,-70,26,70,FALSE,FALSE
905,50,256,219,181,256,219,181,256,219,181,-37,-75,37,75,FALSE,FALSE
905,51,231,200,164,231,200,164,231,200,164,-31,-67,31,67,FALSE,FALSE
905,52,208,193,139,208,193,139,208,193,139,-15,-69,15,69,FALSE,FALSE
905,53,197,174,118,197,174,118,197,174,118,-23,-79,23,79,FALSE,FALSE
905,54,183,166,106,183,166,106,183,166,106,-17,-77,17,77,FALSE,FALSE
905,55,170,159,99,170,159,99,170,159,99,-11,-71,11,71,FALSE,FALSE
905,56,146,138,87,146,138,87,146,138,87,-8,-59,8,59,FALSE,FALSE
905,57,142,140,84,142,140,84,142,140,84,-2,-58,2,58,FALSE,FALSE
905,58,139,133,73,139,133,73,139,133,73,-6,-66,6,66,FALSE,FALSE
905,59,128,118,67,128,118,67,128,118,67,-10,-61,10,61,FALSE,FALSE
905,60,118,106,63,118,106,63,118,106,63,-12,-55,12,55,FALSE,FALSE
906,0,64,64,64,64,64,64,64,64,64,0,0,0,0,TRUE,TRUE
906,1,74,69,76,74,69,76,74,69,76,-5,2,5,2,FALSE,FALSE
906,2,81,81,82,81,81,82,81,81,82,0,1,0,1,TRUE,FALSE
906,3,90,90,100,90,90,100,90,90,100,0,10,0,10,TRUE,FALSE
906,4,114,111,115,114,111,115,114,111,115,-3,1,3,1,FALSE,FALSE
906,5,125,129,138,125,129,138,125,129,138,4,13,4,13,FALSE,FALSE
906,6,137,148,167,137,148,167,137,148,167,11,30,11,30,FALSE,FALSE
906,7,170,166,205,170,166,205,170,166,205,-4,35,4,35,FALSE,FALSE
906,8,189,183,215,189,183,215,189,183,215,-6,26,6,26,FALSE,FALSE
906,9,213,215,238,213,215,238,213,215,238,2,25,2,25,FALSE,FALSE
906,10,244,244,273,244,244,273,244,244,273,0,29,0,29,TRUE,FALSE
906,11,273,288,314,273,288,314,273,288,314,15,41,15,41,FALSE,FALSE
906,12,292,328,375,292,328,375,292,328,375,36,83,36,83,FALSE,FALSE
906,13,315,354,418,315,354,418,315,354,418,39,103,39,103,FALSE,FALSE
906,14,349,407,472,349,407,472,349,407,472,58,123,58,123,FALSE,FALSE
906,15,413,446,529,413,446,529,413,446,529,33,116,33,116,FALSE,FALSE
906,16,445,483,578,445,483,578,445,483,578,38,133,38,133,FALSE,FALSE
906,17,493,520,653,493,520,653,493,520,653,27,160,27,160,FALSE,FALSE
906,18,558,562,691,558,562,691,558,562,691,4,133,4,133,FALSE,FALSE
906,19,620,624,746,620,624,746,620,624,746,4,126,4,126,FALSE,FALSE
906,20,657,683,798,657,683,798,657,683,798,26,141,26,141,FALSE,FALSE
906,21,710,744,867,710,744,867,710,744,867,34,157,34,157,FALSE,FALSE
906,22,772,795,892,772,795,892,772,795,892,23,120,23,120,FALSE,FALSE
906,23,851,837,969,851,837,969,851,837,969,-14,118,14,118,FALSE,FALSE
906,24,914,902,1026,914,902,1026,914,902,1026,-12,112,12,112,FALSE,FALSE
906,25,955,962,1062,955,962,1062,955,962,1062,7,107,7,107,FALSE,FALSE
906,26,1019,1006,1122,1019,1006,1122,1019,1006,1122,-13,103,13,103,FALSE,FALSE
906,27,1067,1063,1161,1067,1063,1161,1067,1063,1161,-4,94,4,94,FALSE,FALSE
906,28,1103,1102,1204,1103,1102,1204,1103,1102,1204,-1,101,1,101,FALSE,FALSE
906,29,1150,1144,1247,1150,1144,1247,1150,1144,1247,-6,97,6,97,FALSE,FALSE
906,30,1188,1159,1245,1188,1159,1245,1188,1159,1245,-29,57,29,57,FALSE,FALSE
906,31,1186,1165,1244,1186,1165,1244,1186,1165,1244,-21,58,21,58,FALSE,FALSE
906,32,1187,1182,1206,1187,1182,1206,1187,1182,1206,-5,19,5,19,FALSE,FALSE
906,33,1206,1161,1176,1206,1161,1176,1206,1161,1176,-45,-30,45,30,FALSE,FALSE
906,34,1188,1191,1148,1188,1191,1148,1188,1191,1148,3,-40,3,40,FALSE,FALSE
906,35,1202,1226,1152,1202,1226,1152,1202,1226,1152,24,-50,24,50,FALSE,FALSE
906,36,1175,1214,1161,1175,1214,1161,1175,1214,1161,39,-14,39,14,FALSE,FALSE
906,37,1171,1227,1142,1171,1227,1142,1171,1227,1142,56,-29,56,29,FALSE,FALSE
906,38,1148,1236,1084,1148,1236,1084,1148,1236,1084,88,-64,88,64,FALSE,FALSE
906,39,1117,1210,1075,1117,1210,1075,1117,1210,1075,93,-42,93,42,FALSE,FALSE
906,40,1084,1204,1020,1084,1204,1020,1084,1204,1020,120,-64,120,64,FALSE,FALSE
906,41,1038,1196,988,1038,1196,988,1038,1196,988,158,-50,158,50,FALSE,FALSE
906,42,998,1174,954,998,1174,954,998,1174,954,176,-44,176,44,FALSE,FALSE
906,43,966,1130,903,966,1130,903,966,1130,903,164,-63,164,63,FALSE,FALSE
906,44,938,1118,860,938,1118,860,938,1118,860,180,-78,180,78,FALSE,FALSE
906,45,903,1062,807,903,1062,807,903,1062,807,159,-96,159,96,FALSE,FALSE
906,46,861,998,776,861,998,776,861,998,776,137,-85,137,85,FALSE,FALSE
906,47,826,967,720,826,967,720,826,967,720,141,-106,141,106,FALSE,FALSE
906,48,779,903,671,779,903,671,779,903,671,124,-108,124,108,FALSE,FALSE
906,49,711,852,639,711,852,639,711,852,639,141,-72,141,72,FALSE,FALSE
906,50,679,816,599,679,816,599,679,816,599,137,-80,137,80,FALSE,FALSE
906,51,638,758,567,638,758,567,638,758,567,120,-71,120,71,FALSE,FALSE
906,52,611,712,539,611,712,539,611,712,539,101,-72,101,72,FALSE,FALSE
906,53,563,668,505,563,668,505,563,668,505,105,-58,105,58,FALSE,FALSE
906,54,516,644,466,516,644,466,516,644,466,128,-50,128,50,FALSE,FALSE
906,55,496,607,432,496,607,432,496,607,432,111,-64,111,64,FALSE,FALSE
906,56,460,568,404,460,568,404,460,568,404,108,-56,108,56,FALSE,FALSE
906,57,421,534,364,421,534,364,421,534,364,113,-57,113,57,FALSE,FALSE
906,58,397,506,338,397,506,338,397,506,338,109,-59,109,59,FALSE,FALSE
906,59,376,479,318,376,479,318,376,479,318,103,-58,103,58,FALSE,FALSE
906,60,352,449,291,352,449,291,352,449,291,97,-61,97,61,FALSE,FALSE
907,0,138,138,138,138,138,138,138,138,138,0,0,0,0,TRUE,TRUE
907,1,176,193,176,176,193,176,176,193,176,17,0,17,0,FALSE,TRUE
907,2,219,250,222,219,250,222,219,250,222,31,3,31,3,FALSE,FALSE
907,3,280,318,266,280,318,266,280,318,266,38,-14,38,14,FALSE,FALSE
907,4,331,392,333,331,392,333,331,392,333,61,2,61,2,FALSE,FALSE
907,5,420,484,393,420,484,393,420,484,393,64,-27,64,27,FALSE,FALSE
907,6,516,603,492,516,603,492,516,603,492,87,-24,87,24,FALSE,FALSE
907,7,637,746,603,637,746,603,637,746,603,109,-34,109,34,FALSE,FALSE
907,8,775,940,747,775,940,747,775,940,747,165,-28,165,28,FALSE,FALSE
907,9,950,1133,888,950,1133,888,950,1133,888,183,-62,183,62,FALSE,FALSE
907,10,1110,1323,1015,1110,1323,1015,1110,1323,1015,213,-95,213,95,FALSE,FALSE
907,11,1254,1523,1168,1254,1523,1168,1254,1523,1168,269,-86,269,86,FALSE,FALSE
907,12,1455,1743,1403,1455,1743,1403,1455,1743,1403,288,-52,288,52,FALSE,FALSE
907,13,1647,1920,1588,1647,1920,1588,1647,1920,1588,273,-59,273,59,FALSE,FALSE
907,14,1863,2096,1796,1863,2096,1796,1863,2096,1796,233,-67,233,67,FALSE,FALSE
907,15,2071,2258,1935,2071,2258,1935,2071,2258,1935,187,-136,187,136,FALSE,FALSE
907,16,2228,2365,2096,2228,2365,2096,2228,2365,2096,137,-132,137,132,FALSE,FALSE
907,17,2324,2411,2194,2324,2411,2194,2324,2411,2194,87,-130,87,130,FALSE,FALSE
907,18,2398,2417,2286,2398,2417,2286,2398,2417,2286,19,-112,19,112,FALSE,FALSE
907,19,2444,2403,2364,2444,2403,2364,2444,2403,2364,-41,-80,41,80,FALSE,FALSE
907,20,2465,2355,2347,2465,2355,2347,2465,2355,2347,-110,-118,110,118,FALSE,FALSE
907,21,2370,2283,2326,2370,2283,2326,2370,2283,2326,-87,-44,87,44,FALSE,FALSE
907,22,2249,2187,2238,2249,2187,2238,2249,2187,2238,-62,-11,62,11,FALSE,FALSE
907,23,2169,2069,2210,2169,2069,2210,2169,2069,2210,-100,41,100,41,FALSE,FALSE
907,24,2043,1917,2127,2043,1917,2127,2043,1917,2127,-126,84,126,84,FALSE,FALSE
907,25,1939,1737,1958,1939,1737,1958,1939,1737,1958,-202,19,202,19,FALSE,FALSE
907,26,1821,1588,1804,1821,1588,1804,1821,1588,1804,-233,-17,233,17,FALSE,FALSE
907,27,1670,1475,1687,1670,1475,1687,1670,1475,1687,-195,17,195,17,FALSE,FALSE
907,28,1542,1324,1529,1542,1324,1529,1542,1324,1529,-218,-13,218,13,FALSE,FALSE
907,29,1424,1178,1380,1424,1178,1380,1424,1178,1380,-246,-44,246,44,FALSE,FALSE
907,30,1305,1048,1255,1305,1048,1255,1305,1048,1255,-257,-50,257,50,FALSE,FALSE
907,31,1187,926,1136,1187,926,1136,1187,926,1136,-261,-51,261,51,FALSE,FALSE
907,32,1073,836,1024,1073,836,1024,1073,836,1024,-237,-49,237,49,FALSE,FALSE
907,33,968,732,928,968,732,928,968,732,928,-236,-40,236,40,FALSE,FALSE
907,34,863,667,826,863,667,826,863,667,826,-196,-37,196,37,FALSE,FALSE
907,35,779,587,760,779,587,760,779,587,760,-192,-19,192,19,FALSE,FALSE
907,36,703,535,685,703,535,685,703,535,685,-168,-18,168,18,FALSE,FALSE
907,37,617,468,613,617,468,613,617,468,613,-149,-4,149,4,FALSE,FALSE
907,38,541,429,542,541,429,542,541,429,542,-112,1,112,1,FALSE,FALSE
907,39,493,388,488,493,388,488,493,388,488,-105,-5,105,5,FALSE,FALSE
907,40,436,343,440,436,343,440,436,343,440,-93,4,93,4,FALSE,FALSE
907,41,384,304,399,384,304,399,384,304,399,-80,15,80,15,FALSE,FALSE
907,42,349,261,368,349,261,368,349,261,368,-88,19,88,19,FALSE,FALSE
907,43,326,233,328,326,233,328,326,233,328,-93,2,93,2,FALSE,FALSE
907,44,299,202,295,299,202,295,299,202,295,-97,-4,97,4,FALSE,FALSE
907,45,261,185,256,261,185,256,261,185,256,-76,-5,76,5,FALSE,FALSE
907,46,233,171,227,233,171,227,233,171,227,-62,-6,62,6,FALSE,FALSE
907,47,201,152,199,201,152,199,201,152,199,-49,-2,49,2,FALSE,FALSE
907,48,180,135,189,180,135,189,180,135,189,-45,9,45,9,FALSE,FALSE
907,49,157,110,171,157,110,171,157,110,171,-47,14,47,14,FALSE,FALSE
907,50,144,96,149,144,96,149,144,96,149,-48,5,48,5,FALSE,FALSE
907,51,134,89,129,134,89,129,134,89,129,-45,-5,45,5,FALSE,FALSE
907,52,119,81,116,119,81,116,119,81,116,-38,-3,38,3,FALSE,FALSE
907,53,117,72,105,117,72,105,117,72,105,-45,-12,45,12,FALSE,FALSE
907,54,107,68,89,107,68,89,107,68,89,-39,-18,39,18,FALSE,FALSE
907,55,95,64,80,95,64,80,95,64,80,-31,-15,31,15,FALSE,FALSE
907,56,87,56,74,87,56,74,87,56,74,-31,-13,31,13,FALSE,FALSE
907,57,73,54,64,73,54,64,73,54,64,-19,-9,19,9,FALSE,FALSE
907,58,66,45,60,66,45,60,66,45,60,-21,-6,21,6,FALSE,FALSE
907,59,56,43,51,56,43,51,56,43,51,-13,-5,13,5,FALSE,FALSE
907,60,44,46,45,44,46,45,44,46,45,2,1,2,1,FALSE,FALSE
908,0,67,67,67,67,67,67,67,67,67,0,0,0,0,TRUE,TRUE
908,1,104,102,101,104,102,101,104,102,101,-2,-3,2,3,FALSE,FALSE
908,2,169,143,155,169,143,155,169,143,155,-26,-14,26,14,FALSE,FALSE
908,3,244,217,227,244,217,227,244,217,227,-27,-17,27,17,FALSE,FALSE
908,4,361,307,300,361,307,300,361,307,300,-54,-61,54,61,FALSE,FALSE
908,5,481,445,432,481,445,432,481,445,432,-36,-49,36,49,FALSE,FALSE
908,6,683,616,610,683,616,610,683,616,610,-67,-73,67,73,FALSE,FALSE
908,7,953,854,803,953,854,803,953,854,803,-99,-150,99,150,FALSE,FALSE
908,8,1251,1119,1062,1251,1119,1062,1251,1119,1062,-132,-189,132,189,FALSE,FALSE
908,9,1585,1403,1365,1585,1403,1365,1585,1403,1365,-182,-220,182,220,FALSE,FALSE
908,10,1854,1717,1674,1854,1717,1674,1854,1717,1674,-137,-180,137,180,FALSE,FALSE
908,11,2113,1981,1927,2113,1981,1927,2113,1981,1927,-132,-186,132,186,FALSE,FALSE
908,12,2246,2157,2129,2246,2157,2129,2246,2157,2129,-89,-117,89,117,FALSE,FALSE
908,13,2320,2173,2217,2320,2173,2217,2320,2173,2217,-147,-103,147,103,FALSE,FALSE
908,14,2294,2138,2237,2294,2138,2237,2294,2138,2237,-156,-57,156,57,FALSE,FALSE
908,15,2206,2083,2226,2206,2083,2226,2206,2083,2226,-123,20,123,20,FALSE,FALSE
908,16,2060,1963,2084,2060,1963,2084,2060,1963,2084,-97,24,97,24,FALSE,FALSE
908,17,1917,1829,1953,1917,1829,1953,1917,1829,1953,-88,36,88,36,FALSE,FALSE
908,18,1730,1655,1778,1730,1655,1778,1730,1655,1778,-75,48,75,48,FALSE,FALSE
908,19,1571,1512,1573,1571,1512,1573,1571,1512,1573,-59,2,59,2,FALSE,FALSE
908,20,1413,1336,1398,1413,1336,1398,1413,1336,1398,-77,-15,77,15,FALSE,FALSE
908,21,1246,1203,1258,1246,1203,1258,1246,1203,1258,-43,12,43,12,FALSE,FALSE
908,22,1107,1058,1111,1107,1058,1111,1107,1058,1111,-49,4,49,4,FALSE,FALSE
908,23,967,925,963,967,925,963,967,925,963,-42,-4,42,4,FALSE,FALSE
908,24,850,807,827,850,807,827,850,807,827,-43,-23,43,23,FALSE,FALSE
908,25,742,706,734,742,706,734,742,706,734,-36,-8,36,8,FALSE,FALSE
908,26,640,624,637,640,624,637,640,624,637,-16,-3,16,3,FALSE,FALSE
908,27,557,549,569,557,549,569,557,549,569,-8,12,8,12,FALSE,FALSE
908,28,469,476,495,469,476,495,469,476,495,7,26,7,26,FALSE,FALSE
908,29,401,402,437,401,402,437,401,402,437,1,36,1,36,FALSE,FALSE
908,30,347,353,375,347,353,375,347,353,375,6,28,6,28,FALSE,FALSE
908,31,299,318,320,299,318,320,299,318,320,19,21,19,21,FALSE,FALSE
908,32,257,279,274,257,279,274,257,279,274,22,17,22,17,FALSE,FALSE
908,33,232,243,239,232,243,239,232,243,239,11,7,11,7,FALSE,FALSE
908,34,203,209,206,203,209,206,203,209,206,6,3,6,3,FALSE,FALSE
908,35,182,181,179,182,181,179,182,181,179,-1,-3,1,3,FALSE,FALSE
908,36,152,159,155,152,159,155,152,159,155,7,3,7,3,FALSE,FALSE
908,37,139,131,133,139,131,133,139,131,133,-8,-6,8,6,FALSE,FALSE
908,38,120,114,114,120,114,114,120,114,114,-6,-6,6,6,FALSE,FALSE
908,39,105,99,94,105,99,94,105,99,94,-6,-11,6,11,FALSE,FALSE
908,40,92,91,82,92,91,82,92,91,82,-1,-10,1,10,FALSE,FALSE
908,41,79,73,71,79,73,71,79,73,71,-6,-8,6,8,FALSE,FALSE
908,42,63,64,66,63,64,66,63,64,66,1,3,1,3,FALSE,FALSE
908,43,57,56,62,57,56,62,57,56,62,-1,5,1,5,FALSE,FALSE
908,44,47,48,49,47,48,49,47,48,49,1,2,1,2,FALSE,FALSE
908,45,37,46,40,37,46,40,37,46,40,9,3,9,3,FALSE,FALSE
908,46,35,38,32,35,38,32,35,38,32,3,-3,3,3,FALSE,FALSE
908,47,26,36,28,26,36,28,26,36,28,10,2,10,2,FALSE,FALSE
908,48,24,29,25,24,29,25,24,29,25,5,1,5,1,FALSE,FALSE
908,49,21,26,16,21,26,16,21,26,16,5,-5,5,5,FALSE,FALSE
908,50,18,20,15,18,20,15,18,20,15,2,-3,2,3,FALSE,FALSE
908,51,16,20,15,16,20,15,16,20,15,4,-1,4,1,FALSE,FALSE
908,52,15,16,13,15,16,13,15,16,13,1,-2,1,2,FALSE,FALSE
908,53,13,10,12,13,10,12,13,10,12,-3,-1,3,1,FALSE,FALSE
908,54,13,8,9,13,8,9,13,8,9,-5,-4,5,4,FALSE,FALSE
908,55,10,7,8,10,7,8,10,7,8,-3,-2,3,2,FALSE,FALSE
908,56,9,7,7,9,7,7,9,7,7,-2,-2,2,2,FALSE,FALSE
908,57,9,7,6,9,7,6,9,7,6,-2,-3,2,3,FALSE,FALSE
908,58,7,5,5,7,5,5,7,5,5,-2,-2,2,2,FALSE,FALSE
908,59,6,5,5,6,5,5,6,5,5,-1,-1,1,1,FALSE,FALSE
908,60,5,5,5,5,5,5,5,5,5,0,0,0,0,TRUE,TRUE
909,0,127,127,127,127,127,127,127,127,127,0,0,0,0,TRUE,TRUE
909,1,161,156,155,161,156,155,161,156,155,-5,-6,5,6,FALSE,FALSE
909,2,217,209,196,217,209,196,217,209,196,-8,-21,8,21,FALSE,FALSE
909,3,280,271,257,280,271,257,280,271,257,-9,-23,9,23,FALSE,FALSE
909,4,348,341,322,348,341,322,348,341,322,-7,-26,7,26,FALSE,FALSE
909,5,439,442,420,439,442,420,439,442,420,3,-19,3,19,FALSE,FALSE
909,6,566,553,537,566,553,537,566,553,537,-13,-29,13,29,FALSE,FALSE
909,7,713,709,692,713,709,692,713,709,692,-4,-21,4,21,FALSE,FALSE
909,8,888,887,860,888,887,860,888,887,860,-1,-28,1,28,FALSE,FALSE
909,9,1061,1099,1075,1061,1099,1075,1061,1099,1075,38,14,38,14,FALSE,FALSE
909,10,1292,1318,1340,1292,1318,1340,1292,1318,1340,26,48,26,48,FALSE,FALSE
909,11,1578,1559,1606,1578,1559,1606,1578,1559,1606,-19,28,19,28,FALSE,FALSE
909,12,1812,1846,1866,1812,1846,1866,1812,1846,1866,34,54,34,54,FALSE,FALSE
909,13,2136,2153,2189,2136,2153,2189,2136,2153,2189,17,53,17,53,FALSE,FALSE
909,14,2453,2458,2458,2453,2458,2458,2453,2458,2458,5,5,5,5,FALSE,FALSE
909,15,2742,2736,2754,2742,2736,2754,2742,2736,2754,-6,12,6,12,FALSE,FALSE
909,16,3001,3010,2998,3001,3010,2998,3001,3010,2998,9,-3,9,3,FALSE,FALSE
909,17,3227,3213,3236,3227,3213,3236,3227,3213,3236,-14,9,14,9,FALSE,FALSE
909,18,3443,3318,3421,3443,3318,3421,3443,3318,3421,-125,-22,125,22,FALSE,FALSE
909,19,3483,3489,3517,3483,3489,3517,3483,3489,3517,6,34,6,34,FALSE,FALSE
909,20,3535,3547,3587,3535,3547,3587,3535,3547,3587,12,52,12,52,FALSE,FALSE
909,21,3589,3535,3572,3589,3535,3572,3589,3535,3572,-54,-17,54,17,FALSE,FALSE
909,22,3514,3444,3545,3514,3444,3545,3514,3444,3545,-70,31,70,31,FALSE,FALSE
909,23,3418,3342,3451,3418,3342,3451,3418,3342,3451,-76,33,76,33,FALSE,FALSE
909,24,3329,3203,3339,3329,3203,3339,3329,3203,3339,-126,10,126,10,FALSE,FALSE
909,25,3177,3049,3179,3177,3049,3179,3177,3049,3179,-128,2,128,2,FALSE,FALSE
909,26,3034,2886,3040,3034,2886,3040,3034,2886,3040,-148,6,148,6,FALSE,FALSE
909,27,2896,2723,2876,2896,2723,2876,2896,2723,2876,-173,-20,173,20,FALSE,FALSE
909,28,2713,2554,2725,2713,2554,2725,2713,2554,2725,-159,12,159,12,FALSE,FALSE
909,29,2534,2363,2570,2534,2363,2570,2534,2363,2570,-171,36,171,36,FALSE,FALSE
909,30,2384,2205,2394,2384,2205,2394,2384,2205,2394,-179,10,179,10,FALSE,FALSE
909,31,2210,2019,2217,2210,2019,2217,2210,2019,2217,-191,7,191,7,FALSE,FALSE
909,32,2045,1851,2061,2045,1851,2061,2045,1851,2061,-194,16,194,16,FALSE,FALSE
909,33,1891,1697,1923,1891,1697,1923,1891,1697,1923,-194,32,194,32,FALSE,FALSE
909,34,1710,1554,1761,1710,1554,1761,1710,1554,1761,-156,51,156,51,FALSE,FALSE
909,35,1576,1426,1618,1576,1426,1618,1576,1426,1618,-150,42,150,42,FALSE,FALSE
909,36,1460,1316,1471,1460,1316,1471,1460,1316,1471,-144,11,144,11,FALSE,FALSE
909,37,1343,1209,1344,1343,1209,1344,1343,1209,1344,-134,1,134,1,FALSE,FALSE
909,38,1231,1093,1225,1231,1093,1225,1231,1093,1225,-138,-6,138,6,FALSE,FALSE
909,39,1126,1004,1132,1126,1004,1132,1126,1004,1132,-122,6,122,6,FALSE,FALSE
909,40,1036,919,1027,1036,919,1027,1036,919,1027,-117,-9,117,9,FALSE,FALSE
909,41,941,820,946,941,820,946,941,820,946,-121,5,121,5,FALSE,FALSE
909,42,860,754,864,860,754,864,860,754,864,-106,4,106,4,FALSE,FALSE
909,43,802,690,794,802,690,794,802,690,794,-112,-8,112,8,FALSE,FALSE
909,44,738,635,731,738,635,731,738,635,731,-103,-7,103,7,FALSE,FALSE
909,45,682,575,678,682,575,678,682,575,678,-107,-4,107,4,FALSE,FALSE
909,46,629,522,625,629,522,625,629,522,625,-107,-4,107,4,FALSE,FALSE
909,47,582,465,577,582,465,577,582,465,577,-117,-5,117,5,FALSE,FALSE
909,48,523,422,521,523,422,521,523,422,521,-101,-2,101,2,FALSE,FALSE
909,49,474,392,465,474,392,465,474,392,465,-82,-9,82,9,FALSE,FALSE
909,50,435,356,431,435,356,431,435,356,431,-79,-4,79,4,FALSE,FALSE
909,51,385,335,387,385,335,387,385,335,387,-50,2,50,2,FALSE,FALSE
909,52,343,303,354,343,303,354,343,303,354,-40,11,40,11,FALSE,FALSE
909,53,312,271,327,312,271,327,312,271,327,-41,15,41,15,FALSE,FALSE
909,54,274,245,292,274,245,292,274,245,292,-29,18,29,18,FALSE,FALSE
909,55,246,224,270,246,224,270,246,224,270,-22,24,22,24,FALSE,FALSE
909,56,223,196,249,223,196,249,223,196,249,-27,26,27,26,FALSE,FALSE
909,57,204,175,226,204,175,226,204,175,226,-29,22,29,22,FALSE,FALSE
909,58,180,145,207,180,145,207,180,145,207,-35,27,35,27,FALSE,FALSE
909,59,162,126,189,162,126,189,162,126,189,-36,27,36,27,FALSE,FALSE
909,60,147,117,162,147,117,162,147,117,162,-30,15,30,15,FALSE,FALSE
910,0,104,104,104,104,104,104,104,104,104,0,0,0,0,TRUE,TRUE
910,1,142,152,145,142,152,145,142,152,145,10,3,10,3,FALSE,FALSE
910,2,210,221,228,210,221,228,210,221,228,11,18,11,18,FALSE,FALSE
910,3,311,327,326,311,327,326,311,327,326,16,15,16,15,FALSE,FALSE
910,4,447,537,472,447,537,472,447,537,472,90,25,90,25,FALSE,FALSE
910,5,650,807,690,650,807,690,650,807,690,157,40,157,40,FALSE,FALSE
910,6,924,1120,997,924,1120,997,924,1120,997,196,73,196,73,FALSE,FALSE
910,7,1265,1548,1400,1265,1548,1400,1265,1548,1400,283,135,283,135,FALSE,FALSE
910,8,1668,2040,1853,1668,2040,1853,1668,2040,1853,372,185,372,185,FALSE,FALSE
910,9,2098,2533,2375,2098,2533,2375,2098,2533,2375,435,277,435,277,FALSE,FALSE
910,10,2599,2998,2841,2599,2998,2841,2599,2998,2841,399,242,399,242,FALSE,FALSE
910,11,3031,3285,3210,3031,3285,3210,3031,3285,3210,254,179,254,179,FALSE,FALSE
910,12,3247,3523,3393,3247,3523,3393,3247,3523,3393,276,146,276,146,FALSE,FALSE
910,13,3303,3484,3431,3303,3484,3431,3303,3484,3431,181,128,181,128,FALSE,FALSE
910,14,3264,3282,3339,3264,3282,3339,3264,3282,3339,18,75,18,75,FALSE,FALSE
910,15,3097,2998,3092,3097,2998,3092,3097,2998,3092,-99,-5,99,5,FALSE,FALSE
910,16,2810,2684,2799,2810,2684,2799,2810,2684,2799,-126,-11,126,11,FALSE,FALSE
910,17,2553,2335,2443,2553,2335,2443,2553,2335,2443,-218,-110,218,110,FALSE,FALSE
910,18,2222,2083,2148,2222,2083,2148,2222,2083,2148,-139,-74,139,74,FALSE,FALSE
910,19,1931,1782,1837,1931,1782,1837,1931,1782,1837,-149,-94,149,94,FALSE,FALSE
910,20,1649,1513,1578,1649,1513,1578,1649,1513,1578,-136,-71,136,71,FALSE,FALSE
910,21,1388,1288,1320,1388,1288,1320,1388,1288,1320,-100,-68,100,68,FALSE,FALSE
910,22,1174,1086,1094,1174,1086,1094,1174,1086,1094,-88,-80,88,80,FALSE,FALSE
910,23,990,890,904,990,890,904,990,890,904,-100,-86,100,86,FALSE,FALSE
910,24,835,740,772,835,740,772,835,740,772,-95,-63,95,63,FALSE,FALSE
910,25,710,641,648,710,641,648,710,641,648,-69,-62,69,62,FALSE,FALSE
910,26,587,548,533,587,548,533,587,548,533,-39,-54,39,54,FALSE,FALSE
910,27,470,452,448,470,452,448,470,452,448,-18,-22,18,22,FALSE,FALSE
910,28,386,379,383,386,379,383,386,379,383,-7,-3,7,3,FALSE,FALSE
910,29,333,307,323,333,307,323,333,307,323,-26,-10,26,10,FALSE,FALSE
910,30,270,261,258,270,261,258,270,261,258,-9,-12,9,12,FALSE,FALSE
910,31,237,206,218,237,206,218,237,206,218,-31,-19,31,19,FALSE,FALSE
910,32,189,167,189,189,167,189,189,167,189,-22,0,22,0,FALSE,TRUE
910,33,162,141,149,162,141,149,162,141,149,-21,-13,21,13,FALSE,FALSE
910,34,147,117,125,147,117,125,147,117,125,-30,-22,30,22,FALSE,FALSE
910,35,124,94,108,124,94,108,124,94,108,-30,-16,30,16,FALSE,FALSE
910,36,102,83,91,102,83,91,102,83,91,-19,-11,19,11,FALSE,FALSE
910,37,79,71,67,79,71,67,79,71,67,-8,-12,8,12,FALSE,FALSE
910,38,62,59,52,62,59,52,62,59,52,-3,-10,3,10,FALSE,FALSE
910,39,50,47,38,50,47,38,50,47,38,-3,-12,3,12,FALSE,FALSE
910,40,47,37,28,47,37,28,47,37,28,-10,-19,10,19,FALSE,FALSE
910,41,37,29,22,37,29,22,37,29,22,-8,-15,8,15,FALSE,FALSE
910,42,32,26,22,32,26,22,32,26,22,-6,-10,6,10,FALSE,FALSE
910,43,26,20,16,26,20,16,26,20,16,-6,-10,6,10,FALSE,FALSE
910,44,21,18,12,21,18,12,21,18,12,-3,-9,3,9,FALSE,FALSE
910,45,18,18,12,18,18,12,18,18,12,0,-6,0,6,TRUE,FALSE
910,46,14,15,10,14,15,10,14,15,10,1,-4,1,4,FALSE,FALSE
910,47,11,11,10,11,11,10,11,11,10,0,-1,0,1,TRUE,FALSE
910,48,7,9,9,7,9,9,7,9,9,2,2,2,2,FALSE,FALSE
910,49,7,7,5,7,7,5,7,7,5,0,-2,0,2,TRUE,FALSE
910,50,5,7,4,5,7,4,5,7,4,2,-1,2,1,FALSE,FALSE
910,51,4,6,4,4,6,4,4,6,4,2,0,2,0,FALSE,TRUE
910,52,4,5,4,4,5,4,4,5,4,1,0,1,0,FALSE,TRUE
910,53,4,5,2,4,5,2,4,5,2,1,-2,1,2,FALSE,FALSE
910,54,4,4,1,4,4,1,4,4,1,0,-3,0,3,TRUE,FALSE
910,55,3,5,1,3,5,1,3,5,1,2,-2,2,2,FALSE,FALSE
910,56,3,3,1,3,3,1,3,3,1,0,-2,0,2,TRUE,FALSE
910,57,2,3,1,2,3,1,2,3,1,1,-1,1,1,FALSE,FALSE
910,58,2,3,0,2,3,0,2,3,0,1,-2,1,2,FALSE,FALSE
910,59,2,2,0,2,2,0,2,2,0,0,-2,0,2,TRUE,FALSE
910,60,2,2,0,2,2,0,2,2,0,0,-2,0,2,TRUE,FALSE
911,0,74,74,74,74,74,74,74,74,74,0,0,0,0,TRUE,TRUE
911,1,66,78,77,66,78,77,66,78,77,12,11,12,11,FALSE,FALSE
911,2,70,67,91,70,67,91,70,67,91,-3,21,3,21,FALSE,FALSE
911,3,79,78,87,79,78,87,79,78,87,-1,8,1,8,FALSE,FALSE
911,4,80,81,93,80,81,93,80,81,93,1,13,1,13,FALSE,FALSE
911,5,85,85,99,85,85,99,85,85,99,0,14,0,14,TRUE,FALSE
911,6,84,82,110,84,82,110,84,82,110,-2,26,2,26,FALSE,FALSE
911,7,85,86,119,85,86,119,85,86,119,1,34,1,34,FALSE,FALSE
911,8,89,90,131,89,90,131,89,90,131,1,42,1,42,FALSE,FALSE
911,9,85,105,138,85,105,138,85,105,138,20,53,20,53,FALSE,FALSE
911,10,96,117,151,96,117,151,96,117,151,21,55,21,55,FALSE,FALSE
911,11,108,110,166,108,110,166,108,110,166,2,58,2,58,FALSE,FALSE
911,12,106,129,176,106,129,176,106,129,176,23,70,23,70,FALSE,FALSE
911,13,104,127,181,104,127,181,104,127,181,23,77,23,77,FALSE,FALSE
911,14,112,136,179,112,136,179,112,136,179,24,67,24,67,FALSE,FALSE
911,15,123,145,188,123,145,188,123,145,188,22,65,22,65,FALSE,FALSE
911,16,139,156,184,139,156,184,139,156,184,17,45,17,45,FALSE,FALSE
911,17,147,162,191,147,162,191,147,162,191,15,44,15,44,FALSE,FALSE
911,18,156,181,208,156,181,208,156,181,208,25,52,25,52,FALSE,FALSE
911,19,158,179,219,158,179,219,158,179,219,21,61,21,61,FALSE,FALSE
911,20,172,188,229,172,188,229,172,188,229,16,57,16,57,FALSE,FALSE
911,21,178,193,236,178,193,236,178,193,236,15,58,15,58,FALSE,FALSE
911,22,171,191,242,171,191,242,171,191,242,20,71,20,71,FALSE,FALSE
911,23,172,193,239,172,193,239,172,193,239,21,67,21,67,FALSE,FALSE
911,24,171,200,244,171,200,244,171,200,244,29,73,29,73,FALSE,FALSE
911,25,164,193,232,164,193,232,164,193,232,29,68,29,68,FALSE,FALSE
911,26,183,191,231,183,191,231,183,191,231,8,48,8,48,FALSE,FALSE
911,27,178,190,236,178,190,236,178,190,236,12,58,12,58,FALSE,FALSE
911,28,189,186,237,189,186,237,189,186,237,-3,48,3,48,FALSE,FALSE
911,29,195,187,220,195,187,220,195,187,220,-8,25,8,25,FALSE,FALSE
911,30,187,195,215,187,195,215,187,195,215,8,28,8,28,FALSE,FALSE
911,31,190,194,215,190,194,215,190,194,215,4,25,4,25,FALSE,FALSE
911,32,196,210,222,196,210,222,196,210,222,14,26,14,26,FALSE,FALSE
911,33,194,209,233,194,209,233,194,209,233,15,39,15,39,FALSE,FALSE
911,34,187,190,220,187,190,220,187,190,220,3,33,3,33,FALSE,FALSE
911,35,190,196,218,190,196,218,190,196,218,6,28,6,28,FALSE,FALSE
911,36,199,185,219,199,185,219,199,185,219,-14,20,14,20,FALSE,FALSE
911,37,175,181,226,175,181,226,175,181,226,6,51,6,51,FALSE,FALSE
911,38,171,167,218,171,167,218,171,167,218,-4,47,4,47,FALSE,FALSE
911,39,170,155,230,170,155,230,170,155,230,-15,60,15,60,FALSE,FALSE
911,40,170,163,218,170,163,218,170,163,218,-7,48,7,48,FALSE,FALSE
911,41,182,159,217,182,159,217,182,159,217,-23,35,23,35,FALSE,FALSE
911,42,184,145,209,184,145,209,184,145,209,-39,25,39,25,FALSE,FALSE
911,43,189,146,213,189,146,213,189,146,213,-43,24,43,24,FALSE,FALSE
911,44,186,144,207,186,144,207,186,144,207,-42,21,42,21,FALSE,FALSE
911,45,187,134,195,187,134,195,187,134,195,-53,8,53,8,FALSE,FALSE
911,46,186,130,196,186,130,196,186,130,196,-56,10,56,10,FALSE,FALSE
911,47,176,128,183,176,128,183,176,128,183,-48,7,48,7,FALSE,FALSE
911,48,171,118,168,171,118,168,171,118,168,-53,-3,53,3,FALSE,FALSE
911,49,148,117,172,148,117,172,148,117,172,-31,24,31,24,FALSE,FALSE
911,50,141,116,163,141,116,163,141,116,163,-25,22,25,22,FALSE,FALSE
911,51,141,101,162,141,101,162,141,101,162,-40,21,40,21,FALSE,FALSE
911,52,131,100,159,131,100,159,131,100,159,-31,28,31,28,FALSE,FALSE
911,53,129,90,146,129,90,146,129,90,146,-39,17,39,17,FALSE,FALSE
911,54,122,79,128,122,79,128,122,79,128,-43,6,43,6,FALSE,FALSE
911,55,120,78,119,120,78,119,120,78,119,-42,-1,42,1,FALSE,FALSE
911,56,127,78,116,127,78,116,127,78,116,-49,-11,49,11,FALSE,FALSE
911,57,118,78,109,118,78,109,118,78,109,-40,-9,40,9,FALSE,FALSE
911,58,106,77,101,106,77,101,106,77,101,-29,-5,29,5,FALSE,FALSE
911,59,95,74,95,95,74,95,95,74,95,-21,0,21,0,FALSE,TRUE
911,60,92,78,89,92,78,89,92,78,89,-14,-3,14,3,FALSE,FALSE
912,0,115,115,115,115,115,115,115,115,115,0,0,0,0,TRUE,TRUE
912,1,130,136,130,130,136,130,130,136,130,6,0,6,0,FALSE,TRUE
912,2,142,159,146,142,159,146,142,159,146,17,4,17,4,FALSE,FALSE
912,3,167,181,166,167,181,166,167,181,166,14,-1,14,1,FALSE,FALSE
912,4,200,200,178,200,200,178,200,200,178,0,-22,0,22,TRUE,FALSE
912,5,234,227,203,234,227,203,234,227,203,-7,-31,7,31,FALSE,FALSE
912,6,279,269,231,279,269,231,279,269,231,-10,-48,10,48,FALSE,FALSE
912,7,315,314,286,315,314,286,315,314,286,-1,-29,1,29,FALSE,FALSE
912,8,352,338,341,352,338,341,352,338,341,-14,-11,14,11,FALSE,FALSE
912,9,403,392,400,403,392,400,403,392,400,-11,-3,11,3,FALSE,FALSE
912,10,470,467,441,470,467,441,470,467,441,-3,-29,3,29,FALSE,FALSE
912,11,540,525,504,540,525,504,540,525,504,-15,-36,15,36,FALSE,FALSE
912,12,602,597,564,602,597,564,602,597,564,-5,-38,5,38,FALSE,FALSE
912,13,690,657,655,690,657,655,690,657,655,-33,-35,33,35,FALSE,FALSE
912,14,744,729,739,744,729,739,744,729,739,-15,-5,15,5,FALSE,FALSE
912,15,838,808,815,838,808,815,838,808,815,-30,-23,30,23,FALSE,FALSE
912,16,929,914,929,929,914,929,929,914,929,-15,0,15,0,FALSE,TRUE
912,17,1036,1039,1031,1036,1039,1031,1036,1039,1031,3,-5,3,5,FALSE,FALSE
912,18,1146,1120,1121,1146,1120,1121,1146,1120,1121,-26,-25,26,25,FALSE,FALSE
912,19,1208,1204,1208,1208,1204,1208,1208,1204,1208,-4,0,4,0,FALSE,TRUE
912,20,1300,1248,1297,1300,1248,1297,1300,1248,1297,-52,-3,52,3,FALSE,FALSE
912,21,1388,1328,1380,1388,1328,1380,1388,1328,1380,-60,-8,60,8,FALSE,FALSE
912,22,1447,1409,1490,1447,1409,1490,1447,1409,1490,-38,43,38,43,FALSE,FALSE
912,23,1507,1437,1519,1507,1437,1519,1507,1437,1519,-70,12,70,12,FALSE,FALSE
912,24,1536,1483,1568,1536,1483,1568,1536,1483,1568,-53,32,53,32,FALSE,FALSE
912,25,1552,1510,1605,1552,1510,1605,1552,1510,1605,-42,53,42,53,FALSE,FALSE
912,26,1598,1510,1605,1598,1510,1605,1598,1510,1605,-88,7,88,7,FALSE,FALSE
912,27,1614,1509,1612,1614,1509,1612,1614,1509,1612,-105,-2,105,2,FALSE,FALSE
912,28,1635,1519,1575,1635,1519,1575,1635,1519,1575,-116,-60,116,60,FALSE,FALSE
912,29,1604,1515,1566,1604,1515,1566,1604,1515,1566,-89,-38,89,38,FALSE,FALSE
912,30,1579,1490,1573,1579,1490,1573,1579,1490,1573,-89,-6,89,6,FALSE,FALSE
912,31,1539,1447,1537,1539,1447,1537,1539,1447,1537,-92,-2,92,2,FALSE,FALSE
912,32,1482,1397,1497,1482,1397,1497,1482,1397,1497,-85,15,85,15,FALSE,FALSE
912,33,1424,1316,1447,1424,1316,1447,1424,1316,1447,-108,23,108,23,FALSE,FALSE
912,34,1373,1255,1400,1373,1255,1400,1373,1255,1400,-118,27,118,27,FALSE,FALSE
912,35,1307,1211,1321,1307,1211,1321,1307,1211,1321,-96,14,96,14,FALSE,FALSE
912,36,1241,1155,1271,1241,1155,1271,1241,1155,1271,-86,30,86,30,FALSE,FALSE
912,37,1180,1090,1213,1180,1090,1213,1180,1090,1213,-90,33,90,33,FALSE,FALSE
912,38,1131,1011,1137,1131,1011,1137,1131,1011,1137,-120,6,120,6,FALSE,FALSE
912,39,1078,940,1101,1078,940,1101,1078,940,1101,-138,23,138,23,FALSE,FALSE
912,40,1012,875,1048,1012,875,1048,1012,875,1048,-137,36,137,36,FALSE,FALSE
912,41,950,827,984,950,827,984,950,827,984,-123,34,123,34,FALSE,FALSE
912,42,911,773,923,911,773,923,911,773,923,-138,12,138,12,FALSE,FALSE
912,43,870,731,868,870,731,868,870,731,868,-139,-2,139,2,FALSE,FALSE
912,44,809,674,804,809,674,804,809,674,804,-135,-5,135,5,FALSE,FALSE
912,45,747,631,760,747,631,760,747,631,760,-116,13,116,13,FALSE,FALSE
912,46,697,582,690,697,582,690,697,582,690,-115,-7,115,7,FALSE,FALSE
912,47,664,552,638,664,552,638,664,552,638,-112,-26,112,26,FALSE,FALSE
912,48,610,525,590,610,525,590,610,525,590,-85,-20,85,20,FALSE,FALSE
912,49,556,481,548,556,481,548,556,481,548,-75,-8,75,8,FALSE,FALSE
912,50,526,455,513,526,455,513,526,455,513,-71,-13,71,13,FALSE,FALSE
912,51,483,421,486,483,421,486,483,421,486,-62,3,62,3,FALSE,FALSE
912,52,441,392,448,441,392,448,441,392,448,-49,7,49,7,FALSE,FALSE
912,53,415,354,412,415,354,412,415,354,412,-61,-3,61,3,FALSE,FALSE
912,54,383,333,376,383,333,376,383,333,376,-50,-7,50,7,FALSE,FALSE
912,55,353,319,358,353,319,358,353,319,358,-34,5,34,5,FALSE,FALSE
912,56,337,294,334,337,294,334,337,294,334,-43,-3,43,3,FALSE,FALSE
912,57,304,271,307,304,271,307,304,271,307,-33,3,33,3,FALSE,FALSE
912,58,279,255,281,279,255,281,279,255,281,-24,2,24,2,FALSE,FALSE
912,59,251,245,256,251,245,256,251,245,256,-6,5,6,5,FALSE,FALSE
912,60,229,212,235,229,212,235,229,212,235,-17,6,17,6,FALSE,FALSE
913,0,90,90,90,90,90,90,90,90,90,0,0,0,0,TRUE,TRUE
913,1,173,161,161,173,161,161,173,161,161,-12,-12,12,12,FALSE,FALSE
913,2,306,288,274,306,288,274,306,288,274,-18,-32,18,32,FALSE,FALSE
913,3,487,508,448,487,508,448,487,508,448,21,-39,21,39,FALSE,FALSE
913,4,810,761,721,810,761,721,810,761,721,-49,-89,49,89,FALSE,FALSE
913,5,1196,1140,1044,1196,1140,1044,1196,1140,1044,-56,-152,56,152,FALSE,FALSE
913,6,1595,1529,1497,1595,1529,1497,1595,1529,1497,-66,-98,66,98,FALSE,FALSE
913,7,1902,1888,1885,1902,1888,1885,1902,1888,1885,-14,-17,14,17,FALSE,FALSE
913,8,2031,2057,2118,2031,2057,2118,2031,2057,2118,26,87,26,87,FALSE,FALSE
913,9,2006,2086,2182,2006,2086,2182,2006,2086,2182,80,176,80,176,FALSE,FALSE
913,10,1860,1926,2045,1860,1926,2045,1860,1926,2045,66,185,66,185,FALSE,FALSE
913,11,1647,1720,1761,1647,1720,1761,1647,1720,1761,73,114,73,114,FALSE,FALSE
913,12,1453,1502,1479,1453,1502,1479,1453,1502,1479,49,26,49,26,FALSE,FALSE
913,13,1232,1261,1211,1232,1261,1211,1232,1261,1211,29,-21,29,21,FALSE,FALSE
913,14,1022,1051,984,1022,1051,984,1022,1051,984,29,-38,29,38,FALSE,FALSE
913,15,801,835,780,801,835,780,801,835,780,34,-21,34,21,FALSE,FALSE
913,16,651,688,646,651,688,646,651,688,646,37,-5,37,5,FALSE,FALSE
913,17,519,547,496,519,547,496,519,547,496,28,-23,28,23,FALSE,FALSE
913,18,406,438,377,406,438,377,406,438,377,32,-29,32,29,FALSE,FALSE
913,19,335,365,305,335,365,305,335,365,305,30,-30,30,30,FALSE,FALSE
913,20,251,292,251,251,292,251,251,292,251,41,0,41,0,FALSE,TRUE
913,21,189,236,217,189,236,217,189,236,217,47,28,47,28,FALSE,FALSE
913,22,152,196,166,152,196,166,152,196,166,44,14,44,14,FALSE,FALSE
913,23,123,153,137,123,153,137,123,153,137,30,14,30,14,FALSE,FALSE
913,24,101,123,107,101,123,107,101,123,107,22,6,22,6,FALSE,FALSE
913,25,80,96,88,80,96,88,80,96,88,16,8,16,8,FALSE,FALSE
913,26,68,82,72,68,82,72,68,82,72,14,4,14,4,FALSE,FALSE
913,27,57,62,65,57,62,65,57,62,65,5,8,5,8,FALSE,FALSE
913,28,49,55,51,49,55,51,49,55,51,6,2,6,2,FALSE,FALSE
913,29,43,47,44,43,47,44,43,47,44,4,1,4,1,FALSE,FALSE
913,30,36,39,36,36,39,36,36,39,36,3,0,3,0,FALSE,TRUE
913,31,27,29,28,27,29,28,27,29,28,2,1,2,1,FALSE,FALSE
913,32,22,25,23,22,25,23,22,25,23,3,1,3,1,FALSE,FALSE
913,33,14,19,20,14,19,20,14,19,20,5,6,5,6,FALSE,FALSE
913,34,9,14,17,9,14,17,9,14,17,5,8,5,8,FALSE,FALSE
913,35,8,12,9,8,12,9,8,12,9,4,1,4,1,FALSE,FALSE
913,36,7,11,6,7,11,6,7,11,6,4,-1,4,1,FALSE,FALSE
913,37,5,8,6,5,8,6,5,8,6,3,1,3,1,FALSE,FALSE
913,38,6,6,4,6,6,4,6,6,4,0,-2,0,2,TRUE,FALSE
913,39,6,3,3,6,3,3,6,3,3,-3,-3,3,3,FALSE,FALSE
913,40,5,3,3,5,3,3,5,3,3,-2,-2,2,2,FALSE,FALSE
913,41,3,1,3,3,1,3,3,1,3,-2,0,2,0,FALSE,TRUE
913,42,3,0,1,3,0,1,3,0,1,-3,-2,3,2,FALSE,FALSE
913,43,3,0,1,3,0,1,3,0,1,-3,-2,3,2,FALSE,FALSE
913,44,4,0,0,4,0,0,4,0,0,-4,-4,4,4,FALSE,FALSE
913,45,2,0,0,2,0,0,2,0,0,-2,-2,2,2,FALSE,FALSE
913,46,1,0,0,1,0,0,1,0,0,-1,-1,1,1,FALSE,FALSE
913,47,1,0,0,1,0,0,1,0,0,-1,-1,1,1,FALSE,FALSE
913,48,1,0,0,1,0,0,1,0,0,-1,-1,1,1,FALSE,FALSE
913,49,1,0,0,1,0,0,1,0,0,-1,-1,1,1,FALSE,FALSE
913,50,0,0,0,0,0,0,0,0,0,0,0,0,0,TRUE,TRUE
913,51,0,0,0,0,0,0,0,0,0,0,0,0,0,TRUE,TRUE
913,52,0,0,0,0,0,0,0,0,0,0,0,0,0,TRUE,TRUE
913,53,0,0,0,0,0,0,0,0,0,0,0,0,0,TRUE,TRUE
913,54,0,0,0,0,0,0,0,0,0,0,0,0,0,TRUE,TRUE
913,55,0,0,0,0,0,0,0,0,0,0,0,0,0,TRUE,TRUE
913,56,0,0,0,0,0,0,0,0,0,0,0,0,0,TRUE,TRUE
913,57,0,0,0,0,0,0,0,0,0,0,0,0,0,TRUE,TRUE
913,58,0,0,0,0,0,0,0,0,0,0,0,0,0,TRUE,TRUE
913,59,0,0,0,0,0,0,0,0,0,0,0,0,0,TRUE,TRUE
913,60,0,0,0,0,0,0,0,0,0,0,0,0,0,TRUE,TRUE
914,0,60,60,60,60,60,60,60,60,60,0,0,0,0,TRUE,TRUE
914,1,72,76,62,72,76,62,72,76,62,4,-10,4,10,FALSE,FALSE
914,2,79,81,62,79,81,62,79,81,62,2,-17,2,17,FALSE,FALSE
914,3,91,82,69,91,82,69,91,82,69,-9,-22,9,22,FALSE,FALSE
914,4,99,94,75,99,94,75,99,94,75,-5,-24,5,24,FALSE,FALSE
914,5,111,101,92,111,101,92,111,101,92,-10,-19,10,19,FALSE,FALSE
914,6,112,109,98,112,109,98,112,109,98,-3,-14,3,14,FALSE,FALSE
914,7,116,113,106,116,113,106,116,113,106,-3,-10,3,10,FALSE,FALSE
914,8,128,129,122,128,129,122,128,129,122,1,-6,1,6,FALSE,FALSE
914,9,139,142,130,139,142,130,139,142,130,3,-9,3,9,FALSE,FALSE
914,10,160,163,134,160,163,134,160,163,134,3,-26,3,26,FALSE,FALSE
914,11,173,179,134,173,179,134,173,179,134,6,-39,6,39,FALSE,FALSE
914,12,194,204,153,194,204,153,194,204,153,10,-41,10,41,FALSE,FALSE
914,13,224,234,152,224,234,152,224,234,152,10,-72,10,72,FALSE,FALSE
914,14,244,268,171,244,268,171,244,268,171,24,-73,24,73,FALSE,FALSE
914,15,248,284,185,248,284,185,248,284,185,36,-63,36,63,FALSE,FALSE
914,16,280,310,218,280,310,218,280,310,218,30,-62,30,62,FALSE,FALSE
914,17,304,341,241,304,341,241,304,341,241,37,-63,37,63,FALSE,FALSE
914,18,341,373,260,341,373,260,341,373,260,32,-81,32,81,FALSE,FALSE
914,19,386,394,294,386,394,294,386,394,294,8,-92,8,92,FALSE,FALSE
914,20,440,424,311,440,424,311,440,424,311,-16,-129,16,129,FALSE,FALSE
914,21,470,482,335,470,482,335,470,482,335,12,-135,12,135,FALSE,FALSE
914,22,512,530,368,512,530,368,512,530,368,18,-144,18,144,FALSE,FALSE
914,23,538,597,423,538,597,423,538,597,423,59,-115,59,115,FALSE,FALSE
914,24,581,646,436,581,646,436,581,646,436,65,-145,65,145,FALSE,FALSE
914,25,627,730,470,627,730,470,627,730,470,103,-157,103,157,FALSE,FALSE
914,26,675,781,499,675,781,499,675,781,499,106,-176,106,176,FALSE,FALSE
914,27,738,797,532,738,797,532,738,797,532,59,-206,59,206,FALSE,FALSE
914,28,773,826,568,773,826,568,773,826,568,53,-205,53,205,FALSE,FALSE
914,29,822,850,627,822,850,627,822,850,627,28,-195,28,195,FALSE,FALSE
914,30,857,897,667,857,897,667,857,897,667,40,-190,40,190,FALSE,FALSE
914,31,887,915,694,887,915,694,887,915,694,28,-193,28,193,FALSE,FALSE
914,32,948,922,728,948,922,728,948,922,728,-26,-220,26,220,FALSE,FALSE
914,33,982,968,799,982,968,799,982,968,799,-14,-183,14,183,FALSE,FALSE
914,34,1010,983,847,1010,983,847,1010,983,847,-27,-163,27,163,FALSE,FALSE
914,35,1033,995,891,1033,995,891,1033,995,891,-38,-142,38,142,FALSE,FALSE
914,36,1039,1008,928,1039,1008,928,1039,1008,928,-31,-111,31,111,FALSE,FALSE
914,37,1064,1042,990,1064,1042,990,1064,1042,990,-22,-74,22,74,FALSE,FALSE
914,38,1073,1055,1005,1073,1055,1005,1073,1055,1005,-18,-68,18,68,FALSE,FALSE
914,39,1048,1087,1014,1048,1087,1014,1048,1087,1014,39,-34,39,34,FALSE,FALSE
914,40,1066,1078,1042,1066,1078,1042,1066,1078,1042,12,-24,12,24,FALSE,FALSE
914,41,1071,1066,1085,1071,1066,1085,1071,1066,1085,-5,14,5,14,FALSE,FALSE
914,42,1080,1056,1097,1080,1056,1097,1080,1056,1097,-24,17,24,17,FALSE,FALSE
914,43,1082,1038,1095,1082,1038,1095,1082,1038,1095,-44,13,44,13,FALSE,FALSE
914,44,1070,1022,1095,1070,1022,1095,1070,1022,1095,-48,25,48,25,FALSE,FALSE
914,45,1031,995,1083,1031,995,1083,1031,995,1083,-36,52,36,52,FALSE,FALSE
914,46,1005,963,1089,1005,963,1089,1005,963,1089,-42,84,42,84,FALSE,FALSE
914,47,980,915,1075,980,915,1075,980,915,1075,-65,95,65,95,FALSE,FALSE
914,48,971,873,1070,971,873,1070,971,873,1070,-98,99,98,99,FALSE,FALSE
914,49,917,830,1057,917,830,1057,917,830,1057,-87,140,87,140,FALSE,FALSE
914,50,894,823,1014,894,823,1014,894,823,1014,-71,120,71,120,FALSE,FALSE
914,51,846,781,976,846,781,976,846,781,976,-65,130,65,130,FALSE,FALSE
914,52,798,742,937,798,742,937,798,742,937,-56,139,56,139,FALSE,FALSE
914,53,767,695,901,767,695,901,767,695,901,-72,134,72,134,FALSE,FALSE
914,54,731,658,844,731,658,844,731,658,844,-73,113,73,113,FALSE,FALSE
914,55,686,625,774,686,625,774,686,625,774,-61,88,61,88,FALSE,FALSE
914,56,653,583,738,653,583,738,653,583,738,-70,85,70,85,FALSE,FALSE
914,57,598,538,684,598,538,684,598,538,684,-60,86,60,86,FALSE,FALSE
914,58,587,506,643,587,506,643,587,506,643,-81,56,81,56,FALSE,FALSE
914,59,553,468,629,553,468,629,553,468,629,-85,76,85,76,FALSE,FALSE
914,60,503,442,580,503,442,580,503,442,580,-61,77,61,77,FALSE,FALSE
915,0,64,64,64,64,64,64,64,64,64,0,0,0,0,TRUE,TRUE
915,1,84,74,89,84,74,89,84,74,89,-10,5,10,5,FALSE,FALSE
915,2,109,111,112,109,111,112,109,111,112,2,3,2,3,FALSE,FALSE
915,3,137,146,134,137,146,134,137,146,134,9,-3,9,3,FALSE,FALSE
915,4,175,190,172,175,190,172,175,190,172,15,-3,15,3,FALSE,FALSE
915,5,229,254,207,229,254,207,229,254,207,25,-22,25,22,FALSE,FALSE
915,6,281,327,275,281,327,275,281,327,275,46,-6,46,6,FALSE,FALSE
915,7,362,382,346,362,382,346,362,382,346,20,-16,20,16,FALSE,FALSE
915,8,438,481,441,438,481,441,438,481,441,43,3,43,3,FALSE,FALSE
915,9,539,612,578,539,612,578,539,612,578,73,39,73,39,FALSE,FALSE
915,10,660,769,727,660,769,727,660,769,727,109,67,109,67,FALSE,FALSE
915,11,782,955,892,782,955,892,782,955,892,173,110,173,110,FALSE,FALSE
915,12,910,1125,1064,910,1125,1064,910,1125,1064,215,154,215,154,FALSE,FALSE
915,13,1052,1294,1243,1052,1294,1243,1052,1294,1243,242,191,242,191,FALSE,FALSE
915,14,1211,1453,1428,1211,1453,1428,1211,1453,1428,242,217,242,217,FALSE,FALSE
915,15,1343,1655,1594,1343,1655,1594,1343,1655,1594,312,251,312,251,FALSE,FALSE
915,16,1479,1869,1762,1479,1869,1762,1479,1869,1762,390,283,390,283,FALSE,FALSE
915,17,1598,1991,1903,1598,1991,1903,1598,1991,1903,393,305,393,305,FALSE,FALSE
915,18,1719,2043,1961,1719,2043,1961,1719,2043,1961,324,242,324,242,FALSE,FALSE
915,19,1785,2080,1977,1785,2080,1977,1785,2080,1977,295,192,295,192,FALSE,FALSE
915,20,1837,2071,1964,1837,2071,1964,1837,2071,1964,234,127,234,127,FALSE,FALSE
915,21,1891,2015,1962,1891,2015,1962,1891,2015,1962,124,71,124,71,FALSE,FALSE
915,22,1871,1932,1909,1871,1932,1909,1871,1932,1909,61,38,61,38,FALSE,FALSE
915,23,1817,1840,1831,1817,1840,1831,1817,1840,1831,23,14,23,14,FALSE,FALSE
915,24,1745,1720,1760,1745,1720,1760,1745,1720,1760,-25,15,25,15,FALSE,FALSE
915,25,1682,1589,1636,1682,1589,1636,1682,1589,1636,-93,-46,93,46,FALSE,FALSE
915,26,1547,1446,1498,1547,1446,1498,1547,1446,1498,-101,-49,101,49,FALSE,FALSE
915,27,1477,1319,1392,1477,1319,1392,1477,1319,1392,-158,-85,158,85,FALSE,FALSE
915,28,1374,1193,1287,1374,1193,1287,1374,1193,1287,-181,-87,181,87,FALSE,FALSE
915,29,1273,1099,1162,1273,1099,1162,1273,1099,1162,-174,-111,174,111,FALSE,FALSE
915,30,1163,997,1033,1163,997,1033,1163,997,1033,-166,-130,166,130,FALSE,FALSE
915,31,1065,889,936,1065,889,936,1065,889,936,-176,-129,176,129,FALSE,FALSE
915,32,974,793,862,974,793,862,974,793,862,-181,-112,181,112,FALSE,FALSE
915,33,883,708,796,883,708,796,883,708,796,-175,-87,175,87,FALSE,FALSE
915,34,782,613,709,782,613,709,782,613,709,-169,-73,169,73,FALSE,FALSE
915,35,725,538,652,725,538,652,725,538,652,-187,-73,187,73,FALSE,FALSE
915,36,656,495,577,656,495,577,656,495,577,-161,-79,161,79,FALSE,FALSE
915,37,600,440,508,600,440,508,600,440,508,-160,-92,160,92,FALSE,FALSE
915,38,531,384,459,531,384,459,531,384,459,-147,-72,147,72,FALSE,FALSE
915,39,476,349,404,476,349,404,476,349,404,-127,-72,127,72,FALSE,FALSE
915,40,417,311,368,417,311,368,417,311,368,-106,-49,106,49,FALSE,FALSE
915,41,371,271,318,371,271,318,371,271,318,-100,-53,100,53,FALSE,FALSE
915,42,330,257,288,330,257,288,330,257,288,-73,-42,73,42,FALSE,FALSE
915,43,301,240,255,301,240,255,301,240,255,-61,-46,61,46,FALSE,FALSE
915,44,272,209,240,272,209,240,272,209,240,-63,-32,63,32,FALSE,FALSE
915,45,236,181,209,236,181,209,236,181,209,-55,-27,55,27,FALSE,FALSE
915,46,229,156,178,229,156,178,229,156,178,-73,-51,73,51,FALSE,FALSE
915,47,209,138,155,209,138,155,209,138,155,-71,-54,71,54,FALSE,FALSE
915,48,186,119,126,186,119,126,186,119,126,-67,-60,67,60,FALSE,FALSE
915,49,158,108,112,158,108,112,158,108,112,-50,-46,50,46,FALSE,FALSE
915,50,143,96,101,143,96,101,143,96,101,-47,-42,47,42,FALSE,FALSE
915,51,129,91,93,129,91,93,129,91,93,-38,-36,38,36,FALSE,FALSE
915,52,118,78,84,118,78,84,118,78,84,-40,-34,40,34,FALSE,FALSE
915,53,104,71,67,104,71,67,104,71,67,-33,-37,33,37,FALSE,FALSE
915,54,95,67,61,95,67,61,95,67,61,-28,-34,28,34,FALSE,FALSE
915,55,86,53,52,86,53,52,86,53,52,-33,-34,33,34,FALSE,FALSE
915,56,77,51,44,77,51,44,77,51,44,-26,-33,26,33,FALSE,FALSE
915,57,72,43,35,72,43,35,72,43,35,-29,-37,29,37,FALSE,FALSE
915,58,61,42,29,61,42,29,61,42,29,-19,-32,19,32,FALSE,FALSE
915,59,53,38,25,53,38,25,53,38,25,-15,-28,15,28,FALSE,FALSE
915,60,44,30,22,44,30,22,44,30,22,-14,-22,14,22,FALSE,FALSE
916,0,118,118,118,118,118,118,118,118,118,0,0,0,0,TRUE,TRUE
916,1,164,153,166,164,153,166,164,153,166,-11,2,11,2,FALSE,FALSE
916,2,210,198,229,210,198,229,210,198,229,-12,19,12,19,FALSE,FALSE
916,3,255,245,295,255,245,295,255,245,295,-10,40,10,40,FALSE,FALSE
916,4,352,308,395,352,308,395,352,308,395,-44,43,44,43,FALSE,FALSE
916,5,455,407,558,455,407,558,455,407,558,-48,103,48,103,FALSE,FALSE
916,6,595,516,739,595,516,739,595,516,739,-79,144,79,144,FALSE,FALSE
916,7,776,673,950,776,673,950,776,673,950,-103,174,103,174,FALSE,FALSE
916,8,1020,888,1199,1020,888,1199,1020,888,1199,-132,179,132,179,FALSE,FALSE
916,9,1251,1144,1452,1251,1144,1452,1251,1144,1452,-107,201,107,201,FALSE,FALSE
916,10,1517,1399,1735,1517,1399,1735,1517,1399,1735,-118,218,118,218,FALSE,FALSE
916,11,1797,1677,1967,1797,1677,1967,1797,1677,1967,-120,170,120,170,FALSE,FALSE
916,12,2033,1891,2167,2033,1891,2167,2033,1891,2167,-142,134,142,134,FALSE,FALSE
916,13,2208,2058,2282,2208,2058,2282,2208,2058,2282,-150,74,150,74,FALSE,FALSE
916,14,2305,2199,2304,2305,2199,2304,2305,2199,2304,-106,-1,106,1,FALSE,FALSE
916,15,2272,2241,2247,2272,2241,2247,2272,2241,2247,-31,-25,31,25,FALSE,FALSE
916,16,2260,2245,2195,2260,2245,2195,2260,2245,2195,-15,-65,15,65,FALSE,FALSE
916,17,2114,2140,2065,2114,2140,2065,2114,2140,2065,26,-49,26,49,FALSE,FALSE
916,18,1910,2007,1883,1910,2007,1883,1910,2007,1883,97,-27,97,27,FALSE,FALSE
916,19,1730,1886,1678,1730,1886,1678,1730,1886,1678,156,-52,156,52,FALSE,FALSE
916,20,1519,1716,1509,1519,1716,1509,1519,1716,1509,197,-10,197,10,FALSE,FALSE
916,21,1373,1536,1311,1373,1536,1311,1373,1536,1311,163,-62,163,62,FALSE,FALSE
916,22,1230,1402,1125,1230,1402,1125,1230,1402,1125,172,-105,172,105,FALSE,FALSE
916,23,1074,1202,976,1074,1202,976,1074,1202,976,128,-98,128,98,FALSE,FALSE
916,24,920,1077,834,920,1077,834,920,1077,834,157,-86,157,86,FALSE,FALSE
916,25,764,917,704,764,917,704,764,917,704,153,-60,153,60,FALSE,FALSE
916,26,654,780,611,654,780,611,654,780,611,126,-43,126,43,FALSE,FALSE
916,27,547,647,501,547,647,501,547,647,501,100,-46,100,46,FALSE,FALSE
916,28,453,548,421,453,548,421,453,548,421,95,-32,95,32,FALSE,FALSE
916,29,383,480,382,383,480,382,383,480,382,97,-1,97,1,FALSE,FALSE
916,30,327,405,315,327,405,315,327,405,315,78,-12,78,12,FALSE,FALSE
916,31,272,346,260,272,346,260,272,346,260,74,-12,74,12,FALSE,FALSE
916,32,220,292,207,220,292,207,220,292,207,72,-13,72,13,FALSE,FALSE
916,33,186,245,177,186,245,177,186,245,177,59,-9,59,9,FALSE,FALSE
916,34,157,193,155,157,193,155,157,193,155,36,-2,36,2,FALSE,FALSE
916,35,140,155,131,140,155,131,140,155,131,15,-9,15,9,FALSE,FALSE
916,36,127,132,105,127,132,105,127,132,105,5,-22,5,22,FALSE,FALSE
916,37,110,109,85,110,109,85,110,109,85,-1,-25,1,25,FALSE,FALSE
916,38,93,93,66,93,93,66,93,93,66,0,-27,0,27,TRUE,FALSE
916,39,70,81,53,70,81,53,70,81,53,11,-17,11,17,FALSE,FALSE
916,40,59,64,46,59,64,46,59,64,46,5,-13,5,13,FALSE,FALSE
916,41,58,60,42,58,60,42,58,60,42,2,-16,2,16,FALSE,FALSE
916,42,45,52,37,45,52,37,45,52,37,7,-8,7,8,FALSE,FALSE
916,43,37,45,29,37,45,29,37,45,29,8,-8,8,8,FALSE,FALSE
916,44,35,43,24,35,43,24,35,43,24,8,-11,8,11,FALSE,FALSE
916,45,28,37,21,28,37,21,28,37,21,9,-7,9,7,FALSE,FALSE
916,46,26,33,17,26,33,17,26,33,17,7,-9,7,9,FALSE,FALSE
916,47,31,32,15,31,32,15,31,32,15,1,-16,1,16,FALSE,FALSE
916,48,24,23,11,24,23,11,24,23,11,-1,-13,1,13,FALSE,FALSE
916,49,17,20,9,17,20,9,17,20,9,3,-8,3,8,FALSE,FALSE
916,50,13,13,7,13,13,7,13,13,7,0,-6,0,6,TRUE,FALSE
916,51,10,13,7,10,13,7,10,13,7,3,-3,3,3,FALSE,FALSE
916,52,8,9,4,8,9,4,8,9,4,1,-4,1,4,FALSE,FALSE
916,53,7,9,5,7,9,5,7,9,5,2,-2,2,2,FALSE,FALSE
916,54,3,5,4,3,5,4,3,5,4,2,1,2,1,FALSE,FALSE
916,55,3,3,2,3,3,2,3,3,2,0,-1,0,1,TRUE,FALSE
916,56,3,3,2,3,3,2,3,3,2,0,-1,0,1,TRUE,FALSE
916,57,2,3,2,2,3,2,2,3,2,1,0,1,0,FALSE,TRUE
916,58,0,2,2,0,2,2,0,2,2,2,2,2,2,FALSE,FALSE
916,59,0,2,2,0,2,2,0,2,2,2,2,2,2,FALSE,FALSE
916,60,0,2,2,0,2,2,0,2,2,2,2,2,2,FALSE,FALSE
917,0,75,75,75,75,75,75,75,75,75,0,0,0,0,TRUE,TRUE
917,1,85,80,77,85,80,77,85,80,77,-5,-8,5,8,FALSE,FALSE
917,2,97,84,83,97,84,83,97,84,83,-13,-14,13,14,FALSE,FALSE
917,3,124,94,91,124,94,91,124,94,91,-30,-33,30,33,FALSE,FALSE
917,4,141,103,101,141,103,101,141,103,101,-38,-40,38,40,FALSE,FALSE
917,5,153,112,101,153,112,101,153,112,101,-41,-52,41,52,FALSE,FALSE
917,6,160,122,98,160,122,98,160,122,98,-38,-62,38,62,FALSE,FALSE
917,7,169,130,107,169,130,107,169,130,107,-39,-62,39,62,FALSE,FALSE
917,8,186,134,119,186,134,119,186,134,119,-52,-67,52,67,FALSE,FALSE
917,9,204,153,136,204,153,136,204,153,136,-51,-68,51,68,FALSE,FALSE
917,10,215,178,149,215,178,149,215,178,149,-37,-66,37,66,FALSE,FALSE
917,11,219,200,160,219,200,160,219,200,160,-19,-59,19,59,FALSE,FALSE
917,12,243,227,170,243,227,170,243,227,170,-16,-73,16,73,FALSE,FALSE
917,13,276,251,180,276,251,180,276,251,180,-25,-96,25,96,FALSE,FALSE
917,14,312,267,186,312,267,186,312,267,186,-45,-126,45,126,FALSE,FALSE
917,15,344,284,198,344,284,198,344,284,198,-60,-146,60,146,FALSE,FALSE
917,16,371,318,231,371,318,231,371,318,231,-53,-140,53,140,FALSE,FALSE
917,17,391,353,248,391,353,248,391,353,248,-38,-143,38,143,FALSE,FALSE
917,18,402,376,259,402,376,259,402,376,259,-26,-143,26,143,FALSE,FALSE
917,19,429,410,270,429,410,270,429,410,270,-19,-159,19,159,FALSE,FALSE
917,20,458,426,305,458,426,305,458,426,305,-32,-153,32,153,FALSE,FALSE
917,21,488,430,316,488,430,316,488,430,316,-58,-172,58,172,FALSE,FALSE
917,22,518,448,340,518,448,340,518,448,340,-70,-178,70,178,FALSE,FALSE
917,23,552,466,364,552,466,364,552,466,364,-86,-188,86,188,FALSE,FALSE
917,24,597,507,398,597,507,398,597,507,398,-90,-199,90,199,FALSE,FALSE
917,25,626,511,410,626,511,410,626,511,410,-115,-216,115,216,FALSE,FALSE
917,26,644,547,450,644,547,450,644,547,450,-97,-194,97,194,FALSE,FALSE
917,27,691,588,487,691,588,487,691,588,487,-103,-204,103,204,FALSE,FALSE
917,28,711,606,527,711,606,527,711,606,527,-105,-184,105,184,FALSE,FALSE
917,29,727,618,545,727,618,545,727,618,545,-109,-182,109,182,FALSE,FALSE
917,30,752,635,565,752,635,565,752,635,565,-117,-187,117,187,FALSE,FALSE
917,31,789,674,591,789,674,591,789,674,591,-115,-198,115,198,FALSE,FALSE
917,32,809,713,629,809,713,629,809,713,629,-96,-180,96,180,FALSE,FALSE
917,33,838,749,651,838,749,651,838,749,651,-89,-187,89,187,FALSE,FALSE
917,34,867,767,704,867,767,704,867,767,704,-100,-163,100,163,FALSE,FALSE
917,35,891,797,729,891,797,729,891,797,729,-94,-162,94,162,FALSE,FALSE
917,36,913,793,754,913,793,754,913,793,754,-120,-159,120,159,FALSE,FALSE
917,37,923,812,765,923,812,765,923,812,765,-111,-158,111,158,FALSE,FALSE
917,38,960,819,782,960,819,782,960,819,782,-141,-178,141,178,FALSE,FALSE
917,39,962,838,773,962,838,773,962,838,773,-124,-189,124,189,FALSE,FALSE
917,40,974,835,791,974,835,791,974,835,791,-139,-183,139,183,FALSE,FALSE
917,41,992,844,805,992,844,805,992,844,805,-148,-187,148,187,FALSE,FALSE
917,42,985,827,795,985,827,795,985,827,795,-158,-190,158,190,FALSE,FALSE
917,43,974,824,802,974,824,802,974,824,802,-150,-172,150,172,FALSE,FALSE
917,44,938,834,791,938,834,791,938,834,791,-104,-147,104,147,FALSE,FALSE
917,45,926,836,794,926,836,794,926,836,794,-90,-132,90,132,FALSE,FALSE
917,46,904,824,787,904,824,787,904,824,787,-80,-117,80,117,FALSE,FALSE
917,47,878,800,762,878,800,762,878,800,762,-78,-116,78,116,FALSE,FALSE
917,48,856,781,757,856,781,757,856,781,757,-75,-99,75,99,FALSE,FALSE
917,49,824,751,745,824,751,745,824,751,745,-73,-79,73,79,FALSE,FALSE
917,50,798,727,711,798,727,711,798,727,711,-71,-87,71,87,FALSE,FALSE
917,51,767,699,698,767,699,698,767,699,698,-68,-69,68,69,FALSE,FALSE
917,52,731,680,714,731,680,714,731,680,714,-51,-17,51,17,FALSE,FALSE
917,53,719,663,703,719,663,703,719,663,703,-56,-16,56,16,FALSE,FALSE
917,54,690,625,678,690,625,678,690,625,678,-65,-12,65,12,FALSE,FALSE
917,55,653,602,667,653,602,667,653,602,667,-51,14,51,14,FALSE,FALSE
917,56,607,579,651,607,579,651,607,579,651,-28,44,28,44,FALSE,FALSE
917,57,552,549,608,552,549,608,552,549,608,-3,56,3,56,FALSE,FALSE
917,58,536,534,588,536,534,588,536,534,588,-2,52,2,52,FALSE,FALSE
917,59,502,510,560,502,510,560,502,510,560,8,58,8,58,FALSE,FALSE
917,60,474,486,542,474,486,542,474,486,542,12,68,12,68,FALSE,FALSE
918,0,128,128,128,128,128,128,128,128,128,0,0,0,0,TRUE,TRUE
918,1,136,122,136,136,122,136,136,122,136,-14,0,14,0,FALSE,TRUE
918,2,147,135,143,147,135,143,147,135,143,-12,-4,12,4,FALSE,FALSE
918,3,156,145,149,156,145,149,156,145,149,-11,-7,11,7,FALSE,FALSE
918,4,168,146,156,168,146,156,168,146,156,-22,-12,22,12,FALSE,FALSE
918,5,173,149,163,173,149,163,173,149,163,-24,-10,24,10,FALSE,FALSE
918,6,186,153,184,186,153,184,186,153,184,-33,-2,33,2,FALSE,FALSE
918,7,193,170,185,193,170,185,193,170,185,-23,-8,23,8,FALSE,FALSE
918,8,198,178,190,198,178,190,198,178,190,-20,-8,20,8,FALSE,FALSE
918,9,202,195,196,202,195,196,202,195,196,-7,-6,7,6,FALSE,FALSE
918,10,215,217,199,215,217,199,215,217,199,2,-16,2,16,FALSE,FALSE
918,11,221,233,207,221,233,207,221,233,207,12,-14,12,14,FALSE,FALSE
918,12,222,241,215,222,241,215,222,241,215,19,-7,19,7,FALSE,FALSE
918,13,223,257,227,223,257,227,223,257,227,34,4,34,4,FALSE,FALSE
918,14,231,260,240,231,260,240,231,260,240,29,9,29,9,FALSE,FALSE
918,15,251,264,256,251,264,256,251,264,256,13,5,13,5,FALSE,FALSE
918,16,266,258,266,266,258,266,266,258,266,-8,0,8,0,FALSE,TRUE
918,17,278,256,282,278,256,282,278,256,282,-22,4,22,4,FALSE,FALSE
918,18,292,274,297,292,274,297,292,274,297,-18,5,18,5,FALSE,FALSE
918,19,302,279,307,302,279,307,302,279,307,-23,5,23,5,FALSE,FALSE
918,20,304,283,319,304,283,319,304,283,319,-21,15,21,15,FALSE,FALSE
918,21,314,294,328,314,294,328,314,294,328,-20,14,20,14,FALSE,FALSE
918,22,317,300,346,317,300,346,317,300,346,-17,29,17,29,FALSE,FALSE
918,23,324,330,357,324,330,357,324,330,357,6,33,6,33,FALSE,FALSE
918,24,334,350,365,334,350,365,334,350,365,16,31,16,31,FALSE,FALSE
918,25,333,372,371,333,372,371,333,372,371,39,38,39,38,FALSE,FALSE
918,26,333,392,379,333,392,379,333,392,379,59,46,59,46,FALSE,FALSE
918,27,343,411,385,343,411,385,343,411,385,68,42,68,42,FALSE,FALSE
918,28,342,418,394,342,418,394,342,418,394,76,52,76,52,FALSE,FALSE
918,29,350,418,403,350,418,403,350,418,403,68,53,68,53,FALSE,FALSE
918,30,371,441,418,371,441,418,371,441,418,70,47,70,47,FALSE,FALSE
918,31,377,456,428,377,456,428,377,456,428,79,51,79,51,FALSE,FALSE
918,32,392,465,448,392,465,448,392,465,448,73,56,73,56,FALSE,FALSE
918,33,392,478,446,392,478,446,392,478,446,86,54,86,54,FALSE,FALSE
918,34,400,497,459,400,497,459,400,497,459,97,59,97,59,FALSE,FALSE
918,35,418,505,462,418,505,462,418,505,462,87,44,87,44,FALSE,FALSE
918,36,426,526,483,426,526,483,426,526,483,100,57,100,57,FALSE,FALSE
918,37,412,524,493,412,524,493,412,524,493,112,81,112,81,FALSE,FALSE
918,38,406,529,515,406,529,515,406,529,515,123,109,123,109,FALSE,FALSE
918,39,408,530,525,408,530,525,408,530,525,122,117,122,117,FALSE,FALSE
918,40,415,540,538,415,540,538,415,540,538,125,123,125,123,FALSE,FALSE
918,41,431,554,551,431,554,551,431,554,551,123,120,123,120,FALSE,FALSE
918,42,439,542,566,439,542,566,439,542,566,103,127,103,127,FALSE,FALSE
918,43,453,543,571,453,543,571,453,543,571,90,118,90,118,FALSE,FALSE
918,44,456,564,589,456,564,589,456,564,589,108,133,108,133,FALSE,FALSE
918,45,472,542,607,472,542,607,472,542,607,70,135,70,135,FALSE,FALSE
918,46,477,550,607,477,550,607,477,550,607,73,130,73,130,FALSE,FALSE
918,47,490,546,613,490,546,613,490,546,613,56,123,56,123,FALSE,FALSE
918,48,501,553,608,501,553,608,501,553,608,52,107,52,107,FALSE,FALSE
918,49,510,556,625,510,556,625,510,556,625,46,115,46,115,FALSE,FALSE
918,50,530,536,628,530,536,628,530,536,628,6,98,6,98,FALSE,FALSE
918,51,544,526,654,544,526,654,544,526,654,-18,110,18,110,FALSE,FALSE
918,52,559,544,664,559,544,664,559,544,664,-15,105,15,105,FALSE,FALSE
918,53,568,545,667,568,545,667,568,545,667,-23,99,23,99,FALSE,FALSE
918,54,576,540,674,576,540,674,576,540,674,-36,98,36,98,FALSE,FALSE
918,55,578,531,698,578,531,698,578,531,698,-47,120,47,120,FALSE,FALSE
918,56,582,521,697,582,521,697,582,521,697,-61,115,61,115,FALSE,FALSE
918,57,576,518,717,576,518,717,576,518,717,-58,141,58,141,FALSE,FALSE
918,58,575,510,705,575,510,705,575,510,705,-65,130,65,130,FALSE,FALSE
918,59,592,497,710,592,497,710,592,497,710,-95,118,95,118,FALSE,FALSE
918,60,593,499,707,593,499,707,593,499,707,-94,114,94,114,FALSE,FALSE
919,0,109,109,109,109,109,109,109,109,109,0,0,0,0,TRUE,TRUE
919,1,132,122,128,132,122,128,132,122,128,-10,-4,10,4,FALSE,FALSE
919,2,152,135,134,152,135,134,152,135,134,-17,-18,17,18,FALSE,FALSE
919,3,183,159,157,183,159,157,183,159,157,-24,-26,24,26,FALSE,FALSE
919,4,199,177,177,199,177,177,199,177,177,-22,-22,22,22,FALSE,FALSE
919,5,218,203,204,218,203,204,218,203,204,-15,-14,15,14,FALSE,FALSE
919,6,258,230,223,258,230,223,258,230,223,-28,-35,28,35,FALSE,FALSE
919,7,280,259,251,280,259,251,280,259,251,-21,-29,21,29,FALSE,FALSE
919,8,321,287,268,321,287,268,321,287,268,-34,-53,34,53,FALSE,FALSE
919,9,353,322,302,353,322,302,353,322,302,-31,-51,31,51,FALSE,FALSE
919,10,383,361,324,383,361,324,383,361,324,-22,-59,22,59,FALSE,FALSE
919,11,446,394,349,446,394,349,446,394,349,-52,-97,52,97,FALSE,FALSE
919,12,486,442,390,486,442,390,486,442,390,-44,-96,44,96,FALSE,FALSE
919,13,563,464,433,563,464,433,563,464,433,-99,-130,99,130,FALSE,FALSE
919,14,611,516,498,611,516,498,611,516,498,-95,-113,95,113,FALSE,FALSE
919,15,658,562,514,658,562,514,658,562,514,-96,-144,96,144,FALSE,FALSE
919,16,702,609,579,702,609,579,702,609,579,-93,-123,93,123,FALSE,FALSE
919,17,729,654,635,729,654,635,729,654,635,-75,-94,75,94,FALSE,FALSE
919,18,749,709,663,749,709,663,749,709,663,-40,-86,40,86,FALSE,FALSE
919,19,756,749,679,756,749,679,756,749,679,-7,-77,7,77,FALSE,FALSE
919,20,796,750,698,796,750,698,796,750,698,-46,-98,46,98,FALSE,FALSE
919,21,817,772,734,817,772,734,817,772,734,-45,-83,45,83,FALSE,FALSE
919,22,863,788,794,863,788,794,863,788,794,-75,-69,75,69,FALSE,FALSE
919,23,852,829,822,852,829,822,852,829,822,-23,-30,23,30,FALSE,FALSE
919,24,881,856,837,881,856,837,881,856,837,-25,-44,25,44,FALSE,FALSE
919,25,904,884,836,904,884,836,904,884,836,-20,-68,20,68,FALSE,FALSE
919,26,891,879,898,891,879,898,891,879,898,-12,7,12,7,FALSE,FALSE
919,27,869,880,875,869,880,875,869,880,875,11,6,11,6,FALSE,FALSE
919,28,856,865,853,856,865,853,856,865,853,9,-3,9,3,FALSE,FALSE
919,29,815,813,859,815,813,859,815,813,859,-2,44,2,44,FALSE,FALSE
919,30,777,789,836,777,789,836,777,789,836,12,59,12,59,FALSE,FALSE
919,31,746,754,825,746,754,825,746,754,825,8,79,8,79,FALSE,FALSE
919,32,738,717,817,738,717,817,738,717,817,-21,79,21,79,FALSE,FALSE
919,33,707,706,758,707,706,758,707,706,758,-1,51,1,51,FALSE,FALSE
919,34,684,672,751,684,672,751,684,672,751,-12,67,12,67,FALSE,FALSE
919,35,641,633,738,641,633,738,641,633,738,-8,97,8,97,FALSE,FALSE
919,36,618,607,727,618,607,727,618,607,727,-11,109,11,109,FALSE,FALSE
919,37,575,572,692,575,572,692,575,572,692,-3,117,3,117,FALSE,FALSE
919,38,546,530,655,546,530,655,546,530,655,-16,109,16,109,FALSE,FALSE
919,39,489,505,612,489,505,612,489,505,612,16,123,16,123,FALSE,FALSE
919,40,475,474,564,475,474,564,475,474,564,-1,89,1,89,FALSE,FALSE
919,41,446,433,555,446,433,555,446,433,555,-13,109,13,109,FALSE,FALSE
919,42,412,406,545,412,406,545,412,406,545,-6,133,6,133,FALSE,FALSE
919,43,389,380,502,389,380,502,389,380,502,-9,113,9,113,FALSE,FALSE
919,44,350,340,470,350,340,470,350,340,470,-10,120,10,120,FALSE,FALSE
919,45,334,311,440,334,311,440,334,311,440,-23,106,23,106,FALSE,FALSE
919,46,282,280,383,282,280,383,282,280,383,-2,101,2,101,FALSE,FALSE
919,47,257,260,349,257,260,349,257,260,349,3,92,3,92,FALSE,FALSE
919,48,229,229,307,229,229,307,229,229,307,0,78,0,78,TRUE,FALSE
919,49,220,199,281,220,199,281,220,199,281,-21,61,21,61,FALSE,FALSE
919,50,217,193,248,217,193,248,217,193,248,-24,31,24,31,FALSE,FALSE
919,51,202,188,225,202,188,225,202,188,225,-14,23,14,23,FALSE,FALSE
919,52,193,181,201,193,181,201,193,181,201,-12,8,12,8,FALSE,FALSE
919,53,165,162,185,165,162,185,165,162,185,-3,20,3,20,FALSE,FALSE
919,54,169,141,172,169,141,172,169,141,172,-28,3,28,3,FALSE,FALSE
919,55,152,127,167,152,127,167,152,127,167,-25,15,25,15,FALSE,FALSE
919,56,148,118,152,148,118,152,148,118,152,-30,4,30,4,FALSE,FALSE
919,57,136,101,133,136,101,133,136,101,133,-35,-3,35,3,FALSE,FALSE
919,58,127,78,122,127,78,122,127,78,122,-49,-5,49,5,FALSE,FALSE
919,59,117,75,124,117,75,124,117,75,124,-42,7,42,7,FALSE,FALSE
919,60,103,75,109,103,75,109,103,75,109,-28,6,28,6,FALSE,FALSE
920,0,105,105,105,105,105,105,105,105,105,0,0,0,0,TRUE,TRUE
920,1,155,153,155,155,153,155,155,153,155,-2,0,2,0,FALSE,TRUE
920,2,220,232,239,220,232,239,220,232,239,12,19,12,19,FALSE,FALSE
920,3,332,349,357,332,349,357,332,349,357,17,25,17,25,FALSE,FALSE
920,4,473,506,536,473,506,536,473,506,536,33,63,33,63,FALSE,FALSE
920,5,643,726,743,643,726,743,643,726,743,83,100,83,100,FALSE,FALSE
920,6,847,1004,997,847,1004,997,847,1004,997,157,150,157,150,FALSE,FALSE
920,7,1207,1310,1308,1207,1310,1308,1207,1310,1308,103,101,103,101,FALSE,FALSE
920,8,1544,1649,1749,1544,1649,1749,1544,1649,1749,105,205,105,205,FALSE,FALSE
920,9,1941,2002,2147,1941,2002,2147,1941,2002,2147,61,206,61,206,FALSE,FALSE
920,10,2331,2346,2547,2331,2346,2547,2331,2346,2547,15,216,15,216,FALSE,FALSE
920,11,2636,2621,2826,2636,2621,2826,2636,2621,2826,-15,190,15,190,FALSE,FALSE
920,12,2878,2803,3005,2878,2803,3005,2878,2803,3005,-75,127,75,127,FALSE,FALSE
920,13,2979,2875,3031,2979,2875,3031,2979,2875,3031,-104,52,104,52,FALSE,FALSE
920,14,3004,2878,2933,3004,2878,2933,3004,2878,2933,-126,-71,126,71,FALSE,FALSE
920,15,2952,2800,2842,2952,2800,2842,2952,2800,2842,-152,-110,152,110,FALSE,FALSE
920,16,2792,2630,2701,2792,2630,2701,2792,2630,2701,-162,-91,162,91,FALSE,FALSE
920,17,2602,2459,2533,2602,2459,2533,2602,2459,2533,-143,-69,143,69,FALSE,FALSE
920,18,2376,2304,2290,2376,2304,2290,2376,2304,2290,-72,-86,72,86,FALSE,FALSE
920,19,2216,2085,2079,2216,2085,2079,2216,2085,2079,-131,-137,131,137,FALSE,FALSE
920,20,1998,1881,1878,1998,1881,1878,1998,1881,1878,-117,-120,117,120,FALSE,FALSE
920,21,1824,1682,1698,1824,1682,1698,1824,1682,1698,-142,-126,142,126,FALSE,FALSE
920,22,1650,1483,1516,1650,1483,1516,1650,1483,1516,-167,-134,167,134,FALSE,FALSE
920,23,1494,1331,1346,1494,1331,1346,1494,1331,1346,-163,-148,163,148,FALSE,FALSE
920,24,1343,1181,1190,1343,1181,1190,1343,1181,1190,-162,-153,162,153,FALSE,FALSE
920,25,1202,1052,1045,1202,1052,1045,1202,1052,1045,-150,-157,150,157,FALSE,FALSE
920,26,1069,915,937,1069,915,937,1069,915,937,-154,-132,154,132,FALSE,FALSE
920,27,946,814,845,946,814,845,946,814,845,-132,-101,132,101,FALSE,FALSE
920,28,825,724,747,825,724,747,825,724,747,-101,-78,101,78,FALSE,FALSE
920,29,725,633,653,725,633,653,725,633,653,-92,-72,92,72,FALSE,FALSE
920,30,654,565,570,654,565,570,654,565,570,-89,-84,89,84,FALSE,FALSE
920,31,566,492,491,566,492,491,566,492,491,-74,-75,74,75,FALSE,FALSE
920,32,515,444,432,515,444,432,515,444,432,-71,-83,71,83,FALSE,FALSE
920,33,456,400,381,456,400,381,456,400,381,-56,-75,56,75,FALSE,FALSE
920,34,408,350,338,408,350,338,408,350,338,-58,-70,58,70,FALSE,FALSE
920,35,359,296,302,359,296,302,359,296,302,-63,-57,63,57,FALSE,FALSE
920,36,321,260,268,321,260,268,321,260,268,-61,-53,61,53,FALSE,FALSE
920,37,277,235,240,277,235,240,277,235,240,-42,-37,42,37,FALSE,FALSE
920,38,243,208,210,243,208,210,243,208,210,-35,-33,35,33,FALSE,FALSE
920,39,212,190,191,212,190,191,212,190,191,-22,-21,22,21,FALSE,FALSE
920,40,190,164,173,190,164,173,190,164,173,-26,-17,26,17,FALSE,FALSE
920,41,167,141,158,167,141,158,167,141,158,-26,-9,26,9,FALSE,FALSE
920,42,156,122,140,156,122,140,156,122,140,-34,-16,34,16,FALSE,FALSE
920,43,140,104,124,140,104,124,140,104,124,-36,-16,36,16,FALSE,FALSE
920,44,125,91,98,125,91,98,125,91,98,-34,-27,34,27,FALSE,FALSE
920,45,114,78,87,114,78,87,114,78,87,-36,-27,36,27,FALSE,FALSE
920,46,102,65,71,102,65,71,102,65,71,-37,-31,37,31,FALSE,FALSE
920,47,90,57,61,90,57,61,90,57,61,-33,-29,33,29,FALSE,FALSE
920,48,80,49,56,80,49,56,80,49,56,-31,-24,31,24,FALSE,FALSE
920,49,69,41,55,69,41,55,69,41,55,-28,-14,28,14,FALSE,FALSE
920,50,61,37,48,61,37,48,61,37,48,-24,-13,24,13,FALSE,FALSE
920,51,53,34,41,53,34,41,53,34,41,-19,-12,19,12,FALSE,FALSE
920,52,48,28,35,48,28,35,48,28,35,-20,-13,20,13,FALSE,FALSE
920,53,41,25,32,41,25,32,41,25,32,-16,-9,16,9,FALSE,FALSE
920,54,38,23,27,38,23,27,38,23,27,-15,-11,15,11,FALSE,FALSE
920,55,32,22,25,32,22,25,32,22,25,-10,-7,10,7,FALSE,FALSE
920,56,30,18,21,30,18,21,30,18,21,-12,-9,12,9,FALSE,FALSE
920,57,24,14,16,24,14,16,24,14,16,-10,-8,10,8,FALSE,FALSE
920,58,18,13,14,18,13,14,18,13,14,-5,-4,5,4,FALSE,FALSE
920,59,16,13,10,16,13,10,16,13,10,-3,-6,3,6,FALSE,FALSE
920,60,15,11,10,15,11,10,15,11,10,-4,-5,4,5,FALSE,FALSE
921,0,131,131,131,131,131,131,131,131,131,0,0,0,0,TRUE,TRUE
921,1,182,183,177,182,183,177,182,183,177,1,-5,1,5,FALSE,FALSE
921,2,238,253,249,238,253,249,238,253,249,15,11,15,11,FALSE,FALSE
921,3,302,356,335,302,356,335,302,356,335,54,33,54,33,FALSE,FALSE
921,4,410,463,428,410,463,428,410,463,428,53,18,53,18,FALSE,FALSE
921,5,550,615,556,550,615,556,550,615,556,65,6,65,6,FALSE,FALSE
921,6,709,799,714,709,799,714,709,799,714,90,5,90,5,FALSE,FALSE
921,7,912,1024,911,912,1024,911,912,1024,911,112,-1,112,1,FALSE,FALSE
921,8,1156,1268,1138,1156,1268,1138,1156,1268,1138,112,-18,112,18,FALSE,FALSE
921,9,1457,1564,1429,1457,1564,1429,1457,1564,1429,107,-28,107,28,FALSE,FALSE
921,10,1747,1901,1722,1747,1901,1722,1747,1901,1722,154,-25,154,25,FALSE,FALSE
921,11,2066,2230,1974,2066,2230,1974,2066,2230,1974,164,-92,164,92,FALSE,FALSE
921,12,2349,2524,2254,2349,2524,2254,2349,2524,2254,175,-95,175,95,FALSE,FALSE
921,13,2630,2766,2519,2630,2766,2519,2630,2766,2519,136,-111,136,111,FALSE,FALSE
921,14,2821,2905,2671,2821,2905,2671,2821,2905,2671,84,-150,84,150,FALSE,FALSE
921,15,2947,2997,2844,2947,2997,2844,2947,2997,2844,50,-103,50,103,FALSE,FALSE
921,16,3004,3018,2913,3004,3018,2913,3004,3018,2913,14,-91,14,91,FALSE,FALSE
921,17,2968,2963,2918,2968,2963,2918,2968,2963,2918,-5,-50,5,50,FALSE,FALSE
921,18,2879,2833,2862,2879,2833,2862,2879,2833,2862,-46,-17,46,17,FALSE,FALSE
921,19,2772,2723,2764,2772,2723,2764,2772,2723,2764,-49,-8,49,8,FALSE,FALSE
921,20,2629,2563,2584,2629,2563,2584,2629,2563,2584,-66,-45,66,45,FALSE,FALSE
921,21,2480,2404,2404,2480,2404,2404,2480,2404,2404,-76,-76,76,76,FALSE,FALSE
921,22,2305,2226,2246,2305,2226,2246,2305,2226,2246,-79,-59,79,59,FALSE,FALSE
921,23,2089,1997,2074,2089,1997,2074,2089,1997,2074,-92,-15,92,15,FALSE,FALSE
921,24,1907,1804,1893,1907,1804,1893,1907,1804,1893,-103,-14,103,14,FALSE,FALSE
921,25,1742,1628,1724,1742,1628,1724,1742,1628,1724,-114,-18,114,18,FALSE,FALSE
921,26,1578,1460,1547,1578,1460,1547,1578,1460,1547,-118,-31,118,31,FALSE,FALSE
921,27,1402,1313,1388,1402,1313,1388,1402,1313,1388,-89,-14,89,14,FALSE,FALSE
921,28,1263,1185,1244,1263,1185,1244,1263,1185,1244,-78,-19,78,19,FALSE,FALSE
921,29,1124,1049,1119,1124,1049,1119,1124,1049,1119,-75,-5,75,5,FALSE,FALSE
921,30,1014,921,990,1014,921,990,1014,921,990,-93,-24,93,24,FALSE,FALSE
921,31,904,798,873,904,798,873,904,798,873,-106,-31,106,31,FALSE,FALSE
921,32,800,710,780,800,710,780,800,710,780,-90,-20,90,20,FALSE,FALSE
921,33,731,615,710,731,615,710,731,615,710,-116,-21,116,21,FALSE,FALSE
921,34,661,547,637,661,547,637,661,547,637,-114,-24,114,24,FALSE,FALSE
921,35,590,477,569,590,477,569,590,477,569,-113,-21,113,21,FALSE,FALSE
921,36,519,436,512,519,436,512,519,436,512,-83,-7,83,7,FALSE,FALSE
921,37,468,377,459,468,377,459,468,377,459,-91,-9,91,9,FALSE,FALSE
921,38,422,340,406,422,340,406,422,340,406,-82,-16,82,16,FALSE,FALSE
921,39,358,308,336,358,308,336,358,308,336,-50,-22,50,22,FALSE,FALSE
921,40,313,269,297,313,269,297,313,269,297,-44,-16,44,16,FALSE,FALSE
921,41,277,229,268,277,229,268,277,229,268,-48,-9,48,9,FALSE,FALSE
921,42,247,204,244,247,204,244,247,204,244,-43,-3,43,3,FALSE,FALSE
921,43,230,179,219,230,179,219,230,179,219,-51,-11,51,11,FALSE,FALSE
921,44,199,148,202,199,148,202,199,148,202,-51,3,51,3,FALSE,FALSE
921,45,171,133,180,171,133,180,171,133,180,-38,9,38,9,FALSE,FALSE
921,46,148,118,169,148,118,169,148,118,169,-30,21,30,21,FALSE,FALSE
921,47,131,112,147,131,112,147,131,112,147,-19,16,19,16,FALSE,FALSE
921,48,112,105,130,112,105,130,112,105,130,-7,18,7,18,FALSE,FALSE
921,49,99,90,116,99,90,116,99,90,116,-9,17,9,17,FALSE,FALSE
921,50,89,78,103,89,78,103,89,78,103,-11,14,11,14,FALSE,FALSE
921,51,75,71,92,75,71,92,75,71,92,-4,17,4,17,FALSE,FALSE
921,52,68,58,83,68,58,83,68,58,83,-10,15,10,15,FALSE,FALSE
921,53,62,51,76,62,51,76,62,51,76,-11,14,11,14,FALSE,FALSE
921,54,54,46,71,54,46,71,54,46,71,-8,17,8,17,FALSE,FALSE
921,55,47,40,63,47,40,63,47,40,63,-7,16,7,16,FALSE,FALSE
921,56,39,37,54,39,37,54,39,37,54,-2,15,2,15,FALSE,FALSE
921,57,35,34,48,35,34,48,35,34,48,-1,13,1,13,FALSE,FALSE
921,58,31,31,46,31,31,46,31,31,46,0,15,0,15,TRUE,FALSE
921,59,25,29,42,25,29,42,25,29,42,4,17,4,17,FALSE,FALSE
921,60,22,24,39,22,24,39,22,24,39,2,17,2,17,FALSE,FALSE
922,0,129,129,129,129,129,129,129,129,129,0,0,0,0,TRUE,TRUE
922,1,147,145,139,147,145,139,147,145,139,-2,-8,2,8,FALSE,FALSE
922,2,167,167,153,167,167,153,167,167,153,0,-14,0,14,TRUE,FALSE
922,3,184,190,173,184,190,173,184,190,173,6,-11,6,11,FALSE,FALSE
922,4,212,220,202,212,220,202,212,220,202,8,-10,8,10,FALSE,FALSE
922,5,245,248,235,245,248,235,245,248,235,3,-10,3,10,FALSE,FALSE
922,6,270,289,273,270,289,273,270,289,273,19,3,19,3,FALSE,FALSE
922,7,299,329,309,299,329,309,299,329,309,30,10,30,10,FALSE,FALSE
922,8,351,376,357,351,376,357,351,376,357,25,6,25,6,FALSE,FALSE
922,9,394,414,396,394,414,396,394,414,396,20,2,20,2,FALSE,FALSE
922,10,446,452,443,446,452,443,446,452,443,6,-3,6,3,FALSE,FALSE
922,11,507,494,501,507,494,501,507,494,501,-13,-6,13,6,FALSE,FALSE
922,12,561,530,576,561,530,576,561,530,576,-31,15,31,15,FALSE,FALSE
922,13,607,584,625,607,584,625,607,584,625,-23,18,23,18,FALSE,FALSE
922,14,668,619,684,668,619,684,668,619,684,-49,16,49,16,FALSE,FALSE
922,15,710,683,736,710,683,736,710,683,736,-27,26,27,26,FALSE,FALSE
922,16,751,740,825,751,740,825,751,740,825,-11,74,11,74,FALSE,FALSE
922,17,821,798,887,821,798,887,821,798,887,-23,66,23,66,FALSE,FALSE
922,18,880,835,975,880,835,975,880,835,975,-45,95,45,95,FALSE,FALSE
922,19,927,880,1061,927,880,1061,927,880,1061,-47,134,47,134,FALSE,FALSE
922,20,1027,915,1149,1027,915,1149,1027,915,1149,-112,122,112,122,FALSE,FALSE
922,21,1081,975,1204,1081,975,1204,1081,975,1204,-106,123,106,123,FALSE,FALSE
922,22,1118,1027,1312,1118,1027,1312,1118,1027,1312,-91,194,91,194,FALSE,FALSE
922,23,1157,1088,1377,1157,1088,1377,1157,1088,1377,-69,220,69,220,FALSE,FALSE
922,24,1213,1127,1391,1213,1127,1391,1213,1127,1391,-86,178,86,178,FALSE,FALSE
922,25,1236,1148,1419,1236,1148,1419,1236,1148,1419,-88,183,88,183,FALSE,FALSE
922,26,1252,1150,1418,1252,1150,1418,1252,1150,1418,-102,166,102,166,FALSE,FALSE
922,27,1268,1164,1392,1268,1164,1392,1268,1164,1392,-104,124,104,124,FALSE,FALSE
922,28,1259,1154,1385,1259,1154,1385,1259,1154,1385,-105,126,105,126,FALSE,FALSE
922,29,1243,1145,1349,1243,1145,1349,1243,1145,1349,-98,106,98,106,FALSE,FALSE
922,30,1205,1130,1335,1205,1130,1335,1205,1130,1335,-75,130,75,130,FALSE,FALSE
922,31,1152,1120,1309,1152,1120,1309,1152,1120,1309,-32,157,32,157,FALSE,FALSE
922,32,1118,1099,1282,1118,1099,1282,1118,1099,1282,-19,164,19,164,FALSE,FALSE
922,33,1113,1078,1228,1113,1078,1228,1113,1078,1228,-35,115,35,115,FALSE,FALSE
922,34,1085,1033,1155,1085,1033,1155,1085,1033,1155,-52,70,52,70,FALSE,FALSE
922,35,1030,993,1104,1030,993,1104,1030,993,1104,-37,74,37,74,FALSE,FALSE
922,36,962,945,1044,962,945,1044,962,945,1044,-17,82,17,82,FALSE,FALSE
922,37,911,903,1023,911,903,1023,911,903,1023,-8,112,8,112,FALSE,FALSE
922,38,869,877,979,869,877,979,869,877,979,8,110,8,110,FALSE,FALSE
922,39,829,841,920,829,841,920,829,841,920,12,91,12,91,FALSE,FALSE
922,40,797,793,840,797,793,840,797,793,840,-4,43,4,43,FALSE,FALSE
922,41,751,741,807,751,741,807,751,741,807,-10,56,10,56,FALSE,FALSE
922,42,715,703,751,715,703,751,715,703,751,-12,36,12,36,FALSE,FALSE
922,43,665,668,701,665,668,701,665,668,701,3,36,3,36,FALSE,FALSE
922,44,603,646,662,603,646,662,603,646,662,43,59,43,59,FALSE,FALSE
922,45,578,601,606,578,601,606,578,601,606,23,28,23,28,FALSE,FALSE
922,46,536,564,570,536,564,570,536,564,570,28,34,28,34,FALSE,FALSE
922,47,499,529,532,499,529,532,499,529,532,30,33,30,33,FALSE,FALSE
922,48,475,508,479,475,508,479,475,508,479,33,4,33,4,FALSE,FALSE
922,49,425,478,421,425,478,421,425,478,421,53,-4,53,4,FALSE,FALSE
922,50,388,447,390,388,447,390,388,447,390,59,2,59,2,FALSE,FALSE
922,51,353,413,361,353,413,361,353,413,361,60,8,60,8,FALSE,FALSE
922,52,322,391,319,322,391,319,322,391,319,69,-3,69,3,FALSE,FALSE
922,53,298,366,285,298,366,285,298,366,285,68,-13,68,13,FALSE,FALSE
922,54,283,340,267,283,340,267,283,340,267,57,-16,57,16,FALSE,FALSE
922,55,275,314,245,275,314,245,275,314,245,39,-30,39,30,FALSE,FALSE
922,56,240,287,218,240,287,218,240,287,218,47,-22,47,22,FALSE,FALSE
922,57,213,257,194,213,257,194,213,257,194,44,-19,44,19,FALSE,FALSE
922,58,193,239,178,193,239,178,193,239,178,46,-15,46,15,FALSE,FALSE
922,59,193,224,164,193,224,164,193,224,164,31,-29,31,29,FALSE,FALSE
922,60,174,215,152,174,215,152,174,215,152,41,-22,41,22,FALSE,FALSE
923,0,114,114,114,114,114,114,114,114,114,0,0,0,0,TRUE,TRUE
923,1,216,199,211,216,199,211,216,199,211,-17,-5,17,5,FALSE,FALSE
923,2,398,328,359,398,328,359,398,328,359,-70,-39,70,39,FALSE,FALSE
923,3,649,579,598,649,579,598,649,579,598,-70,-51,70,51,FALSE,FALSE
923,4,1030,954,975,1030,954,975,1030,954,975,-76,-55,76,55,FALSE,FALSE
923,5,1540,1507,1491,1540,1507,1491,1540,1507,1491,-33,-49,33,49,FALSE,FALSE
923,6,2082,2087,2090,2082,2087,2090,2082,2087,2090,5,8,5,8,FALSE,FALSE
923,7,2565,2599,2580,2565,2599,2580,2565,2599,2580,34,15,34,15,FALSE,FALSE
923,8,2822,2803,2921,2822,2803,2921,2822,2803,2921,-19,99,19,99,FALSE,FALSE
923,9,2866,2863,3035,2866,2863,3035,2866,2863,3035,-3,169,3,169,FALSE,FALSE
923,10,2722,2756,2842,2722,2756,2842,2722,2756,2842,34,120,34,120,FALSE,FALSE
923,11,2427,2472,2505,2427,2472,2505,2427,2472,2505,45,78,45,78,FALSE,FALSE
923,12,2071,2132,2138,2071,2132,2138,2071,2132,2138,61,67,61,67,FALSE,FALSE
923,13,1733,1860,1843,1733,1860,1843,1733,1860,1843,127,110,127,110,FALSE,FALSE
923,14,1429,1550,1542,1429,1550,1542,1429,1550,1542,121,113,121,113,FALSE,FALSE
923,15,1185,1295,1265,1185,1295,1265,1185,1295,1265,110,80,110,80,FALSE,FALSE
923,16,980,1093,1025,980,1093,1025,980,1093,1025,113,45,113,45,FALSE,FALSE
923,17,805,892,820,805,892,820,805,892,820,87,15,87,15,FALSE,FALSE
923,18,642,725,686,642,725,686,642,725,686,83,44,83,44,FALSE,FALSE
923,19,521,604,541,521,604,541,521,604,541,83,20,83,20,FALSE,FALSE
923,20,422,501,451,422,501,451,422,501,451,79,29,79,29,FALSE,FALSE
923,21,343,406,367,343,406,367,343,406,367,63,24,63,24,FALSE,FALSE
923,22,274,329,285,274,329,285,274,329,285,55,11,55,11,FALSE,FALSE
923,23,218,277,244,218,277,244,218,277,244,59,26,59,26,FALSE,FALSE
923,24,169,227,191,169,227,191,169,227,191,58,22,58,22,FALSE,FALSE
923,25,140,191,144,140,191,144,140,191,144,51,4,51,4,FALSE,FALSE
923,26,104,157,115,104,157,115,104,157,115,53,11,53,11,FALSE,FALSE
923,27,85,125,94,85,125,94,85,125,94,40,9,40,9,FALSE,FALSE
923,28,69,106,78,69,106,78,69,106,78,37,9,37,9,FALSE,FALSE
923,29,49,83,70,49,83,70,49,83,70,34,21,34,21,FALSE,FALSE
923,30,39,67,53,39,67,53,39,67,53,28,14,28,14,FALSE,FALSE
923,31,32,52,45,32,52,45,32,52,45,20,13,20,13,FALSE,FALSE
923,32,27,44,37,27,44,37,27,44,37,17,10,17,10,FALSE,FALSE
923,33,21,35,34,21,35,34,21,35,34,14,13,14,13,FALSE,FALSE
923,34,19,31,28,19,31,28,19,31,28,12,9,12,9,FALSE,FALSE
923,35,13,26,22,13,26,22,13,26,22,13,9,13,9,FALSE,FALSE
923,36,12,24,19,12,24,19,12,24,19,12,7,12,7,FALSE,FALSE
923,37,10,20,14,10,20,14,10,20,14,10,4,10,4,FALSE,FALSE
923,38,8,16,13,8,16,13,8,16,13,8,5,8,5,FALSE,FALSE
923,39,7,12,12,7,12,12,7,12,12,5,5,5,5,FALSE,FALSE
923,40,6,9,10,6,9,10,6,9,10,3,4,3,4,FALSE,FALSE
923,41,4,8,9,4,8,9,4,8,9,4,5,4,5,FALSE,FALSE
923,42,3,7,7,3,7,7,3,7,7,4,4,4,4,FALSE,FALSE
923,43,2,6,6,2,6,6,2,6,6,4,4,4,4,FALSE,FALSE
923,44,1,7,5,1,7,5,1,7,5,6,4,6,4,FALSE,FALSE
923,45,1,5,4,1,5,4,1,5,4,4,3,4,3,FALSE,FALSE
923,46,1,4,4,1,4,4,1,4,4,3,3,3,3,FALSE,FALSE
923,47,1,4,4,1,4,4,1,4,4,3,3,3,3,FALSE,FALSE
923,48,0,3,2,0,3,2,0,3,2,3,2,3,2,FALSE,FALSE
923,49,0,3,2,0,3,2,0,3,2,3,2,3,2,FALSE,FALSE
923,50,0,3,2,0,3,2,0,3,2,3,2,3,2,FALSE,FALSE
923,51,0,2,2,0,2,2,0,2,2,2,2,2,2,FALSE,FALSE
923,52,0,2,1,0,2,1,0,2,1,2,1,2,1,FALSE,FALSE
923,53,0,2,1,0,2,1,0,2,1,2,1,2,1,FALSE,FALSE
923,54,0,2,0,0,2,0,0,2,0,2,0,2,0,FALSE,TRUE
923,55,0,2,0,0,2,0,0,2,0,2,0,2,0,FALSE,TRUE
923,56,0,3,0,0,3,0,0,3,0,3,0,3,0,FALSE,TRUE
923,57,0,3,0,0,3,0,0,3,0,3,0,3,0,FALSE,TRUE
923,58,0,2,0,0,2,0,0,2,0,2,0,2,0,FALSE,TRUE
923,59,0,2,0,0,2,0,0,2,0,2,0,2,0,FALSE,TRUE
923,60,0,2,0,0,2,0,0,2,0,2,0,2,0,FALSE,TRUE
924,0,102,102,102,102,102,102,102,102,102,0,0,0,0,TRUE,TRUE
924,1,136,135,140,136,135,140,136,135,140,-1,4,1,4,FALSE,FALSE
924,2,172,165,188,172,165,188,172,165,188,-7,16,7,16,FALSE,FALSE
924,3,208,223,239,208,223,239,208,223,239,15,31,15,31,FALSE,FALSE
924,4,279,295,299,279,295,299,279,295,299,16,20,16,20,FALSE,FALSE
924,5,368,383,397,368,383,397,368,383,397,15,29,15,29,FALSE,FALSE
924,6,496,475,483,496,475,483,496,475,483,-21,-13,21,13,FALSE,FALSE
924,7,600,605,598,600,605,598,600,605,598,5,-2,5,2,FALSE,FALSE
924,8,753,729,716,753,729,716,753,729,716,-24,-37,24,37,FALSE,FALSE
924,9,882,873,872,882,873,872,882,873,872,-9,-10,9,10,FALSE,FALSE
924,10,1060,1065,1072,1060,1065,1072,1060,1065,1072,5,12,5,12,FALSE,FALSE
924,11,1242,1288,1271,1242,1288,1271,1242,1288,1271,46,29,46,29,FALSE,FALSE
924,12,1403,1467,1502,1403,1467,1502,1403,1467,1502,64,99,64,99,FALSE,FALSE
924,13,1582,1625,1698,1582,1625,1698,1582,1625,1698,43,116,43,116,FALSE,FALSE
924,14,1728,1710,1780,1728,1710,1780,1728,1710,1780,-18,52,18,52,FALSE,FALSE
924,15,1811,1777,1850,1811,1777,1850,1811,1777,1850,-34,39,34,39,FALSE,FALSE
924,16,1833,1811,1884,1833,1811,1884,1833,1811,1884,-22,51,22,51,FALSE,FALSE
924,17,1818,1789,1869,1818,1789,1869,1818,1789,1869,-29,51,29,51,FALSE,FALSE
924,18,1776,1751,1829,1776,1751,1829,1776,1751,1829,-25,53,25,53,FALSE,FALSE
924,19,1715,1735,1739,1715,1735,1739,1715,1735,1739,20,24,20,24,FALSE,FALSE
924,20,1631,1637,1636,1631,1637,1636,1631,1637,1636,6,5,6,5,FALSE,FALSE
924,21,1561,1534,1543,1561,1534,1543,1561,1534,1543,-27,-18,27,18,FALSE,FALSE
924,22,1406,1380,1407,1406,1380,1407,1406,1380,1407,-26,1,26,1,FALSE,FALSE
924,23,1266,1236,1276,1266,1236,1276,1266,1236,1276,-30,10,30,10,FALSE,FALSE
924,24,1111,1122,1181,1111,1122,1181,1111,1122,1181,11,70,11,70,FALSE,FALSE
924,25,955,1000,1022,955,1000,1022,955,1000,1022,45,67,45,67,FALSE,FALSE
924,26,872,868,903,872,868,903,872,868,903,-4,31,4,31,FALSE,FALSE
924,27,788,760,787,788,760,787,788,760,787,-28,-1,28,1,FALSE,FALSE
924,28,672,691,668,672,691,668,672,691,668,19,-4,19,4,FALSE,FALSE
924,29,582,612,576,582,612,576,582,612,576,30,-6,30,6,FALSE,FALSE
924,30,503,548,489,503,548,489,503,548,489,45,-14,45,14,FALSE,FALSE
924,31,439,480,422,439,480,422,439,480,422,41,-17,41,17,FALSE,FALSE
924,32,377,403,372,377,403,372,377,403,372,26,-5,26,5,FALSE,FALSE
924,33,329,344,322,329,344,322,329,344,322,15,-7,15,7,FALSE,FALSE
924,34,280,301,283,280,301,283,280,301,283,21,3,21,3,FALSE,FALSE
924,35,249,267,260,249,267,260,249,267,260,18,11,18,11,FALSE,FALSE
924,36,212,236,225,212,236,225,212,236,225,24,13,24,13,FALSE,FALSE
924,37,191,212,197,191,212,197,191,212,197,21,6,21,6,FALSE,FALSE
924,38,160,177,176,160,177,176,160,177,176,17,16,17,16,FALSE,FALSE
924,39,136,148,158,136,148,158,136,148,158,12,22,12,22,FALSE,FALSE
924,40,121,124,129,121,124,129,121,124,129,3,8,3,8,FALSE,FALSE
924,41,107,111,105,107,111,105,107,111,105,4,-2,4,2,FALSE,FALSE
924,42,93,95,84,93,95,84,93,95,84,2,-9,2,9,FALSE,FALSE
924,43,78,80,69,78,80,69,78,80,69,2,-9,2,9,FALSE,FALSE
924,44,65,70,54,65,70,54,65,70,54,5,-11,5,11,FALSE,FALSE
924,45,59,63,44,59,63,44,59,63,44,4,-15,4,15,FALSE,FALSE
924,46,49,51,39,49,51,39,49,51,39,2,-10,2,10,FALSE,FALSE
924,47,45,45,32,45,45,32,45,45,32,0,-13,0,13,TRUE,FALSE
924,48,40,39,29,40,39,29,40,39,29,-1,-11,1,11,FALSE,FALSE
924,49,32,30,30,32,30,30,32,30,30,-2,-2,2,2,FALSE,FALSE
924,50,30,24,23,30,24,23,30,24,23,-6,-7,6,7,FALSE,FALSE
924,51,29,22,19,29,22,19,29,22,19,-7,-10,7,10,FALSE,FALSE
924,52,27,20,19,27,20,19,27,20,19,-7,-8,7,8,FALSE,FALSE
924,53,24,15,17,24,15,17,24,15,17,-9,-7,9,7,FALSE,FALSE
924,54,20,12,13,20,12,13,20,12,13,-8,-7,8,7,FALSE,FALSE
924,55,17,14,10,17,14,10,17,14,10,-3,-7,3,7,FALSE,FALSE
924,56,16,12,7,16,12,7,16,12,7,-4,-9,4,9,FALSE,FALSE
924,57,15,10,6,15,10,6,15,10,6,-5,-9,5,9,FALSE,FALSE
924,58,15,8,5,15,8,5,15,8,5,-7,-10,7,10,FALSE,FALSE
924,59,11,9,4,11,9,4,11,9,4,-2,-7,2,7,FALSE,FALSE
924,60,9,9,3,9,9,3,9,9,3,0,-6,0,6,TRUE,FALSE
925,0,46,46,46,46,46,46,46,46,46,0,0,0,0,TRUE,TRUE
925,1,73,78,71,73,78,71,73,78,71,5,-2,5,2,FALSE,FALSE
925,2,101,123,91,101,123,91,101,123,91,22,-10,22,10,FALSE,FALSE
925,3,150,191,136,150,191,136,150,191,136,41,-14,41,14,FALSE,FALSE
925,4,223,292,197,223,292,197,223,292,197,69,-26,69,26,FALSE,FALSE
925,5,319,460,299,319,460,299,319,460,299,141,-20,141,20,FALSE,FALSE
925,6,468,665,424,468,665,424,468,665,424,197,-44,197,44,FALSE,FALSE
925,7,620,932,615,620,932,615,620,932,615,312,-5,312,5,FALSE,FALSE
925,8,873,1236,835,873,1236,835,873,1236,835,363,-38,363,38,FALSE,FALSE
925,9,1162,1520,1039,1162,1520,1039,1162,1520,1039,358,-123,358,123,FALSE,FALSE
925,10,1413,1782,1251,1413,1782,1251,1413,1782,1251,369,-162,369,162,FALSE,FALSE
925,11,1643,1976,1497,1643,1976,1497,1643,1976,1497,333,-146,333,146,FALSE,FALSE
925,12,1827,2022,1653,1827,2022,1653,1827,2022,1653,195,-174,195,174,FALSE,FALSE
925,13,1839,1953,1721,1839,1953,1721,1839,1953,1721,114,-118,114,118,FALSE,FALSE
925,14,1709,1808,1731,1709,1808,1731,1709,1808,1731,99,22,99,22,FALSE,FALSE
925,15,1613,1593,1649,1613,1593,1649,1613,1593,1649,-20,36,20,36,FALSE,FALSE
925,16,1509,1402,1554,1509,1402,1554,1509,1402,1554,-107,45,107,45,FALSE,FALSE
925,17,1310,1193,1408,1310,1193,1408,1310,1193,1408,-117,98,117,98,FALSE,FALSE
925,18,1123,1032,1233,1123,1032,1233,1123,1032,1233,-91,110,91,110,FALSE,FALSE
925,19,952,847,1035,952,847,1035,952,847,1035,-105,83,105,83,FALSE,FALSE
925,20,793,720,873,793,720,873,793,720,873,-73,80,73,80,FALSE,FALSE
925,21,679,593,743,679,593,743,679,593,743,-86,64,86,64,FALSE,FALSE
925,22,572,470,622,572,470,622,572,470,622,-102,50,102,50,FALSE,FALSE
925,23,473,379,528,473,379,528,473,379,528,-94,55,94,55,FALSE,FALSE
925,24,394,312,446,394,312,446,394,312,446,-82,52,82,52,FALSE,FALSE
925,25,343,249,374,343,249,374,343,249,374,-94,31,94,31,FALSE,FALSE
925,26,299,194,312,299,194,312,299,194,312,-105,13,105,13,FALSE,FALSE
925,27,233,163,262,233,163,262,233,163,262,-70,29,70,29,FALSE,FALSE
925,28,194,130,220,194,130,220,194,130,220,-64,26,64,26,FALSE,FALSE
925,29,169,101,176,169,101,176,169,101,176,-68,7,68,7,FALSE,FALSE
925,30,138,86,131,138,86,131,138,86,131,-52,-7,52,7,FALSE,FALSE
925,31,121,72,108,121,72,108,121,72,108,-49,-13,49,13,FALSE,FALSE
925,32,94,53,84,94,53,84,94,53,84,-41,-10,41,10,FALSE,FALSE
925,33,71,44,62,71,44,62,71,44,62,-27,-9,27,9,FALSE,FALSE
925,34,62,33,54,62,33,54,62,33,54,-29,-8,29,8,FALSE,FALSE
925,35,48,29,47,48,29,47,48,29,47,-19,-1,19,1,FALSE,FALSE
925,36,41,24,42,41,24,42,41,24,42,-17,1,17,1,FALSE,FALSE
925,37,33,19,34,33,19,34,33,19,34,-14,1,14,1,FALSE,FALSE
925,38,26,12,29,26,12,29,26,12,29,-14,3,14,3,FALSE,FALSE
925,39,26,8,24,26,8,24,26,8,24,-18,-2,18,2,FALSE,FALSE
925,40,20,7,20,20,7,20,20,7,20,-13,0,13,0,FALSE,TRUE
925,41,18,6,18,18,6,18,18,6,18,-12,0,12,0,FALSE,TRUE
925,42,15,6,14,15,6,14,15,6,14,-9,-1,9,1,FALSE,FALSE
925,43,14,5,13,14,5,13,14,5,13,-9,-1,9,1,FALSE,FALSE
925,44,11,3,11,11,3,11,11,3,11,-8,0,8,0,FALSE,TRUE
925,45,7,3,8,7,3,8,7,3,8,-4,1,4,1,FALSE,FALSE
925,46,5,1,6,5,1,6,5,1,6,-4,1,4,1,FALSE,FALSE
925,47,5,1,6,5,1,6,5,1,6,-4,1,4,1,FALSE,FALSE
925,48,2,1,4,2,1,4,2,1,4,-1,2,1,2,FALSE,FALSE
925,49,2,1,3,2,1,3,2,1,3,-1,1,1,1,FALSE,FALSE
925,50,2,1,4,2,1,4,2,1,4,-1,2,1,2,FALSE,FALSE
925,51,2,1,2,2,1,2,2,1,2,-1,0,1,0,FALSE,TRUE
925,52,2,1,1,2,1,1,2,1,1,-1,-1,1,1,FALSE,FALSE
925,53,2,1,2,2,1,2,2,1,2,-1,0,1,0,FALSE,TRUE
925,54,1,1,2,1,1,2,1,1,2,0,1,0,1,TRUE,FALSE
925,55,1,1,2,1,1,2,1,1,2,0,1,0,1,TRUE,FALSE
925,56,1,1,3,1,1,3,1,1,3,0,2,0,2,TRUE,FALSE
925,57,1,1,3,1,1,3,1,1,3,0,2,0,2,TRUE,FALSE
925,58,1,1,2,1,1,2,1,1,2,0,1,0,1,TRUE,FALSE
925,59,2,1,2,2,1,2,2,1,2,-1,0,1,0,FALSE,TRUE
925,60,2,0,1,2,0,1,2,0,1,-2,-1,2,1,FALSE,FALSE
926,0,133,133,133,133,133,133,133,133,133,0,0,0,0,TRUE,TRUE
926,1,133,138,131,133,138,131,133,138,131,5,-2,5,2,FALSE,FALSE
926,2,140,138,138,140,138,138,140,138,138,-2,-2,2,2,FALSE,FALSE
926,3,148,145,160,148,145,160,148,145,160,-3,12,3,12,FALSE,FALSE
926,4,162,166,165,162,166,165,162,166,165,4,3,4,3,FALSE,FALSE
926,5,165,181,174,165,181,174,165,181,174,16,9,16,9,FALSE,FALSE
926,6,173,186,173,173,186,173,173,186,173,13,0,13,0,FALSE,TRUE
926,7,169,199,175,169,199,175,169,199,175,30,6,30,6,FALSE,FALSE
926,8,170,220,194,170,220,194,170,220,194,50,24,50,24,FALSE,FALSE
926,9,162,223,210,162,223,210,162,223,210,61,48,61,48,FALSE,FALSE
926,10,163,241,235,163,241,235,163,241,235,78,72,78,72,FALSE,FALSE
926,11,171,258,245,171,258,245,171,258,245,87,74,87,74,FALSE,FALSE
926,12,183,275,268,183,275,268,183,275,268,92,85,92,85,FALSE,FALSE
926,13,186,291,287,186,291,287,186,291,287,105,101,105,101,FALSE,FALSE
926,14,186,303,305,186,303,305,186,303,305,117,119,117,119,FALSE,FALSE
926,15,197,308,322,197,308,322,197,308,322,111,125,111,125,FALSE,FALSE
926,16,196,315,350,196,315,350,196,315,350,119,154,119,154,FALSE,FALSE
926,17,205,314,354,205,314,354,205,314,354,109,149,109,149,FALSE,FALSE
926,18,203,315,357,203,315,357,203,315,357,112,154,112,154,FALSE,FALSE
926,19,218,334,381,218,334,381,218,334,381,116,163,116,163,FALSE,FALSE
926,20,227,336,403,227,336,403,227,336,403,109,176,109,176,FALSE,FALSE
926,21,237,341,422,237,341,422,237,341,422,104,185,104,185,FALSE,FALSE
926,22,262,361,453,262,361,453,262,361,453,99,191,99,191,FALSE,FALSE
926,23,259,374,471,259,374,471,259,374,471,115,212,115,212,FALSE,FALSE
926,24,271,397,478,271,397,478,271,397,478,126,207,126,207,FALSE,FALSE
926,25,273,428,508,273,428,508,273,428,508,155,235,155,235,FALSE,FALSE
926,26,286,430,538,286,430,538,286,430,538,144,252,144,252,FALSE,FALSE
926,27,308,440,566,308,440,566,308,440,566,132,258,132,258,FALSE,FALSE
926,28,322,467,557,322,467,557,322,467,557,145,235,145,235,FALSE,FALSE
926,29,328,485,575,328,485,575,328,485,575,157,247,157,247,FALSE,FALSE
926,30,345,491,571,345,491,571,345,491,571,146,226,146,226,FALSE,FALSE
926,31,335,494,585,335,494,585,335,494,585,159,250,159,250,FALSE,FALSE
926,32,348,505,590,348,505,590,348,505,590,157,242,157,242,FALSE,FALSE
926,33,355,522,612,355,522,612,355,522,612,167,257,167,257,FALSE,FALSE
926,34,354,535,631,354,535,631,354,535,631,181,277,181,277,FALSE,FALSE
926,35,362,530,657,362,530,657,362,530,657,168,295,168,295,FALSE,FALSE
926,36,380,519,651,380,519,651,380,519,651,139,271,139,271,FALSE,FALSE
926,37,390,517,673,390,517,673,390,517,673,127,283,127,283,FALSE,FALSE
926,38,414,521,699,414,521,699,414,521,699,107,285,107,285,FALSE,FALSE
926,39,428,523,731,428,523,731,428,523,731,95,303,95,303,FALSE,FALSE
926,40,431,534,728,431,534,728,431,534,728,103,297,103,297,FALSE,FALSE
926,41,444,547,706,444,547,706,444,547,706,103,262,103,262,FALSE,FALSE
926,42,436,551,715,436,551,715,436,551,715,115,279,115,279,FALSE,FALSE
926,43,442,573,714,442,573,714,442,573,714,131,272,131,272,FALSE,FALSE
926,44,441,578,727,441,578,727,441,578,727,137,286,137,286,FALSE,FALSE
926,45,458,598,733,458,598,733,458,598,733,140,275,140,275,FALSE,FALSE
926,46,477,597,730,477,597,730,477,597,730,120,253,120,253,FALSE,FALSE
926,47,506,616,724,506,616,724,506,616,724,110,218,110,218,FALSE,FALSE
926,48,522,606,722,522,606,722,522,606,722,84,200,84,200,FALSE,FALSE
926,49,532,617,728,532,617,728,532,617,728,85,196,85,196,FALSE,FALSE
926,50,543,597,732,543,597,732,543,597,732,54,189,54,189,FALSE,FALSE
926,51,559,598,731,559,598,731,559,598,731,39,172,39,172,FALSE,FALSE
926,52,558,584,749,558,584,749,558,584,749,26,191,26,191,FALSE,FALSE
926,53,572,593,739,572,593,739,572,593,739,21,167,21,167,FALSE,FALSE
926,54,578,597,708,578,597,708,578,597,708,19,130,19,130,FALSE,FALSE
926,55,592,586,713,592,586,713,592,586,713,-6,121,6,121,FALSE,FALSE
926,56,600,576,689,600,576,689,600,576,689,-24,89,24,89,FALSE,FALSE
926,57,613,584,667,613,584,667,613,584,667,-29,54,29,54,FALSE,FALSE
926,58,646,598,678,646,598,678,646,598,678,-48,32,48,32,FALSE,FALSE
926,59,646,603,688,646,603,688,646,603,688,-43,42,43,42,FALSE,FALSE
926,60,624,600,682,624,600,682,624,600,682,-24,58,24,58,FALSE,FALSE
927,0,69,69,69,69,69,69,69,69,69,0,0,0,0,TRUE,TRUE
927,1,73,63,78,73,63,78,73,63,78,-10,5,10,5,FALSE,FALSE
927,2,69,60,85,69,60,85,69,60,85,-9,16,9,16,FALSE,FALSE
927,3,74,72,81,74,72,81,74,72,81,-2,7,2,7,FALSE,FALSE
927,4,85,74,85,85,74,85,85,74,85,-11,0,11,0,FALSE,TRUE
927,5,94,76,98,94,76,98,94,76,98,-18,4,18,4,FALSE,FALSE
927,6,87,80,101,87,80,101,87,80,101,-7,14,7,14,FALSE,FALSE
927,7,91,76,106,91,76,106,91,76,106,-15,15,15,15,FALSE,FALSE
927,8,99,80,116,99,80,116,99,80,116,-19,17,19,17,FALSE,FALSE
927,9,102,82,121,102,82,121,102,82,121,-20,19,20,19,FALSE,FALSE
927,10,106,93,107,106,93,107,106,93,107,-13,1,13,1,FALSE,FALSE
927,11,119,87,96,119,87,96,119,87,96,-32,-23,32,23,FALSE,FALSE
927,12,123,100,105,123,100,105,123,100,105,-23,-18,23,18,FALSE,FALSE
927,13,133,98,119,133,98,119,133,98,119,-35,-14,35,14,FALSE,FALSE
927,14,143,99,124,143,99,124,143,99,124,-44,-19,44,19,FALSE,FALSE
927,15,143,109,120,143,109,120,143,109,120,-34,-23,34,23,FALSE,FALSE
927,16,137,110,116,137,110,116,137,110,116,-27,-21,27,21,FALSE,FALSE
927,17,136,130,105,136,130,105,136,130,105,-6,-31,6,31,FALSE,FALSE
927,18,145,138,99,145,138,99,145,138,99,-7,-46,7,46,FALSE,FALSE
927,19,139,147,94,139,147,94,139,147,94,8,-45,8,45,FALSE,FALSE
927,20,136,150,95,136,150,95,136,150,95,14,-41,14,41,FALSE,FALSE
927,21,130,150,105,130,150,105,130,150,105,20,-25,20,25,FALSE,FALSE
927,22,131,147,110,131,147,110,131,147,110,16,-21,16,21,FALSE,FALSE
927,23,140,154,105,140,154,105,140,154,105,14,-35,14,35,FALSE,FALSE
927,24,132,160,100,132,160,100,132,160,100,28,-32,28,32,FALSE,FALSE
927,25,136,156,101,136,156,101,136,156,101,20,-35,20,35,FALSE,FALSE
927,26,132,155,107,132,155,107,132,155,107,23,-25,23,25,FALSE,FALSE
927,27,141,152,111,141,152,111,141,152,111,11,-30,11,30,FALSE,FALSE
927,28,143,149,118,143,149,118,143,149,118,6,-25,6,25,FALSE,FALSE
927,29,162,147,119,162,147,119,162,147,119,-15,-43,15,43,FALSE,FALSE
927,30,165,155,125,165,155,125,165,155,125,-10,-40,10,40,FALSE,FALSE
927,31,187,167,131,187,167,131,187,167,131,-20,-56,20,56,FALSE,FALSE
927,32,192,165,137,192,165,137,192,165,137,-27,-55,27,55,FALSE,FALSE
927,33,192,166,121,192,166,121,192,166,121,-26,-71,26,71,FALSE,FALSE
927,34,188,169,118,188,169,118,188,169,118,-19,-70,19,70,FALSE,FALSE
927,35,198,169,114,198,169,114,198,169,114,-29,-84,29,84,FALSE,FALSE
927,36,206,181,109,206,181,109,206,181,109,-25,-97,25,97,FALSE,FALSE
927,37,211,184,112,211,184,112,211,184,112,-27,-99,27,99,FALSE,FALSE
927,38,207,182,101,207,182,101,207,182,101,-25,-106,25,106,FALSE,FALSE
927,39,209,182,108,209,182,108,209,182,108,-27,-101,27,101,FALSE,FALSE
927,40,207,182,110,207,182,110,207,182,110,-25,-97,25,97,FALSE,FALSE
927,41,210,173,105,210,173,105,210,173,105,-37,-105,37,105,FALSE,FALSE
927,42,209,185,112,209,185,112,209,185,112,-24,-97,24,97,FALSE,FALSE
927,43,205,177,117,205,177,117,205,177,117,-28,-88,28,88,FALSE,FALSE
927,44,206,181,110,206,181,110,206,181,110,-25,-96,25,96,FALSE,FALSE
927,45,203,178,98,203,178,98,203,178,98,-25,-105,25,105,FALSE,FALSE
927,46,189,182,91,189,182,91,189,182,91,-7,-98,7,98,FALSE,FALSE
927,47,180,182,86,180,182,86,180,182,86,2,-94,2,94,FALSE,FALSE
927,48,180,189,92,180,189,92,180,189,92,9,-88,9,88,FALSE,FALSE
927,49,197,193,90,197,193,90,197,193,90,-4,-107,4,107,FALSE,FALSE
927,50,191,198,89,191,198,89,191,198,89,7,-102,7,102,FALSE,FALSE
927,51,177,200,85,177,200,85,177,200,85,23,-92,23,92,FALSE,FALSE
927,52,181,184,88,181,184,88,181,184,88,3,-93,3,93,FALSE,FALSE
927,53,171,196,89,171,196,89,171,196,89,25,-82,25,82,FALSE,FALSE
927,54,160,193,93,160,193,93,160,193,93,33,-67,33,67,FALSE,FALSE
927,55,146,190,93,146,190,93,146,190,93,44,-53,44,53,FALSE,FALSE
927,56,144,181,92,144,181,92,144,181,92,37,-52,37,52,FALSE,FALSE
927,57,143,173,109,143,173,109,143,173,109,30,-34,30,34,FALSE,FALSE
927,58,148,160,101,148,160,101,148,160,101,12,-47,12,47,FALSE,FALSE
927,59,152,170,92,152,170,92,152,170,92,18,-60,18,60,FALSE,FALSE
927,60,150,175,82,150,175,82,150,175,82,25,-68,25,68,FALSE,FALSE
928,0,152,152,152,152,152,152,152,152,152,0,0,0,0,TRUE,TRUE
928,1,172,170,191,172,170,191,172,170,191,-2,19,2,19,FALSE,FALSE
928,2,207,209,220,207,209,220,207,209,220,2,13,2,13,FALSE,FALSE
928,3,247,234,273,247,234,273,247,234,273,-13,26,13,26,FALSE,FALSE
928,4,284,274,309,284,274,309,284,274,309,-10,25,10,25,FALSE,FALSE
928,5,344,301,364,344,301,364,344,301,364,-43,20,43,20,FALSE,FALSE
928,6,380,351,414,380,351,414,380,351,414,-29,34,29,34,FALSE,FALSE
928,7,446,380,475,446,380,475,446,380,475,-66,29,66,29,FALSE,FALSE
928,8,500,447,552,500,447,552,500,447,552,-53,52,53,52,FALSE,FALSE
928,9,558,500,624,558,500,624,558,500,624,-58,66,58,66,FALSE,FALSE
928,10,647,596,703,647,596,703,647,596,703,-51,56,51,56,FALSE,FALSE
928,11,779,689,797,779,689,797,779,689,797,-90,18,90,18,FALSE,FALSE
928,12,865,805,897,865,805,897,865,805,897,-60,32,60,32,FALSE,FALSE
928,13,947,896,973,947,896,973,947,896,973,-51,26,51,26,FALSE,FALSE
928,14,1017,981,1070,1017,981,1070,1017,981,1070,-36,53,36,53,FALSE,FALSE
928,15,1116,1092,1171,1116,1092,1171,1116,1092,1171,-24,55,24,55,FALSE,FALSE
928,16,1180,1183,1273,1180,1183,1273,1180,1183,1273,3,93,3,93,FALSE,FALSE
928,17,1269,1264,1373,1269,1264,1373,1269,1264,1373,-5,104,5,104,FALSE,FALSE
928,18,1351,1327,1486,1351,1327,1486,1351,1327,1486,-24,135,24,135,FALSE,FALSE
928,19,1435,1404,1562,1435,1404,1562,1435,1404,1562,-31,127,31,127,FALSE,FALSE
928,20,1494,1484,1653,1494,1484,1653,1494,1484,1653,-10,159,10,159,FALSE,FALSE
928,21,1547,1565,1669,1547,1565,1669,1547,1565,1669,18,122,18,122,FALSE,FALSE
928,22,1574,1620,1696,1574,1620,1696,1574,1620,1696,46,122,46,122,FALSE,FALSE
928,23,1600,1612,1677,1600,1612,1677,1600,1612,1677,12,77,12,77,FALSE,FALSE
928,24,1589,1606,1666,1589,1606,1666,1589,1606,1666,17,77,17,77,FALSE,FALSE
928,25,1612,1561,1640,1612,1561,1640,1612,1561,1640,-51,28,51,28,FALSE,FALSE
928,26,1613,1534,1628,1613,1534,1628,1613,1534,1628,-79,15,79,15,FALSE,FALSE
928,27,1579,1505,1574,1579,1505,1574,1579,1505,1574,-74,-5,74,5,FALSE,FALSE
928,28,1546,1454,1505,1546,1454,1505,1546,1454,1505,-92,-41,92,41,FALSE,FALSE
928,29,1470,1410,1433,1470,1410,1433,1470,1410,1433,-60,-37,60,37,FALSE,FALSE
928,30,1399,1350,1357,1399,1350,1357,1399,1350,1357,-49,-42,49,42,FALSE,FALSE
928,31,1298,1274,1292,1298,1274,1292,1298,1274,1292,-24,-6,24,6,FALSE,FALSE
928,32,1223,1220,1194,1223,1220,1194,1223,1220,1194,-3,-29,3,29,FALSE,FALSE
928,33,1169,1153,1102,1169,1153,1102,1169,1153,1102,-16,-67,16,67,FALSE,FALSE
928,34,1075,1097,1017,1075,1097,1017,1075,1097,1017,22,-58,22,58,FALSE,FALSE
928,35,1007,1012,921,1007,1012,921,1007,1012,921,5,-86,5,86,FALSE,FALSE
928,36,930,935,838,930,935,838,930,935,838,5,-92,5,92,FALSE,FALSE
928,37,833,858,755,833,858,755,833,858,755,25,-78,25,78,FALSE,FALSE
928,38,771,799,709,771,799,709,771,799,709,28,-62,28,62,FALSE,FALSE
928,39,723,725,626,723,725,626,723,725,626,2,-97,2,97,FALSE,FALSE
928,40,651,682,568,651,682,568,651,682,568,31,-83,31,83,FALSE,FALSE
928,41,599,629,510,599,629,510,599,629,510,30,-89,30,89,FALSE,FALSE
928,42,533,570,458,533,570,458,533,570,458,37,-75,37,75,FALSE,FALSE
928,43,484,532,424,484,532,424,484,532,424,48,-60,48,60,FALSE,FALSE
928,44,445,481,404,445,481,404,445,481,404,36,-41,36,41,FALSE,FALSE
928,45,406,429,345,406,429,345,406,429,345,23,-61,23,61,FALSE,FALSE
928,46,375,383,308,375,383,308,375,383,308,8,-67,8,67,FALSE,FALSE
928,47,327,358,285,327,358,285,327,358,285,31,-42,31,42,FALSE,FALSE
928,48,273,320,250,273,320,250,273,320,250,47,-23,47,23,FALSE,FALSE
928,49,241,279,231,241,279,231,241,279,231,38,-10,38,10,FALSE,FALSE
928,50,218,258,226,218,258,226,218,258,226,40,8,40,8,FALSE,FALSE
928,51,195,229,205,195,229,205,195,229,205,34,10,34,10,FALSE,FALSE
928,52,178,211,189,178,211,189,178,211,189,33,11,33,11,FALSE,FALSE
928,53,162,185,170,162,185,170,162,185,170,23,8,23,8,FALSE,FALSE
928,54,145,170,151,145,170,151,145,170,151,25,6,25,6,FALSE,FALSE
928,55,130,150,145,130,150,145,130,150,145,20,15,20,15,FALSE,FALSE
928,56,114,142,136,114,142,136,114,142,136,28,22,28,22,FALSE,FALSE
928,57,105,128,122,105,128,122,105,128,122,23,17,23,17,FALSE,FALSE
928,58,95,112,114,95,112,114,95,112,114,17,19,17,19,FALSE,FALSE
928,59,84,101,104,84,101,104,84,101,104,17,20,17,20,FALSE,FALSE
928,60,77,88,92,77,88,92,77,88,92,11,15,11,15,FALSE,FALSE
929,0,68,68,68,68,68,68,68,68,68,0,0,0,0,TRUE,TRUE
929,1,106,121,116,106,121,116,106,121,116,15,10,15,10,FALSE,FALSE
929,2,159,185,187,159,185,187,159,185,187,26,28,26,28,FALSE,FALSE
929,3,247,307,302,247,307,302,247,307,302,60,55,60,55,FALSE,FALSE
929,4,378,469,445,378,469,445,378,469,445,91,67,91,67,FALSE,FALSE
929,5,583,682,633,583,682,633,583,682,633,99,50,99,50,FALSE,FALSE
929,6,826,947,900,826,947,900,826,947,900,121,74,121,74,FALSE,FALSE
929,7,1120,1287,1221,1120,1287,1221,1120,1287,1221,167,101,167,101,FALSE,FALSE
929,8,1427,1676,1542,1427,1676,1542,1427,1676,1542,249,115,249,115,FALSE,FALSE
929,9,1799,2018,1850,1799,2018,1850,1799,2018,1850,219,51,219,51,FALSE,FALSE
929,10,2105,2260,2076,2105,2260,2076,2105,2260,2076,155,-29,155,29,FALSE,FALSE
929,11,2290,2376,2246,2290,2376,2246,2290,2376,2246,86,-44,86,44,FALSE,FALSE
929,12,2357,2383,2320,2357,2383,2320,2357,2383,2320,26,-37,26,37,FALSE,FALSE
929,13,2322,2297,2270,2322,2297,2270,2322,2297,2270,-25,-52,25,52,FALSE,FALSE
929,14,2182,2147,2147,2182,2147,2147,2182,2147,2147,-35,-35,35,35,FALSE,FALSE
929,15,2016,1962,2001,2016,1962,2001,2016,1962,2001,-54,-15,54,15,FALSE,FALSE
929,16,1829,1794,1822,1829,1794,1822,1829,1794,1822,-35,-7,35,7,FALSE,FALSE
929,17,1642,1601,1642,1642,1601,1642,1642,1601,1642,-41,0,41,0,FALSE,TRUE
929,18,1439,1423,1464,1439,1423,1464,1439,1423,1464,-16,25,16,25,FALSE,FALSE
929,19,1279,1249,1278,1279,1249,1278,1279,1249,1278,-30,-1,30,1,FALSE,FALSE
929,20,1126,1076,1133,1126,1076,1133,1126,1076,1133,-50,7,50,7,FALSE,FALSE
929,21,970,950,1004,970,950,1004,970,950,1004,-20,34,20,34,FALSE,FALSE
929,22,876,819,863,876,819,863,876,819,863,-57,-13,57,13,FALSE,FALSE
929,23,759,710,740,759,710,740,759,710,740,-49,-19,49,19,FALSE,FALSE
929,24,687,617,637,687,617,637,687,617,637,-70,-50,70,50,FALSE,FALSE
929,25,598,543,562,598,543,562,598,543,562,-55,-36,55,36,FALSE,FALSE
929,26,522,462,469,522,462,469,522,462,469,-60,-53,60,53,FALSE,FALSE
929,27,452,405,406,452,405,406,452,405,406,-47,-46,47,46,FALSE,FALSE
929,28,396,348,355,396,348,355,396,348,355,-48,-41,48,41,FALSE,FALSE
929,29,333,281,308,333,281,308,333,281,308,-52,-25,52,25,FALSE,FALSE
929,30,286,248,258,286,248,258,286,248,258,-38,-28,38,28,FALSE,FALSE
929,31,254,204,212,254,204,212,254,204,212,-50,-42,50,42,FALSE,FALSE
929,32,213,174,178,213,174,178,213,174,178,-39,-35,39,35,FALSE,FALSE
929,33,183,152,154,183,152,154,183,152,154,-31,-29,31,29,FALSE,FALSE
929,34,158,126,134,158,126,134,158,126,134,-32,-24,32,24,FALSE,FALSE
929,35,133,113,106,133,113,106,133,113,106,-20,-27,20,27,FALSE,FALSE
929,36,116,101,98,116,101,98,116,101,98,-15,-18,15,18,FALSE,FALSE
929,37,100,89,79,100,89,79,100,89,79,-11,-21,11,21,FALSE,FALSE
929,38,81,71,65,81,71,65,81,71,65,-10,-16,10,16,FALSE,FALSE
929,39,70,55,57,70,55,57,70,55,57,-15,-13,15,13,FALSE,FALSE
929,40,63,50,51,63,50,51,63,50,51,-13,-12,13,12,FALSE,FALSE
929,41,56,46,45,56,46,45,56,46,45,-10,-11,10,11,FALSE,FALSE
929,42,46,39,35,46,39,35,46,39,35,-7,-11,7,11,FALSE,FALSE
929,43,41,37,30,41,37,30,41,37,30,-4,-11,4,11,FALSE,FALSE
929,44,35,33,26,35,33,26,35,33,26,-2,-9,2,9,FALSE,FALSE
929,45,30,28,25,30,28,25,30,28,25,-2,-5,2,5,FALSE,FALSE
929,46,24,25,22,24,25,22,24,25,22,1,-2,1,2,FALSE,FALSE
929,47,23,20,17,23,20,17,23,20,17,-3,-6,3,6,FALSE,FALSE
929,48,17,17,12,17,17,12,17,17,12,0,-5,0,5,TRUE,FALSE
929,49,16,13,10,16,13,10,16,13,10,-3,-6,3,6,FALSE,FALSE
929,50,12,10,9,12,10,9,12,10,9,-2,-3,2,3,FALSE,FALSE
929,51,9,8,8,9,8,8,9,8,8,-1,-1,1,1,FALSE,FALSE
929,52,6,7,7,6,7,7,6,7,7,1,1,1,1,FALSE,FALSE
929,53,4,5,7,4,5,7,4,5,7,1,3,1,3,FALSE,FALSE
929,54,3,5,7,3,5,7,3,5,7,2,4,2,4,FALSE,FALSE
929,55,2,4,5,2,4,5,2,4,5,2,3,2,3,FALSE,FALSE
929,56,2,4,5,2,4,5,2,4,5,2,3,2,3,FALSE,FALSE
929,57,2,3,4,2,3,4,2,3,4,1,2,1,2,FALSE,FALSE
929,58,2,3,2,2,3,2,2,3,2,1,0,1,0,FALSE,TRUE
929,59,2,3,2,2,3,2,2,3,2,1,0,1,0,FALSE,TRUE
929,60,1,3,2,1,3,2,1,3,2,2,1,2,1,FALSE,FALSE
930,0,64,64,64,64,64,64,64,64,64,0,0,0,0,TRUE,TRUE
930,1,91,108,98,91,108,98,91,108,98,17,7,17,7,FALSE,FALSE
930,2,144,162,149,144,162,149,144,162,149,18,5,18,5,FALSE,FALSE
930,3,218,241,227,218,241,227,218,241,227,23,9,23,9,FALSE,FALSE
930,4,317,386,343,317,386,343,317,386,343,69,26,69,26,FALSE,FALSE
930,5,475,567,527,475,567,527,475,567,527,92,52,92,52,FALSE,FALSE
930,6,677,790,725,677,790,725,677,790,725,113,48,113,48,FALSE,FALSE
930,7,1000,1102,1042,1000,1102,1042,1000,1102,1042,102,42,102,42,FALSE,FALSE
930,8,1391,1487,1386,1391,1487,1386,1391,1487,1386,96,-5,96,5,FALSE,FALSE
930,9,1793,1943,1882,1793,1943,1882,1793,1943,1882,150,89,150,89,FALSE,FALSE
930,10,2246,2432,2358,2246,2432,2358,2246,2432,2358,186,112,186,112,FALSE,FALSE
930,11,2694,2932,2821,2694,2932,2821,2694,2932,2821,238,127,238,127,FALSE,FALSE
930,12,3119,3269,3201,3119,3269,3201,3119,3269,3201,150,82,150,82,FALSE,FALSE
930,13,3385,3432,3446,3385,3432,3446,3385,3432,3446,47,61,47,61,FALSE,FALSE
930,14,3549,3557,3523,3549,3557,3523,3549,3557,3523,8,-26,8,26,FALSE,FALSE
930,15,3492,3523,3456,3492,3523,3456,3492,3523,3456,31,-36,31,36,FALSE,FALSE
930,16,3328,3348,3298,3328,3348,3298,3328,3348,3298,20,-30,20,30,FALSE,FALSE
930,17,3083,3070,3051,3083,3070,3051,3083,3070,3051,-13,-32,13,32,FALSE,FALSE
930,18,2793,2837,2722,2793,2837,2722,2793,2837,2722,44,-71,44,71,FALSE,FALSE
930,19,2532,2587,2445,2532,2587,2445,2532,2587,2445,55,-87,55,87,FALSE,FALSE
930,20,2254,2366,2141,2254,2366,2141,2254,2366,2141,112,-113,112,113,FALSE,FALSE
930,21,1983,2082,1890,1983,2082,1890,1983,2082,1890,99,-93,99,93,FALSE,FALSE
930,22,1756,1844,1630,1756,1844,1630,1756,1844,1630,88,-126,88,126,FALSE,FALSE
930,23,1530,1630,1415,1530,1630,1415,1530,1630,1415,100,-115,100,115,FALSE,FALSE
930,24,1341,1423,1225,1341,1423,1225,1341,1423,1225,82,-116,82,116,FALSE,FALSE
930,25,1187,1256,1056,1187,1256,1056,1187,1256,1056,69,-131,69,131,FALSE,FALSE
930,26,1034,1100,904,1034,1100,904,1034,1100,904,66,-130,66,130,FALSE,FALSE
930,27,892,947,781,892,947,781,892,947,781,55,-111,55,111,FALSE,FALSE
930,28,771,803,671,771,803,671,771,803,671,32,-100,32,100,FALSE,FALSE
930,29,659,706,570,659,706,570,659,706,570,47,-89,47,89,FALSE,FALSE
930,30,576,621,497,576,621,497,576,621,497,45,-79,45,79,FALSE,FALSE
930,31,497,553,427,497,553,427,497,553,427,56,-70,56,70,FALSE,FALSE
930,32,424,488,355,424,488,355,424,488,355,64,-69,64,69,FALSE,FALSE
930,33,375,426,300,375,426,300,375,426,300,51,-75,51,75,FALSE,FALSE
930,34,311,367,261,311,367,261,311,367,261,56,-50,56,50,FALSE,FALSE
930,35,273,315,209,273,315,209,273,315,209,42,-64,42,64,FALSE,FALSE
930,36,232,273,186,232,273,186,232,273,186,41,-46,41,46,FALSE,FALSE
930,37,203,245,173,203,245,173,203,245,173,42,-30,42,30,FALSE,FALSE
930,38,168,205,149,168,205,149,168,205,149,37,-19,37,19,FALSE,FALSE
930,39,153,187,127,153,187,127,153,187,127,34,-26,34,26,FALSE,FALSE
930,40,131,163,106,131,163,106,131,163,106,32,-25,32,25,FALSE,FALSE
930,41,113,136,85,113,136,85,113,136,85,23,-28,23,28,FALSE,FALSE
930,42,94,120,71,94,120,71,94,120,71,26,-23,26,23,FALSE,FALSE
930,43,81,107,55,81,107,55,81,107,55,26,-26,26,26,FALSE,FALSE
930,44,68,92,47,68,92,47,68,92,47,24,-21,24,21,FALSE,FALSE
930,45,57,77,40,57,77,40,57,77,40,20,-17,20,17,FALSE,FALSE
930,46,49,65,32,49,65,32,49,65,32,16,-17,16,17,FALSE,FALSE
930,47,38,60,26,38,60,26,38,60,26,22,-12,22,12,FALSE,FALSE
930,48,29,54,23,29,54,23,29,54,23,25,-6,25,6,FALSE,FALSE
930,49,28,49,19,28,49,19,28,49,19,21,-9,21,9,FALSE,FALSE
930,50,24,42,18,24,42,18,24,42,18,18,-6,18,6,FALSE,FALSE
930,51,21,39,16,21,39,16,21,39,16,18,-5,18,5,FALSE,FALSE
930,52,17,35,11,17,35,11,17,35,11,18,-6,18,6,FALSE,FALSE
930,53,17,32,10,17,32,10,17,32,10,15,-7,15,7,FALSE,FALSE
930,54,14,24,9,14,24,9,14,24,9,10,-5,10,5,FALSE,FALSE
930,55,12,21,6,12,21,6,12,21,6,9,-6,9,6,FALSE,FALSE
930,56,12,19,6,12,19,6,12,19,6,7,-6,7,6,FALSE,FALSE
930,57,11,15,5,11,15,5,11,15,5,4,-6,4,6,FALSE,FALSE
930,58,12,11,5,12,11,5,12,11,5,-1,-7,1,7,FALSE,FALSE
930,59,9,8,5,9,8,5,9,8,5,-1,-4,1,4,FALSE,FALSE
930,60,8,6,5,8,6,5,8,6,5,-2,-3,2,3,FALSE,FALSE
931,0,91,91,91,91,91,91,91,91,91,0,0,0,0,TRUE,TRUE
931,1,125,132,115,125,132,115,125,132,115,7,-10,7,10,FALSE,FALSE
931,2,185,181,148,185,181,148,185,181,148,-4,-37,4,37,FALSE,FALSE
931,3,264,265,212,264,265,212,264,265,212,1,-52,1,52,FALSE,FALSE
931,4,378,353,295,378,353,295,378,353,295,-25,-83,25,83,FALSE,FALSE
931,5,497,471,413,497,471,413,497,471,413,-26,-84,26,84,FALSE,FALSE
931,6,690,624,564,690,624,564,690,624,564,-66,-126,66,126,FALSE,FALSE
931,7,899,835,751,899,835,751,899,835,751,-64,-148,64,148,FALSE,FALSE
931,8,1189,1076,964,1189,1076,964,1189,1076,964,-113,-225,113,225,FALSE,FALSE
931,9,1488,1353,1207,1488,1353,1207,1488,1353,1207,-135,-281,135,281,FALSE,FALSE
931,10,1849,1669,1503,1849,1669,1503,1849,1669,1503,-180,-346,180,346,FALSE,FALSE
931,11,2113,1935,1857,2113,1935,1857,2113,1935,1857,-178,-256,178,256,FALSE,FALSE
931,12,2362,2239,2140,2362,2239,2140,2362,2239,2140,-123,-222,123,222,FALSE,FALSE
931,13,2569,2451,2349,2569,2451,2349,2569,2451,2349,-118,-220,118,220,FALSE,FALSE
931,14,2629,2534,2540,2629,2534,2540,2629,2534,2540,-95,-89,95,89,FALSE,FALSE
931,15,2688,2565,2669,2688,2565,2669,2688,2565,2669,-123,-19,123,19,FALSE,FALSE
931,16,2663,2568,2684,2663,2568,2684,2663,2568,2684,-95,21,95,21,FALSE,FALSE
931,17,2611,2521,2654,2611,2521,2654,2611,2521,2654,-90,43,90,43,FALSE,FALSE
931,18,2489,2389,2593,2489,2389,2593,2489,2389,2593,-100,104,100,104,FALSE,FALSE
931,19,2330,2270,2442,2330,2270,2442,2330,2270,2442,-60,112,60,112,FALSE,FALSE
931,20,2145,2138,2301,2145,2138,2301,2145,2138,2301,-7,156,7,156,FALSE,FALSE
931,21,2019,1978,2156,2019,1978,2156,2019,1978,2156,-41,137,41,137,FALSE,FALSE
931,22,1849,1800,1984,1849,1800,1984,1849,1800,1984,-49,135,49,135,FALSE,FALSE
931,23,1687,1661,1822,1687,1661,1822,1687,1661,1822,-26,135,26,135,FALSE,FALSE
931,24,1532,1507,1669,1532,1507,1669,1532,1507,1669,-25,137,25,137,FALSE,FALSE
931,25,1386,1354,1532,1386,1354,1532,1386,1354,1532,-32,146,32,146,FALSE,FALSE
931,26,1250,1226,1383,1250,1226,1383,1250,1226,1383,-24,133,24,133,FALSE,FALSE
931,27,1108,1095,1246,1108,1095,1246,1108,1095,1246,-13,138,13,138,FALSE,FALSE
931,28,996,1003,1134,996,1003,1134,996,1003,1134,7,138,7,138,FALSE,FALSE
931,29,879,913,1029,879,913,1029,879,913,1029,34,150,34,150,FALSE,FALSE
931,30,785,819,926,785,819,926,785,819,926,34,141,34,141,FALSE,FALSE
931,31,687,747,829,687,747,829,687,747,829,60,142,60,142,FALSE,FALSE
931,32,593,644,740,593,644,740,593,644,740,51,147,51,147,FALSE,FALSE
931,33,544,559,677,544,559,677,544,559,677,15,133,15,133,FALSE,FALSE
931,34,486,495,606,486,495,606,486,495,606,9,120,9,120,FALSE,FALSE
931,35,442,449,536,442,449,536,442,449,536,7,94,7,94,FALSE,FALSE
931,36,399,405,484,399,405,484,399,405,484,6,85,6,85,FALSE,FALSE
931,37,357,360,440,357,360,440,357,360,440,3,83,3,83,FALSE,FALSE
931,38,325,335,396,325,335,396,325,335,396,10,71,10,71,FALSE,FALSE
931,39,282,293,355,282,293,355,282,293,355,11,73,11,73,FALSE,FALSE
931,40,256,261,315,256,261,315,256,261,315,5,59,5,59,FALSE,FALSE
931,41,222,222,278,222,222,278,222,222,278,0,56,0,56,TRUE,FALSE
931,42,204,198,242,204,198,242,204,198,242,-6,38,6,38,FALSE,FALSE
931,43,185,183,223,185,183,223,185,183,223,-2,38,2,38,FALSE,FALSE
931,44,170,160,197,170,160,197,170,160,197,-10,27,10,27,FALSE,FALSE
931,45,151,147,167,151,147,167,151,147,167,-4,16,4,16,FALSE,FALSE
931,46,130,128,144,130,128,144,130,128,144,-2,14,2,14,FALSE,FALSE
931,47,121,105,121,121,105,121,121,105,121,-16,0,16,0,FALSE,TRUE
931,48,105,94,112,105,94,112,105,94,112,-11,7,11,7,FALSE,FALSE
931,49,94,90,99,94,90,99,94,90,99,-4,5,4,5,FALSE,FALSE
931,50,86,83,89,86,83,89,86,83,89,-3,3,3,3,FALSE,FALSE
931,51,81,72,82,81,72,82,81,72,82,-9,1,9,1,FALSE,FALSE
931,52,71,67,78,71,67,78,71,67,78,-4,7,4,7,FALSE,FALSE
931,53,69,59,73,69,59,73,69,59,73,-10,4,10,4,FALSE,FALSE
931,54,58,55,69,58,55,69,58,55,69,-3,11,3,11,FALSE,FALSE
931,55,53,47,64,53,47,64,53,47,64,-6,11,6,11,FALSE,FALSE
931,56,47,45,57,47,45,57,47,45,57,-2,10,2,10,FALSE,FALSE
931,57,41,41,53,41,41,53,41,41,53,0,12,0,12,TRUE,FALSE
931,58,35,37,49,35,37,49,35,37,49,2,14,2,14,FALSE,FALSE
931,59,32,35,42,32,35,42,32,35,42,3,10,3,10,FALSE,FALSE
931,60,29,29,39,29,29,39,29,29,39,0,10,0,10,TRUE,FALSE
932,0,103,103,103,103,103,103,103,103,103,0,0,0,0,TRUE,TRUE
932,1,109,112,111,109,112,111,109,112,111,3,2,3,2,FALSE,FALSE
932,2,117,114,118,117,114,118,117,114,118,-3,1,3,1,FALSE,FALSE
932,3,124,116,115,124,116,115,124,116,115,-8,-9,8,9,FALSE,FALSE
932,4,119,112,110,119,112,110,119,112,110,-7,-9,7,9,FALSE,FALSE
932,5,115,115,109,115,115,109,115,115,109,0,-6,0,6,TRUE,FALSE
932,6,105,111,111,105,111,111,105,111,111,6,6,6,6,FALSE,FALSE
932,7,107,112,109,107,112,109,107,112,109,5,2,5,2,FALSE,FALSE
932,8,111,113,115,111,113,115,111,113,115,2,4,2,4,FALSE,FALSE
932,9,116,121,114,116,121,114,116,121,114,5,-2,5,2,FALSE,FALSE
932,10,118,134,112,118,134,112,118,134,112,16,-6,16,6,FALSE,FALSE
932,11,124,141,118,124,141,118,124,141,118,17,-6,17,6,FALSE,FALSE
932,12,119,148,125,119,148,125,119,148,125,29,6,29,6,FALSE,FALSE
932,13,124,155,132,124,155,132,124,155,132,31,8,31,8,FALSE,FALSE
932,14,133,169,136,133,169,136,133,169,136,36,3,36,3,FALSE,FALSE
932,15,134,173,134,134,173,134,134,173,134,39,0,39,0,FALSE,TRUE
932,16,135,166,130,135,166,130,135,166,130,31,-5,31,5,FALSE,FALSE
932,17,142,179,132,142,179,132,142,179,132,37,-10,37,10,FALSE,FALSE
932,18,150,185,144,150,185,144,150,185,144,35,-6,35,6,FALSE,FALSE
932,19,156,195,151,156,195,151,156,195,151,39,-5,39,5,FALSE,FALSE
932,20,167,197,156,167,197,156,167,197,156,30,-11,30,11,FALSE,FALSE
932,21,167,206,162,167,206,162,167,206,162,39,-5,39,5,FALSE,FALSE
932,22,165,212,171,165,212,171,165,212,171,47,6,47,6,FALSE,FALSE
932,23,160,219,180,160,219,180,160,219,180,59,20,59,20,FALSE,FALSE
932,24,159,235,179,159,235,179,159,235,179,76,20,76,20,FALSE,FALSE
932,25,167,238,186,167,238,186,167,238,186,71,19,71,19,FALSE,FALSE
932,26,182,240,187,182,240,187,182,240,187,58,5,58,5,FALSE,FALSE
932,27,191,235,183,191,235,183,191,235,183,44,-8,44,8,FALSE,FALSE
932,28,203,251,183,203,251,183,203,251,183,48,-20,48,20,FALSE,FALSE
932,29,212,249,178,212,249,178,212,249,178,37,-34,37,34,FALSE,FALSE
932,30,227,251,186,227,251,186,227,251,186,24,-41,24,41,FALSE,FALSE
932,31,237,260,182,237,260,182,237,260,182,23,-55,23,55,FALSE,FALSE
932,32,242,266,181,242,266,181,242,266,181,24,-61,24,61,FALSE,FALSE
932,33,253,251,179,253,251,179,253,251,179,-2,-74,2,74,FALSE,FALSE
932,34,277,267,175,277,267,175,277,267,175,-10,-102,10,102,FALSE,FALSE
932,35,282,264,177,282,264,177,282,264,177,-18,-105,18,105,FALSE,FALSE
932,36,283,266,172,283,266,172,283,266,172,-17,-111,17,111,FALSE,FALSE
932,37,295,271,166,295,271,166,295,271,166,-24,-129,24,129,FALSE,FALSE
932,38,299,284,172,299,284,172,299,284,172,-15,-127,15,127,FALSE,FALSE
932,39,302,285,175,302,285,175,302,285,175,-17,-127,17,127,FALSE,FALSE
932,40,301,287,173,301,287,173,301,287,173,-14,-128,14,128,FALSE,FALSE
932,41,287,289,174,287,289,174,287,289,174,2,-113,2,113,FALSE,FALSE
932,42,288,294,171,288,294,171,288,294,171,6,-117,6,117,FALSE,FALSE
932,43,276,300,175,276,300,175,276,300,175,24,-101,24,101,FALSE,FALSE
932,44,270,305,180,270,305,180,270,305,180,35,-90,35,90,FALSE,FALSE
932,45,272,323,189,272,323,189,272,323,189,51,-83,51,83,FALSE,FALSE
932,46,281,321,201,281,321,201,281,321,201,40,-80,40,80,FALSE,FALSE
932,47,279,328,211,279,328,211,279,328,211,49,-68,49,68,FALSE,FALSE
932,48,286,331,217,286,331,217,286,331,217,45,-69,45,69,FALSE,FALSE
932,49,276,325,221,276,325,221,276,325,221,49,-55,49,55,FALSE,FALSE
932,50,294,340,220,294,340,220,294,340,220,46,-74,46,74,FALSE,FALSE
932,51,294,342,223,294,342,223,294,342,223,48,-71,48,71,FALSE,FALSE
932,52,287,346,244,287,346,244,287,346,244,59,-43,59,43,FALSE,FALSE
932,53,293,354,253,293,354,253,293,354,253,61,-40,61,40,FALSE,FALSE
932,54,294,344,252,294,344,252,294,344,252,50,-42,50,42,FALSE,FALSE
932,55,283,344,256,283,344,256,283,344,256,61,-27,61,27,FALSE,FALSE
932,56,289,345,255,289,345,255,289,345,255,56,-34,56,34,FALSE,FALSE
932,57,295,345,261,295,345,261,295,345,261,50,-34,50,34,FALSE,FALSE
932,58,285,348,274,285,348,274,285,348,274,63,-11,63,11,FALSE,FALSE
932,59,312,347,279,312,347,279,312,347,279,35,-33,35,33,FALSE,FALSE
932,60,300,352,273,300,352,273,300,352,273,52,-27,52,27,FALSE,FALSE
933,0,46,46,46,46,46,46,46,46,46,0,0,0,0,TRUE,TRUE
933,1,59,55,70,59,55,70,59,55,70,-4,11,4,11,FALSE,FALSE
933,2,80,73,99,80,73,99,80,73,99,-7,19,7,19,FALSE,FALSE
933,3,100,94,131,100,94,131,100,94,131,-6,31,6,31,FALSE,FALSE
933,4,140,128,177,140,128,177,140,128,177,-12,37,12,37,FALSE,FALSE
933,5,199,170,227,199,170,227,199,170,227,-29,28,29,28,FALSE,FALSE
933,6,240,251,278,240,251,278,240,251,278,11,38,11,38,FALSE,FALSE
933,7,296,322,333,296,322,333,296,322,333,26,37,26,37,FALSE,FALSE
933,8,422,406,405,422,406,405,422,406,405,-16,-17,16,17,FALSE,FALSE
933,9,549,521,519,549,521,519,549,521,519,-28,-30,28,30,FALSE,FALSE
933,10,674,676,668,674,676,668,674,676,668,2,-6,2,6,FALSE,FALSE
933,11,838,855,784,838,855,784,838,855,784,17,-54,17,54,FALSE,FALSE
933,12,993,1011,948,993,1011,948,993,1011,948,18,-45,18,45,FALSE,FALSE
933,13,1166,1187,1100,1166,1187,1100,1166,1187,1100,21,-66,21,66,FALSE,FALSE
933,14,1310,1340,1235,1310,1340,1235,1310,1340,1235,30,-75,30,75,FALSE,FALSE
933,15,1397,1407,1356,1397,1407,1356,1397,1407,1356,10,-41,10,41,FALSE,FALSE
933,16,1458,1470,1420,1458,1470,1420,1458,1470,1420,12,-38,12,38,FALSE,FALSE
933,17,1485,1530,1478,1485,1530,1478,1485,1530,1478,45,-7,45,7,FALSE,FALSE
933,18,1501,1533,1497,1501,1533,1497,1501,1533,1497,32,-4,32,4,FALSE,FALSE
933,19,1478,1519,1474,1478,1519,1474,1478,1519,1474,41,-4,41,4,FALSE,FALSE
933,20,1415,1481,1433,1415,1481,1433,1415,1481,1433,66,18,66,18,FALSE,FALSE
933,21,1328,1380,1304,1328,1380,1304,1328,1380,1304,52,-24,52,24,FALSE,FALSE
933,22,1196,1242,1196,1196,1242,1196,1196,1242,1196,46,0,46,0,FALSE,TRUE
933,23,1083,1094,1110,1083,1094,1110,1083,1094,1110,11,27,11,27,FALSE,FALSE
933,24,983,939,1017,983,939,1017,983,939,1017,-44,34,44,34,FALSE,FALSE
933,25,867,803,908,867,803,908,867,803,908,-64,41,64,41,FALSE,FALSE
933,26,763,707,795,763,707,795,763,707,795,-56,32,56,32,FALSE,FALSE
933,27,663,627,676,663,627,676,663,627,676,-36,13,36,13,FALSE,FALSE
933,28,590,563,599,590,563,599,590,563,599,-27,9,27,9,FALSE,FALSE
933,29,526,477,519,526,477,519,526,477,519,-49,-7,49,7,FALSE,FALSE
933,30,471,418,436,471,418,436,471,418,436,-53,-35,53,35,FALSE,FALSE
933,31,395,367,371,395,367,371,395,367,371,-28,-24,28,24,FALSE,FALSE
933,32,331,307,323,331,307,323,331,307,323,-24,-8,24,8,FALSE,FALSE
933,33,290,255,274,290,255,274,290,255,274,-35,-16,35,16,FALSE,FALSE
933,34,249,227,222,249,227,222,249,227,222,-22,-27,22,27,FALSE,FALSE
933,35,212,193,184,212,193,184,212,193,184,-19,-28,19,28,FALSE,FALSE
933,36,191,164,163,191,164,163,191,164,163,-27,-28,27,28,FALSE,FALSE
933,37,164,136,139,164,136,139,164,136,139,-28,-25,28,25,FALSE,FALSE
933,38,131,111,127,131,111,127,131,111,127,-20,-4,20,4,FALSE,FALSE
933,39,116,91,105,116,91,105,116,91,105,-25,-11,25,11,FALSE,FALSE
933,40,98,70,81,98,70,81,98,70,81,-28,-17,28,17,FALSE,FALSE
933,41,78,59,63,78,59,63,78,59,63,-19,-15,19,15,FALSE,FALSE
933,42,65,49,57,65,49,57,65,49,57,-16,-8,16,8,FALSE,FALSE
933,43,52,49,50,52,49,50,52,49,50,-3,-2,3,2,FALSE,FALSE
933,44,45,41,39,45,41,39,45,41,39,-4,-6,4,6,FALSE,FALSE
933,45,43,35,36,43,35,36,43,35,36,-8,-7,8,7,FALSE,FALSE
933,46,38,30,28,38,30,28,38,30,28,-8,-10,8,10,FALSE,FALSE
933,47,37,26,23,37,26,23,37,26,23,-11,-14,11,14,FALSE,FALSE
933,48,30,22,21,30,22,21,30,22,21,-8,-9,8,9,FALSE,FALSE
933,49,26,18,19,26,18,19,26,18,19,-8,-7,8,7,FALSE,FALSE
933,50,26,14,15,26,14,15,26,14,15,-12,-11,12,11,FALSE,FALSE
933,51,25,14,15,25,14,15,25,14,15,-11,-10,11,10,FALSE,FALSE
933,52,22,13,13,22,13,13,22,13,13,-9,-9,9,9,FALSE,FALSE
933,53,18,8,13,18,8,13,18,8,13,-10,-5,10,5,FALSE,FALSE
933,54,17,9,13,17,9,13,17,9,13,-8,-4,8,4,FALSE,FALSE
933,55,12,5,10,12,5,10,12,5,10,-7,-2,7,2,FALSE,FALSE
933,56,10,2,7,10,2,7,10,2,7,-8,-3,8,3,FALSE,FALSE
933,57,10,2,5,10,2,5,10,2,5,-8,-5,8,5,FALSE,FALSE
933,58,9,2,4,9,2,4,9,2,4,-7,-5,7,5,FALSE,FALSE
933,59,5,2,3,5,2,3,5,2,3,-3,-2,3,2,FALSE,FALSE
933,60,4,2,3,4,2,3,4,2,3,-2,-1,2,1,FALSE,FALSE
934,0,173,173,173,173,173,173,173,173,173,0,0,0,0,TRUE,TRUE
934,1,232,244,243,232,244,243,232,244,243,12,11,12,11,FALSE,FALSE
934,2,310,309,343,310,309,343,310,309,343,-1,33,1,33,FALSE,FALSE
934,3,418,420,457,418,420,457,418,420,457,2,39,2,39,FALSE,FALSE
934,4,559,555,608,559,555,608,559,555,608,-4,49,4,49,FALSE,FALSE
934,5,733,759,828,733,759,828,733,759,828,26,95,26,95,FALSE,FALSE
934,6,918,988,1110,918,988,1110,918,988,1110,70,192,70,192,FALSE,FALSE
934,7,1170,1242,1383,1170,1242,1383,1170,1242,1383,72,213,72,213,FALSE,FALSE
934,8,1453,1566,1747,1453,1566,1747,1453,1566,1747,113,294,113,294,FALSE,FALSE
934,9,1715,1885,2025,1715,1885,2025,1715,1885,2025,170,310,170,310,FALSE,FALSE
934,10,1996,2084,2247,1996,2084,2247,1996,2084,2247,88,251,88,251,FALSE,FALSE
934,11,2214,2248,2454,2214,2248,2454,2214,2248,2454,34,240,34,240,FALSE,FALSE
934,12,2349,2360,2492,2349,2360,2492,2349,2360,2492,11,143,11,143,FALSE,FALSE
934,13,2373,2470,2567,2373,2470,2567,2373,2470,2567,97,194,97,194,FALSE,FALSE
934,14,2349,2478,2496,2349,2478,2496,2349,2478,2496,129,147,129,147,FALSE,FALSE
934,15,2286,2392,2342,2286,2392,2342,2286,2392,2342,106,56,106,56,FALSE,FALSE
934,16,2123,2248,2110,2123,2248,2110,2123,2248,2110,125,-13,125,13,FALSE,FALSE
934,17,2006,2038,1949,2006,2038,1949,2006,2038,1949,32,-57,32,57,FALSE,FALSE
934,18,1830,1834,1712,1830,1834,1712,1830,1834,1712,4,-118,4,118,FALSE,FALSE
934,19,1633,1616,1499,1633,1616,1499,1633,1616,1499,-17,-134,17,134,FALSE,FALSE
934,20,1470,1418,1284,1470,1418,1284,1470,1418,1284,-52,-186,52,186,FALSE,FALSE
934,21,1271,1226,1102,1271,1226,1102,1271,1226,1102,-45,-169,45,169,FALSE,FALSE
934,22,1066,1032,941,1066,1032,941,1066,1032,941,-34,-125,34,125,FALSE,FALSE
934,23,932,890,807,932,890,807,932,890,807,-42,-125,42,125,FALSE,FALSE
934,24,796,765,664,796,765,664,796,765,664,-31,-132,31,132,FALSE,FALSE
934,25,672,664,562,672,664,562,672,664,562,-8,-110,8,110,FALSE,FALSE
934,26,577,571,475,577,571,475,577,571,475,-6,-102,6,102,FALSE,FALSE
934,27,505,474,386,505,474,386,505,474,386,-31,-119,31,119,FALSE,FALSE
934,28,422,394,329,422,394,329,422,394,329,-28,-93,28,93,FALSE,FALSE
934,29,350,342,266,350,342,266,350,342,266,-8,-84,8,84,FALSE,FALSE
934,30,297,273,218,297,273,218,297,273,218,-24,-79,24,79,FALSE,FALSE
934,31,247,218,177,247,218,177,247,218,177,-29,-70,29,70,FALSE,FALSE
934,32,207,178,145,207,178,145,207,178,145,-29,-62,29,62,FALSE,FALSE
934,33,176,157,123,176,157,123,176,157,123,-19,-53,19,53,FALSE,FALSE
934,34,152,118,90,152,118,90,152,118,90,-34,-62,34,62,FALSE,FALSE
934,35,136,104,72,136,104,72,136,104,72,-32,-64,32,64,FALSE,FALSE
934,36,105,83,59,105,83,59,105,83,59,-22,-46,22,46,FALSE,FALSE
934,37,93,65,49,93,65,49,93,65,49,-28,-44,28,44,FALSE,FALSE
934,38,81,58,39,81,58,39,81,58,39,-23,-42,23,42,FALSE,FALSE
934,39,68,50,36,68,50,36,68,50,36,-18,-32,18,32,FALSE,FALSE
934,40,53,40,31,53,40,31,53,40,31,-13,-22,13,22,FALSE,FALSE
934,41,44,34,28,44,34,28,44,34,28,-10,-16,10,16,FALSE,FALSE
934,42,41,25,25,41,25,25,41,25,25,-16,-16,16,16,FALSE,FALSE
934,43,40,21,25,40,21,25,40,21,25,-19,-15,19,15,FALSE,FALSE
934,44,34,17,18,34,17,18,34,17,18,-17,-16,17,16,FALSE,FALSE
934,45,31,16,14,31,16,14,31,16,14,-15,-17,15,17,FALSE,FALSE
934,46,29,15,13,29,15,13,29,15,13,-14,-16,14,16,FALSE,FALSE
934,47,22,13,12,22,13,12,22,13,12,-9,-10,9,10,FALSE,FALSE
934,48,18,9,9,18,9,9,18,9,9,-9,-9,9,9,FALSE,FALSE
934,49,15,6,8,15,6,8,15,6,8,-9,-7,9,7,FALSE,FALSE
934,50,12,5,7,12,5,7,12,5,7,-7,-5,7,5,FALSE,FALSE
934,51,10,3,7,10,3,7,10,3,7,-7,-3,7,3,FALSE,FALSE
934,52,9,3,7,9,3,7,9,3,7,-6,-2,6,2,FALSE,FALSE
934,53,7,2,6,7,2,6,7,2,6,-5,-1,5,1,FALSE,FALSE
934,54,6,0,4,6,0,4,6,0,4,-6,-2,6,2,FALSE,FALSE
934,55,4,0,3,4,0,3,4,0,3,-4,-1,4,1,FALSE,FALSE
934,56,3,0,3,3,0,3,3,0,3,-3,0,3,0,FALSE,TRUE
934,57,2,0,2,2,0,2,2,0,2,-2,0,2,0,FALSE,TRUE
934,58,2,0,2,2,0,2,2,0,2,-2,0,2,0,FALSE,TRUE
934,59,2,0,2,2,0,2,2,0,2,-2,0,2,0,FALSE,TRUE
934,60,1,0,2,1,0,2,1,0,2,-1,1,1,1,FALSE,FALSE
935,0,108,108,108,108,108,108,108,108,108,0,0,0,0,TRUE,TRUE
935,1,104,111,105,104,111,105,104,111,105,7,1,7,1,FALSE,FALSE
935,2,111,120,102,111,120,102,111,120,102,9,-9,9,9,FALSE,FALSE
935,3,119,117,105,119,117,105,119,117,105,-2,-14,2,14,FALSE,FALSE
935,4,122,126,110,122,126,110,122,126,110,4,-12,4,12,FALSE,FALSE
935,5,132,139,111,132,139,111,132,139,111,7,-21,7,21,FALSE,FALSE
935,6,133,151,112,133,151,112,133,151,112,18,-21,18,21,FALSE,FALSE
935,7,134,158,119,134,158,119,134,158,119,24,-15,24,15,FALSE,FALSE
935,8,139,172,119,139,172,119,139,172,119,33,-20,33,20,FALSE,FALSE
935,9,142,178,118,142,178,118,142,178,118,36,-24,36,24,FALSE,FALSE
935,10,142,182,124,142,182,124,142,182,124,40,-18,40,18,FALSE,FALSE
935,11,144,180,127,144,180,127,144,180,127,36,-17,36,17,FALSE,FALSE
935,12,151,185,132,151,185,132,151,185,132,34,-19,34,19,FALSE,FALSE
935,13,163,183,136,163,183,136,163,183,136,20,-27,20,27,FALSE,FALSE
935,14,173,182,153,173,182,153,173,182,153,9,-20,9,20,FALSE,FALSE
935,15,186,192,158,186,192,158,186,192,158,6,-28,6,28,FALSE,FALSE
935,16,194,196,174,194,196,174,194,196,174,2,-20,2,20,FALSE,FALSE
935,17,201,203,181,201,203,181,201,203,181,2,-20,2,20,FALSE,FALSE
935,18,195,222,176,195,222,176,195,222,176,27,-19,27,19,FALSE,FALSE
935,19,202,237,189,202,237,189,202,237,189,35,-13,35,13,FALSE,FALSE
935,20,225,233,193,225,233,193,225,233,193,8,-32,8,32,FALSE,FALSE
935,21,234,246,192,234,246,192,234,246,192,12,-42,12,42,FALSE,FALSE
935,22,258,248,190,258,248,190,258,248,190,-10,-68,10,68,FALSE,FALSE
935,23,256,261,200,256,261,200,256,261,200,5,-56,5,56,FALSE,FALSE
935,24,268,273,210,268,273,210,268,273,210,5,-58,5,58,FALSE,FALSE
935,25,268,278,214,268,278,214,268,278,214,10,-54,10,54,FALSE,FALSE
935,26,264,285,214,264,285,214,264,285,214,21,-50,21,50,FALSE,FALSE
935,27,282,272,216,282,272,216,282,272,216,-10,-66,10,66,FALSE,FALSE
935,28,291,299,222,291,299,222,291,299,222,8,-69,8,69,FALSE,FALSE
935,29,302,292,203,302,292,203,302,292,203,-10,-99,10,99,FALSE,FALSE
935,30,310,305,211,310,305,211,310,305,211,-5,-99,5,99,FALSE,FALSE
935,31,314,295,220,314,295,220,314,295,220,-19,-94,19,94,FALSE,FALSE
935,32,308,289,235,308,289,235,308,289,235,-19,-73,19,73,FALSE,FALSE
935,33,320,286,246,320,286,246,320,286,246,-34,-74,34,74,FALSE,FALSE
935,34,311,285,239,311,285,239,311,285,239,-26,-72,26,72,FALSE,FALSE
935,35,318,297,234,318,297,234,318,297,234,-21,-84,21,84,FALSE,FALSE
935,36,330,295,245,330,295,245,330,295,245,-35,-85,35,85,FALSE,FALSE
935,37,316,302,255,316,302,255,316,302,255,-14,-61,14,61,FALSE,FALSE
935,38,317,301,262,317,301,262,317,301,262,-16,-55,16,55,FALSE,FALSE
935,39,320,310,260,320,310,260,320,310,260,-10,-60,10,60,FALSE,FALSE
935,40,325,301,261,325,301,261,325,301,261,-24,-64,24,64,FALSE,FALSE
935,41,316,300,253,316,300,253,316,300,253,-16,-63,16,63,FALSE,FALSE
935,42,313,315,252,313,315,252,313,315,252,2,-61,2,61,FALSE,FALSE
935,43,317,323,262,317,323,262,317,323,262,6,-55,6,55,FALSE,FALSE
935,44,298,318,252,298,318,252,298,318,252,20,-46,20,46,FALSE,FALSE
935,45,305,324,262,305,324,262,305,324,262,19,-43,19,43,FALSE,FALSE
935,46,297,337,261,297,337,261,297,337,261,40,-36,40,36,FALSE,FALSE
935,47,287,339,252,287,339,252,287,339,252,52,-35,52,35,FALSE,FALSE
935,48,270,328,254,270,328,254,270,328,254,58,-16,58,16,FALSE,FALSE
935,49,259,326,252,259,326,252,259,326,252,67,-7,67,7,FALSE,FALSE
935,50,259,328,245,259,328,245,259,328,245,69,-14,69,14,FALSE,FALSE
935,51,261,326,226,261,326,226,261,326,226,65,-35,65,35,FALSE,FALSE
935,52,249,317,219,249,317,219,249,317,219,68,-30,68,30,FALSE,FALSE
935,53,238,311,216,238,311,216,238,311,216,73,-22,73,22,FALSE,FALSE
935,54,234,307,211,234,307,211,234,307,211,73,-23,73,23,FALSE,FALSE
935,55,226,302,214,226,302,214,226,302,214,76,-12,76,12,FALSE,FALSE
935,56,234,302,214,234,302,214,234,302,214,68,-20,68,20,FALSE,FALSE
935,57,215,298,216,215,298,216,215,298,216,83,1,83,1,FALSE,FALSE
935,58,206,298,223,206,298,223,206,298,223,92,17,92,17,FALSE,FALSE
935,59,208,288,220,208,288,220,208,288,220,80,12,80,12,FALSE,FALSE
935,60,205,268,219,205,268,219,205,268,219,63,14,63,14,FALSE,FALSE
936,0,143,143,143,143,143,143,143,143,143,0,0,0,0,TRUE,TRUE
936,1,161,168,162,161,168,162,161,168,162,7,1,7,1,FALSE,FALSE
936,2,190,192,181,190,192,181,190,192,181,2,-9,2,9,FALSE,FALSE
936,3,202,218,198,202,218,198,202,218,198,16,-4,16,4,FALSE,FALSE
936,4,228,251,225,228,251,225,228,251,225,23,-3,23,3,FALSE,FALSE
936,5,244,279,256,244,279,256,244,279,256,35,12,35,12,FALSE,FALSE
936,6,282,325,279,282,325,279,282,325,279,43,-3,43,3,FALSE,FALSE
936,7,326,367,306,326,367,306,326,367,306,41,-20,41,20,FALSE,FALSE
936,8,365,411,340,365,411,340,365,411,340,46,-25,46,25,FALSE,FALSE
936,9,431,442,385,431,442,385,431,442,385,11,-46,11,46,FALSE,FALSE
936,10,488,482,417,488,482,417,488,482,417,-6,-71,6,71,FALSE,FALSE
936,11,522,533,441,522,533,441,522,533,441,11,-81,11,81,FALSE,FALSE
936,12,577,584,483,577,584,483,577,584,483,7,-94,7,94,FALSE,FALSE
936,13,615,618,539,615,618,539,615,618,539,3,-76,3,76,FALSE,FALSE
936,14,678,672,600,678,672,600,678,672,600,-6,-78,6,78,FALSE,FALSE
936,15,733,716,646,733,716,646,733,716,646,-17,-87,17,87,FALSE,FALSE
936,16,807,775,685,807,775,685,807,775,685,-32,-122,32,122,FALSE,FALSE
936,17,874,816,755,874,816,755,874,816,755,-58,-119,58,119,FALSE,FALSE
936,18,964,897,844,964,897,844,964,897,844,-67,-120,67,120,FALSE,FALSE
936,19,1044,955,915,1044,955,915,1044,955,915,-89,-129,89,129,FALSE,FALSE
936,20,1139,1029,979,1139,1029,979,1139,1029,979,-110,-160,110,160,FALSE,FALSE
936,21,1233,1120,1050,1233,1120,1050,1233,1120,1050,-113,-183,113,183,FALSE,FALSE
936,22,1291,1191,1101,1291,1191,1101,1291,1191,1101,-100,-190,100,190,FALSE,FALSE
936,23,1387,1255,1183,1387,1255,1183,1387,1255,1183,-132,-204,132,204,FALSE,FALSE
936,24,1407,1316,1258,1407,1316,1258,1407,1316,1258,-91,-149,91,149,FALSE,FALSE
936,25,1507,1395,1309,1507,1395,1309,1507,1395,1309,-112,-198,112,198,FALSE,FALSE
936,26,1596,1467,1354,1596,1467,1354,1596,1467,1354,-129,-242,129,242,FALSE,FALSE
936,27,1616,1504,1395,1616,1504,1395,1616,1504,1395,-112,-221,112,221,FALSE,FALSE
936,28,1664,1557,1429,1664,1557,1429,1664,1557,1429,-107,-235,107,235,FALSE,FALSE
936,29,1715,1613,1513,1715,1613,1513,1715,1613,1513,-102,-202,102,202,FALSE,FALSE
936,30,1760,1616,1529,1760,1616,1529,1760,1616,1529,-144,-231,144,231,FALSE,FALSE
936,31,1777,1611,1583,1777,1611,1583,1777,1611,1583,-166,-194,166,194,FALSE,FALSE
936,32,1771,1666,1606,1771,1666,1606,1771,1666,1606,-105,-165,105,165,FALSE,FALSE
936,33,1762,1689,1599,1762,1689,1599,1762,1689,1599,-73,-163,73,163,FALSE,FALSE
936,34,1751,1680,1605,1751,1680,1605,1751,1680,1605,-71,-146,71,146,FALSE,FALSE
936,35,1766,1683,1615,1766,1683,1615,1766,1683,1615,-83,-151,83,151,FALSE,FALSE
936,36,1772,1643,1621,1772,1643,1621,1772,1643,1621,-129,-151,129,151,FALSE,FALSE
936,37,1750,1657,1635,1750,1657,1635,1750,1657,1635,-93,-115,93,115,FALSE,FALSE
936,38,1737,1646,1603,1737,1646,1603,1737,1646,1603,-91,-134,91,134,FALSE,FALSE
936,39,1696,1590,1596,1696,1590,1596,1696,1590,1596,-106,-100,106,100,FALSE,FALSE
936,40,1650,1554,1568,1650,1554,1568,1650,1554,1568,-96,-82,96,82,FALSE,FALSE
936,41,1601,1520,1560,1601,1520,1560,1601,1520,1560,-81,-41,81,41,FALSE,FALSE
936,42,1532,1489,1510,1532,1489,1510,1532,1489,1510,-43,-22,43,22,FALSE,FALSE
936,43,1454,1440,1476,1454,1440,1476,1454,1440,1476,-14,22,14,22,FALSE,FALSE
936,44,1437,1401,1433,1437,1401,1433,1437,1401,1433,-36,-4,36,4,FALSE,FALSE
936,45,1408,1324,1420,1408,1324,1420,1408,1324,1420,-84,12,84,12,FALSE,FALSE
936,46,1356,1281,1360,1356,1281,1360,1356,1281,1360,-75,4,75,4,FALSE,FALSE
936,47,1300,1209,1292,1300,1209,1292,1300,1209,1292,-91,-8,91,8,FALSE,FALSE
936,48,1250,1133,1251,1250,1133,1251,1250,1133,1251,-117,1,117,1,FALSE,FALSE
936,49,1194,1061,1210,1194,1061,1210,1194,1061,1210,-133,16,133,16,FALSE,FALSE
936,50,1126,1000,1160,1126,1000,1160,1126,1000,1160,-126,34,126,34,FALSE,FALSE
936,51,1066,959,1090,1066,959,1090,1066,959,1090,-107,24,107,24,FALSE,FALSE
936,52,1008,937,1039,1008,937,1039,1008,937,1039,-71,31,71,31,FALSE,FALSE
936,53,939,868,993,939,868,993,939,868,993,-71,54,71,54,FALSE,FALSE
936,54,884,802,955,884,802,955,884,802,955,-82,71,82,71,FALSE,FALSE
936,55,833,744,897,833,744,897,833,744,897,-89,64,89,64,FALSE,FALSE
936,56,789,696,848,789,696,848,789,696,848,-93,59,93,59,FALSE,FALSE
936,57,756,665,815,756,665,815,756,665,815,-91,59,91,59,FALSE,FALSE
936,58,723,624,766,723,624,766,723,624,766,-99,43,99,43,FALSE,FALSE
936,59,699,593,720,699,593,720,699,593,720,-106,21,106,21,FALSE,FALSE
936,60,649,562,668,649,562,668,649,562,668,-87,19,87,19,FALSE,FALSE
937,0,105,105,105,105,105,105,105,105,105,0,0,0,0,TRUE,TRUE
937,1,118,112,121,118,112,121,118,112,121,-6,3,6,3,FALSE,FALSE
937,2,148,117,132,148,117,132,148,117,132,-31,-16,31,16,FALSE,FALSE
937,3,166,125,154,166,125,154,166,125,154,-41,-12,41,12,FALSE,FALSE
937,4,178,120,176,178,120,176,178,120,176,-58,-2,58,2,FALSE,FALSE
937,5,209,136,198,209,136,198,209,136,198,-73,-11,73,11,FALSE,FALSE
937,6,222,152,211,222,152,211,222,152,211,-70,-11,70,11,FALSE,FALSE
937,7,241,166,237,241,166,237,241,166,237,-75,-4,75,4,FALSE,FALSE
937,8,277,176,273,277,176,273,277,176,273,-101,-4,101,4,FALSE,FALSE
937,9,295,191,307,295,191,307,295,191,307,-104,12,104,12,FALSE,FALSE
937,10,321,230,315,321,230,315,321,230,315,-91,-6,91,6,FALSE,FALSE
937,11,353,261,347,353,261,347,353,261,347,-92,-6,92,6,FALSE,FALSE
937,12,385,275,379,385,275,379,385,275,379,-110,-6,110,6,FALSE,FALSE
937,13,425,287,407,425,287,407,425,287,407,-138,-18,138,18,FALSE,FALSE
937,14,470,318,428,470,318,428,470,318,428,-152,-42,152,42,FALSE,FALSE
937,15,514,347,448,514,347,448,514,347,448,-167,-66,167,66,FALSE,FALSE
937,16,552,369,469,552,369,469,552,369,469,-183,-83,183,83,FALSE,FALSE
937,17,553,404,492,553,404,492,553,404,492,-149,-61,149,61,FALSE,FALSE
937,18,602,406,500,602,406,500,602,406,500,-196,-102,196,102,FALSE,FALSE
937,19,611,428,518,611,428,518,611,428,518,-183,-93,183,93,FALSE,FALSE
937,20,656,483,524,656,483,524,656,483,524,-173,-132,173,132,FALSE,FALSE
937,21,663,527,528,663,527,528,663,527,528,-136,-135,136,135,FALSE,FALSE
937,22,656,540,539,656,540,539,656,540,539,-116,-117,116,117,FALSE,FALSE
937,23,658,571,565,658,571,565,658,571,565,-87,-93,87,93,FALSE,FALSE
937,24,659,596,552,659,596,552,659,596,552,-63,-107,63,107,FALSE,FALSE
937,25,660,600,552,660,600,552,660,600,552,-60,-108,60,108,FALSE,FALSE
937,26,652,645,545,652,645,545,652,645,545,-7,-107,7,107,FALSE,FALSE
937,27,646,630,542,646,630,542,646,630,542,-16,-104,16,104,FALSE,FALSE
937,28,608,619,522,608,619,522,608,619,522,11,-86,11,86,FALSE,FALSE
937,29,577,630,522,577,630,522,577,630,522,53,-55,53,55,FALSE,FALSE
937,30,543,601,506,543,601,506,543,601,506,58,-37,58,37,FALSE,FALSE
937,31,526,565,487,526,565,487,526,565,487,39,-39,39,39,FALSE,FALSE
937,32,483,555,479,483,555,479,483,555,479,72,-4,72,4,FALSE,FALSE
937,33,458,541,445,458,541,445,458,541,445,83,-13,83,13,FALSE,FALSE
937,34,433,496,410,433,496,410,433,496,410,63,-23,63,23,FALSE,FALSE
937,35,390,494,384,390,494,384,390,494,384,104,-6,104,6,FALSE,FALSE
937,36,354,463,370,354,463,370,354,463,370,109,16,109,16,FALSE,FALSE
937,37,341,441,344,341,441,344,341,441,344,100,3,100,3,FALSE,FALSE
937,38,322,442,317,322,442,317,322,442,317,120,-5,120,5,FALSE,FALSE
937,39,307,413,304,307,413,304,307,413,304,106,-3,106,3,FALSE,FALSE
937,40,293,392,274,293,392,274,293,392,274,99,-19,99,19,FALSE,FALSE
937,41,290,397,255,290,397,255,290,397,255,107,-35,107,35,FALSE,FALSE
937,42,266,363,247,266,363,247,266,363,247,97,-19,97,19,FALSE,FALSE
937,43,250,339,227,250,339,227,250,339,227,89,-23,89,23,FALSE,FALSE
937,44,237,319,205,237,319,205,237,319,205,82,-32,82,32,FALSE,FALSE
937,45,213,300,191,213,300,191,213,300,191,87,-22,87,22,FALSE,FALSE
937,46,195,276,187,195,276,187,195,276,187,81,-8,81,8,FALSE,FALSE
937,47,175,265,181,175,265,181,175,265,181,90,6,90,6,FALSE,FALSE
937,48,162,240,168,162,240,168,162,240,168,78,6,78,6,FALSE,FALSE
937,49,142,224,165,142,224,165,142,224,165,82,23,82,23,FALSE,FALSE
937,50,133,205,143,133,205,143,133,205,143,72,10,72,10,FALSE,FALSE
937,51,116,178,130,116,178,130,116,178,130,62,14,62,14,FALSE,FALSE
937,52,108,158,125,108,158,125,108,158,125,50,17,50,17,FALSE,FALSE
937,53,84,145,123,84,145,123,84,145,123,61,39,61,39,FALSE,FALSE
937,54,85,136,110,85,136,110,85,136,110,51,25,51,25,FALSE,FALSE
937,55,87,130,91,87,130,91,87,130,91,43,4,43,4,FALSE,FALSE
937,56,86,118,84,86,118,84,86,118,84,32,-2,32,2,FALSE,FALSE
937,57,81,119,70,81,119,70,81,119,70,38,-11,38,11,FALSE,FALSE
937,58,76,115,61,76,115,61,76,115,61,39,-15,39,15,FALSE,FALSE
937,59,67,99,56,67,99,56,67,99,56,32,-11,32,11,FALSE,FALSE
937,60,63,96,44,63,96,44,63,96,44,33,-19,33,19,FALSE,FALSE
938,0,95,95,95,95,95,95,95,95,95,0,0,0,0,TRUE,TRUE
938,1,94,100,104,94,100,104,94,100,104,6,10,6,10,FALSE,FALSE
938,2,99,95,115,99,95,115,99,95,115,-4,16,4,16,FALSE,FALSE
938,3,111,89,121,111,89,121,111,89,121,-22,10,22,10,FALSE,FALSE
938,4,119,90,132,119,90,132,119,90,132,-29,13,29,13,FALSE,FALSE
938,5,117,104,139,117,104,139,117,104,139,-13,22,13,22,FALSE,FALSE
938,6,121,104,148,121,104,148,121,104,148,-17,27,17,27,FALSE,FALSE
938,7,129,103,156,129,103,156,129,103,156,-26,27,26,27,FALSE,FALSE
938,8,138,100,162,138,100,162,138,100,162,-38,24,38,24,FALSE,FALSE
938,9,136,98,171,136,98,171,136,98,171,-38,35,38,35,FALSE,FALSE
938,10,145,105,178,145,105,178,145,105,178,-40,33,40,33,FALSE,FALSE
938,11,157,107,184,157,107,184,157,107,184,-50,27,50,27,FALSE,FALSE
938,12,162,104,186,162,104,186,162,104,186,-58,24,58,24,FALSE,FALSE
938,13,170,106,190,170,106,190,170,106,190,-64,20,64,20,FALSE,FALSE
938,14,176,113,206,176,113,206,176,113,206,-63,30,63,30,FALSE,FALSE
938,15,181,120,222,181,120,222,181,120,222,-61,41,61,41,FALSE,FALSE
938,16,195,117,229,195,117,229,195,117,229,-78,34,78,34,FALSE,FALSE
938,17,206,123,257,206,123,257,206,123,257,-83,51,83,51,FALSE,FALSE
938,18,206,130,277,206,130,277,206,130,277,-76,71,76,71,FALSE,FALSE
938,19,219,140,308,219,140,308,219,140,308,-79,89,79,89,FALSE,FALSE
938,20,221,142,331,221,142,331,221,142,331,-79,110,79,110,FALSE,FALSE
938,21,230,151,336,230,151,336,230,151,336,-79,106,79,106,FALSE,FALSE
938,22,238,153,354,238,153,354,238,153,354,-85,116,85,116,FALSE,FALSE
938,23,255,168,379,255,168,379,255,168,379,-87,124,87,124,FALSE,FALSE
938,24,259,177,400,259,177,400,259,177,400,-82,141,82,141,FALSE,FALSE
938,25,273,190,432,273,190,432,273,190,432,-83,159,83,159,FALSE,FALSE
938,26,282,210,465,282,210,465,282,210,465,-72,183,72,183,FALSE,FALSE
938,27,290,208,469,290,208,469,290,208,469,-82,179,82,179,FALSE,FALSE
938,28,313,221,465,313,221,465,313,221,465,-92,152,92,152,FALSE,FALSE
938,29,321,218,494,321,218,494,321,218,494,-103,173,103,173,FALSE,FALSE
938,30,348,221,517,348,221,517,348,221,517,-127,169,127,169,FALSE,FALSE
938,31,364,222,516,364,222,516,364,222,516,-142,152,142,152,FALSE,FALSE
938,32,378,242,513,378,242,513,378,242,513,-136,135,136,135,FALSE,FALSE
938,33,392,250,520,392,250,520,392,250,520,-142,128,142,128,FALSE,FALSE
938,34,407,260,530,407,260,530,407,260,530,-147,123,147,123,FALSE,FALSE
938,35,407,259,566,407,259,566,407,259,566,-148,159,148,159,FALSE,FALSE
938,36,406,259,577,406,259,577,406,259,577,-147,171,147,171,FALSE,FALSE
938,37,421,264,562,421,264,562,421,264,562,-157,141,157,141,FALSE,FALSE
938,38,414,267,567,414,267,567,414,267,567,-147,153,147,153,FALSE,FALSE
938,39,400,270,581,400,270,581,400,270,581,-130,181,130,181,FALSE,FALSE
938,40,407,279,575,407,279,575,407,279,575,-128,168,128,168,FALSE,FALSE
938,41,418,269,572,418,269,572,418,269,572,-149,154,149,154,FALSE,FALSE
938,42,427,261,566,427,261,566,427,261,566,-166,139,166,139,FALSE,FALSE
938,43,425,270,580,425,270,580,425,270,580,-155,155,155,155,FALSE,FALSE
938,44,433,275,586,433,275,586,433,275,586,-158,153,158,153,FALSE,FALSE
938,45,453,288,607,453,288,607,453,288,607,-165,154,165,154,FALSE,FALSE
938,46,478,287,620,478,287,620,478,287,620,-191,142,191,142,FALSE,FALSE
938,47,490,303,610,490,303,610,490,303,610,-187,120,187,120,FALSE,FALSE
938,48,499,315,616,499,315,616,499,315,616,-184,117,184,117,FALSE,FALSE
938,49,516,321,604,516,321,604,516,321,604,-195,88,195,88,FALSE,FALSE
938,50,510,312,592,510,312,592,510,312,592,-198,82,198,82,FALSE,FALSE
938,51,545,300,593,545,300,593,545,300,593,-245,48,245,48,FALSE,FALSE
938,52,559,307,592,559,307,592,559,307,592,-252,33,252,33,FALSE,FALSE
938,53,553,317,614,553,317,614,553,317,614,-236,61,236,61,FALSE,FALSE
938,54,579,300,609,579,300,609,579,300,609,-279,30,279,30,FALSE,FALSE
938,55,578,298,616,578,298,616,578,298,616,-280,38,280,38,FALSE,FALSE
938,56,591,299,604,591,299,604,591,299,604,-292,13,292,13,FALSE,FALSE
938,57,602,290,587,602,290,587,602,290,587,-312,-15,312,15,FALSE,FALSE
938,58,609,283,587,609,283,587,609,283,587,-326,-22,326,22,FALSE,FALSE
938,59,596,283,562,596,283,562,596,283,562,-313,-34,313,34,FALSE,FALSE
938,60,581,294,572,581,294,572,581,294,572,-287,-9,287,9,FALSE,FALSE
939,0,72,72,72,72,72,72,72,72,72,0,0,0,0,TRUE,TRUE
939,1,78,83,90,78,83,90,78,83,90,5,12,5,12,FALSE,FALSE
939,2,95,102,99,95,102,99,95,102,99,7,4,7,4,FALSE,FALSE
939,3,111,116,108,111,116,108,111,116,108,5,-3,5,3,FALSE,FALSE
939,4,134,135,133,134,135,133,134,135,133,1,-1,1,1,FALSE,FALSE
939,5,149,149,160,149,149,160,149,149,160,0,11,0,11,TRUE,FALSE
939,6,166,168,199,166,168,199,166,168,199,2,33,2,33,FALSE,FALSE
939,7,189,194,231,189,194,231,189,194,231,5,42,5,42,FALSE,FALSE
939,8,203,215,250,203,215,250,203,215,250,12,47,12,47,FALSE,FALSE
939,9,225,238,285,225,238,285,225,238,285,13,60,13,60,FALSE,FALSE
939,10,257,259,314,257,259,314,257,259,314,2,57,2,57,FALSE,FALSE
939,11,291,295,352,291,295,352,291,295,352,4,61,4,61,FALSE,FALSE
939,12,333,340,386,333,340,386,333,340,386,7,53,7,53,FALSE,FALSE
939,13,370,390,426,370,390,426,370,390,426,20,56,20,56,FALSE,FALSE
939,14,428,435,470,428,435,470,428,435,470,7,42,7,42,FALSE,FALSE
939,15,478,484,524,478,484,524,478,484,524,6,46,6,46,FALSE,FALSE
939,16,529,551,577,529,551,577,529,551,577,22,48,22,48,FALSE,FALSE
939,17,601,592,651,601,592,651,601,592,651,-9,50,9,50,FALSE,FALSE
939,18,684,647,728,684,647,728,684,647,728,-37,44,37,44,FALSE,FALSE
939,19,771,719,817,771,719,817,771,719,817,-52,46,52,46,FALSE,FALSE
939,20,874,792,872,874,792,872,874,792,872,-82,-2,82,2,FALSE,FALSE
939,21,963,871,937,963,871,937,963,871,937,-92,-26,92,26,FALSE,FALSE
939,22,1023,939,1028,1023,939,1028,1023,939,1028,-84,5,84,5,FALSE,FALSE
939,23,1101,1036,1135,1101,1036,1135,1101,1036,1135,-65,34,65,34,FALSE,FALSE
939,24,1160,1122,1235,1160,1122,1235,1160,1122,1235,-38,75,38,75,FALSE,FALSE
939,25,1249,1180,1333,1249,1180,1333,1249,1180,1333,-69,84,69,84,FALSE,FALSE
939,26,1306,1244,1400,1306,1244,1400,1306,1244,1400,-62,94,62,94,FALSE,FALSE
939,27,1361,1305,1424,1361,1305,1424,1361,1305,1424,-56,63,56,63,FALSE,FALSE
939,28,1426,1359,1474,1426,1359,1474,1426,1359,1474,-67,48,67,48,FALSE,FALSE
939,29,1467,1430,1526,1467,1430,1526,1467,1430,1526,-37,59,37,59,FALSE,FALSE
939,30,1501,1489,1542,1501,1489,1542,1501,1489,1542,-12,41,12,41,FALSE,FALSE
939,31,1551,1505,1589,1551,1505,1589,1551,1505,1589,-46,38,46,38,FALSE,FALSE
939,32,1572,1532,1614,1572,1532,1614,1572,1532,1614,-40,42,40,42,FALSE,FALSE
939,33,1605,1542,1636,1605,1542,1636,1605,1542,1636,-63,31,63,31,FALSE,FALSE
939,34,1612,1565,1620,1612,1565,1620,1612,1565,1620,-47,8,47,8,FALSE,FALSE
939,35,1630,1560,1605,1630,1560,1605,1630,1560,1605,-70,-25,70,25,FALSE,FALSE
939,36,1636,1545,1586,1636,1545,1586,1636,1545,1586,-91,-50,91,50,FALSE,FALSE
939,37,1597,1521,1537,1597,1521,1537,1597,1521,1537,-76,-60,76,60,FALSE,FALSE
939,38,1585,1508,1531,1585,1508,1531,1585,1508,1531,-77,-54,77,54,FALSE,FALSE
939,39,1545,1473,1488,1545,1473,1488,1545,1473,1488,-72,-57,72,57,FALSE,FALSE
939,40,1502,1445,1427,1502,1445,1427,1502,1445,1427,-57,-75,57,75,FALSE,FALSE
939,41,1472,1408,1400,1472,1408,1400,1472,1408,1400,-64,-72,64,72,FALSE,FALSE
939,42,1436,1383,1355,1436,1383,1355,1436,1383,1355,-53,-81,53,81,FALSE,FALSE
939,43,1408,1339,1315,1408,1339,1315,1408,1339,1315,-69,-93,69,93,FALSE,FALSE
939,44,1360,1296,1298,1360,1296,1298,1360,1296,1298,-64,-62,64,62,FALSE,FALSE
939,45,1310,1259,1258,1310,1259,1258,1310,1259,1258,-51,-52,51,52,FALSE,FALSE
939,46,1262,1233,1206,1262,1233,1206,1262,1233,1206,-29,-56,29,56,FALSE,FALSE
939,47,1199,1192,1146,1199,1192,1146,1199,1192,1146,-7,-53,7,53,FALSE,FALSE
939,48,1168,1155,1107,1168,1155,1107,1168,1155,1107,-13,-61,13,61,FALSE,FALSE
939,49,1110,1117,1065,1110,1117,1065,1110,1117,1065,7,-45,7,45,FALSE,FALSE
939,50,1062,1078,1028,1062,1078,1028,1062,1078,1028,16,-34,16,34,FALSE,FALSE
939,51,1000,1035,974,1000,1035,974,1000,1035,974,35,-26,35,26,FALSE,FALSE
939,52,949,975,919,949,975,919,949,975,919,26,-30,26,30,FALSE,FALSE
939,53,899,927,871,899,927,871,899,927,871,28,-28,28,28,FALSE,FALSE
939,54,834,882,825,834,882,825,834,882,825,48,-9,48,9,FALSE,FALSE
939,55,785,838,770,785,838,770,785,838,770,53,-15,53,15,FALSE,FALSE
939,56,740,788,737,740,788,737,740,788,737,48,-3,48,3,FALSE,FALSE
939,57,714,754,711,714,754,711,714,754,711,40,-3,40,3,FALSE,FALSE
939,58,662,711,669,662,711,669,662,711,669,49,7,49,7,FALSE,FALSE
939,59,631,660,621,631,660,621,631,660,621,29,-10,29,10,FALSE,FALSE
939,60,593,635,589,593,635,589,593,635,589,42,-4,42,4,FALSE,FALSE
940,0,169,169,169,169,169,169,169,169,169,0,0,0,0,TRUE,TRUE
940,1,240,233,224,240,233,224,240,233,224,-7,-16,7,16,FALSE,FALSE
940,2,332,300,298,332,300,298,332,300,298,-32,-34,32,34,FALSE,FALSE
940,3,447,439,409,447,439,409,447,439,409,-8,-38,8,38,FALSE,FALSE
940,4,601,595,553,601,595,553,601,595,553,-6,-48,6,48,FALSE,FALSE
940,5,800,805,757,800,805,757,800,805,757,5,-43,5,43,FALSE,FALSE
940,6,1062,1066,999,1062,1066,999,1062,1066,999,4,-63,4,63,FALSE,FALSE
940,7,1317,1367,1332,1317,1367,1332,1317,1367,1332,50,15,50,15,FALSE,FALSE
940,8,1599,1726,1672,1599,1726,1672,1599,1726,1672,127,73,127,73,FALSE,FALSE
940,9,1831,2110,2023,1831,2110,2023,1831,2110,2023,279,192,279,192,FALSE,FALSE
940,10,2161,2484,2414,2161,2484,2414,2161,2484,2414,323,253,323,253,FALSE,FALSE
940,11,2510,2808,2751,2510,2808,2751,2510,2808,2751,298,241,298,241,FALSE,FALSE
940,12,2717,3089,3044,2717,3089,3044,2717,3089,3044,372,327,372,327,FALSE,FALSE
940,13,2933,3283,3227,2933,3283,3227,2933,3283,3227,350,294,350,294,FALSE,FALSE
940,14,3072,3381,3345,3072,3381,3345,3072,3381,3345,309,273,309,273,FALSE,FALSE
940,15,3092,3303,3384,3092,3303,3384,3092,3303,3384,211,292,211,292,FALSE,FALSE
940,16,3019,3237,3297,3019,3237,3297,3019,3237,3297,218,278,218,278,FALSE,FALSE
940,17,2904,3059,3114,2904,3059,3114,2904,3059,3114,155,210,155,210,FALSE,FALSE
940,18,2776,2889,2901,2776,2889,2901,2776,2889,2901,113,125,113,125,FALSE,FALSE
940,19,2607,2695,2734,2607,2695,2734,2607,2695,2734,88,127,88,127,FALSE,FALSE
940,20,2414,2439,2520,2414,2439,2520,2414,2439,2520,25,106,25,106,FALSE,FALSE
940,21,2229,2225,2272,2229,2225,2272,2229,2225,2272,-4,43,4,43,FALSE,FALSE
940,22,2018,2019,2056,2018,2019,2056,2018,2019,2056,1,38,1,38,FALSE,FALSE
940,23,1818,1821,1843,1818,1821,1843,1818,1821,1843,3,25,3,25,FALSE,FALSE
940,24,1639,1633,1645,1639,1633,1645,1639,1633,1645,-6,6,6,6,FALSE,FALSE
940,25,1494,1461,1462,1494,1461,1462,1494,1461,1462,-33,-32,33,32,FALSE,FALSE
940,26,1310,1305,1296,1310,1305,1296,1310,1305,1296,-5,-14,5,14,FALSE,FALSE
940,27,1163,1160,1151,1163,1160,1151,1163,1160,1151,-3,-12,3,12,FALSE,FALSE
940,28,1041,1025,993,1041,1025,993,1041,1025,993,-16,-48,16,48,FALSE,FALSE
940,29,920,908,885,920,908,885,920,908,885,-12,-35,12,35,FALSE,FALSE
940,30,821,801,767,821,801,767,821,801,767,-20,-54,20,54,FALSE,FALSE
940,31,713,696,675,713,696,675,713,696,675,-17,-38,17,38,FALSE,FALSE
940,32,630,608,579,630,608,579,630,608,579,-22,-51,22,51,FALSE,FALSE
940,33,566,552,513,566,552,513,566,552,513,-14,-53,14,53,FALSE,FALSE
940,34,501,486,453,501,486,453,501,486,453,-15,-48,15,48,FALSE,FALSE
940,35,444,433,396,444,433,396,444,433,396,-11,-48,11,48,FALSE,FALSE
940,36,389,391,333,389,391,333,389,391,333,2,-56,2,56,FALSE,FALSE
940,37,358,346,287,358,346,287,358,346,287,-12,-71,12,71,FALSE,FALSE
940,38,318,304,248,318,304,248,318,304,248,-14,-70,14,70,FALSE,FALSE
940,39,275,271,219,275,271,219,275,271,219,-4,-56,4,56,FALSE,FALSE
940,40,238,227,185,238,227,185,238,227,185,-11,-53,11,53,FALSE,FALSE
940,41,211,198,174,211,198,174,211,198,174,-13,-37,13,37,FALSE,FALSE
940,42,184,168,155,184,168,155,184,168,155,-16,-29,16,29,FALSE,FALSE
940,43,154,143,136,154,143,136,154,143,136,-11,-18,11,18,FALSE,FALSE
940,44,133,132,116,133,132,116,133,132,116,-1,-17,1,17,FALSE,FALSE
940,45,119,119,95,119,119,95,119,119,95,0,-24,0,24,TRUE,FALSE
940,46,103,108,83,103,108,83,103,108,83,5,-20,5,20,FALSE,FALSE
940,47,91,98,69,91,98,69,91,98,69,7,-22,7,22,FALSE,FALSE
940,48,76,84,60,76,84,60,76,84,60,8,-16,8,16,FALSE,FALSE
940,49,64,75,55,64,75,55,64,75,55,11,-9,11,9,FALSE,FALSE
940,50,54,67,46,54,67,46,54,67,46,13,-8,13,8,FALSE,FALSE
940,51,44,58,41,44,58,41,44,58,41,14,-3,14,3,FALSE,FALSE
940,52,40,50,34,40,50,34,40,50,34,10,-6,10,6,FALSE,FALSE
940,53,38,50,31,38,50,31,38,50,31,12,-7,12,7,FALSE,FALSE
940,54,38,44,27,38,44,27,38,44,27,6,-11,6,11,FALSE,FALSE
940,55,38,37,25,38,37,25,38,37,25,-1,-13,1,13,FALSE,FALSE
940,56,33,34,21,33,34,21,33,34,21,1,-12,1,12,FALSE,FALSE
940,57,24,31,19,24,31,19,24,31,19,7,-5,7,5,FALSE,FALSE
940,58,19,28,18,19,28,18,19,28,18,9,-1,9,1,FALSE,FALSE
940,59,19,27,15,19,27,15,19,27,15,8,-4,8,4,FALSE,FALSE
940,60,16,23,13,16,23,13,16,23,13,7,-3,7,3,FALSE,FALSE
941,0,118,118,118,118,118,118,118,118,118,0,0,0,0,TRUE,TRUE
941,1,179,188,169,179,188,169,179,188,169,9,-10,9,10,FALSE,FALSE
941,2,274,244,237,274,244,237,274,244,237,-30,-37,30,37,FALSE,FALSE
941,3,430,374,349,430,374,349,430,374,349,-56,-81,56,81,FALSE,FALSE
941,4,655,530,509,655,530,509,655,530,509,-125,-146,125,146,FALSE,FALSE
941,5,961,802,767,961,802,767,961,802,767,-159,-194,159,194,FALSE,FALSE
941,6,1326,1116,1094,1326,1116,1094,1326,1116,1094,-210,-232,210,232,FALSE,FALSE
941,7,1754,1548,1432,1754,1548,1432,1754,1548,1432,-206,-322,206,322,FALSE,FALSE
941,8,2198,1961,1891,2198,1961,1891,2198,1961,1891,-237,-307,237,307,FALSE,FALSE
941,9,2507,2336,2271,2507,2336,2271,2507,2336,2271,-171,-236,171,236,FALSE,FALSE
941,10,2727,2607,2587,2727,2607,2587,2727,2607,2587,-120,-140,120,140,FALSE,FALSE
941,11,2767,2741,2777,2767,2741,2777,2767,2741,2777,-26,10,26,10,FALSE,FALSE
941,12,2706,2716,2793,2706,2716,2793,2706,2716,2793,10,87,10,87,FALSE,FALSE
941,13,2460,2545,2664,2460,2545,2664,2460,2545,2664,85,204,85,204,FALSE,FALSE
941,14,2231,2397,2386,2231,2397,2386,2231,2397,2386,166,155,166,155,FALSE,FALSE
941,15,1954,2099,2118,1954,2099,2118,1954,2099,2118,145,164,145,164,FALSE,FALSE
941,16,1687,1799,1840,1687,1799,1840,1687,1799,1840,112,153,112,153,FALSE,FALSE
941,17,1405,1541,1531,1405,1541,1531,1405,1541,1531,136,126,136,126,FALSE,FALSE
941,18,1175,1300,1320,1175,1300,1320,1175,1300,1320,125,145,125,145,FALSE,FALSE
941,19,976,1092,1103,976,1092,1103,976,1092,1103,116,127,116,127,FALSE,FALSE
941,20,779,938,915,779,938,915,779,938,915,159,136,159,136,FALSE,FALSE
941,21,636,791,752,636,791,752,636,791,752,155,116,155,116,FALSE,FALSE
941,22,511,654,637,511,654,637,511,654,637,143,126,143,126,FALSE,FALSE
941,23,433,536,539,433,536,539,433,536,539,103,106,103,106,FALSE,FALSE
941,24,375,442,442,375,442,442,375,442,442,67,67,67,67,FALSE,FALSE
941,25,292,360,362,292,360,362,292,360,362,68,70,68,70,FALSE,FALSE
941,26,236,296,299,236,296,299,236,296,299,60,63,60,63,FALSE,FALSE
941,27,184,254,245,184,254,245,184,254,245,70,61,70,61,FALSE,FALSE
941,28,153,209,206,153,209,206,153,209,206,56,53,56,53,FALSE,FALSE
941,29,121,160,163,121,160,163,121,160,163,39,42,39,42,FALSE,FALSE
941,30,95,128,130,95,128,130,95,128,130,33,35,33,35,FALSE,FALSE
941,31,75,109,109,75,109,109,75,109,109,34,34,34,34,FALSE,FALSE
941,32,68,98,79,68,98,79,68,98,79,30,11,30,11,FALSE,FALSE
941,33,60,81,60,60,81,60,60,81,60,21,0,21,0,FALSE,TRUE
941,34,47,64,46,47,64,46,47,64,46,17,-1,17,1,FALSE,FALSE
941,35,40,43,40,40,43,40,40,43,40,3,0,3,0,FALSE,TRUE
941,36,33,31,37,33,31,37,33,31,37,-2,4,2,4,FALSE,FALSE
941,37,30,24,29,30,24,29,30,24,29,-6,-1,6,1,FALSE,FALSE
941,38,27,17,21,27,17,21,27,17,21,-10,-6,10,6,FALSE,FALSE
941,39,23,14,14,23,14,14,23,14,14,-9,-9,9,9,FALSE,FALSE
941,40,13,12,13,13,12,13,13,12,13,-1,0,1,0,FALSE,TRUE
941,41,7,11,7,7,11,7,7,11,7,4,0,4,0,FALSE,TRUE
941,42,5,10,9,5,10,9,5,10,9,5,4,5,4,FALSE,FALSE
941,43,5,7,5,5,7,5,5,7,5,2,0,2,0,FALSE,TRUE
941,44,3,4,5,3,4,5,3,4,5,1,2,1,2,FALSE,FALSE
941,45,3,0,4,3,0,4,3,0,4,-3,1,3,1,FALSE,FALSE
941,46,2,0,2,2,0,2,2,0,2,-2,0,2,0,FALSE,TRUE
941,47,2,0,1,2,0,1,2,0,1,-2,-1,2,1,FALSE,FALSE
941,48,2,0,0,2,0,0,2,0,0,-2,-2,2,2,FALSE,FALSE
941,49,0,0,0,0,0,0,0,0,0,0,0,0,0,TRUE,TRUE
941,50,0,0,0,0,0,0,0,0,0,0,0,0,0,TRUE,TRUE
941,51,0,0,0,0,0,0,0,0,0,0,0,0,0,TRUE,TRUE
941,52,0,0,0,0,0,0,0,0,0,0,0,0,0,TRUE,TRUE
941,53,0,0,0,0,0,0,0,0,0,0,0,0,0,TRUE,TRUE
941,54,0,0,0,0,0,0,0,0,0,0,0,0,0,TRUE,TRUE
941,55,0,0,0,0,0,0,0,0,0,0,0,0,0,TRUE,TRUE
941,56,0,0,0,0,0,0,0,0,0,0,0,0,0,TRUE,TRUE
941,57,0,0,0,0,0,0,0,0,0,0,0,0,0,TRUE,TRUE
941,58,0,0,0,0,0,0,0,0,0,0,0,0,0,TRUE,TRUE
941,59,0,0,0,0,0,0,0,0,0,0,0,0,0,TRUE,TRUE
941,60,0,0,0,0,0,0,0,0,0,0,0,0,0,TRUE,TRUE
942,0,90,90,90,90,90,90,90,90,90,0,0,0,0,TRUE,TRUE
942,1,104,105,102,104,105,102,104,105,102,1,-2,1,2,FALSE,FALSE
942,2,125,126,135,125,126,135,125,126,135,1,10,1,10,FALSE,FALSE
942,3,140,149,151,140,149,151,140,149,151,9,11,9,11,FALSE,FALSE
942,4,176,169,184,176,169,184,176,169,184,-7,8,7,8,FALSE,FALSE
942,5,190,202,223,190,202,223,190,202,223,12,33,12,33,FALSE,FALSE
942,6,224,233,267,224,233,267,224,233,267,9,43,9,43,FALSE,FALSE
942,7,280,289,315,280,289,315,280,289,315,9,35,9,35,FALSE,FALSE
942,8,334,333,401,334,333,401,334,333,401,-1,67,1,67,FALSE,FALSE
942,9,394,394,444,394,394,444,394,394,444,0,50,0,50,TRUE,FALSE
942,10,483,482,544,483,482,544,483,482,544,-1,61,1,61,FALSE,FALSE
942,11,577,570,626,577,570,626,577,570,626,-7,49,7,49,FALSE,FALSE
942,12,668,672,711,668,672,711,668,672,711,4,43,4,43,FALSE,FALSE
942,13,781,765,822,781,765,822,781,765,822,-16,41,16,41,FALSE,FALSE
942,14,876,853,958,876,853,958,876,853,958,-23,82,23,82,FALSE,FALSE
942,15,1018,967,1037,1018,967,1037,1018,967,1037,-51,19,51,19,FALSE,FALSE
942,16,1118,1075,1140,1118,1075,1140,1118,1075,1140,-43,22,43,22,FALSE,FALSE
942,17,1201,1174,1225,1201,1174,1225,1201,1174,1225,-27,24,27,24,FALSE,FALSE
942,18,1296,1246,1315,1296,1246,1315,1296,1246,1315,-50,19,50,19,FALSE,FALSE
942,19,1376,1315,1357,1376,1315,1357,1376,1315,1357,-61,-19,61,19,FALSE,FALSE
942,20,1466,1385,1415,1466,1385,1415,1466,1385,1415,-81,-51,81,51,FALSE,FALSE
942,21,1532,1432,1484,1532,1432,1484,1532,1432,1484,-100,-48,100,48,FALSE,FALSE
942,22,1536,1476,1508,1536,1476,1508,1536,1476,1508,-60,-28,60,28,FALSE,FALSE
942,23,1541,1514,1505,1541,1514,1505,1541,1514,1505,-27,-36,27,36,FALSE,FALSE
942,24,1535,1514,1509,1535,1514,1509,1535,1514,1509,-21,-26,21,26,FALSE,FALSE
942,25,1497,1498,1478,1497,1498,1478,1497,1498,1478,1,-19,1,19,FALSE,FALSE
942,26,1465,1486,1444,1465,1486,1444,1465,1486,1444,21,-21,21,21,FALSE,FALSE
942,27,1433,1449,1415,1433,1449,1415,1433,1449,1415,16,-18,16,18,FALSE,FALSE
942,28,1379,1388,1369,1379,1388,1369,1379,1388,1369,9,-10,9,10,FALSE,FALSE
942,29,1310,1354,1323,1310,1354,1323,1310,1354,1323,44,13,44,13,FALSE,FALSE
942,30,1243,1293,1237,1243,1293,1237,1243,1293,1237,50,-6,50,6,FALSE,FALSE
942,31,1195,1229,1165,1195,1229,1165,1195,1229,1165,34,-30,34,30,FALSE,FALSE
942,32,1127,1162,1092,1127,1162,1092,1127,1162,1092,35,-35,35,35,FALSE,FALSE
942,33,1064,1087,1025,1064,1087,1025,1064,1087,1025,23,-39,23,39,FALSE,FALSE
942,34,1006,1006,974,1006,1006,974,1006,1006,974,0,-32,0,32,TRUE,FALSE
942,35,929,939,914,929,939,914,929,939,914,10,-15,10,15,FALSE,FALSE
942,36,878,876,862,878,876,862,878,876,862,-2,-16,2,16,FALSE,FALSE
942,37,835,826,775,835,826,775,835,826,775,-9,-60,9,60,FALSE,FALSE
942,38,781,763,699,781,763,699,781,763,699,-18,-82,18,82,FALSE,FALSE
942,39,722,689,648,722,689,648,722,689,648,-33,-74,33,74,FALSE,FALSE
942,40,670,628,590,670,628,590,670,628,590,-42,-80,42,80,FALSE,FALSE
942,41,612,580,546,612,580,546,612,580,546,-32,-66,32,66,FALSE,FALSE
942,42,549,533,496,549,533,496,549,533,496,-16,-53,16,53,FALSE,FALSE
942,43,495,488,463,495,488,463,495,488,463,-7,-32,7,32,FALSE,FALSE
942,44,444,448,414,444,448,414,444,448,414,4,-30,4,30,FALSE,FALSE
942,45,409,412,378,409,412,378,409,412,378,3,-31,3,31,FALSE,FALSE
942,46,359,383,353,359,383,353,359,383,353,24,-6,24,6,FALSE,FALSE
942,47,325,352,312,325,352,312,325,352,312,27,-13,27,13,FALSE,FALSE
942,48,286,327,278,286,327,278,286,327,278,41,-8,41,8,FALSE,FALSE
942,49,260,302,261,260,302,261,260,302,261,42,1,42,1,FALSE,FALSE
942,50,229,274,237,229,274,237,229,274,237,45,8,45,8,FALSE,FALSE
942,51,208,249,213,208,249,213,208,249,213,41,5,41,5,FALSE,FALSE
942,52,195,228,190,195,228,190,195,228,190,33,-5,33,5,FALSE,FALSE
942,53,171,214,170,171,214,170,171,214,170,43,-1,43,1,FALSE,FALSE
942,54,154,195,157,154,195,157,154,195,157,41,3,41,3,FALSE,FALSE
942,55,141,171,141,141,171,141,141,171,141,30,0,30,0,FALSE,TRUE
942,56,133,159,132,133,159,132,133,159,132,26,-1,26,1,FALSE,FALSE
942,57,121,144,117,121,144,117,121,144,117,23,-4,23,4,FALSE,FALSE
942,58,113,126,115,113,126,115,113,126,115,13,2,13,2,FALSE,FALSE
942,59,107,113,103,107,113,103,107,113,103,6,-4,6,4,FALSE,FALSE
942,60,98,102,91,98,102,91,98,102,91,4,-7,4,7,FALSE,FALSE
943,0,61,61,61,61,61,61,61,61,61,0,0,0,0,TRUE,TRUE
943,1,60,63,65,60,63,65,60,63,65,3,5,3,5,FALSE,FALSE
943,2,61,71,67,61,71,67,61,71,67,10,6,10,6,FALSE,FALSE
943,3,59,72,74,59,72,74,59,72,74,13,15,13,15,FALSE,FALSE
943,4,61,73,79,61,73,79,61,73,79,12,18,12,18,FALSE,FALSE
943,5,64,72,83,64,72,83,64,72,83,8,19,8,19,FALSE,FALSE
943,6,73,80,84,73,80,84,73,80,84,7,11,7,11,FALSE,FALSE
943,7,74,89,90,74,89,90,74,89,90,15,16,15,16,FALSE,FALSE
943,8,73,89,95,73,89,95,73,89,95,16,22,16,22,FALSE,FALSE
943,9,79,90,100,79,90,100,79,90,100,11,21,11,21,FALSE,FALSE
943,10,88,92,106,88,92,106,88,92,106,4,18,4,18,FALSE,FALSE
943,11,95,98,110,95,98,110,95,98,110,3,15,3,15,FALSE,FALSE
943,12,101,98,116,101,98,116,101,98,116,-3,15,3,15,FALSE,FALSE
943,13,101,98,114,101,98,114,101,98,114,-3,13,3,13,FALSE,FALSE
943,14,113,102,118,113,102,118,113,102,118,-11,5,11,5,FALSE,FALSE
943,15,111,100,135,111,100,135,111,100,135,-11,24,11,24,FALSE,FALSE
943,16,121,104,140,121,104,140,121,104,140,-17,19,17,19,FALSE,FALSE
943,17,127,114,152,127,114,152,127,114,152,-13,25,13,25,FALSE,FALSE
943,18,124,109,145,124,109,145,124,109,145,-15,21,15,21,FALSE,FALSE
943,19,127,116,153,127,116,153,127,116,153,-11,26,11,26,FALSE,FALSE
943,20,124,112,157,124,112,157,124,112,157,-12,33,12,33,FALSE,FALSE
943,21,126,113,163,126,113,163,126,113,163,-13,37,13,37,FALSE,FALSE
943,22,127,123,169,127,123,169,127,123,169,-4,42,4,42,FALSE,FALSE
943,23,135,139,180,135,139,180,135,139,180,4,45,4,45,FALSE,FALSE
943,24,150,140,193,150,140,193,150,140,193,-10,43,10,43,FALSE,FALSE
943,25,154,145,197,154,145,197,154,145,197,-9,43,9,43,FALSE,FALSE
943,26,166,165,188,166,165,188,166,165,188,-1,22,1,22,FALSE,FALSE
943,27,171,172,191,171,172,191,171,172,191,1,20,1,20,FALSE,FALSE
943,28,176,178,194,176,178,194,176,178,194,2,18,2,18,FALSE,FALSE
943,29,181,182,199,181,182,199,181,182,199,1,18,1,18,FALSE,FALSE
943,30,176,198,212,176,198,212,176,198,212,22,36,22,36,FALSE,FALSE
943,31,186,208,215,186,208,215,186,208,215,22,29,22,29,FALSE,FALSE
943,32,198,211,228,198,211,228,198,211,228,13,30,13,30,FALSE,FALSE
943,33,197,229,231,197,229,231,197,229,231,32,34,32,34,FALSE,FALSE
943,34,192,219,247,192,219,247,192,219,247,27,55,27,55,FALSE,FALSE
943,35,185,242,249,185,242,249,185,242,249,57,64,57,64,FALSE,FALSE
943,36,190,261,266,190,261,266,190,261,266,71,76,71,76,FALSE,FALSE
943,37,211,259,265,211,259,265,211,259,265,48,54,48,54,FALSE,FALSE
943,38,223,278,284,223,278,284,223,278,284,55,61,55,61,FALSE,FALSE
943,39,227,274,282,227,274,282,227,274,282,47,55,47,55,FALSE,FALSE
943,40,226,294,287,226,294,287,226,294,287,68,61,68,61,FALSE,FALSE
943,41,232,312,291,232,312,291,232,312,291,80,59,80,59,FALSE,FALSE
943,42,236,313,316,236,313,316,236,313,316,77,80,77,80,FALSE,FALSE
943,43,235,322,322,235,322,322,235,322,322,87,87,87,87,FALSE,FALSE
943,44,239,318,334,239,318,334,239,318,334,79,95,79,95,FALSE,FALSE
943,45,243,316,345,243,316,345,243,316,345,73,102,73,102,FALSE,FALSE
943,46,251,336,351,251,336,351,251,336,351,85,100,85,100,FALSE,FALSE
943,47,253,348,370,253,348,370,253,348,370,95,117,95,117,FALSE,FALSE
943,48,254,347,396,254,347,396,254,347,396,93,142,93,142,FALSE,FALSE
943,49,266,348,402,266,348,402,266,348,402,82,136,82,136,FALSE,FALSE
943,50,273,351,410,273,351,410,273,351,410,78,137,78,137,FALSE,FALSE
943,51,276,357,418,276,357,418,276,357,418,81,142,81,142,FALSE,FALSE
943,52,286,363,424,286,363,424,286,363,424,77,138,77,138,FALSE,FALSE
943,53,289,360,433,289,360,433,289,360,433,71,144,71,144,FALSE,FALSE
943,54,281,383,462,281,383,462,281,383,462,102,181,102,181,FALSE,FALSE
943,55,280,396,473,280,396,473,280,396,473,116,193,116,193,FALSE,FALSE
943,56,289,412,496,289,412,496,289,412,496,123,207,123,207,FALSE,FALSE
943,57,307,422,494,307,422,494,307,422,494,115,187,115,187,FALSE,FALSE
943,58,310,440,492,310,440,492,310,440,492,130,182,130,182,FALSE,FALSE
943,59,312,428,483,312,428,483,312,428,483,116,171,116,171,FALSE,FALSE
943,60,316,440,500,316,440,500,316,440,500,124,184,124,184,FALSE,FALSE
944,0,77,77,77,77,77,77,77,77,77,0,0,0,0,TRUE,TRUE
944,1,109,114,105,109,114,105,109,114,105,5,-4,5,4,FALSE,FALSE
944,2,141,160,129,141,160,129,141,160,129,19,-12,19,12,FALSE,FALSE
944,3,184,223,170,184,223,170,184,223,170,39,-14,39,14,FALSE,FALSE
944,4,263,305,226,263,305,226,263,305,226,42,-37,42,37,FALSE,FALSE
944,5,373,408,281,373,408,281,373,408,281,35,-92,35,92,FALSE,FALSE
944,6,508,553,356,508,553,356,508,553,356,45,-152,45,152,FALSE,FALSE
944,7,655,724,479,655,724,479,655,724,479,69,-176,69,176,FALSE,FALSE
944,8,814,899,620,814,899,620,814,899,620,85,-194,85,194,FALSE,FALSE
944,9,989,1058,765,989,1058,765,989,1058,765,69,-224,69,224,FALSE,FALSE
944,10,1161,1200,921,1161,1200,921,1161,1200,921,39,-240,39,240,FALSE,FALSE
944,11,1339,1296,1080,1339,1296,1080,1339,1296,1080,-43,-259,43,259,FALSE,FALSE
944,12,1434,1325,1187,1434,1325,1187,1434,1325,1187,-109,-247,109,247,FALSE,FALSE
944,13,1539,1392,1300,1539,1392,1300,1539,1392,1300,-147,-239,147,239,FALSE,FALSE
944,14,1540,1411,1407,1540,1411,1407,1540,1411,1407,-129,-133,129,133,FALSE,FALSE
944,15,1482,1337,1431,1482,1337,1431,1482,1337,1431,-145,-51,145,51,FALSE,FALSE
944,16,1392,1256,1424,1392,1256,1424,1392,1256,1424,-136,32,136,32,FALSE,FALSE
944,17,1293,1143,1344,1293,1143,1344,1293,1143,1344,-150,51,150,51,FALSE,FALSE
944,18,1148,1021,1262,1148,1021,1262,1148,1021,1262,-127,114,127,114,FALSE,FALSE
944,19,972,915,1112,972,915,1112,972,915,1112,-57,140,57,140,FALSE,FALSE
944,20,854,793,1005,854,793,1005,854,793,1005,-61,151,61,151,FALSE,FALSE
944,21,761,718,882,761,718,882,761,718,882,-43,121,43,121,FALSE,FALSE
944,22,631,621,802,631,621,802,631,621,802,-10,171,10,171,FALSE,FALSE
944,23,545,525,704,545,525,704,545,525,704,-20,159,20,159,FALSE,FALSE
944,24,452,433,600,452,433,600,452,433,600,-19,148,19,148,FALSE,FALSE
944,25,387,361,523,387,361,523,387,361,523,-26,136,26,136,FALSE,FALSE
944,26,313,315,445,313,315,445,313,315,445,2,132,2,132,FALSE,FALSE
944,27,251,259,393,251,259,393,251,259,393,8,142,8,142,FALSE,FALSE
944,28,197,219,327,197,219,327,197,219,327,22,130,22,130,FALSE,FALSE
944,29,169,182,285,169,182,285,169,182,285,13,116,13,116,FALSE,FALSE
944,30,148,141,242,148,141,242,148,141,242,-7,94,7,94,FALSE,FALSE
944,31,124,124,211,124,124,211,124,124,211,0,87,0,87,TRUE,FALSE
944,32,89,115,183,89,115,183,89,115,183,26,94,26,94,FALSE,FALSE
944,33,70,94,152,70,94,152,70,94,152,24,82,24,82,FALSE,FALSE
944,34,62,76,134,62,76,134,62,76,134,14,72,14,72,FALSE,FALSE
944,35,54,67,113,54,67,113,54,67,113,13,59,13,59,FALSE,FALSE
944,36,39,54,99,39,54,99,39,54,99,15,60,15,60,FALSE,FALSE
944,37,34,47,75,34,47,75,34,47,75,13,41,13,41,FALSE,FALSE
944,38,30,42,65,30,42,65,30,42,65,12,35,12,35,FALSE,FALSE
944,39,23,36,56,23,36,56,23,36,56,13,33,13,33,FALSE,FALSE
944,40,20,30,48,20,30,48,20,30,48,10,28,10,28,FALSE,FALSE
944,41,17,25,36,17,25,36,17,25,36,8,19,8,19,FALSE,FALSE
944,42,17,13,28,17,13,28,17,13,28,-4,11,4,11,FALSE,FALSE
944,43,14,12,28,14,12,28,14,12,28,-2,14,2,14,FALSE,FALSE
944,44,13,9,23,13,9,23,13,9,23,-4,10,4,10,FALSE,FALSE
944,45,7,10,19,7,10,19,7,10,19,3,12,3,12,FALSE,FALSE
944,46,7,8,14,7,8,14,7,8,14,1,7,1,7,FALSE,FALSE
944,47,7,8,10,7,8,10,7,8,10,1,3,1,3,FALSE,FALSE
944,48,7,6,6,7,6,6,7,6,6,-1,-1,1,1,FALSE,FALSE
944,49,7,5,5,7,5,5,7,5,5,-2,-2,2,2,FALSE,FALSE
944,50,5,5,4,5,5,4,5,5,4,0,-1,0,1,TRUE,FALSE
944,51,3,3,5,3,3,5,3,3,5,0,2,0,2,TRUE,FALSE
944,52,2,2,3,2,2,3,2,2,3,0,1,0,1,TRUE,FALSE
944,53,2,1,2,2,1,2,2,1,2,-1,0,1,0,FALSE,TRUE
944,54,4,1,2,4,1,2,4,1,2,-3,-2,3,2,FALSE,FALSE
944,55,3,1,2,3,1,2,3,1,2,-2,-1,2,1,FALSE,FALSE
944,56,2,1,0,2,1,0,2,1,0,-1,-2,1,2,FALSE,FALSE
944,57,2,1,0,2,1,0,2,1,0,-1,-2,1,2,FALSE,FALSE
944,58,1,1,0,1,1,0,1,1,0,0,-1,0,1,TRUE,FALSE
944,59,1,1,0,1,1,0,1,1,0,0,-1,0,1,TRUE,FALSE
944,60,1,1,0,1,1,0,1,1,0,0,-1,0,1,TRUE,FALSE
945,0,48,48,48,48,48,48,48,48,48,0,0,0,0,TRUE,TRUE
945,1,53,47,57,53,47,57,53,47,57,-6,4,6,4,FALSE,FALSE
945,2,58,47,64,58,47,64,58,47,64,-11,6,11,6,FALSE,FALSE
945,3,58,44,80,58,44,80,58,44,80,-14,22,14,22,FALSE,FALSE
945,4,65,47,87,65,47,87,65,47,87,-18,22,18,22,FALSE,FALSE
945,5,65,50,101,65,50,101,65,50,101,-15,36,15,36,FALSE,FALSE
945,6,74,54,104,74,54,104,74,54,104,-20,30,20,30,FALSE,FALSE
945,7,79,59,99,79,59,99,79,59,99,-20,20,20,20,FALSE,FALSE
945,8,88,52,118,88,52,118,88,52,118,-36,30,36,30,FALSE,FALSE
945,9,98,55,121,98,55,121,98,55,121,-43,23,43,23,FALSE,FALSE
945,10,95,57,126,95,57,126,95,57,126,-38,31,38,31,FALSE,FALSE
945,11,93,63,131,93,63,131,93,63,131,-30,38,30,38,FALSE,FALSE
945,12,99,76,137,99,76,137,99,76,137,-23,38,23,38,FALSE,FALSE
945,13,111,74,148,111,74,148,111,74,148,-37,37,37,37,FALSE,FALSE
945,14,122,82,157,122,82,157,122,82,157,-40,35,40,35,FALSE,FALSE
945,15,126,91,179,126,91,179,126,91,179,-35,53,35,53,FALSE,FALSE
945,16,132,100,203,132,100,203,132,100,203,-32,71,32,71,FALSE,FALSE
945,17,144,114,193,144,114,193,144,114,193,-30,49,30,49,FALSE,FALSE
945,18,152,114,200,152,114,200,152,114,200,-38,48,38,48,FALSE,FALSE
945,19,156,122,211,156,122,211,156,122,211,-34,55,34,55,FALSE,FALSE
945,20,160,126,225,160,126,225,160,126,225,-34,65,34,65,FALSE,FALSE
945,21,171,125,224,171,125,224,171,125,224,-46,53,46,53,FALSE,FALSE
945,22,171,137,246,171,137,246,171,137,246,-34,75,34,75,FALSE,FALSE
945,23,175,147,266,175,147,266,175,147,266,-28,91,28,91,FALSE,FALSE
945,24,179,148,272,179,148,272,179,148,272,-31,93,31,93,FALSE,FALSE
945,25,188,153,280,188,153,280,188,153,280,-35,92,35,92,FALSE,FALSE
945,26,192,153,281,192,153,281,192,153,281,-39,89,39,89,FALSE,FALSE
945,27,201,168,301,201,168,301,201,168,301,-33,100,33,100,FALSE,FALSE
945,28,205,183,299,205,183,299,205,183,299,-22,94,22,94,FALSE,FALSE
945,29,230,184,293,230,184,293,230,184,293,-46,63,46,63,FALSE,FALSE
945,30,239,185,295,239,185,295,239,185,295,-54,56,54,56,FALSE,FALSE
945,31,250,198,309,250,198,309,250,198,309,-52,59,52,59,FALSE,FALSE
945,32,255,211,309,255,211,309,255,211,309,-44,54,44,54,FALSE,FALSE
945,33,275,210,304,275,210,304,275,210,304,-65,29,65,29,FALSE,FALSE
945,34,306,219,313,306,219,313,306,219,313,-87,7,87,7,FALSE,FALSE
945,35,320,228,313,320,228,313,320,228,313,-92,-7,92,7,FALSE,FALSE
945,36,326,227,305,326,227,305,326,227,305,-99,-21,99,21,FALSE,FALSE
945,37,340,200,320,340,200,320,340,200,320,-140,-20,140,20,FALSE,FALSE
945,38,365,189,300,365,189,300,365,189,300,-176,-65,176,65,FALSE,FALSE
945,39,362,199,298,362,199,298,362,199,298,-163,-64,163,64,FALSE,FALSE
945,40,351,227,302,351,227,302,351,227,302,-124,-49,124,49,FALSE,FALSE
945,41,366,220,303,366,220,303,366,220,303,-146,-63,146,63,FALSE,FALSE
945,42,391,199,297,391,199,297,391,199,297,-192,-94,192,94,FALSE,FALSE
945,43,391,192,300,391,192,300,391,192,300,-199,-91,199,91,FALSE,FALSE
945,44,395,186,293,395,186,293,395,186,293,-209,-102,209,102,FALSE,FALSE
945,45,388,193,298,388,193,298,388,193,298,-195,-90,195,90,FALSE,FALSE
945,46,409,173,300,409,173,300,409,173,300,-236,-109,236,109,FALSE,FALSE
945,47,415,163,299,415,163,299,415,163,299,-252,-116,252,116,FALSE,FALSE
945,48,413,156,307,413,156,307,413,156,307,-257,-106,257,106,FALSE,FALSE
945,49,414,156,304,414,156,304,414,156,304,-258,-110,258,110,FALSE,FALSE
945,50,424,148,296,424,148,296,424,148,296,-276,-128,276,128,FALSE,FALSE
945,51,408,153,276,408,153,276,408,153,276,-255,-132,255,132,FALSE,FALSE
945,52,401,134,270,401,134,270,401,134,270,-267,-131,267,131,FALSE,FALSE
945,53,397,131,250,397,131,250,397,131,250,-266,-147,266,147,FALSE,FALSE
945,54,394,122,240,394,122,240,394,122,240,-272,-154,272,154,FALSE,FALSE
945,55,381,121,239,381,121,239,381,121,239,-260,-142,260,142,FALSE,FALSE
945,56,361,121,231,361,121,231,361,121,231,-240,-130,240,130,FALSE,FALSE
945,57,351,112,231,351,112,231,351,112,231,-239,-120,239,120,FALSE,FALSE
945,58,344,100,222,344,100,222,344,100,222,-244,-122,244,122,FALSE,FALSE
945,59,328,98,209,328,98,209,328,98,209,-230,-119,230,119,FALSE,FALSE
945,60,320,111,213,320,111,213,320,111,213,-209,-107,209,107,FALSE,FALSE
946,0,74,74,74,74,74,74,74,74,74,0,0,0,0,TRUE,TRUE
946,1,104,95,103,104,95,103,104,95,103,-9,-1,9,1,FALSE,FALSE
946,2,130,125,151,130,125,151,130,125,151,-5,21,5,21,FALSE,FALSE
946,3,208,173,215,208,173,215,208,173,215,-35,7,35,7,FALSE,FALSE
946,4,297,244,304,297,244,304,297,244,304,-53,7,53,7,FALSE,FALSE
946,5,406,333,414,406,333,414,406,333,414,-73,8,73,8,FALSE,FALSE
946,6,547,456,554,547,456,554,547,456,554,-91,7,91,7,FALSE,FALSE
946,7,714,574,761,714,574,761,714,574,761,-140,47,140,47,FALSE,FALSE
946,8,927,793,994,927,793,994,927,793,994,-134,67,134,67,FALSE,FALSE
946,9,1142,979,1220,1142,979,1220,1142,979,1220,-163,78,163,78,FALSE,FALSE
946,10,1401,1175,1445,1401,1175,1445,1401,1175,1445,-226,44,226,44,FALSE,FALSE
946,11,1543,1375,1564,1543,1375,1564,1543,1375,1564,-168,21,168,21,FALSE,FALSE
946,12,1652,1499,1684,1652,1499,1684,1652,1499,1684,-153,32,153,32,FALSE,FALSE
946,13,1733,1658,1652,1733,1658,1652,1733,1658,1652,-75,-81,75,81,FALSE,FALSE
946,14,1697,1677,1603,1697,1677,1603,1697,1677,1603,-20,-94,20,94,FALSE,FALSE
946,15,1621,1620,1533,1621,1620,1533,1621,1620,1533,-1,-88,1,88,FALSE,FALSE
946,16,1511,1529,1416,1511,1529,1416,1511,1529,1416,18,-95,18,95,FALSE,FALSE
946,17,1366,1424,1279,1366,1424,1279,1366,1424,1279,58,-87,58,87,FALSE,FALSE
946,18,1161,1223,1146,1161,1223,1146,1161,1223,1146,62,-15,62,15,FALSE,FALSE
946,19,1030,1070,1023,1030,1070,1023,1030,1070,1023,40,-7,40,7,FALSE,FALSE
946,20,862,917,850,862,917,850,862,917,850,55,-12,55,12,FALSE,FALSE
946,21,722,774,712,722,774,712,722,774,712,52,-10,52,10,FALSE,FALSE
946,22,612,631,610,612,631,610,612,631,610,19,-2,19,2,FALSE,FALSE
946,23,529,543,537,529,543,537,529,543,537,14,8,14,8,FALSE,FALSE
946,24,442,455,457,442,455,457,442,455,457,13,15,13,15,FALSE,FALSE
946,25,370,379,370,370,379,370,370,379,370,9,0,9,0,FALSE,TRUE
946,26,318,316,308,318,316,308,318,316,308,-2,-10,2,10,FALSE,FALSE
946,27,252,252,262,252,252,262,252,252,262,0,10,0,10,TRUE,FALSE
946,28,202,206,216,202,206,216,202,206,216,4,14,4,14,FALSE,FALSE
946,29,176,169,168,176,169,168,176,169,168,-7,-8,7,8,FALSE,FALSE
946,30,144,147,141,144,147,141,144,147,141,3,-3,3,3,FALSE,FALSE
946,31,113,116,113,113,116,113,113,116,113,3,0,3,0,FALSE,TRUE
946,32,93,97,91,93,97,91,93,97,91,4,-2,4,2,FALSE,FALSE
946,33,78,84,73,78,84,73,78,84,73,6,-5,6,5,FALSE,FALSE
946,34,60,65,58,60,65,58,60,65,58,5,-2,5,2,FALSE,FALSE
946,35,50,51,55,50,51,55,50,51,55,1,5,1,5,FALSE,FALSE
946,36,36,50,42,36,50,42,36,50,42,14,6,14,6,FALSE,FALSE
946,37,28,44,38,28,44,38,28,44,38,16,10,16,10,FALSE,FALSE
946,38,24,40,28,24,40,28,24,40,28,16,4,16,4,FALSE,FALSE
946,39,23,32,25,23,32,25,23,32,25,9,2,9,2,FALSE,FALSE
946,40,18,26,24,18,26,24,18,26,24,8,6,8,6,FALSE,FALSE
946,41,15,23,18,15,23,18,15,23,18,8,3,8,3,FALSE,FALSE
946,42,14,19,14,14,19,14,14,19,14,5,0,5,0,FALSE,TRUE
946,43,12,16,14,12,16,14,12,16,14,4,2,4,2,FALSE,FALSE
946,44,10,12,11,10,12,11,10,12,11,2,1,2,1,FALSE,FALSE
946,45,7,13,4,7,13,4,7,13,4,6,-3,6,3,FALSE,FALSE
946,46,8,9,3,8,9,3,8,9,3,1,-5,1,5,FALSE,FALSE
946,47,4,6,3,4,6,3,4,6,3,2,-1,2,1,FALSE,FALSE
946,48,3,8,3,3,8,3,3,8,3,5,0,5,0,FALSE,TRUE
946,49,3,4,2,3,4,2,3,4,2,1,-1,1,1,FALSE,FALSE
946,50,3,3,1,3,3,1,3,3,1,0,-2,0,2,TRUE,FALSE
946,51,2,2,0,2,2,0,2,2,0,0,-2,0,2,TRUE,FALSE
946,52,1,2,0,1,2,0,1,2,0,1,-1,1,1,FALSE,FALSE
946,53,0,2,0,0,2,0,0,2,0,2,0,2,0,FALSE,TRUE
946,54,0,3,0,0,3,0,0,3,0,3,0,3,0,FALSE,TRUE
946,55,0,3,0,0,3,0,0,3,0,3,0,3,0,FALSE,TRUE
946,56,0,2,0,0,2,0,0,2,0,2,0,2,0,FALSE,TRUE
946,57,0,2,0,0,2,0,0,2,0,2,0,2,0,FALSE,TRUE
946,58,0,2,0,0,2,0,0,2,0,2,0,2,0,FALSE,TRUE
946,59,0,1,0,0,1,0,0,1,0,1,0,1,0,FALSE,TRUE
946,60,0,1,0,0,1,0,0,1,0,1,0,1,0,FALSE,TRUE
947,0,96,96,96,96,96,96,96,96,96,0,0,0,0,TRUE,TRUE
947,1,118,99,114,118,99,114,118,99,114,-19,-4,19,4,FALSE,FALSE
947,2,131,106,124,131,106,124,131,106,124,-25,-7,25,7,FALSE,FALSE
947,3,143,134,137,143,134,137,143,134,137,-9,-6,9,6,FALSE,FALSE
947,4,159,153,160,159,153,160,159,153,160,-6,1,6,1,FALSE,FALSE
947,5,172,168,178,172,168,178,172,168,178,-4,6,4,6,FALSE,FALSE
947,6,191,199,209,191,199,209,191,199,209,8,18,8,18,FALSE,FALSE
947,7,224,239,252,224,239,252,224,239,252,15,28,15,28,FALSE,FALSE
947,8,261,275,295,261,275,295,261,275,295,14,34,14,34,FALSE,FALSE
947,9,304,322,330,304,322,330,304,322,330,18,26,18,26,FALSE,FALSE
947,10,338,380,365,338,380,365,338,380,365,42,27,42,27,FALSE,FALSE
947,11,378,450,407,378,450,407,378,450,407,72,29,72,29,FALSE,FALSE
947,12,444,507,438,444,507,438,444,507,438,63,-6,63,6,FALSE,FALSE
947,13,492,563,497,492,563,497,492,563,497,71,5,71,5,FALSE,FALSE
947,14,557,642,556,557,642,556,557,642,556,85,-1,85,1,FALSE,FALSE
947,15,612,712,610,612,712,610,612,712,610,100,-2,100,2,FALSE,FALSE
947,16,671,771,659,671,771,659,671,771,659,100,-12,100,12,FALSE,FALSE
947,17,714,837,731,714,837,731,714,837,731,123,17,123,17,FALSE,FALSE
947,18,788,937,817,788,937,817,788,937,817,149,29,149,29,FALSE,FALSE
947,19,875,1026,917,875,1026,917,875,1026,917,151,42,151,42,FALSE,FALSE
947,20,928,1127,976,928,1127,976,928,1127,976,199,48,199,48,FALSE,FALSE
947,21,1021,1271,1055,1021,1271,1055,1021,1271,1055,250,34,250,34,FALSE,FALSE
947,22,1098,1354,1123,1098,1354,1123,1098,1354,1123,256,25,256,25,FALSE,FALSE
947,23,1155,1418,1206,1155,1418,1206,1155,1418,1206,263,51,263,51,FALSE,FALSE
947,24,1217,1508,1290,1217,1508,1290,1217,1508,1290,291,73,291,73,FALSE,FALSE
947,25,1289,1560,1336,1289,1560,1336,1289,1560,1336,271,47,271,47,FALSE,FALSE
947,26,1348,1591,1375,1348,1591,1375,1348,1591,1375,243,27,243,27,FALSE,FALSE
947,27,1402,1586,1412,1402,1586,1412,1402,1586,1412,184,10,184,10,FALSE,FALSE
947,28,1458,1634,1472,1458,1634,1472,1458,1634,1472,176,14,176,14,FALSE,FALSE
947,29,1478,1619,1535,1478,1619,1535,1478,1619,1535,141,57,141,57,FALSE,FALSE
947,30,1535,1620,1533,1535,1620,1533,1535,1620,1533,85,-2,85,2,FALSE,FALSE
947,31,1530,1606,1557,1530,1606,1557,1530,1606,1557,76,27,76,27,FALSE,FALSE
947,32,1555,1622,1556,1555,1622,1556,1555,1622,1556,67,1,67,1,FALSE,FALSE
947,33,1548,1626,1546,1548,1626,1546,1548,1626,1546,78,-2,78,2,FALSE,FALSE
947,34,1526,1598,1553,1526,1598,1553,1526,1598,1553,72,27,72,27,FALSE,FALSE
947,35,1470,1531,1527,1470,1531,1527,1470,1531,1527,61,57,61,57,FALSE,FALSE
947,36,1459,1499,1504,1459,1499,1504,1459,1499,1504,40,45,40,45,FALSE,FALSE
947,37,1390,1438,1477,1390,1438,1477,1390,1438,1477,48,87,48,87,FALSE,FALSE
947,38,1346,1379,1430,1346,1379,1430,1346,1379,1430,33,84,33,84,FALSE,FALSE
947,39,1290,1330,1398,1290,1330,1398,1290,1330,1398,40,108,40,108,FALSE,FALSE
947,40,1242,1256,1370,1242,1256,1370,1242,1256,1370,14,128,14,128,FALSE,FALSE
947,41,1196,1184,1306,1196,1184,1306,1196,1184,1306,-12,110,12,110,FALSE,FALSE
947,42,1159,1113,1239,1159,1113,1239,1159,1113,1239,-46,80,46,80,FALSE,FALSE
947,43,1101,1040,1166,1101,1040,1166,1101,1040,1166,-61,65,61,65,FALSE,FALSE
947,44,1050,957,1105,1050,957,1105,1050,957,1105,-93,55,93,55,FALSE,FALSE
947,45,1003,892,1043,1003,892,1043,1003,892,1043,-111,40,111,40,FALSE,FALSE
947,46,959,832,1010,959,832,1010,959,832,1010,-127,51,127,51,FALSE,FALSE
947,47,912,773,979,912,773,979,912,773,979,-139,67,139,67,FALSE,FALSE
947,48,859,711,924,859,711,924,859,711,924,-148,65,148,65,FALSE,FALSE
947,49,815,657,852,815,657,852,815,657,852,-158,37,158,37,FALSE,FALSE
947,50,760,588,799,760,588,799,760,588,799,-172,39,172,39,FALSE,FALSE
947,51,726,533,744,726,533,744,726,533,744,-193,18,193,18,FALSE,FALSE
947,52,684,512,676,684,512,676,684,512,676,-172,-8,172,8,FALSE,FALSE
947,53,639,466,614,639,466,614,639,466,614,-173,-25,173,25,FALSE,FALSE
947,54,601,425,575,601,425,575,601,425,575,-176,-26,176,26,FALSE,FALSE
947,55,562,394,520,562,394,520,562,394,520,-168,-42,168,42,FALSE,FALSE
947,56,532,371,495,532,371,495,532,371,495,-161,-37,161,37,FALSE,FALSE
947,57,497,344,471,497,344,471,497,344,471,-153,-26,153,26,FALSE,FALSE
947,58,464,317,435,464,317,435,464,317,435,-147,-29,147,29,FALSE,FALSE
947,59,446,290,402,446,290,402,446,290,402,-156,-44,156,44,FALSE,FALSE
947,60,405,268,376,405,268,376,405,268,376,-137,-29,137,29,FALSE,FALSE
948,0,115,115,115,115,115,115,115,115,115,0,0,0,0,TRUE,TRUE
948,1,122,135,129,122,135,129,122,135,129,13,7,13,7,FALSE,FALSE
948,2,144,143,142,144,143,142,144,143,142,-1,-2,1,2,FALSE,FALSE
948,3,158,148,153,158,148,153,158,148,153,-10,-5,10,5,FALSE,FALSE
948,4,174,180,170,174,180,170,174,180,170,6,-4,6,4,FALSE,FALSE
948,5,181,183,186,181,183,186,181,183,186,2,5,2,5,FALSE,FALSE
948,6,202,194,204,202,194,204,202,194,204,-8,2,8,2,FALSE,FALSE
948,7,213,207,218,213,207,218,213,207,218,-6,5,6,5,FALSE,FALSE
948,8,240,234,224,240,234,224,240,234,224,-6,-16,6,16,FALSE,FALSE
948,9,258,251,253,258,251,253,258,251,253,-7,-5,7,5,FALSE,FALSE
948,10,279,274,261,279,274,261,279,274,261,-5,-18,5,18,FALSE,FALSE
948,11,309,313,270,309,313,270,309,313,270,4,-39,4,39,FALSE,FALSE
948,12,323,338,287,323,338,287,323,338,287,15,-36,15,36,FALSE,FALSE
948,13,326,377,288,326,377,288,326,377,288,51,-38,51,38,FALSE,FALSE
948,14,319,424,297,319,424,297,319,424,297,105,-22,105,22,FALSE,FALSE
948,15,327,477,318,327,477,318,327,477,318,150,-9,150,9,FALSE,FALSE
948,16,356,518,329,356,518,329,356,518,329,162,-27,162,27,FALSE,FALSE
948,17,389,513,343,389,513,343,389,513,343,124,-46,124,46,FALSE,FALSE
948,18,438,552,364,438,552,364,438,552,364,114,-74,114,74,FALSE,FALSE
948,19,467,589,379,467,589,379,467,589,379,122,-88,122,88,FALSE,FALSE
948,20,506,601,381,506,601,381,506,601,381,95,-125,95,125,FALSE,FALSE
948,21,547,619,407,547,619,407,547,619,407,72,-140,72,140,FALSE,FALSE
948,22,597,671,399,597,671,399,597,671,399,74,-198,74,198,FALSE,FALSE
948,23,610,676,405,610,676,405,610,676,405,66,-205,66,205,FALSE,FALSE
948,24,613,658,408,613,658,408,613,658,408,45,-205,45,205,FALSE,FALSE
948,25,621,657,413,621,657,413,621,657,413,36,-208,36,208,FALSE,FALSE
948,26,607,666,415,607,666,415,607,666,415,59,-192,59,192,FALSE,FALSE
948,27,625,669,420,625,669,420,625,669,420,44,-205,44,205,FALSE,FALSE
948,28,619,675,411,619,675,411,619,675,411,56,-208,56,208,FALSE,FALSE
948,29,626,652,390,626,652,390,626,652,390,26,-236,26,236,FALSE,FALSE
948,30,642,615,396,642,615,396,642,615,396,-27,-246,27,246,FALSE,FALSE
948,31,630,592,395,630,592,395,630,592,395,-38,-235,38,235,FALSE,FALSE
948,32,590,573,390,590,573,390,590,573,390,-17,-200,17,200,FALSE,FALSE
948,33,560,520,388,560,520,388,560,520,388,-40,-172,40,172,FALSE,FALSE
948,34,541,511,393,541,511,393,541,511,393,-30,-148,30,148,FALSE,FALSE
948,35,526,473,378,526,473,378,526,473,378,-53,-148,53,148,FALSE,FALSE
948,36,524,452,359,524,452,359,524,452,359,-72,-165,72,165,FALSE,FALSE
948,37,484,414,378,484,414,378,484,414,378,-70,-106,70,106,FALSE,FALSE
948,38,442,402,370,442,402,370,442,402,370,-40,-72,40,72,FALSE,FALSE
948,39,406,381,392,406,381,392,406,381,392,-25,-14,25,14,FALSE,FALSE
948,40,365,338,382,365,338,382,365,338,382,-27,17,27,17,FALSE,FALSE
948,41,354,324,372,354,324,372,354,324,372,-30,18,30,18,FALSE,FALSE
948,42,327,287,366,327,287,366,327,287,366,-40,39,40,39,FALSE,FALSE
948,43,310,243,355,310,243,355,310,243,355,-67,45,67,45,FALSE,FALSE
948,44,287,222,346,287,222,346,287,222,346,-65,59,65,59,FALSE,FALSE
948,45,280,215,310,280,215,310,280,215,310,-65,30,65,30,FALSE,FALSE
948,46,265,192,319,265,192,319,265,192,319,-73,54,73,54,FALSE,FALSE
948,47,252,181,306,252,181,306,252,181,306,-71,54,71,54,FALSE,FALSE
948,48,245,154,283,245,154,283,245,154,283,-91,38,91,38,FALSE,FALSE
948,49,231,154,263,231,154,263,231,154,263,-77,32,77,32,FALSE,FALSE
948,50,209,146,248,209,146,248,209,146,248,-63,39,63,39,FALSE,FALSE
948,51,197,126,235,197,126,235,197,126,235,-71,38,71,38,FALSE,FALSE
948,52,185,106,213,185,106,213,185,106,213,-79,28,79,28,FALSE,FALSE
948,53,176,95,195,176,95,195,176,95,195,-81,19,81,19,FALSE,FALSE
948,54,151,85,179,151,85,179,151,85,179,-66,28,66,28,FALSE,FALSE
948,55,133,83,164,133,83,164,133,83,164,-50,31,50,31,FALSE,FALSE
948,56,120,69,160,120,69,160,120,69,160,-51,40,51,40,FALSE,FALSE
948,57,123,62,144,123,62,144,123,62,144,-61,21,61,21,FALSE,FALSE
948,58,112,58,133,112,58,133,112,58,133,-54,21,54,21,FALSE,FALSE
948,59,108,57,122,108,57,122,108,57,122,-51,14,51,14,FALSE,FALSE
948,60,99,54,120,99,54,120,99,54,120,-45,21,45,21,FALSE,FALSE
949,0,90,90,90,90,90,90,90,90,90,0,0,0,0,TRUE,TRUE
949,1,104,115,107,104,115,107,104,115,107,11,3,11,3,FALSE,FALSE
949,2,120,134,123,120,134,123,120,134,123,14,3,14,3,FALSE,FALSE
949,3,147,150,156,147,150,156,147,150,156,3,9,3,9,FALSE,FALSE
949,4,180,178,186,180,178,186,180,178,186,-2,6,2,6,FALSE,FALSE
949,5,208,199,232,208,199,232,208,199,232,-9,24,9,24,FALSE,FALSE
949,6,257,245,280,257,245,280,257,245,280,-12,23,12,23,FALSE,FALSE
949,7,301,295,331,301,295,331,301,295,331,-6,30,6,30,FALSE,FALSE
949,8,373,365,391,373,365,391,373,365,391,-8,18,8,18,FALSE,FALSE
949,9,434,430,464,434,430,464,434,430,464,-4,30,4,30,FALSE,FALSE
949,10,523,509,567,523,509,567,523,509,567,-14,44,14,44,FALSE,FALSE
949,11,636,576,657,636,576,657,636,576,657,-60,21,60,21,FALSE,FALSE
949,12,767,677,752,767,677,752,767,677,752,-90,-15,90,15,FALSE,FALSE
949,13,881,769,857,881,769,857,881,769,857,-112,-24,112,24,FALSE,FALSE
949,14,996,881,974,996,881,974,996,881,974,-115,-22,115,22,FALSE,FALSE
949,15,1153,999,1125,1153,999,1125,1153,999,1125,-154,-28,154,28,FALSE,FALSE
949,16,1317,1118,1245,1317,1118,1245,1317,1118,1245,-199,-72,199,72,FALSE,FALSE
949,17,1424,1207,1360,1424,1207,1360,1424,1207,1360,-217,-64,217,64,FALSE,FALSE
949,18,1529,1314,1469,1529,1314,1469,1529,1314,1469,-215,-60,215,60,FALSE,FALSE
949,19,1661,1406,1587,1661,1406,1587,1661,1406,1587,-255,-74,255,74,FALSE,FALSE
949,20,1755,1495,1684,1755,1495,1684,1755,1495,1684,-260,-71,260,71,FALSE,FALSE
949,21,1834,1616,1754,1834,1616,1754,1834,1616,1754,-218,-80,218,80,FALSE,FALSE
949,22,1921,1722,1812,1921,1722,1812,1921,1722,1812,-199,-109,199,109,FALSE,FALSE
949,23,1943,1780,1827,1943,1780,1827,1943,1780,1827,-163,-116,163,116,FALSE,FALSE
949,24,1963,1811,1824,1963,1811,1824,1963,1811,1824,-152,-139,152,139,FALSE,FALSE
949,25,1972,1814,1840,1972,1814,1840,1972,1814,1840,-158,-132,158,132,FALSE,FALSE
949,26,1935,1832,1802,1935,1832,1802,1935,1832,1802,-103,-133,103,133,FALSE,FALSE
949,27,1905,1830,1794,1905,1830,1794,1905,1830,1794,-75,-111,75,111,FALSE,FALSE
949,28,1821,1787,1749,1821,1787,1749,1821,1787,1749,-34,-72,34,72,FALSE,FALSE
949,29,1774,1717,1683,1774,1717,1683,1774,1717,1683,-57,-91,57,91,FALSE,FALSE
949,30,1700,1672,1630,1700,1672,1630,1700,1672,1630,-28,-70,28,70,FALSE,FALSE
949,31,1609,1613,1598,1609,1613,1598,1609,1613,1598,4,-11,4,11,FALSE,FALSE
949,32,1527,1538,1498,1527,1538,1498,1527,1538,1498,11,-29,11,29,FALSE,FALSE
949,33,1423,1495,1430,1423,1495,1430,1423,1495,1430,72,7,72,7,FALSE,FALSE
949,34,1327,1428,1367,1327,1428,1367,1327,1428,1367,101,40,101,40,FALSE,FALSE
949,35,1230,1343,1284,1230,1343,1284,1230,1343,1284,113,54,113,54,FALSE,FALSE
949,36,1165,1250,1227,1165,1250,1227,1165,1250,1227,85,62,85,62,FALSE,FALSE
949,37,1094,1161,1131,1094,1161,1131,1094,1161,1131,67,37,67,37,FALSE,FALSE
949,38,1005,1090,1054,1005,1090,1054,1005,1090,1054,85,49,85,49,FALSE,FALSE
949,39,922,1031,982,922,1031,982,922,1031,982,109,60,109,60,FALSE,FALSE
949,40,841,968,913,841,968,913,841,968,913,127,72,127,72,FALSE,FALSE
949,41,758,899,838,758,899,838,758,899,838,141,80,141,80,FALSE,FALSE
949,42,693,811,772,693,811,772,693,811,772,118,79,118,79,FALSE,FALSE
949,43,635,749,715,635,749,715,635,749,715,114,80,114,80,FALSE,FALSE
949,44,578,679,653,578,679,653,578,679,653,101,75,101,75,FALSE,FALSE
949,45,540,619,619,540,619,619,540,619,619,79,79,79,79,FALSE,FALSE
949,46,498,564,587,498,564,587,498,564,587,66,89,66,89,FALSE,FALSE
949,47,465,530,538,465,530,538,465,530,538,65,73,65,73,FALSE,FALSE
949,48,433,477,489,433,477,489,433,477,489,44,56,44,56,FALSE,FALSE
949,49,385,426,449,385,426,449,385,426,449,41,64,41,64,FALSE,FALSE
949,50,349,404,407,349,404,407,349,404,407,55,58,55,58,FALSE,FALSE
949,51,313,361,378,313,361,378,313,361,378,48,65,48,65,FALSE,FALSE
949,52,278,334,339,278,334,339,278,334,339,56,61,56,61,FALSE,FALSE
949,53,243,307,311,243,307,311,243,307,311,64,68,64,68,FALSE,FALSE
949,54,217,281,294,217,281,294,217,281,294,64,77,64,77,FALSE,FALSE
949,55,205,250,269,205,250,269,205,250,269,45,64,45,64,FALSE,FALSE
949,56,186,224,249,186,224,249,186,224,249,38,63,38,63,FALSE,FALSE
949,57,165,206,229,165,206,229,165,206,229,41,64,41,64,FALSE,FALSE
949,58,148,191,207,148,191,207,148,191,207,43,59,43,59,FALSE,FALSE
949,59,135,175,193,135,175,193,135,175,193,40,58,40,58,FALSE,FALSE
949,60,126,163,167,126,163,167,126,163,167,37,41,37,41,FALSE,FALSE
950,0,70,70,70,70,70,70,70,70,70,0,0,0,0,TRUE,TRUE
950,1,121,91,131,121,91,131,121,91,131,-30,10,30,10,FALSE,FALSE
950,2,194,153,210,194,153,210,194,153,210,-41,16,41,16,FALSE,FALSE
950,3,337,250,378,337,250,378,337,250,378,-87,41,87,41,FALSE,FALSE
950,4,596,340,618,596,340,618,596,340,618,-256,22,256,22,FALSE,FALSE
950,5,967,494,990,967,494,990,967,494,990,-473,23,473,23,FALSE,FALSE
950,6,1467,703,1390,1467,703,1390,1467,703,1390,-764,-77,764,77,FALSE,FALSE
950,7,1898,990,1903,1898,990,1903,1898,990,1903,-908,5,908,5,FALSE,FALSE
950,8,2267,1244,2288,2267,1244,2288,2267,1244,2288,-1023,21,1023,21,FALSE,FALSE
950,9,2355,1522,2453,2355,1522,2453,2355,1522,2453,-833,98,833,98,FALSE,FALSE
950,10,2280,1805,2435,2280,1805,2435,2280,1805,2435,-475,155,475,155,FALSE,FALSE
950,11,2158,1936,2212,2158,1936,2212,2158,1936,2212,-222,54,222,54,FALSE,FALSE
950,12,1875,1972,1911,1875,1972,1911,1875,1972,1911,97,36,97,36,FALSE,FALSE
950,13,1548,1891,1570,1548,1891,1570,1548,1891,1570,343,22,343,22,FALSE,FALSE
950,14,1288,1725,1281,1288,1725,1281,1288,1725,1281,437,-7,437,7,FALSE,FALSE
950,15,1024,1540,1049,1024,1540,1049,1024,1540,1049,516,25,516,25,FALSE,FALSE
950,16,835,1327,857,835,1327,857,835,1327,857,492,22,492,22,FALSE,FALSE
950,17,677,1150,694,677,1150,694,677,1150,694,473,17,473,17,FALSE,FALSE
950,18,504,991,537,504,991,537,504,991,537,487,33,487,33,FALSE,FALSE
950,19,377,862,418,377,862,418,377,862,418,485,41,485,41,FALSE,FALSE
950,20,299,691,318,299,691,318,299,691,318,392,19,392,19,FALSE,FALSE
950,21,225,561,251,225,561,251,225,561,251,336,26,336,26,FALSE,FALSE
950,22,172,448,183,172,448,183,172,448,183,276,11,276,11,FALSE,FALSE
950,23,123,350,152,123,350,152,123,350,152,227,29,227,29,FALSE,FALSE
950,24,96,292,119,96,292,119,96,292,119,196,23,196,23,FALSE,FALSE
950,25,73,236,94,73,236,94,73,236,94,163,21,163,21,FALSE,FALSE
950,26,59,192,69,59,192,69,59,192,69,133,10,133,10,FALSE,FALSE
950,27,50,147,56,50,147,56,50,147,56,97,6,97,6,FALSE,FALSE
950,28,40,117,44,40,117,44,40,117,44,77,4,77,4,FALSE,FALSE
950,29,30,97,35,30,97,35,30,97,35,67,5,67,5,FALSE,FALSE
950,30,26,70,28,26,70,28,26,70,28,44,2,44,2,FALSE,FALSE
950,31,20,46,20,20,46,20,20,46,20,26,0,26,0,FALSE,TRUE
950,32,15,38,16,15,38,16,15,38,16,23,1,23,1,FALSE,FALSE
950,33,12,35,9,12,35,9,12,35,9,23,-3,23,3,FALSE,FALSE
950,34,6,30,7,6,30,7,6,30,7,24,1,24,1,FALSE,FALSE
950,35,5,24,6,5,24,6,5,24,6,19,1,19,1,FALSE,FALSE
950,36,5,24,2,5,24,2,5,24,2,19,-3,19,3,FALSE,FALSE
950,37,4,18,2,4,18,2,4,18,2,14,-2,14,2,FALSE,FALSE
950,38,3,12,2,3,12,2,3,12,2,9,-1,9,1,FALSE,FALSE
950,39,2,8,1,2,8,1,2,8,1,6,-1,6,1,FALSE,FALSE
950,40,1,7,1,1,7,1,1,7,1,6,0,6,0,FALSE,TRUE
950,41,1,7,1,1,7,1,1,7,1,6,0,6,0,FALSE,TRUE
950,42,1,6,1,1,6,1,1,6,1,5,0,5,0,FALSE,TRUE
950,43,1,4,1,1,4,1,1,4,1,3,0,3,0,FALSE,TRUE
950,44,1,4,1,1,4,1,1,4,1,3,0,3,0,FALSE,TRUE
950,45,0,1,1,0,1,1,0,1,1,1,1,1,1,FALSE,FALSE
950,46,0,0,1,0,0,1,0,0,1,0,1,0,1,TRUE,FALSE
950,47,0,0,0,0,0,0,0,0,0,0,0,0,0,TRUE,TRUE
950,48,0,0,0,0,0,0,0,0,0,0,0,0,0,TRUE,TRUE
950,49,0,0,0,0,0,0,0,0,0,0,0,0,0,TRUE,TRUE
950,50,0,0,0,0,0,0,0,0,0,0,0,0,0,TRUE,TRUE
950,51,0,0,0,0,0,0,0,0,0,0,0,0,0,TRUE,TRUE
950,52,0,0,0,0,0,0,0,0,0,0,0,0,0,TRUE,TRUE
950,53,0,0,0,0,0,0,0,0,0,0,0,0,0,TRUE,TRUE
950,54,0,0,0,0,0,0,0,0,0,0,0,0,0,TRUE,TRUE
950,55,0,0,0,0,0,0,0,0,0,0,0,0,0,TRUE,TRUE
950,56,0,0,0,0,0,0,0,0,0,0,0,0,0,TRUE,TRUE
950,57,0,0,0,0,0,0,0,0,0,0,0,0,0,TRUE,TRUE
950,58,0,0,0,0,0,0,0,0,0,0,0,0,0,TRUE,TRUE
950,59,0,0,0,0,0,0,0,0,0,0,0,0,0,TRUE,TRUE
950,60,0,0,0,0,0,0,0,0,0,0,0,0,0,TRUE,TRUE
951,0,65,65,65,65,65,65,65,65,65,0,0,0,0,TRUE,TRUE
951,1,113,91,110,113,91,110,113,91,110,-22,-3,22,3,FALSE,FALSE
951,2,216,161,200,216,161,200,216,161,200,-55,-16,55,16,FALSE,FALSE
951,3,361,267,354,361,267,354,361,267,354,-94,-7,94,7,FALSE,FALSE
951,4,608,447,627,608,447,627,608,447,627,-161,19,161,19,FALSE,FALSE
951,5,1017,758,1058,1017,758,1058,1017,758,1058,-259,41,259,41,FALSE,FALSE
951,6,1612,1213,1632,1612,1213,1632,1612,1213,1632,-399,20,399,20,FALSE,FALSE
951,7,2287,1747,2273,2287,1747,2273,2287,1747,2273,-540,-14,540,14,FALSE,FALSE
951,8,2862,2274,2857,2862,2274,2857,2862,2274,2857,-588,-5,588,5,FALSE,FALSE
951,9,3160,2633,3096,3160,2633,3096,3160,2633,3096,-527,-64,527,64,FALSE,FALSE
951,10,3021,2803,3045,3021,2803,3045,3021,2803,3045,-218,24,218,24,FALSE,FALSE
951,11,2800,2731,2789,2800,2731,2789,2800,2731,2789,-69,-11,69,11,FALSE,FALSE
951,12,2427,2506,2396,2427,2506,2396,2427,2506,2396,79,-31,79,31,FALSE,FALSE
951,13,2016,2257,2001,2016,2257,2001,2016,2257,2001,241,-15,241,15,FALSE,FALSE
951,14,1650,1950,1608,1650,1950,1608,1650,1950,1608,300,-42,300,42,FALSE,FALSE
951,15,1345,1609,1288,1345,1609,1288,1345,1609,1288,264,-57,264,57,FALSE,FALSE
951,16,1080,1348,1021,1080,1348,1021,1080,1348,1021,268,-59,268,59,FALSE,FALSE
951,17,870,1121,820,870,1121,820,870,1121,820,251,-50,251,50,FALSE,FALSE
951,18,697,904,660,697,904,660,697,904,660,207,-37,207,37,FALSE,FALSE
951,19,555,721,520,555,721,520,555,721,520,166,-35,166,35,FALSE,FALSE
951,20,426,590,433,426,590,433,426,590,433,164,7,164,7,FALSE,FALSE
951,21,359,475,352,359,475,352,359,475,352,116,-7,116,7,FALSE,FALSE
951,22,279,398,279,279,398,279,279,398,279,119,0,119,0,FALSE,TRUE
951,23,227,327,224,227,327,224,227,327,224,100,-3,100,3,FALSE,FALSE
951,24,178,271,177,178,271,177,178,271,177,93,-1,93,1,FALSE,FALSE
951,25,144,221,140,144,221,140,144,221,140,77,-4,77,4,FALSE,FALSE
951,26,110,178,126,110,178,126,110,178,126,68,16,68,16,FALSE,FALSE
951,27,89,144,105,89,144,105,89,144,105,55,16,55,16,FALSE,FALSE
951,28,71,120,79,71,120,79,71,120,79,49,8,49,8,FALSE,FALSE
951,29,50,101,59,50,101,59,50,101,59,51,9,51,9,FALSE,FALSE
951,30,42,80,45,42,80,45,42,80,45,38,3,38,3,FALSE,FALSE
951,31,37,67,34,37,67,34,37,67,34,30,-3,30,3,FALSE,FALSE
951,32,29,50,27,29,50,27,29,50,27,21,-2,21,2,FALSE,FALSE
951,33,20,45,20,20,45,20,20,45,20,25,0,25,0,FALSE,TRUE
951,34,13,37,17,13,37,17,13,37,17,24,4,24,4,FALSE,FALSE
951,35,13,30,13,13,30,13,13,30,13,17,0,17,0,FALSE,TRUE
951,36,9,22,11,9,22,11,9,22,11,13,2,13,2,FALSE,FALSE
951,37,8,18,8,8,18,8,8,18,8,10,0,10,0,FALSE,TRUE
951,38,6,17,7,6,17,7,6,17,7,11,1,11,1,FALSE,FALSE
951,39,6,16,3,6,16,3,6,16,3,10,-3,10,3,FALSE,FALSE
951,40,6,10,3,6,10,3,6,10,3,4,-3,4,3,FALSE,FALSE
951,41,4,7,2,4,7,2,4,7,2,3,-2,3,2,FALSE,FALSE
951,42,1,4,3,1,4,3,1,4,3,3,2,3,2,FALSE,FALSE
951,43,1,4,1,1,4,1,1,4,1,3,0,3,0,FALSE,TRUE
951,44,1,3,1,1,3,1,1,3,1,2,0,2,0,FALSE,TRUE
951,45,1,3,1,1,3,1,1,3,1,2,0,2,0,FALSE,TRUE
951,46,0,3,1,0,3,1,0,3,1,3,1,3,1,FALSE,FALSE
951,47,0,2,1,0,2,1,0,2,1,2,1,2,1,FALSE,FALSE
951,48,0,2,1,0,2,1,0,2,1,2,1,2,1,FALSE,FALSE
951,49,0,1,1,0,1,1,0,1,1,1,1,1,1,FALSE,FALSE
951,50,0,1,0,0,1,0,0,1,0,1,0,1,0,FALSE,TRUE
951,51,0,1,0,0,1,0,0,1,0,1,0,1,0,FALSE,TRUE
951,52,0,0,0,0,0,0,0,0,0,0,0,0,0,TRUE,TRUE
951,53,0,0,0,0,0,0,0,0,0,0,0,0,0,TRUE,TRUE
951,54,0,0,0,0,0,0,0,0,0,0,0,0,0,TRUE,TRUE
951,55,0,0,0,0,0,0,0,0,0,0,0,0,0,TRUE,TRUE
951,56,0,0,0,0,0,0,0,0,0,0,0,0,0,TRUE,TRUE
951,57,0,0,0,0,0,0,0,0,0,0,0,0,0,TRUE,TRUE
951,58,0,0,0,0,0,0,0,0,0,0,0,0,0,TRUE,TRUE
951,59,0,0,0,0,0,0,0,0,0,0,0,0,0,TRUE,TRUE
951,60,0,0,0,0,0,0,0,0,0,0,0,0,0,TRUE,TRUE
952,0,67,67,67,67,67,67,67,67,67,0,0,0,0,TRUE,TRUE
952,1,76,84,87,76,84,87,76,84,87,8,11,8,11,FALSE,FALSE
952,2,88,93,97,88,93,97,88,93,97,5,9,5,9,FALSE,FALSE
952,3,101,100,111,101,100,111,101,100,111,-1,10,1,10,FALSE,FALSE
952,4,116,110,134,116,110,134,116,110,134,-6,18,6,18,FALSE,FALSE
952,5,132,122,153,132,122,153,132,122,153,-10,21,10,21,FALSE,FALSE
952,6,159,134,166,159,134,166,159,134,166,-25,7,25,7,FALSE,FALSE
952,7,178,148,201,178,148,201,178,148,201,-30,23,30,23,FALSE,FALSE
952,8,197,161,232,197,161,232,197,161,232,-36,35,36,35,FALSE,FALSE
952,9,221,183,261,221,183,261,221,183,261,-38,40,38,40,FALSE,FALSE
952,10,264,213,271,264,213,271,264,213,271,-51,7,51,7,FALSE,FALSE
952,11,298,238,290,298,238,290,298,238,290,-60,-8,60,8,FALSE,FALSE
952,12,323,267,303,323,267,303,323,267,303,-56,-20,56,20,FALSE,FALSE
952,13,380,305,333,380,305,333,380,305,333,-75,-47,75,47,FALSE,FALSE
952,14,436,336,382,436,336,382,436,336,382,-100,-54,100,54,FALSE,FALSE
952,15,492,370,414,492,370,414,492,370,414,-122,-78,122,78,FALSE,FALSE
952,16,542,402,476,542,402,476,542,402,476,-140,-66,140,66,FALSE,FALSE
952,17,607,445,525,607,445,525,607,445,525,-162,-82,162,82,FALSE,FALSE
952,18,663,508,584,663,508,584,663,508,584,-155,-79,155,79,FALSE,FALSE
952,19,718,543,636,718,543,636,718,543,636,-175,-82,175,82,FALSE,FALSE
952,20,798,586,688,798,586,688,798,586,688,-212,-110,212,110,FALSE,FALSE
952,21,860,636,743,860,636,743,860,636,743,-224,-117,224,117,FALSE,FALSE
952,22,946,696,829,946,696,829,946,696,829,-250,-117,250,117,FALSE,FALSE
952,23,1033,755,911,1033,755,911,1033,755,911,-278,-122,278,122,FALSE,FALSE
952,24,1087,845,955,1087,845,955,1087,845,955,-242,-132,242,132,FALSE,FALSE
952,25,1178,903,1035,1178,903,1035,1178,903,1035,-275,-143,275,143,FALSE,FALSE
952,26,1235,964,1098,1235,964,1098,1235,964,1098,-271,-137,271,137,FALSE,FALSE
952,27,1294,1039,1151,1294,1039,1151,1294,1039,1151,-255,-143,255,143,FALSE,FALSE
952,28,1364,1105,1208,1364,1105,1208,1364,1105,1208,-259,-156,259,156,FALSE,FALSE
952,29,1401,1119,1267,1401,1119,1267,1401,1119,1267,-282,-134,282,134,FALSE,FALSE
952,30,1461,1167,1310,1461,1167,1310,1461,1167,1310,-294,-151,294,151,FALSE,FALSE
952,31,1483,1225,1349,1483,1225,1349,1483,1225,1349,-258,-134,258,134,FALSE,FALSE
952,32,1490,1286,1416,1490,1286,1416,1490,1286,1416,-204,-74,204,74,FALSE,FALSE
952,33,1498,1306,1453,1498,1306,1453,1498,1306,1453,-192,-45,192,45,FALSE,FALSE
952,34,1501,1347,1477,1501,1347,1477,1501,1347,1477,-154,-24,154,24,FALSE,FALSE
952,35,1490,1359,1477,1490,1359,1477,1490,1359,1477,-131,-13,131,13,FALSE,FALSE
952,36,1448,1361,1478,1448,1361,1478,1448,1361,1478,-87,30,87,30,FALSE,FALSE
952,37,1450,1316,1427,1450,1316,1427,1450,1316,1427,-134,-23,134,23,FALSE,FALSE
952,38,1436,1295,1456,1436,1295,1456,1436,1295,1456,-141,20,141,20,FALSE,FALSE
952,39,1396,1304,1397,1396,1304,1397,1396,1304,1397,-92,1,92,1,FALSE,FALSE
952,40,1333,1258,1380,1333,1258,1380,1333,1258,1380,-75,47,75,47,FALSE,FALSE
952,41,1294,1255,1335,1294,1255,1335,1294,1255,1335,-39,41,39,41,FALSE,FALSE
952,42,1256,1214,1274,1256,1214,1274,1256,1214,1274,-42,18,42,18,FALSE,FALSE
952,43,1192,1164,1247,1192,1164,1247,1192,1164,1247,-28,55,28,55,FALSE,FALSE
952,44,1148,1154,1199,1148,1154,1199,1148,1154,1199,6,51,6,51,FALSE,FALSE
952,45,1080,1100,1153,1080,1100,1153,1080,1100,1153,20,73,20,73,FALSE,FALSE
952,46,1049,1063,1113,1049,1063,1113,1049,1063,1113,14,64,14,64,FALSE,FALSE
952,47,1005,990,1054,1005,990,1054,1005,990,1054,-15,49,15,49,FALSE,FALSE
952,48,945,962,1023,945,962,1023,945,962,1023,17,78,17,78,FALSE,FALSE
952,49,897,929,982,897,929,982,897,929,982,32,85,32,85,FALSE,FALSE
952,50,823,902,927,823,902,927,823,902,927,79,104,79,104,FALSE,FALSE
952,51,768,855,879,768,855,879,768,855,879,87,111,87,111,FALSE,FALSE
952,52,721,797,839,721,797,839,721,797,839,76,118,76,118,FALSE,FALSE
952,53,694,753,790,694,753,790,694,753,790,59,96,59,96,FALSE,FALSE
952,54,639,717,736,639,717,736,639,717,736,78,97,78,97,FALSE,FALSE
952,55,592,666,694,592,666,694,592,666,694,74,102,74,102,FALSE,FALSE
952,56,562,626,657,562,626,657,562,626,657,64,95,64,95,FALSE,FALSE
952,57,518,591,625,518,591,625,518,591,625,73,107,73,107,FALSE,FALSE
952,58,476,572,587,476,572,587,476,572,587,96,111,96,111,FALSE,FALSE
952,59,448,531,549,448,531,549,448,531,549,83,101,83,101,FALSE,FALSE
952,60,423,500,510,423,500,510,423,500,510,77,87,77,87,FALSE,FALSE
953,0,105,105,105,105,105,105,105,105,105,0,0,0,0,TRUE,TRUE
953,1,141,146,144,141,146,144,141,146,144,5,3,5,3,FALSE,FALSE
953,2,185,200,202,185,200,202,185,200,202,15,17,15,17,FALSE,FALSE
953,3,228,234,258,228,234,258,228,234,258,6,30,6,30,FALSE,FALSE
953,4,259,320,314,259,320,314,259,320,314,61,55,61,55,FALSE,FALSE
953,5,306,400,410,306,400,410,306,400,410,94,104,94,104,FALSE,FALSE
953,6,389,479,505,389,479,505,389,479,505,90,116,90,116,FALSE,FALSE
953,7,494,616,614,494,616,614,494,616,614,122,120,122,120,FALSE,FALSE
953,8,583,762,733,583,762,733,583,762,733,179,150,179,150,FALSE,FALSE
953,9,736,876,870,736,876,870,736,876,870,140,134,140,134,FALSE,FALSE
953,10,888,1017,1020,888,1017,1020,888,1017,1020,129,132,129,132,FALSE,FALSE
953,11,1065,1142,1162,1065,1142,1162,1065,1142,1162,77,97,77,97,FALSE,FALSE
953,12,1171,1258,1275,1171,1258,1275,1171,1258,1275,87,104,87,104,FALSE,FALSE
953,13,1315,1393,1410,1315,1393,1410,1315,1393,1410,78,95,78,95,FALSE,FALSE
953,14,1433,1495,1475,1433,1495,1475,1433,1495,1475,62,42,62,42,FALSE,FALSE
953,15,1519,1516,1508,1519,1516,1508,1519,1516,1508,-3,-11,3,11,FALSE,FALSE
953,16,1572,1471,1489,1572,1471,1489,1572,1471,1489,-101,-83,101,83,FALSE,FALSE
953,17,1608,1452,1480,1608,1452,1480,1608,1452,1480,-156,-128,156,128,FALSE,FALSE
953,18,1605,1408,1438,1605,1408,1438,1605,1408,1438,-197,-167,197,167,FALSE,FALSE
953,19,1538,1352,1370,1538,1352,1370,1538,1352,1370,-186,-168,186,168,FALSE,FALSE
953,20,1492,1259,1243,1492,1259,1243,1492,1259,1243,-233,-249,233,249,FALSE,FALSE
953,21,1376,1193,1160,1376,1193,1160,1376,1193,1160,-183,-216,183,216,FALSE,FALSE
953,22,1248,1065,1091,1248,1065,1091,1248,1065,1091,-183,-157,183,157,FALSE,FALSE
953,23,1104,948,963,1104,948,963,1104,948,963,-156,-141,156,141,FALSE,FALSE
953,24,965,850,875,965,850,875,965,850,875,-115,-90,115,90,FALSE,FALSE
953,25,848,767,772,848,767,772,848,767,772,-81,-76,81,76,FALSE,FALSE
953,26,768,650,683,768,650,683,768,650,683,-118,-85,118,85,FALSE,FALSE
953,27,663,569,596,663,569,596,663,569,596,-94,-67,94,67,FALSE,FALSE
953,28,543,506,520,543,506,520,543,506,520,-37,-23,37,23,FALSE,FALSE
953,29,448,444,479,448,444,479,448,444,479,-4,31,4,31,FALSE,FALSE
953,30,382,410,406,382,410,406,382,410,406,28,24,28,24,FALSE,FALSE
953,31,326,330,364,326,330,364,326,330,364,4,38,4,38,FALSE,FALSE
953,32,293,282,311,293,282,311,293,282,311,-11,18,11,18,FALSE,FALSE
953,33,227,258,275,227,258,275,227,258,275,31,48,31,48,FALSE,FALSE
953,34,188,210,237,188,210,237,188,210,237,22,49,22,49,FALSE,FALSE
953,35,163,185,213,163,185,213,163,185,213,22,50,22,50,FALSE,FALSE
953,36,122,157,177,122,157,177,122,157,177,35,55,35,55,FALSE,FALSE
953,37,106,134,161,106,134,161,106,134,161,28,55,28,55,FALSE,FALSE
953,38,94,118,133,94,118,133,94,118,133,24,39,24,39,FALSE,FALSE
953,39,74,103,114,74,103,114,74,103,114,29,40,29,40,FALSE,FALSE
953,40,63,88,89,63,88,89,63,88,89,25,26,25,26,FALSE,FALSE
953,41,59,82,79,59,82,79,59,82,79,23,20,23,20,FALSE,FALSE
953,42,55,73,63,55,73,63,55,73,63,18,8,18,8,FALSE,FALSE
953,43,41,69,52,41,69,52,41,69,52,28,11,28,11,FALSE,FALSE
953,44,35,58,45,35,58,45,35,58,45,23,10,23,10,FALSE,FALSE
953,45,27,48,39,27,48,39,27,48,39,21,12,21,12,FALSE,FALSE
953,46,24,42,29,24,42,29,24,42,29,18,5,18,5,FALSE,FALSE
953,47,20,35,24,20,35,24,20,35,24,15,4,15,4,FALSE,FALSE
953,48,17,28,22,17,28,22,17,28,22,11,5,11,5,FALSE,FALSE
953,49,15,25,15,15,25,15,15,25,15,10,0,10,0,FALSE,TRUE
953,50,15,20,14,15,20,14,15,20,14,5,-1,5,1,FALSE,FALSE
953,51,13,19,14,13,19,14,13,19,14,6,1,6,1,FALSE,FALSE
953,52,12,17,13,12,17,13,12,17,13,5,1,5,1,FALSE,FALSE
953,53,10,19,7,10,19,7,10,19,7,9,-3,9,3,FALSE,FALSE
953,54,7,15,6,7,15,6,7,15,6,8,-1,8,1,FALSE,FALSE
953,55,6,15,7,6,15,7,6,15,7,9,1,9,1,FALSE,FALSE
953,56,6,11,5,6,11,5,6,11,5,5,-1,5,1,FALSE,FALSE
953,57,4,8,3,4,8,3,4,8,3,4,-1,4,1,FALSE,FALSE
953,58,1,5,3,1,5,3,1,5,3,4,2,4,2,FALSE,FALSE
953,59,1,5,4,1,5,4,1,5,4,4,3,4,3,FALSE,FALSE
953,60,1,5,2,1,5,2,1,5,2,4,1,4,1,FALSE,FALSE
954,0,54,54,54,54,54,54,54,54,54,0,0,0,0,TRUE,TRUE
954,1,82,77,85,82,77,85,82,77,85,-5,3,5,3,FALSE,FALSE
954,2,132,117,124,132,117,124,132,117,124,-15,-8,15,8,FALSE,FALSE
954,3,203,172,202,203,172,202,203,172,202,-31,-1,31,1,FALSE,FALSE
954,4,280,261,284,280,261,284,280,261,284,-19,4,19,4,FALSE,FALSE
954,5,424,396,426,424,396,426,424,396,426,-28,2,28,2,FALSE,FALSE
954,6,607,591,604,607,591,604,607,591,604,-16,-3,16,3,FALSE,FALSE
954,7,880,838,852,880,838,852,880,838,852,-42,-28,42,28,FALSE,FALSE
954,8,1224,1151,1186,1224,1151,1186,1224,1151,1186,-73,-38,73,38,FALSE,FALSE
954,9,1643,1499,1546,1643,1499,1546,1643,1499,1546,-144,-97,144,97,FALSE,FALSE
954,10,2083,1873,1932,2083,1873,1932,2083,1873,1932,-210,-151,210,151,FALSE,FALSE
954,11,2437,2197,2255,2437,2197,2255,2437,2197,2255,-240,-182,240,182,FALSE,FALSE
954,12,2646,2440,2440,2646,2440,2440,2646,2440,2440,-206,-206,206,206,FALSE,FALSE
954,13,2703,2553,2482,2703,2553,2482,2703,2553,2482,-150,-221,150,221,FALSE,FALSE
954,14,2593,2501,2425,2593,2501,2425,2593,2501,2425,-92,-168,92,168,FALSE,FALSE
954,15,2372,2414,2270,2372,2414,2270,2372,2414,2270,42,-102,42,102,FALSE,FALSE
954,16,2153,2178,2058,2153,2178,2058,2153,2178,2058,25,-95,25,95,FALSE,FALSE
954,17,1881,1926,1884,1881,1926,1884,1881,1926,1884,45,3,45,3,FALSE,FALSE
954,18,1602,1649,1628,1602,1649,1628,1602,1649,1628,47,26,47,26,FALSE,FALSE
954,19,1321,1409,1398,1321,1409,1398,1321,1409,1398,88,77,88,77,FALSE,FALSE
954,20,1119,1164,1188,1119,1164,1188,1119,1164,1188,45,69,45,69,FALSE,FALSE
954,21,936,969,985,936,969,985,936,969,985,33,49,33,49,FALSE,FALSE
954,22,780,782,833,780,782,833,780,782,833,2,53,2,53,FALSE,FALSE
954,23,646,651,722,646,651,722,646,651,722,5,76,5,76,FALSE,FALSE
954,24,516,540,610,516,540,610,516,540,610,24,94,24,94,FALSE,FALSE
954,25,422,442,490,422,442,490,422,442,490,20,68,20,68,FALSE,FALSE
954,26,351,376,400,351,376,400,351,376,400,25,49,25,49,FALSE,FALSE
954,27,283,312,331,283,312,331,283,312,331,29,48,29,48,FALSE,FALSE
954,28,213,269,256,213,269,256,213,269,256,56,43,56,43,FALSE,FALSE
954,29,174,212,212,174,212,212,174,212,212,38,38,38,38,FALSE,FALSE
954,30,143,180,177,143,180,177,143,180,177,37,34,37,34,FALSE,FALSE
954,31,107,151,154,107,151,154,107,151,154,44,47,44,47,FALSE,FALSE
954,32,87,127,140,87,127,140,87,127,140,40,53,40,53,FALSE,FALSE
954,33,72,101,113,72,101,113,72,101,113,29,41,29,41,FALSE,FALSE
954,34,59,90,97,59,90,97,59,90,97,31,38,31,38,FALSE,FALSE
954,35,47,77,84,47,77,84,47,77,84,30,37,30,37,FALSE,FALSE
954,36,37,70,68,37,70,68,37,70,68,33,31,33,31,FALSE,FALSE
954,37,30,65,56,30,65,56,30,65,56,35,26,35,26,FALSE,FALSE
954,38,22,57,45,22,57,45,22,57,45,35,23,35,23,FALSE,FALSE
954,39,17,46,36,17,46,36,17,46,36,29,19,29,19,FALSE,FALSE
954,40,16,37,30,16,37,30,16,37,30,21,14,21,14,FALSE,FALSE
954,41,9,24,26,9,24,26,9,24,26,15,17,15,17,FALSE,FALSE
954,42,7,27,18,7,27,18,7,27,18,20,11,20,11,FALSE,FALSE
954,43,6,22,18,6,22,18,6,22,18,16,12,16,12,FALSE,FALSE
954,44,3,19,13,3,19,13,3,19,13,16,10,16,10,FALSE,FALSE
954,45,1,16,12,1,16,12,1,16,12,15,11,15,11,FALSE,FALSE
954,46,1,16,10,1,16,10,1,16,10,15,9,15,9,FALSE,FALSE
954,47,1,14,10,1,14,10,1,14,10,13,9,13,9,FALSE,FALSE
954,48,1,14,8,1,14,8,1,14,8,13,7,13,7,FALSE,FALSE
954,49,1,12,9,1,12,9,1,12,9,11,8,11,8,FALSE,FALSE
954,50,0,10,7,0,10,7,0,10,7,10,7,10,7,FALSE,FALSE
954,51,0,9,7,0,9,7,0,9,7,9,7,9,7,FALSE,FALSE
954,52,0,9,6,0,9,6,0,9,6,9,6,9,6,FALSE,FALSE
954,53,0,6,3,0,6,3,0,6,3,6,3,6,3,FALSE,FALSE
954,54,0,5,3,0,5,3,0,5,3,5,3,5,3,FALSE,FALSE
954,55,0,4,3,0,4,3,0,4,3,4,3,4,3,FALSE,FALSE
954,56,0,2,2,0,2,2,0,2,2,2,2,2,2,FALSE,FALSE
954,57,0,1,1,0,1,1,0,1,1,1,1,1,1,FALSE,FALSE
954,58,0,1,1,0,1,1,0,1,1,1,1,1,1,FALSE,FALSE
954,59,0,1,1,0,1,1,0,1,1,1,1,1,1,FALSE,FALSE
954,60,0,1,1,0,1,1,0,1,1,1,1,1,1,FALSE,FALSE
955,0,107,107,107,107,107,107,107,107,107,0,0,0,0,TRUE,TRUE
955,1,124,134,118,124,134,118,124,134,118,10,-6,10,6,FALSE,FALSE
955,2,136,162,129,136,162,129,136,162,129,26,-7,26,7,FALSE,FALSE
955,3,154,181,142,154,181,142,154,181,142,27,-12,27,12,FALSE,FALSE
955,4,184,212,153,184,212,153,184,212,153,28,-31,28,31,FALSE,FALSE
955,5,200,235,178,200,235,178,200,235,178,35,-22,35,22,FALSE,FALSE
955,6,209,283,198,209,283,198,209,283,198,74,-11,74,11,FALSE,FALSE
955,7,248,304,221,248,304,221,248,304,221,56,-27,56,27,FALSE,FALSE
955,8,294,356,257,294,356,257,294,356,257,62,-37,62,37,FALSE,FALSE
955,9,331,393,274,331,393,274,331,393,274,62,-57,62,57,FALSE,FALSE
955,10,342,463,301,342,463,301,342,463,301,121,-41,121,41,FALSE,FALSE
955,11,392,511,313,392,511,313,392,511,313,119,-79,119,79,FALSE,FALSE
955,12,437,564,343,437,564,343,437,564,343,127,-94,127,94,FALSE,FALSE
955,13,467,596,363,467,596,363,467,596,363,129,-104,129,104,FALSE,FALSE
955,14,477,640,404,477,640,404,477,640,404,163,-73,163,73,FALSE,FALSE
955,15,533,683,447,533,683,447,533,683,447,150,-86,150,86,FALSE,FALSE
955,16,571,735,461,571,735,461,571,735,461,164,-110,164,110,FALSE,FALSE
955,17,590,772,496,590,772,496,590,772,496,182,-94,182,94,FALSE,FALSE
955,18,654,867,532,654,867,532,654,867,532,213,-122,213,122,FALSE,FALSE
955,19,702,901,549,702,901,549,702,901,549,199,-153,199,153,FALSE,FALSE
955,20,737,939,565,737,939,565,737,939,565,202,-172,202,172,FALSE,FALSE
955,21,796,932,575,796,932,575,796,932,575,136,-221,136,221,FALSE,FALSE
955,22,812,923,597,812,923,597,812,923,597,111,-215,111,215,FALSE,FALSE
955,23,809,913,623,809,913,623,809,913,623,104,-186,104,186,FALSE,FALSE
955,24,802,915,637,802,915,637,802,915,637,113,-165,113,165,FALSE,FALSE
955,25,766,886,650,766,886,650,766,886,650,120,-116,120,116,FALSE,FALSE
955,26,752,876,659,752,876,659,752,876,659,124,-93,124,93,FALSE,FALSE
955,27,752,850,666,752,850,666,752,850,666,98,-86,98,86,FALSE,FALSE
955,28,737,838,667,737,838,667,737,838,667,101,-70,101,70,FALSE,FALSE
955,29,726,814,673,726,814,673,726,814,673,88,-53,88,53,FALSE,FALSE
955,30,742,775,647,742,775,647,742,775,647,33,-95,33,95,FALSE,FALSE
955,31,750,732,638,750,732,638,750,732,638,-18,-112,18,112,FALSE,FALSE
955,32,708,697,598,708,697,598,708,697,598,-11,-110,11,110,FALSE,FALSE
955,33,664,666,591,664,666,591,664,666,591,2,-73,2,73,FALSE,FALSE
955,34,643,641,577,643,641,577,643,641,577,-2,-66,2,66,FALSE,FALSE
955,35,614,612,552,614,612,552,614,612,552,-2,-62,2,62,FALSE,FALSE
955,36,561,555,536,561,555,536,561,555,536,-6,-25,6,25,FALSE,FALSE
955,37,538,544,521,538,544,521,538,544,521,6,-17,6,17,FALSE,FALSE
955,38,530,501,494,530,501,494,530,501,494,-29,-36,29,36,FALSE,FALSE
955,39,504,463,513,504,463,513,504,463,513,-41,9,41,9,FALSE,FALSE
955,40,477,430,474,477,430,474,477,430,474,-47,-3,47,3,FALSE,FALSE
955,41,450,396,457,450,396,457,450,396,457,-54,7,54,7,FALSE,FALSE
955,42,431,369,426,431,369,426,431,369,426,-62,-5,62,5,FALSE,FALSE
955,43,404,336,405,404,336,405,404,336,405,-68,1,68,1,FALSE,FALSE
955,44,377,310,391,377,310,391,377,310,391,-67,14,67,14,FALSE,FALSE
955,45,348,281,364,348,281,364,348,281,364,-67,16,67,16,FALSE,FALSE
955,46,325,261,345,325,261,345,325,261,345,-64,20,64,20,FALSE,FALSE
955,47,288,252,337,288,252,337,288,252,337,-36,49,36,49,FALSE,FALSE
955,48,274,227,329,274,227,329,274,227,329,-47,55,47,55,FALSE,FALSE
955,49,259,217,303,259,217,303,259,217,303,-42,44,42,44,FALSE,FALSE
955,50,236,214,280,236,214,280,236,214,280,-22,44,22,44,FALSE,FALSE
955,51,222,188,248,222,188,248,222,188,248,-34,26,34,26,FALSE,FALSE
955,52,213,180,229,213,180,229,213,180,229,-33,16,33,16,FALSE,FALSE
955,53,191,165,218,191,165,218,191,165,218,-26,27,26,27,FALSE,FALSE
955,54,165,138,199,165,138,199,165,138,199,-27,34,27,34,FALSE,FALSE
955,55,145,128,179,145,128,179,145,128,179,-17,34,17,34,FALSE,FALSE
955,56,138,132,164,138,132,164,138,132,164,-6,26,6,26,FALSE,FALSE
955,57,134,115,168,134,115,168,134,115,168,-19,34,19,34,FALSE,FALSE
955,58,130,98,167,130,98,167,130,98,167,-32,37,32,37,FALSE,FALSE
955,59,127,94,167,127,94,167,127,94,167,-33,40,33,40,FALSE,FALSE
955,60,120,88,150,120,88,150,120,88,150,-32,30,32,30,FALSE,FALSE
956,0,142,142,142,142,142,142,142,142,142,0,0,0,0,TRUE,TRUE
956,1,147,146,153,147,146,153,147,146,153,-1,6,1,6,FALSE,FALSE
956,2,164,160,159,164,160,159,164,160,159,-4,-5,4,5,FALSE,FALSE
956,3,187,172,168,187,172,168,187,172,168,-15,-19,15,19,FALSE,FALSE
956,4,209,176,181,209,176,181,209,176,181,-33,-28,33,28,FALSE,FALSE
956,5,232,191,186,232,191,186,232,191,186,-41,-46,41,46,FALSE,FALSE
956,6,253,215,215,253,215,215,253,215,215,-38,-38,38,38,FALSE,FALSE
956,7,280,230,229,280,230,229,280,230,229,-50,-51,50,51,FALSE,FALSE
956,8,308,247,233,308,247,233,308,247,233,-61,-75,61,75,FALSE,FALSE
956,9,317,274,248,317,274,248,317,274,248,-43,-69,43,69,FALSE,FALSE
956,10,343,283,257,343,283,257,343,283,257,-60,-86,60,86,FALSE,FALSE
956,11,371,302,280,371,302,280,371,302,280,-69,-91,69,91,FALSE,FALSE
956,12,385,311,302,385,311,302,385,311,302,-74,-83,74,83,FALSE,FALSE
956,13,403,329,319,403,329,319,403,329,319,-74,-84,74,84,FALSE,FALSE
956,14,426,345,334,426,345,334,426,345,334,-81,-92,81,92,FALSE,FALSE
956,15,438,348,340,438,348,340,438,348,340,-90,-98,90,98,FALSE,FALSE
956,16,447,368,362,447,368,362,447,368,362,-79,-85,79,85,FALSE,FALSE
956,17,464,397,389,464,397,389,464,397,389,-67,-75,67,75,FALSE,FALSE
956,18,516,407,429,516,407,429,516,407,429,-109,-87,109,87,FALSE,FALSE
956,19,551,401,467,551,401,467,551,401,467,-150,-84,150,84,FALSE,FALSE
956,20,575,418,456,575,418,456,575,418,456,-157,-119,157,119,FALSE,FALSE
956,21,599,454,487,599,454,487,599,454,487,-145,-112,145,112,FALSE,FALSE
956,22,600,453,512,600,453,512,600,453,512,-147,-88,147,88,FALSE,FALSE
956,23,642,465,556,642,465,556,642,465,556,-177,-86,177,86,FALSE,FALSE
956,24,653,483,575,653,483,575,653,483,575,-170,-78,170,78,FALSE,FALSE
956,25,711,506,601,711,506,601,711,506,601,-205,-110,205,110,FALSE,FALSE
956,26,757,511,623,757,511,623,757,511,623,-246,-134,246,134,FALSE,FALSE
956,27,763,524,649,763,524,649,763,524,649,-239,-114,239,114,FALSE,FALSE
956,28,784,554,640,784,554,640,784,554,640,-230,-144,230,144,FALSE,FALSE
956,29,797,577,645,797,577,645,797,577,645,-220,-152,220,152,FALSE,FALSE
956,30,835,593,654,835,593,654,835,593,654,-242,-181,242,181,FALSE,FALSE
956,31,855,626,671,855,626,671,855,626,671,-229,-184,229,184,FALSE,FALSE
956,32,883,657,689,883,657,689,883,657,689,-226,-194,226,194,FALSE,FALSE
956,33,896,682,696,896,682,696,896,682,696,-214,-200,214,200,FALSE,FALSE
956,34,924,677,715,924,677,715,924,677,715,-247,-209,247,209,FALSE,FALSE
956,35,936,698,715,936,698,715,936,698,715,-238,-221,238,221,FALSE,FALSE
956,36,932,719,729,932,719,729,932,719,729,-213,-203,213,203,FALSE,FALSE
956,37,904,720,756,904,720,756,904,720,756,-184,-148,184,148,FALSE,FALSE
956,38,912,751,739,912,751,739,912,751,739,-161,-173,161,173,FALSE,FALSE
956,39,947,756,736,947,756,736,947,756,736,-191,-211,191,211,FALSE,FALSE
956,40,941,769,761,941,769,761,941,769,761,-172,-180,172,180,FALSE,FALSE
956,41,923,784,738,923,784,738,923,784,738,-139,-185,139,185,FALSE,FALSE
956,42,918,779,756,918,779,756,918,779,756,-139,-162,139,162,FALSE,FALSE
956,43,904,789,765,904,789,765,904,789,765,-115,-139,115,139,FALSE,FALSE
956,44,889,793,761,889,793,761,889,793,761,-96,-128,96,128,FALSE,FALSE
956,45,872,783,755,872,783,755,872,783,755,-89,-117,89,117,FALSE,FALSE
956,46,850,760,732,850,760,732,850,760,732,-90,-118,90,118,FALSE,FALSE
956,47,816,769,739,816,769,739,816,769,739,-47,-77,47,77,FALSE,FALSE
956,48,781,757,726,781,757,726,781,757,726,-24,-55,24,55,FALSE,FALSE
956,49,748,767,708,748,767,708,748,767,708,19,-40,19,40,FALSE,FALSE
956,50,706,748,682,706,748,682,706,748,682,42,-24,42,24,FALSE,FALSE
956,51,669,742,669,669,742,669,669,742,669,73,0,73,0,FALSE,TRUE
956,52,643,733,652,643,733,652,643,733,652,90,9,90,9,FALSE,FALSE
956,53,625,719,614,625,719,614,625,719,614,94,-11,94,11,FALSE,FALSE
956,54,612,703,600,612,703,600,612,703,600,91,-12,91,12,FALSE,FALSE
956,55,578,702,597,578,702,597,578,702,597,124,19,124,19,FALSE,FALSE
956,56,559,681,594,559,681,594,559,681,594,122,35,122,35,FALSE,FALSE
956,57,549,657,584,549,657,584,549,657,584,108,35,108,35,FALSE,FALSE
956,58,505,638,571,505,638,571,505,638,571,133,66,133,66,FALSE,FALSE
956,59,483,617,577,483,617,577,483,617,577,134,94,134,94,FALSE,FALSE
956,60,462,567,565,462,567,565,462,567,565,105,103,105,103,FALSE,FALSE
957,0,91,91,91,91,91,91,91,91,91,0,0,0,0,TRUE,TRUE
957,1,159,128,157,159,128,157,159,128,157,-31,-2,31,2,FALSE,FALSE
957,2,286,239,251,286,239,251,286,239,251,-47,-35,47,35,FALSE,FALSE
957,3,460,412,423,460,412,423,460,412,423,-48,-37,48,37,FALSE,FALSE
957,4,698,658,716,698,658,716,698,658,716,-40,18,40,18,FALSE,FALSE
957,5,1013,970,1070,1013,970,1070,1013,970,1070,-43,57,43,57,FALSE,FALSE
957,6,1421,1377,1538,1421,1377,1538,1421,1377,1538,-44,117,44,117,FALSE,FALSE
957,7,1795,1722,1938,1795,1722,1938,1795,1722,1938,-73,143,73,143,FALSE,FALSE
957,8,2050,1969,2224,2050,1969,2224,2050,1969,2224,-81,174,81,174,FALSE,FALSE
957,9,2191,2135,2233,2191,2135,2233,2191,2135,2233,-56,42,56,42,FALSE,FALSE
957,10,2119,2111,2114,2119,2111,2114,2119,2111,2114,-8,-5,8,5,FALSE,FALSE
957,11,1940,1945,1878,1940,1945,1878,1940,1945,1878,5,-62,5,62,FALSE,FALSE
957,12,1732,1745,1596,1732,1745,1596,1732,1745,1596,13,-136,13,136,FALSE,FALSE
957,13,1499,1542,1363,1499,1542,1363,1499,1542,1363,43,-136,43,136,FALSE,FALSE
957,14,1261,1338,1137,1261,1338,1137,1261,1338,1137,77,-124,77,124,FALSE,FALSE
957,15,1073,1120,950,1073,1120,950,1073,1120,950,47,-123,47,123,FALSE,FALSE
957,16,863,942,775,863,942,775,863,942,775,79,-88,79,88,FALSE,FALSE
957,17,724,779,636,724,779,636,724,779,636,55,-88,55,88,FALSE,FALSE
957,18,609,653,523,609,653,523,609,653,523,44,-86,44,86,FALSE,FALSE
957,19,519,538,423,519,538,423,519,538,423,19,-96,19,96,FALSE,FALSE
957,20,439,452,348,439,452,348,439,452,348,13,-91,13,91,FALSE,FALSE
957,21,347,381,272,347,381,272,347,381,272,34,-75,34,75,FALSE,FALSE
957,22,287,310,214,287,310,214,287,310,214,23,-73,23,73,FALSE,FALSE
957,23,226,250,172,226,250,172,226,250,172,24,-54,24,54,FALSE,FALSE
957,24,171,197,143,171,197,143,171,197,143,26,-28,26,28,FALSE,FALSE
957,25,151,169,124,151,169,124,151,169,124,18,-27,18,27,FALSE,FALSE
957,26,127,143,97,127,143,97,127,143,97,16,-30,16,30,FALSE,FALSE
957,27,105,119,73,105,119,73,105,119,73,14,-32,14,32,FALSE,FALSE
957,28,89,106,61,89,106,61,89,106,61,17,-28,17,28,FALSE,FALSE
957,29,69,84,54,69,84,54,69,84,54,15,-15,15,15,FALSE,FALSE
957,30,63,67,38,63,67,38,63,67,38,4,-25,4,25,FALSE,FALSE
957,31,49,56,30,49,56,30,49,56,30,7,-19,7,19,FALSE,FALSE
957,32,43,47,22,43,47,22,43,47,22,4,-21,4,21,FALSE,FALSE
957,33,35,36,16,35,36,16,35,36,16,1,-19,1,19,FALSE,FALSE
957,34,28,27,16,28,27,16,28,27,16,-1,-12,1,12,FALSE,FALSE
957,35,23,21,12,23,21,12,23,21,12,-2,-11,2,11,FALSE,FALSE
957,36,21,15,9,21,15,9,21,15,9,-6,-12,6,12,FALSE,FALSE
957,37,15,14,7,15,14,7,15,14,7,-1,-8,1,8,FALSE,FALSE
957,38,13,10,6,13,10,6,13,10,6,-3,-7,3,7,FALSE,FALSE
957,39,10,9,6,10,9,6,10,9,6,-1,-4,1,4,FALSE,FALSE
957,40,7,8,3,7,8,3,7,8,3,1,-4,1,4,FALSE,FALSE
957,41,5,8,3,5,8,3,5,8,3,3,-2,3,2,FALSE,FALSE
957,42,5,7,3,5,7,3,5,7,3,2,-2,2,2,FALSE,FALSE
957,43,3,6,3,3,6,3,3,6,3,3,0,3,0,FALSE,TRUE
957,44,3,5,2,3,5,2,3,5,2,2,-1,2,1,FALSE,FALSE
957,45,1,4,1,1,4,1,1,4,1,3,0,3,0,FALSE,TRUE
957,46,1,4,1,1,4,1,1,4,1,3,0,3,0,FALSE,TRUE
957,47,1,3,1,1,3,1,1,3,1,2,0,2,0,FALSE,TRUE
957,48,1,1,0,1,1,0,1,1,0,0,-1,0,1,TRUE,FALSE
957,49,1,1,0,1,1,0,1,1,0,0,-1,0,1,TRUE,FALSE
957,50,0,1,0,0,1,0,0,1,0,1,0,1,0,FALSE,TRUE
957,51,0,1,0,0,1,0,0,1,0,1,0,1,0,FALSE,TRUE
957,52,0,1,0,0,1,0,0,1,0,1,0,1,0,FALSE,TRUE
957,53,0,1,0,0,1,0,0,1,0,1,0,1,0,FALSE,TRUE
957,54,0,1,0,0,1,0,0,1,0,1,0,1,0,FALSE,TRUE
957,55,0,1,0,0,1,0,0,1,0,1,0,1,0,FALSE,TRUE
957,56,0,1,0,0,1,0,0,1,0,1,0,1,0,FALSE,TRUE
957,57,0,1,0,0,1,0,0,1,0,1,0,1,0,FALSE,TRUE
957,58,0,0,0,0,0,0,0,0,0,0,0,0,0,TRUE,TRUE
957,59,0,0,0,0,0,0,0,0,0,0,0,0,0,TRUE,TRUE
957,60,0,0,0,0,0,0,0,0,0,0,0,0,0,TRUE,TRUE
958,0,70,70,70,70,70,70,70,70,70,0,0,0,0,TRUE,TRUE
958,1,79,72,74,79,72,74,79,72,74,-7,-5,7,5,FALSE,FALSE
958,2,84,85,82,84,85,82,84,85,82,1,-2,1,2,FALSE,FALSE
958,3,103,101,87,103,101,87,103,101,87,-2,-16,2,16,FALSE,FALSE
958,4,118,111,100,118,111,100,118,111,100,-7,-18,7,18,FALSE,FALSE
958,5,130,128,115,130,128,115,130,128,115,-2,-15,2,15,FALSE,FALSE
958,6,143,131,132,143,131,132,143,131,132,-12,-11,12,11,FALSE,FALSE
958,7,149,146,148,149,146,148,149,146,148,-3,-1,3,1,FALSE,FALSE
958,8,164,164,149,164,164,149,164,164,149,0,-15,0,15,TRUE,FALSE
958,9,189,187,165,189,187,165,189,187,165,-2,-24,2,24,FALSE,FALSE
958,10,214,211,190,214,211,190,214,211,190,-3,-24,3,24,FALSE,FALSE
958,11,240,228,202,240,228,202,240,228,202,-12,-38,12,38,FALSE,FALSE
958,12,277,261,225,277,261,225,277,261,225,-16,-52,16,52,FALSE,FALSE
958,13,311,295,241,311,295,241,311,295,241,-16,-70,16,70,FALSE,FALSE
958,14,348,321,261,348,321,261,348,321,261,-27,-87,27,87,FALSE,FALSE
958,15,382,369,284,382,369,284,382,369,284,-13,-98,13,98,FALSE,FALSE
958,16,409,405,327,409,405,327,409,405,327,-4,-82,4,82,FALSE,FALSE
958,17,466,455,359,466,455,359,466,455,359,-11,-107,11,107,FALSE,FALSE
958,18,529,509,409,529,509,409,529,509,409,-20,-120,20,120,FALSE,FALSE
958,19,572,568,450,572,568,450,572,568,450,-4,-122,4,122,FALSE,FALSE
958,20,635,602,510,635,602,510,635,602,510,-33,-125,33,125,FALSE,FALSE
958,21,706,693,578,706,693,578,706,693,578,-13,-128,13,128,FALSE,FALSE
958,22,760,762,633,760,762,633,760,762,633,2,-127,2,127,FALSE,FALSE
958,23,821,813,692,821,813,692,821,813,692,-8,-129,8,129,FALSE,FALSE
958,24,885,914,765,885,914,765,885,914,765,29,-120,29,120,FALSE,FALSE
958,25,963,994,849,963,994,849,963,994,849,31,-114,31,114,FALSE,FALSE
958,26,1040,1069,917,1040,1069,917,1040,1069,917,29,-123,29,123,FALSE,FALSE
958,27,1146,1119,999,1146,1119,999,1146,1119,999,-27,-147,27,147,FALSE,FALSE
958,28,1237,1185,1084,1237,1185,1084,1237,1185,1084,-52,-153,52,153,FALSE,FALSE
958,29,1320,1245,1156,1320,1245,1156,1320,1245,1156,-75,-164,75,164,FALSE,FALSE
958,30,1406,1360,1237,1406,1360,1237,1406,1360,1237,-46,-169,46,169,FALSE,FALSE
958,31,1478,1425,1316,1478,1425,1316,1478,1425,1316,-53,-162,53,162,FALSE,FALSE
958,32,1552,1527,1395,1552,1527,1395,1552,1527,1395,-25,-157,25,157,FALSE,FALSE
958,33,1616,1604,1489,1616,1604,1489,1616,1604,1489,-12,-127,12,127,FALSE,FALSE
958,34,1715,1669,1550,1715,1669,1550,1715,1669,1550,-46,-165,46,165,FALSE,FALSE
958,35,1792,1751,1587,1792,1751,1587,1792,1751,1587,-41,-205,41,205,FALSE,FALSE
958,36,1833,1838,1666,1833,1838,1666,1833,1838,1666,5,-167,5,167,FALSE,FALSE
958,37,1887,1902,1718,1887,1902,1718,1887,1902,1718,15,-169,15,169,FALSE,FALSE
958,38,1949,1963,1765,1949,1963,1765,1949,1963,1765,14,-184,14,184,FALSE,FALSE
958,39,2017,2006,1837,2017,2006,1837,2017,2006,1837,-11,-180,11,180,FALSE,FALSE
958,40,2083,2087,1894,2083,2087,1894,2083,2087,1894,4,-189,4,189,FALSE,FALSE
958,41,2144,2146,1959,2144,2146,1959,2144,2146,1959,2,-185,2,185,FALSE,FALSE
958,42,2158,2208,1999,2158,2208,1999,2158,2208,1999,50,-159,50,159,FALSE,FALSE
958,43,2190,2238,2013,2190,2238,2013,2190,2238,2013,48,-177,48,177,FALSE,FALSE
958,44,2222,2257,2040,2222,2257,2040,2222,2257,2040,35,-182,35,182,FALSE,FALSE
958,45,2230,2275,2054,2230,2275,2054,2230,2275,2054,45,-176,45,176,FALSE,FALSE
958,46,2238,2313,2057,2238,2313,2057,2238,2313,2057,75,-181,75,181,FALSE,FALSE
958,47,2238,2304,2084,2238,2304,2084,2238,2304,2084,66,-154,66,154,FALSE,FALSE
958,48,2200,2300,2099,2200,2300,2099,2200,2300,2099,100,-101,100,101,FALSE,FALSE
958,49,2164,2270,2103,2164,2270,2103,2164,2270,2103,106,-61,106,61,FALSE,FALSE
958,50,2151,2232,2071,2151,2232,2071,2151,2232,2071,81,-80,81,80,FALSE,FALSE
958,51,2076,2190,2042,2076,2190,2042,2076,2190,2042,114,-34,114,34,FALSE,FALSE
958,52,2027,2188,2015,2027,2188,2015,2027,2188,2015,161,-12,161,12,FALSE,FALSE
958,53,1972,2136,1970,1972,2136,1970,1972,2136,1970,164,-2,164,2,FALSE,FALSE
958,54,1942,2089,1921,1942,2089,1921,1942,2089,1921,147,-21,147,21,FALSE,FALSE
958,55,1887,2054,1852,1887,2054,1852,1887,2054,1852,167,-35,167,35,FALSE,FALSE
958,56,1803,2001,1827,1803,2001,1827,1803,2001,1827,198,24,198,24,FALSE,FALSE
958,57,1735,1943,1802,1735,1943,1802,1735,1943,1802,208,67,208,67,FALSE,FALSE
958,58,1652,1875,1769,1652,1875,1769,1652,1875,1769,223,117,223,117,FALSE,FALSE
958,59,1593,1826,1711,1593,1826,1711,1593,1826,1711,233,118,233,118,FALSE,FALSE
958,60,1543,1768,1662,1543,1768,1662,1543,1768,1662,225,119,225,119,FALSE,FALSE
959,0,106,106,106,106,106,106,106,106,106,0,0,0,0,TRUE,TRUE
959,1,113,119,119,113,119,119,113,119,119,6,6,6,6,FALSE,FALSE
959,2,132,142,131,132,142,131,132,142,131,10,-1,10,1,FALSE,FALSE
959,3,152,159,148,152,159,148,152,159,148,7,-4,7,4,FALSE,FALSE
959,4,177,187,180,177,187,180,177,187,180,10,3,10,3,FALSE,FALSE
959,5,203,213,194,203,213,194,203,213,194,10,-9,10,9,FALSE,FALSE
959,6,233,220,208,233,220,208,233,220,208,-13,-25,13,25,FALSE,FALSE
959,7,258,239,229,258,239,229,258,239,229,-19,-29,19,29,FALSE,FALSE
959,8,287,266,256,287,266,256,287,266,256,-21,-31,21,31,FALSE,FALSE
959,9,320,308,286,320,308,286,320,308,286,-12,-34,12,34,FALSE,FALSE
959,10,356,339,320,356,339,320,356,339,320,-17,-36,17,36,FALSE,FALSE
959,11,397,370,372,397,370,372,397,370,372,-27,-25,27,25,FALSE,FALSE
959,12,443,417,407,443,417,407,443,417,407,-26,-36,26,36,FALSE,FALSE
959,13,494,467,445,494,467,445,494,467,445,-27,-49,27,49,FALSE,FALSE
959,14,551,513,487,551,513,487,551,513,487,-38,-64,38,64,FALSE,FALSE
959,15,603,569,556,603,569,556,603,569,556,-34,-47,34,47,FALSE,FALSE
959,16,667,627,615,667,627,615,667,627,615,-40,-52,40,52,FALSE,FALSE
959,17,735,710,639,735,710,639,735,710,639,-25,-96,25,96,FALSE,FALSE
959,18,803,766,706,803,766,706,803,766,706,-37,-97,37,97,FALSE,FALSE
959,19,897,835,769,897,835,769,897,835,769,-62,-128,62,128,FALSE,FALSE
959,20,989,873,844,989,873,844,989,873,844,-116,-145,116,145,FALSE,FALSE
959,21,1083,932,928,1083,932,928,1083,932,928,-151,-155,151,155,FALSE,FALSE
959,22,1180,1016,978,1180,1016,978,1180,1016,978,-164,-202,164,202,FALSE,FALSE
959,23,1253,1084,1032,1253,1084,1032,1253,1084,1032,-169,-221,169,221,FALSE,FALSE
959,24,1316,1109,1105,1316,1109,1105,1316,1109,1105,-207,-211,207,211,FALSE,FALSE
959,25,1387,1178,1195,1387,1178,1195,1387,1178,1195,-209,-192,209,192,FALSE,FALSE
959,26,1454,1245,1282,1454,1245,1282,1454,1245,1282,-209,-172,209,172,FALSE,FALSE
959,27,1537,1318,1338,1537,1318,1338,1537,1318,1338,-219,-199,219,199,FALSE,FALSE
959,28,1607,1399,1397,1607,1399,1397,1607,1399,1397,-208,-210,208,210,FALSE,FALSE
959,29,1656,1432,1456,1656,1432,1456,1656,1432,1456,-224,-200,224,200,FALSE,FALSE
959,30,1697,1454,1516,1697,1454,1516,1697,1454,1516,-243,-181,243,181,FALSE,FALSE
959,31,1736,1487,1569,1736,1487,1569,1736,1487,1569,-249,-167,249,167,FALSE,FALSE
959,32,1735,1480,1607,1735,1480,1607,1735,1480,1607,-255,-128,255,128,FALSE,FALSE
959,33,1732,1507,1617,1732,1507,1617,1732,1507,1617,-225,-115,225,115,FALSE,FALSE
959,34,1732,1527,1684,1732,1527,1684,1732,1527,1684,-205,-48,205,48,FALSE,FALSE
959,35,1718,1555,1690,1718,1555,1690,1718,1555,1690,-163,-28,163,28,FALSE,FALSE
959,36,1706,1543,1691,1706,1543,1691,1706,1543,1691,-163,-15,163,15,FALSE,FALSE
959,37,1694,1536,1686,1694,1536,1686,1694,1536,1686,-158,-8,158,8,FALSE,FALSE
959,38,1680,1551,1670,1680,1551,1670,1680,1551,1670,-129,-10,129,10,FALSE,FALSE
959,39,1666,1572,1658,1666,1572,1658,1666,1572,1658,-94,-8,94,8,FALSE,FALSE
959,40,1631,1554,1636,1631,1554,1636,1631,1554,1636,-77,5,77,5,FALSE,FALSE
959,41,1619,1545,1634,1619,1545,1634,1619,1545,1634,-74,15,74,15,FALSE,FALSE
959,42,1543,1535,1626,1543,1535,1626,1543,1535,1626,-8,83,8,83,FALSE,FALSE
959,43,1496,1484,1584,1496,1484,1584,1496,1484,1584,-12,88,12,88,FALSE,FALSE
959,44,1445,1455,1554,1445,1455,1554,1445,1455,1554,10,109,10,109,FALSE,FALSE
959,45,1394,1424,1507,1394,1424,1507,1394,1424,1507,30,113,30,113,FALSE,FALSE
959,46,1370,1382,1474,1370,1382,1474,1370,1382,1474,12,104,12,104,FALSE,FALSE
959,47,1320,1377,1429,1320,1377,1429,1320,1377,1429,57,109,57,109,FALSE,FALSE
959,48,1294,1334,1398,1294,1334,1398,1294,1334,1398,40,104,40,104,FALSE,FALSE
959,49,1259,1314,1347,1259,1314,1347,1259,1314,1347,55,88,55,88,FALSE,FALSE
959,50,1189,1258,1304,1189,1258,1304,1189,1258,1304,69,115,69,115,FALSE,FALSE
959,51,1146,1211,1212,1146,1211,1212,1146,1211,1212,65,66,65,66,FALSE,FALSE
959,52,1087,1148,1166,1087,1148,1166,1087,1148,1166,61,79,61,79,FALSE,FALSE
959,53,1042,1083,1131,1042,1083,1131,1042,1083,1131,41,89,41,89,FALSE,FALSE
959,54,973,1053,1069,973,1053,1069,973,1053,1069,80,96,80,96,FALSE,FALSE
959,55,916,998,1027,916,998,1027,916,998,1027,82,111,82,111,FALSE,FALSE
959,56,877,954,944,877,954,944,877,954,944,77,67,77,67,FALSE,FALSE
959,57,818,914,899,818,914,899,818,914,899,96,81,96,81,FALSE,FALSE
959,58,773,888,847,773,888,847,773,888,847,115,74,115,74,FALSE,FALSE
959,59,737,835,800,737,835,800,737,835,800,98,63,98,63,FALSE,FALSE
959,60,697,790,764,697,790,764,697,790,764,93,67,93,67,FALSE,FALSE
960,0,80,80,80,80,80,80,80,80,80,0,0,0,0,TRUE,TRUE
960,1,97,87,87,97,87,87,97,87,87,-10,-10,10,10,FALSE,FALSE
960,2,102,101,99,102,101,99,102,101,99,-1,-3,1,3,FALSE,FALSE
960,3,112,114,112,112,114,112,112,114,112,2,0,2,0,FALSE,TRUE
960,4,133,121,119,133,121,119,133,121,119,-12,-14,12,14,FALSE,FALSE
960,5,143,144,134,143,144,134,143,144,134,1,-9,1,9,FALSE,FALSE
960,6,160,164,152,160,164,152,160,164,152,4,-8,4,8,FALSE,FALSE
960,7,187,181,179,187,181,179,187,181,179,-6,-8,6,8,FALSE,FALSE
960,8,212,209,211,212,209,211,212,209,211,-3,-1,3,1,FALSE,FALSE
960,9,243,235,243,243,235,243,243,235,243,-8,0,8,0,FALSE,TRUE
960,10,281,262,275,281,262,275,281,262,275,-19,-6,19,6,FALSE,FALSE
960,11,311,280,324,311,280,324,311,280,324,-31,13,31,13,FALSE,FALSE
960,12,340,319,364,340,319,364,340,319,364,-21,24,21,24,FALSE,FALSE
960,13,374,359,400,374,359,400,374,359,400,-15,26,15,26,FALSE,FALSE
960,14,415,405,457,415,405,457,415,405,457,-10,42,10,42,FALSE,FALSE
960,15,472,441,503,472,441,503,472,441,503,-31,31,31,31,FALSE,FALSE
960,16,540,477,563,540,477,563,540,477,563,-63,23,63,23,FALSE,FALSE
960,17,585,512,631,585,512,631,585,512,631,-73,46,73,46,FALSE,FALSE
960,18,660,572,684,660,572,684,660,572,684,-88,24,88,24,FALSE,FALSE
960,19,716,646,743,716,646,743,716,646,743,-70,27,70,27,FALSE,FALSE
960,20,790,723,816,790,723,816,790,723,816,-67,26,67,26,FALSE,FALSE
960,21,845,798,874,845,798,874,845,798,874,-47,29,47,29,FALSE,FALSE
960,22,902,864,945,902,864,945,902,864,945,-38,43,38,43,FALSE,FALSE
960,23,956,935,1010,956,935,1010,956,935,1010,-21,54,21,54,FALSE,FALSE
960,24,1044,996,1090,1044,996,1090,1044,996,1090,-48,46,48,46,FALSE,FALSE
960,25,1110,1062,1158,1110,1062,1158,1110,1062,1158,-48,48,48,48,FALSE,FALSE
960,26,1207,1111,1210,1207,1111,1210,1207,1111,1210,-96,3,96,3,FALSE,FALSE
960,27,1265,1150,1272,1265,1150,1272,1265,1150,1272,-115,7,115,7,FALSE,FALSE
960,28,1328,1199,1310,1328,1199,1310,1328,1199,1310,-129,-18,129,18,FALSE,FALSE
960,29,1360,1241,1354,1360,1241,1354,1360,1241,1354,-119,-6,119,6,FALSE,FALSE
960,30,1382,1271,1379,1382,1271,1379,1382,1271,1379,-111,-3,111,3,FALSE,FALSE
960,31,1408,1293,1427,1408,1293,1427,1408,1293,1427,-115,19,115,19,FALSE,FALSE
960,32,1446,1337,1437,1446,1337,1437,1446,1337,1437,-109,-9,109,9,FALSE,FALSE
960,33,1470,1357,1438,1470,1357,1438,1470,1357,1438,-113,-32,113,32,FALSE,FALSE
960,34,1447,1384,1476,1447,1384,1476,1447,1384,1476,-63,29,63,29,FALSE,FALSE
960,35,1439,1391,1467,1439,1391,1467,1439,1391,1467,-48,28,48,28,FALSE,FALSE
960,36,1428,1365,1473,1428,1365,1473,1428,1365,1473,-63,45,63,45,FALSE,FALSE
960,37,1409,1378,1440,1409,1378,1440,1409,1378,1440,-31,31,31,31,FALSE,FALSE
960,38,1389,1353,1407,1389,1353,1407,1389,1353,1407,-36,18,36,18,FALSE,FALSE
960,39,1366,1324,1378,1366,1324,1378,1366,1324,1378,-42,12,42,12,FALSE,FALSE
960,40,1346,1299,1348,1346,1299,1348,1346,1299,1348,-47,2,47,2,FALSE,FALSE
960,41,1317,1263,1306,1317,1263,1306,1317,1263,1306,-54,-11,54,11,FALSE,FALSE
960,42,1276,1231,1264,1276,1231,1264,1276,1231,1264,-45,-12,45,12,FALSE,FALSE
960,43,1243,1200,1238,1243,1200,1238,1243,1200,1238,-43,-5,43,5,FALSE,FALSE
960,44,1192,1160,1205,1192,1160,1205,1192,1160,1205,-32,13,32,13,FALSE,FALSE
960,45,1153,1120,1150,1153,1120,1150,1153,1120,1150,-33,-3,33,3,FALSE,FALSE
960,46,1097,1065,1129,1097,1065,1129,1097,1065,1129,-32,32,32,32,FALSE,FALSE
960,47,1055,1025,1099,1055,1025,1099,1055,1025,1099,-30,44,30,44,FALSE,FALSE
960,48,1005,978,1064,1005,978,1064,1005,978,1064,-27,59,27,59,FALSE,FALSE
960,49,947,919,1014,947,919,1014,947,919,1014,-28,67,28,67,FALSE,FALSE
960,50,896,867,941,896,867,941,896,867,941,-29,45,29,45,FALSE,FALSE
960,51,878,820,879,878,820,879,878,820,879,-58,1,58,1,FALSE,FALSE
960,52,855,785,827,855,785,827,855,785,827,-70,-28,70,28,FALSE,FALSE
960,53,813,743,771,813,743,771,813,743,771,-70,-42,70,42,FALSE,FALSE
960,54,784,698,736,784,698,736,784,698,736,-86,-48,86,48,FALSE,FALSE
960,55,756,651,698,756,651,698,756,651,698,-105,-58,105,58,FALSE,FALSE
960,56,701,622,661,701,622,661,701,622,661,-79,-40,79,40,FALSE,FALSE
960,57,666,572,629,666,572,629,666,572,629,-94,-37,94,37,FALSE,FALSE
960,58,631,544,583,631,544,583,631,544,583,-87,-48,87,48,FALSE,FALSE
960,59,594,518,548,594,518,548,594,518,548,-76,-46,76,46,FALSE,FALSE
960,60,558,485,519,558,485,519,558,485,519,-73,-39,73,39,FALSE,FALSE
961,0,108,108,108,108,108,108,108,108,108,0,0,0,0,TRUE,TRUE
961,1,112,109,120,112,109,120,112,109,120,-3,8,3,8,FALSE,FALSE
961,2,122,101,139,122,101,139,122,101,139,-21,17,21,17,FALSE,FALSE
961,3,135,104,157,135,104,157,135,104,157,-31,22,31,22,FALSE,FALSE
961,4,150,103,167,150,103,167,150,103,167,-47,17,47,17,FALSE,FALSE
961,5,173,112,187,173,112,187,173,112,187,-61,14,61,14,FALSE,FALSE
961,6,188,123,201,188,123,201,188,123,201,-65,13,65,13,FALSE,FALSE
961,7,198,139,212,198,139,212,198,139,212,-59,14,59,14,FALSE,FALSE
961,8,209,150,229,209,150,229,209,150,229,-59,20,59,20,FALSE,FALSE
961,9,221,163,239,221,163,239,221,163,239,-58,18,58,18,FALSE,FALSE
961,10,241,172,259,241,172,259,241,172,259,-69,18,69,18,FALSE,FALSE
961,11,259,174,270,259,174,270,259,174,270,-85,11,85,11,FALSE,FALSE
961,12,289,183,286,289,183,286,289,183,286,-106,-3,106,3,FALSE,FALSE
961,13,293,191,310,293,191,310,293,191,310,-102,17,102,17,FALSE,FALSE
961,14,317,206,338,317,206,338,317,206,338,-111,21,111,21,FALSE,FALSE
961,15,349,214,369,349,214,369,349,214,369,-135,20,135,20,FALSE,FALSE
961,16,366,219,389,366,219,389,366,219,389,-147,23,147,23,FALSE,FALSE
961,17,391,206,414,391,206,414,391,206,414,-185,23,185,23,FALSE,FALSE
961,18,414,219,416,414,219,416,414,219,416,-195,2,195,2,FALSE,FALSE
961,19,428,217,459,428,217,459,428,217,459,-211,31,211,31,FALSE,FALSE
961,20,450,225,480,450,225,480,450,225,480,-225,30,225,30,FALSE,FALSE
961,21,480,234,511,480,234,511,480,234,511,-246,31,246,31,FALSE,FALSE
961,22,487,264,519,487,264,519,487,264,519,-223,32,223,32,FALSE,FALSE
961,23,498,276,548,498,276,548,498,276,548,-222,50,222,50,FALSE,FALSE
961,24,506,288,568,506,288,568,506,288,568,-218,62,218,62,FALSE,FALSE
961,25,521,314,606,521,314,606,521,314,606,-207,85,207,85,FALSE,FALSE
961,26,532,325,635,532,325,635,532,325,635,-207,103,207,103,FALSE,FALSE
961,27,529,325,677,529,325,677,529,325,677,-204,148,204,148,FALSE,FALSE
961,28,538,339,698,538,339,698,538,339,698,-199,160,199,160,FALSE,FALSE
961,29,550,340,712,550,340,712,550,340,712,-210,162,210,162,FALSE,FALSE
961,30,563,361,737,563,361,737,563,361,737,-202,174,202,174,FALSE,FALSE
961,31,575,355,744,575,355,744,575,355,744,-220,169,220,169,FALSE,FALSE
961,32,595,357,741,595,357,741,595,357,741,-238,146,238,146,FALSE,FALSE
961,33,612,364,739,612,364,739,612,364,739,-248,127,248,127,FALSE,FALSE
961,34,622,394,779,622,394,779,622,394,779,-228,157,228,157,FALSE,FALSE
961,35,629,402,783,629,402,783,629,402,783,-227,154,227,154,FALSE,FALSE
961,36,642,397,796,642,397,796,642,397,796,-245,154,245,154,FALSE,FALSE
961,37,627,402,806,627,402,806,627,402,806,-225,179,225,179,FALSE,FALSE
961,38,656,411,775,656,411,775,656,411,775,-245,119,245,119,FALSE,FALSE
961,39,646,406,760,646,406,760,646,406,760,-240,114,240,114,FALSE,FALSE
961,40,635,425,730,635,425,730,635,425,730,-210,95,210,95,FALSE,FALSE
961,41,625,430,753,625,430,753,625,430,753,-195,128,195,128,FALSE,FALSE
961,42,615,447,731,615,447,731,615,447,731,-168,116,168,116,FALSE,FALSE
961,43,598,451,710,598,451,710,598,451,710,-147,112,147,112,FALSE,FALSE
961,44,588,452,685,588,452,685,588,452,685,-136,97,136,97,FALSE,FALSE
961,45,573,450,677,573,450,677,573,450,677,-123,104,123,104,FALSE,FALSE
961,46,550,450,664,550,450,664,550,450,664,-100,114,100,114,FALSE,FALSE
961,47,542,463,660,542,463,660,542,463,660,-79,118,79,118,FALSE,FALSE
961,48,543,458,640,543,458,640,543,458,640,-85,97,85,97,FALSE,FALSE
961,49,518,472,634,518,472,634,518,472,634,-46,116,46,116,FALSE,FALSE
961,50,504,461,622,504,461,622,504,461,622,-43,118,43,118,FALSE,FALSE
961,51,497,463,615,497,463,615,497,463,615,-34,118,34,118,FALSE,FALSE
961,52,465,449,582,465,449,582,465,449,582,-16,117,16,117,FALSE,FALSE
961,53,448,462,556,448,462,556,448,462,556,14,108,14,108,FALSE,FALSE
961,54,416,464,519,416,464,519,416,464,519,48,103,48,103,FALSE,FALSE
961,55,381,456,497,381,456,497,381,456,497,75,116,75,116,FALSE,FALSE
961,56,367,453,477,367,453,477,367,453,477,86,110,86,110,FALSE,FALSE
961,57,365,452,453,365,452,453,365,452,453,87,88,87,88,FALSE,FALSE
961,58,339,448,423,339,448,423,339,448,423,109,84,109,84,FALSE,FALSE
961,59,322,448,411,322,448,411,322,448,411,126,89,126,89,FALSE,FALSE
961,60,307,448,389,307,448,389,307,448,389,141,82,141,82,FALSE,FALSE
962,0,143,143,143,143,143,143,143,143,143,0,0,0,0,TRUE,TRUE
962,1,202,201,209,202,201,209,202,201,209,-1,7,1,7,FALSE,FALSE
962,2,299,289,291,299,289,291,299,289,291,-10,-8,10,8,FALSE,FALSE
962,3,407,409,416,407,409,416,407,409,416,2,9,2,9,FALSE,FALSE
962,4,603,560,570,603,560,570,603,560,570,-43,-33,43,33,FALSE,FALSE
962,5,855,764,748,855,764,748,855,764,748,-91,-107,91,107,FALSE,FALSE
962,6,1155,1013,1003,1155,1013,1003,1155,1013,1003,-142,-152,142,152,FALSE,FALSE
962,7,1566,1360,1343,1566,1360,1343,1566,1360,1343,-206,-223,206,223,FALSE,FALSE
962,8,1980,1750,1745,1980,1750,1745,1980,1750,1745,-230,-235,230,235,FALSE,FALSE
962,9,2404,2221,2174,2404,2221,2174,2404,2221,2174,-183,-230,183,230,FALSE,FALSE
962,10,2884,2690,2637,2884,2690,2637,2884,2690,2637,-194,-247,194,247,FALSE,FALSE
962,11,3284,3098,3154,3284,3098,3154,3284,3098,3154,-186,-130,186,130,FALSE,FALSE
962,12,3623,3540,3598,3623,3540,3598,3623,3540,3598,-83,-25,83,25,FALSE,FALSE
962,13,3918,3873,3901,3918,3873,3901,3918,3873,3901,-45,-17,45,17,FALSE,FALSE
962,14,4096,4017,4094,4096,4017,4094,4096,4017,4094,-79,-2,79,2,FALSE,FALSE
962,15,4109,4066,4211,4109,4066,4211,4109,4066,4211,-43,102,43,102,FALSE,FALSE
962,16,4035,3982,4157,4035,3982,4157,4035,3982,4157,-53,122,53,122,FALSE,FALSE
962,17,3906,3871,3995,3906,3871,3995,3906,3871,3995,-35,89,35,89,FALSE,FALSE
962,18,3730,3695,3765,3730,3695,3765,3730,3695,3765,-35,35,35,35,FALSE,FALSE
962,19,3484,3451,3512,3484,3451,3512,3484,3451,3512,-33,28,33,28,FALSE,FALSE
962,20,3197,3224,3242,3197,3224,3242,3197,3224,3242,27,45,27,45,FALSE,FALSE
962,21,2903,2987,3025,2903,2987,3025,2903,2987,3025,84,122,84,122,FALSE,FALSE
962,22,2635,2723,2753,2635,2723,2753,2635,2723,2753,88,118,88,118,FALSE,FALSE
962,23,2381,2477,2457,2381,2477,2457,2381,2477,2457,96,76,96,76,FALSE,FALSE
962,24,2190,2235,2248,2190,2235,2248,2190,2235,2248,45,58,45,58,FALSE,FALSE
962,25,1945,1993,2049,1945,1993,2049,1945,1993,2049,48,104,48,104,FALSE,FALSE
962,26,1746,1795,1838,1746,1795,1838,1746,1795,1838,49,92,49,92,FALSE,FALSE
962,27,1570,1615,1661,1570,1615,1661,1570,1615,1661,45,91,45,91,FALSE,FALSE
962,28,1403,1456,1461,1403,1456,1461,1403,1456,1461,53,58,53,58,FALSE,FALSE
962,29,1239,1302,1280,1239,1302,1280,1239,1302,1280,63,41,63,41,FALSE,FALSE
962,30,1102,1146,1137,1102,1146,1137,1102,1146,1137,44,35,44,35,FALSE,FALSE
962,31,971,1017,998,971,1017,998,971,1017,998,46,27,46,27,FALSE,FALSE
962,32,868,910,891,868,910,891,868,910,891,42,23,42,23,FALSE,FALSE
962,33,760,830,787,760,830,787,760,830,787,70,27,70,27,FALSE,FALSE
962,34,695,737,691,695,737,691,695,737,691,42,-4,42,4,FALSE,FALSE
962,35,615,637,615,615,637,615,615,637,615,22,0,22,0,FALSE,TRUE
962,36,550,576,546,550,576,546,550,576,546,26,-4,26,4,FALSE,FALSE
962,37,489,508,472,489,508,472,489,508,472,19,-17,19,17,FALSE,FALSE
962,38,439,449,407,439,449,407,439,449,407,10,-32,10,32,FALSE,FALSE
962,39,383,392,361,383,392,361,383,392,361,9,-22,9,22,FALSE,FALSE
962,40,338,339,311,338,339,311,338,339,311,1,-27,1,27,FALSE,FALSE
962,41,302,297,266,302,297,266,302,297,266,-5,-36,5,36,FALSE,FALSE
962,42,263,256,241,263,256,241,263,256,241,-7,-22,7,22,FALSE,FALSE
962,43,242,223,212,242,223,212,242,223,212,-19,-30,19,30,FALSE,FALSE
962,44,218,200,196,218,200,196,218,200,196,-18,-22,18,22,FALSE,FALSE
962,45,198,173,174,198,173,174,198,173,174,-25,-24,25,24,FALSE,FALSE
962,46,170,151,152,170,151,152,170,151,152,-19,-18,19,18,FALSE,FALSE
962,47,155,137,133,155,137,133,155,137,133,-18,-22,18,22,FALSE,FALSE
962,48,140,122,118,140,122,118,140,122,118,-18,-22,18,22,FALSE,FALSE
962,49,120,113,107,120,113,107,120,113,107,-7,-13,7,13,FALSE,FALSE
962,50,102,98,91,102,98,91,102,98,91,-4,-11,4,11,FALSE,FALSE
962,51,82,88,78,82,88,78,82,88,78,6,-4,6,4,FALSE,FALSE
962,52,73,67,73,73,67,73,73,67,73,-6,0,6,0,FALSE,TRUE
962,53,69,58,65,69,58,65,69,58,65,-11,-4,11,4,FALSE,FALSE
962,54,64,49,58,64,49,58,64,49,58,-15,-6,15,6,FALSE,FALSE
962,55,56,45,50,56,45,50,56,45,50,-11,-6,11,6,FALSE,FALSE
962,56,51,37,49,51,37,49,51,37,49,-14,-2,14,2,FALSE,FALSE
962,57,42,34,41,42,34,41,42,34,41,-8,-1,8,1,FALSE,FALSE
962,58,36,32,39,36,32,39,36,32,39,-4,3,4,3,FALSE,FALSE
962,59,29,32,35,29,32,35,29,32,35,3,6,3,6,FALSE,FALSE
962,60,26,29,30,26,29,30,26,29,30,3,4,3,4,FALSE,FALSE
963,0,99,99,99,99,99,99,99,99,99,0,0,0,0,TRUE,TRUE
963,1,124,116,121,124,116,121,124,116,121,-8,-3,8,3,FALSE,FALSE
963,2,143,131,139,143,131,139,143,131,139,-12,-4,12,4,FALSE,FALSE
963,3,182,158,161,182,158,161,182,158,161,-24,-21,24,21,FALSE,FALSE
963,4,183,183,213,183,183,213,183,183,213,0,30,0,30,TRUE,FALSE
963,5,221,219,243,221,219,243,221,219,243,-2,22,2,22,FALSE,FALSE
963,6,252,245,255,252,245,255,252,245,255,-7,3,7,3,FALSE,FALSE
963,7,304,271,289,304,271,289,304,271,289,-33,-15,33,15,FALSE,FALSE
963,8,343,313,323,343,313,323,343,313,323,-30,-20,30,20,FALSE,FALSE
963,9,405,332,368,405,332,368,405,332,368,-73,-37,73,37,FALSE,FALSE
963,10,436,372,428,436,372,428,436,372,428,-64,-8,64,8,FALSE,FALSE
963,11,475,422,480,475,422,480,475,422,480,-53,5,53,5,FALSE,FALSE
963,12,557,486,508,557,486,508,557,486,508,-71,-49,71,49,FALSE,FALSE
963,13,615,531,535,615,531,535,615,531,535,-84,-80,84,80,FALSE,FALSE
963,14,667,580,614,667,580,614,667,580,614,-87,-53,87,53,FALSE,FALSE
963,15,731,578,661,731,578,661,731,578,661,-153,-70,153,70,FALSE,FALSE
963,16,763,636,699,763,636,699,763,636,699,-127,-64,127,64,FALSE,FALSE
963,17,817,634,738,817,634,738,817,634,738,-183,-79,183,79,FALSE,FALSE
963,18,851,668,748,851,668,748,851,668,748,-183,-103,183,103,FALSE,FALSE
963,19,886,667,788,886,667,788,886,667,788,-219,-98,219,98,FALSE,FALSE
963,20,879,662,813,879,662,813,879,662,813,-217,-66,217,66,FALSE,FALSE
963,21,890,678,821,890,678,821,890,678,821,-212,-69,212,69,FALSE,FALSE
963,22,886,714,826,886,714,826,886,714,826,-172,-60,172,60,FALSE,FALSE
963,23,867,722,838,867,722,838,867,722,838,-145,-29,145,29,FALSE,FALSE
963,24,862,712,831,862,712,831,862,712,831,-150,-31,150,31,FALSE,FALSE
963,25,835,738,823,835,738,823,835,738,823,-97,-12,97,12,FALSE,FALSE
963,26,788,690,812,788,690,812,788,690,812,-98,24,98,24,FALSE,FALSE
963,27,729,696,739,729,696,739,729,696,739,-33,10,33,10,FALSE,FALSE
963,28,668,663,673,668,663,673,668,663,673,-5,5,5,5,FALSE,FALSE
963,29,622,618,626,622,618,626,622,618,626,-4,4,4,4,FALSE,FALSE
963,30,590,571,594,590,571,594,590,571,594,-19,4,19,4,FALSE,FALSE
963,31,561,546,581,561,546,581,561,546,581,-15,20,15,20,FALSE,FALSE
963,32,504,534,531,504,534,531,504,534,531,30,27,30,27,FALSE,FALSE
963,33,475,512,510,475,512,510,475,512,510,37,35,37,35,FALSE,FALSE
963,34,436,466,469,436,466,469,436,466,469,30,33,30,33,FALSE,FALSE
963,35,390,430,433,390,430,433,390,430,433,40,43,40,43,FALSE,FALSE
963,36,342,400,398,342,400,398,342,400,398,58,56,58,56,FALSE,FALSE
963,37,313,368,358,313,368,358,313,368,358,55,45,55,45,FALSE,FALSE
963,38,273,338,349,273,338,349,273,338,349,65,76,65,76,FALSE,FALSE
963,39,246,318,315,246,318,315,246,318,315,72,69,72,69,FALSE,FALSE
963,40,226,290,275,226,290,275,226,290,275,64,49,64,49,FALSE,FALSE
963,41,208,271,240,208,271,240,208,271,240,63,32,63,32,FALSE,FALSE
963,42,202,247,215,202,247,215,202,247,215,45,13,45,13,FALSE,FALSE
963,43,167,215,197,167,215,197,167,215,197,48,30,48,30,FALSE,FALSE
963,44,149,197,171,149,197,171,149,197,171,48,22,48,22,FALSE,FALSE
963,45,147,188,166,147,188,166,147,188,166,41,19,41,19,FALSE,FALSE
963,46,126,167,143,126,167,143,126,167,143,41,17,41,17,FALSE,FALSE
963,47,122,159,131,122,159,131,122,159,131,37,9,37,9,FALSE,FALSE
963,48,105,148,126,105,148,126,105,148,126,43,21,43,21,FALSE,FALSE
963,49,85,136,101,85,136,101,85,136,101,51,16,51,16,FALSE,FALSE
963,50,73,121,88,73,121,88,73,121,88,48,15,48,15,FALSE,FALSE
963,51,58,113,71,58,113,71,58,113,71,55,13,55,13,FALSE,FALSE
963,52,50,92,68,50,92,68,50,92,68,42,18,42,18,FALSE,FALSE
963,53,43,85,63,43,85,63,43,85,63,42,20,42,20,FALSE,FALSE
963,54,38,85,50,38,85,50,38,85,50,47,12,47,12,FALSE,FALSE
963,55,35,75,44,35,75,44,35,75,44,40,9,40,9,FALSE,FALSE
963,56,34,63,38,34,63,38,34,63,38,29,4,29,4,FALSE,FALSE
963,57,24,61,31,24,61,31,24,61,31,37,7,37,7,FALSE,FALSE
963,58,24,53,31,24,53,31,24,53,31,29,7,29,7,FALSE,FALSE
963,59,23,46,32,23,46,32,23,46,32,23,9,23,9,FALSE,FALSE
963,60,21,46,34,21,46,34,21,46,34,25,13,25,13,FALSE,FALSE
964,0,150,150,150,150,150,150,150,150,150,0,0,0,0,TRUE,TRUE
964,1,273,182,275,273,182,275,273,182,275,-91,2,91,2,FALSE,FALSE
964,2,480,204,506,480,204,506,480,204,506,-276,26,276,26,FALSE,FALSE
964,3,827,223,895,827,223,895,827,223,895,-604,68,604,68,FALSE,FALSE
964,4,1298,241,1450,1298,241,1450,1298,241,1450,-1057,152,1057,152,FALSE,FALSE
964,5,1908,266,2190,1908,266,2190,1908,266,2190,-1642,282,1642,282,FALSE,FALSE
964,6,2603,308,2948,2603,308,2948,2603,308,2948,-2295,345,2295,345,FALSE,FALSE
964,7,3156,313,3539,3156,313,3539,3156,313,3539,-2843,383,2843,383,FALSE,FALSE
964,8,3482,344,3766,3482,344,3766,3482,344,3766,-3138,284,3138,284,FALSE,FALSE
964,9,3498,364,3688,3498,364,3688,3498,364,3688,-3134,190,3134,190,FALSE,FALSE
964,10,3265,392,3331,3265,392,3331,3265,392,3331,-2873,66,2873,66,FALSE,FALSE
964,11,2892,419,2851,2892,419,2851,2892,419,2851,-2473,-41,2473,41,FALSE,FALSE
964,12,2485,456,2366,2485,456,2366,2485,456,2366,-2029,-119,2029,119,FALSE,FALSE
964,13,2035,499,1885,2035,499,1885,2035,499,1885,-1536,-150,1536,150,FALSE,FALSE
964,14,1670,536,1553,1670,536,1553,1670,536,1553,-1134,-117,1134,117,FALSE,FALSE
964,15,1391,575,1259,1391,575,1259,1391,575,1259,-816,-132,816,132,FALSE,FALSE
964,16,1112,591,998,1112,591,998,1112,591,998,-521,-114,521,114,FALSE,FALSE
964,17,890,609,775,890,609,775,890,609,775,-281,-115,281,115,FALSE,FALSE
964,18,706,653,597,706,653,597,706,653,597,-53,-109,53,109,FALSE,FALSE
964,19,564,660,464,564,660,464,564,660,464,96,-100,96,100,FALSE,FALSE
964,20,458,688,368,458,688,368,458,688,368,230,-90,230,90,FALSE,FALSE
964,21,350,693,285,350,693,285,350,693,285,343,-65,343,65,FALSE,FALSE
964,22,283,694,228,283,694,228,283,694,228,411,-55,411,55,FALSE,FALSE
964,23,226,720,185,226,720,185,226,720,185,494,-41,494,41,FALSE,FALSE
964,24,181,706,148,181,706,148,181,706,148,525,-33,525,33,FALSE,FALSE
964,25,144,695,117,144,695,117,144,695,117,551,-27,551,27,FALSE,FALSE
964,26,122,676,92,122,676,92,122,676,92,554,-30,554,30,FALSE,FALSE
964,27,98,683,75,98,683,75,98,683,75,585,-23,585,23,FALSE,FALSE
964,28,73,667,56,73,667,56,73,667,56,594,-17,594,17,FALSE,FALSE
964,29,58,670,42,58,670,42,58,670,42,612,-16,612,16,FALSE,FALSE
964,30,45,687,32,45,687,32,45,687,32,642,-13,642,13,FALSE,FALSE
964,31,41,684,29,41,684,29,41,684,29,643,-12,643,12,FALSE,FALSE
964,32,32,670,21,32,670,21,32,670,21,638,-11,638,11,FALSE,FALSE
964,33,24,670,15,24,670,15,24,670,15,646,-9,646,9,FALSE,FALSE
964,34,19,661,10,19,661,10,19,661,10,642,-9,642,9,FALSE,FALSE
964,35,12,632,8,12,632,8,12,632,8,620,-4,620,4,FALSE,FALSE
964,36,8,607,7,8,607,7,8,607,7,599,-1,599,1,FALSE,FALSE
964,37,8,570,4,8,570,4,8,570,4,562,-4,562,4,FALSE,FALSE
964,38,7,556,4,7,556,4,7,556,4,549,-3,549,3,FALSE,FALSE
964,39,4,547,3,4,547,3,4,547,3,543,-1,543,1,FALSE,FALSE
964,40,3,509,2,3,509,2,3,509,2,506,-1,506,1,FALSE,FALSE
964,41,3,485,1,3,485,1,3,485,1,482,-2,482,2,FALSE,FALSE
964,42,2,455,0,2,455,0,2,455,0,453,-2,453,2,FALSE,FALSE
964,43,1,434,0,1,434,0,1,434,0,433,-1,433,1,FALSE,FALSE
964,44,1,399,0,1,399,0,1,399,0,398,-1,398,1,FALSE,FALSE
964,45,1,369,0,1,369,0,1,369,0,368,-1,368,1,FALSE,FALSE
964,46,0,351,0,0,351,0,0,351,0,351,0,351,0,FALSE,TRUE
964,47,0,333,0,0,333,0,0,333,0,333,0,333,0,FALSE,TRUE
964,48,0,317,0,0,317,0,0,317,0,317,0,317,0,FALSE,TRUE
964,49,0,294,0,0,294,0,0,294,0,294,0,294,0,FALSE,TRUE
964,50,0,275,0,0,275,0,0,275,0,275,0,275,0,FALSE,TRUE
964,51,0,265,0,0,265,0,0,265,0,265,0,265,0,FALSE,TRUE
964,52,0,246,0,0,246,0,0,246,0,246,0,246,0,FALSE,TRUE
964,53,0,240,0,0,240,0,0,240,0,240,0,240,0,FALSE,TRUE
964,54,0,229,0,0,229,0,0,229,0,229,0,229,0,FALSE,TRUE
964,55,0,217,0,0,217,0,0,217,0,217,0,217,0,FALSE,TRUE
964,56,0,197,0,0,197,0,0,197,0,197,0,197,0,FALSE,TRUE
964,57,0,170,0,0,170,0,0,170,0,170,0,170,0,FALSE,TRUE
964,58,0,159,0,0,159,0,0,159,0,159,0,159,0,FALSE,TRUE
964,59,0,147,0,0,147,0,0,147,0,147,0,147,0,FALSE,TRUE
964,60,0,133,0,0,133,0,0,133,0,133,0,133,0,FALSE,TRUE
965,0,64,64,64,64,64,64,64,64,64,0,0,0,0,TRUE,TRUE
965,1,75,63,76,75,63,76,75,63,76,-12,1,12,1,FALSE,FALSE
965,2,94,72,92,94,72,92,94,72,92,-22,-2,22,2,FALSE,FALSE
965,3,107,86,106,107,86,106,107,86,106,-21,-1,21,1,FALSE,FALSE
965,4,123,96,121,123,96,121,123,96,121,-27,-2,27,2,FALSE,FALSE
965,5,150,120,135,150,120,135,150,120,135,-30,-15,30,15,FALSE,FALSE
965,6,186,161,158,186,161,158,186,161,158,-25,-28,25,28,FALSE,FALSE
965,7,227,217,175,227,217,175,227,217,175,-10,-52,10,52,FALSE,FALSE
965,8,260,258,213,260,258,213,260,258,213,-2,-47,2,47,FALSE,FALSE
965,9,297,306,259,297,306,259,297,306,259,9,-38,9,38,FALSE,FALSE
965,10,340,395,302,340,395,302,340,395,302,55,-38,55,38,FALSE,FALSE
965,11,382,422,347,382,422,347,382,422,347,40,-35,40,35,FALSE,FALSE
965,12,410,476,416,410,476,416,410,476,416,66,6,66,6,FALSE,FALSE
965,13,471,557,468,471,557,468,471,557,468,86,-3,86,3,FALSE,FALSE
965,14,506,636,546,506,636,546,506,636,546,130,40,130,40,FALSE,FALSE
965,15,533,671,610,533,671,610,533,671,610,138,77,138,77,FALSE,FALSE
965,16,598,775,659,598,775,659,598,775,659,177,61,177,61,FALSE,FALSE
965,17,619,830,710,619,830,710,619,830,710,211,91,211,91,FALSE,FALSE
965,18,668,883,755,668,883,755,668,883,755,215,87,215,87,FALSE,FALSE
965,19,702,924,821,702,924,821,702,924,821,222,119,222,119,FALSE,FALSE
965,20,753,962,845,753,962,845,753,962,845,209,92,209,92,FALSE,FALSE
965,21,765,981,894,765,981,894,765,981,894,216,129,216,129,FALSE,FALSE
965,22,783,1013,907,783,1013,907,783,1013,907,230,124,230,124,FALSE,FALSE
965,23,801,989,908,801,989,908,801,989,908,188,107,188,107,FALSE,FALSE
965,24,824,967,892,824,967,892,824,967,892,143,68,143,68,FALSE,FALSE
965,25,806,954,866,806,954,866,806,954,866,148,60,148,60,FALSE,FALSE
965,26,754,890,855,754,890,855,754,890,855,136,101,136,101,FALSE,FALSE
965,27,724,823,814,724,823,814,724,823,814,99,90,99,90,FALSE,FALSE
965,28,685,778,785,685,778,785,685,778,785,93,100,93,100,FALSE,FALSE
965,29,629,736,759,629,736,759,629,736,759,107,130,107,130,FALSE,FALSE
965,30,612,666,728,612,666,728,612,666,728,54,116,54,116,FALSE,FALSE
965,31,608,623,680,608,623,680,608,623,680,15,72,15,72,FALSE,FALSE
965,32,582,578,650,582,578,650,582,578,650,-4,68,4,68,FALSE,FALSE
965,33,532,517,606,532,517,606,532,517,606,-15,74,15,74,FALSE,FALSE
965,34,505,462,557,505,462,557,505,462,557,-43,52,43,52,FALSE,FALSE
965,35,486,414,494,486,414,494,486,414,494,-72,8,72,8,FALSE,FALSE
965,36,437,357,465,437,357,465,437,357,465,-80,28,80,28,FALSE,FALSE
965,37,388,325,448,388,325,448,388,325,448,-63,60,63,60,FALSE,FALSE
965,38,352,312,406,352,312,406,352,312,406,-40,54,40,54,FALSE,FALSE
965,39,324,284,359,324,284,359,324,284,359,-40,35,40,35,FALSE,FALSE
965,40,307,245,329,307,245,329,307,245,329,-62,22,62,22,FALSE,FALSE
965,41,268,218,288,268,218,288,268,218,288,-50,20,50,20,FALSE,FALSE
965,42,262,201,254,262,201,254,262,201,254,-61,-8,61,8,FALSE,FALSE
965,43,233,191,208,233,191,208,233,191,208,-42,-25,42,25,FALSE,FALSE
965,44,226,168,188,226,168,188,226,168,188,-58,-38,58,38,FALSE,FALSE
965,45,191,134,176,191,134,176,191,134,176,-57,-15,57,15,FALSE,FALSE
965,46,166,114,156,166,114,156,166,114,156,-52,-10,52,10,FALSE,FALSE
965,47,138,95,151,138,95,151,138,95,151,-43,13,43,13,FALSE,FALSE
965,48,121,79,132,121,79,132,121,79,132,-42,11,42,11,FALSE,FALSE
965,49,112,68,119,112,68,119,112,68,119,-44,7,44,7,FALSE,FALSE
965,50,101,70,109,101,70,109,101,70,109,-31,8,31,8,FALSE,FALSE
965,51,89,57,99,89,57,99,89,57,99,-32,10,32,10,FALSE,FALSE
965,52,68,49,83,68,49,83,68,49,83,-19,15,19,15,FALSE,FALSE
965,53,68,47,76,68,47,76,68,47,76,-21,8,21,8,FALSE,FALSE
965,54,57,48,67,57,48,67,57,48,67,-9,10,9,10,FALSE,FALSE
965,55,50,41,55,50,41,55,50,41,55,-9,5,9,5,FALSE,FALSE
965,56,44,38,52,44,38,52,44,38,52,-6,8,6,8,FALSE,FALSE
965,57,38,31,40,38,31,40,38,31,40,-7,2,7,2,FALSE,FALSE
965,58,39,32,28,39,32,28,39,32,28,-7,-11,7,11,FALSE,FALSE
965,59,40,25,24,40,25,24,40,25,24,-15,-16,15,16,FALSE,FALSE
965,60,37,23,22,37,23,22,37,23,22,-14,-15,14,15,FALSE,FALSE
966,0,127,127,127,127,127,127,127,127,127,0,0,0,0,TRUE,TRUE
966,1,155,157,163,155,157,163,155,157,163,2,8,2,8,FALSE,FALSE
966,2,195,184,211,195,184,211,195,184,211,-11,16,11,16,FALSE,FALSE
966,3,256,237,247,256,237,247,256,237,247,-19,-9,19,9,FALSE,FALSE
966,4,335,294,312,335,294,312,335,294,312,-41,-23,41,23,FALSE,FALSE
966,5,426,393,379,426,393,379,426,393,379,-33,-47,33,47,FALSE,FALSE
966,6,530,495,463,530,495,463,530,495,463,-35,-67,35,67,FALSE,FALSE
966,7,625,612,583,625,612,583,625,612,583,-13,-42,13,42,FALSE,FALSE
966,8,769,753,710,769,753,710,769,753,710,-16,-59,16,59,FALSE,FALSE
966,9,945,907,874,945,907,874,945,907,874,-38,-71,38,71,FALSE,FALSE
966,10,1105,1089,1034,1105,1089,1034,1105,1089,1034,-16,-71,16,71,FALSE,FALSE
966,11,1268,1295,1213,1268,1295,1213,1268,1295,1213,27,-55,27,55,FALSE,FALSE
966,12,1442,1482,1433,1442,1482,1433,1442,1482,1433,40,-9,40,9,FALSE,FALSE
966,13,1645,1711,1678,1645,1711,1678,1645,1711,1678,66,33,66,33,FALSE,FALSE
966,14,1875,1946,1906,1875,1946,1906,1875,1946,1906,71,31,71,31,FALSE,FALSE
966,15,2079,2190,2151,2079,2190,2151,2079,2190,2151,111,72,111,72,FALSE,FALSE
966,16,2288,2398,2333,2288,2398,2333,2288,2398,2333,110,45,110,45,FALSE,FALSE
966,17,2446,2554,2479,2446,2554,2479,2446,2554,2479,108,33,108,33,FALSE,FALSE
966,18,2595,2641,2577,2595,2641,2577,2595,2641,2577,46,-18,46,18,FALSE,FALSE
966,19,2736,2758,2661,2736,2758,2661,2736,2758,2661,22,-75,22,75,FALSE,FALSE
966,20,2800,2812,2740,2800,2812,2740,2800,2812,2740,12,-60,12,60,FALSE,FALSE
966,21,2823,2845,2800,2823,2845,2800,2823,2845,2800,22,-23,22,23,FALSE,FALSE
966,22,2815,2879,2797,2815,2879,2797,2815,2879,2797,64,-18,64,18,FALSE,FALSE
966,23,2785,2849,2767,2785,2849,2767,2785,2849,2767,64,-18,64,18,FALSE,FALSE
966,24,2712,2805,2725,2712,2805,2725,2712,2805,2725,93,13,93,13,FALSE,FALSE
966,25,2605,2760,2670,2605,2760,2670,2605,2760,2670,155,65,155,65,FALSE,FALSE
966,26,2527,2626,2592,2527,2626,2592,2527,2626,2592,99,65,99,65,FALSE,FALSE
966,27,2428,2503,2481,2428,2503,2481,2428,2503,2481,75,53,75,53,FALSE,FALSE
966,28,2330,2408,2377,2330,2408,2377,2330,2408,2377,78,47,78,47,FALSE,FALSE
966,29,2167,2296,2279,2167,2296,2279,2167,2296,2279,129,112,129,112,FALSE,FALSE
966,30,2042,2191,2162,2042,2191,2162,2042,2191,2162,149,120,149,120,FALSE,FALSE
966,31,1944,2059,2027,1944,2059,2027,1944,2059,2027,115,83,115,83,FALSE,FALSE
966,32,1839,1921,1926,1839,1921,1926,1839,1921,1926,82,87,82,87,FALSE,FALSE
966,33,1725,1802,1832,1725,1802,1832,1725,1802,1832,77,107,77,107,FALSE,FALSE
966,34,1618,1697,1713,1618,1697,1713,1618,1697,1713,79,95,79,95,FALSE,FALSE
966,35,1504,1594,1575,1504,1594,1575,1504,1594,1575,90,71,90,71,FALSE,FALSE
966,36,1409,1496,1444,1409,1496,1444,1409,1496,1444,87,35,87,35,FALSE,FALSE
966,37,1322,1403,1344,1322,1403,1344,1322,1403,1344,81,22,81,22,FALSE,FALSE
966,38,1238,1312,1243,1238,1312,1243,1238,1312,1243,74,5,74,5,FALSE,FALSE
966,39,1162,1205,1144,1162,1205,1144,1162,1205,1144,43,-18,43,18,FALSE,FALSE
966,40,1083,1110,1060,1083,1110,1060,1083,1110,1060,27,-23,27,23,FALSE,FALSE
966,41,1014,1029,992,1014,1029,992,1014,1029,992,15,-22,15,22,FALSE,FALSE
966,42,956,963,927,956,963,927,956,963,927,7,-29,7,29,FALSE,FALSE
966,43,891,907,857,891,907,857,891,907,857,16,-34,16,34,FALSE,FALSE
966,44,811,832,789,811,832,789,811,832,789,21,-22,21,22,FALSE,FALSE
966,45,756,778,728,756,778,728,756,778,728,22,-28,22,28,FALSE,FALSE
966,46,711,715,675,711,715,675,711,715,675,4,-36,4,36,FALSE,FALSE
966,47,653,661,622,653,661,622,653,661,622,8,-31,8,31,FALSE,FALSE
966,48,595,614,582,595,614,582,595,614,582,19,-13,19,13,FALSE,FALSE
966,49,558,570,539,558,570,539,558,570,539,12,-19,12,19,FALSE,FALSE
966,50,520,523,493,520,523,493,520,523,493,3,-27,3,27,FALSE,FALSE
966,51,477,477,457,477,477,457,477,477,457,0,-20,0,20,TRUE,FALSE
966,52,445,448,416,445,448,416,445,448,416,3,-29,3,29,FALSE,FALSE
966,53,407,414,379,407,414,379,407,414,379,7,-28,7,28,FALSE,FALSE
966,54,381,385,356,381,385,356,381,385,356,4,-25,4,25,FALSE,FALSE
966,55,356,354,319,356,354,319,356,354,319,-2,-37,2,37,FALSE,FALSE
966,56,326,333,300,326,333,300,326,333,300,7,-26,7,26,FALSE,FALSE
966,57,299,306,281,299,306,281,299,306,281,7,-18,7,18,FALSE,FALSE
966,58,277,285,265,277,285,265,277,285,265,8,-12,8,12,FALSE,FALSE
966,59,256,264,248,256,264,248,256,264,248,8,-8,8,8,FALSE,FALSE
966,60,233,239,236,233,239,236,233,239,236,6,3,6,3,FALSE,FALSE
967,0,53,53,53,53,53,53,53,53,53,0,0,0,0,TRUE,TRUE
967,1,51,47,53,51,47,53,51,47,53,-4,2,4,2,FALSE,FALSE
967,2,54,45,60,54,45,60,54,45,60,-9,6,9,6,FALSE,FALSE
967,3,55,44,66,55,44,66,55,44,66,-11,11,11,11,FALSE,FALSE
967,4,53,45,66,53,45,66,53,45,66,-8,13,8,13,FALSE,FALSE
967,5,62,50,74,62,50,74,62,50,74,-12,12,12,12,FALSE,FALSE
967,6,64,50,83,64,50,83,64,50,83,-14,19,14,19,FALSE,FALSE
967,7,66,52,99,66,52,99,66,52,99,-14,33,14,33,FALSE,FALSE
967,8,77,53,95,77,53,95,77,53,95,-24,18,24,18,FALSE,FALSE
967,9,83,54,106,83,54,106,83,54,106,-29,23,29,23,FALSE,FALSE
967,10,96,52,113,96,52,113,96,52,113,-44,17,44,17,FALSE,FALSE
967,11,100,49,120,100,49,120,100,49,120,-51,20,51,20,FALSE,FALSE
967,12,115,49,127,115,49,127,115,49,127,-66,12,66,12,FALSE,FALSE
967,13,135,51,136,135,51,136,135,51,136,-84,1,84,1,FALSE,FALSE
967,14,132,54,142,132,54,142,132,54,142,-78,10,78,10,FALSE,FALSE
967,15,147,51,143,147,51,143,147,51,143,-96,-4,96,4,FALSE,FALSE
967,16,160,54,153,160,54,153,160,54,153,-106,-7,106,7,FALSE,FALSE
967,17,173,54,170,173,54,170,173,54,170,-119,-3,119,3,FALSE,FALSE
967,18,178,59,148,178,59,148,178,59,148,-119,-30,119,30,FALSE,FALSE
967,19,176,57,154,176,57,154,176,57,154,-119,-22,119,22,FALSE,FALSE
967,20,186,56,170,186,56,170,186,56,170,-130,-16,130,16,FALSE,FALSE
967,21,190,64,184,190,64,184,190,64,184,-126,-6,126,6,FALSE,FALSE
967,22,197,65,176,197,65,176,197,65,176,-132,-21,132,21,FALSE,FALSE
967,23,209,63,175,209,63,175,209,63,175,-146,-34,146,34,FALSE,FALSE
967,24,223,65,193,223,65,193,223,65,193,-158,-30,158,30,FALSE,FALSE
967,25,219,67,208,219,67,208,219,67,208,-152,-11,152,11,FALSE,FALSE
967,26,219,73,224,219,73,224,219,73,224,-146,5,146,5,FALSE,FALSE
967,27,220,80,224,220,80,224,220,80,224,-140,4,140,4,FALSE,FALSE
967,28,223,87,229,223,87,229,223,87,229,-136,6,136,6,FALSE,FALSE
967,29,220,94,223,220,94,223,220,94,223,-126,3,126,3,FALSE,FALSE
967,30,250,96,250,250,96,250,250,96,250,-154,0,154,0,FALSE,TRUE
967,31,259,95,237,259,95,237,259,95,237,-164,-22,164,22,FALSE,FALSE
967,32,262,98,224,262,98,224,262,98,224,-164,-38,164,38,FALSE,FALSE
967,33,260,103,226,260,103,226,260,103,226,-157,-34,157,34,FALSE,FALSE
967,34,268,109,233,268,109,233,268,109,233,-159,-35,159,35,FALSE,FALSE
967,35,259,118,232,259,118,232,259,118,232,-141,-27,141,27,FALSE,FALSE
967,36,264,112,244,264,112,244,264,112,244,-152,-20,152,20,FALSE,FALSE
967,37,263,119,237,263,119,237,263,119,237,-144,-26,144,26,FALSE,FALSE
967,38,255,114,228,255,114,228,255,114,228,-141,-27,141,27,FALSE,FALSE
967,39,253,124,236,253,124,236,253,124,236,-129,-17,129,17,FALSE,FALSE
967,40,252,122,237,252,122,237,252,122,237,-130,-15,130,15,FALSE,FALSE
967,41,254,126,236,254,126,236,254,126,236,-128,-18,128,18,FALSE,FALSE
967,42,245,125,236,245,125,236,245,125,236,-120,-9,120,9,FALSE,FALSE
967,43,243,120,226,243,120,226,243,120,226,-123,-17,123,17,FALSE,FALSE
967,44,225,121,217,225,121,217,225,121,217,-104,-8,104,8,FALSE,FALSE
967,45,200,123,215,200,123,215,200,123,215,-77,15,77,15,FALSE,FALSE
967,46,190,124,208,190,124,208,190,124,208,-66,18,66,18,FALSE,FALSE
967,47,178,112,211,178,112,211,178,112,211,-66,33,66,33,FALSE,FALSE
967,48,163,117,217,163,117,217,163,117,217,-46,54,46,54,FALSE,FALSE
967,49,143,120,218,143,120,218,143,120,218,-23,75,23,75,FALSE,FALSE
967,50,147,122,227,147,122,227,147,122,227,-25,80,25,80,FALSE,FALSE
967,51,139,122,226,139,122,226,139,122,226,-17,87,17,87,FALSE,FALSE
967,52,146,133,215,146,133,215,146,133,215,-13,69,13,69,FALSE,FALSE
967,53,150,127,199,150,127,199,150,127,199,-23,49,23,49,FALSE,FALSE
967,54,151,126,195,151,126,195,151,126,195,-25,44,25,44,FALSE,FALSE
967,55,137,122,171,137,122,171,137,122,171,-15,34,15,34,FALSE,FALSE
967,56,133,119,163,133,119,163,133,119,163,-14,30,14,30,FALSE,FALSE
967,57,132,122,159,132,122,159,132,122,159,-10,27,10,27,FALSE,FALSE
967,58,129,121,156,129,121,156,129,121,156,-8,27,8,27,FALSE,FALSE
967,59,119,115,159,119,115,159,119,115,159,-4,40,4,40,FALSE,FALSE
967,60,115,114,146,115,114,146,115,114,146,-1,31,1,31,FALSE,FALSE
968,0,108,108,108,108,108,108,108,108,108,0,0,0,0,TRUE,TRUE
968,1,114,121,115,114,121,115,114,121,115,7,1,7,1,FALSE,FALSE
968,2,116,122,113,116,122,113,116,122,113,6,-3,6,3,FALSE,FALSE
968,3,129,129,116,129,129,116,129,129,116,0,-13,0,13,TRUE,FALSE
968,4,130,124,117,130,124,117,130,124,117,-6,-13,6,13,FALSE,FALSE
968,5,121,131,120,121,131,120,121,131,120,10,-1,10,1,FALSE,FALSE
968,6,134,131,124,134,131,124,134,131,124,-3,-10,3,10,FALSE,FALSE
968,7,144,138,133,144,138,133,144,138,133,-6,-11,6,11,FALSE,FALSE
968,8,165,137,132,165,137,132,165,137,132,-28,-33,28,33,FALSE,FALSE
968,9,176,143,144,176,143,144,176,143,144,-33,-32,33,32,FALSE,FALSE
968,10,179,159,145,179,159,145,179,159,145,-20,-34,20,34,FALSE,FALSE
968,11,193,161,151,193,161,151,193,161,151,-32,-42,32,42,FALSE,FALSE
968,12,204,165,161,204,165,161,204,165,161,-39,-43,39,43,FALSE,FALSE
968,13,206,161,156,206,161,156,206,161,156,-45,-50,45,50,FALSE,FALSE
968,14,217,169,151,217,169,151,217,169,151,-48,-66,48,66,FALSE,FALSE
968,15,228,179,157,228,179,157,228,179,157,-49,-71,49,71,FALSE,FALSE
968,16,226,175,160,226,175,160,226,175,160,-51,-66,51,66,FALSE,FALSE
968,17,230,178,165,230,178,165,230,178,165,-52,-65,52,65,FALSE,FALSE
968,18,224,185,161,224,185,161,224,185,161,-39,-63,39,63,FALSE,FALSE
968,19,229,188,169,229,188,169,229,188,169,-41,-60,41,60,FALSE,FALSE
968,20,226,209,164,226,209,164,226,209,164,-17,-62,17,62,FALSE,FALSE
968,21,225,205,165,225,205,165,225,205,165,-20,-60,20,60,FALSE,FALSE
968,22,220,219,162,220,219,162,220,219,162,-1,-58,1,58,FALSE,FALSE
968,23,220,229,165,220,229,165,220,229,165,9,-55,9,55,FALSE,FALSE
968,24,221,218,172,221,218,172,221,218,172,-3,-49,3,49,FALSE,FALSE
968,25,226,235,177,226,235,177,226,235,177,9,-49,9,49,FALSE,FALSE
968,26,238,235,172,238,235,172,238,235,172,-3,-66,3,66,FALSE,FALSE
968,27,237,241,167,237,241,167,237,241,167,4,-70,4,70,FALSE,FALSE
968,28,241,258,163,241,258,163,241,258,163,17,-78,17,78,FALSE,FALSE
968,29,243,273,173,243,273,173,243,273,173,30,-70,30,70,FALSE,FALSE
968,30,256,288,170,256,288,170,256,288,170,32,-86,32,86,FALSE,FALSE
968,31,268,292,156,268,292,156,268,292,156,24,-112,24,112,FALSE,FALSE
968,32,275,293,171,275,293,171,275,293,171,18,-104,18,104,FALSE,FALSE
968,33,271,312,161,271,312,161,271,312,161,41,-110,41,110,FALSE,FALSE
968,34,275,317,160,275,317,160,275,317,160,42,-115,42,115,FALSE,FALSE
968,35,283,323,156,283,323,156,283,323,156,40,-127,40,127,FALSE,FALSE
968,36,281,318,150,281,318,150,281,318,150,37,-131,37,131,FALSE,FALSE
968,37,282,326,150,282,326,150,282,326,150,44,-132,44,132,FALSE,FALSE
968,38,296,298,156,296,298,156,296,298,156,2,-140,2,140,FALSE,FALSE
968,39,284,302,162,284,302,162,284,302,162,18,-122,18,122,FALSE,FALSE
968,40,282,301,162,282,301,162,282,301,162,19,-120,19,120,FALSE,FALSE
968,41,276,302,164,276,302,164,276,302,164,26,-112,26,112,FALSE,FALSE
968,42,267,309,162,267,309,162,267,309,162,42,-105,42,105,FALSE,FALSE
968,43,267,285,175,267,285,175,267,285,175,18,-92,18,92,FALSE,FALSE
968,44,268,271,181,268,271,181,268,271,181,3,-87,3,87,FALSE,FALSE
968,45,262,280,175,262,280,175,262,280,175,18,-87,18,87,FALSE,FALSE
968,46,260,293,184,260,293,184,260,293,184,33,-76,33,76,FALSE,FALSE
968,47,251,291,190,251,291,190,251,291,190,40,-61,40,61,FALSE,FALSE
968,48,243,276,171,243,276,171,243,276,171,33,-72,33,72,FALSE,FALSE
968,49,250,270,157,250,270,157,250,270,157,20,-93,20,93,FALSE,FALSE
968,50,251,268,166,251,268,166,251,268,166,17,-85,17,85,FALSE,FALSE
968,51,245,291,186,245,291,186,245,291,186,46,-59,46,59,FALSE,FALSE
968,52,235,280,178,235,280,178,235,280,178,45,-57,45,57,FALSE,FALSE
968,53,235,272,182,235,272,182,235,272,182,37,-53,37,53,FALSE,FALSE
968,54,229,266,184,229,266,184,229,266,184,37,-45,37,45,FALSE,FALSE
968,55,236,263,179,236,263,179,236,263,179,27,-57,27,57,FALSE,FALSE
968,56,230,262,181,230,262,181,230,262,181,32,-49,32,49,FALSE,FALSE
968,57,230,258,185,230,258,185,230,258,185,28,-45,28,45,FALSE,FALSE
968,58,233,240,188,233,240,188,233,240,188,7,-45,7,45,FALSE,FALSE
968,59,230,240,176,230,240,176,230,240,176,10,-54,10,54,FALSE,FALSE
968,60,222,239,181,222,239,181,222,239,181,17,-41,17,41,FALSE,FALSE
969,0,115,115,115,115,115,115,115,115,115,0,0,0,0,TRUE,TRUE
969,1,130,138,142,130,138,142,130,138,142,8,12,8,12,FALSE,FALSE
969,2,155,177,165,155,177,165,155,177,165,22,10,22,10,FALSE,FALSE
969,3,182,227,203,182,227,203,182,227,203,45,21,45,21,FALSE,FALSE
969,4,216,289,247,216,289,247,216,289,247,73,31,73,31,FALSE,FALSE
969,5,254,363,301,254,363,301,254,363,301,109,47,109,47,FALSE,FALSE
969,6,325,425,361,325,425,361,325,425,361,100,36,100,36,FALSE,FALSE
969,7,418,532,432,418,532,432,418,532,432,114,14,114,14,FALSE,FALSE
969,8,513,620,524,513,620,524,513,620,524,107,11,107,11,FALSE,FALSE
969,9,610,735,610,610,735,610,610,735,610,125,0,125,0,FALSE,TRUE
969,10,710,889,733,710,889,733,710,889,733,179,23,179,23,FALSE,FALSE
969,11,867,1025,914,867,1025,914,867,1025,914,158,47,158,47,FALSE,FALSE
969,12,1046,1178,1063,1046,1178,1063,1046,1178,1063,132,17,132,17,FALSE,FALSE
969,13,1211,1347,1259,1211,1347,1259,1211,1347,1259,136,48,136,48,FALSE,FALSE
969,14,1383,1516,1453,1383,1516,1453,1383,1516,1453,133,70,133,70,FALSE,FALSE
969,15,1551,1713,1662,1551,1713,1662,1551,1713,1662,162,111,162,111,FALSE,FALSE
969,16,1747,1894,1854,1747,1894,1854,1747,1894,1854,147,107,147,107,FALSE,FALSE
969,17,1906,2095,2040,1906,2095,2040,1906,2095,2040,189,134,189,134,FALSE,FALSE
969,18,2057,2252,2188,2057,2252,2188,2057,2252,2188,195,131,195,131,FALSE,FALSE
969,19,2271,2345,2374,2271,2345,2374,2271,2345,2374,74,103,74,103,FALSE,FALSE
969,20,2400,2455,2507,2400,2455,2507,2400,2455,2507,55,107,55,107,FALSE,FALSE
969,21,2519,2516,2602,2519,2516,2602,2519,2516,2602,-3,83,3,83,FALSE,FALSE
969,22,2637,2580,2626,2637,2580,2626,2637,2580,2626,-57,-11,57,11,FALSE,FALSE
969,23,2690,2603,2634,2690,2603,2634,2690,2603,2634,-87,-56,87,56,FALSE,FALSE
969,24,2701,2589,2573,2701,2589,2573,2701,2589,2573,-112,-128,112,128,FALSE,FALSE
969,25,2675,2544,2552,2675,2544,2552,2675,2544,2552,-131,-123,131,123,FALSE,FALSE
969,26,2600,2487,2498,2600,2487,2498,2600,2487,2498,-113,-102,113,102,FALSE,FALSE
969,27,2506,2399,2386,2506,2399,2386,2506,2399,2386,-107,-120,107,120,FALSE,FALSE
969,28,2375,2282,2309,2375,2282,2309,2375,2282,2309,-93,-66,93,66,FALSE,FALSE
969,29,2281,2157,2205,2281,2157,2205,2281,2157,2205,-124,-76,124,76,FALSE,FALSE
969,30,2142,2053,2104,2142,2053,2104,2142,2053,2104,-89,-38,89,38,FALSE,FALSE
969,31,1995,1939,1965,1995,1939,1965,1995,1939,1965,-56,-30,56,30,FALSE,FALSE
969,32,1903,1834,1841,1903,1834,1841,1903,1834,1841,-69,-62,69,62,FALSE,FALSE
969,33,1752,1706,1738,1752,1706,1738,1752,1706,1738,-46,-14,46,14,FALSE,FALSE
969,34,1640,1564,1613,1640,1564,1613,1640,1564,1613,-76,-27,76,27,FALSE,FALSE
969,35,1545,1437,1512,1545,1437,1512,1545,1437,1512,-108,-33,108,33,FALSE,FALSE
969,36,1420,1327,1409,1420,1327,1409,1420,1327,1409,-93,-11,93,11,FALSE,FALSE
969,37,1321,1200,1341,1321,1200,1341,1321,1200,1341,-121,20,121,20,FALSE,FALSE
969,38,1222,1130,1206,1222,1130,1206,1222,1130,1206,-92,-16,92,16,FALSE,FALSE
969,39,1136,1060,1126,1136,1060,1126,1136,1060,1126,-76,-10,76,10,FALSE,FALSE
969,40,1034,990,1059,1034,990,1059,1034,990,1059,-44,25,44,25,FALSE,FALSE
969,41,958,911,963,958,911,963,958,911,963,-47,5,47,5,FALSE,FALSE
969,42,887,843,857,887,843,857,887,843,857,-44,-30,44,30,FALSE,FALSE
969,43,820,774,785,820,774,785,820,774,785,-46,-35,46,35,FALSE,FALSE
969,44,765,694,698,765,694,698,765,694,698,-71,-67,71,67,FALSE,FALSE
969,45,698,645,628,698,645,628,698,645,628,-53,-70,53,70,FALSE,FALSE
969,46,631,586,576,631,586,576,631,586,576,-45,-55,45,55,FALSE,FALSE
969,47,584,538,537,584,538,537,584,538,537,-46,-47,46,47,FALSE,FALSE
969,48,528,492,489,528,492,489,528,492,489,-36,-39,36,39,FALSE,FALSE
969,49,489,448,452,489,448,452,489,448,452,-41,-37,41,37,FALSE,FALSE
969,50,441,411,409,441,411,409,441,411,409,-30,-32,30,32,FALSE,FALSE
969,51,395,376,389,395,376,389,395,376,389,-19,-6,19,6,FALSE,FALSE
969,52,352,343,353,352,343,353,352,343,353,-9,1,9,1,FALSE,FALSE
969,53,324,313,320,324,313,320,324,313,320,-11,-4,11,4,FALSE,FALSE
969,54,287,276,295,287,276,295,287,276,295,-11,8,11,8,FALSE,FALSE
969,55,259,251,255,259,251,255,259,251,255,-8,-4,8,4,FALSE,FALSE
969,56,248,219,227,248,219,227,248,219,227,-29,-21,29,21,FALSE,FALSE
969,57,222,196,214,222,196,214,222,196,214,-26,-8,26,8,FALSE,FALSE
969,58,195,177,197,195,177,197,195,177,197,-18,2,18,2,FALSE,FALSE
969,59,182,163,183,182,163,183,182,163,183,-19,1,19,1,FALSE,FALSE
969,60,163,154,164,163,154,164,163,154,164,-9,1,9,1,FALSE,FALSE
970,0,106,106,106,106,106,106,106,106,106,0,0,0,0,TRUE,TRUE
970,1,126,122,110,126,122,110,126,122,110,-4,-16,4,16,FALSE,FALSE
970,2,140,145,134,140,145,134,140,145,134,5,-6,5,6,FALSE,FALSE
970,3,166,172,151,166,172,151,166,172,151,6,-15,6,15,FALSE,FALSE
970,4,177,193,173,177,193,173,177,193,173,16,-4,16,4,FALSE,FALSE
970,5,193,215,202,193,215,202,193,215,202,22,9,22,9,FALSE,FALSE
970,6,230,248,228,230,248,228,230,248,228,18,-2,18,2,FALSE,FALSE
970,7,249,284,249,249,284,249,249,284,249,35,0,35,0,FALSE,TRUE
970,8,295,326,278,295,326,278,295,326,278,31,-17,31,17,FALSE,FALSE
970,9,326,360,315,326,360,315,326,360,315,34,-11,34,11,FALSE,FALSE
970,10,364,391,362,364,391,362,364,391,362,27,-2,27,2,FALSE,FALSE
970,11,409,427,411,409,427,411,409,427,411,18,2,18,2,FALSE,FALSE
970,12,448,460,462,448,460,462,448,460,462,12,14,12,14,FALSE,FALSE
970,13,495,523,511,495,523,511,495,523,511,28,16,28,16,FALSE,FALSE
970,14,553,599,577,553,599,577,553,599,577,46,24,46,24,FALSE,FALSE
970,15,601,657,644,601,657,644,601,657,644,56,43,56,43,FALSE,FALSE
970,16,666,704,690,666,704,690,666,704,690,38,24,38,24,FALSE,FALSE
970,17,721,766,778,721,766,778,721,766,778,45,57,45,57,FALSE,FALSE
970,18,806,840,836,806,840,836,806,840,836,34,30,34,30,FALSE,FALSE
970,19,897,882,905,897,882,905,897,882,905,-15,8,15,8,FALSE,FALSE
970,20,957,944,952,957,944,952,957,944,952,-13,-5,13,5,FALSE,FALSE
970,21,1002,1013,1021,1002,1013,1021,1002,1013,1021,11,19,11,19,FALSE,FALSE
970,22,1059,1084,1096,1059,1084,1096,1059,1084,1096,25,37,25,37,FALSE,FALSE
970,23,1118,1147,1165,1118,1147,1165,1118,1147,1165,29,47,29,47,FALSE,FALSE
970,24,1180,1185,1239,1180,1185,1239,1180,1185,1239,5,59,5,59,FALSE,FALSE
970,25,1221,1234,1319,1221,1234,1319,1221,1234,1319,13,98,13,98,FALSE,FALSE
970,26,1271,1257,1350,1271,1257,1350,1271,1257,1350,-14,79,14,79,FALSE,FALSE
970,27,1328,1292,1404,1328,1292,1404,1328,1292,1404,-36,76,36,76,FALSE,FALSE
970,28,1413,1355,1427,1413,1355,1427,1413,1355,1427,-58,14,58,14,FALSE,FALSE
970,29,1473,1403,1458,1473,1403,1458,1473,1403,1458,-70,-15,70,15,FALSE,FALSE
970,30,1497,1421,1467,1497,1421,1467,1497,1421,1467,-76,-30,76,30,FALSE,FALSE
970,31,1478,1459,1477,1478,1459,1477,1478,1459,1477,-19,-1,19,1,FALSE,FALSE
970,32,1497,1464,1498,1497,1464,1498,1497,1464,1498,-33,1,33,1,FALSE,FALSE
970,33,1495,1487,1482,1495,1487,1482,1495,1487,1482,-8,-13,8,13,FALSE,FALSE
970,34,1484,1509,1489,1484,1509,1489,1484,1509,1489,25,5,25,5,FALSE,FALSE
970,35,1455,1504,1451,1455,1504,1451,1455,1504,1451,49,-4,49,4,FALSE,FALSE
970,36,1414,1470,1446,1414,1470,1446,1414,1470,1446,56,32,56,32,FALSE,FALSE
970,37,1402,1454,1447,1402,1454,1447,1402,1454,1447,52,45,52,45,FALSE,FALSE
970,38,1334,1425,1415,1334,1425,1415,1334,1425,1415,91,81,91,81,FALSE,FALSE
970,39,1321,1386,1349,1321,1386,1349,1321,1386,1349,65,28,65,28,FALSE,FALSE
970,40,1282,1340,1310,1282,1340,1310,1282,1340,1310,58,28,58,28,FALSE,FALSE
970,41,1243,1280,1300,1243,1280,1300,1243,1280,1300,37,57,37,57,FALSE,FALSE
970,42,1189,1223,1257,1189,1223,1257,1189,1223,1257,34,68,34,68,FALSE,FALSE
970,43,1156,1189,1216,1156,1189,1216,1156,1189,1216,33,60,33,60,FALSE,FALSE
970,44,1113,1126,1161,1113,1126,1161,1113,1126,1161,13,48,13,48,FALSE,FALSE
970,45,1072,1088,1106,1072,1088,1106,1072,1088,1106,16,34,16,34,FALSE,FALSE
970,46,1026,1056,1060,1026,1056,1060,1026,1056,1060,30,34,30,34,FALSE,FALSE
970,47,989,1010,982,989,1010,982,989,1010,982,21,-7,21,7,FALSE,FALSE
970,48,945,980,921,945,980,921,945,980,921,35,-24,35,24,FALSE,FALSE
970,49,883,922,879,883,922,879,883,922,879,39,-4,39,4,FALSE,FALSE
970,50,843,864,833,843,864,833,843,864,833,21,-10,21,10,FALSE,FALSE
970,51,799,818,781,799,818,781,799,818,781,19,-18,19,18,FALSE,FALSE
970,52,753,761,747,753,761,747,753,761,747,8,-6,8,6,FALSE,FALSE
970,53,715,701,694,715,701,694,715,701,694,-14,-21,14,21,FALSE,FALSE
970,54,685,665,653,685,665,653,685,665,653,-20,-32,20,32,FALSE,FALSE
970,55,646,612,625,646,612,625,646,612,625,-34,-21,34,21,FALSE,FALSE
970,56,621,577,572,621,577,572,621,577,572,-44,-49,44,49,FALSE,FALSE
970,57,586,541,537,586,541,537,586,541,537,-45,-49,45,49,FALSE,FALSE
970,58,557,515,504,557,515,504,557,515,504,-42,-53,42,53,FALSE,FALSE
970,59,523,490,461,523,490,461,523,490,461,-33,-62,33,62,FALSE,FALSE
970,60,482,462,436,482,462,436,482,462,436,-20,-46,20,46,FALSE,FALSE
971,0,146,146,146,146,146,146,146,146,146,0,0,0,0,TRUE,TRUE
971,1,203,231,197,203,231,197,203,231,197,28,-6,28,6,FALSE,FALSE
971,2,295,319,275,295,319,275,295,319,275,24,-20,24,20,FALSE,FALSE
971,3,389,425,382,389,425,382,389,425,382,36,-7,36,7,FALSE,FALSE
971,4,533,606,513,533,606,513,533,606,513,73,-20,73,20,FALSE,FALSE
971,5,721,780,689,721,780,689,721,780,689,59,-32,59,32,FALSE,FALSE
971,6,952,1056,924,952,1056,924,952,1056,924,104,-28,104,28,FALSE,FALSE
971,7,1204,1338,1205,1204,1338,1205,1204,1338,1205,134,1,134,1,FALSE,FALSE
971,8,1495,1652,1470,1495,1652,1470,1495,1652,1470,157,-25,157,25,FALSE,FALSE
971,9,1796,1995,1816,1796,1995,1816,1796,1995,1816,199,20,199,20,FALSE,FALSE
971,10,2130,2348,2152,2130,2348,2152,2130,2348,2152,218,22,218,22,FALSE,FALSE
971,11,2504,2645,2491,2504,2645,2491,2504,2645,2491,141,-13,141,13,FALSE,FALSE
971,12,2779,2852,2721,2779,2852,2721,2779,2852,2721,73,-58,73,58,FALSE,FALSE
971,13,2935,2999,2926,2935,2999,2926,2935,2999,2926,64,-9,64,9,FALSE,FALSE
971,14,3046,2986,3032,3046,2986,3032,3046,2986,3032,-60,-14,60,14,FALSE,FALSE
971,15,3094,3003,3015,3094,3003,3015,3094,3003,3015,-91,-79,91,79,FALSE,FALSE
971,16,2991,2872,2945,2991,2872,2945,2991,2872,2945,-119,-46,119,46,FALSE,FALSE
971,17,2826,2755,2844,2826,2755,2844,2826,2755,2844,-71,18,71,18,FALSE,FALSE
971,18,2657,2549,2704,2657,2549,2704,2657,2549,2704,-108,47,108,47,FALSE,FALSE
971,19,2463,2345,2435,2463,2345,2435,2463,2345,2435,-118,-28,118,28,FALSE,FALSE
971,20,2221,2146,2230,2221,2146,2230,2221,2146,2230,-75,9,75,9,FALSE,FALSE
971,21,2010,1927,2017,2010,1927,2017,2010,1927,2017,-83,7,83,7,FALSE,FALSE
971,22,1818,1764,1813,1818,1764,1813,1818,1764,1813,-54,-5,54,5,FALSE,FALSE
971,23,1639,1572,1638,1639,1572,1638,1639,1572,1638,-67,-1,67,1,FALSE,FALSE
971,24,1437,1412,1466,1437,1412,1466,1437,1412,1466,-25,29,25,29,FALSE,FALSE
971,25,1281,1266,1310,1281,1266,1310,1281,1266,1310,-15,29,15,29,FALSE,FALSE
971,26,1134,1115,1184,1134,1115,1184,1134,1115,1184,-19,50,19,50,FALSE,FALSE
971,27,990,965,1024,990,965,1024,990,965,1024,-25,34,25,34,FALSE,FALSE
971,28,876,850,880,876,850,880,876,850,880,-26,4,26,4,FALSE,FALSE
971,29,765,766,786,765,766,786,765,766,786,1,21,1,21,FALSE,FALSE
971,30,678,667,698,678,667,698,678,667,698,-11,20,11,20,FALSE,FALSE
971,31,588,603,639,588,603,639,588,603,639,15,51,15,51,FALSE,FALSE
971,32,519,538,569,519,538,569,519,538,569,19,50,19,50,FALSE,FALSE
971,33,448,463,510,448,463,510,448,463,510,15,62,15,62,FALSE,FALSE
971,34,388,405,456,388,405,456,388,405,456,17,68,17,68,FALSE,FALSE
971,35,318,345,404,318,345,404,318,345,404,27,86,27,86,FALSE,FALSE
971,36,275,305,361,275,305,361,275,305,361,30,86,30,86,FALSE,FALSE
971,37,234,278,312,234,278,312,234,278,312,44,78,44,78,FALSE,FALSE
971,38,204,243,278,204,243,278,204,243,278,39,74,39,74,FALSE,FALSE
971,39,182,210,249,182,210,249,182,210,249,28,67,28,67,FALSE,FALSE
971,40,161,190,230,161,190,230,161,190,230,29,69,29,69,FALSE,FALSE
971,41,139,167,199,139,167,199,139,167,199,28,60,28,60,FALSE,FALSE
971,42,127,146,172,127,146,172,127,146,172,19,45,19,45,FALSE,FALSE
971,43,113,123,159,113,123,159,113,123,159,10,46,10,46,FALSE,FALSE
971,44,96,111,132,96,111,132,96,111,132,15,36,15,36,FALSE,FALSE
971,45,82,95,120,82,95,120,82,95,120,13,38,13,38,FALSE,FALSE
971,46,71,84,111,71,84,111,71,84,111,13,40,13,40,FALSE,FALSE
971,47,63,71,99,63,71,99,63,71,99,8,36,8,36,FALSE,FALSE
971,48,55,67,95,55,67,95,55,67,95,12,40,12,40,FALSE,FALSE
971,49,48,58,90,48,58,90,48,58,90,10,42,10,42,FALSE,FALSE
971,50,42,51,80,42,51,80,42,51,80,9,38,9,38,FALSE,FALSE
971,51,36,47,67,36,47,67,36,47,67,11,31,11,31,FALSE,FALSE
971,52,32,40,59,32,40,59,32,40,59,8,27,8,27,FALSE,FALSE
971,53,28,34,54,28,34,54,28,34,54,6,26,6,26,FALSE,FALSE
971,54,25,33,50,25,33,50,25,33,50,8,25,8,25,FALSE,FALSE
971,55,22,29,39,22,29,39,22,29,39,7,17,7,17,FALSE,FALSE
971,56,19,27,30,19,27,30,19,27,30,8,11,8,11,FALSE,FALSE
971,57,16,22,25,16,22,25,16,22,25,6,9,6,9,FALSE,FALSE
971,58,14,16,20,14,16,20,14,16,20,2,6,2,6,FALSE,FALSE
971,59,14,15,19,14,15,19,14,15,19,1,5,1,5,FALSE,FALSE
971,60,14,8,15,14,8,15,14,8,15,-6,1,6,1,FALSE,FALSE
972,0,142,142,142,142,142,142,142,142,142,0,0,0,0,TRUE,TRUE
972,1,158,162,158,158,162,158,158,162,158,4,0,4,0,FALSE,TRUE
972,2,180,188,165,180,188,165,180,188,165,8,-15,8,15,FALSE,FALSE
972,3,196,213,169,196,213,169,196,213,169,17,-27,17,27,FALSE,FALSE
972,4,207,233,179,207,233,179,207,233,179,26,-28,26,28,FALSE,FALSE
972,5,219,255,192,219,255,192,219,255,192,36,-27,36,27,FALSE,FALSE
972,6,251,274,201,251,274,201,251,274,201,23,-50,23,50,FALSE,FALSE
972,7,263,297,208,263,297,208,263,297,208,34,-55,34,55,FALSE,FALSE
972,8,275,321,220,275,321,220,275,321,220,46,-55,46,55,FALSE,FALSE
972,9,289,353,230,289,353,230,289,353,230,64,-59,64,59,FALSE,FALSE
972,10,323,374,237,323,374,237,323,374,237,51,-86,51,86,FALSE,FALSE
972,11,355,393,252,355,393,252,355,393,252,38,-103,38,103,FALSE,FALSE
972,12,390,437,266,390,437,266,390,437,266,47,-124,47,124,FALSE,FALSE
972,13,410,470,300,410,470,300,410,470,300,60,-110,60,110,FALSE,FALSE
972,14,448,510,311,448,510,311,448,510,311,62,-137,62,137,FALSE,FALSE
972,15,475,532,333,475,532,333,475,532,333,57,-142,57,142,FALSE,FALSE
972,16,503,558,335,503,558,335,503,558,335,55,-168,55,168,FALSE,FALSE
972,17,531,597,346,531,597,346,531,597,346,66,-185,66,185,FALSE,FALSE
972,18,560,637,345,560,637,345,560,637,345,77,-215,77,215,FALSE,FALSE
972,19,602,657,368,602,657,368,602,657,368,55,-234,55,234,FALSE,FALSE
972,20,647,697,371,647,697,371,647,697,371,50,-276,50,276,FALSE,FALSE
972,21,688,729,386,688,729,386,688,729,386,41,-302,41,302,FALSE,FALSE
972,22,731,777,409,731,777,409,731,777,409,46,-322,46,322,FALSE,FALSE
972,23,776,825,447,776,825,447,776,825,447,49,-329,49,329,FALSE,FALSE
972,24,786,873,470,786,873,470,786,873,470,87,-316,87,316,FALSE,FALSE
972,25,828,923,479,828,923,479,828,923,479,95,-349,95,349,FALSE,FALSE
972,26,869,980,498,869,980,498,869,980,498,111,-371,111,371,FALSE,FALSE
972,27,927,1040,531,927,1040,531,927,1040,531,113,-396,113,396,FALSE,FALSE
972,28,947,1091,567,947,1091,567,947,1091,567,144,-380,144,380,FALSE,FALSE
972,29,983,1130,599,983,1130,599,983,1130,599,147,-384,147,384,FALSE,FALSE
972,30,1037,1171,638,1037,1171,638,1037,1171,638,134,-399,134,399,FALSE,FALSE
972,31,1084,1221,667,1084,1221,667,1084,1221,667,137,-417,137,417,FALSE,FALSE
972,32,1117,1267,698,1117,1267,698,1117,1267,698,150,-419,150,419,FALSE,FALSE
972,33,1163,1307,720,1163,1307,720,1163,1307,720,144,-443,144,443,FALSE,FALSE
972,34,1199,1347,758,1199,1347,758,1199,1347,758,148,-441,148,441,FALSE,FALSE
972,35,1236,1380,768,1236,1380,768,1236,1380,768,144,-468,144,468,FALSE,FALSE
972,36,1287,1419,809,1287,1419,809,1287,1419,809,132,-478,132,478,FALSE,FALSE
972,37,1339,1458,850,1339,1458,850,1339,1458,850,119,-489,119,489,FALSE,FALSE
972,38,1343,1479,919,1343,1479,919,1343,1479,919,136,-424,136,424,FALSE,FALSE
972,39,1359,1497,954,1359,1497,954,1359,1497,954,138,-405,138,405,FALSE,FALSE
972,40,1380,1491,965,1380,1491,965,1380,1491,965,111,-415,111,415,FALSE,FALSE
972,41,1444,1526,998,1444,1526,998,1444,1526,998,82,-446,82,446,FALSE,FALSE
972,42,1450,1523,1034,1450,1523,1034,1450,1523,1034,73,-416,73,416,FALSE,FALSE
972,43,1445,1523,1075,1445,1523,1075,1445,1523,1075,78,-370,78,370,FALSE,FALSE
972,44,1438,1538,1088,1438,1538,1088,1438,1538,1088,100,-350,100,350,FALSE,FALSE
972,45,1442,1575,1142,1442,1575,1142,1442,1575,1142,133,-300,133,300,FALSE,FALSE
972,46,1446,1566,1174,1446,1566,1174,1446,1566,1174,120,-272,120,272,FALSE,FALSE
972,47,1428,1541,1214,1428,1541,1214,1428,1541,1214,113,-214,113,214,FALSE,FALSE
972,48,1433,1539,1227,1433,1539,1227,1433,1539,1227,106,-206,106,206,FALSE,FALSE
972,49,1416,1533,1242,1416,1533,1242,1416,1533,1242,117,-174,117,174,FALSE,FALSE
972,50,1424,1530,1250,1424,1530,1250,1424,1530,1250,106,-174,106,174,FALSE,FALSE
972,51,1422,1480,1247,1422,1480,1247,1422,1480,1247,58,-175,58,175,FALSE,FALSE
972,52,1421,1449,1286,1421,1449,1286,1421,1449,1286,28,-135,28,135,FALSE,FALSE
972,53,1417,1446,1288,1417,1446,1288,1417,1446,1288,29,-129,29,129,FALSE,FALSE
972,54,1396,1403,1316,1396,1403,1316,1396,1403,1316,7,-80,7,80,FALSE,FALSE
972,55,1433,1380,1307,1433,1380,1307,1433,1380,1307,-53,-126,53,126,FALSE,FALSE
972,56,1424,1355,1293,1424,1355,1293,1424,1355,1293,-69,-131,69,131,FALSE,FALSE
972,57,1436,1322,1307,1436,1322,1307,1436,1322,1307,-114,-129,114,129,FALSE,FALSE
972,58,1426,1280,1305,1426,1280,1305,1426,1280,1305,-146,-121,146,121,FALSE,FALSE
972,59,1398,1230,1302,1398,1230,1302,1398,1230,1302,-168,-96,168,96,FALSE,FALSE
972,60,1353,1190,1316,1353,1190,1316,1353,1190,1316,-163,-37,163,37,FALSE,FALSE
973,0,122,122,122,122,122,122,122,122,122,0,0,0,0,TRUE,TRUE
973,1,226,203,229,226,203,229,226,203,229,-23,3,23,3,FALSE,FALSE
973,2,387,306,445,387,306,445,387,306,445,-81,58,81,58,FALSE,FALSE
973,3,615,529,773,615,529,773,615,529,773,-86,158,86,158,FALSE,FALSE
973,4,985,816,1242,985,816,1242,985,816,1242,-169,257,169,257,FALSE,FALSE
973,5,1525,1236,1823,1525,1236,1823,1525,1236,1823,-289,298,289,298,FALSE,FALSE
973,6,2142,1746,2414,2142,1746,2414,2142,1746,2414,-396,272,396,272,FALSE,FALSE
973,7,2668,2184,2990,2668,2184,2990,2668,2184,2990,-484,322,484,322,FALSE,FALSE
973,8,2996,2622,3221,2996,2622,3221,2996,2622,3221,-374,225,374,225,FALSE,FALSE
973,9,3068,2826,3130,3068,2826,3130,3068,2826,3130,-242,62,242,62,FALSE,FALSE
973,10,2947,2808,2848,2947,2808,2848,2947,2808,2848,-139,-99,139,99,FALSE,FALSE
973,11,2645,2674,2476,2645,2674,2476,2645,2674,2476,29,-169,29,169,FALSE,FALSE
973,12,2266,2385,2051,2266,2385,2051,2266,2385,2051,119,-215,119,215,FALSE,FALSE
973,13,1913,2085,1740,1913,2085,1740,1913,2085,1740,172,-173,172,173,FALSE,FALSE
973,14,1583,1762,1427,1583,1762,1427,1583,1762,1427,179,-156,179,156,FALSE,FALSE
973,15,1289,1473,1139,1289,1473,1139,1289,1473,1139,184,-150,184,150,FALSE,FALSE
973,16,1050,1194,930,1050,1194,930,1050,1194,930,144,-120,144,120,FALSE,FALSE
973,17,856,1010,750,856,1010,750,856,1010,750,154,-106,154,106,FALSE,FALSE
973,18,681,813,601,681,813,601,681,813,601,132,-80,132,80,FALSE,FALSE
973,19,551,672,491,551,672,491,551,672,491,121,-60,121,60,FALSE,FALSE
973,20,428,545,397,428,545,397,428,545,397,117,-31,117,31,FALSE,FALSE
973,21,342,422,323,342,422,323,342,422,323,80,-19,80,19,FALSE,FALSE
973,22,274,355,265,274,355,265,274,355,265,81,-9,81,9,FALSE,FALSE
973,23,219,281,195,219,281,195,219,281,195,62,-24,62,24,FALSE,FALSE
973,24,174,241,147,174,241,147,174,241,147,67,-27,67,27,FALSE,FALSE
973,25,131,201,122,131,201,122,131,201,122,70,-9,70,9,FALSE,FALSE
973,26,97,168,89,97,168,89,97,168,89,71,-8,71,8,FALSE,FALSE
973,27,78,137,75,78,137,75,78,137,75,59,-3,59,3,FALSE,FALSE
973,28,60,120,56,60,120,56,60,120,56,60,-4,60,4,FALSE,FALSE
973,29,42,95,43,42,95,43,42,95,43,53,1,53,1,FALSE,FALSE
973,30,33,85,36,33,85,36,33,85,36,52,3,52,3,FALSE,FALSE
973,31,26,69,32,26,69,32,26,69,32,43,6,43,6,FALSE,FALSE
973,32,19,50,27,19,50,27,19,50,27,31,8,31,8,FALSE,FALSE
973,33,12,42,19,12,42,19,12,42,19,30,7,30,7,FALSE,FALSE
973,34,11,39,17,11,39,17,11,39,17,28,6,28,6,FALSE,FALSE
973,35,11,35,16,11,35,16,11,35,16,24,5,24,5,FALSE,FALSE
973,36,10,30,10,10,30,10,10,30,10,20,0,20,0,FALSE,TRUE
973,37,8,18,8,8,18,8,8,18,8,10,0,10,0,FALSE,TRUE
973,38,7,15,7,7,15,7,7,15,7,8,0,8,0,FALSE,TRUE
973,39,4,12,4,4,12,4,4,12,4,8,0,8,0,FALSE,TRUE
973,40,2,9,3,2,9,3,2,9,3,7,1,7,1,FALSE,FALSE
973,41,2,6,3,2,6,3,2,6,3,4,1,4,1,FALSE,FALSE
973,42,1,4,2,1,4,2,1,4,2,3,1,3,1,FALSE,FALSE
973,43,1,2,2,1,2,2,1,2,2,1,1,1,1,FALSE,FALSE
973,44,1,2,0,1,2,0,1,2,0,1,-1,1,1,FALSE,FALSE
973,45,1,2,0,1,2,0,1,2,0,1,-1,1,1,FALSE,FALSE
973,46,1,2,0,1,2,0,1,2,0,1,-1,1,1,FALSE,FALSE
973,47,1,2,0,1,2,0,1,2,0,1,-1,1,1,FALSE,FALSE
973,48,0,1,0,0,1,0,0,1,0,1,0,1,0,FALSE,TRUE
973,49,0,1,0,0,1,0,0,1,0,1,0,1,0,FALSE,TRUE
973,50,0,1,0,0,1,0,0,1,0,1,0,1,0,FALSE,TRUE
973,51,0,1,0,0,1,0,0,1,0,1,0,1,0,FALSE,TRUE
973,52,0,1,0,0,1,0,0,1,0,1,0,1,0,FALSE,TRUE
973,53,0,1,0,0,1,0,0,1,0,1,0,1,0,FALSE,TRUE
973,54,0,0,0,0,0,0,0,0,0,0,0,0,0,TRUE,TRUE
973,55,0,0,0,0,0,0,0,0,0,0,0,0,0,TRUE,TRUE
973,56,0,0,0,0,0,0,0,0,0,0,0,0,0,TRUE,TRUE
973,57,0,0,0,0,0,0,0,0,0,0,0,0,0,TRUE,TRUE
973,58,0,0,0,0,0,0,0,0,0,0,0,0,0,TRUE,TRUE
973,59,0,0,0,0,0,0,0,0,0,0,0,0,0,TRUE,TRUE
973,60,0,0,0,0,0,0,0,0,0,0,0,0,0,TRUE,TRUE
974,0,134,134,134,134,134,134,134,134,134,0,0,0,0,TRUE,TRUE
974,1,183,188,189,183,188,189,183,188,189,5,6,5,6,FALSE,FALSE
974,2,235,241,249,235,241,249,235,241,249,6,14,6,14,FALSE,FALSE
974,3,315,325,346,315,325,346,315,325,346,10,31,10,31,FALSE,FALSE
974,4,401,417,456,401,417,456,401,417,456,16,55,16,55,FALSE,FALSE
974,5,529,521,571,529,521,571,529,521,571,-8,42,8,42,FALSE,FALSE
974,6,701,628,758,701,628,758,701,628,758,-73,57,73,57,FALSE,FALSE
974,7,862,756,952,862,756,952,862,756,952,-106,90,106,90,FALSE,FALSE
974,8,1090,903,1122,1090,903,1122,1090,903,1122,-187,32,187,32,FALSE,FALSE
974,9,1282,1014,1360,1282,1014,1360,1282,1014,1360,-268,78,268,78,FALSE,FALSE
974,10,1446,1150,1572,1446,1150,1572,1446,1150,1572,-296,126,296,126,FALSE,FALSE
974,11,1603,1282,1725,1603,1282,1725,1603,1282,1725,-321,122,321,122,FALSE,FALSE
974,12,1701,1339,1809,1701,1339,1809,1701,1339,1809,-362,108,362,108,FALSE,FALSE
974,13,1742,1367,1796,1742,1367,1796,1742,1367,1796,-375,54,375,54,FALSE,FALSE
974,14,1708,1374,1725,1708,1374,1725,1708,1374,1725,-334,17,334,17,FALSE,FALSE
974,15,1595,1352,1617,1595,1352,1617,1595,1352,1617,-243,22,243,22,FALSE,FALSE
974,16,1448,1284,1459,1448,1284,1459,1448,1284,1459,-164,11,164,11,FALSE,FALSE
974,17,1329,1192,1294,1329,1192,1294,1329,1192,1294,-137,-35,137,35,FALSE,FALSE
974,18,1156,1073,1093,1156,1073,1093,1156,1073,1093,-83,-63,83,63,FALSE,FALSE
974,19,1011,945,986,1011,945,986,1011,945,986,-66,-25,66,25,FALSE,FALSE
974,20,878,833,837,878,833,837,878,833,837,-45,-41,45,41,FALSE,FALSE
974,21,740,728,711,740,728,711,740,728,711,-12,-29,12,29,FALSE,FALSE
974,22,632,639,588,632,639,588,632,639,588,7,-44,7,44,FALSE,FALSE
974,23,553,543,476,553,543,476,553,543,476,-10,-77,10,77,FALSE,FALSE
974,24,467,473,388,467,473,388,467,473,388,6,-79,6,79,FALSE,FALSE
974,25,386,401,329,386,401,329,386,401,329,15,-57,15,57,FALSE,FALSE
974,26,335,346,284,335,346,284,335,346,284,11,-51,11,51,FALSE,FALSE
974,27,286,298,226,286,298,226,286,298,226,12,-60,12,60,FALSE,FALSE
974,28,242,256,182,242,256,182,242,256,182,14,-60,14,60,FALSE,FALSE
974,29,197,228,157,197,228,157,197,228,157,31,-40,31,40,FALSE,FALSE
974,30,168,199,133,168,199,133,168,199,133,31,-35,31,35,FALSE,FALSE
974,31,132,178,109,132,178,109,132,178,109,46,-23,46,23,FALSE,FALSE
974,32,109,172,84,109,172,84,109,172,84,63,-25,63,25,FALSE,FALSE
974,33,88,150,67,88,150,67,88,150,67,62,-21,62,21,FALSE,FALSE
974,34,71,130,61,71,130,61,71,130,61,59,-10,59,10,FALSE,FALSE
974,35,53,112,45,53,112,45,53,112,45,59,-8,59,8,FALSE,FALSE
974,36,43,96,38,43,96,38,43,96,38,53,-5,53,5,FALSE,FALSE
974,37,35,76,30,35,76,30,35,76,30,41,-5,41,5,FALSE,FALSE
974,38,28,61,28,28,61,28,28,61,28,33,0,33,0,FALSE,TRUE
974,39,23,47,23,23,47,23,23,47,23,24,0,24,0,FALSE,TRUE
974,40,17,39,19,17,39,19,17,39,19,22,2,22,2,FALSE,FALSE
974,41,14,32,10,14,32,10,14,32,10,18,-4,18,4,FALSE,FALSE
974,42,11,22,8,11,22,8,11,22,8,11,-3,11,3,FALSE,FALSE
974,43,7,21,10,7,21,10,7,21,10,14,3,14,3,FALSE,FALSE
974,44,9,17,9,9,17,9,9,17,9,8,0,8,0,FALSE,TRUE
974,45,7,15,6,7,15,6,7,15,6,8,-1,8,1,FALSE,FALSE
974,46,6,11,5,6,11,5,6,11,5,5,-1,5,1,FALSE,FALSE
974,47,5,9,3,5,9,3,5,9,3,4,-2,4,2,FALSE,FALSE
974,48,4,6,3,4,6,3,4,6,3,2,-1,2,1,FALSE,FALSE
974,49,1,2,3,1,2,3,1,2,3,1,2,1,2,FALSE,FALSE
974,50,1,2,2,1,2,2,1,2,2,1,1,1,1,FALSE,FALSE
974,51,1,1,3,1,1,3,1,1,3,0,2,0,2,TRUE,FALSE
974,52,0,0,3,0,0,3,0,0,3,0,3,0,3,TRUE,FALSE
974,53,0,0,2,0,0,2,0,0,2,0,2,0,2,TRUE,FALSE
974,54,0,0,2,0,0,2,0,0,2,0,2,0,2,TRUE,FALSE
974,55,0,0,1,0,0,1,0,0,1,0,1,0,1,TRUE,FALSE
974,56,0,0,1,0,0,1,0,0,1,0,1,0,1,TRUE,FALSE
974,57,0,0,0,0,0,0,0,0,0,0,0,0,0,TRUE,TRUE
974,58,0,0,0,0,0,0,0,0,0,0,0,0,0,TRUE,TRUE
974,59,0,0,0,0,0,0,0,0,0,0,0,0,0,TRUE,TRUE
974,60,0,0,0,0,0,0,0,0,0,0,0,0,0,TRUE,TRUE
975,0,78,78,78,78,78,78,78,78,78,0,0,0,0,TRUE,TRUE
975,1,107,111,102,107,111,102,107,111,102,4,-5,4,5,FALSE,FALSE
975,2,160,142,157,160,142,157,160,142,157,-18,-3,18,3,FALSE,FALSE
975,3,208,210,230,208,210,230,208,210,230,2,22,2,22,FALSE,FALSE
975,4,289,278,299,289,278,299,289,278,299,-11,10,11,10,FALSE,FALSE
975,5,386,385,381,386,385,381,386,385,381,-1,-5,1,5,FALSE,FALSE
975,6,507,497,505,507,497,505,507,497,505,-10,-2,10,2,FALSE,FALSE
975,7,677,664,638,677,664,638,677,664,638,-13,-39,13,39,FALSE,FALSE
975,8,819,838,833,819,838,833,819,838,833,19,14,19,14,FALSE,FALSE
975,9,1019,1025,1024,1019,1025,1024,1019,1025,1024,6,5,6,5,FALSE,FALSE
975,10,1242,1221,1272,1242,1221,1272,1242,1221,1272,-21,30,21,30,FALSE,FALSE
975,11,1460,1460,1512,1460,1460,1512,1460,1460,1512,0,52,0,52,TRUE,FALSE
975,12,1708,1652,1722,1708,1652,1722,1708,1652,1722,-56,14,56,14,FALSE,FALSE
975,13,1859,1824,1904,1859,1824,1904,1859,1824,1904,-35,45,35,45,FALSE,FALSE
975,14,2014,1997,2013,2014,1997,2013,2014,1997,2013,-17,-1,17,1,FALSE,FALSE
975,15,2134,2103,2122,2134,2103,2122,2134,2103,2122,-31,-12,31,12,FALSE,FALSE
975,16,2186,2133,2178,2186,2133,2178,2186,2133,2178,-53,-8,53,8,FALSE,FALSE
975,17,2173,2159,2167,2173,2159,2167,2173,2159,2167,-14,-6,14,6,FALSE,FALSE
975,18,2103,2071,2092,2103,2071,2092,2103,2071,2092,-32,-11,32,11,FALSE,FALSE
975,19,1995,1980,1972,1995,1980,1972,1995,1980,1972,-15,-23,15,23,FALSE,FALSE
975,20,1851,1855,1857,1851,1855,1857,1851,1855,1857,4,6,4,6,FALSE,FALSE
975,21,1738,1731,1714,1738,1731,1714,1738,1731,1714,-7,-24,7,24,FALSE,FALSE
975,22,1565,1598,1546,1565,1598,1546,1565,1598,1546,33,-19,33,19,FALSE,FALSE
975,23,1393,1422,1378,1393,1422,1378,1393,1422,1378,29,-15,29,15,FALSE,FALSE
975,24,1263,1283,1233,1263,1283,1233,1263,1283,1233,20,-30,20,30,FALSE,FALSE
975,25,1107,1135,1066,1107,1135,1066,1107,1135,1066,28,-41,28,41,FALSE,FALSE
975,26,964,1019,938,964,1019,938,964,1019,938,55,-26,55,26,FALSE,FALSE
975,27,859,909,824,859,909,824,859,909,824,50,-35,50,35,FALSE,FALSE
975,28,746,813,735,746,813,735,746,813,735,67,-11,67,11,FALSE,FALSE
975,29,634,700,637,634,700,637,634,700,637,66,3,66,3,FALSE,FALSE
975,30,550,630,549,550,630,549,550,630,549,80,-1,80,1,FALSE,FALSE
975,31,481,555,482,481,555,482,481,555,482,74,1,74,1,FALSE,FALSE
975,32,421,507,434,421,507,434,421,507,434,86,13,86,13,FALSE,FALSE
975,33,356,440,367,356,440,367,356,440,367,84,11,84,11,FALSE,FALSE
975,34,304,404,319,304,404,319,304,404,319,100,15,100,15,FALSE,FALSE
975,35,258,352,273,258,352,273,258,352,273,94,15,94,15,FALSE,FALSE
975,36,234,318,239,234,318,239,234,318,239,84,5,84,5,FALSE,FALSE
975,37,200,263,207,200,263,207,200,263,207,63,7,63,7,FALSE,FALSE
975,38,171,230,175,171,230,175,171,230,175,59,4,59,4,FALSE,FALSE
975,39,152,191,146,152,191,146,152,191,146,39,-6,39,6,FALSE,FALSE
975,40,135,176,131,135,176,131,135,176,131,41,-4,41,4,FALSE,FALSE
975,41,117,154,114,117,154,114,117,154,114,37,-3,37,3,FALSE,FALSE
975,42,104,129,105,104,129,105,104,129,105,25,1,25,1,FALSE,FALSE
975,43,90,111,93,90,111,93,90,111,93,21,3,21,3,FALSE,FALSE
975,44,74,96,80,74,96,80,74,96,80,22,6,22,6,FALSE,FALSE
975,45,61,83,69,61,83,69,61,83,69,22,8,22,8,FALSE,FALSE
975,46,54,67,63,54,67,63,54,67,63,13,9,13,9,FALSE,FALSE
975,47,48,57,56,48,57,56,48,57,56,9,8,9,8,FALSE,FALSE
975,48,37,44,49,37,44,49,37,44,49,7,12,7,12,FALSE,FALSE
975,49,33,35,47,33,35,47,33,35,47,2,14,2,14,FALSE,FALSE
975,50,27,27,44,27,27,44,27,27,44,0,17,0,17,TRUE,FALSE
975,51,24,24,39,24,24,39,24,24,39,0,15,0,15,TRUE,FALSE
975,52,22,17,32,22,17,32,22,17,32,-5,10,5,10,FALSE,FALSE
975,53,18,15,28,18,15,28,18,15,28,-3,10,3,10,FALSE,FALSE
975,54,16,16,24,16,16,24,16,16,24,0,8,0,8,TRUE,FALSE
975,55,16,15,17,16,15,17,16,15,17,-1,1,1,1,FALSE,FALSE
975,56,14,12,16,14,12,16,14,12,16,-2,2,2,2,FALSE,FALSE
975,57,11,9,14,11,9,14,11,9,14,-2,3,2,3,FALSE,FALSE
975,58,8,6,12,8,6,12,8,6,12,-2,4,2,4,FALSE,FALSE
975,59,9,5,10,9,5,10,9,5,10,-4,1,4,1,FALSE,FALSE
975,60,7,3,9,7,3,9,7,3,9,-4,2,4,2,FALSE,FALSE
976,0,99,99,99,99,99,99,99,99,99,0,0,0,0,TRUE,TRUE
976,1,160,154,158,160,154,158,160,154,158,-6,-2,6,2,FALSE,FALSE
976,2,251,231,256,251,231,256,251,231,256,-20,5,20,5,FALSE,FALSE
976,3,409,359,376,409,359,376,409,359,376,-50,-33,50,33,FALSE,FALSE
976,4,672,572,621,672,572,621,672,572,621,-100,-51,100,51,FALSE,FALSE
976,5,989,866,941,989,866,941,989,866,941,-123,-48,123,48,FALSE,FALSE
976,6,1426,1244,1401,1426,1244,1401,1426,1244,1401,-182,-25,182,25,FALSE,FALSE
976,7,1955,1754,1867,1955,1754,1867,1955,1754,1867,-201,-88,201,88,FALSE,FALSE
976,8,2443,2181,2356,2443,2181,2356,2443,2181,2356,-262,-87,262,87,FALSE,FALSE
976,9,2815,2552,2767,2815,2552,2767,2815,2552,2767,-263,-48,263,48,FALSE,FALSE
976,10,2919,2759,2956,2919,2759,2956,2919,2759,2956,-160,37,160,37,FALSE,FALSE
976,11,2827,2816,2870,2827,2816,2870,2827,2816,2870,-11,43,11,43,FALSE,FALSE
976,12,2673,2685,2707,2673,2685,2707,2673,2685,2707,12,34,12,34,FALSE,FALSE
976,13,2406,2486,2447,2406,2486,2447,2406,2486,2447,80,41,80,41,FALSE,FALSE
976,14,2168,2198,2160,2168,2198,2160,2168,2198,2160,30,-8,30,8,FALSE,FALSE
976,15,1866,1896,1840,1866,1896,1840,1866,1896,1840,30,-26,30,26,FALSE,FALSE
976,16,1574,1615,1567,1574,1615,1567,1574,1615,1567,41,-7,41,7,FALSE,FALSE
976,17,1314,1377,1340,1314,1377,1340,1314,1377,1340,63,26,63,26,FALSE,FALSE
976,18,1104,1162,1143,1104,1162,1143,1104,1162,1143,58,39,58,39,FALSE,FALSE
976,19,919,973,968,919,973,968,919,973,968,54,49,54,49,FALSE,FALSE
976,20,754,832,818,754,832,818,754,832,818,78,64,78,64,FALSE,FALSE
976,21,613,694,670,613,694,670,613,694,670,81,57,81,57,FALSE,FALSE
976,22,499,572,559,499,572,559,499,572,559,73,60,73,60,FALSE,FALSE
976,23,416,468,475,416,468,475,416,468,475,52,59,52,59,FALSE,FALSE
976,24,344,399,392,344,399,392,344,399,392,55,48,55,48,FALSE,FALSE
976,25,284,334,328,284,334,328,284,334,328,50,44,50,44,FALSE,FALSE
976,26,234,252,273,234,252,273,234,252,273,18,39,18,39,FALSE,FALSE
976,27,195,209,222,195,209,222,195,209,222,14,27,14,27,FALSE,FALSE
976,28,154,180,178,154,180,178,154,180,178,26,24,26,24,FALSE,FALSE
976,29,125,155,145,125,155,145,125,155,145,30,20,30,20,FALSE,FALSE
976,30,102,131,115,102,131,115,102,131,115,29,13,29,13,FALSE,FALSE
976,31,85,109,103,85,109,103,85,109,103,24,18,24,18,FALSE,FALSE
976,32,76,93,89,76,93,89,76,93,89,17,13,17,13,FALSE,FALSE
976,33,67,79,69,67,79,69,67,79,69,12,2,12,2,FALSE,FALSE
976,34,50,67,60,50,67,60,50,67,60,17,10,17,10,FALSE,FALSE
976,35,42,50,51,42,50,51,42,50,51,8,9,8,9,FALSE,FALSE
976,36,35,43,41,35,43,41,35,43,41,8,6,8,6,FALSE,FALSE
976,37,31,34,37,31,34,37,31,34,37,3,6,3,6,FALSE,FALSE
976,38,27,26,34,27,26,34,27,26,34,-1,7,1,7,FALSE,FALSE
976,39,22,24,24,22,24,24,22,24,24,2,2,2,2,FALSE,FALSE
976,40,20,18,19,20,18,19,20,18,19,-2,-1,2,1,FALSE,FALSE
976,41,19,12,19,19,12,19,19,12,19,-7,0,7,0,FALSE,TRUE
976,42,16,10,16,16,10,16,16,10,16,-6,0,6,0,FALSE,TRUE
976,43,13,11,16,13,11,16,13,11,16,-2,3,2,3,FALSE,FALSE
976,44,9,8,14,9,8,14,9,8,14,-1,5,1,5,FALSE,FALSE
976,45,8,7,12,8,7,12,8,7,12,-1,4,1,4,FALSE,FALSE
976,46,7,7,9,7,7,9,7,7,9,0,2,0,2,TRUE,FALSE
976,47,6,7,7,6,7,7,6,7,7,1,1,1,1,FALSE,FALSE
976,48,5,7,7,5,7,7,5,7,7,2,2,2,2,FALSE,FALSE
976,49,2,7,5,2,7,5,2,7,5,5,3,5,3,FALSE,FALSE
976,50,2,5,5,2,5,5,2,5,5,3,3,3,3,FALSE,FALSE
976,51,2,3,4,2,3,4,2,3,4,1,2,1,2,FALSE,FALSE
976,52,2,3,4,2,3,4,2,3,4,1,2,1,2,FALSE,FALSE
976,53,2,4,4,2,4,4,2,4,4,2,2,2,2,FALSE,FALSE
976,54,2,4,3,2,4,3,2,4,3,2,1,2,1,FALSE,FALSE
976,55,2,3,3,2,3,3,2,3,3,1,1,1,1,FALSE,FALSE
976,56,1,2,3,1,2,3,1,2,3,1,2,1,2,FALSE,FALSE
976,57,1,1,3,1,1,3,1,1,3,0,2,0,2,TRUE,FALSE
976,58,0,1,3,0,1,3,0,1,3,1,3,1,3,FALSE,FALSE
976,59,0,1,2,0,1,2,0,1,2,1,2,1,2,FALSE,FALSE
976,60,0,1,1,0,1,1,0,1,1,1,1,1,1,FALSE,FALSE
977,0,90,90,90,90,90,90,90,90,90,0,0,0,0,TRUE,TRUE
977,1,124,142,142,124,142,142,124,142,142,18,18,18,18,FALSE,FALSE
977,2,169,214,219,169,214,219,169,214,219,45,50,45,50,FALSE,FALSE
977,3,262,302,296,262,302,296,262,302,296,40,34,40,34,FALSE,FALSE
977,4,362,419,411,362,419,411,362,419,411,57,49,57,49,FALSE,FALSE
977,5,516,554,558,516,554,558,516,554,558,38,42,38,42,FALSE,FALSE
977,6,711,746,783,711,746,783,711,746,783,35,72,35,72,FALSE,FALSE
977,7,915,1058,1062,915,1058,1062,915,1058,1062,143,147,143,147,FALSE,FALSE
977,8,1187,1350,1372,1187,1350,1372,1187,1350,1372,163,185,163,185,FALSE,FALSE
977,9,1506,1698,1679,1506,1698,1679,1506,1698,1679,192,173,192,173,FALSE,FALSE
977,10,1857,1973,2057,1857,1973,2057,1857,1973,2057,116,200,116,200,FALSE,FALSE
977,11,2100,2242,2282,2100,2242,2282,2100,2242,2282,142,182,142,182,FALSE,FALSE
977,12,2317,2336,2448,2317,2336,2448,2317,2336,2448,19,131,19,131,FALSE,FALSE
977,13,2427,2413,2490,2427,2413,2490,2427,2413,2490,-14,63,14,63,FALSE,FALSE
977,14,2433,2341,2419,2433,2341,2419,2433,2341,2419,-92,-14,92,14,FALSE,FALSE
977,15,2383,2214,2290,2383,2214,2290,2383,2214,2290,-169,-93,169,93,FALSE,FALSE
977,16,2284,2041,2096,2284,2041,2096,2284,2041,2096,-243,-188,243,188,FALSE,FALSE
977,17,2032,1803,1883,2032,1803,1883,2032,1803,1883,-229,-149,229,149,FALSE,FALSE
977,18,1807,1537,1642,1807,1537,1642,1807,1537,1642,-270,-165,270,165,FALSE,FALSE
977,19,1565,1345,1446,1565,1345,1446,1565,1345,1446,-220,-119,220,119,FALSE,FALSE
977,20,1363,1137,1247,1363,1137,1247,1363,1137,1247,-226,-116,226,116,FALSE,FALSE
977,21,1173,933,1044,1173,933,1044,1173,933,1044,-240,-129,240,129,FALSE,FALSE
977,22,1040,778,879,1040,778,879,1040,778,879,-262,-161,262,161,FALSE,FALSE
977,23,882,635,729,882,635,729,882,635,729,-247,-153,247,153,FALSE,FALSE
977,24,744,519,594,744,519,594,744,519,594,-225,-150,225,150,FALSE,FALSE
977,25,604,404,490,604,404,490,604,404,490,-200,-114,200,114,FALSE,FALSE
977,26,514,331,409,514,331,409,514,331,409,-183,-105,183,105,FALSE,FALSE
977,27,415,268,354,415,268,354,415,268,354,-147,-61,147,61,FALSE,FALSE
977,28,323,214,299,323,214,299,323,214,299,-109,-24,109,24,FALSE,FALSE
977,29,266,164,257,266,164,257,266,164,257,-102,-9,102,9,FALSE,FALSE
977,30,215,134,214,215,134,214,215,134,214,-81,-1,81,1,FALSE,FALSE
977,31,168,106,179,168,106,179,168,106,179,-62,11,62,11,FALSE,FALSE
977,32,125,86,155,125,86,155,125,86,155,-39,30,39,30,FALSE,FALSE
977,33,101,64,125,101,64,125,101,64,125,-37,24,37,24,FALSE,FALSE
977,34,75,50,101,75,50,101,75,50,101,-25,26,25,26,FALSE,FALSE
977,35,59,35,88,59,35,88,59,35,88,-24,29,24,29,FALSE,FALSE
977,36,46,24,68,46,24,68,46,24,68,-22,22,22,22,FALSE,FALSE
977,37,41,18,51,41,18,51,41,18,51,-23,10,23,10,FALSE,FALSE
977,38,36,18,38,36,18,38,36,18,38,-18,2,18,2,FALSE,FALSE
977,39,26,13,32,26,13,32,26,13,32,-13,6,13,6,FALSE,FALSE
977,40,20,11,23,20,11,23,20,11,23,-9,3,9,3,FALSE,FALSE
977,41,17,11,19,17,11,19,17,11,19,-6,2,6,2,FALSE,FALSE
977,42,11,7,15,11,7,15,11,7,15,-4,4,4,4,FALSE,FALSE
977,43,9,7,13,9,7,13,9,7,13,-2,4,2,4,FALSE,FALSE
977,44,6,5,14,6,5,14,6,5,14,-1,8,1,8,FALSE,FALSE
977,45,6,2,13,6,2,13,6,2,13,-4,7,4,7,FALSE,FALSE
977,46,6,2,11,6,2,11,6,2,11,-4,5,4,5,FALSE,FALSE
977,47,8,1,9,8,1,9,8,1,9,-7,1,7,1,FALSE,FALSE
977,48,6,0,9,6,0,9,6,0,9,-6,3,6,3,FALSE,FALSE
977,49,4,0,7,4,0,7,4,0,7,-4,3,4,3,FALSE,FALSE
977,50,3,0,4,3,0,4,3,0,4,-3,1,3,1,FALSE,FALSE
977,51,3,0,4,3,0,4,3,0,4,-3,1,3,1,FALSE,FALSE
977,52,2,0,4,2,0,4,2,0,4,-2,2,2,2,FALSE,FALSE
977,53,1,0,1,1,0,1,1,0,1,-1,0,1,0,FALSE,TRUE
977,54,1,0,1,1,0,1,1,0,1,-1,0,1,0,FALSE,TRUE
977,55,2,0,1,2,0,1,2,0,1,-2,-1,2,1,FALSE,FALSE
977,56,1,0,1,1,0,1,1,0,1,-1,0,1,0,FALSE,TRUE
977,57,1,0,1,1,0,1,1,0,1,-1,0,1,0,FALSE,TRUE
977,58,1,0,1,1,0,1,1,0,1,-1,0,1,0,FALSE,TRUE
977,59,1,0,1,1,0,1,1,0,1,-1,0,1,0,FALSE,TRUE
977,60,0,0,1,0,0,1,0,0,1,0,1,0,1,TRUE,FALSE
978,0,128,128,128,128,128,128,128,128,128,0,0,0,0,TRUE,TRUE
978,1,150,147,155,150,147,155,150,147,155,-3,5,3,5,FALSE,FALSE
978,2,181,157,196,181,157,196,181,157,196,-24,15,24,15,FALSE,FALSE
978,3,210,186,215,210,186,215,210,186,215,-24,5,24,5,FALSE,FALSE
978,4,256,216,248,256,216,248,256,216,248,-40,-8,40,8,FALSE,FALSE
978,5,286,266,300,286,266,300,286,266,300,-20,14,20,14,FALSE,FALSE
978,6,320,308,334,320,308,334,320,308,334,-12,14,12,14,FALSE,FALSE
978,7,370,355,381,370,355,381,370,355,381,-15,11,15,11,FALSE,FALSE
978,8,431,385,431,431,385,431,431,385,431,-46,0,46,0,FALSE,TRUE
978,9,518,443,495,518,443,495,518,443,495,-75,-23,75,23,FALSE,FALSE
978,10,565,465,555,565,465,555,565,465,555,-100,-10,100,10,FALSE,FALSE
978,11,616,534,623,616,534,623,616,534,623,-82,7,82,7,FALSE,FALSE
978,12,683,588,666,683,588,666,683,588,666,-95,-17,95,17,FALSE,FALSE
978,13,721,653,721,721,653,721,721,653,721,-68,0,68,0,FALSE,TRUE
978,14,790,689,765,790,689,765,790,689,765,-101,-25,101,25,FALSE,FALSE
978,15,824,738,792,824,738,792,824,738,792,-86,-32,86,32,FALSE,FALSE
978,16,852,776,813,852,776,813,852,776,813,-76,-39,76,39,FALSE,FALSE
978,17,866,787,796,866,787,796,866,787,796,-79,-70,79,70,FALSE,FALSE
978,18,826,800,807,826,800,807,826,800,807,-26,-19,26,19,FALSE,FALSE
978,19,815,833,776,815,833,776,815,833,776,18,-39,18,39,FALSE,FALSE
978,20,782,826,755,782,826,755,782,826,755,44,-27,44,27,FALSE,FALSE
978,21,789,782,736,789,782,736,789,782,736,-7,-53,7,53,FALSE,FALSE
978,22,770,761,712,770,761,712,770,761,712,-9,-58,9,58,FALSE,FALSE
978,23,734,735,681,734,735,681,734,735,681,1,-53,1,53,FALSE,FALSE
978,24,699,684,632,699,684,632,699,684,632,-15,-67,15,67,FALSE,FALSE
978,25,647,638,597,647,638,597,647,638,597,-9,-50,9,50,FALSE,FALSE
978,26,619,576,545,619,576,545,619,576,545,-43,-74,43,74,FALSE,FALSE
978,27,559,522,504,559,522,504,559,522,504,-37,-55,37,55,FALSE,FALSE
978,28,492,492,464,492,492,464,492,492,464,0,-28,0,28,TRUE,FALSE
978,29,445,432,409,445,432,409,445,432,409,-13,-36,13,36,FALSE,FALSE
978,30,409,384,361,409,384,361,409,384,361,-25,-48,25,48,FALSE,FALSE
978,31,358,340,329,358,340,329,358,340,329,-18,-29,18,29,FALSE,FALSE
978,32,308,314,309,308,314,309,308,314,309,6,1,6,1,FALSE,FALSE
978,33,264,292,290,264,292,290,264,292,290,28,26,28,26,FALSE,FALSE
978,34,237,262,276,237,262,276,237,262,276,25,39,25,39,FALSE,FALSE
978,35,220,240,255,220,240,255,220,240,255,20,35,20,35,FALSE,FALSE
978,36,195,224,249,195,224,249,195,224,249,29,54,29,54,FALSE,FALSE
978,37,172,218,229,172,218,229,172,218,229,46,57,46,57,FALSE,FALSE
978,38,142,189,211,142,189,211,142,189,211,47,69,47,69,FALSE,FALSE
978,39,120,165,196,120,165,196,120,165,196,45,76,45,76,FALSE,FALSE
978,40,104,159,176,104,159,176,104,159,176,55,72,55,72,FALSE,FALSE
978,41,98,141,152,98,141,152,98,141,152,43,54,43,54,FALSE,FALSE
978,42,86,115,127,86,115,127,86,115,127,29,41,29,41,FALSE,FALSE
978,43,81,103,122,81,103,122,81,103,122,22,41,22,41,FALSE,FALSE
978,44,70,94,115,70,94,115,70,94,115,24,45,24,45,FALSE,FALSE
978,45,69,83,108,69,83,108,69,83,108,14,39,14,39,FALSE,FALSE
978,46,51,70,90,51,70,90,51,70,90,19,39,19,39,FALSE,FALSE
978,47,42,55,85,42,55,85,42,55,85,13,43,13,43,FALSE,FALSE
978,48,36,43,72,36,43,72,36,43,72,7,36,7,36,FALSE,FALSE
978,49,33,37,56,33,37,56,33,37,56,4,23,4,23,FALSE,FALSE
978,50,27,31,44,27,31,44,27,31,44,4,17,4,17,FALSE,FALSE
978,51,22,26,36,22,26,36,22,26,36,4,14,4,14,FALSE,FALSE
978,52,18,21,33,18,21,33,18,21,33,3,15,3,15,FALSE,FALSE
978,53,14,18,29,14,18,29,14,18,29,4,15,4,15,FALSE,FALSE
978,54,10,16,22,10,16,22,10,16,22,6,12,6,12,FALSE,FALSE
978,55,8,14,19,8,14,19,8,14,19,6,11,6,11,FALSE,FALSE
978,56,8,15,16,8,15,16,8,15,16,7,8,7,8,FALSE,FALSE
978,57,8,10,19,8,10,19,8,10,19,2,11,2,11,FALSE,FALSE
978,58,7,11,22,7,11,22,7,11,22,4,15,4,15,FALSE,FALSE
978,59,7,8,19,7,8,19,7,8,19,1,12,1,12,FALSE,FALSE
978,60,4,8,12,4,8,12,4,8,12,4,8,4,8,FALSE,FALSE
979,0,71,71,71,71,71,71,71,71,71,0,0,0,0,TRUE,TRUE
979,1,109,95,87,109,95,87,109,95,87,-14,-22,14,22,FALSE,FALSE
979,2,158,135,123,158,135,123,158,135,123,-23,-35,23,35,FALSE,FALSE
979,3,224,212,171,224,212,171,224,212,171,-12,-53,12,53,FALSE,FALSE
979,4,318,293,239,318,293,239,318,293,239,-25,-79,25,79,FALSE,FALSE
979,5,431,402,311,431,402,311,431,402,311,-29,-120,29,120,FALSE,FALSE
979,6,599,556,422,599,556,422,599,556,422,-43,-177,43,177,FALSE,FALSE
979,7,775,789,549,775,789,549,775,789,549,14,-226,14,226,FALSE,FALSE
979,8,1031,1064,718,1031,1064,718,1031,1064,718,33,-313,33,313,FALSE,FALSE
979,9,1333,1355,959,1333,1355,959,1333,1355,959,22,-374,22,374,FALSE,FALSE
979,10,1655,1697,1241,1655,1697,1241,1655,1697,1241,42,-414,42,414,FALSE,FALSE
979,11,1962,2046,1505,1962,2046,1505,1962,2046,1505,84,-457,84,457,FALSE,FALSE
979,12,2328,2353,1879,2328,2353,1879,2328,2353,1879,25,-449,25,449,FALSE,FALSE
979,13,2610,2594,2183,2610,2594,2183,2610,2594,2183,-16,-427,16,427,FALSE,FALSE
979,14,2833,2841,2456,2833,2841,2456,2833,2841,2456,8,-377,8,377,FALSE,FALSE
979,15,3022,2971,2699,3022,2971,2699,3022,2971,2699,-51,-323,51,323,FALSE,FALSE
979,16,3160,3078,2877,3160,3078,2877,3160,3078,2877,-82,-283,82,283,FALSE,FALSE
979,17,3211,3098,2936,3211,3098,2936,3211,3098,2936,-113,-275,113,275,FALSE,FALSE
979,18,3117,3039,3011,3117,3039,3011,3117,3039,3011,-78,-106,78,106,FALSE,FALSE
979,19,2912,2937,2961,2912,2937,2961,2912,2937,2961,25,49,25,49,FALSE,FALSE
979,20,2734,2759,2870,2734,2759,2870,2734,2759,2870,25,136,25,136,FALSE,FALSE
979,21,2543,2547,2728,2543,2547,2728,2543,2547,2728,4,185,4,185,FALSE,FALSE
979,22,2316,2346,2558,2316,2346,2558,2316,2346,2558,30,242,30,242,FALSE,FALSE
979,23,2119,2163,2322,2119,2163,2322,2119,2163,2322,44,203,44,203,FALSE,FALSE
979,24,1919,1961,2162,1919,1961,2162,1919,1961,2162,42,243,42,243,FALSE,FALSE
979,25,1741,1773,1959,1741,1773,1959,1741,1773,1959,32,218,32,218,FALSE,FALSE
979,26,1597,1591,1753,1597,1591,1753,1597,1591,1753,-6,156,6,156,FALSE,FALSE
979,27,1443,1417,1581,1443,1417,1581,1443,1417,1581,-26,138,26,138,FALSE,FALSE
979,28,1312,1265,1418,1312,1265,1418,1312,1265,1418,-47,106,47,106,FALSE,FALSE
979,29,1179,1137,1275,1179,1137,1275,1179,1137,1275,-42,96,42,96,FALSE,FALSE
979,30,1066,1014,1125,1066,1014,1125,1066,1014,1125,-52,59,52,59,FALSE,FALSE
979,31,960,893,1003,960,893,1003,960,893,1003,-67,43,67,43,FALSE,FALSE
979,32,867,806,906,867,806,906,867,806,906,-61,39,61,39,FALSE,FALSE
979,33,771,721,800,771,721,800,771,721,800,-50,29,50,29,FALSE,FALSE
979,34,695,636,725,695,636,725,695,636,725,-59,30,59,30,FALSE,FALSE
979,35,607,554,638,607,554,638,607,554,638,-53,31,53,31,FALSE,FALSE
979,36,522,492,563,522,492,563,522,492,563,-30,41,30,41,FALSE,FALSE
979,37,454,433,492,454,433,492,454,433,492,-21,38,21,38,FALSE,FALSE
979,38,383,381,435,383,381,435,383,381,435,-2,52,2,52,FALSE,FALSE
979,39,335,342,398,335,342,398,335,342,398,7,63,7,63,FALSE,FALSE
979,40,283,300,361,283,300,361,283,300,361,17,78,17,78,FALSE,FALSE
979,41,248,263,327,248,263,327,248,263,327,15,79,15,79,FALSE,FALSE
979,42,211,233,290,211,233,290,211,233,290,22,79,22,79,FALSE,FALSE
979,43,188,199,260,188,199,260,188,199,260,11,72,11,72,FALSE,FALSE
979,44,171,179,232,171,179,232,171,179,232,8,61,8,61,FALSE,FALSE
979,45,157,155,208,157,155,208,157,155,208,-2,51,2,51,FALSE,FALSE
979,46,143,141,183,143,141,183,143,141,183,-2,40,2,40,FALSE,FALSE
979,47,124,124,159,124,124,159,124,124,159,0,35,0,35,TRUE,FALSE
979,48,109,109,143,109,109,143,109,109,143,0,34,0,34,TRUE,FALSE
979,49,98,94,121,98,94,121,98,94,121,-4,23,4,23,FALSE,FALSE
979,50,85,86,106,85,86,106,85,86,106,1,21,1,21,FALSE,FALSE
979,51,72,84,101,72,84,101,72,84,101,12,29,12,29,FALSE,FALSE
979,52,61,70,92,61,70,92,61,70,92,9,31,9,31,FALSE,FALSE
979,53,50,62,79,50,62,79,50,62,79,12,29,12,29,FALSE,FALSE
979,54,48,56,71,48,56,71,48,56,71,8,23,8,23,FALSE,FALSE
979,55,45,51,68,45,51,68,45,51,68,6,23,6,23,FALSE,FALSE
979,56,38,40,65,38,40,65,38,40,65,2,27,2,27,FALSE,FALSE
979,57,34,40,61,34,40,61,34,40,61,6,27,6,27,FALSE,FALSE
979,58,29,35,49,29,35,49,29,35,49,6,20,6,20,FALSE,FALSE
979,59,26,28,46,26,28,46,26,28,46,2,20,2,20,FALSE,FALSE
979,60,23,27,42,23,27,42,23,27,42,4,19,4,19,FALSE,FALSE
980,0,81,81,81,81,81,81,81,81,81,0,0,0,0,TRUE,TRUE
980,1,106,103,115,106,103,115,106,103,115,-3,9,3,9,FALSE,FALSE
980,2,156,128,158,156,128,158,156,128,158,-28,2,28,2,FALSE,FALSE
980,3,191,169,194,191,169,194,191,169,194,-22,3,22,3,FALSE,FALSE
980,4,246,240,264,246,240,264,246,240,264,-6,18,6,18,FALSE,FALSE
980,5,323,330,340,323,330,340,323,330,340,7,17,7,17,FALSE,FALSE
980,6,417,419,423,417,419,423,417,419,423,2,6,2,6,FALSE,FALSE
980,7,522,523,505,522,523,505,522,523,505,1,-17,1,17,FALSE,FALSE
980,8,622,646,641,622,646,641,622,646,641,24,19,24,19,FALSE,FALSE
980,9,753,826,771,753,826,771,753,826,771,73,18,73,18,FALSE,FALSE
980,10,883,981,965,883,981,965,883,981,965,98,82,98,82,FALSE,FALSE
980,11,992,1154,1137,992,1154,1137,992,1154,1137,162,145,162,145,FALSE,FALSE
980,12,1125,1270,1264,1125,1270,1264,1125,1270,1264,145,139,145,139,FALSE,FALSE
980,13,1256,1410,1425,1256,1410,1425,1256,1410,1425,154,169,154,169,FALSE,FALSE
980,14,1384,1525,1539,1384,1525,1539,1384,1525,1539,141,155,141,155,FALSE,FALSE
980,15,1474,1622,1583,1474,1622,1583,1474,1622,1583,148,109,148,109,FALSE,FALSE
980,16,1528,1643,1594,1528,1643,1594,1528,1643,1594,115,66,115,66,FALSE,FALSE
980,17,1523,1650,1588,1523,1650,1588,1523,1650,1588,127,65,127,65,FALSE,FALSE
980,18,1479,1612,1515,1479,1612,1515,1479,1612,1515,133,36,133,36,FALSE,FALSE
980,19,1429,1550,1469,1429,1550,1469,1429,1550,1469,121,40,121,40,FALSE,FALSE
980,20,1358,1470,1356,1358,1470,1356,1358,1470,1356,112,-2,112,2,FALSE,FALSE
980,21,1276,1346,1248,1276,1346,1248,1276,1346,1248,70,-28,70,28,FALSE,FALSE
980,22,1204,1210,1130,1204,1210,1130,1204,1210,1130,6,-74,6,74,FALSE,FALSE
980,23,1086,1087,1027,1086,1087,1027,1086,1087,1027,1,-59,1,59,FALSE,FALSE
980,24,1005,984,942,1005,984,942,1005,984,942,-21,-63,21,63,FALSE,FALSE
980,25,908,874,830,908,874,830,908,874,830,-34,-78,34,78,FALSE,FALSE
980,26,802,790,749,802,790,749,802,790,749,-12,-53,12,53,FALSE,FALSE
980,27,694,687,678,694,687,678,694,687,678,-7,-16,7,16,FALSE,FALSE
980,28,622,599,594,622,599,594,622,599,594,-23,-28,23,28,FALSE,FALSE
980,29,556,531,536,556,531,536,556,531,536,-25,-20,25,20,FALSE,FALSE
980,30,512,466,465,512,466,465,512,466,465,-46,-47,46,47,FALSE,FALSE
980,31,461,420,421,461,420,421,461,420,421,-41,-40,41,40,FALSE,FALSE
980,32,415,361,366,415,361,366,415,361,366,-54,-49,54,49,FALSE,FALSE
980,33,365,328,324,365,328,324,365,328,324,-37,-41,37,41,FALSE,FALSE
980,34,324,295,277,324,295,277,324,295,277,-29,-47,29,47,FALSE,FALSE
980,35,278,267,222,278,267,222,278,267,222,-11,-56,11,56,FALSE,FALSE
980,36,240,230,195,240,230,195,240,230,195,-10,-45,10,45,FALSE,FALSE
980,37,200,202,167,200,202,167,200,202,167,2,-33,2,33,FALSE,FALSE
980,38,181,179,138,181,179,138,181,179,138,-2,-43,2,43,FALSE,FALSE
980,39,156,159,120,156,159,120,156,159,120,3,-36,3,36,FALSE,FALSE
980,40,137,141,103,137,141,103,137,141,103,4,-34,4,34,FALSE,FALSE
980,41,123,116,91,123,116,91,123,116,91,-7,-32,7,32,FALSE,FALSE
980,42,106,110,74,106,110,74,106,110,74,4,-32,4,32,FALSE,FALSE
980,43,98,95,58,98,95,58,98,95,58,-3,-40,3,40,FALSE,FALSE
980,44,87,75,50,87,75,50,87,75,50,-12,-37,12,37,FALSE,FALSE
980,45,82,68,44,82,68,44,82,68,44,-14,-38,14,38,FALSE,FALSE
980,46,74,65,31,74,65,31,74,65,31,-9,-43,9,43,FALSE,FALSE
980,47,65,57,25,65,57,25,65,57,25,-8,-40,8,40,FALSE,FALSE
980,48,52,49,22,52,49,22,52,49,22,-3,-30,3,30,FALSE,FALSE
980,49,43,37,17,43,37,17,43,37,17,-6,-26,6,26,FALSE,FALSE
980,50,39,34,14,39,34,14,39,34,14,-5,-25,5,25,FALSE,FALSE
980,51,32,32,13,32,32,13,32,32,13,0,-19,0,19,TRUE,FALSE
980,52,24,27,11,24,27,11,24,27,11,3,-13,3,13,FALSE,FALSE
980,53,20,24,12,20,24,12,20,24,12,4,-8,4,8,FALSE,FALSE
980,54,18,20,7,18,20,7,18,20,7,2,-11,2,11,FALSE,FALSE
980,55,13,16,6,13,16,6,13,16,6,3,-7,3,7,FALSE,FALSE
980,56,13,16,4,13,16,4,13,16,4,3,-9,3,9,FALSE,FALSE
980,57,9,14,3,9,14,3,9,14,3,5,-6,5,6,FALSE,FALSE
980,58,8,11,4,8,11,4,8,11,4,3,-4,3,4,FALSE,FALSE
980,59,5,10,3,5,10,3,5,10,3,5,-2,5,2,FALSE,FALSE
980,60,5,8,3,5,8,3,5,8,3,3,-2,3,2,FALSE,FALSE
981,0,185,185,185,185,185,185,185,185,185,0,0,0,0,TRUE,TRUE
981,1,311,307,307,311,307,307,311,307,307,-4,-4,4,4,FALSE,FALSE
981,2,492,493,526,492,493,526,492,493,526,1,34,1,34,FALSE,FALSE
981,3,790,782,910,790,782,910,790,782,910,-8,120,8,120,FALSE,FALSE
981,4,1224,1236,1442,1224,1236,1442,1224,1236,1442,12,218,12,218,FALSE,FALSE
981,5,1797,1772,2150,1797,1772,2150,1797,1772,2150,-25,353,25,353,FALSE,FALSE
981,6,2447,2415,2977,2447,2415,2977,2447,2415,2977,-32,530,32,530,FALSE,FALSE
981,7,3158,3074,3661,3158,3074,3661,3158,3074,3661,-84,503,84,503,FALSE,FALSE
981,8,3668,3480,3957,3668,3480,3957,3668,3480,3957,-188,289,188,289,FALSE,FALSE
981,9,3856,3652,3910,3856,3652,3910,3856,3652,3910,-204,54,204,54,FALSE,FALSE
981,10,3697,3612,3615,3697,3612,3615,3697,3612,3615,-85,-82,85,82,FALSE,FALSE
981,11,3371,3346,3166,3371,3346,3166,3371,3346,3166,-25,-205,25,205,FALSE,FALSE
981,12,2914,2952,2697,2914,2952,2697,2914,2952,2697,38,-217,38,217,FALSE,FALSE
981,13,2486,2543,2219,2486,2543,2219,2486,2543,2219,57,-267,57,267,FALSE,FALSE
981,14,2036,2119,1834,2036,2119,1834,2036,2119,1834,83,-202,83,202,FALSE,FALSE
981,15,1674,1760,1434,1674,1760,1434,1674,1760,1434,86,-240,86,240,FALSE,FALSE
981,16,1360,1431,1166,1360,1431,1166,1360,1431,1166,71,-194,71,194,FALSE,FALSE
981,17,1072,1194,921,1072,1194,921,1072,1194,921,122,-151,122,151,FALSE,FALSE
981,18,854,958,706,854,958,706,854,958,706,104,-148,104,148,FALSE,FALSE
981,19,666,769,583,666,769,583,666,769,583,103,-83,103,83,FALSE,FALSE
981,20,542,597,461,542,597,461,542,597,461,55,-81,55,81,FALSE,FALSE
981,21,424,471,362,424,471,362,424,471,362,47,-62,47,62,FALSE,FALSE
981,22,333,363,293,333,363,293,333,363,293,30,-40,30,40,FALSE,FALSE
981,23,256,271,238,256,271,238,256,271,238,15,-18,15,18,FALSE,FALSE
981,24,193,198,192,193,198,192,193,198,192,5,-1,5,1,FALSE,FALSE
981,25,159,162,134,159,162,134,159,162,134,3,-25,3,25,FALSE,FALSE
981,26,117,118,112,117,118,112,117,118,112,1,-5,1,5,FALSE,FALSE
981,27,93,100,86,93,100,86,93,100,86,7,-7,7,7,FALSE,FALSE
981,28,71,75,70,71,75,70,71,75,70,4,-1,4,1,FALSE,FALSE
981,29,51,62,62,51,62,62,51,62,62,11,11,11,11,FALSE,FALSE
981,30,43,52,52,43,52,52,43,52,52,9,9,9,9,FALSE,FALSE
981,31,34,49,36,34,49,36,34,49,36,15,2,15,2,FALSE,FALSE
981,32,26,35,30,26,35,30,26,35,30,9,4,9,4,FALSE,FALSE
981,33,25,26,15,25,26,15,25,26,15,1,-10,1,10,FALSE,FALSE
981,34,18,19,9,18,19,9,18,19,9,1,-9,1,9,FALSE,FALSE
981,35,17,12,6,17,12,6,17,12,6,-5,-11,5,11,FALSE,FALSE
981,36,12,12,4,12,12,4,12,12,4,0,-8,0,8,TRUE,FALSE
981,37,9,6,2,9,6,2,9,6,2,-3,-7,3,7,FALSE,FALSE
981,38,8,4,1,8,4,1,8,4,1,-4,-7,4,7,FALSE,FALSE
981,39,7,4,1,7,4,1,7,4,1,-3,-6,3,6,FALSE,FALSE
981,40,4,3,1,4,3,1,4,3,1,-1,-3,1,3,FALSE,FALSE
981,41,3,3,1,3,3,1,3,3,1,0,-2,0,2,TRUE,FALSE
981,42,2,3,1,2,3,1,2,3,1,1,-1,1,1,FALSE,FALSE
981,43,1,3,1,1,3,1,1,3,1,2,0,2,0,FALSE,TRUE
981,44,0,2,1,0,2,1,0,2,1,2,1,2,1,FALSE,FALSE
981,45,0,2,1,0,2,1,0,2,1,2,1,2,1,FALSE,FALSE
981,46,0,0,1,0,0,1,0,0,1,0,1,0,1,TRUE,FALSE
981,47,0,0,0,0,0,0,0,0,0,0,0,0,0,TRUE,TRUE
981,48,0,0,0,0,0,0,0,0,0,0,0,0,0,TRUE,TRUE
981,49,0,0,0,0,0,0,0,0,0,0,0,0,0,TRUE,TRUE
981,50,0,0,0,0,0,0,0,0,0,0,0,0,0,TRUE,TRUE
981,51,0,0,0,0,0,0,0,0,0,0,0,0,0,TRUE,TRUE
981,52,0,0,0,0,0,0,0,0,0,0,0,0,0,TRUE,TRUE
981,53,0,0,0,0,0,0,0,0,0,0,0,0,0,TRUE,TRUE
981,54,0,0,0,0,0,0,0,0,0,0,0,0,0,TRUE,TRUE
981,55,0,0,0,0,0,0,0,0,0,0,0,0,0,TRUE,TRUE
981,56,0,0,0,0,0,0,0,0,0,0,0,0,0,TRUE,TRUE
981,57,0,0,0,0,0,0,0,0,0,0,0,0,0,TRUE,TRUE
981,58,0,0,0,0,0,0,0,0,0,0,0,0,0,TRUE,TRUE
981,59,0,0,0,0,0,0,0,0,0,0,0,0,0,TRUE,TRUE
981,60,0,0,0,0,0,0,0,0,0,0,0,0,0,TRUE,TRUE
982,0,111,111,111,111,111,111,111,111,111,0,0,0,0,TRUE,TRUE
982,1,149,143,150,149,143,150,149,143,150,-6,1,6,1,FALSE,FALSE
982,2,179,180,193,179,180,193,179,180,193,1,14,1,14,FALSE,FALSE
982,3,216,224,262,216,224,262,216,224,262,8,46,8,46,FALSE,FALSE
982,4,257,285,334,257,285,334,257,285,334,28,77,28,77,FALSE,FALSE
982,5,342,348,411,342,348,411,342,348,411,6,69,6,69,FALSE,FALSE
982,6,412,438,516,412,438,516,412,438,516,26,104,26,104,FALSE,FALSE
982,7,520,542,660,520,542,660,520,542,660,22,140,22,140,FALSE,FALSE
982,8,607,641,749,607,641,749,607,641,749,34,142,34,142,FALSE,FALSE
982,9,745,753,884,745,753,884,745,753,884,8,139,8,139,FALSE,FALSE
982,10,897,910,1017,897,910,1017,897,910,1017,13,120,13,120,FALSE,FALSE
982,11,1020,1070,1147,1020,1070,1147,1020,1070,1147,50,127,50,127,FALSE,FALSE
982,12,1163,1199,1214,1163,1199,1214,1163,1199,1214,36,51,36,51,FALSE,FALSE
982,13,1311,1321,1306,1311,1321,1306,1311,1321,1306,10,-5,10,5,FALSE,FALSE
982,14,1441,1422,1427,1441,1422,1427,1441,1422,1427,-19,-14,19,14,FALSE,FALSE
982,15,1574,1561,1480,1574,1561,1480,1574,1561,1480,-13,-94,13,94,FALSE,FALSE
982,16,1660,1682,1610,1660,1682,1610,1660,1682,1610,22,-50,22,50,FALSE,FALSE
982,17,1695,1720,1641,1695,1720,1641,1695,1720,1641,25,-54,25,54,FALSE,FALSE
982,18,1726,1779,1645,1726,1779,1645,1726,1779,1645,53,-81,53,81,FALSE,FALSE
982,19,1697,1737,1553,1697,1737,1553,1697,1737,1553,40,-144,40,144,FALSE,FALSE
982,20,1649,1666,1475,1649,1666,1475,1649,1666,1475,17,-174,17,174,FALSE,FALSE
982,21,1534,1542,1377,1534,1542,1377,1534,1542,1377,8,-157,8,157,FALSE,FALSE
982,22,1414,1427,1276,1414,1427,1276,1414,1427,1276,13,-138,13,138,FALSE,FALSE
982,23,1301,1297,1176,1301,1297,1176,1301,1297,1176,-4,-125,4,125,FALSE,FALSE
982,24,1164,1170,1052,1164,1170,1052,1164,1170,1052,6,-112,6,112,FALSE,FALSE
982,25,1029,1035,926,1029,1035,926,1029,1035,926,6,-103,6,103,FALSE,FALSE
982,26,895,921,815,895,921,815,895,921,815,26,-80,26,80,FALSE,FALSE
982,27,829,833,755,829,833,755,829,833,755,4,-74,4,74,FALSE,FALSE
982,28,698,725,683,698,725,683,698,725,683,27,-15,27,15,FALSE,FALSE
982,29,614,636,633,614,636,633,614,636,633,22,19,22,19,FALSE,FALSE
982,30,516,563,554,516,563,554,516,563,554,47,38,47,38,FALSE,FALSE
982,31,453,497,463,453,497,463,453,497,463,44,10,44,10,FALSE,FALSE
982,32,406,430,399,406,430,399,406,430,399,24,-7,24,7,FALSE,FALSE
982,33,357,373,335,357,373,335,357,373,335,16,-22,16,22,FALSE,FALSE
982,34,321,318,288,321,318,288,321,318,288,-3,-33,3,33,FALSE,FALSE
982,35,283,286,246,283,286,246,283,286,246,3,-37,3,37,FALSE,FALSE
982,36,249,235,206,249,235,206,249,235,206,-14,-43,14,43,FALSE,FALSE
982,37,201,218,173,201,218,173,201,218,173,17,-28,17,28,FALSE,FALSE
982,38,174,181,152,174,181,152,174,181,152,7,-22,7,22,FALSE,FALSE
982,39,152,165,132,152,165,132,152,165,132,13,-20,13,20,FALSE,FALSE
982,40,138,149,113,138,149,113,138,149,113,11,-25,11,25,FALSE,FALSE
982,41,124,127,112,124,127,112,124,127,112,3,-12,3,12,FALSE,FALSE
982,42,103,103,96,103,103,96,103,103,96,0,-7,0,7,TRUE,FALSE
982,43,80,87,82,80,87,82,80,87,82,7,2,7,2,FALSE,FALSE
982,44,64,71,70,64,71,70,64,71,70,7,6,7,6,FALSE,FALSE
982,45,52,64,61,52,64,61,52,64,61,12,9,12,9,FALSE,FALSE
982,46,41,60,52,41,60,52,41,60,52,19,11,19,11,FALSE,FALSE
982,47,38,47,44,38,47,44,38,47,44,9,6,9,6,FALSE,FALSE
982,48,32,42,41,32,42,41,32,42,41,10,9,10,9,FALSE,FALSE
982,49,30,38,34,30,38,34,30,38,34,8,4,8,4,FALSE,FALSE
982,50,23,31,32,23,31,32,23,31,32,8,9,8,9,FALSE,FALSE
982,51,20,19,27,20,19,27,20,19,27,-1,7,1,7,FALSE,FALSE
982,52,20,13,24,20,13,24,20,13,24,-7,4,7,4,FALSE,FALSE
982,53,17,14,22,17,14,22,17,14,22,-3,5,3,5,FALSE,FALSE
982,54,13,14,20,13,14,20,13,14,20,1,7,1,7,FALSE,FALSE
982,55,8,11,14,8,11,14,8,11,14,3,6,3,6,FALSE,FALSE
982,56,7,9,12,7,9,12,7,9,12,2,5,2,5,FALSE,FALSE
982,57,7,5,7,7,5,7,7,5,7,-2,0,2,0,FALSE,TRUE
982,58,5,5,5,5,5,5,5,5,5,0,0,0,0,TRUE,TRUE
982,59,4,3,4,4,3,4,4,3,4,-1,0,1,0,FALSE,TRUE
982,60,3,2,2,3,2,2,3,2,2,-1,-1,1,1,FALSE,FALSE
983,0,97,97,97,97,97,97,97,97,97,0,0,0,0,TRUE,TRUE
983,1,112,119,128,112,119,128,112,119,128,7,16,7,16,FALSE,FALSE
983,2,158,148,184,158,148,184,158,148,184,-10,26,10,26,FALSE,FALSE
983,3,208,199,248,208,199,248,208,199,248,-9,40,9,40,FALSE,FALSE
983,4,263,232,317,263,232,317,263,232,317,-31,54,31,54,FALSE,FALSE
983,5,345,302,401,345,302,401,345,302,401,-43,56,43,56,FALSE,FALSE
983,6,452,382,487,452,382,487,452,382,487,-70,35,70,35,FALSE,FALSE
983,7,566,496,614,566,496,614,566,496,614,-70,48,70,48,FALSE,FALSE
983,8,723,619,777,723,619,777,723,619,777,-104,54,104,54,FALSE,FALSE
983,9,876,724,980,876,724,980,876,724,980,-152,104,152,104,FALSE,FALSE
983,10,1082,909,1207,1082,909,1207,1082,909,1207,-173,125,173,125,FALSE,FALSE
983,11,1341,1105,1466,1341,1105,1466,1341,1105,1466,-236,125,236,125,FALSE,FALSE
983,12,1618,1320,1729,1618,1320,1729,1618,1320,1729,-298,111,298,111,FALSE,FALSE
983,13,1856,1523,1971,1856,1523,1971,1856,1523,1971,-333,115,333,115,FALSE,FALSE
983,14,2213,1762,2225,2213,1762,2225,2213,1762,2225,-451,12,451,12,FALSE,FALSE
983,15,2482,1999,2442,2482,1999,2442,2482,1999,2442,-483,-40,483,40,FALSE,FALSE
983,16,2683,2223,2656,2683,2223,2656,2683,2223,2656,-460,-27,460,27,FALSE,FALSE
983,17,2854,2409,2805,2854,2409,2805,2854,2409,2805,-445,-49,445,49,FALSE,FALSE
983,18,3001,2574,2876,3001,2574,2876,3001,2574,2876,-427,-125,427,125,FALSE,FALSE
983,19,3083,2726,2950,3083,2726,2950,3083,2726,2950,-357,-133,357,133,FALSE,FALSE
983,20,3064,2800,2958,3064,2800,2958,3064,2800,2958,-264,-106,264,106,FALSE,FALSE
983,21,3015,2820,2887,3015,2820,2887,3015,2820,2887,-195,-128,195,128,FALSE,FALSE
983,22,2932,2804,2801,2932,2804,2801,2932,2804,2801,-128,-131,128,131,FALSE,FALSE
983,23,2814,2743,2666,2814,2743,2666,2814,2743,2666,-71,-148,71,148,FALSE,FALSE
983,24,2671,2660,2541,2671,2660,2541,2671,2660,2541,-11,-130,11,130,FALSE,FALSE
983,25,2478,2543,2403,2478,2543,2403,2478,2543,2403,65,-75,65,75,FALSE,FALSE
983,26,2360,2388,2286,2360,2388,2286,2360,2388,2286,28,-74,28,74,FALSE,FALSE
983,27,2179,2236,2109,2179,2236,2109,2179,2236,2109,57,-70,57,70,FALSE,FALSE
983,28,2022,2095,1969,2022,2095,1969,2022,2095,1969,73,-53,73,53,FALSE,FALSE
983,29,1858,1954,1844,1858,1954,1844,1858,1954,1844,96,-14,96,14,FALSE,FALSE
983,30,1719,1827,1694,1719,1827,1694,1719,1827,1694,108,-25,108,25,FALSE,FALSE
983,31,1568,1684,1565,1568,1684,1565,1568,1684,1565,116,-3,116,3,FALSE,FALSE
983,32,1423,1559,1433,1423,1559,1433,1423,1559,1433,136,10,136,10,FALSE,FALSE
983,33,1290,1431,1293,1290,1431,1293,1290,1431,1293,141,3,141,3,FALSE,FALSE
983,34,1185,1313,1156,1185,1313,1156,1185,1313,1156,128,-29,128,29,FALSE,FALSE
983,35,1083,1166,1064,1083,1166,1064,1083,1166,1064,83,-19,83,19,FALSE,FALSE
983,36,995,1056,972,995,1056,972,995,1056,972,61,-23,61,23,FALSE,FALSE
983,37,906,970,894,906,970,894,906,970,894,64,-12,64,12,FALSE,FALSE
983,38,820,892,826,820,892,826,820,892,826,72,6,72,6,FALSE,FALSE
983,39,745,831,761,745,831,761,745,831,761,86,16,86,16,FALSE,FALSE
983,40,671,762,689,671,762,689,671,762,689,91,18,91,18,FALSE,FALSE
983,41,596,679,638,596,679,638,596,679,638,83,42,83,42,FALSE,FALSE
983,42,534,607,578,534,607,578,534,607,578,73,44,73,44,FALSE,FALSE
983,43,478,553,520,478,553,520,478,553,520,75,42,75,42,FALSE,FALSE
983,44,425,519,464,425,519,464,425,519,464,94,39,94,39,FALSE,FALSE
983,45,387,476,422,387,476,422,387,476,422,89,35,89,35,FALSE,FALSE
983,46,356,430,375,356,430,375,356,430,375,74,19,74,19,FALSE,FALSE
983,47,315,380,344,315,380,344,315,380,344,65,29,65,29,FALSE,FALSE
983,48,286,354,316,286,354,316,286,354,316,68,30,68,30,FALSE,FALSE
983,49,260,332,286,260,332,286,260,332,286,72,26,72,26,FALSE,FALSE
983,50,234,310,260,234,310,260,234,310,260,76,26,76,26,FALSE,FALSE
983,51,205,280,238,205,280,238,205,280,238,75,33,75,33,FALSE,FALSE
983,52,184,252,212,184,252,212,184,252,212,68,28,68,28,FALSE,FALSE
983,53,177,228,184,177,228,184,177,228,184,51,7,51,7,FALSE,FALSE
983,54,167,202,169,167,202,169,167,202,169,35,2,35,2,FALSE,FALSE
983,55,150,183,157,150,183,157,150,183,157,33,7,33,7,FALSE,FALSE
983,56,132,164,137,132,164,137,132,164,137,32,5,32,5,FALSE,FALSE
983,57,114,142,122,114,142,122,114,142,122,28,8,28,8,FALSE,FALSE
983,58,102,127,114,102,127,114,102,127,114,25,12,25,12,FALSE,FALSE
983,59,93,113,107,93,113,107,93,113,107,20,14,20,14,FALSE,FALSE
983,60,83,102,100,83,102,100,83,102,100,19,17,19,17,FALSE,FALSE
984,0,123,123,123,123,123,123,123,123,123,0,0,0,0,TRUE,TRUE
984,1,154,147,151,154,147,151,154,147,151,-7,-3,7,3,FALSE,FALSE
984,2,198,187,183,198,187,183,198,187,183,-11,-15,11,15,FALSE,FALSE
984,3,250,224,225,250,224,225,250,224,225,-26,-25,26,25,FALSE,FALSE
984,4,306,275,288,306,275,288,306,275,288,-31,-18,31,18,FALSE,FALSE
984,5,375,317,364,375,317,364,375,317,364,-58,-11,58,11,FALSE,FALSE
984,6,450,370,469,450,370,469,450,370,469,-80,19,80,19,FALSE,FALSE
984,7,544,447,559,544,447,559,544,447,559,-97,15,97,15,FALSE,FALSE
984,8,674,537,675,674,537,675,674,537,675,-137,1,137,1,FALSE,FALSE
984,9,794,625,794,794,625,794,794,625,794,-169,0,169,0,FALSE,TRUE
984,10,973,724,952,973,724,952,973,724,952,-249,-21,249,21,FALSE,FALSE
984,11,1139,817,1092,1139,817,1092,1139,817,1092,-322,-47,322,47,FALSE,FALSE
984,12,1332,965,1311,1332,965,1311,1332,965,1311,-367,-21,367,21,FALSE,FALSE
984,13,1537,1116,1514,1537,1116,1514,1537,1116,1514,-421,-23,421,23,FALSE,FALSE
984,14,1732,1269,1722,1732,1269,1722,1732,1269,1722,-463,-10,463,10,FALSE,FALSE
984,15,1945,1443,1972,1945,1443,1972,1945,1443,1972,-502,27,502,27,FALSE,FALSE
984,16,2126,1624,2194,2126,1624,2194,2126,1624,2194,-502,68,502,68,FALSE,FALSE
984,17,2359,1811,2349,2359,1811,2349,2359,1811,2349,-548,-10,548,10,FALSE,FALSE
984,18,2560,2017,2519,2560,2017,2519,2560,2017,2519,-543,-41,543,41,FALSE,FALSE
984,19,2761,2192,2667,2761,2192,2667,2761,2192,2667,-569,-94,569,94,FALSE,FALSE
984,20,2880,2356,2770,2880,2356,2770,2880,2356,2770,-524,-110,524,110,FALSE,FALSE
984,21,2905,2482,2834,2905,2482,2834,2905,2482,2834,-423,-71,423,71,FALSE,FALSE
984,22,2958,2566,2878,2958,2566,2878,2958,2566,2878,-392,-80,392,80,FALSE,FALSE
984,23,2922,2613,2881,2922,2613,2881,2922,2613,2881,-309,-41,309,41,FALSE,FALSE
984,24,2895,2648,2839,2895,2648,2839,2895,2648,2839,-247,-56,247,56,FALSE,FALSE
984,25,2832,2652,2815,2832,2652,2815,2832,2652,2815,-180,-17,180,17,FALSE,FALSE
984,26,2745,2614,2730,2745,2614,2730,2745,2614,2730,-131,-15,131,15,FALSE,FALSE
984,27,2604,2549,2611,2604,2549,2611,2604,2549,2611,-55,7,55,7,FALSE,FALSE
984,28,2469,2502,2478,2469,2502,2478,2469,2502,2478,33,9,33,9,FALSE,FALSE
984,29,2332,2379,2349,2332,2379,2349,2332,2379,2349,47,17,47,17,FALSE,FALSE
984,30,2163,2265,2184,2163,2265,2184,2163,2265,2184,102,21,102,21,FALSE,FALSE
984,31,2007,2136,2066,2007,2136,2066,2007,2136,2066,129,59,129,59,FALSE,FALSE
984,32,1878,1993,1939,1878,1993,1939,1878,1993,1939,115,61,115,61,FALSE,FALSE
984,33,1745,1901,1797,1745,1901,1797,1745,1901,1797,156,52,156,52,FALSE,FALSE
984,34,1613,1777,1689,1613,1777,1689,1613,1777,1689,164,76,164,76,FALSE,FALSE
984,35,1486,1675,1565,1486,1675,1565,1486,1675,1565,189,79,189,79,FALSE,FALSE
984,36,1350,1545,1394,1350,1545,1394,1350,1545,1394,195,44,195,44,FALSE,FALSE
984,37,1243,1438,1301,1243,1438,1301,1243,1438,1301,195,58,195,58,FALSE,FALSE
984,38,1163,1356,1185,1163,1356,1185,1163,1356,1185,193,22,193,22,FALSE,FALSE
984,39,1065,1248,1070,1065,1248,1070,1065,1248,1070,183,5,183,5,FALSE,FALSE
984,40,970,1147,979,970,1147,979,970,1147,979,177,9,177,9,FALSE,FALSE
984,41,892,1036,908,892,1036,908,892,1036,908,144,16,144,16,FALSE,FALSE
984,42,821,945,836,821,945,836,821,945,836,124,15,124,15,FALSE,FALSE
984,43,738,862,732,738,862,732,738,862,732,124,-6,124,6,FALSE,FALSE
984,44,667,793,663,667,793,663,667,793,663,126,-4,126,4,FALSE,FALSE
984,45,607,729,601,607,729,601,607,729,601,122,-6,122,6,FALSE,FALSE
984,46,564,665,539,564,665,539,564,665,539,101,-25,101,25,FALSE,FALSE
984,47,503,624,496,503,624,496,503,624,496,121,-7,121,7,FALSE,FALSE
984,48,455,570,460,455,570,460,455,570,460,115,5,115,5,FALSE,FALSE
984,49,406,509,415,406,509,415,406,509,415,103,9,103,9,FALSE,FALSE
984,50,352,477,371,352,477,371,352,477,371,125,19,125,19,FALSE,FALSE
984,51,316,436,330,316,436,330,316,436,330,120,14,120,14,FALSE,FALSE
984,52,292,414,293,292,414,293,292,414,293,122,1,122,1,FALSE,FALSE
984,53,266,367,266,266,367,266,266,367,266,101,0,101,0,FALSE,TRUE
984,54,236,328,237,236,328,237,236,328,237,92,1,92,1,FALSE,FALSE
984,55,219,292,196,219,292,196,219,292,196,73,-23,73,23,FALSE,FALSE
984,56,200,263,183,200,263,183,200,263,183,63,-17,63,17,FALSE,FALSE
984,57,174,238,161,174,238,161,174,238,161,64,-13,64,13,FALSE,FALSE
984,58,161,217,138,161,217,138,161,217,138,56,-23,56,23,FALSE,FALSE
984,59,145,194,123,145,194,123,145,194,123,49,-22,49,22,FALSE,FALSE
984,60,127,177,113,127,177,113,127,177,113,50,-14,50,14,FALSE,FALSE
985,0,79,79,79,79,79,79,79,79,79,0,0,0,0,TRUE,TRUE
985,1,121,122,149,121,122,149,121,122,149,1,28,1,28,FALSE,FALSE
985,2,217,193,248,217,193,248,217,193,248,-24,31,24,31,FALSE,FALSE
985,3,317,289,383,317,289,383,317,289,383,-28,66,28,66,FALSE,FALSE
985,4,493,429,598,493,429,598,493,429,598,-64,105,64,105,FALSE,FALSE
985,5,773,661,934,773,661,934,773,661,934,-112,161,112,161,FALSE,FALSE
985,6,1131,931,1342,1131,931,1342,1131,931,1342,-200,211,200,211,FALSE,FALSE
985,7,1572,1294,1849,1572,1294,1849,1572,1294,1849,-278,277,278,277,FALSE,FALSE
985,8,2032,1721,2333,2032,1721,2333,2032,1721,2333,-311,301,311,301,FALSE,FALSE
985,9,2410,2080,2615,2410,2080,2615,2410,2080,2615,-330,205,330,205,FALSE,FALSE
985,10,2679,2371,2818,2679,2371,2818,2679,2371,2818,-308,139,308,139,FALSE,FALSE
985,11,2769,2594,2768,2769,2594,2768,2769,2594,2768,-175,-1,175,1,FALSE,FALSE
985,12,2667,2637,2598,2667,2637,2598,2667,2637,2598,-30,-69,30,69,FALSE,FALSE
985,13,2454,2580,2291,2454,2580,2291,2454,2580,2291,126,-163,126,163,FALSE,FALSE
985,14,2137,2396,1967,2137,2396,1967,2137,2396,1967,259,-170,259,170,FALSE,FALSE
985,15,1872,2100,1654,1872,2100,1654,1872,2100,1654,228,-218,228,218,FALSE,FALSE
985,16,1553,1855,1396,1553,1855,1396,1553,1855,1396,302,-157,302,157,FALSE,FALSE
985,17,1302,1594,1160,1302,1594,1160,1302,1594,1160,292,-142,292,142,FALSE,FALSE
985,18,1080,1350,941,1080,1350,941,1080,1350,941,270,-139,270,139,FALSE,FALSE
985,19,926,1130,774,926,1130,774,926,1130,774,204,-152,204,152,FALSE,FALSE
985,20,770,926,611,770,926,611,770,926,611,156,-159,156,159,FALSE,FALSE
985,21,646,757,494,646,757,494,646,757,494,111,-152,111,152,FALSE,FALSE
985,22,503,617,411,503,617,411,503,617,411,114,-92,114,92,FALSE,FALSE
985,23,401,501,330,401,501,330,401,501,330,100,-71,100,71,FALSE,FALSE
985,24,322,407,247,322,407,247,322,407,247,85,-75,85,75,FALSE,FALSE
985,25,250,342,206,250,342,206,250,342,206,92,-44,92,44,FALSE,FALSE
985,26,197,298,165,197,298,165,197,298,165,101,-32,101,32,FALSE,FALSE
985,27,156,238,122,156,238,122,156,238,122,82,-34,82,34,FALSE,FALSE
985,28,136,213,95,136,213,95,136,213,95,77,-41,77,41,FALSE,FALSE
985,29,104,179,73,104,179,73,104,179,73,75,-31,75,31,FALSE,FALSE
985,30,90,151,57,90,151,57,90,151,57,61,-33,61,33,FALSE,FALSE
985,31,77,125,52,77,125,52,77,125,52,48,-25,48,25,FALSE,FALSE
985,32,58,105,43,58,105,43,58,105,43,47,-15,47,15,FALSE,FALSE
985,33,47,81,30,47,81,30,47,81,30,34,-17,34,17,FALSE,FALSE
985,34,37,64,22,37,64,22,37,64,22,27,-15,27,15,FALSE,FALSE
985,35,31,52,16,31,52,16,31,52,16,21,-15,21,15,FALSE,FALSE
985,36,27,43,14,27,43,14,27,43,14,16,-13,16,13,FALSE,FALSE
985,37,15,31,13,15,31,13,15,31,13,16,-2,16,2,FALSE,FALSE
985,38,13,26,11,13,26,11,13,26,11,13,-2,13,2,FALSE,FALSE
985,39,11,25,8,11,25,8,11,25,8,14,-3,14,3,FALSE,FALSE
985,40,7,22,6,7,22,6,7,22,6,15,-1,15,1,FALSE,FALSE
985,41,5,18,4,5,18,4,5,18,4,13,-1,13,1,FALSE,FALSE
985,42,5,15,4,5,15,4,5,15,4,10,-1,10,1,FALSE,FALSE
985,43,5,15,4,5,15,4,5,15,4,10,-1,10,1,FALSE,FALSE
985,44,5,14,4,5,14,4,5,14,4,9,-1,9,1,FALSE,FALSE
985,45,4,9,1,4,9,1,4,9,1,5,-3,5,3,FALSE,FALSE
985,46,3,10,1,3,10,1,3,10,1,7,-2,7,2,FALSE,FALSE
985,47,2,5,1,2,5,1,2,5,1,3,-1,3,1,FALSE,FALSE
985,48,2,4,1,2,4,1,2,4,1,2,-1,2,1,FALSE,FALSE
985,49,2,2,1,2,2,1,2,2,1,0,-1,0,1,TRUE,FALSE
985,50,1,1,0,1,1,0,1,1,0,0,-1,0,1,TRUE,FALSE
985,51,0,2,0,0,2,0,0,2,0,2,0,2,0,FALSE,TRUE
985,52,0,2,0,0,2,0,0,2,0,2,0,2,0,FALSE,TRUE
985,53,0,2,0,0,2,0,0,2,0,2,0,2,0,FALSE,TRUE
985,54,0,2,0,0,2,0,0,2,0,2,0,2,0,FALSE,TRUE
985,55,0,2,0,0,2,0,0,2,0,2,0,2,0,FALSE,TRUE
985,56,0,1,0,0,1,0,0,1,0,1,0,1,0,FALSE,TRUE
985,57,0,0,0,0,0,0,0,0,0,0,0,0,0,TRUE,TRUE
985,58,0,0,0,0,0,0,0,0,0,0,0,0,0,TRUE,TRUE
985,59,0,0,0,0,0,0,0,0,0,0,0,0,0,TRUE,TRUE
985,60,0,0,0,0,0,0,0,0,0,0,0,0,0,TRUE,TRUE
986,0,159,159,159,159,159,159,159,159,159,0,0,0,0,TRUE,TRUE
986,1,183,185,195,183,185,195,183,185,195,2,12,2,12,FALSE,FALSE
986,2,211,212,241,211,212,241,211,212,241,1,30,1,30,FALSE,FALSE
986,3,264,256,296,264,256,296,264,256,296,-8,32,8,32,FALSE,FALSE
986,4,317,291,352,317,291,352,317,291,352,-26,35,26,35,FALSE,FALSE
986,5,382,325,431,382,325,431,382,325,431,-57,49,57,49,FALSE,FALSE
986,6,456,384,523,456,384,523,456,384,523,-72,67,72,67,FALSE,FALSE
986,7,545,443,618,545,443,618,545,443,618,-102,73,102,73,FALSE,FALSE
986,8,662,506,689,662,506,689,662,506,689,-156,27,156,27,FALSE,FALSE
986,9,750,573,799,750,573,799,750,573,799,-177,49,177,49,FALSE,FALSE
986,10,870,647,900,870,647,900,870,647,900,-223,30,223,30,FALSE,FALSE
986,11,1015,718,1016,1015,718,1016,1015,718,1016,-297,1,297,1,FALSE,FALSE
986,12,1128,793,1161,1128,793,1161,1128,793,1161,-335,33,335,33,FALSE,FALSE
986,13,1292,876,1287,1292,876,1287,1292,876,1287,-416,-5,416,5,FALSE,FALSE
986,14,1437,1007,1412,1437,1007,1412,1437,1007,1412,-430,-25,430,25,FALSE,FALSE
986,15,1582,1106,1527,1582,1106,1527,1582,1106,1527,-476,-55,476,55,FALSE,FALSE
986,16,1708,1205,1636,1708,1205,1636,1708,1205,1636,-503,-72,503,72,FALSE,FALSE
986,17,1828,1307,1714,1828,1307,1714,1828,1307,1714,-521,-114,521,114,FALSE,FALSE
986,18,1912,1426,1814,1912,1426,1814,1912,1426,1814,-486,-98,486,98,FALSE,FALSE
986,19,1972,1557,1947,1972,1557,1947,1972,1557,1947,-415,-25,415,25,FALSE,FALSE
986,20,2043,1673,2010,2043,1673,2010,2043,1673,2010,-370,-33,370,33,FALSE,FALSE
986,21,2074,1746,2028,2074,1746,2028,2074,1746,2028,-328,-46,328,46,FALSE,FALSE
986,22,2133,1819,2038,2133,1819,2038,2133,1819,2038,-314,-95,314,95,FALSE,FALSE
986,23,2144,1891,2039,2144,1891,2039,2144,1891,2039,-253,-105,253,105,FALSE,FALSE
986,24,2099,1906,2048,2099,1906,2048,2099,1906,2048,-193,-51,193,51,FALSE,FALSE
986,25,2092,1922,2027,2092,1922,2027,2092,1922,2027,-170,-65,170,65,FALSE,FALSE
986,26,2061,1966,1995,2061,1966,1995,2061,1966,1995,-95,-66,95,66,FALSE,FALSE
986,27,1980,1973,1933,1980,1973,1933,1980,1973,1933,-7,-47,7,47,FALSE,FALSE
986,28,1934,1963,1889,1934,1963,1889,1934,1963,1889,29,-45,29,45,FALSE,FALSE
986,29,1833,1939,1813,1833,1939,1813,1833,1939,1813,106,-20,106,20,FALSE,FALSE
986,30,1729,1902,1753,1729,1902,1753,1729,1902,1753,173,24,173,24,FALSE,FALSE
986,31,1623,1817,1681,1623,1817,1681,1623,1817,1681,194,58,194,58,FALSE,FALSE
986,32,1519,1748,1613,1519,1748,1613,1519,1748,1613,229,94,229,94,FALSE,FALSE
986,33,1416,1639,1531,1416,1639,1531,1416,1639,1531,223,115,223,115,FALSE,FALSE
986,34,1327,1578,1426,1327,1578,1426,1327,1578,1426,251,99,251,99,FALSE,FALSE
986,35,1264,1530,1329,1264,1530,1329,1264,1530,1329,266,65,266,65,FALSE,FALSE
986,36,1163,1452,1253,1163,1452,1253,1163,1452,1253,289,90,289,90,FALSE,FALSE
986,37,1121,1379,1178,1121,1379,1178,1121,1379,1178,258,57,258,57,FALSE,FALSE
986,38,1028,1287,1111,1028,1287,1111,1028,1287,1111,259,83,259,83,FALSE,FALSE
986,39,934,1216,1023,934,1216,1023,934,1216,1023,282,89,282,89,FALSE,FALSE
986,40,852,1159,941,852,1159,941,852,1159,941,307,89,307,89,FALSE,FALSE
986,41,790,1080,857,790,1080,857,790,1080,857,290,67,290,67,FALSE,FALSE
986,42,710,983,797,710,983,797,710,983,797,273,87,273,87,FALSE,FALSE
986,43,655,905,712,655,905,712,655,905,712,250,57,250,57,FALSE,FALSE
986,44,593,830,657,593,830,657,593,830,657,237,64,237,64,FALSE,FALSE
986,45,540,771,597,540,771,597,540,771,597,231,57,231,57,FALSE,FALSE
986,46,503,711,554,503,711,554,503,711,554,208,51,208,51,FALSE,FALSE
986,47,448,650,505,448,650,505,448,650,505,202,57,202,57,FALSE,FALSE
986,48,408,595,454,408,595,454,408,595,454,187,46,187,46,FALSE,FALSE
986,49,375,544,411,375,544,411,375,544,411,169,36,169,36,FALSE,FALSE
986,50,350,502,368,350,502,368,350,502,368,152,18,152,18,FALSE,FALSE
986,51,318,457,326,318,457,326,318,457,326,139,8,139,8,FALSE,FALSE
986,52,302,413,294,302,413,294,302,413,294,111,-8,111,8,FALSE,FALSE
986,53,284,376,274,284,376,274,284,376,274,92,-10,92,10,FALSE,FALSE
986,54,261,355,245,261,355,245,261,355,245,94,-16,94,16,FALSE,FALSE
986,55,234,332,223,234,332,223,234,332,223,98,-11,98,11,FALSE,FALSE
986,56,209,300,205,209,300,205,209,300,205,91,-4,91,4,FALSE,FALSE
986,57,199,272,199,199,272,199,199,272,199,73,0,73,0,FALSE,TRUE
986,58,184,247,187,184,247,187,184,247,187,63,3,63,3,FALSE,FALSE
986,59,174,232,158,174,232,158,174,232,158,58,-16,58,16,FALSE,FALSE
986,60,157,220,150,157,220,150,157,220,150,63,-7,63,7,FALSE,FALSE
987,0,70,70,70,70,70,70,70,70,70,0,0,0,0,TRUE,TRUE
987,1,125,115,112,125,115,112,125,115,112,-10,-13,10,13,FALSE,FALSE
987,2,218,163,202,218,163,202,218,163,202,-55,-16,55,16,FALSE,FALSE
987,3,355,262,313,355,262,313,355,262,313,-93,-42,93,42,FALSE,FALSE
987,4,602,426,545,602,426,545,602,426,545,-176,-57,176,57,FALSE,FALSE
987,5,995,669,869,995,669,869,995,669,869,-326,-126,326,126,FALSE,FALSE
987,6,1498,993,1304,1498,993,1304,1498,993,1304,-505,-194,505,194,FALSE,FALSE
987,7,2127,1479,1910,2127,1479,1910,2127,1479,1910,-648,-217,648,217,FALSE,FALSE
987,8,2887,2071,2564,2887,2071,2564,2887,2071,2564,-816,-323,816,323,FALSE,FALSE
987,9,3486,2690,3184,3486,2690,3184,3486,2690,3184,-796,-302,796,302,FALSE,FALSE
987,10,3875,3260,3597,3875,3260,3597,3875,3260,3597,-615,-278,615,278,FALSE,FALSE
987,11,4020,3574,3832,4020,3574,3832,4020,3574,3832,-446,-188,446,188,FALSE,FALSE
987,12,3821,3640,3732,3821,3640,3732,3821,3640,3732,-181,-89,181,89,FALSE,FALSE
987,13,3506,3605,3502,3506,3605,3502,3506,3605,3502,99,-4,99,4,FALSE,FALSE
987,14,3086,3428,3211,3086,3428,3211,3086,3428,3211,342,125,342,125,FALSE,FALSE
987,15,2656,3078,2822,2656,3078,2822,2656,3078,2822,422,166,422,166,FALSE,FALSE
987,16,2288,2702,2405,2288,2702,2405,2288,2702,2405,414,117,414,117,FALSE,FALSE
987,17,1923,2346,2041,1923,2346,2041,1923,2346,2041,423,118,423,118,FALSE,FALSE
987,18,1618,2015,1731,1618,2015,1731,1618,2015,1731,397,113,397,113,FALSE,FALSE
987,19,1345,1753,1436,1345,1753,1436,1345,1753,1436,408,91,408,91,FALSE,FALSE
987,20,1126,1470,1186,1126,1470,1186,1126,1470,1186,344,60,344,60,FALSE,FALSE
987,21,941,1246,963,941,1246,963,941,1246,963,305,22,305,22,FALSE,FALSE
987,22,786,1040,804,786,1040,804,786,1040,804,254,18,254,18,FALSE,FALSE
987,23,630,877,655,630,877,655,630,877,655,247,25,247,25,FALSE,FALSE
987,24,509,745,534,509,745,534,509,745,534,236,25,236,25,FALSE,FALSE
987,25,423,634,430,423,634,430,423,634,430,211,7,211,7,FALSE,FALSE
987,26,360,536,358,360,536,358,360,536,358,176,-2,176,2,FALSE,FALSE
987,27,298,440,295,298,440,295,298,440,295,142,-3,142,3,FALSE,FALSE
987,28,250,354,263,250,354,263,250,354,263,104,13,104,13,FALSE,FALSE
987,29,204,280,211,204,280,211,204,280,211,76,7,76,7,FALSE,FALSE
987,30,167,225,176,167,225,176,167,225,176,58,9,58,9,FALSE,FALSE
987,31,121,176,149,121,176,149,121,176,149,55,28,55,28,FALSE,FALSE
987,32,97,145,119,97,145,119,97,145,119,48,22,48,22,FALSE,FALSE
987,33,78,126,88,78,126,88,78,126,88,48,10,48,10,FALSE,FALSE
987,34,67,101,71,67,101,71,67,101,71,34,4,34,4,FALSE,FALSE
987,35,54,82,60,54,82,60,54,82,60,28,6,28,6,FALSE,FALSE
987,36,41,69,51,41,69,51,41,69,51,28,10,28,10,FALSE,FALSE
987,37,34,58,40,34,58,40,34,58,40,24,6,24,6,FALSE,FALSE
987,38,27,47,36,27,47,36,27,47,36,20,9,20,9,FALSE,FALSE
987,39,21,39,30,21,39,30,21,39,30,18,9,18,9,FALSE,FALSE
987,40,19,31,27,19,31,27,19,31,27,12,8,12,8,FALSE,FALSE
987,41,17,29,21,17,29,21,17,29,21,12,4,12,4,FALSE,FALSE
987,42,11,19,18,11,19,18,11,19,18,8,7,8,7,FALSE,FALSE
987,43,9,14,15,9,14,15,9,14,15,5,6,5,6,FALSE,FALSE
987,44,5,11,14,5,11,14,5,11,14,6,9,6,9,FALSE,FALSE
987,45,4,9,9,4,9,9,4,9,9,5,5,5,5,FALSE,FALSE
987,46,4,9,8,4,9,8,4,9,8,5,4,5,4,FALSE,FALSE
987,47,3,8,8,3,8,8,3,8,8,5,5,5,5,FALSE,FALSE
987,48,1,8,8,1,8,8,1,8,8,7,7,7,7,FALSE,FALSE
987,49,1,8,8,1,8,8,1,8,8,7,7,7,7,FALSE,FALSE
987,50,1,6,7,1,6,7,1,6,7,5,6,5,6,FALSE,FALSE
987,51,1,5,5,1,5,5,1,5,5,4,4,4,4,FALSE,FALSE
987,52,1,4,3,1,4,3,1,4,3,3,2,3,2,FALSE,FALSE
987,53,1,4,3,1,4,3,1,4,3,3,2,3,2,FALSE,FALSE
987,54,1,2,3,1,2,3,1,2,3,1,2,1,2,FALSE,FALSE
987,55,1,1,3,1,1,3,1,1,3,0,2,0,2,TRUE,FALSE
987,56,1,0,3,1,0,3,1,0,3,-1,2,1,2,FALSE,FALSE
987,57,1,0,2,1,0,2,1,0,2,-1,1,1,1,FALSE,FALSE
987,58,0,0,2,0,0,2,0,0,2,0,2,0,2,TRUE,FALSE
987,59,0,0,1,0,0,1,0,0,1,0,1,0,1,TRUE,FALSE
987,60,0,0,1,0,0,1,0,0,1,0,1,0,1,TRUE,FALSE
988,0,154,154,154,154,154,154,154,154,154,0,0,0,0,TRUE,TRUE
988,1,185,192,189,185,192,189,185,192,189,7,4,7,4,FALSE,FALSE
988,2,224,234,217,224,234,217,224,234,217,10,-7,10,7,FALSE,FALSE
988,3,265,275,291,265,275,291,265,275,291,10,26,10,26,FALSE,FALSE
988,4,315,323,347,315,323,347,315,323,347,8,32,8,32,FALSE,FALSE
988,5,365,374,415,365,374,415,365,374,415,9,50,9,50,FALSE,FALSE
988,6,450,438,510,450,438,510,450,438,510,-12,60,12,60,FALSE,FALSE
988,7,499,508,596,499,508,596,499,508,596,9,97,9,97,FALSE,FALSE
988,8,576,594,718,576,594,718,576,594,718,18,142,18,142,FALSE,FALSE
988,9,702,705,851,702,705,851,702,705,851,3,149,3,149,FALSE,FALSE
988,10,831,818,988,831,818,988,831,818,988,-13,157,13,157,FALSE,FALSE
988,11,954,943,1129,954,943,1129,954,943,1129,-11,175,11,175,FALSE,FALSE
988,12,1071,1082,1295,1071,1082,1295,1071,1082,1295,11,224,11,224,FALSE,FALSE
988,13,1220,1214,1460,1220,1214,1460,1220,1214,1460,-6,240,6,240,FALSE,FALSE
988,14,1404,1362,1650,1404,1362,1650,1404,1362,1650,-42,246,42,246,FALSE,FALSE
988,15,1565,1538,1826,1565,1538,1826,1565,1538,1826,-27,261,27,261,FALSE,FALSE
988,16,1739,1669,2003,1739,1669,2003,1739,1669,2003,-70,264,70,264,FALSE,FALSE
988,17,1940,1788,2129,1940,1788,2129,1940,1788,2129,-152,189,152,189,FALSE,FALSE
988,18,2142,1928,2281,2142,1928,2281,2142,1928,2281,-214,139,214,139,FALSE,FALSE
988,19,2306,2031,2401,2306,2031,2401,2306,2031,2401,-275,95,275,95,FALSE,FALSE
988,20,2438,2132,2497,2438,2132,2497,2438,2132,2497,-306,59,306,59,FALSE,FALSE
988,21,2553,2203,2557,2553,2203,2557,2553,2203,2557,-350,4,350,4,FALSE,FALSE
988,22,2640,2267,2597,2640,2267,2597,2640,2267,2597,-373,-43,373,43,FALSE,FALSE
988,23,2631,2353,2625,2631,2353,2625,2631,2353,2625,-278,-6,278,6,FALSE,FALSE
988,24,2659,2414,2609,2659,2414,2609,2659,2414,2609,-245,-50,245,50,FALSE,FALSE
988,25,2622,2432,2545,2622,2432,2545,2622,2432,2545,-190,-77,190,77,FALSE,FALSE
988,26,2600,2440,2485,2600,2440,2485,2600,2440,2485,-160,-115,160,115,FALSE,FALSE
988,27,2542,2445,2382,2542,2445,2382,2542,2445,2382,-97,-160,97,160,FALSE,FALSE
988,28,2460,2410,2318,2460,2410,2318,2460,2410,2318,-50,-142,50,142,FALSE,FALSE
988,29,2381,2360,2215,2381,2360,2215,2381,2360,2215,-21,-166,21,166,FALSE,FALSE
988,30,2301,2295,2128,2301,2295,2128,2301,2295,2128,-6,-173,6,173,FALSE,FALSE
988,31,2220,2220,2041,2220,2220,2041,2220,2220,2041,0,-179,0,179,TRUE,FALSE
988,32,2137,2121,1946,2137,2121,1946,2137,2121,1946,-16,-191,16,191,FALSE,FALSE
988,33,2025,2016,1820,2025,2016,1820,2025,2016,1820,-9,-205,9,205,FALSE,FALSE
988,34,1940,1951,1761,1940,1951,1761,1940,1951,1761,11,-179,11,179,FALSE,FALSE
988,35,1809,1838,1677,1809,1838,1677,1809,1838,1677,29,-132,29,132,FALSE,FALSE
988,36,1716,1742,1587,1716,1742,1587,1716,1742,1587,26,-129,26,129,FALSE,FALSE
988,37,1621,1655,1489,1621,1655,1489,1621,1655,1489,34,-132,34,132,FALSE,FALSE
988,38,1533,1543,1409,1533,1543,1409,1533,1543,1409,10,-124,10,124,FALSE,FALSE
988,39,1445,1443,1332,1445,1443,1332,1445,1443,1332,-2,-113,2,113,FALSE,FALSE
988,40,1354,1351,1234,1354,1351,1234,1354,1351,1234,-3,-120,3,120,FALSE,FALSE
988,41,1263,1244,1166,1263,1244,1166,1263,1244,1166,-19,-97,19,97,FALSE,FALSE
988,42,1180,1149,1074,1180,1149,1074,1180,1149,1074,-31,-106,31,106,FALSE,FALSE
988,43,1109,1065,1002,1109,1065,1002,1109,1065,1002,-44,-107,44,107,FALSE,FALSE
988,44,1029,1010,913,1029,1010,913,1029,1010,913,-19,-116,19,116,FALSE,FALSE
988,45,966,956,865,966,956,865,966,956,865,-10,-101,10,101,FALSE,FALSE
988,46,884,877,796,884,877,796,884,877,796,-7,-88,7,88,FALSE,FALSE
988,47,826,827,743,826,827,743,826,827,743,1,-83,1,83,FALSE,FALSE
988,48,759,763,678,759,763,678,759,763,678,4,-81,4,81,FALSE,FALSE
988,49,690,697,631,690,697,631,690,697,631,7,-59,7,59,FALSE,FALSE
988,50,623,639,592,623,639,592,623,639,592,16,-31,16,31,FALSE,FALSE
988,51,588,585,547,588,585,547,588,585,547,-3,-41,3,41,FALSE,FALSE
988,52,546,546,516,546,546,516,546,546,516,0,-30,0,30,TRUE,FALSE
988,53,512,496,475,512,496,475,512,496,475,-16,-37,16,37,FALSE,FALSE
988,54,463,468,440,463,468,440,463,468,440,5,-23,5,23,FALSE,FALSE
988,55,429,429,409,429,429,409,429,429,409,0,-20,0,20,TRUE,FALSE
988,56,387,403,379,387,403,379,387,403,379,16,-8,16,8,FALSE,FALSE
988,57,359,375,355,359,375,355,359,375,355,16,-4,16,4,FALSE,FALSE
988,58,334,340,329,334,340,329,334,340,329,6,-5,6,5,FALSE,FALSE
988,59,304,322,303,304,322,303,304,322,303,18,-1,18,1,FALSE,FALSE
988,60,282,285,285,282,285,285,282,285,285,3,3,3,3,FALSE,FALSE
989,0,61,61,61,61,61,61,61,61,61,0,0,0,0,TRUE,TRUE
989,1,88,75,80,88,75,80,88,75,80,-13,-8,13,8,FALSE,FALSE
989,2,135,103,101,135,103,101,135,103,101,-32,-34,32,34,FALSE,FALSE
989,3,170,137,137,170,137,137,170,137,137,-33,-33,33,33,FALSE,FALSE
989,4,233,188,192,233,188,192,233,188,192,-45,-41,45,41,FALSE,FALSE
989,5,294,242,260,294,242,260,294,242,260,-52,-34,52,34,FALSE,FALSE
989,6,400,311,340,400,311,340,400,311,340,-89,-60,89,60,FALSE,FALSE
989,7,524,406,443,524,406,443,524,406,443,-118,-81,118,81,FALSE,FALSE
989,8,672,530,574,672,530,574,672,530,574,-142,-98,142,98,FALSE,FALSE
989,9,857,680,756,857,680,756,857,680,756,-177,-101,177,101,FALSE,FALSE
989,10,1101,833,941,1101,833,941,1101,833,941,-268,-160,268,160,FALSE,FALSE
989,11,1346,1026,1182,1346,1026,1182,1346,1026,1182,-320,-164,320,164,FALSE,FALSE
989,12,1583,1261,1456,1583,1261,1456,1583,1261,1456,-322,-127,322,127,FALSE,FALSE
989,13,1825,1501,1677,1825,1501,1677,1825,1501,1677,-324,-148,324,148,FALSE,FALSE
989,14,2032,1781,1883,2032,1781,1883,2032,1781,1883,-251,-149,251,149,FALSE,FALSE
989,15,2242,2014,2111,2242,2014,2111,2242,2014,2111,-228,-131,228,131,FALSE,FALSE
989,16,2366,2227,2340,2366,2227,2340,2366,2227,2340,-139,-26,139,26,FALSE,FALSE
989,17,2509,2365,2450,2509,2365,2450,2509,2365,2450,-144,-59,144,59,FALSE,FALSE
989,18,2603,2493,2499,2603,2493,2499,2603,2493,2499,-110,-104,110,104,FALSE,FALSE
989,19,2563,2529,2513,2563,2529,2513,2563,2529,2513,-34,-50,34,50,FALSE,FALSE
989,20,2537,2484,2505,2537,2484,2505,2537,2484,2505,-53,-32,53,32,FALSE,FALSE
989,21,2458,2478,2423,2458,2478,2423,2458,2478,2423,20,-35,20,35,FALSE,FALSE
989,22,2327,2397,2384,2327,2397,2384,2327,2397,2384,70,57,70,57,FALSE,FALSE
989,23,2166,2311,2280,2166,2311,2280,2166,2311,2280,145,114,145,114,FALSE,FALSE
989,24,2042,2199,2161,2042,2199,2161,2042,2199,2161,157,119,157,119,FALSE,FALSE
989,25,1904,2039,2005,1904,2039,2005,1904,2039,2005,135,101,135,101,FALSE,FALSE
989,26,1745,1922,1885,1745,1922,1885,1745,1922,1885,177,140,177,140,FALSE,FALSE
989,27,1605,1778,1760,1605,1778,1760,1605,1778,1760,173,155,173,155,FALSE,FALSE
989,28,1474,1684,1617,1474,1684,1617,1474,1684,1617,210,143,210,143,FALSE,FALSE
989,29,1367,1548,1481,1367,1548,1481,1367,1548,1481,181,114,181,114,FALSE,FALSE
989,30,1286,1416,1339,1286,1416,1339,1286,1416,1339,130,53,130,53,FALSE,FALSE
989,31,1176,1306,1222,1176,1306,1222,1176,1306,1222,130,46,130,46,FALSE,FALSE
989,32,1072,1213,1116,1072,1213,1116,1072,1213,1116,141,44,141,44,FALSE,FALSE
989,33,973,1111,1023,973,1111,1023,973,1111,1023,138,50,138,50,FALSE,FALSE
989,34,879,1035,919,879,1035,919,879,1035,919,156,40,156,40,FALSE,FALSE
989,35,786,938,838,786,938,838,786,938,838,152,52,152,52,FALSE,FALSE
989,36,718,852,758,718,852,758,718,852,758,134,40,134,40,FALSE,FALSE
989,37,653,783,698,653,783,698,653,783,698,130,45,130,45,FALSE,FALSE
989,38,584,721,634,584,721,634,584,721,634,137,50,137,50,FALSE,FALSE
989,39,538,657,559,538,657,559,538,657,559,119,21,119,21,FALSE,FALSE
989,40,499,601,517,499,601,517,499,601,517,102,18,102,18,FALSE,FALSE
989,41,437,541,477,437,541,477,437,541,477,104,40,104,40,FALSE,FALSE
989,42,402,485,434,402,485,434,402,485,434,83,32,83,32,FALSE,FALSE
989,43,361,428,390,361,428,390,361,428,390,67,29,67,29,FALSE,FALSE
989,44,339,394,354,339,394,354,339,394,354,55,15,55,15,FALSE,FALSE
989,45,300,367,317,300,367,317,300,367,317,67,17,67,17,FALSE,FALSE
989,46,274,332,287,274,332,287,274,332,287,58,13,58,13,FALSE,FALSE
989,47,243,300,255,243,300,255,243,300,255,57,12,57,12,FALSE,FALSE
989,48,219,266,222,219,266,222,219,266,222,47,3,47,3,FALSE,FALSE
989,49,192,247,196,192,247,196,192,247,196,55,4,55,4,FALSE,FALSE
989,50,180,225,179,180,225,179,180,225,179,45,-1,45,1,FALSE,FALSE
989,51,169,207,169,169,207,169,169,207,169,38,0,38,0,FALSE,TRUE
989,52,158,187,147,158,187,147,158,187,147,29,-11,29,11,FALSE,FALSE
989,53,145,172,133,145,172,133,145,172,133,27,-12,27,12,FALSE,FALSE
989,54,129,160,123,129,160,123,129,160,123,31,-6,31,6,FALSE,FALSE
989,55,118,149,111,118,149,111,118,149,111,31,-7,31,7,FALSE,FALSE
989,56,106,136,103,106,136,103,106,136,103,30,-3,30,3,FALSE,FALSE
989,57,93,125,94,93,125,94,93,125,94,32,1,32,1,FALSE,FALSE
989,58,80,111,87,80,111,87,80,111,87,31,7,31,7,FALSE,FALSE
989,59,75,104,74,75,104,74,75,104,74,29,-1,29,1,FALSE,FALSE
989,60,72,97,66,72,97,66,72,97,66,25,-6,25,6,FALSE,FALSE
990,0,163,163,163,163,163,163,163,163,163,0,0,0,0,TRUE,TRUE
990,1,219,231,222,219,231,222,219,231,222,12,3,12,3,FALSE,FALSE
990,2,290,302,300,290,302,300,290,302,300,12,10,12,10,FALSE,FALSE
990,3,380,411,414,380,411,414,380,411,414,31,34,31,34,FALSE,FALSE
990,4,488,546,542,488,546,542,488,546,542,58,54,58,54,FALSE,FALSE
990,5,643,741,694,643,741,694,643,741,694,98,51,98,51,FALSE,FALSE
990,6,826,907,852,826,907,852,826,907,852,81,26,81,26,FALSE,FALSE
990,7,983,1114,1037,983,1114,1037,983,1114,1037,131,54,131,54,FALSE,FALSE
990,8,1177,1335,1228,1177,1335,1228,1177,1335,1228,158,51,158,51,FALSE,FALSE
990,9,1409,1572,1425,1409,1572,1425,1409,1572,1425,163,16,163,16,FALSE,FALSE
990,10,1696,1819,1608,1696,1819,1608,1696,1819,1608,123,-88,123,88,FALSE,FALSE
990,11,1936,2019,1751,1936,2019,1751,1936,2019,1751,83,-185,83,185,FALSE,FALSE
990,12,2077,2165,1892,2077,2165,1892,2077,2165,1892,88,-185,88,185,FALSE,FALSE
990,13,2198,2263,1996,2198,2263,1996,2198,2263,1996,65,-202,65,202,FALSE,FALSE
990,14,2224,2256,2055,2224,2256,2055,2224,2256,2055,32,-169,32,169,FALSE,FALSE
990,15,2191,2210,2098,2191,2210,2098,2191,2210,2098,19,-93,19,93,FALSE,FALSE
990,16,2134,2144,2027,2134,2144,2027,2134,2144,2027,10,-107,10,107,FALSE,FALSE
990,17,2013,2063,1981,2013,2063,1981,2013,2063,1981,50,-32,50,32,FALSE,FALSE
990,18,1865,1922,1877,1865,1922,1877,1865,1922,1877,57,12,57,12,FALSE,FALSE
990,19,1733,1775,1730,1733,1775,1730,1733,1775,1730,42,-3,42,3,FALSE,FALSE
990,20,1604,1621,1597,1604,1621,1597,1604,1621,1597,17,-7,17,7,FALSE,FALSE
990,21,1417,1415,1424,1417,1415,1424,1417,1415,1424,-2,7,2,7,FALSE,FALSE
990,22,1258,1250,1249,1258,1250,1249,1258,1250,1249,-8,-9,8,9,FALSE,FALSE
990,23,1132,1108,1108,1132,1108,1108,1132,1108,1108,-24,-24,24,24,FALSE,FALSE
990,24,997,920,1017,997,920,1017,997,920,1017,-77,20,77,20,FALSE,FALSE
990,25,898,779,896,898,779,896,898,779,896,-119,-2,119,2,FALSE,FALSE
990,26,773,668,784,773,668,784,773,668,784,-105,11,105,11,FALSE,FALSE
990,27,631,567,668,631,567,668,631,567,668,-64,37,64,37,FALSE,FALSE
990,28,552,490,579,552,490,579,552,490,579,-62,27,62,27,FALSE,FALSE
990,29,455,403,501,455,403,501,455,403,501,-52,46,52,46,FALSE,FALSE
990,30,390,347,428,390,347,428,390,347,428,-43,38,43,38,FALSE,FALSE
990,31,339,294,372,339,294,372,339,294,372,-45,33,45,33,FALSE,FALSE
990,32,280,254,319,280,254,319,280,254,319,-26,39,26,39,FALSE,FALSE
990,33,234,225,273,234,225,273,234,225,273,-9,39,9,39,FALSE,FALSE
990,34,197,193,239,197,193,239,197,193,239,-4,42,4,42,FALSE,FALSE
990,35,163,170,196,163,170,196,163,170,196,7,33,7,33,FALSE,FALSE
990,36,135,145,156,135,145,156,135,145,156,10,21,10,21,FALSE,FALSE
990,37,110,125,130,110,125,130,110,125,130,15,20,15,20,FALSE,FALSE
990,38,86,113,112,86,113,112,86,113,112,27,26,27,26,FALSE,FALSE
990,39,70,92,93,70,92,93,70,92,93,22,23,22,23,FALSE,FALSE
990,40,56,85,85,56,85,85,56,85,85,29,29,29,29,FALSE,FALSE
990,41,50,75,68,50,75,68,50,75,68,25,18,25,18,FALSE,FALSE
990,42,44,67,52,44,67,52,44,67,52,23,8,23,8,FALSE,FALSE
990,43,43,58,44,43,58,44,43,58,44,15,1,15,1,FALSE,FALSE
990,44,40,52,37,40,52,37,40,52,37,12,-3,12,3,FALSE,FALSE
990,45,35,40,30,35,40,30,35,40,30,5,-5,5,5,FALSE,FALSE
990,46,32,32,26,32,32,26,32,32,26,0,-6,0,6,TRUE,FALSE
990,47,24,24,22,24,24,22,24,24,22,0,-2,0,2,TRUE,FALSE
990,48,21,22,15,21,22,15,21,22,15,1,-6,1,6,FALSE,FALSE
990,49,17,20,14,17,20,14,17,20,14,3,-3,3,3,FALSE,FALSE
990,50,17,14,13,17,14,13,17,14,13,-3,-4,3,4,FALSE,FALSE
990,51,14,13,13,14,13,13,14,13,13,-1,-1,1,1,FALSE,FALSE
990,52,11,13,14,11,13,14,11,13,14,2,3,2,3,FALSE,FALSE
990,53,8,12,11,8,12,11,8,12,11,4,3,4,3,FALSE,FALSE
990,54,5,12,8,5,12,8,5,12,8,7,3,7,3,FALSE,FALSE
990,55,4,9,3,4,9,3,4,9,3,5,-1,5,1,FALSE,FALSE
990,56,4,9,2,4,9,2,4,9,2,5,-2,5,2,FALSE,FALSE
990,57,3,10,3,3,10,3,3,10,3,7,0,7,0,FALSE,TRUE
990,58,3,9,2,3,9,2,3,9,2,6,-1,6,1,FALSE,FALSE
990,59,3,7,2,3,7,2,3,7,2,4,-1,4,1,FALSE,FALSE
990,60,3,7,2,3,7,2,3,7,2,4,-1,4,1,FALSE,FALSE
991,0,124,124,124,124,124,124,124,124,124,0,0,0,0,TRUE,TRUE
991,1,199,185,179,199,185,179,199,185,179,-14,-20,14,20,FALSE,FALSE
991,2,322,274,268,322,274,268,322,274,268,-48,-54,48,54,FALSE,FALSE
991,3,483,420,394,483,420,394,483,420,394,-63,-89,63,89,FALSE,FALSE
991,4,674,582,593,674,582,593,674,582,593,-92,-81,92,81,FALSE,FALSE
991,5,948,819,850,948,819,850,948,819,850,-129,-98,129,98,FALSE,FALSE
991,6,1261,1108,1169,1261,1108,1169,1261,1108,1169,-153,-92,153,92,FALSE,FALSE
991,7,1633,1473,1574,1633,1473,1574,1633,1473,1574,-160,-59,160,59,FALSE,FALSE
991,8,2061,1877,1989,2061,1877,1989,2061,1877,1989,-184,-72,184,72,FALSE,FALSE
991,9,2471,2302,2410,2471,2302,2410,2471,2302,2410,-169,-61,169,61,FALSE,FALSE
991,10,2728,2639,2709,2728,2639,2709,2728,2639,2709,-89,-19,89,19,FALSE,FALSE
991,11,2896,2864,2914,2896,2864,2914,2896,2864,2914,-32,18,32,18,FALSE,FALSE
991,12,2925,2996,3025,2925,2996,3025,2925,2996,3025,71,100,71,100,FALSE,FALSE
991,13,2866,3016,2987,2866,3016,2987,2866,3016,2987,150,121,150,121,FALSE,FALSE
991,14,2757,2883,2841,2757,2883,2841,2757,2883,2841,126,84,126,84,FALSE,FALSE
991,15,2614,2758,2705,2614,2758,2705,2614,2758,2705,144,91,144,91,FALSE,FALSE
991,16,2374,2523,2476,2374,2523,2476,2374,2523,2476,149,102,149,102,FALSE,FALSE
991,17,2133,2256,2291,2133,2256,2291,2133,2256,2291,123,158,123,158,FALSE,FALSE
991,18,1906,2010,2046,1906,2010,2046,1906,2010,2046,104,140,104,140,FALSE,FALSE
991,19,1682,1789,1786,1682,1789,1786,1682,1789,1786,107,104,107,104,FALSE,FALSE
991,20,1479,1595,1588,1479,1595,1588,1479,1595,1588,116,109,116,109,FALSE,FALSE
991,21,1290,1412,1402,1290,1412,1402,1290,1412,1402,122,112,122,112,FALSE,FALSE
991,22,1125,1228,1206,1125,1228,1206,1125,1228,1206,103,81,103,81,FALSE,FALSE
991,23,973,1082,1059,973,1082,1059,973,1082,1059,109,86,109,86,FALSE,FALSE
991,24,866,932,932,866,932,932,866,932,932,66,66,66,66,FALSE,FALSE
991,25,750,833,797,750,833,797,750,833,797,83,47,83,47,FALSE,FALSE
991,26,659,745,692,659,745,692,659,745,692,86,33,86,33,FALSE,FALSE
991,27,565,635,596,565,635,596,565,635,596,70,31,70,31,FALSE,FALSE
991,28,498,547,519,498,547,519,498,547,519,49,21,49,21,FALSE,FALSE
991,29,428,472,447,428,472,447,428,472,447,44,19,44,19,FALSE,FALSE
991,30,368,419,385,368,419,385,368,419,385,51,17,51,17,FALSE,FALSE
991,31,317,359,342,317,359,342,317,359,342,42,25,42,25,FALSE,FALSE
991,32,270,314,293,270,314,293,270,314,293,44,23,44,23,FALSE,FALSE
991,33,239,268,257,239,268,257,239,268,257,29,18,29,18,FALSE,FALSE
991,34,205,233,217,205,233,217,205,233,217,28,12,28,12,FALSE,FALSE
991,35,175,205,187,175,205,187,175,205,187,30,12,30,12,FALSE,FALSE
991,36,154,177,167,154,177,167,154,177,167,23,13,23,13,FALSE,FALSE
991,37,135,145,137,135,145,137,135,145,137,10,2,10,2,FALSE,FALSE
991,38,121,123,116,121,123,116,121,123,116,2,-5,2,5,FALSE,FALSE
991,39,109,106,93,109,106,93,109,106,93,-3,-16,3,16,FALSE,FALSE
991,40,95,97,76,95,97,76,95,97,76,2,-19,2,19,FALSE,FALSE
991,41,75,85,67,75,85,67,75,85,67,10,-8,10,8,FALSE,FALSE
991,42,66,73,61,66,73,61,66,73,61,7,-5,7,5,FALSE,FALSE
991,43,57,60,59,57,60,59,57,60,59,3,2,3,2,FALSE,FALSE
991,44,49,52,51,49,52,51,49,52,51,3,2,3,2,FALSE,FALSE
991,45,47,45,44,47,45,44,47,45,44,-2,-3,2,3,FALSE,FALSE
991,46,42,36,41,42,36,41,42,36,41,-6,-1,6,1,FALSE,FALSE
991,47,34,29,36,34,29,36,34,29,36,-5,2,5,2,FALSE,FALSE
991,48,26,26,34,26,26,34,26,26,34,0,8,0,8,TRUE,FALSE
991,49,23,24,30,23,24,30,23,24,30,1,7,1,7,FALSE,FALSE
991,50,16,20,26,16,20,26,16,20,26,4,10,4,10,FALSE,FALSE
991,51,14,17,22,14,17,22,14,17,22,3,8,3,8,FALSE,FALSE
991,52,13,15,20,13,15,20,13,15,20,2,7,2,7,FALSE,FALSE
991,53,11,14,18,11,14,18,11,14,18,3,7,3,7,FALSE,FALSE
991,54,8,8,16,8,8,16,8,8,16,0,8,0,8,TRUE,FALSE
991,55,7,6,16,7,6,16,7,6,16,-1,9,1,9,FALSE,FALSE
991,56,5,5,11,5,5,11,5,5,11,0,6,0,6,TRUE,FALSE
991,57,5,5,10,5,5,10,5,5,10,0,5,0,5,TRUE,FALSE
991,58,4,6,9,4,6,9,4,6,9,2,5,2,5,FALSE,FALSE
991,59,4,4,7,4,4,7,4,4,7,0,3,0,3,TRUE,FALSE
991,60,3,4,3,3,4,3,3,4,3,1,0,1,0,FALSE,TRUE
992,0,127,127,127,127,127,127,127,127,127,0,0,0,0,TRUE,TRUE
992,1,136,135,132,136,135,132,136,135,132,-1,-4,1,4,FALSE,FALSE
992,2,140,131,128,140,131,128,140,131,128,-9,-12,9,12,FALSE,FALSE
992,3,140,135,141,140,135,141,140,135,141,-5,1,5,1,FALSE,FALSE
992,4,134,134,147,134,134,147,134,134,147,0,13,0,13,TRUE,FALSE
992,5,143,136,147,143,136,147,143,136,147,-7,4,7,4,FALSE,FALSE
992,6,134,143,139,134,143,139,134,143,139,9,5,9,5,FALSE,FALSE
992,7,130,143,143,130,143,143,130,143,143,13,13,13,13,FALSE,FALSE
992,8,135,143,143,135,143,143,135,143,143,8,8,8,8,FALSE,FALSE
992,9,131,140,156,131,140,156,131,140,156,9,25,9,25,FALSE,FALSE
992,10,135,135,174,135,135,174,135,135,174,0,39,0,39,TRUE,FALSE
992,11,136,139,179,136,139,179,136,139,179,3,43,3,43,FALSE,FALSE
992,12,148,140,177,148,140,177,148,140,177,-8,29,8,29,FALSE,FALSE
992,13,151,139,166,151,139,166,151,139,166,-12,15,12,15,FALSE,FALSE
992,14,161,146,170,161,146,170,161,146,170,-15,9,15,9,FALSE,FALSE
992,15,171,152,172,171,152,172,171,152,172,-19,1,19,1,FALSE,FALSE
992,16,178,153,188,178,153,188,178,153,188,-25,10,25,10,FALSE,FALSE
992,17,182,156,197,182,156,197,182,156,197,-26,15,26,15,FALSE,FALSE
992,18,184,156,206,184,156,206,184,156,206,-28,22,28,22,FALSE,FALSE
992,19,173,160,197,173,160,197,173,160,197,-13,24,13,24,FALSE,FALSE
992,20,177,163,205,177,163,205,177,163,205,-14,28,14,28,FALSE,FALSE
992,21,185,166,203,185,166,203,185,166,203,-19,18,19,18,FALSE,FALSE
992,22,186,179,194,186,179,194,186,179,194,-7,8,7,8,FALSE,FALSE
992,23,194,188,192,194,188,192,194,188,192,-6,-2,6,2,FALSE,FALSE
992,24,192,194,192,192,194,192,192,194,192,2,0,2,0,FALSE,TRUE
992,25,183,201,211,183,201,211,183,201,211,18,28,18,28,FALSE,FALSE
992,26,180,201,220,180,201,220,180,201,220,21,40,21,40,FALSE,FALSE
992,27,167,198,233,167,198,233,167,198,233,31,66,31,66,FALSE,FALSE
992,28,159,196,240,159,196,240,159,196,240,37,81,37,81,FALSE,FALSE
992,29,162,194,247,162,194,247,162,194,247,32,85,32,85,FALSE,FALSE
992,30,152,196,261,152,196,261,152,196,261,44,109,44,109,FALSE,FALSE
992,31,154,200,255,154,200,255,154,200,255,46,101,46,101,FALSE,FALSE
992,32,149,203,247,149,203,247,149,203,247,54,98,54,98,FALSE,FALSE
992,33,146,206,245,146,206,245,146,206,245,60,99,60,99,FALSE,FALSE
992,34,143,209,249,143,209,249,143,209,249,66,106,66,106,FALSE,FALSE
992,35,149,208,254,149,208,254,149,208,254,59,105,59,105,FALSE,FALSE
992,36,139,204,252,139,204,252,139,204,252,65,113,65,113,FALSE,FALSE
992,37,143,200,258,143,200,258,143,200,258,57,115,57,115,FALSE,FALSE
992,38,140,207,267,140,207,267,140,207,267,67,127,67,127,FALSE,FALSE
992,39,141,216,274,141,216,274,141,216,274,75,133,75,133,FALSE,FALSE
992,40,146,220,292,146,220,292,146,220,292,74,146,74,146,FALSE,FALSE
992,41,143,227,278,143,227,278,143,227,278,84,135,84,135,FALSE,FALSE
992,42,142,231,264,142,231,264,142,231,264,89,122,89,122,FALSE,FALSE
992,43,147,226,265,147,226,265,147,226,265,79,118,79,118,FALSE,FALSE
992,44,143,230,261,143,230,261,143,230,261,87,118,87,118,FALSE,FALSE
992,45,149,233,246,149,233,246,149,233,246,84,97,84,97,FALSE,FALSE
992,46,146,233,242,146,233,242,146,233,242,87,96,87,96,FALSE,FALSE
992,47,147,229,254,147,229,254,147,229,254,82,107,82,107,FALSE,FALSE
992,48,148,239,264,148,239,264,148,239,264,91,116,91,116,FALSE,FALSE
992,49,139,253,275,139,253,275,139,253,275,114,136,114,136,FALSE,FALSE
992,50,135,256,270,135,256,270,135,256,270,121,135,121,135,FALSE,FALSE
992,51,132,252,256,132,252,256,132,252,256,120,124,120,124,FALSE,FALSE
992,52,126,256,272,126,256,272,126,256,272,130,146,130,146,FALSE,FALSE
992,53,134,254,263,134,254,263,134,254,263,120,129,120,129,FALSE,FALSE
992,54,133,250,262,133,250,262,133,250,262,117,129,117,129,FALSE,FALSE
992,55,141,248,253,141,248,253,141,248,253,107,112,107,112,FALSE,FALSE
992,56,132,258,238,132,258,238,132,258,238,126,106,126,106,FALSE,FALSE
992,57,121,261,226,121,261,226,121,261,226,140,105,140,105,FALSE,FALSE
992,58,111,261,214,111,261,214,111,261,214,150,103,150,103,FALSE,FALSE
992,59,115,261,211,115,261,211,115,261,211,146,96,146,96,FALSE,FALSE
992,60,115,261,209,115,261,209,115,261,209,146,94,146,94,FALSE,FALSE
993,0,118,118,118,118,118,118,118,118,118,0,0,0,0,TRUE,TRUE
993,1,198,212,206,198,212,206,198,212,206,14,8,14,8,FALSE,FALSE
993,2,325,345,355,325,345,355,325,345,355,20,30,20,30,FALSE,FALSE
993,3,552,579,607,552,579,607,552,579,607,27,55,27,55,FALSE,FALSE
993,4,907,912,1002,907,912,1002,907,912,1002,5,95,5,95,FALSE,FALSE
993,5,1367,1377,1584,1367,1377,1584,1367,1377,1584,10,217,10,217,FALSE,FALSE
993,6,1992,1974,2296,1992,1974,2296,1992,1974,2296,-18,304,18,304,FALSE,FALSE
993,7,2587,2545,2932,2587,2545,2932,2587,2545,2932,-42,345,42,345,FALSE,FALSE
993,8,3026,2994,3383,3026,2994,3383,3026,2994,3383,-32,357,32,357,FALSE,FALSE
993,9,3196,3177,3396,3196,3177,3396,3196,3177,3396,-19,200,19,200,FALSE,FALSE
993,10,3070,3157,3147,3070,3157,3147,3070,3157,3147,87,77,87,77,FALSE,FALSE
993,11,2797,2900,2709,2797,2900,2709,2797,2900,2709,103,-88,103,88,FALSE,FALSE
993,12,2409,2527,2286,2409,2527,2286,2409,2527,2286,118,-123,118,123,FALSE,FALSE
993,13,2065,2083,1893,2065,2083,1893,2065,2083,1893,18,-172,18,172,FALSE,FALSE
993,14,1683,1693,1524,1683,1693,1524,1683,1693,1524,10,-159,10,159,FALSE,FALSE
993,15,1343,1370,1217,1343,1370,1217,1343,1370,1217,27,-126,27,126,FALSE,FALSE
993,16,1071,1101,969,1071,1101,969,1071,1101,969,30,-102,30,102,FALSE,FALSE
993,17,842,879,757,842,879,757,842,879,757,37,-85,37,85,FALSE,FALSE
993,18,666,689,591,666,689,591,666,689,591,23,-75,23,75,FALSE,FALSE
993,19,505,526,459,505,526,459,505,526,459,21,-46,21,46,FALSE,FALSE
993,20,395,405,373,395,405,373,395,405,373,10,-22,10,22,FALSE,FALSE
993,21,298,323,295,298,323,295,298,323,295,25,-3,25,3,FALSE,FALSE
993,22,235,256,246,235,256,246,235,256,246,21,11,21,11,FALSE,FALSE
993,23,194,193,185,194,193,185,194,193,185,-1,-9,1,9,FALSE,FALSE
993,24,150,161,141,150,161,141,150,161,141,11,-9,11,9,FALSE,FALSE
993,25,113,128,103,113,128,103,113,128,103,15,-10,15,10,FALSE,FALSE
993,26,90,102,79,90,102,79,90,102,79,12,-11,12,11,FALSE,FALSE
993,27,75,74,62,75,74,62,75,74,62,-1,-13,1,13,FALSE,FALSE
993,28,57,62,45,57,62,45,57,62,45,5,-12,5,12,FALSE,FALSE
993,29,49,47,41,49,47,41,49,47,41,-2,-8,2,8,FALSE,FALSE
993,30,38,36,35,38,36,35,38,36,35,-2,-3,2,3,FALSE,FALSE
993,31,33,28,24,33,28,24,33,28,24,-5,-9,5,9,FALSE,FALSE
993,32,24,19,16,24,19,16,24,19,16,-5,-8,5,8,FALSE,FALSE
993,33,18,16,13,18,16,13,18,16,13,-2,-5,2,5,FALSE,FALSE
993,34,12,11,11,12,11,11,12,11,11,-1,-1,1,1,FALSE,FALSE
993,35,12,11,10,12,11,10,12,11,10,-1,-2,1,2,FALSE,FALSE
993,36,7,8,9,7,8,9,7,8,9,1,2,1,2,FALSE,FALSE
993,37,6,6,8,6,6,8,6,6,8,0,2,0,2,TRUE,FALSE
993,38,3,4,5,3,4,5,3,4,5,1,2,1,2,FALSE,FALSE
993,39,1,3,5,1,3,5,1,3,5,2,4,2,4,FALSE,FALSE
993,40,1,2,5,1,2,5,1,2,5,1,4,1,4,FALSE,FALSE
993,41,1,2,5,1,2,5,1,2,5,1,4,1,4,FALSE,FALSE
993,42,1,2,4,1,2,4,1,2,4,1,3,1,3,FALSE,FALSE
993,43,2,2,3,2,2,3,2,2,3,0,1,0,1,TRUE,FALSE
993,44,1,1,3,1,1,3,1,1,3,0,2,0,2,TRUE,FALSE
993,45,1,1,1,1,1,1,1,1,1,0,0,0,0,TRUE,TRUE
993,46,1,1,1,1,1,1,1,1,1,0,0,0,0,TRUE,TRUE
993,47,0,1,1,0,1,1,0,1,1,1,1,1,1,FALSE,FALSE
993,48,0,0,1,0,0,1,0,0,1,0,1,0,1,TRUE,FALSE
993,49,0,0,1,0,0,1,0,0,1,0,1,0,1,TRUE,FALSE
993,50,0,0,0,0,0,0,0,0,0,0,0,0,0,TRUE,TRUE
993,51,0,0,0,0,0,0,0,0,0,0,0,0,0,TRUE,TRUE
993,52,0,0,0,0,0,0,0,0,0,0,0,0,0,TRUE,TRUE
993,53,0,0,0,0,0,0,0,0,0,0,0,0,0,TRUE,TRUE
993,54,0,0,0,0,0,0,0,0,0,0,0,0,0,TRUE,TRUE
993,55,0,0,0,0,0,0,0,0,0,0,0,0,0,TRUE,TRUE
993,56,0,0,0,0,0,0,0,0,0,0,0,0,0,TRUE,TRUE
993,57,0,0,0,0,0,0,0,0,0,0,0,0,0,TRUE,TRUE
993,58,0,0,0,0,0,0,0,0,0,0,0,0,0,TRUE,TRUE
993,59,0,0,0,0,0,0,0,0,0,0,0,0,0,TRUE,TRUE
993,60,0,0,0,0,0,0,0,0,0,0,0,0,0,TRUE,TRUE
994,0,92,92,92,92,92,92,92,92,92,0,0,0,0,TRUE,TRUE
994,1,104,100,101,104,100,101,104,100,101,-4,-3,4,3,FALSE,FALSE
994,2,112,123,119,112,123,119,112,123,119,11,7,11,7,FALSE,FALSE
994,3,130,133,124,130,133,124,130,133,124,3,-6,3,6,FALSE,FALSE
994,4,150,145,132,150,145,132,150,145,132,-5,-18,5,18,FALSE,FALSE
994,5,147,146,137,147,146,137,147,146,137,-1,-10,1,10,FALSE,FALSE
994,6,166,162,155,166,162,155,166,162,155,-4,-11,4,11,FALSE,FALSE
994,7,176,173,164,176,173,164,176,173,164,-3,-12,3,12,FALSE,FALSE
994,8,197,189,191,197,189,191,197,189,191,-8,-6,8,6,FALSE,FALSE
994,9,225,211,207,225,211,207,225,211,207,-14,-18,14,18,FALSE,FALSE
994,10,239,227,225,239,227,225,239,227,225,-12,-14,12,14,FALSE,FALSE
994,11,258,276,247,258,276,247,258,276,247,18,-11,18,11,FALSE,FALSE
994,12,289,320,267,289,320,267,289,320,267,31,-22,31,22,FALSE,FALSE
994,13,317,350,290,317,350,290,317,350,290,33,-27,33,27,FALSE,FALSE
994,14,348,400,312,348,400,312,348,400,312,52,-36,52,36,FALSE,FALSE
994,15,373,452,339,373,452,339,373,452,339,79,-34,79,34,FALSE,FALSE
994,16,406,480,354,406,480,354,406,480,354,74,-52,74,52,FALSE,FALSE
994,17,454,538,397,454,538,397,454,538,397,84,-57,84,57,FALSE,FALSE
994,18,507,571,435,507,571,435,507,571,435,64,-72,64,72,FALSE,FALSE
994,19,565,670,471,565,670,471,565,670,471,105,-94,105,94,FALSE,FALSE
994,20,603,752,529,603,752,529,603,752,529,149,-74,149,74,FALSE,FALSE
994,21,649,830,556,649,830,556,649,830,556,181,-93,181,93,FALSE,FALSE
994,22,695,899,593,695,899,593,695,899,593,204,-102,204,102,FALSE,FALSE
994,23,757,960,623,757,960,623,757,960,623,203,-134,203,134,FALSE,FALSE
994,24,846,1045,673,846,1045,673,846,1045,673,199,-173,199,173,FALSE,FALSE
994,25,905,1109,714,905,1109,714,905,1109,714,204,-191,204,191,FALSE,FALSE
994,26,970,1183,731,970,1183,731,970,1183,731,213,-239,213,239,FALSE,FALSE
994,27,1050,1272,766,1050,1272,766,1050,1272,766,222,-284,222,284,FALSE,FALSE
994,28,1112,1337,790,1112,1337,790,1112,1337,790,225,-322,225,322,FALSE,FALSE
994,29,1168,1409,829,1168,1409,829,1168,1409,829,241,-339,241,339,FALSE,FALSE
994,30,1182,1480,858,1182,1480,858,1182,1480,858,298,-324,298,324,FALSE,FALSE
994,31,1235,1536,896,1235,1536,896,1235,1536,896,301,-339,301,339,FALSE,FALSE
994,32,1283,1575,954,1283,1575,954,1283,1575,954,292,-329,292,329,FALSE,FALSE
994,33,1313,1610,988,1313,1610,988,1313,1610,988,297,-325,297,325,FALSE,FALSE
994,34,1337,1617,1015,1337,1617,1015,1337,1617,1015,280,-322,280,322,FALSE,FALSE
994,35,1362,1615,1057,1362,1615,1057,1362,1615,1057,253,-305,253,305,FALSE,FALSE
994,36,1440,1635,1097,1440,1635,1097,1440,1635,1097,195,-343,195,343,FALSE,FALSE
994,37,1492,1643,1119,1492,1643,1119,1492,1643,1119,151,-373,151,373,FALSE,FALSE
994,38,1493,1618,1166,1493,1618,1166,1493,1618,1166,125,-327,125,327,FALSE,FALSE
994,39,1514,1639,1211,1514,1639,1211,1514,1639,1211,125,-303,125,303,FALSE,FALSE
994,40,1500,1626,1248,1500,1626,1248,1500,1626,1248,126,-252,126,252,FALSE,FALSE
994,41,1490,1594,1308,1490,1594,1308,1490,1594,1308,104,-182,104,182,FALSE,FALSE
994,42,1473,1543,1300,1473,1543,1300,1473,1543,1300,70,-173,70,173,FALSE,FALSE
994,43,1441,1509,1317,1441,1509,1317,1441,1509,1317,68,-124,68,124,FALSE,FALSE
994,44,1416,1433,1343,1416,1433,1343,1416,1433,1343,17,-73,17,73,FALSE,FALSE
994,45,1413,1411,1343,1413,1411,1343,1413,1411,1343,-2,-70,2,70,FALSE,FALSE
994,46,1374,1382,1331,1374,1382,1331,1374,1382,1331,8,-43,8,43,FALSE,FALSE
994,47,1318,1345,1338,1318,1345,1338,1318,1345,1338,27,20,27,20,FALSE,FALSE
994,48,1285,1301,1330,1285,1301,1330,1285,1301,1330,16,45,16,45,FALSE,FALSE
994,49,1213,1269,1327,1213,1269,1327,1213,1269,1327,56,114,56,114,FALSE,FALSE
994,50,1164,1205,1312,1164,1205,1312,1164,1205,1312,41,148,41,148,FALSE,FALSE
994,51,1141,1143,1314,1141,1143,1314,1141,1143,1314,2,173,2,173,FALSE,FALSE
994,52,1120,1079,1276,1120,1079,1276,1120,1079,1276,-41,156,41,156,FALSE,FALSE
994,53,1067,1042,1255,1067,1042,1255,1067,1042,1255,-25,188,25,188,FALSE,FALSE
994,54,1037,985,1219,1037,985,1219,1037,985,1219,-52,182,52,182,FALSE,FALSE
994,55,972,938,1206,972,938,1206,972,938,1206,-34,234,34,234,FALSE,FALSE
994,56,916,896,1159,916,896,1159,916,896,1159,-20,243,20,243,FALSE,FALSE
994,57,862,857,1119,862,857,1119,862,857,1119,-5,257,5,257,FALSE,FALSE
994,58,811,806,1079,811,806,1079,811,806,1079,-5,268,5,268,FALSE,FALSE
994,59,764,753,1014,764,753,1014,764,753,1014,-11,250,11,250,FALSE,FALSE
994,60,721,724,990,721,724,990,721,724,990,3,269,3,269,FALSE,FALSE
995,0,113,113,113,113,113,113,113,113,113,0,0,0,0,TRUE,TRUE
995,1,156,143,167,156,143,167,156,143,167,-13,11,13,11,FALSE,FALSE
995,2,219,186,229,219,186,229,219,186,229,-33,10,33,10,FALSE,FALSE
995,3,297,269,321,297,269,321,297,269,321,-28,24,28,24,FALSE,FALSE
995,4,401,374,451,401,374,451,401,374,451,-27,50,27,50,FALSE,FALSE
995,5,526,508,593,526,508,593,526,508,593,-18,67,18,67,FALSE,FALSE
995,6,710,709,749,710,709,749,710,709,749,-1,39,1,39,FALSE,FALSE
995,7,958,923,994,958,923,994,958,923,994,-35,36,35,36,FALSE,FALSE
995,8,1230,1156,1316,1230,1156,1316,1230,1156,1316,-74,86,74,86,FALSE,FALSE
995,9,1557,1433,1612,1557,1433,1612,1557,1433,1612,-124,55,124,55,FALSE,FALSE
995,10,1981,1787,2008,1981,1787,2008,1981,1787,2008,-194,27,194,27,FALSE,FALSE
995,11,2373,2174,2352,2373,2174,2352,2373,2174,2352,-199,-21,199,21,FALSE,FALSE
995,12,2802,2523,2685,2802,2523,2685,2802,2523,2685,-279,-117,279,117,FALSE,FALSE
995,13,3154,2815,2992,3154,2815,2992,3154,2815,2992,-339,-162,339,162,FALSE,FALSE
995,14,3380,3054,3171,3380,3054,3171,3380,3054,3171,-326,-209,326,209,FALSE,FALSE
995,15,3548,3259,3329,3548,3259,3329,3548,3259,3329,-289,-219,289,219,FALSE,FALSE
995,16,3556,3331,3369,3556,3331,3369,3556,3331,3369,-225,-187,225,187,FALSE,FALSE
995,17,3441,3292,3294,3441,3292,3294,3441,3292,3294,-149,-147,149,147,FALSE,FALSE
995,18,3261,3253,3220,3261,3253,3220,3261,3253,3220,-8,-41,8,41,FALSE,FALSE
995,19,3062,3149,3056,3062,3149,3056,3062,3149,3056,87,-6,87,6,FALSE,FALSE
995,20,2804,2996,2862,2804,2996,2862,2804,2996,2862,192,58,192,58,FALSE,FALSE
995,21,2559,2751,2677,2559,2751,2677,2559,2751,2677,192,118,192,118,FALSE,FALSE
995,22,2340,2527,2412,2340,2527,2412,2340,2527,2412,187,72,187,72,FALSE,FALSE
995,23,2088,2318,2188,2088,2318,2188,2088,2318,2188,230,100,230,100,FALSE,FALSE
995,24,1843,2110,1965,1843,2110,1965,1843,2110,1965,267,122,267,122,FALSE,FALSE
995,25,1636,1906,1739,1636,1906,1739,1636,1906,1739,270,103,270,103,FALSE,FALSE
995,26,1482,1703,1538,1482,1703,1538,1482,1703,1538,221,56,221,56,FALSE,FALSE
995,27,1313,1470,1357,1313,1470,1357,1313,1470,1357,157,44,157,44,FALSE,FALSE
995,28,1187,1293,1219,1187,1293,1219,1187,1293,1219,106,32,106,32,FALSE,FALSE
995,29,1041,1194,1104,1041,1194,1104,1041,1194,1104,153,63,153,63,FALSE,FALSE
995,30,912,1042,972,912,1042,972,912,1042,972,130,60,130,60,FALSE,FALSE
995,31,794,921,857,794,921,857,794,921,857,127,63,127,63,FALSE,FALSE
995,32,690,816,770,690,816,770,690,816,770,126,80,126,80,FALSE,FALSE
995,33,626,717,670,626,717,670,626,717,670,91,44,91,44,FALSE,FALSE
995,34,547,626,587,547,626,587,547,626,587,79,40,79,40,FALSE,FALSE
995,35,492,550,512,492,550,512,492,550,512,58,20,58,20,FALSE,FALSE
995,36,428,476,451,428,476,451,428,476,451,48,23,48,23,FALSE,FALSE
995,37,368,413,392,368,413,392,368,413,392,45,24,45,24,FALSE,FALSE
995,38,325,364,345,325,364,345,325,364,345,39,20,39,20,FALSE,FALSE
995,39,279,318,305,279,318,305,279,318,305,39,26,39,26,FALSE,FALSE
995,40,248,286,273,248,286,273,248,286,273,38,25,38,25,FALSE,FALSE
995,41,217,258,239,217,258,239,217,258,239,41,22,41,22,FALSE,FALSE
995,42,199,228,206,199,228,206,199,228,206,29,7,29,7,FALSE,FALSE
995,43,172,191,182,172,191,182,172,191,182,19,10,19,10,FALSE,FALSE
995,44,156,166,160,156,166,160,156,166,160,10,4,10,4,FALSE,FALSE
995,45,141,145,138,141,145,138,141,145,138,4,-3,4,3,FALSE,FALSE
995,46,116,125,115,116,125,115,116,125,115,9,-1,9,1,FALSE,FALSE
995,47,99,109,98,99,109,98,99,109,98,10,-1,10,1,FALSE,FALSE
995,48,94,91,90,94,91,90,94,91,90,-3,-4,3,4,FALSE,FALSE
995,49,86,79,78,86,79,78,86,79,78,-7,-8,7,8,FALSE,FALSE
995,50,70,69,66,70,69,66,70,69,66,-1,-4,1,4,FALSE,FALSE
995,51,60,63,58,60,63,58,60,63,58,3,-2,3,2,FALSE,FALSE
995,52,48,54,45,48,54,45,48,54,45,6,-3,6,3,FALSE,FALSE
995,53,41,48,41,41,48,41,41,48,41,7,0,7,0,FALSE,TRUE
995,54,29,43,34,29,43,34,29,43,34,14,5,14,5,FALSE,FALSE
995,55,25,40,32,25,40,32,25,40,32,15,7,15,7,FALSE,FALSE
995,56,24,37,28,24,37,28,24,37,28,13,4,13,4,FALSE,FALSE
995,57,23,30,26,23,30,26,23,30,26,7,3,7,3,FALSE,FALSE
995,58,21,25,22,21,25,22,21,25,22,4,1,4,1,FALSE,FALSE
995,59,18,23,19,18,23,19,18,23,19,5,1,5,1,FALSE,FALSE
995,60,17,22,15,17,22,15,17,22,15,5,-2,5,2,FALSE,FALSE
996,0,75,75,75,75,75,75,75,75,75,0,0,0,0,TRUE,TRUE
996,1,103,110,91,103,110,91,103,110,91,7,-12,7,12,FALSE,FALSE
996,2,140,154,133,140,154,133,140,154,133,14,-7,14,7,FALSE,FALSE
996,3,201,221,188,201,221,188,201,221,188,20,-13,20,13,FALSE,FALSE
996,4,286,298,282,286,298,282,286,298,282,12,-4,12,4,FALSE,FALSE
996,5,409,411,379,409,411,379,409,411,379,2,-30,2,30,FALSE,FALSE
996,6,576,545,537,576,545,537,576,545,537,-31,-39,31,39,FALSE,FALSE
996,7,749,711,702,749,711,702,749,711,702,-38,-47,38,47,FALSE,FALSE
996,8,947,918,936,947,918,936,947,918,936,-29,-11,29,11,FALSE,FALSE
996,9,1199,1155,1205,1199,1155,1205,1199,1155,1205,-44,6,44,6,FALSE,FALSE
996,10,1486,1419,1519,1486,1419,1519,1486,1419,1519,-67,33,67,33,FALSE,FALSE
996,11,1694,1609,1799,1694,1609,1799,1694,1609,1799,-85,105,85,105,FALSE,FALSE
996,12,1904,1834,2034,1904,1834,2034,1904,1834,2034,-70,130,70,130,FALSE,FALSE
996,13,2093,1985,2160,2093,1985,2160,2093,1985,2160,-108,67,108,67,FALSE,FALSE
996,14,2133,2064,2160,2133,2064,2160,2133,2064,2160,-69,27,69,27,FALSE,FALSE
996,15,2102,2058,2098,2102,2058,2098,2102,2058,2098,-44,-4,44,4,FALSE,FALSE
996,16,2001,1980,2004,2001,1980,2004,2001,1980,2004,-21,3,21,3,FALSE,FALSE
996,17,1846,1908,1854,1846,1908,1854,1846,1908,1854,62,8,62,8,FALSE,FALSE
996,18,1709,1769,1729,1709,1769,1729,1709,1769,1729,60,20,60,20,FALSE,FALSE
996,19,1544,1632,1537,1544,1632,1537,1544,1632,1537,88,-7,88,7,FALSE,FALSE
996,20,1398,1467,1367,1398,1467,1367,1398,1467,1367,69,-31,69,31,FALSE,FALSE
996,21,1267,1320,1227,1267,1320,1227,1267,1320,1227,53,-40,53,40,FALSE,FALSE
996,22,1134,1177,1085,1134,1177,1085,1134,1177,1085,43,-49,43,49,FALSE,FALSE
996,23,998,1068,940,998,1068,940,998,1068,940,70,-58,70,58,FALSE,FALSE
996,24,874,914,820,874,914,820,874,914,820,40,-54,40,54,FALSE,FALSE
996,25,758,773,712,758,773,712,758,773,712,15,-46,15,46,FALSE,FALSE
996,26,650,647,597,650,647,597,650,647,597,-3,-53,3,53,FALSE,FALSE
996,27,561,551,531,561,551,531,561,551,531,-10,-30,10,30,FALSE,FALSE
996,28,498,465,459,498,465,459,498,465,459,-33,-39,33,39,FALSE,FALSE
996,29,420,405,400,420,405,400,420,405,400,-15,-20,15,20,FALSE,FALSE
996,30,356,340,347,356,340,347,356,340,347,-16,-9,16,9,FALSE,FALSE
996,31,317,290,303,317,290,303,317,290,303,-27,-14,27,14,FALSE,FALSE
996,32,292,257,268,292,257,268,292,257,268,-35,-24,35,24,FALSE,FALSE
996,33,244,210,227,244,210,227,244,210,227,-34,-17,34,17,FALSE,FALSE
996,34,202,186,194,202,186,194,202,186,194,-16,-8,16,8,FALSE,FALSE
996,35,174,170,165,174,170,165,174,170,165,-4,-9,4,9,FALSE,FALSE
996,36,149,149,140,149,149,140,149,149,140,0,-9,0,9,TRUE,FALSE
996,37,128,135,126,128,135,126,128,135,126,7,-2,7,2,FALSE,FALSE
996,38,115,112,103,115,112,103,115,112,103,-3,-12,3,12,FALSE,FALSE
996,39,100,94,86,100,94,86,100,94,86,-6,-14,6,14,FALSE,FALSE
996,40,88,75,78,88,75,78,88,75,78,-13,-10,13,10,FALSE,FALSE
996,41,73,63,70,73,63,70,73,63,70,-10,-3,10,3,FALSE,FALSE
996,42,68,53,62,68,53,62,68,53,62,-15,-6,15,6,FALSE,FALSE
996,43,56,50,51,56,50,51,56,50,51,-6,-5,6,5,FALSE,FALSE
996,44,50,42,45,50,42,45,50,42,45,-8,-5,8,5,FALSE,FALSE
996,45,40,33,37,40,33,37,40,33,37,-7,-3,7,3,FALSE,FALSE
996,46,35,29,32,35,29,32,35,29,32,-6,-3,6,3,FALSE,FALSE
996,47,33,26,30,33,26,30,33,26,30,-7,-3,7,3,FALSE,FALSE
996,48,24,21,27,24,21,27,24,21,27,-3,3,3,3,FALSE,FALSE
996,49,20,17,20,20,17,20,20,17,20,-3,0,3,0,FALSE,TRUE
996,50,19,13,16,19,13,16,19,13,16,-6,-3,6,3,FALSE,FALSE
996,51,16,12,13,16,12,13,16,12,13,-4,-3,4,3,FALSE,FALSE
996,52,13,9,8,13,9,8,13,9,8,-4,-5,4,5,FALSE,FALSE
996,53,10,7,8,10,7,8,10,7,8,-3,-2,3,2,FALSE,FALSE
996,54,9,6,8,9,6,8,9,6,8,-3,-1,3,1,FALSE,FALSE
996,55,10,5,5,10,5,5,10,5,5,-5,-5,5,5,FALSE,FALSE
996,56,5,5,4,5,5,4,5,5,4,0,-1,0,1,TRUE,FALSE
996,57,5,5,3,5,5,3,5,5,3,0,-2,0,2,TRUE,FALSE
996,58,4,5,3,4,5,3,4,5,3,1,-1,1,1,FALSE,FALSE
996,59,3,4,3,3,4,3,3,4,3,1,0,1,0,FALSE,TRUE
996,60,2,3,2,2,3,2,2,3,2,1,0,1,0,FALSE,TRUE
997,0,45,45,45,45,45,45,45,45,45,0,0,0,0,TRUE,TRUE
997,1,50,49,49,50,49,49,50,49,49,-1,-1,1,1,FALSE,FALSE
997,2,56,54,55,56,54,55,56,54,55,-2,-1,2,1,FALSE,FALSE
997,3,67,57,57,67,57,57,67,57,57,-10,-10,10,10,FALSE,FALSE
997,4,72,58,64,72,58,64,72,58,64,-14,-8,14,8,FALSE,FALSE
997,5,71,72,72,71,72,72,71,72,72,1,1,1,1,FALSE,FALSE
997,6,71,78,82,71,78,82,71,78,82,7,11,7,11,FALSE,FALSE
997,7,68,82,93,68,82,93,68,82,93,14,25,14,25,FALSE,FALSE
997,8,75,90,102,75,90,102,75,90,102,15,27,15,27,FALSE,FALSE
997,9,79,85,113,79,85,113,79,85,113,6,34,6,34,FALSE,FALSE
997,10,89,97,120,89,97,120,89,97,120,8,31,8,31,FALSE,FALSE
997,11,93,107,127,93,107,127,93,107,127,14,34,14,34,FALSE,FALSE
997,12,94,115,127,94,115,127,94,115,127,21,33,21,33,FALSE,FALSE
997,13,98,134,133,98,134,133,98,134,133,36,35,36,35,FALSE,FALSE
997,14,103,141,139,103,141,139,103,141,139,38,36,38,36,FALSE,FALSE
997,15,107,154,147,107,154,147,107,154,147,47,40,47,40,FALSE,FALSE
997,16,119,167,158,119,167,158,119,167,158,48,39,48,39,FALSE,FALSE
997,17,137,182,175,137,182,175,137,182,175,45,38,45,38,FALSE,FALSE
997,18,144,205,184,144,205,184,144,205,184,61,40,61,40,FALSE,FALSE
997,19,157,230,205,157,230,205,157,230,205,73,48,73,48,FALSE,FALSE
997,20,174,244,215,174,244,215,174,244,215,70,41,70,41,FALSE,FALSE
997,21,180,270,238,180,270,238,180,270,238,90,58,90,58,FALSE,FALSE
997,22,202,290,273,202,290,273,202,290,273,88,71,88,71,FALSE,FALSE
997,23,209,323,289,209,323,289,209,323,289,114,80,114,80,FALSE,FALSE
997,24,224,343,303,224,343,303,224,343,303,119,79,119,79,FALSE,FALSE
997,25,252,377,335,252,377,335,252,377,335,125,83,125,83,FALSE,FALSE
997,26,283,400,363,283,400,363,283,400,363,117,80,117,80,FALSE,FALSE
997,27,307,439,388,307,439,388,307,439,388,132,81,132,81,FALSE,FALSE
997,28,329,467,431,329,467,431,329,467,431,138,102,138,102,FALSE,FALSE
997,29,349,513,437,349,513,437,349,513,437,164,88,164,88,FALSE,FALSE
997,30,379,535,457,379,535,457,379,535,457,156,78,156,78,FALSE,FALSE
997,31,415,591,480,415,591,480,415,591,480,176,65,176,65,FALSE,FALSE
997,32,439,636,490,439,636,490,439,636,490,197,51,197,51,FALSE,FALSE
997,33,470,661,516,470,661,516,470,661,516,191,46,191,46,FALSE,FALSE
997,34,512,706,543,512,706,543,512,706,543,194,31,194,31,FALSE,FALSE
997,35,534,746,567,534,746,567,534,746,567,212,33,212,33,FALSE,FALSE
997,36,549,815,583,549,815,583,549,815,583,266,34,266,34,FALSE,FALSE
997,37,576,863,601,576,863,601,576,863,601,287,25,287,25,FALSE,FALSE
997,38,612,894,626,612,894,626,612,894,626,282,14,282,14,FALSE,FALSE
997,39,627,926,658,627,926,658,627,926,658,299,31,299,31,FALSE,FALSE
997,40,659,953,679,659,953,679,659,953,679,294,20,294,20,FALSE,FALSE
997,41,684,975,700,684,975,700,684,975,700,291,16,291,16,FALSE,FALSE
997,42,688,999,723,688,999,723,688,999,723,311,35,311,35,FALSE,FALSE
997,43,701,1019,726,701,1019,726,701,1019,726,318,25,318,25,FALSE,FALSE
997,44,719,1033,740,719,1033,740,719,1033,740,314,21,314,21,FALSE,FALSE
997,45,737,1063,770,737,1063,770,737,1063,770,326,33,326,33,FALSE,FALSE
997,46,763,1072,787,763,1072,787,763,1072,787,309,24,309,24,FALSE,FALSE
997,47,779,1044,792,779,1044,792,779,1044,792,265,13,265,13,FALSE,FALSE
997,48,796,1030,797,796,1030,797,796,1030,797,234,1,234,1,FALSE,FALSE
997,49,805,1038,801,805,1038,801,805,1038,801,233,-4,233,4,FALSE,FALSE
997,50,802,999,822,802,999,822,802,999,822,197,20,197,20,FALSE,FALSE
997,51,797,984,837,797,984,837,797,984,837,187,40,187,40,FALSE,FALSE
997,52,813,967,823,813,967,823,813,967,823,154,10,154,10,FALSE,FALSE
997,53,807,964,812,807,964,812,807,964,812,157,5,157,5,FALSE,FALSE
997,54,795,926,820,795,926,820,795,926,820,131,25,131,25,FALSE,FALSE
997,55,793,914,812,793,914,812,793,914,812,121,19,121,19,FALSE,FALSE
997,56,771,898,802,771,898,802,771,898,802,127,31,127,31,FALSE,FALSE
997,57,753,885,808,753,885,808,753,885,808,132,55,132,55,FALSE,FALSE
997,58,750,845,797,750,845,797,750,845,797,95,47,95,47,FALSE,FALSE
997,59,748,813,792,748,813,792,748,813,792,65,44,65,44,FALSE,FALSE
997,60,728,773,768,728,773,768,728,773,768,45,40,45,40,FALSE,FALSE
998,0,78,78,78,78,78,78,78,78,78,0,0,0,0,TRUE,TRUE
998,1,85,80,83,85,80,83,85,80,83,-5,-2,5,2,FALSE,FALSE
998,2,85,85,95,85,85,95,85,85,95,0,10,0,10,TRUE,FALSE
998,3,110,84,108,110,84,108,110,84,108,-26,-2,26,2,FALSE,FALSE
998,4,110,87,132,110,87,132,110,87,132,-23,22,23,22,FALSE,FALSE
998,5,127,100,145,127,100,145,127,100,145,-27,18,27,18,FALSE,FALSE
998,6,136,106,152,136,106,152,136,106,152,-30,16,30,16,FALSE,FALSE
998,7,155,125,164,155,125,164,155,125,164,-30,9,30,9,FALSE,FALSE
998,8,162,127,179,162,127,179,162,127,179,-35,17,35,17,FALSE,FALSE
998,9,170,160,204,170,160,204,170,160,204,-10,34,10,34,FALSE,FALSE
998,10,194,172,233,194,172,233,194,172,233,-22,39,22,39,FALSE,FALSE
998,11,213,197,238,213,197,238,213,197,238,-16,25,16,25,FALSE,FALSE
998,12,224,208,266,224,208,266,224,208,266,-16,42,16,42,FALSE,FALSE
998,13,229,214,294,229,214,294,229,214,294,-15,65,15,65,FALSE,FALSE
998,14,242,231,324,242,231,324,242,231,324,-11,82,11,82,FALSE,FALSE
998,15,263,232,350,263,232,350,263,232,350,-31,87,31,87,FALSE,FALSE
998,16,283,239,382,283,239,382,283,239,382,-44,99,44,99,FALSE,FALSE
998,17,325,247,384,325,247,384,325,247,384,-78,59,78,59,FALSE,FALSE
998,18,348,269,412,348,269,412,348,269,412,-79,64,79,64,FALSE,FALSE
998,19,380,292,421,380,292,421,380,292,421,-88,41,88,41,FALSE,FALSE
998,20,388,319,435,388,319,435,388,319,435,-69,47,69,47,FALSE,FALSE
998,21,400,351,434,400,351,434,400,351,434,-49,34,49,34,FALSE,FALSE
998,22,423,382,447,423,382,447,423,382,447,-41,24,41,24,FALSE,FALSE
998,23,452,398,456,452,398,456,452,398,456,-54,4,54,4,FALSE,FALSE
998,24,470,394,478,470,394,478,470,394,478,-76,8,76,8,FALSE,FALSE
998,25,481,415,494,481,415,494,481,415,494,-66,13,66,13,FALSE,FALSE
998,26,492,431,522,492,431,522,492,431,522,-61,30,61,30,FALSE,FALSE
998,27,485,446,530,485,446,530,485,446,530,-39,45,39,45,FALSE,FALSE
998,28,466,461,514,466,461,514,466,461,514,-5,48,5,48,FALSE,FALSE
998,29,483,455,543,483,455,543,483,455,543,-28,60,28,60,FALSE,FALSE
998,30,478,461,528,478,461,528,478,461,528,-17,50,17,50,FALSE,FALSE
998,31,464,471,528,464,471,528,464,471,528,7,64,7,64,FALSE,FALSE
998,32,432,476,509,432,476,509,432,476,509,44,77,44,77,FALSE,FALSE
998,33,440,480,511,440,480,511,440,480,511,40,71,40,71,FALSE,FALSE
998,34,404,463,490,404,463,490,404,463,490,59,86,59,86,FALSE,FALSE
998,35,394,443,467,394,443,467,394,443,467,49,73,49,73,FALSE,FALSE
998,36,375,439,461,375,439,461,375,439,461,64,86,64,86,FALSE,FALSE
998,37,379,438,445,379,438,445,379,438,445,59,66,59,66,FALSE,FALSE
998,38,381,428,434,381,428,434,381,428,434,47,53,47,53,FALSE,FALSE
998,39,366,441,413,366,441,413,366,441,413,75,47,75,47,FALSE,FALSE
998,40,370,420,403,370,420,403,370,420,403,50,33,50,33,FALSE,FALSE
998,41,351,389,395,351,389,395,351,389,395,38,44,38,44,FALSE,FALSE
998,42,330,388,358,330,388,358,330,388,358,58,28,58,28,FALSE,FALSE
998,43,309,368,345,309,368,345,309,368,345,59,36,59,36,FALSE,FALSE
998,44,292,340,315,292,340,315,292,340,315,48,23,48,23,FALSE,FALSE
998,45,271,315,296,271,315,296,271,315,296,44,25,44,25,FALSE,FALSE
998,46,239,287,300,239,287,300,239,287,300,48,61,48,61,FALSE,FALSE
998,47,223,284,273,223,284,273,223,284,273,61,50,61,50,FALSE,FALSE
998,48,232,269,245,232,269,245,232,269,245,37,13,37,13,FALSE,FALSE
998,49,212,247,217,212,247,217,212,247,217,35,5,35,5,FALSE,FALSE
998,50,202,234,202,202,234,202,202,234,202,32,0,32,0,FALSE,TRUE
998,51,210,228,187,210,228,187,210,228,187,18,-23,18,23,FALSE,FALSE
998,52,205,219,183,205,219,183,205,219,183,14,-22,14,22,FALSE,FALSE
998,53,196,215,167,196,215,167,196,215,167,19,-29,19,29,FALSE,FALSE
998,54,178,212,148,178,212,148,178,212,148,34,-30,34,30,FALSE,FALSE
998,55,174,201,132,174,201,132,174,201,132,27,-42,27,42,FALSE,FALSE
998,56,163,190,119,163,190,119,163,190,119,27,-44,27,44,FALSE,FALSE
998,57,150,186,107,150,186,107,150,186,107,36,-43,36,43,FALSE,FALSE
998,58,145,170,111,145,170,111,145,170,111,25,-34,25,34,FALSE,FALSE
998,59,136,157,104,136,157,104,136,157,104,21,-32,21,32,FALSE,FALSE
998,60,119,147,93,119,147,93,119,147,93,28,-26,28,26,FALSE,FALSE
999,0,62,62,62,62,62,62,62,62,62,0,0,0,0,TRUE,TRUE
999,1,65,62,75,65,62,75,65,62,75,-3,10,3,10,FALSE,FALSE
999,2,69,69,90,69,69,90,69,69,90,0,21,0,21,TRUE,FALSE
999,3,73,73,101,73,73,101,73,73,101,0,28,0,28,TRUE,FALSE
999,4,72,80,109,72,80,109,72,80,109,8,37,8,37,FALSE,FALSE
999,5,80,91,122,80,91,122,80,91,122,11,42,11,42,FALSE,FALSE
999,6,86,94,142,86,94,142,86,94,142,8,56,8,56,FALSE,FALSE
999,7,98,107,166,98,107,166,98,107,166,9,68,9,68,FALSE,FALSE
999,8,106,110,175,106,110,175,106,110,175,4,69,4,69,FALSE,FALSE
999,9,110,122,192,110,122,192,110,122,192,12,82,12,82,FALSE,FALSE
999,10,118,130,216,118,130,216,118,130,216,12,98,12,98,FALSE,FALSE
999,11,129,146,252,129,146,252,129,146,252,17,123,17,123,FALSE,FALSE
999,12,140,155,274,140,155,274,140,155,274,15,134,15,134,FALSE,FALSE
999,13,152,167,308,152,167,308,152,167,308,15,156,15,156,FALSE,FALSE
999,14,170,181,336,170,181,336,170,181,336,11,166,11,166,FALSE,FALSE
999,15,187,199,370,187,199,370,187,199,370,12,183,12,183,FALSE,FALSE
999,16,207,223,400,207,223,400,207,223,400,16,193,16,193,FALSE,FALSE
999,17,233,235,430,233,235,430,233,235,430,2,197,2,197,FALSE,FALSE
999,18,254,272,480,254,272,480,254,272,480,18,226,18,226,FALSE,FALSE
999,19,293,303,514,293,303,514,293,303,514,10,221,10,221,FALSE,FALSE
999,20,325,334,563,325,334,563,325,334,563,9,238,9,238,FALSE,FALSE
999,21,358,367,597,358,367,597,358,367,597,9,239,9,239,FALSE,FALSE
999,22,390,410,643,390,410,643,390,410,643,20,253,20,253,FALSE,FALSE
999,23,433,449,682,433,449,682,433,449,682,16,249,16,249,FALSE,FALSE
999,24,457,499,713,457,499,713,457,499,713,42,256,42,256,FALSE,FALSE
999,25,484,533,733,484,533,733,484,533,733,49,249,49,249,FALSE,FALSE
999,26,544,571,784,544,571,784,544,571,784,27,240,27,240,FALSE,FALSE
999,27,585,611,844,585,611,844,585,611,844,26,259,26,259,FALSE,FALSE
999,28,631,653,871,631,653,871,631,653,871,22,240,22,240,FALSE,FALSE
999,29,670,693,915,670,693,915,670,693,915,23,245,23,245,FALSE,FALSE
999,30,741,733,957,741,733,957,741,733,957,-8,216,8,216,FALSE,FALSE
999,31,801,766,988,801,766,988,801,766,988,-35,187,35,187,FALSE,FALSE
999,32,847,786,1004,847,786,1004,847,786,1004,-61,157,61,157,FALSE,FALSE
999,33,884,838,1040,884,838,1040,884,838,1040,-46,156,46,156,FALSE,FALSE
999,34,942,886,1092,942,886,1092,942,886,1092,-56,150,56,150,FALSE,FALSE
999,35,988,935,1125,988,935,1125,988,935,1125,-53,137,53,137,FALSE,FALSE
999,36,1033,975,1120,1033,975,1120,1033,975,1120,-58,87,58,87,FALSE,FALSE
999,37,1055,1003,1136,1055,1003,1136,1055,1003,1136,-52,81,52,81,FALSE,FALSE
999,38,1096,1042,1147,1096,1042,1147,1096,1042,1147,-54,51,54,51,FALSE,FALSE
999,39,1118,1057,1149,1118,1057,1149,1118,1057,1149,-61,31,61,31,FALSE,FALSE
999,40,1150,1070,1177,1150,1070,1177,1150,1070,1177,-80,27,80,27,FALSE,FALSE
999,41,1158,1112,1179,1158,1112,1179,1158,1112,1179,-46,21,46,21,FALSE,FALSE
999,42,1182,1117,1190,1182,1117,1190,1182,1117,1190,-65,8,65,8,FALSE,FALSE
999,43,1208,1132,1179,1208,1132,1179,1208,1132,1179,-76,-29,76,29,FALSE,FALSE
999,44,1221,1158,1159,1221,1158,1159,1221,1158,1159,-63,-62,63,62,FALSE,FALSE
999,45,1216,1179,1140,1216,1179,1140,1216,1179,1140,-37,-76,37,76,FALSE,FALSE
999,46,1208,1205,1136,1208,1205,1136,1208,1205,1136,-3,-72,3,72,FALSE,FALSE
999,47,1219,1240,1114,1219,1240,1114,1219,1240,1114,21,-105,21,105,FALSE,FALSE
999,48,1208,1235,1103,1208,1235,1103,1208,1235,1103,27,-105,27,105,FALSE,FALSE
999,49,1187,1231,1088,1187,1231,1088,1187,1231,1088,44,-99,44,99,FALSE,FALSE
999,50,1167,1218,1040,1167,1218,1040,1167,1218,1040,51,-127,51,127,FALSE,FALSE
999,51,1150,1224,1026,1150,1224,1026,1150,1224,1026,74,-124,74,124,FALSE,FALSE
999,52,1139,1206,993,1139,1206,993,1139,1206,993,67,-146,67,146,FALSE,FALSE
999,53,1119,1192,959,1119,1192,959,1119,1192,959,73,-160,73,160,FALSE,FALSE
999,54,1092,1159,932,1092,1159,932,1092,1159,932,67,-160,67,160,FALSE,FALSE
999,55,1056,1140,900,1056,1140,900,1056,1140,900,84,-156,84,156,FALSE,FALSE
999,56,1034,1107,869,1034,1107,869,1034,1107,869,73,-165,73,165,FALSE,FALSE
999,57,1006,1079,837,1006,1079,837,1006,1079,837,73,-169,73,169,FALSE,FALSE
999,58,957,1058,806,957,1058,806,957,1058,806,101,-151,101,151,FALSE,FALSE
999,59,940,1038,786,940,1038,786,940,1038,786,98,-154,98,154,FALSE,FALSE
999,60,891,1028,767,891,1028,767,891,1028,767,137,-124,137,124,FALSE,FALSE
1000,0,180,180,180,180,180,180,180,180,180,0,0,0,0,TRUE,TRUE
1000,1,197,195,193,197,195,193,197,195,193,-2,-4,2,4,FALSE,FALSE
1000,2,231,194,226,231,194,226,231,194,226,-37,-5,37,5,FALSE,FALSE
1000,3,250,217,249,250,217,249,250,217,249,-33,-1,33,1,FALSE,FALSE
1000,4,280,235,254,280,235,254,280,235,254,-45,-26,45,26,FALSE,FALSE
1000,5,317,266,285,317,266,285,317,266,285,-51,-32,51,32,FALSE,FALSE
1000,6,345,289,318,345,289,318,345,289,318,-56,-27,56,27,FALSE,FALSE
1000,7,382,315,318,382,315,318,382,315,318,-67,-64,67,64,FALSE,FALSE
1000,8,396,341,329,396,341,329,396,341,329,-55,-67,55,67,FALSE,FALSE
1000,9,414,380,359,414,380,359,414,380,359,-34,-55,34,55,FALSE,FALSE
1000,10,431,401,387,431,401,387,431,401,387,-30,-44,30,44,FALSE,FALSE
1000,11,443,448,436,443,448,436,443,448,436,5,-7,5,7,FALSE,FALSE
1000,12,517,477,477,517,477,477,517,477,477,-40,-40,40,40,FALSE,FALSE
1000,13,549,525,508,549,525,508,549,525,508,-24,-41,24,41,FALSE,FALSE
1000,14,566,563,569,566,563,569,566,563,569,-3,3,3,3,FALSE,FALSE
1000,15,608,605,605,608,605,605,608,605,605,-3,-3,3,3,FALSE,FALSE
1000,16,642,625,656,642,625,656,642,625,656,-17,14,17,14,FALSE,FALSE
1000,17,684,657,713,684,657,713,684,657,713,-27,29,27,29,FALSE,FALSE
1000,18,725,687,750,725,687,750,725,687,750,-38,25,38,25,FALSE,FALSE
1000,19,772,706,803,772,706,803,772,706,803,-66,31,66,31,FALSE,FALSE
1000,20,800,739,822,800,739,822,800,739,822,-61,22,61,22,FALSE,FALSE
1000,21,813,757,814,813,757,814,813,757,814,-56,1,56,1,FALSE,FALSE
1000,22,825,781,820,825,781,820,825,781,820,-44,-5,44,5,FALSE,FALSE
1000,23,836,797,804,836,797,804,836,797,804,-39,-32,39,32,FALSE,FALSE
1000,24,856,791,802,856,791,802,856,791,802,-65,-54,65,54,FALSE,FALSE
1000,25,866,791,824,866,791,824,866,791,824,-75,-42,75,42,FALSE,FALSE
1000,26,898,775,812,898,775,812,898,775,812,-123,-86,123,86,FALSE,FALSE
1000,27,890,769,794,890,769,794,890,769,794,-121,-96,121,96,FALSE,FALSE
1000,28,867,764,784,867,764,784,867,764,784,-103,-83,103,83,FALSE,FALSE
1000,29,833,778,762,833,778,762,833,778,762,-55,-71,55,71,FALSE,FALSE
1000,30,809,783,751,809,783,751,809,783,751,-26,-58,26,58,FALSE,FALSE
1000,31,796,751,739,796,751,739,796,751,739,-45,-57,45,57,FALSE,FALSE
1000,32,771,756,721,771,756,721,771,756,721,-15,-50,15,50,FALSE,FALSE
1000,33,759,740,684,759,740,684,759,740,684,-19,-75,19,75,FALSE,FALSE
1000,34,715,736,699,715,736,699,715,736,699,21,-16,21,16,FALSE,FALSE
1000,35,670,704,663,670,704,663,670,704,663,34,-7,34,7,FALSE,FALSE
1000,36,645,670,607,645,670,607,645,670,607,25,-38,25,38,FALSE,FALSE
1000,37,642,640,549,642,640,549,642,640,549,-2,-93,2,93,FALSE,FALSE
1000,38,582,621,491,582,621,491,582,621,491,39,-91,39,91,FALSE,FALSE
1000,39,557,579,454,557,579,454,557,579,454,22,-103,22,103,FALSE,FALSE
1000,40,528,561,449,528,561,449,528,561,449,33,-79,33,79,FALSE,FALSE
1000,41,485,552,427,485,552,427,485,552,427,67,-58,67,58,FALSE,FALSE
1000,42,450,533,404,450,533,404,450,533,404,83,-46,83,46,FALSE,FALSE
1000,43,406,499,380,406,499,380,406,499,380,93,-26,93,26,FALSE,FALSE
1000,44,383,445,361,383,445,361,383,445,361,62,-22,62,22,FALSE,FALSE
1000,45,358,445,328,358,445,328,358,445,328,87,-30,87,30,FALSE,FALSE
1000,46,335,402,299,335,402,299,335,402,299,67,-36,67,36,FALSE,FALSE
1000,47,309,369,272,309,369,272,309,369,272,60,-37,60,37,FALSE,FALSE
1000,48,288,330,257,288,330,257,288,330,257,42,-31,42,31,FALSE,FALSE
1000,49,267,308,235,267,308,235,267,308,235,41,-32,41,32,FALSE,FALSE
1000,50,252,290,213,252,290,213,252,290,213,38,-39,38,39,FALSE,FALSE
1000,51,228,263,201,228,263,201,228,263,201,35,-27,35,27,FALSE,FALSE
1000,52,207,240,182,207,240,182,207,240,182,33,-25,33,25,FALSE,FALSE
1000,53,185,211,174,185,211,174,185,211,174,26,-11,26,11,FALSE,FALSE
1000,54,169,197,162,169,197,162,169,197,162,28,-7,28,7,FALSE,FALSE
1000,55,150,165,151,150,165,151,150,165,151,15,1,15,1,FALSE,FALSE
1000,56,136,155,138,136,155,138,136,155,138,19,2,19,2,FALSE,FALSE
1000,57,126,152,122,126,152,122,126,152,122,26,-4,26,4,FALSE,FALSE
1000,58,118,133,118,118,133,118,118,133,118,15,0,15,0,FALSE,TRUE
1000,59,109,129,107,109,129,107,109,129,107,20,-2,20,2,FALSE,FALSE
1000,60,98,114,92,98,114,92,98,114,92,16,-6,16,6,FALSE,FALSE
